"","Stromal","Macrophages 1","Perivascular-Like","Myoepi ACTA2+","CD4+ T Cells","DCIS 1","Prolif Invasive Tumor","Invasive Tumor","CD8+ T Cells","Endothelial","Macrophages 2","DCIS 2","B Cells","Stromal & T Cell Hybrid","T Cell & Tumor Hybrid","IRF7+ DCs","Mast Cells","LAMP3+ DCs","Myoepi KRT15+","sid"
"GTCACTTCCTTCTAGA-1",0.121150895070377,0.0677445062316301,0.0845332208030275,0.0657612354466579,0.0126760600235925,0.0242277012183912,0.2011729485101,0.110001012457096,0.0204443049343928,0.0526160401799122,0.00809055879321172,0.0380729931335734,0.0416248792112599,0.0587809288384833,0.0464392841361146,0.0129505102268494,0.00591019765016823,0.0062281285571184,0.0215745945780438,"VisiumS1"
"CACGGTCTCCTTACGA-1",0.099982392682061,0.101369271974844,0.124036949743888,0.0595311772730314,0.0119494979061954,0.0236990050266233,0.128082125998562,0.174232293887382,0.0100063389780264,0.038471101674402,0.00674770617261352,0.053782717549437,0.0291978783995704,0.0603320279426318,0.0312214685738155,0.0137793512243993,0.00892186314057189,0.00641045908483268,0.0182463727671124,"VisiumS1"
"ATAGCTGCGGATAAGA-1",0.123478211298846,0.028022496798079,0.103288719318167,0.0723620987816651,0.00883714575070486,0.0134113062536619,0.129216634756834,0.148233098944612,0.00913560306004788,0.0393697589100441,0.00682908035916683,0.0637903759738263,0.0327451659274954,0.0961306955156986,0.067246545423942,0.0208259060163039,0.00609449941197882,0.0103390888466354,0.0206435686522915,"VisiumS1"
"GTCAGTATGTCCGGCG-1",0.22413789517302,0.08757686383413,0.0879473934843908,0.0437006059078884,0.00960665041290239,0.0106549754391072,0.0776770969697423,0.081978954395072,0.0142359154074777,0.107339721428939,0.0136444934004893,0.0423925661680171,0.021878625914129,0.101180932295411,0.033020972552089,0.0136984359342781,0.00783728533667753,0.0131941950590743,0.00829642088716498,"VisiumS1"
"ATGTACCAGTTACTCG-1",0.143386136751268,0.0770110127028065,0.0785151947585733,0.0242034635100882,0.0128806116121131,0.0104366607099996,0.046447438981325,0.0214261066768508,0.0280632653456545,0.263049721030519,0.0123369926482802,0.0149290745686426,0.0232345361421599,0.160239210698424,0.0333244456607684,0.0195478064965353,0.0049964221476949,0.0125357708423307,0.0134361287159663,"VisiumS1"
"ACGCTCAGTGCACCGT-1",0.142995555895601,0.0876761737604789,0.0695295120155814,0.0309405451670459,0.0442824475683981,0.0134289577994206,0.081200068249124,0.0885148130243074,0.0596551371036196,0.0725606862806068,0.0237640714285206,0.0337314611179483,0.0390498217408655,0.0961102701783352,0.045147096612043,0.0292016400061618,0.0120176422101752,0.0137274866009648,0.0164666132408017,"VisiumS1"
"TCACTAACGTATAGTT-1",0.178903213786381,0.132857249103841,0.0641712049373931,0.0337927499291592,0.0218965002109546,0.0174730168073703,0.0722611606731259,0.0499661883591444,0.0246217599527496,0.112425397767229,0.0725288249749476,0.0313319673353604,0.0385368687407681,0.0619360291004567,0.0234549790928844,0.0250209340407757,0.013320203068491,0.0120832032938142,0.0134185488251533,"VisiumS1"
"CGGTTAGGCCTGGACG-1",0.183874138928808,0.0672384576609021,0.0341468054216107,0.0145784030142987,0.00967175866866696,0.00553346952070666,0.0197706076949123,0.0106013645153656,0.0312193326748172,0.146949739410742,0.206161402851928,0.0069567919150463,0.0349611715596602,0.156152217264441,0.00604161309279585,0.0162062133745688,0.0312476324576516,0.0061988487779473,0.0124900311951304,"VisiumS1"
"GATATCACCAGCATGG-1",0.2762393743309,0.0235161342507164,0.0198356691139367,0.00888834659488768,0.030870103688271,0.00184446104919774,0.00240095236126365,0.00210369578063649,0.0567881993614894,0.173242500979273,0.163536165159285,0.00226704990280045,0.0153414167808031,0.180488567479713,0.00449101998905826,0.0140334745550817,0.0115107498732604,0.00702978053595417,0.00557233821347226,"VisiumS1"
"TCGCCTTGTTCTGATT-1",0.340744221879088,0.0291710161565511,0.0300350002111569,0.0424862922063332,0.0101090316844804,0.00882592090619625,0.0181899613494531,0.010719159368305,0.0155407562314054,0.197749850853197,0.0583025724976051,0.00727284861506688,0.0122028825088981,0.175401481164794,0.0109841771658426,0.013391032745954,0.00565886333724288,0.00664060188646176,0.00657432923196765,"VisiumS1"
"CATACCTACCGAAGGA-1",0.350990949690007,0.0244318104040661,0.0411630938659814,0.0933960803605172,0.00510977431328066,0.00755997339841204,0.0171834243427337,0.0160902871471481,0.0073694639486921,0.268400541856201,0.00698328703284822,0.0138635526436549,0.00989260831047349,0.089390401593788,0.0227269982757978,0.00663059872663808,0.00367726492946155,0.00238029352814631,0.0127595956321531,"VisiumS1"
"TATCCGGAATGAGCGG-1",0.278827261780014,0.0251975557452999,0.0478758180380802,0.222039666317981,0.00348353011758507,0.0100700587055916,0.0275844821256479,0.0154622743550904,0.0124000202796712,0.124460024120005,0.00391152753737281,0.0661067361539846,0.0119853035162784,0.0864115758992003,0.0193136875553967,0.0100945173463198,0.00501178995722679,0.00511738633992016,0.0246467841093335,"VisiumS1"
"CTCCAAGTGAGCCAAT-1",0.0973641112225586,0.0227265111002706,0.053043465008337,0.376674665022855,0.00309193859973593,0.0134891392318574,0.0431155172741907,0.0303719213991898,0.00862571532211964,0.0871415291949667,0.0027603466607459,0.122107969492767,0.0192526407931749,0.0391783913710809,0.034375238805953,0.00932063410536,0.00371448243901882,0.00302776301583802,0.0306180199399805,"VisiumS1"
"ACTGAGCAAGAACACG-1",0.124784251662683,0.0263773352442926,0.0652351309275998,0.288538066946088,0.00494781433147053,0.0165170459520743,0.0396454089809286,0.026917322790579,0.0152984892995529,0.0930955138276674,0.00965343257560993,0.164135363407692,0.0165929552947158,0.0460899382632907,0.0248503747828767,0.00904222223462251,0.00540018361204998,0.00457485947151055,0.0183042903946957,"VisiumS1"
"TGCATAAGTTCCTGAA-1",0.140220056721102,0.0787856914861766,0.0734479958854004,0.224516759156571,0.00612342024043284,0.0223826927288658,0.0226437525143775,0.0259540105949631,0.0230338923642678,0.0803257780031008,0.0180354397896346,0.0977038862850761,0.0233938399227996,0.0939501440120874,0.0206106317645359,0.020247073284746,0.00691235923618235,0.00608363930266827,0.0156289367070114,"VisiumS1"
"GGCATCGAACCTCATA-1",0.168435633539417,0.080930365543309,0.028713563986138,0.100211015982507,0.0172621899531705,0.0052973569845651,0.00807510591472033,0.00857127982617827,0.0403329671811418,0.0877383109566243,0.121315228948561,0.0605975388843798,0.0297325422907734,0.165078655217761,0.0121613927634262,0.0179351227289783,0.0144825123700415,0.0157495770277633,0.0173796399005447,"VisiumS1"
"AAGCGAGCCGTCCGCT-1",0.132265247640877,0.0452261039484895,0.0303624200643581,0.0341730273302667,0.0547250485101831,0.00900999715920585,0.00996788844398424,0.00500181884729715,0.0911769809551241,0.135027249500843,0.0820928940114048,0.0147414294065553,0.0269850531655262,0.242251171631588,0.0115329073201446,0.0269901615058756,0.0113604605188641,0.0242497090020155,0.0128604310373977,"VisiumS1"
"GCGGTGGACATCAATC-1",0.163410672556322,0.0441097279160069,0.054203363120518,0.050473505998051,0.0297903353592798,0.0151348379665242,0.0645713935342731,0.032081441774361,0.0421809726858106,0.157190252051099,0.0452354131222556,0.0466999576301064,0.0325952459741754,0.120181926717139,0.0285718843817114,0.0208489149234504,0.0145582896926015,0.019337766071481,0.0188240985248332,"VisiumS1"
"CTCCAGTGGTTCTAGG-1",0.0991403894226379,0.0720590109551952,0.0655705559623824,0.0639924700008396,0.0292414248735853,0.0407050625888614,0.0939976951015378,0.0930024553269886,0.0355698073986781,0.0894667486796359,0.0163901736934026,0.0470234781065345,0.0584674201594031,0.0928007538293225,0.0414782787412412,0.0182551600073573,0.00933753119111834,0.011490092145666,0.0220114918156123,"VisiumS1"
"CTATCGATCACGATTA-1",0.173124089872268,0.0837561489125289,0.0370285261895327,0.12848263119406,0.0113694074765984,0.0131898698294751,0.0110930064480927,0.0141542520803638,0.0333142068201738,0.181615817266343,0.00592758224141325,0.053098423814048,0.0141622587047464,0.147647958847103,0.0182354489698098,0.0109120085702325,0.00604294692612266,0.0102977843123201,0.0465476315247674,"VisiumS1"
"ACTACCTTGGTTGACC-1",0.265874827982722,0.0852698646247824,0.052243326507867,0.207944834201351,0.00525252507373017,0.00627113808048658,0.00527688514901889,0.00589836296759625,0.00894545588003247,0.127103890720411,0.00914832371155951,0.0311217165894791,0.00870617284192712,0.114650371046178,0.00943782670882126,0.00886057050696993,0.00657265634056809,0.00469735204496698,0.0367238990215316,"VisiumS1"
"GTACGAAGGCGTCTAT-1",0.155821916084736,0.0878337067094343,0.057951191381152,0.243755260950534,0.00445779710535273,0.00929102862205698,0.00555819660077384,0.0120981620071692,0.00631256001421737,0.0686660897886261,0.00404261333432327,0.107124041264291,0.012586576737975,0.0621029916860796,0.0148913105814232,0.00490624037792572,0.00563066642404445,0.0067415803026412,0.130228070027243,"VisiumS1"
"AAGGTTACTATGACGC-1",0.0617684437717968,0.0534280255890383,0.0341393084386337,0.262900647041436,0.00364961082625844,0.0154847070874451,0.0196911799560097,0.0402568087798397,0.00893510534279267,0.0327924937663081,0.00381032125908734,0.32498363744057,0.0227558325327503,0.0241165145949326,0.0282720673925714,0.00555204279987845,0.0026725113707123,0.00662110936561695,0.0481696326443224,"VisiumS1"
"CGTACATCGATGTCTT-1",0.23148609783851,0.104561734398843,0.033242869179613,0.138310244532292,0.0155340692531965,0.0110780302651946,0.00965493071068555,0.00968353047520334,0.0376453602233535,0.0782515651308625,0.00725404451659208,0.0825196605147368,0.0193527693415301,0.151763087223603,0.0143660973082837,0.019327199013981,0.0084087845858008,0.00817626617415368,0.0193836593135634,"VisiumS1"
"CGGCTTCCTACTGGTT-1",0.121906716426304,0.0858114528583839,0.0216620451054689,0.0216406384667696,0.0639095880772849,0.00725148243693792,0.00617776553651641,0.00762525642226951,0.10461528863722,0.137336202921499,0.111334513777513,0.00670839676653242,0.0523866131672762,0.171596798499999,0.0111912646778526,0.0302369774145117,0.0170364875186919,0.015905508842301,0.00566700244666634,"VisiumS1"
"TCAGTCGAGCGATGAA-1",0.176178800730444,0.0778116394114009,0.0451240463367896,0.0466505964306427,0.0134648676784462,0.0106704856969977,0.0538031619670747,0.0394854785963288,0.0139550689321446,0.22848486042225,0.0789142849957501,0.0335617704004285,0.016834315894396,0.101236897559482,0.0243537494988718,0.0113748265720184,0.00704672521319419,0.00548382293262049,0.0155646007307191,"VisiumS1"
"GTCCGTACGGATGCTC-1",0.399242353220865,0.0178503833217982,0.0911160238497054,0.0390175686245002,0.00172858256484334,0.0324862154352614,0.0622097050303495,0.0267440531964515,0.00931444138702375,0.0763763783454635,0.00251120927169281,0.0347599634518578,0.0201550469127933,0.106732376805608,0.0443447536164819,0.00740096527595789,0.00455674412019273,0.00633416112885171,0.0171190744403016,"VisiumS1"
"CTACGCCGCATGAATG-1",0.0710108460100379,0.0365556447128743,0.0785601137206805,0.0411702837002002,0.00983484075508958,0.0645273668960644,0.148885809208713,0.217226305383729,0.0156526570303505,0.0482103240270149,0.00199093284695176,0.0589044236365103,0.034433558291451,0.0390632182934428,0.0741843921227853,0.017504680574925,0.00490646337450224,0.0094754188844687,0.0279027205302083,"VisiumS1"
"GTACTTCCATCTGGCA-1",0.505946784126858,0.00669576877906032,0.0535023975149878,0.0176843805843443,0.00108891502096956,0.00537084426645358,0.0108620177059747,0.0128647380827343,0.00413505381359018,0.242597579914668,0.00402297387984512,0.00732970124981468,0.00765922233440783,0.102953950630119,0.00419737378239471,0.00444886275420586,0.000865942474717089,0.00130735174856097,0.0064661413362932,"VisiumS1"
"ATGTTACCTCGTCTGT-1",0.592437329725601,0.0221944958632051,0.0548511886329983,0.00793865446203382,0.000460871304654397,0.00246598801717515,0.00291574916436228,0.00543749602716519,0.00101167133407065,0.0664821825540193,0.150008465282344,0.00270136677218777,0.00232094836522853,0.063897707398507,0.00521339866453573,0.00158706225088988,0.0137671186490972,0.00117014312380084,0.00313816240812367,"VisiumS1"
"GGTCTGTATCTTGTCG-1",0.44250508204202,0.00611987568080657,0.0834589384953445,0.00913927230006784,0.00414413344585034,0.01490883253171,0.021169513283942,0.0182839381731287,0.0101087171933863,0.191100645395441,0.000612899988593772,0.0363174805492095,0.00711250597931287,0.104782306480891,0.0154183794603525,0.00692326249757114,0.00628210616354602,0.00520846643633181,0.0164036439024946,"VisiumS1"
"ACGCAAGGCGTCCAAT-1",0.514517690471739,0.0299953886369059,0.0390151391794574,0.0206771698507192,0.00261907507064039,0.00683159128885569,0.0515443417426803,0.072001218157402,0.00429681084391314,0.047506766082849,0.0077137786044351,0.0733448642600279,0.0210259481882699,0.0561410908577396,0.0223785992001394,0.0115992742301225,0.00016646230426536,0.00085376860403876,0.0177710224257993,"VisiumS1"
"TCTGCAGTAGTTATGA-1",0.314441910720067,0.0124501033258521,0.186302346409808,0.00612181580736525,0.0547719731211396,0.000154754711208072,0.0208565442932045,0.0147520759681744,0.0431711823947233,0.00177078474249005,0.0440846034173937,0.00243291342179571,0.0122261733389839,0.184274852962412,0.00996912964606675,0.00860914463319134,1.40650655834377e-05,0.0821361824677532,0.00145944355278804,"VisiumS1"
"CCGTACTGGACGCAGA-1",0.00140654121346419,0.00345697871175871,0.0175541450726784,0.356472177062187,0.00192311933467502,0.00459683870451651,0.000673046773659174,0.000853907274045188,0.00455551927977621,0.209114313842205,0.38406944569851,0.00123730408818343,0.000707014344734559,0.00316555268578658,0.000838687986469788,0.000340377337411473,0.00205320831825711,0.000851912062756769,0.00612991020892399,"VisiumS1"
"GGTGCGTGGAGTTGGT-1",0.298498978434833,0.001004734149128,0.0776675362835505,0.0277074451322185,0.00159371767355257,0.0619286201241652,0.0797790484620887,0.0394574128365272,0.004032357122298,0.28775538850673,6.92551341394917e-06,0.0351585768555173,0.0130049996779621,0.0252856009618069,0.0249944702615424,0.00327018797587994,0.00545648934297331,5.2714824846117e-05,0.0133447958609655,"VisiumS1"
"CTGTGCAACATTGAGG-1",0.181080437547064,0.0051282582282257,0.0143771990828959,0.0140973634275403,0.0232535702152284,0.0255426789061571,0.117628685225311,0.016973347548355,0.0611698622806645,0.0650481773841761,7.97007814053052e-05,0.067184652337012,0.00964351034625936,0.148733155237733,0.0423349794694356,0.00065859495847344,0.000343733277691818,0.205517373191253,0.00120472055511878,"VisiumS1"
"TCCGAGACAATACGCA-1",0.0292859568491671,0.0129348191097159,0.0132553911761916,0.00525211989190297,0.132262409186702,0.00360621589626184,0.00117908250235218,0.000759456703468597,0.134696390651687,0.0171025469469595,0.00732550184568159,0.0102041487106675,0.312776500430019,0.243644937496852,0.00304496111153111,0.0500965848409606,0.000133313979548526,0.0186322225559633,0.00380744011436778,"VisiumS1"
"TAGGTCTATGGATTAT-1",0.14745419892899,0.00318082156391765,0.00109103780372927,0.000898842910719,0.0266131916411751,2.83601306207765e-05,2.03146971317673e-06,1.09631014446686e-05,0.129876850585493,0.000251828981184627,0.150406599764046,3.41687581566558e-05,0.00105759560750287,0.530964811780222,9.533896852328e-05,0.00190511990637818,5.55128625327202e-05,0.00598376117180566,8.89640638447287e-05,"VisiumS1"
"ACGAAGTTCCAGCACC-1",0.0827562837702272,0.0143014829780992,0.00352021036763015,0.0030547879355314,0.0568560784468287,0.0018874704011746,0.000433198205074398,0.0009885965693694,0.0846668494336074,0.0203256545623921,0.227698001699111,0.00279504786956427,0.0132076317801193,0.3225155678956,0.00480066618094883,0.0182487083706805,0.0107655019112638,0.126190871600542,0.0049873900222365,"VisiumS1"
"TCAGGTTGGCCTTGGC-1",0.00941064719717082,0.0292575266318602,0.00343571424056367,0.00193065141168478,0.137860287928643,0.000833302747770983,0.000738523235905865,0.000607753847500627,0.219361192755511,0.0446255696541794,0.116359540225298,0.00138858303223418,0.0243812373322292,0.244779487627176,0.00189747633940249,0.0989874994092549,0.00380107239598874,0.0583383513989079,0.00200558258871771,"VisiumS1"
"GCTGACCACGTCTTGG-1",0.244346386389806,0.0486357271336276,0.0624847639511649,0.17843060177836,0.000630581889016151,0.0112817509306653,0.00747391587878424,0.0147483765677179,0.00260481008622508,0.19994136264492,0.0476116998277136,0.0698046828838131,0.00436481945164167,0.0325934845590728,0.0120845338436881,0.00319191343860546,0.00227701974020326,0.0243134400377202,0.0331801289672543,"VisiumS1"
"GATGGATCGTGGAGGT-1",0.251217827773093,0.0206655922839012,0.0219500949247645,0.0284991109897044,0.0148800181454609,0.00397628229561998,0.000687837035423712,0.00051600281070743,0.0883932411296831,0.0697007070530269,0.17176947417075,0.00727293228516106,0.0127466447586436,0.251855026582485,0.00281901245774184,0.0351660279094116,0.00285123505716348,0.00139665146739767,0.0136362808698601,"VisiumS1"
"ACGAGGCTTAATCACG-1",0.140935777481267,0.157952797310643,0.0271263462135866,0.0228576448226079,0.0311315360683097,0.00597880048064361,0.000492914936099827,0.000511280322583873,0.0546049644450832,0.0494929313037056,0.0517926093416536,0.00791508543932557,0.0011273216868381,0.423675320306479,0.00198184791058205,0.015627109261567,0.00260255728039811,0.00100520615105998,0.00318794923756694,"VisiumS1"
"CTTCCTAGCCGATTGG-1",0.197477560592044,0.0244463420521237,0.0621335394270496,0.238805942587614,0.02394117153776,0.019120183018828,0.0175414738078867,0.0131026243737816,0.0184341465795852,0.0414334743376511,0.0253726748331098,0.129963745588487,0.0155085042434552,0.0571978166021257,0.0208449531478431,0.0113187599482224,0.00266954840253167,0.0102258566795509,0.0704616822403501,"VisiumS1"
"GCTTGGCAGCGGATCA-1",0.0909938615403042,0.161877670630821,0.0120826575091185,0.0279553426846599,0.0614337359276028,0.00296573984821597,0.00364137320254532,0.00136471915558962,0.138909256162374,0.038509334316773,0.0102150233977827,0.0141298745508646,0.0228361539332994,0.31896367054165,0.00613689678212147,0.0208847454777163,0.0130618834378287,0.0383506534834507,0.0156874074172823,"VisiumS1"
"GCAGGCCAACATCGCT-1",0.344345124896921,0.0113037875033638,0.0263963797029543,0.00135761299022155,0.00586838167296575,4.33641302441743e-05,2.87451201930027e-05,9.2460463540306e-06,0.0161174727370272,0.210308096158883,0.029832283546082,6.3675243326079e-05,0.000843802554400146,0.338383040916717,0.000107373257818333,0.00434751493905721,0.000366406401125632,0.0093504512932149,0.000927240889130839,"VisiumS1"
"TCCAATTCCTGTGCGA-1",0.296573125488502,0.00756540593512605,0.0434111239484095,0.0406689927962094,0.0141513245763881,0.00140876775715349,0.000904019696557338,0.00108996522658659,0.0276474041243391,0.293277094678836,0.0220890456145264,0.00630367530546075,0.00719453501463178,0.194418742033604,0.00237662753948654,0.0292745914846545,0.00228614579422328,0.00109373572689618,0.00826567725840914,"VisiumS1"
"AGGTACGTGATATCTG-1",0.311331122053118,0.0181730790187586,0.00743072673308682,0.00101142652008666,0.0108660619220176,6.40576161030219e-05,1.7715195777175e-05,1.84266127048024e-05,0.0199872165962879,0.130627361604429,0.097952112977547,9.3309491923387e-05,0.0016749404026974,0.377824571632143,9.065035347318e-05,0.0069157609997906,0.00186401878395849,0.0135922140269532,0.000465227459144229,"VisiumS1"
"CTAGATACAGACCGAG-1",0.0973279365830469,0.0293767272363292,0.0110592995140343,0.00168140991254331,0.0842792455953185,0.000239804761592983,9.50689931232445e-05,6.35770179200544e-05,0.134629110295956,0.094897884641912,0.115751263964159,0.000299428963466295,0.00612537448649836,0.329511922161214,0.0002916911590325,0.0252884344449441,0.00906242652580613,0.0580562149860255,0.00196317875707744,"VisiumS1"
"AACCAAGCGTGGCCTC-1",0.0634551513285687,0.102729654247785,0.0058414783488466,0.00142082459749014,0.125322553219516,0.000414382496610864,0.000146045072227844,0.000219427988257354,0.204220936332802,0.0261041428220937,0.0514948932969798,0.000406311637095411,0.00766188704485435,0.276259098902415,0.000834947631784608,0.0360941928742422,0.012738718908884,0.0811377251044804,0.00349762814506498,"VisiumS1"
"GGTCTACAGGCTACAA-1",0.0466563459098775,0.0799371507216013,0.00366250391328767,0.00156330085783339,0.116686782661132,0.000497749423426477,0.000204023212382412,0.00019433581836396,0.216782562841403,0.0353700346843426,0.0592656806236517,0.000468786097075538,0.00892935920964497,0.320384010021136,0.000761755532180785,0.0461042073543538,0.0118549530802381,0.0488100381336189,0.00186641990445028,"VisiumS1"
"ATGTGCCGGTGACAGA-1",0.172144350248103,0.0343199305704389,0.00114905307163527,0.000758160932377347,0.0416613402251359,0.000215713266441839,9.28830684345472e-05,0.000112899939244065,0.0635350693237972,0.0256303543461485,0.147506301474594,0.000316722027669425,0.0060094342667893,0.467200033242933,0.000463421716919893,0.0158711063676707,0.00510988811661613,0.0149465880255281,0.00295674976952245,"VisiumS1"
"CGACTATCTTCGAGCG-1",0.584641417625662,0.0086412630563093,0.000861174560201624,0.000893196320342378,0.00161204508106278,8.80322826042423e-05,2.2694182662775e-05,1.35485109225494e-05,0.00527253574178952,0.0121864254414435,0.239574813276035,0.000103369093012305,0.000648485249532535,0.133050206024014,0.000142784708052616,0.0031327646938757,0.00376786894929063,0.00299326733706172,0.00235410786612529,"VisiumS1"
"GTGAGGCATTCGGTGG-1",0.652661523757904,0.00111968260835995,0.000213364161258795,5.39478849015514e-05,9.14250712932884e-05,4.96666568012649e-06,8.74093959241253e-07,8.56537334742161e-07,0.000144333219409232,0.00653888253516145,0.195636118531317,2.80741591167857e-06,3.32278702410334e-05,0.142360249401505,3.12130487487316e-06,0.000264827902924015,0.000670105916225578,8.93940256691845e-05,0.000110291096069266,"VisiumS1"
"GATGCCATCTATAACC-1",0.733921179443302,0.000183849525734852,0.000260871616166951,2.34459353402877e-05,1.04450364502033e-05,1.70154650480921e-06,2.30681067117336e-07,1.38228813862854e-07,3.86157519783631e-05,0.066832402085817,0.118151690659159,1.26972439795677e-06,5.52980823436983e-06,0.0803014983903049,1.55123068838878e-06,8.664440270298e-05,9.42412500893276e-05,3.12733961030225e-05,5.34212871442494e-05,"VisiumS1"
"TCAATTATACCAGAAC-1",0.647472245185134,0.000264218553681789,0.000346234745080051,2.00700225807604e-05,1.64762279310704e-05,1.76621615307692e-06,2.57940709567147e-07,2.74359772308321e-07,6.15101287398925e-05,0.0337887699425012,0.249280020700208,9.73408481184645e-07,6.86295137866785e-06,0.0681198839415205,6.26221248961131e-07,0.000250291766490883,0.000237004930958087,5.964917294105e-05,7.28635844893292e-05,"VisiumS1"
"AGTGTATGCGCTGCCT-1",0.701571278316683,6.30010955635501e-05,0.000292666498378152,1.7067960716178e-05,4.25036615157774e-06,3.67491273469161e-07,7.61771029499413e-08,2.80085428053398e-08,5.3959767255379e-06,0.0596079885664772,0.177313326776402,2.86973888999059e-07,2.80797083213464e-06,0.0610342245665977,2.57999863196092e-07,3.52804912215608e-05,3.7254678131131e-05,4.42596804069832e-06,1.00141174080407e-05,"VisiumS1"
"GTAGACCAACTCCAAT-1",0.725741364502934,0.000126970044933717,0.000195363143321259,1.98466444615186e-05,1.66426155285119e-06,6.57641896602799e-07,5.44573329162867e-08,4.13935109769979e-08,3.11127975393809e-06,0.018422005337995,0.198151048019974,5.9052073603723e-07,2.09681870820317e-06,0.0572588523822633,3.02895903870876e-07,1.55285356336677e-05,4.49546685968777e-05,3.88133449097739e-06,1.16661159994213e-05,"VisiumS1"
"AACACCTACTATCGAA-1",0.768269306411247,5.4276290709143e-05,0.000178777103157085,1.21424627328368e-05,1.81495438478116e-06,4.22824353884896e-07,8.17880647831994e-08,8.75890335523217e-08,6.61848997614128e-06,0.0110871149297151,0.151932428960986,3.79354566435451e-07,3.54112507316399e-06,0.0683298739045206,4.59393939049041e-07,1.5078499707427e-05,8.61395035553697e-05,3.13785558038882e-06,1.83185586973572e-05,"VisiumS1"
"TATCTAATGCATTACA-1",0.809563675394494,8.64329797357777e-06,2.51079270560901e-05,1.61814872476529e-06,4.93273135824902e-07,1.19700636677058e-07,3.62346969129622e-09,5.02265543348601e-09,1.3836403932451e-06,0.00102464224638086,0.165367969538192,3.44972941733176e-08,9.84109896257805e-08,0.0239183698344111,2.68351045516144e-08,1.02599292755378e-06,8.07394512822636e-05,4.98315531623362e-07,5.54484934649794e-06,"VisiumS1"
"TAGTTCACAGGCAATG-1",0.897005420260416,4.43862220915218e-06,3.81302834116271e-06,1.02042513616126e-06,1.33931779813798e-07,3.02030644692249e-08,3.61182474574136e-09,3.04349892839651e-09,3.16474637012877e-07,0.00131245967005001,0.0576677770604036,1.95379191916846e-08,9.68052459501212e-08,0.0439979202088304,1.80862949884075e-08,3.57816335782807e-06,7.94098269685373e-07,1.41919095185898e-07,2.01484962501415e-06,"VisiumS1"
"TAGATGCGTGGTTGAA-1",0.419001247518997,0.0313768803657673,0.0450210235598761,0.105590111353902,0.00443587368418252,0.0176330263888037,0.0412141223096028,0.0522808120631745,0.00481494710100596,0.0523760741070864,0.011316390099268,0.0617485987367278,0.0126374209011193,0.0793954778143691,0.0260564799172806,0.00793707543491063,0.00392825082150703,0.00257297630826114,0.0206632115141576,"VisiumS1"
"AGGATCCGTAAGTAAT-1",0.0234541946036457,0.0242205750977922,0.0143286961913211,0.0931209633426285,0.00601296473939547,0.0465433676227039,0.126367201141605,0.0841780863820063,0.0194988199031284,0.0389936523620351,0.00222251635422998,0.40251159678071,0.0160931587711052,0.0125334849217453,0.0403674525976921,0.0193236977346836,0.00178904869778664,0.00360586209168851,0.0248346606640968,"VisiumS1"
"ACTGCAACTTCAGTCA-1",0.123486131652408,0.0237568021897387,0.0905677216086108,0.140829479924923,0.00851991196912151,0.0221269430465842,0.0699509138873379,0.036464801093128,0.0109960101933201,0.127197860242116,0.00377550600271191,0.193592641293361,0.0171524265425922,0.0483403910892829,0.0435830193335044,0.0114920808671229,0.00188892924096624,0.00420441847966435,0.022074011343506,"VisiumS1"
"CGGTAGGTCTGGCAGA-1",0.204807444233745,0.0758873185417506,0.056449228906698,0.116191191611979,0.0145232860280118,0.0209407047786356,0.0322149195439696,0.0439740561671168,0.0246705180346108,0.0652134120666928,0.0284543353819357,0.128962840559033,0.0199383838512286,0.0787674012190835,0.0322926414085627,0.0138668244991295,0.00623701340349758,0.00891253100196267,0.0276959487623563,"VisiumS1"
"CTCGTTCACGACTGCA-1",0.169750586330375,0.11384760967574,0.0578923131608767,0.0964402304351787,0.0127921192858101,0.0143815389143642,0.0211931511208998,0.0263071900602944,0.0376276767951442,0.0685680514701819,0.0403348440425587,0.113987745315297,0.0179477955850269,0.105871814367288,0.0256060262928919,0.0243184577796878,0.00974267336597307,0.0148127908955575,0.0285773851068545,"VisiumS1"
"AGATGCGGCTAGTGAC-1",0.138538531778897,0.0475540553371306,0.0154840641029234,0.00337090942418251,0.0497488453097125,0.000330144080030605,0.00028160065812168,0.00031537260299806,0.0914760065274892,0.172456839996391,0.0607304146690502,0.000329756582438435,0.00497562925386617,0.339001304850665,0.00104418883709205,0.0100437672279201,0.0301074913304332,0.0326598414698448,0.00155123596081339,"VisiumS1"
"TCGCGTGCGAATGGTT-1",0.27036698279314,0.0690046512886936,0.00443772755446587,0.00217663524781437,0.0080770531700189,0.00013571827180647,7.18012033793667e-05,6.08739979578458e-05,0.015386735807716,0.0811754254650132,0.259953204100711,0.000153592698431036,0.000738993918635447,0.22404533313362,0.000343302629179987,0.0152370727161526,0.0203801196365482,0.0271049286471595,0.00114984771955711,"VisiumS1"
"CTCGGAGCGAATCATG-1",0.381566470645102,0.0406882681045647,0.00469632000964215,0.00247955785141241,0.0242910066380548,0.0002104520266947,3.34328592091481e-05,3.43575535344617e-05,0.0411389844082367,0.0779501032928473,0.244372655856901,0.000190262166746274,0.00633714621449109,0.156596950285544,0.000394854341034177,0.00609082379442573,0.00475121038908366,0.0057746691622124,0.0024024744002632,"VisiumS1"
"AACTATTGGCGGATTC-1",0.351417240141526,0.0362207155318195,0.061819512730446,0.0139936592820786,0.00445007267467101,0.00154664529074905,0.00243316154367072,0.00335175399932839,0.00743495571067312,0.270840611484882,0.109524033688011,0.00211387742627466,0.0037342041898172,0.106506069920973,0.00476467797635281,0.0106063489657297,0.00293614726822631,0.00134929218637487,0.00495701998839577,"VisiumS1"
"GCACGCGTGACATCAG-1",0.179752399623526,0.0864437899568376,0.0891681892622152,0.0647247931976376,0.00639194908637635,0.0205954289691894,0.138612168466709,0.0691822621508087,0.0128829040705953,0.0783508804698213,0.00784917499090482,0.0463267192600868,0.021600748064123,0.0734874666203613,0.0602288136394498,0.0189608537939454,0.00459320484309471,0.00389508682412088,0.0169531667101972,"VisiumS1"
"CTAACAAGGTGATCAA-1",0.167327981827872,0.0616902411983639,0.0841472509826852,0.0528674841862759,0.0123630186621112,0.0246512043250029,0.158217607279112,0.0960190748132867,0.033385366145176,0.0442185327851769,0.00522566669779794,0.0490317526330068,0.0456395187524132,0.0391080097699493,0.0709191459371806,0.0168536491463913,0.0155927726995184,0.00510165978295492,0.0176400623757245,"VisiumS1"
"CGACTATCAAGCCGAC-1",0.29349430228335,0.0336505078001575,0.148736909302516,0.0656655394306341,0.00472211586701079,0.00860420556495076,0.0278406306178292,0.0273082071997793,0.016230006034156,0.196585083378325,0.0195400860570839,0.0101696542241844,0.0123507952102169,0.0911431463259447,0.0205457743717509,0.00600473030967505,0.00422127901483793,0.00327285450771527,0.00991417249988197,"VisiumS1"
"GTTGACGCTCGATGGC-1",0.299720680008395,0.0611419584075762,0.0708539343434993,0.059493760495087,0.00832412865412617,0.0161389313833817,0.0613845263119684,0.0546860827807397,0.0154167995617976,0.0803915390943561,0.0305070225435425,0.0521904088121279,0.035724365037413,0.0611805729540965,0.0428274893617893,0.0160626474465334,0.0057214442936538,0.00713347245487901,0.0211002360550371,"VisiumS1"
"CTTCCGAGACATTGAT-1",0.324947473544416,0.0572832244238086,0.0846089125908671,0.0252444472035553,0.00309010161702157,0.00424894331523378,0.0185855554832126,0.0116532441123796,0.0113485994451456,0.176762171736356,0.0157349337422226,0.016799240776152,0.00636843443858626,0.195494992409665,0.0123048998491804,0.0107752708653566,0.00364468262305342,0.00726421179233076,0.0138406600314568,"VisiumS1"
"CGCCTCGGCTACTCGC-1",0.199199721211561,0.139244195707852,0.0360958359264571,0.0225991659574791,0.0126093853760441,0.00521244444933313,0.00744802744183379,0.00747881068279626,0.0272390173142832,0.119762247502534,0.102965183429517,0.0175314298047562,0.0113739697912096,0.223655861761113,0.0103938551620365,0.0144596162044306,0.0079350408268241,0.0225392125327898,0.0122569789171495,"VisiumS1"
"TAGTGCACTTGTACCG-1",0.109304829374588,0.0192263105722979,0.0163148775693676,0.00797144773585617,0.0591312780719134,0.00171791997275257,0.00228792125321989,0.00194641832918139,0.0817509265967666,0.181280195975873,0.0450583356514352,0.00237853075377745,0.00643375923244984,0.398481175330255,0.00331607955604413,0.00955124583950684,0.00731418360789114,0.0414645411373735,0.00507002343945105,"VisiumS1"
"CACGAACGGTCTTCAG-1",0.0364397583478248,0.0452094724624176,0.013681763154615,0.00266784495708109,0.123471191830276,0.000180942084904545,9.83832275780876e-05,0.000252893231816172,0.143120686511,0.394408433904764,0.0268916936826711,0.000202823907500081,0.00203114683548152,0.165845405541786,0.000712077002319231,0.0102234946019252,0.004780548885527,0.0282621983360505,0.00151924149446308,"VisiumS1"
"GACGCCGAACTTCCGT-1",0.0599426775456718,0.0863974864654218,0.0468509061820403,0.0119440397654327,0.131048623598248,0.00512451779309119,0.0109818518766626,0.0145865731813445,0.211208676720904,0.114716388998805,0.0324895476327851,0.0115765538756727,0.0292346845913422,0.143182318460071,0.0231311112259362,0.019348148677552,0.00976146959021432,0.0295325828644256,0.00894184095437883,"VisiumS1"
"CGCTCGTTATAGATCT-1",0.109563663086551,0.141596301286519,0.015858610640617,0.0109902752298088,0.0606673194622214,0.00269942440670808,0.0119554907750395,0.00875023061071015,0.133720428261371,0.0633668760853245,0.0225356318401766,0.00945021622710762,0.0202704022566438,0.309172104269253,0.0192809065439146,0.0215216002496329,0.00950227235574726,0.018729335453437,0.0103689109592162,"VisiumS1"
"TGTCAAGAACTCGGCG-1",0.213161703233305,0.0762296061617191,0.0405164495569821,0.0202203989724506,0.0516165623872746,0.00421309030066085,0.00594672025212569,0.0070795603432264,0.0897936357912755,0.118752394443016,0.0250832444814729,0.00554614429403826,0.0204841455825879,0.236689948401211,0.0106620683190876,0.0186986009375463,0.0172416164228953,0.0274132063744438,0.0106509037446805,"VisiumS1"
"GGCCATGCGTCTGTCG-1",0.190332909993539,0.114674468907316,0.0149485107761272,0.0259679005006529,0.0239197881306083,0.00151017104603904,0.000595945713122272,0.000659480650305936,0.0506827657078066,0.0974164036911836,0.0353827723817729,0.00701911990717707,0.0109347957957155,0.366860698947551,0.00201644814756606,0.0113698664483052,0.0136113267085018,0.0171836067398396,0.0149130198068706,"VisiumS1"
"ACAGAATACATACTAA-1",0.15488926872568,0.0714234164899694,0.0648588019580075,0.200350087590816,0.00686355973475649,0.016302168706124,0.0240823284174537,0.0155265440871852,0.0225460783303654,0.0802390263637343,0.0215639262917523,0.0981839512092308,0.0152014459913375,0.118359535581285,0.0254308757241243,0.0170690922642009,0.00784928809930736,0.00846023263832263,0.030800371796348,"VisiumS1"
"GGTGTCATACTATTAG-1",0.114858144186156,0.115307614604279,0.0500798757915905,0.0973126558818433,0.010962820489252,0.0239696187261545,0.0421518561641998,0.0421818580022653,0.0321533963962906,0.0483135962300769,0.0489337571231489,0.116911443902821,0.0415142242279074,0.0903891411803346,0.0290527381111878,0.0304628896310093,0.0059890018438077,0.0140925619634553,0.0453628055442198,"VisiumS1"
"CATCGGATACGCACAG-1",0.132618265970244,0.0429372569778394,0.0546785350780507,0.0200613343964835,0.028675799273246,0.0155526930372677,0.0512723185548511,0.0390535596385669,0.0473613701885718,0.152920424259115,0.0314072743371391,0.0382173994034497,0.044538707574899,0.219800917191592,0.0189778641895055,0.0247249143289083,0.0118585187291276,0.0130860938891884,0.0122567529819547,"VisiumS1"
"TGCATTGATAGACATA-1",0.228763821074594,0.0718741059731003,0.0553747477210044,0.0199638199291345,0.0198403192189214,0.0118659348129228,0.0229552612684784,0.0270127958977985,0.0318001229422117,0.202848595264448,0.0420844383557171,0.0123088848761576,0.0157938729303278,0.168901277406405,0.0180105865704959,0.0122507250083352,0.0134349492380618,0.00961181364121488,0.0153039278706702,"VisiumS1"
"GACATCAGATTCTTAC-1",0.553052921927108,0.0689932718027331,0.0313627570753099,0.0194062265245705,0.0023706326274551,0.00797207579113663,0.0178856244176231,0.0186845268518051,0.00491894412612888,0.145447759784171,0.0216469019288903,0.0131416723095048,0.0127796912255039,0.0526387369670964,0.00765908330623184,0.00350766170903745,0.0019605416291138,0.00278389848586805,0.0137870715107126,"VisiumS1"
"CTTCCTGGTGTTGGAC-1",0.332497682720553,0.0255206774353299,0.0734414582509148,0.029718976644997,0.00493527493220801,0.0272392558751656,0.105901198444427,0.0869598050353258,0.0106233997159007,0.0745069560814727,0.00196144288021393,0.0427430253294994,0.0261679884965322,0.052329098185498,0.0658198695086556,0.0168210948661983,0.00284698595718813,0.00441430380754557,0.0155515058323749,"VisiumS1"
"CAGTCTGGACAATCTA-1",0.119794058685096,0.0213422958000464,0.135361969646274,0.0285686767141841,0.0194968577126781,0.047032096696251,0.157517331515533,0.124694838777055,0.0204065560787564,0.0712955281297181,0.0016844810781118,0.0546938601853153,0.0267771322893499,0.0449358589732671,0.0570349411872183,0.028261101970381,0.00898851492448072,0.0110052373685655,0.0211086622677184,"VisiumS1"
"TCAGTCTGAGTGCTTG-1",0.267740076498419,0.0394742475720584,0.0846029123489672,0.0392472044313633,0.00866210194072712,0.0251996780197306,0.0914091565455305,0.068913519252405,0.0141880714314494,0.120090291707448,0.0108495347460414,0.0322669209270657,0.0247075763783715,0.0996725274720583,0.0266834302984277,0.0123959990721052,0.00815973314212812,0.00557010447220266,0.0201669137435008,"VisiumS1"
"CCAATATTAGTGCGTT-1",0.31769369876206,0.0582009705534957,0.106665732550289,0.0146580545216028,0.003762119012956,0.0102674756987173,0.0245025756684015,0.0305425282939908,0.00492389533975152,0.224291591399519,0.0180696769901104,0.0239759318377166,0.00970313832004891,0.0989235204321698,0.0205085362774749,0.00612172539130866,0.0089433776514003,0.00465276728805584,0.0135926840109314,"VisiumS1"
"CTGTTGGATCAACGCA-1",0.30647662017795,0.0633881456016573,0.105821049016604,0.0485715883341287,0.00524825641675618,0.0114451098310438,0.0470066944495287,0.0717176957633972,0.0132271522008791,0.108225067033076,0.019133942337305,0.0232109639591423,0.0267668484148983,0.0687837854404484,0.0356594357167862,0.00907113889124501,0.00604620825952476,0.00793991928736895,0.0222603788682599,"VisiumS1"
"ACTCGACGTACACGCC-1",0.205185161237871,0.0469909140027703,0.101415920296227,0.0346587387534537,0.00699463463375654,0.032311140246003,0.040746585945943,0.113502979372678,0.0126394758494639,0.146295775769903,0.00399146575303473,0.0416096500911349,0.0316753752899267,0.0817789205051703,0.0534005136442873,0.0134476845662452,0.0059045798652251,0.00668706590662472,0.020763418270281,"VisiumS1"
"GTACTTGGTTCGCTTA-1",0.429267586489591,0.0585961898603201,0.0954776062261371,0.0376354744999265,0.00357346650172056,0.0131149206623418,0.018318897297125,0.0141377730874128,0.00782617061811749,0.120804051164732,0.00976203214334512,0.0148464032553936,0.00967829761633913,0.117153020381466,0.0160780380051405,0.0079686349398239,0.0078890502577151,0.00474419459995399,0.0131281923933987,"VisiumS1"
"GATAGATATGGTTCCG-1",0.36232782446712,0.04167073594672,0.0503401877713164,0.0355336011398659,0.0156439928150978,0.0331810132337874,0.0661177968901624,0.056397121194004,0.0126215573490697,0.0605125618579149,0.0035005073137817,0.042508289417839,0.021824700990883,0.127015343920438,0.0265799306309892,0.0193350570034371,0.00707546665478229,0.00523053067899886,0.0125837807237925,"VisiumS1"
"ATGTACTCGTGGCTGT-1",0.345108127387144,0.0739550644890799,0.0446658106445836,0.0281881477589172,0.006747955776136,0.0213283402168987,0.0435373293416203,0.0362687025779589,0.0225725955582236,0.117655418152279,0.00671223992444899,0.0187436120990067,0.0186348043526965,0.130816348345802,0.029881788153483,0.0183233687755967,0.0105527540987037,0.00726363873854308,0.0190439536088773,"VisiumS1"
"CACGATACAATAGCCA-1",0.251085013788348,0.0298563491046794,0.0424432007331475,0.0715763323802742,0.00411211273264748,0.0328340193490611,0.061851419297024,0.0946397160365664,0.0176105850312789,0.127667433056712,0.00106286311886654,0.0664154369340519,0.0324786299956058,0.0842601837240028,0.0452799005334767,0.0140163003194992,0.00321252600291278,0.0032630608405906,0.0163349170212546,"VisiumS1"
"CGCATCCTGTTGTAGC-1",0.249283082490654,0.0233629221404432,0.131310983814925,0.0255435068911077,0.00269642271064793,0.0119185667591238,0.0513256967501362,0.0410559435400361,0.00365662323275842,0.287843432895732,0.00168244662819177,0.0238834189437704,0.0121264976043889,0.0693337844758942,0.0293351673553096,0.0157573525813155,0.00222264508810648,0.00199463989806789,0.0156668661993919,"VisiumS1"
"CTCCACATAACCTATT-1",0.367267837617315,0.0170808581143805,0.070287670491095,0.0304183460758796,0.00350448112795003,0.0231167529075429,0.0627494737995443,0.0995849367574131,0.00651489332723663,0.0558282658090136,0.00171485951187002,0.0586045615733141,0.0269911813175832,0.0909459195523274,0.0459031129558657,0.0117864948679525,0.00405622800844764,0.00488507369554316,0.0187590524897259,"VisiumS1"
"GTATGTTAGACTGCCT-1",0.126677863533341,0.0455747251598207,0.0501077194904072,0.0389596711794616,0.00696397221544513,0.049627824486723,0.110343715726964,0.183523343791563,0.0159609180198802,0.0289779532157645,0.00396665538007437,0.0609705594599816,0.0405986597100344,0.0703624343164409,0.101732706155097,0.0198070933267301,0.00744495701393266,0.0119732220374453,0.026426005780893,"VisiumS1"
