"","X","Endothelial","CAFs","PVL","B.cells","T.cells","Myeloid","Normal.Epithelial","Plasmablasts","Cancer.Epithelial","sid"
"1","1142243F_TACCGATCCAACACTT-1",0.0712935067299442,0.1202409999097,0.0463636389755841,0.00795314050329158,0.0250266946733748,0.126330549690232,0.175028359932015,0.0263232315993314,0.401439877986527,"1142243F"
"2","1142243F_GATAAGGGACGATTAG-1",0.119288339646001,0.0555287541372058,0.00398593163232398,0.0160905044757531,0.0123599864261267,0.0702767109705082,0.228554526601262,0.0734454838476382,0.420469762263181,"1142243F"
"3","1142243F_TGTTGGCTGGCGGAAG-1",0.103444173351213,0.117166226247681,0.0165387899586177,0.0122068979362163,0.00829817339165909,0.0820389245901293,0.153442688567477,0.1137200492725,0.393144076684507,"1142243F"
"4","1142243F_GCGAGGGACTGCTAGA-1",0.0464858454925511,0.181008912775919,0.0126416340456822,0.0107624744027245,0.0156253977591022,0.0917237174483899,0.107777958599803,0.080778280914191,0.453195778561637,"1142243F"
"5","1142243F_GCGCGTTTAAATCGTA-1",0.0277877314222949,0.295339922756832,0.0192928923197161,0.00394615035342496,0.0375237282999311,0.0959344329752239,0.0808699682253396,0.126714437314147,0.312590736333091,"1142243F"
"6","1142243F_GACGACTTTCCAAGAA-1",0.0207423583809205,0.228859807384749,0.0188567429959105,0.0297409192864989,0.030961705185429,0.0635379810674246,0.180414609770149,0.0499008290536042,0.376985046875314,"1142243F"
"7","1142243F_ATACCCTGGCTCAAAT-1",0.00495685003571052,0.11499660718043,0.0184185780382492,0.0241153794318742,0.143562612997934,0.02581276327452,0.222491094195989,0.0280236201897587,0.417622494655535,"1142243F"
"8","1142243F_TAACCGTCCAGTTCAT-1",0.0188725015445829,0.0698483500484227,0.033667021512357,0.0181959329608986,0.128840609711341,0.0215909595271449,0.203779696739393,0.0319863656403475,0.473218562315512,"1142243F"
"9","1142243F_CAAGGGAGTGTATTTG-1",0.00383664126953253,0.122671999860234,0.0264127839358753,0.0120909671341306,0.0928513754943911,0.0205216493729491,0.208258459919227,0.05190452457529,0.461451598438371,"1142243F"
"10","1142243F_TTATTTCATCCCAAAC-1",0.0109450613403142,0.125500819737567,0.0141993851984394,0.0476797591518381,0.140825675208568,0.0188299494029169,0.136147377797175,0.12421993856013,0.381652033603051,"1142243F"
"11","1142243F_TATGGCAGACTTTCGA-1",0.063512173368391,0.054402889446321,0.026915335465297,0.0229443835623448,0.118616539990998,0.0342466842766048,0.127156462513204,0.0352148930948746,0.516990638281964,"1142243F"
"12","1142243F_AAACGGGTTGGTATCC-1",0.0211998319834064,0.0400602852112343,0.0364173035406963,0.0327668454651118,0.156353106672884,0.0239156757517847,0.109567467104162,0.0244602400395045,0.555259244231216,"1142243F"
"13","1142243F_GACGGGATGTCTTATG-1",0.00889714473022105,0.0222042121977617,0.010531902540161,0.0469081603607863,0.114075680385515,0.00892629820343491,0.113417803391443,0.0566270275096402,0.618411770681036,"1142243F"
"14","1142243F_CGCGTGCTATCAACGA-1",0.0498160372475629,0.0642934162717935,0.0671144292536774,0.0742194115379267,0.152240444478508,0.00943332367809737,0.146166161045419,0.0232331639444457,0.41348361254257,"1142243F"
"15","1142243F_CACATAAGGCGACCGT-1",0.0274918275807143,0.0200044730328003,0.0131704116514823,0.0424570818029442,0.21855184099784,0.0217953180080413,0.129270966582656,0.0217522952078921,0.505505785135629,"1142243F"
"16","1142243F_ACAGGAGGCGCAGCCG-1",0.0821771089098176,0.0397918995026732,0.013240546735777,0.0363536709456084,0.0480208619289204,0.0303319378965719,0.252162724927166,0.030567550999616,0.46735369815385,"1142243F"
"17","1142243F_AGGCAATACGGAGGAC-1",0.120171639808575,0.122838461672232,0.0140875687521213,0.00386335599689628,0.00434622514836653,0.0561914961573793,0.200037786810201,0.0769991511138991,0.401464314540331,"1142243F"
"18","1142243F_TGGTGTGACAGACGAT-1",0.0687390683339794,0.137428327790602,0.0101106056470312,0.00766244243250186,0.00643651051087381,0.0925993646854223,0.316606354485297,0.0284612394534629,0.33195608666083,"1142243F"
"19","1142243F_ATCTATCGATGATCAA-1",0.0917018289381503,0.333928579685928,0.0500036054441435,0.00933237699918396,0.0119097103120499,0.0556538104472611,0.196687756627001,0.0114457120896306,0.239336619456652,"1142243F"
"20","1142243F_CGGTAACAAGATACAT-1",0.0797753158727084,0.19335633119814,0.0104264122580301,0.0148137707608932,0.0134618460318245,0.184675047148531,0.174973375489637,0.0151732376060896,0.313344663634146,"1142243F"
"21","1142243F_TCGCCGGAGAGTCTTA-1",0.122021928445708,0.347693493605911,0.0235717236813196,0.00635654185788926,0.0102753306302992,0.0490316231534926,0.126392264697738,0.049501635978965,0.265155457948677,"1142243F"
"22","1142243F_GGAGGAGTGTGTTTAT-1",0.0381825412607479,0.453440769656066,0.0377939075701257,0.00578603735834407,0.00878492826152555,0.0519419028033637,0.153897159215985,0.0235168646674977,0.226655889206345,"1142243F"
"23","1142243F_TTAGGTGTGACTGGTC-1",0.0401952184262068,0.394997944021669,0.0122824131061258,0.0129423515746326,0.0140950080880053,0.0399913982204637,0.215300384923678,0.0242458507726344,0.245949430866585,"1142243F"
"24","1142243F_CAGGGCTAACGAAACC-1",0.0268027781865045,0.243585955353869,0.0351162489499135,0.055158085555037,0.031658865503761,0.0974708920384687,0.0799639795268878,0.124615172662752,0.305628022222807,"1142243F"
"25","1142243F_CCCGTGGGTTAATTGA-1",0.0843335433099532,0.095008788861398,0.040419108293267,0.0143392883726919,0.0151241899719751,0.0596879771792472,0.252882362012856,0.00645773498046274,0.431747007018149,"1142243F"
"26","1142243F_GACCGACCGCTAATAT-1",0.00841808275758649,0.270150451060943,0.0245444830885252,0.0103284706592271,0.0511735979467108,0.0988543328074858,0.0806422545452106,0.0782084679765322,0.377679859157779,"1142243F"
"27","1142243F_GGTATCAAGCATAGAA-1",0.047091121293109,0.13065425177812,0.0516985624404374,0.00542524611450203,0.0210542263833017,0.0583776076339783,0.181447028130677,0.13949684415002,0.364755112075855,"1142243F"
"28","1142243F_TGCATGAGTAGATTCG-1",0.0105053593678712,0.114213136364535,0.0326682024778926,0.0130739916179474,0.0251221382483758,0.0487783001407091,0.207434130247299,0.0419661468746857,0.506238594660684,"1142243F"
"29","1142243F_AATTCCAACTTGGTGA-1",0.0116433779242997,0.149835041933896,0.0608481314461954,0.0107542295211599,0.0512103866645199,0.046149751866693,0.218238424547435,0.040699594629461,0.410621061466341,"1142243F"
"30","1142243F_TGCCGATGTCATCAAT-1",0.0111280232316732,0.0698809210119153,0.0497510049714636,0.00566605016218843,0.0596960179094817,0.0712093811029141,0.104550590534978,0.0440524083723592,0.584065602703026,"1142243F"
"31","1142243F_GCTGGGTCCGCTGTTA-1",0.0154466139783131,0.12689873595525,0.0457876109316334,0.011891564454238,0.105253068493218,0.0297925907408384,0.106238340458745,0.0322062226093169,0.526485252378446,"1142243F"
"32","1142243F_TGAACACCCGAAGCAG-1",0.0271757894347314,0.0750392403916638,0.0344247590826824,0.0304579974572077,0.162831496880816,0.0205144126739985,0.153959515994425,0.0269466533950217,0.468650134689454,"1142243F"
"33","1142243F_AACATTGGTCAGCCGT-1",0.0589137902723777,0.148701937875711,0.0103569148617574,0.0238397907820118,0.022483803307106,0.0538293547598427,0.21829671484838,0.0643452977930806,0.399232395499733,"1142243F"
"34","1142243F_GTGGGTCTTCTTTGCG-1",0.0372233675760574,0.182199110535069,0.0358396832956481,0.046855951626818,0.07210006062392,0.0266888611676584,0.265787594504283,0.0297948097597003,0.303510560910847,"1142243F"
"35","1142243F_CATCGAATGGATCTCT-1",0.0364299657523905,0.120665094048194,0.0148608367218512,0.0960179563155786,0.0671164748014584,0.0276819248087739,0.164528514055045,0.0178173167001863,0.454881916796522,"1142243F"
"36","1142243F_GCTACACTGTCCGAAC-1",0.0138172889536176,0.0617960291361354,0.0213012528342159,0.0349839260086953,0.162592378769971,0.0271789504193212,0.139587941559304,0.0131273398900744,0.525614892428665,"1142243F"
"37","1142243F_CGGGTTGTAGCTTTGG-1",0.035296577033707,0.140845695167381,0.0511551886400864,0.0201669720328096,0.0968395383616834,0.0287250654735884,0.178512112707738,0.0190422329943986,0.429416617588607,"1142243F"
"38","1142243F_CCTAAGTGTCTAACCG-1",0.0116000582855374,0.087831687264358,0.0264725595751139,0.0140488373582589,0.0746570987989258,0.0817674334128103,0.0638005601364353,0.0118507327293204,0.62797103243924,"1142243F"
"39","1142243F_TCTGTGACTGACCGTT-1",0.0279858925445049,0.173043601735856,0.0268398210838024,0.0208585019179314,0.0503293104792399,0.052246885903664,0.142788809140363,0.0637831775085295,0.442123999686109,"1142243F"
"40","1142243F_TTATCATACTCGCAAA-1",0.00479580550171466,0.0658728275192492,0.0122483638170889,0.0252844508392045,0.222801768182142,0.0149073956038014,0.0551968838302056,0.0926378789374297,0.506254625769164,"1142243F"
"41","1142243F_AGCGTAGCGCTAGACC-1",0.0373876756760549,0.137759729155858,0.0418666607106162,0.0771825248085427,0.0617620871941792,0.0294835284650703,0.143385581618143,0.0443298224079101,0.426842389963626,"1142243F"
"42","1142243F_TCCCTCCGAAATCGTT-1",0.0107097077270778,0.0593584284576567,0.0164875744431879,0.0174233322288821,0.205575252378902,0.0103467483747694,0.0847868975298323,0.105732094751714,0.489579964107978,"1142243F"
"43","1142243F_AGGTCGCCACTTCGGT-1",0.107954564060512,0.0713472893497711,0.0825845601483118,0.0437434700124583,0.096097976235428,0.0237242500323735,0.119377872727375,0.107779878775468,0.347390138658302,"1142243F"
"44","1142243F_CTAGCAACTAATTTAC-1",0.00542686415712448,0.0530137400704536,0.0337872675588558,0.0238996095336368,0.213244287059712,0.0235379265886017,0.082893528506028,0.0579304947023713,0.506266281823217,"1142243F"
"45","1142243F_TTGCTAGCTACCAATC-1",0.00970342954553005,0.0403279195926676,0.019987254786233,0.0186238626399698,0.197007946409601,0.0154988872234574,0.0581391515206783,0.0644548684441134,0.57625667983775,"1142243F"
"46","1142243F_GCCGGTTTGGGCGGAT-1",0.00291912753378189,0.0530623867458541,0.0109386074442845,0.0105318843186048,0.0925704697052105,0.0422414422117728,0.0870568458563007,0.0510483775684349,0.649630858615756,"1142243F"
"47","1142243F_TGTAACTTGTCAACCT-1",0.00250992640875873,0.02647597077214,0.0224201026408085,0.0172012215044753,0.186222341230436,0.00977928470691563,0.107897055884594,0.0988070967328337,0.528687000119038,"1142243F"
"48","1142243F_CGAGATGTTGCCTATA-1",0.00326484494730028,0.0548259292970401,0.0222332828779648,0.0387878646148613,0.130699979246864,0.0316663303325853,0.178020764811663,0.0631966854235044,0.477304318448216,"1142243F"
"49","1142243F_GTTACGAAATCCACGC-1",0.0048986519696949,0.074780133148169,0.0128241921214785,0.00808420868223431,0.0962532168977494,0.0222341189671171,0.115642864125246,0.0626278429657022,0.602654771122608,"1142243F"
"50","1142243F_CTTGTCGTACGTGTCA-1",0.0120572109211598,0.0437478618260966,0.0162814088445803,0.105612619537458,0.199845190985855,0.0104459845246819,0.159566276771065,0.0502982122531413,0.402145234335963,"1142243F"
"51","1142243F_GCGTCCAGCTCGTGGC-1",0.00185178663078821,0.119283424201623,0.0193862286724425,0.0428335968731692,0.170800584637354,0.0176003334276541,0.0529571938090434,0.0437280046492201,0.531558847098705,"1142243F"
"52","1142243F_CCCTTCTCGTACGCGA-1",0.00669536040617337,0.022447941140019,0.00789091466340924,0.105662080088573,0.300631391119001,0.00656999266132746,0.124090693992298,0.0267539024181951,0.399257723511003,"1142243F"
"53","1142243F_CCAAAGTCCCGCTAAC-1",0.00399318690544292,0.145848796669835,0.0202318149016771,0.0536786264995151,0.124360707807641,0.0174611080341931,0.0890134574117759,0.0749553182700284,0.470456983499892,"1142243F"
"54","1142243F_ATAAACCATTGGACGG-1",0.0031256809655532,0.0429571609754842,0.0128822896794047,0.0322598247764932,0.206987409843269,0.0125882748562915,0.0771405012519716,0.115891453905137,0.496167403746396,"1142243F"
"55","1142243F_TCTGTGGCTACATTTC-1",0.0247584610664804,0.0154695774288382,0.0125515609668818,0.0529195579438842,0.135243622667432,0.00734969725660481,0.0970701774844944,0.0419565658043613,0.612680779381023,"1142243F"
"56","1142243F_CACGACTAAAGTTCTG-1",0.0218128793188172,0.0322306656572509,0.0100100547315567,0.213964371716714,0.245065256310944,0.0117193791583262,0.125849902841875,0.0152175171835576,0.324129973080957,"1142243F"
"57","1142243F_GAAGACTTCAATGCCG-1",0.0332781800129663,0.07201692520344,0.0177635346089272,0.0290609527887191,0.0294450128777099,0.0344283018412812,0.0307900246151483,0.587305892690008,0.165911175361801,"1142243F"
"58","1142243F_ACCAAACTAGAAATCC-1",0.0172787832264776,0.0970526766077395,0.0391247604605118,0.13383183765676,0.126164747612531,0.0162986232810326,0.131260535395228,0.171763724712022,0.267224311047698,"1142243F"
"59","1142243F_GACCAGGTCATTCATA-1",0.00955681793899008,0.0326774181827481,0.0124457173342473,0.158555429375502,0.175375250591334,0.00792637646489784,0.0911299604722309,0.210453706976476,0.301879322663574,"1142243F"
"60","1142243F_ACGCCCAGCTGTCGAT-1",0.00820128907800889,0.0324292193788702,0.00607162232449289,0.250348342727954,0.350790206097841,0.00198549741963911,0.105777715364212,0.0358273594464927,0.20856874816249,"1142243F"
"61","1142243F_CCTCGACCCACTGCCT-1",0.00590211411876314,0.0512668107454005,0.00686044900089772,0.313153450398233,0.212509286814461,0.0024235545837896,0.0999164117259794,0.0271941808643745,0.280773741748101,"1142243F"
"62","1142243F_TCAGTTACGGAATGAT-1",0.00804255698765281,0.0894289145858536,0.0235566200841888,0.2633930643373,0.156617662886144,0.0149754042083635,0.116358028369173,0.0636797878491797,0.263947960692145,"1142243F"
"63","1142243F_TCGGCTAACTTCCCTT-1",0.00641375439278021,0.0666211255334474,0.0310893933037174,0.0519032963632279,0.210158841733696,0.0175742348214248,0.116741812375963,0.00898277071482441,0.490514770760918,"1142243F"
"64","1142243F_ATATCGTGCCAGACCC-1",0.00537487965370771,0.0579261792834094,0.0144404531985502,0.252965410720594,0.172377276631404,0.0134512552004068,0.0812878002381973,0.0242541227037903,0.377922622369941,"1142243F"
"65","1142243F_ACGCTTAGTGTCTCTC-1",0.00414235017539817,0.0427410807379849,0.0116830403633729,0.0679784051153045,0.265822370049097,0.00652971104970913,0.100314236153701,0.0366712114572548,0.464117594898178,"1142243F"
"66","1142243F_TAGTGGAACTCATACA-1",0.00659841951392714,0.288710235518445,0.0179547893779175,0.034808838438305,0.164890922009083,0.0277281251370752,0.068169764844826,0.0593017021695747,0.331837202990847,"1142243F"
"67","1142243F_GTTATTAAATACGACC-1",0.00623424537941467,0.28745833984833,0.0086250988982127,0.101982100396279,0.136132679332463,0.0350693717343782,0.0966163062619549,0.00934166398765155,0.318540194161317,"1142243F"
"68","1142243F_CCTGACGCAACCTTTA-1",0.0129475116083384,0.151639346068184,0.00897023954010574,0.110437567046071,0.120193228636031,0.0841229903016553,0.203987968794016,0.00650750553269765,0.3011936424729,"1142243F"
"69","1142243F_AACTGGGTTCGAGCCG-1",0.012168007389492,0.0921353899123756,0.0133362045630148,0.218591781428199,0.200499679596721,0.0206785894480128,0.0836759635373711,0.0325704752857976,0.326343908839016,"1142243F"
"70","1142243F_CTAATGCGCCCAACAA-1",0.176460676199707,0.102463229673656,0.0137866233752694,0.0061946750416292,0.0154911959596597,0.0388407245981985,0.230645624862731,0.0148394254040305,0.401277824885119,"1142243F"
"71","1142243F_GCCACCCATTCCACTT-1",0.166969559271727,0.305592929638565,0.0479838070130472,0.00763486646197828,0.0107105409507515,0.0230553885562792,0.154969635406628,0.0401822391822696,0.242901033518754,"1142243F"
"72","1142243F_TACTCACAACGTAGTA-1",0.218477331102428,0.293888094176361,0.0175304452109993,0.00780209962092111,0.00920118368880517,0.0656658009350344,0.115458768311789,0.0113502888443675,0.260625988109294,"1142243F"
"73","1142243F_GTTCGGTGTGGATTTA-1",0.159009370476243,0.108627494912287,0.0269434342196886,0.0140135245290565,0.0108712306905551,0.0504032961358462,0.307949348382945,0.00433534369092495,0.317846956962454,"1142243F"
"74","1142243F_TCTTTCGGCGGGACAC-1",0.139188137991202,0.25934866480076,0.0314295795014288,0.00705582184344647,0.00761992848174235,0.111375695272503,0.0994996005923324,0.0336873113781121,0.310795260138472,"1142243F"
"75","1142243F_GGAGACATTCACGGGC-1",0.144186262180492,0.0815940318834894,0.0148101112112437,0.00921626246829561,0.0236939399479919,0.0829551235740988,0.228478393065894,0.0197667162421026,0.395299159426392,"1142243F"
"76","1142243F_GGGATTATCTCACAAC-1",0.143676994738611,0.364524789020015,0.0285567686857416,0.0103881217452027,0.0278576193867669,0.0474854607696626,0.145504270838557,0.0125468209847362,0.219459153830707,"1142243F"
"77","1142243F_TAGAACGCCAGTAACG-1",0.0831557793166577,0.28794916110647,0.064866381596999,0.0328929581146244,0.0512354341887403,0.0437351026336822,0.0887993193418944,0.00840049921050831,0.338965364490423,"1142243F"
"78","1142243F_ACGAGTCGCCGGCGTT-1",0.101885403194173,0.0702742168176681,0.0350519986780991,0.0415722609605328,0.165837326516265,0.0281941569993693,0.147890297499741,0.0104864822210924,0.398807857113058,"1142243F"
"79","1142243F_TGATGGGACTAAGTCA-1",0.0550687565796896,0.0793657789295753,0.0547945330893765,0.0184408238178064,0.0666965223157266,0.0862222711885786,0.141672201035024,0.0235763279439886,0.474162785100234,"1142243F"
"80","1142243F_TGCGAGAAACGTTACG-1",0.0275479686314934,0.173906595655526,0.0106130729580159,0.0510870769617431,0.0521319150110567,0.0756115673243671,0.167652957700906,0.0801748125494963,0.361274033207396,"1142243F"
"81","1142243F_TCGCCTCGACCTGTTG-1",0.0650900633374556,0.078377907776822,0.0342808711505017,0.0115034081573973,0.0227108652131532,0.045088495115302,0.383780630427005,0.0134819903550169,0.345685768467346,"1142243F"
"82","1142243F_AACTCGATAAACACGT-1",0.0165072074547232,0.172553590488254,0.0160691053243565,0.0290084894206589,0.0414481911032463,0.0545939088592733,0.156108065656991,0.118962371376506,0.394749070315991,"1142243F"
"83","1142243F_AGGAAAGCCTCTGATG-1",0.0576437334043069,0.150931390730596,0.00862217267985249,0.029829478211911,0.0519384607225358,0.0727424955778763,0.182356196440996,0.01804070499313,0.427895367238795,"1142243F"
"84","1142243F_GAAGGACTAAATTGAA-1",0.035425513806395,0.192324403755395,0.0490593579593476,0.0348940570390688,0.048118329644739,0.04891264954403,0.168731498538237,0.0617636898907792,0.360770499822009,"1142243F"
"85","1142243F_GTATCGGGACGAGCTG-1",0.016085515009096,0.184993301519205,0.0282816210957549,0.0329869168380597,0.114324952213803,0.0417465141621728,0.179372156911028,0.0319017862175918,0.37030723603329,"1142243F"
"86","1142243F_CCTGTGCATAGGAGAC-1",0.0581231036503836,0.0689546163929007,0.043883745800612,0.0498679203603102,0.0494304881348639,0.0224067564724614,0.292003425937383,0.0343281288321331,0.381001814418952,"1142243F"
"87","1142243F_CATACGGGTGCATGAT-1",0.0267488499227972,0.102849185948082,0.0242780496909373,0.11254041842423,0.115746484576748,0.0331803064349647,0.187790036819245,0.0103166758693747,0.38654999231362,"1142243F"
"88","1142243F_CCACTAAACTGAATCG-1",0.0273461326385804,0.194086101654497,0.0341635987090596,0.0347731867904622,0.0268561766396441,0.0312653692013929,0.213575866767432,0.018100217227815,0.419833350371116,"1142243F"
"89","1142243F_AAATTGCGGCGGTTCT-1",0.0553665821410515,0.0943969024767396,0.0368049378267486,0.0221977953810629,0.0134856550590632,0.0399403364552541,0.135112029410232,0.0639157357553189,0.538780025494529,"1142243F"
"90","1142243F_AGTCCAGCGGGTACGT-1",0.0617984677401079,0.095872941228468,0.0396164690059473,0.0291834700217552,0.0652964600683321,0.0121715114236106,0.179597558718461,0.0489756042238644,0.467487517569453,"1142243F"
"91","1142243F_CATTCAGGTCAGTGCG-1",0.0233298106659811,0.299973883205469,0.0332513022110722,0.0123058872314214,0.0733554194309537,0.0184493297031845,0.111646391506226,0.0453893831004909,0.382298592945202,"1142243F"
"92","1142243F_CTAAAGTCCGAAGCTA-1",0.0757684306614456,0.0717850452433077,0.0425346902647657,0.026597411713491,0.07554900403662,0.0269630943929226,0.199811978015274,0.0251879989793943,0.455802346692779,"1142243F"
"93","1142243F_AATCAGACTGCAGGAC-1",0.0309310697973775,0.265409528504913,0.0340015510418321,0.0143566513088568,0.0152152832809836,0.111491279061974,0.174322262148938,0.0106530689554622,0.343619305899662,"1142243F"
"94","1142243F_AGTATCCATAATAACG-1",0.0132198707497567,0.205434805896638,0.00447977722495425,0.0288477000409082,0.0463732407538765,0.0561285767479032,0.055428646493373,0.32118778338048,0.26889959871211,"1142243F"
"95","1142243F_CTGGCTGCTAACGTAA-1",0.0177896652376497,0.0704012308485081,0.0102298020059209,0.0620906563760263,0.108689021763848,0.179185658580607,0.0863018304218917,0.284924912786908,0.180387221978641,"1142243F"
"96","1142243F_GTTCCAAGACAGCGAC-1",0.0113247726541591,0.110303124338587,0.010255354753975,0.0579859819995298,0.0571784594528211,0.0390323123135836,0.0507753555552145,0.488379785073772,0.174764853858359,"1142243F"
"97","1142243F_AAGACTAACCCGTTGT-1",0.0752792461723501,0.147933343420676,0.0772680139134178,0.0530939132495485,0.0898069593894199,0.0513117044364049,0.11176676104072,0.0594381301644401,0.334101928213023,"1142243F"
"98","1142243F_GATTAATCCTGGCTCA-1",0.0605655083789763,0.267942948868845,0.0434753991860012,0.02923615094605,0.080346322877894,0.0151840287619219,0.115519202573218,0.0525153761420124,0.335215062265081,"1142243F"
"99","1142243F_CGCGCAAGGAACTACA-1",0.055676973427915,0.214614117535977,0.0550973503859385,0.106841332418752,0.0846350928249773,0.0371071958078682,0.0982676049907393,0.0543412010110099,0.293419131596822,"1142243F"
"100","1142243F_CAGTAGCGAGGTAGTA-1",0.0254373108905898,0.0859430458328344,0.0255186143826628,0.050710149055201,0.0816576437052306,0.0243500614049927,0.143460225179715,0.153733872211968,0.409189077336805,"1142243F"
"101","1142243F_ACGGCGGGTTGCCCTG-1",0.0234441402020859,0.0849961433173064,0.0297720065277641,0.0362612157636083,0.159171927338588,0.01289632881473,0.0753051441116305,0.0770945976643606,0.501058496259926,"1142243F"
"102","1142243F_CTAGGCGGCAGAGAAT-1",0.00691256284798335,0.130010756517558,0.022434361276027,0.00706797545322578,0.0878230038708664,0.0318834962307842,0.0423813713145053,0.0471828703042104,0.624303602184839,"1142243F"
"103","1142243F_GTGCGCAGCTTGCTCC-1",0.00785395550357014,0.0233949483740054,0.0123892983752851,0.0207635149087815,0.258335232039647,0.00949282544763157,0.073598859585709,0.0575953868405354,0.536575978924835,"1142243F"
"104","1142243F_TCACTATCGTGCAATC-1",0.000527142202504276,0.0555017064883155,0.00516083322018323,0.00993342342352418,0.174047835963461,0.00752951206547208,0.130797534504487,0.0228626739298637,0.593639338202189,"1142243F"
"105","1142243F_TATGATTCTGCTTGGT-1",0.00412482111572851,0.0263662037712749,0.0200128730437688,0.0355558090190707,0.277534985504917,0.0111850693937597,0.0868244217937335,0.0535887908694004,0.484807025488346,"1142243F"
"106","1142243F_TAAGATTTAGCGGGAG-1",0.00551516406238651,0.0780750762785866,0.0165030788801505,0.00407511299577406,0.068799708557034,0.0602479068260003,0.17861097480379,0.158718887806148,0.429454089790131,"1142243F"
"107","1142243F_TTACGGTGTCACCGAG-1",0.0095982093238589,0.0527933889254108,0.0251277923715018,0.0155473264189299,0.15597581730383,0.0186109559371496,0.0725477868435559,0.071944914712477,0.577853808163286,"1142243F"
"108","1142243F_CTACACTAGCTTGTTC-1",0.00661530430214383,0.08056344380434,0.0192111120749905,0.0504574951804164,0.238382928774967,0.00991965077541708,0.116249223707669,0.0306887783536882,0.447912063026368,"1142243F"
"109","1142243F_TGAGCAGTCGTGAAGT-1",0.00172067754010322,0.0255535780704963,0.0245446218421154,0.017748071848399,0.189518579821572,0.010442203722213,0.103587412278021,0.153757584062934,0.473127270814147,"1142243F"
"110","1142243F_CGCTGAGGACGTCCAA-1",0.0117502107558584,0.0397753081249235,0.0182835915224887,0.0913004254211015,0.26584259786675,0.0215807677716827,0.13391297666583,0.0215463855458702,0.396007736325495,"1142243F"
"111","1142243F_GTGTATGACTTTAAAG-1",0.00595538955451622,0.0485302780950055,0.0123278128312532,0.0136033577160758,0.128544993347251,0.0101182801089196,0.123750623050129,0.090602049052831,0.566567216244019,"1142243F"
"112","1142243F_CTAAACGGGTGTAATC-1",0.00513152512354475,0.0417231658207384,0.00946911344237395,0.181510989817354,0.286124287059156,0.00671374475861896,0.113868117704664,0.0232848233457837,0.332174232927767,"1142243F"
"113","1142243F_TGTACTGTGCCAAAGT-1",0.00372501834059444,0.03329515580756,0.0109065407344716,0.0316043131941058,0.174818523862622,0.0108166562646743,0.108635373067163,0.0452284662315002,0.580969952497309,"1142243F"
"114","1142243F_GGCCACAAGCGATGGC-1",0.00888326636946515,0.0531585026263821,0.0154005211457891,0.0177243518990557,0.116721724230097,0.0154983004981951,0.0855658898758694,0.120567758962533,0.566479684392614,"1142243F"
"115","1142243F_GTCAATTGTACTGAAG-1",0.0098311531213137,0.013158396807251,0.0168495480339148,0.0309696704515615,0.233506239273102,0.00916442064523171,0.117574686669334,0.0226904071337504,0.546255477864541,"1142243F"
"116","1142243F_AGGGACAGCACGGCGG-1",0.051815465415536,0.00749202671732114,0.00898479093934517,0.0401443376058223,0.119077448712077,0.0208158982788105,0.217545885718877,0.0183965038521858,0.515727642760025,"1142243F"
"117","1142243F_AGCTTATAGAGACCTG-1",0.0113491382885746,0.274917094200764,0.015015457982029,0.153488149179017,0.0877803999430997,0.011653912145902,0.111230008180156,0.0504466969014961,0.284119143178961,"1142243F"
"118","1142243F_AACTAGCGTATCGCAC-1",0.0254521364264687,0.0294619546938592,0.0108468408711365,0.168992369028405,0.116152791343501,0.00725102947509124,0.164113739586664,0.0216854937873628,0.456043644787511,"1142243F"
"119","1142243F_AACTTTAGCTGCTGAG-1",0.00511240041621224,0.201639583501273,0.00596437312925874,0.181081028479091,0.0568977022786644,0.0249448967843958,0.0858294025548126,0.199167427481589,0.239363185374704,"1142243F"
"120","1142243F_CCCAAGACAGAGTATG-1",0.00666618552676005,0.0713651030267008,0.0243330055294173,0.126371682463953,0.121743794457662,0.0104384834311663,0.115999729917891,0.210762654029898,0.312319361616551,"1142243F"
"121","1142243F_GGCATCAACGAGCACG-1",0.00720693452142382,0.240925622788937,0.00500038804041715,0.126347591769233,0.126331987832402,0.0161416343235828,0.0930277935354151,0.203571748268445,0.181446298920144,"1142243F"
"122","1142243F_ATGCATTCCGTGATGG-1",0.00588916408294446,0.306751325282221,0.0114155279872266,0.0834158947017737,0.0512792758793638,0.00416553551179975,0.0315093649131898,0.388859921865069,0.116713989776412,"1142243F"
"123","1142243F_TTATAGATGCACATTA-1",0.00559503615306725,0.179201586169254,0.00286431428485161,0.092420465726147,0.0324248464001722,0.0314143769941199,0.0438892274876569,0.477634774437975,0.134555372346757,"1142243F"
"124","1142243F_GAACCATCTGGGAGAC-1",0.0513562067462225,0.195385987975533,0.0310868758492994,0.205639616579856,0.0373457113300563,0.0712584162162181,0.0932609796076256,0.0511430527850473,0.263523152910142,"1142243F"
"125","1142243F_TGCTATACAAACGGAC-1",0.0162167327249303,0.0446365538116772,0.00700791734013205,0.320494857140179,0.1316743515641,0.00560516249402441,0.140803409179903,0.0302152773001613,0.303345738444893,"1142243F"
"126","1142243F_ACTTGCCATATTGTAC-1",0.0551940509271397,0.194310424763719,0.0221791469934104,0.23411501211678,0.111097235657458,0.0152288159101934,0.16640884248731,0.010272183321299,0.191194287822691,"1142243F"
"127","1142243F_TATTCCGGCAGTCCTA-1",0.0273094163046076,0.15195055478658,0.0268910475640923,0.10966301519718,0.10177332867157,0.0254622340372489,0.147750578642342,0.0135411037768632,0.395658721019515,"1142243F"
"128","1142243F_GACGGACCGCGTTCCT-1",0.0544524931948547,0.169035529284178,0.05668581488895,0.163639223687841,0.0889748362913637,0.0312762393547894,0.191704297551745,0.00964120356404195,0.234590362182237,"1142243F"
"129","1142243F_ATGTGTAGTTTAGTCA-1",0.0103066026766689,0.338489766465402,0.0034560869567101,0.213128803362322,0.0476132149477754,0.0214349557111499,0.112238932168757,0.024803411693876,0.22852822601734,"1142243F"
"130","1142243F_ATACCAGCAAATTGCT-1",0.00967209181882247,0.361515243037298,0.00842460254236146,0.238852129964846,0.0388335433598707,0.0292765566512372,0.0629189984216204,0.0443298542647022,0.206176979939242,"1142243F"
"131","1142243F_AAGTTTACTAATGGCA-1",0.00666662316020114,0.254235983680437,0.00250763256726925,0.207641629127467,0.0574260728548381,0.0072206219069004,0.126257812744392,0.0983695744841663,0.239674049474329,"1142243F"
"132","1142243F_CTCTCGATGTGCGCCT-1",0.0170231015910011,0.0939194159010199,0.0162607297899186,0.210648451219457,0.166072188142541,0.0236545087472294,0.107015338898285,0.0139407327889348,0.351465532921613,"1142243F"
"133","1142243F_GATTGACACTCTGCTC-1",0.00864421952613676,0.0207655423999089,0.00504838782852662,0.467991783751683,0.123420594403398,0.00795104900801758,0.103820683746768,0.00488428787249589,0.257473451463066,"1142243F"
"134","1142243F_TATCACAGCACGGGCA-1",0.0134491363696664,0.0450364229668693,0.0211639868740961,0.113749056186111,0.316383902618385,0.0151982108755228,0.121612071364952,0.0086381842368275,0.344769028507571,"1142243F"
"135","1142243F_ACCGTTCCCGCTCTGA-1",0.00530541682640639,0.137331543132109,0.00973894478188095,0.133546452852267,0.138761573240929,0.0293273943411961,0.129214830649913,0.17098469707508,0.245789147100217,"1142243F"
"136","1142243F_CCGCCACCACAATCCA-1",0.0183052021935082,0.285075783675914,0.0275623704870589,0.199142714938968,0.0669847231243951,0.0187169669591672,0.0927456948985893,0.0966165077092876,0.194850036013112,"1142243F"
"137","1142243F_CATTCACTGACAGCTA-1",0.0147908002673803,0.0644450514467976,0.028517200839473,0.15794738192335,0.11570605553422,0.0106904202424603,0.166431886907009,0.0693433761428591,0.372127826696451,"1142243F"
"138","1142243F_CGGCTGCAAGATTAAG-1",0.0146580720126065,0.149011979010761,0.0215131803146945,0.0480414895278704,0.125762403386596,0.0370371105747192,0.188662747556715,0.101263544854619,0.314049472761418,"1142243F"
"139","1142243F_CATGAACCTCTTATCA-1",0.010752655853323,0.0409433503843693,0.0140825974161661,0.0577665529825404,0.264333291559212,0.0153026403659469,0.136784080621166,0.0211377797294813,0.438897051087795,"1142243F"
"140","1142243F_TTAATGCGAGGTAACT-1",0.00648631201130915,0.0609911951527911,0.0283191931775262,0.0203909906882614,0.326738809211608,0.00835315337331065,0.157845317583411,0.0203505011518764,0.370524527649907,"1142243F"
"141","1142243F_AATAAGTCCTCGAGAC-1",0.0142740387251221,0.106905321823033,0.0230131272028123,0.00305224903623032,0.02762852633664,0.0349042315153668,0.117099588148375,0.109502707255506,0.563620209956915,"1142243F"
"142","1142243F_ACCAGCCCGGTCTTTG-1",0.00219714464231107,0.144376527004515,0.0210973419261371,0.0497166451160228,0.224532455496744,0.00312209715205284,0.144560169065324,0.0415105966726628,0.368887022924231,"1142243F"
"143","1142243F_CTACGAACTAGGTCGA-1",0.00282728875517275,0.0992507652496193,0.0116991420618328,0.0944706375625183,0.223583437812368,0.0257032614752423,0.134549747448805,0.0482956193323227,0.359620100302119,"1142243F"
"144","1142243F_ACATCTCAACGCGTAA-1",0.00832969525943748,0.0788276122136077,0.0169878781960366,0.0300158347012214,0.13082870608246,0.0107953879704629,0.330805321592373,0.0476789152852554,0.345730648699145,"1142243F"
"145","1142243F_CACTACTCAGTTCTGT-1",0.00370371184044373,0.16804687077132,0.00719255997828067,0.00809987784068645,0.184938032484105,0.0351375342217714,0.0764821141980274,0.24563068431171,0.270768614353656,"1142243F"
"146","1142243F_CCGACTCGCATAGTCT-1",0.00207416636872085,0.102598639701232,0.0243556946658525,0.0405631147179738,0.0845235878853275,0.0240505071615463,0.312136773226874,0.0748276165716872,0.334869899700786,"1142243F"
"147","1142243F_CATTTATCGTTCAAGA-1",0.00505905228481779,0.0705349984410043,0.0191729937084424,0.0220616706173439,0.208494945580571,0.0318513901397648,0.122175374348874,0.0799113083182946,0.440738266560886,"1142243F"
"148","1142243F_CAAACGTGGTCTTGCG-1",0.00912316862325299,0.0584852417290737,0.0284154877799558,0.0965694880428073,0.193788074426417,0.0228297710549616,0.217401873387451,0.0300177699490574,0.343369125007023,"1142243F"
"149","1142243F_TAGAAACCACTAAGTA-1",0.0112969548445473,0.0916810708002084,0.037410166874326,0.00528027450947301,0.084465115154121,0.0217954884666544,0.195574254049149,0.0502662285985865,0.502230446702935,"1142243F"
"150","1142243F_ACTGATTTAGTGATTC-1",0.0068510832028454,0.0723886602724247,0.0147141494182635,0.0229302524052902,0.157287279249091,0.0209976607346599,0.124506232222085,0.0403269742972763,0.539997708198064,"1142243F"
"151","1142243F_TCGTATTTCGTCCGGA-1",0.00879922426020162,0.0409167518250982,0.0179212216703681,0.0580688264009373,0.224430530688567,0.0141074598106529,0.10306375267853,0.0552097708277548,0.47748246183789,"1142243F"
"152","1142243F_CGGAAATTTCACATCC-1",0.00986335330678879,0.0508445389949477,0.018169388159629,0.0413525983444274,0.28005509219906,0.0146960449024786,0.118570027709574,0.0521911757462238,0.414257780636871,"1142243F"
"153","1142243F_ATCCACGCTAAATGTT-1",0.00398089434655231,0.0702502247452719,0.019827624480195,0.0839924273365141,0.238283096823928,0.00822567568405685,0.0766848389743446,0.0421371907779727,0.456618026831165,"1142243F"
"154","1142243F_GTTCAATCTATGTCAA-1",0.00559800484643499,0.0660082686022301,0.0139993828613002,0.0371022380178699,0.286981443868015,0.00969824946467479,0.0960923867954569,0.0289063572715649,0.455613668272453,"1142243F"
"155","1142243F_ATAAAGGTCAAGTACG-1",0.0192257989007409,0.0308456957861392,0.00817462594623044,0.0881841493806323,0.194343502530683,0.0161615824993986,0.170822431381373,0.0315898710125387,0.440652342562264,"1142243F"
"156","1142243F_CAACTCCAACGTTTAG-1",0.00480177558004957,0.0873163486447697,0.0335409738550568,0.0421658525987405,0.353989451290331,0.00741309821406098,0.0560025686325028,0.0357666268972316,0.379003304287257,"1142243F"
"157","1142243F_TAGGAACAGCCTCCAG-1",0.0243197642108983,0.0334219985434505,0.00822694743017928,0.204966047706013,0.143076467754107,0.0759426934941194,0.12153195509658,0.00849688134073971,0.380017244423914,"1142243F"
"158","1142243F_ATGGGAACGGAAGCGG-1",0.00670449615022573,0.289324078700963,0.00500447249095716,0.134215899426732,0.0975311576244279,0.0254989411395568,0.121532693891458,0.0224117467954599,0.29777651378022,"1142243F"
"159","1142243F_CACACGTTTCAATGGG-1",0.00718468997086741,0.144143272567745,0.0153856722672149,0.250138534280943,0.186439393756503,0.0656750888944554,0.0674602949095068,0.0235177227144054,0.24005533063836,"1142243F"
"160","1142243F_GGTGTTCTGTTTCTAC-1",0.00540076203530539,0.19768509119701,0.00737184029658162,0.109752565149401,0.143545767874685,0.0358190020990243,0.0701766095969403,0.0680389537986897,0.362209407952362,"1142243F"
"161","1142243F_AGTAACGTTCATCCTG-1",0.0131963015907912,0.275153801201223,0.0180490141983578,0.127032689418849,0.0864312109449522,0.062504706142677,0.0705004751153324,0.0298997732270322,0.317232028160785,"1142243F"
"162","1142243F_ATAGGAATCTAAGCTT-1",0.00711214464034805,0.167795134796678,0.0101919970284699,0.224715089842881,0.134713428353543,0.0220853310807858,0.0548730049855833,0.0225938238808514,0.355920045390859,"1142243F"
"163","1142243F_CAATATGTAGATTTAC-1",0.010047004258189,0.0740188322948173,0.014988543962482,0.0415203631517429,0.250770588014536,0.0232678478349292,0.0442621849937159,0.029513736652798,0.51161089883679,"1142243F"
"164","1142243F_ACAAGGCCTACCAGCC-1",0.0106593201973418,0.132119281593116,0.00492907697434475,0.169097228426377,0.184292261444808,0.0385142482431641,0.0644093757616077,0.0220032011753013,0.373976006183938,"1142243F"
"165","1142243F_TTATAGTCCAAGGTGC-1",0.00709904546648363,0.0411204285242361,0.0139395008755021,0.117178096282833,0.275106818093316,0.0144423972011875,0.0410308238689132,0.0219527416303862,0.468130148057141,"1142243F"
"166","1142243F_AAACGCCCGAGATCGG-1",0.0144514803994329,0.137866388933828,0.00941104758636907,0.154927679227302,0.177456505037584,0.0114771647380841,0.101535466968371,0.0134275468510945,0.379446720257935,"1142243F"
"167","1142243F_CCTCGTTACGCCTGTT-1",0.0103356990608319,0.0603118801622477,0.0269853267592433,0.101737360560857,0.24107831773514,0.0475354386471046,0.0483812585219445,0.00789070676127418,0.455744011791357,"1142243F"
"168","1142243F_GAACGGTGTAAAGCAG-1",0.0167261956564405,0.174312941420897,0.0213601200444252,0.144953944589246,0.162501773177203,0.0150645102041141,0.0836022679502585,0.0263167031824305,0.355161543774986,"1142243F"
"169","1142243F_ACGCATAAATGACATG-1",0.00722585467822326,0.0690675589082371,0.0128185001770596,0.319619105312505,0.208892309228439,0.00894872859600944,0.0675874563178708,0.0223018334586269,0.283538653323029,"1142243F"
"170","1142243F_GGTTCGATGCTGAGTT-1",0.00233074792139872,0.178882381211643,0.00702365859198404,0.316413159209391,0.187645714631017,0.00351485071015906,0.0499207540975786,0.0075326673895871,0.246736066237242,"1142243F"
"171","1142243F_CTTTGGCAGACAGAGT-1",0.0125143614522224,0.0989361786106158,0.00806985236965072,0.2595116172014,0.227808850789779,0.0184044416170223,0.0915993199092652,0.016428725293624,0.26672665275642,"1142243F"
"172","1142243F_TTCGTGGGCTGGAAGC-1",0.00233913025268347,0.218502615156816,0.00385923185737847,0.286789568225686,0.155843658204724,0.00684114593907514,0.079244345085127,0.0246129701542383,0.221967335124272,"1142243F"
"173","1142243F_CAAAGGTTAAATTCAG-1",0.0117875218800994,0.159648580402215,0.0137120880458867,0.29569739935107,0.126860580595386,0.00994433929524996,0.0753053738882483,0.0138467218853366,0.293197394656508,"1142243F"
"174","1142243F_GTTTGGCGTCAGGCAC-1",0.0143742477925258,0.0515079966328098,0.0312789121254074,0.318054301691036,0.234441366929889,0.00492635046315358,0.0743338482639127,0.00829106237501505,0.26279191372625,"1142243F"
"175","1142243F_GCTTTCTATCTCAACT-1",0.0034283906543306,0.239205987377378,0.00369449127117511,0.348892516882477,0.125641082992032,0.00630261372207036,0.0798475393674885,0.0109958594177029,0.181991518315346,"1142243F"
"176","1142243F_TGCATCTCCGGATCTT-1",0.00324654165678057,0.24148777003312,0.0076440412416866,0.353797985342853,0.139633328180535,0.0166781832836475,0.0539496566617621,0.0106109792255166,0.172951514374098,"1142243F"
"177","1142243F_CTGAAACGGCCCTCAG-1",0.00258126606467885,0.410064371328416,0.00609206412094926,0.202907834043121,0.0934974846470714,0.0326478154296751,0.0588113579923028,0.016465662115214,0.176932144258571,"1142243F"
"178","1142243F_TAGCAGTAAATACGCG-1",0.00739298186541979,0.196246854514245,0.0166967823800748,0.16868639967595,0.173525863555993,0.0194560702090577,0.0420189888786112,0.0151204589722785,0.36085559994837,"1142243F"
"179","1142243F_CGGGCTACTTAAATTG-1",0.058541205166095,0.264503935192429,0.0476515359141856,0.0989920611818248,0.12335627788172,0.0178922885686251,0.121808106780037,0.0200703607385259,0.247184228576557,"1142243F"
"180","1142243F_ATTATGCTCAGTATTG-1",0.0231446599173847,0.218403401488922,0.0153605811277765,0.223939513891565,0.076310645745781,0.0513625606030545,0.0875278094574854,0.00918653234228812,0.294764295425743,"1142243F"
"181","1142243F_TGATGCTCACGTAGTC-1",0.0116328089619245,0.190142628555386,0.00646834583538791,0.252868843237327,0.103628282389623,0.0519024827977463,0.100559350671116,0.0604284343615706,0.22236882318992,"1142243F"
"182","1142243F_GTCTAAGATGCCCAGC-1",0.00828094471798174,0.172535425469896,0.0126221962158518,0.0847986066068405,0.167889123715583,0.0276814132099228,0.176817837901697,0.0221128162690077,0.32726163589322,"1142243F"
"183","1142243F_AACCCGATAGGGCTTC-1",0.0285855404762477,0.172888639712708,0.0340923158556111,0.227724851643799,0.156838524319079,0.0148494037203186,0.0850580385956513,0.0202528156205298,0.259709870056056,"1142243F"
"184","1142243F_CGCTATCGTGGCTTTA-1",0.0100961402957024,0.119448100556074,0.0136082012711371,0.171492795406982,0.225235441001513,0.0102569571653973,0.170646359773849,0.0153024177704367,0.263913586758908,"1142243F"
"185","1142243F_CGTCTCTCGCCGAGGC-1",0.00923193346467032,0.0400273654029385,0.0192195267856417,0.200942622036371,0.214137691254277,0.0059127881390504,0.0491694585968267,0.0313943325005349,0.42996428181969,"1142243F"
"186","1142243F_AGTGGGAGTATACACG-1",0.0976812823711587,0.350959668204026,0.0255556506206614,0.0081841887793579,0.00627461256172549,0.0502816365302245,0.178995851676034,0.0249412055871082,0.257125903669704,"1142243F"
