"","Endothelial","CAFs","PVL","B-cells","T-cells","Myeloid","Normal Epithelial","Plasmablasts","Cancer Epithelial","sid"
"AACATTGGTCAGCCGT-1",0.00510990366641638,0.101621558057572,0.0251689514448995,0.349373949914942,0.0198892614825022,0.0458742009900577,0.203751164076732,0.162572821741702,0.086638188625177,"CID44971"
"CATCGAATGGATCTCT-1",0.00156738068458898,0.002745407375691,0.1728491004087,0.493482381786181,0.0342930198429056,0.00042105216798711,0.250680735217391,0.00347572316343531,0.0404851993531196,"CID44971"
"CGGGTTGTAGCTTTGG-1",0.00266942183775682,0.00577124142324908,0.0296487154386694,0.630184165879135,0.0224008051097615,2.0812818595062e-05,0.279337545213972,0.00280995732920235,0.027157334949659,"CID44971"
"CCTAAGTGTCTAACCG-1",0.00515533109156077,0.0799725749016101,0.00968965884959671,0.0295052932829559,0.00463887655653193,0.00320673032323904,0.831288916873904,0.00200546478996178,0.0345371533306396,"CID44971"
"TCTGTGACTGACCGTT-1",0.00313610032618982,0.0273664630997247,0.114675235545537,0.292809399234602,0.0512739644676775,0.00145582232000826,0.492100363546794,0.00370320820344118,0.0134794432560253,"CID44971"
"TTATCATACTCGCAAA-1",0.000651753198525917,0.0221135520244518,0.383082577912396,0.0254628579680544,0.00318124670696873,3.37545908959231e-05,0.556590437451249,0.00443984472817242,0.00444397541928628,"CID44971"
"AGCGTAGCGCTAGACC-1",0.000517774229576108,0.0289743195896811,0.351533191205364,0.189833069764638,0.0222383945583178,0.000562032933292654,0.390479706009646,0.00624695003823267,0.00961456167125153,"CID44971"
"AGGTCGCCACTTCGGT-1",0.00528340458838261,0.0996175399412612,0.0274852727630062,0.405201657762997,0.0258414722411582,0.000278794266450956,0.417729544583086,0.00259082264507783,0.0159714912085792,"CID44971"
"TTGCTAGCTACCAATC-1",0.0579649249560373,0.0835289561668201,0.198794546098349,0.3518324001049,0.0486667950891448,0.00366289754651547,0.190601665797915,0.0315842365714535,0.0333635776688647,"CID44971"
"GCCGGTTTGGGCGGAT-1",0.0173563366807229,0.225808302736817,0.0853524433970531,0.261779340145251,0.0127309516658073,0.0200077757663729,0.34576295623682,0.0127432519461091,0.0184586414250464,"CID44971"
"TGTAACTTGTCAACCT-1",0.0071596806833637,0.0558043266825763,0.120553433258608,0.296661477180145,0.0708247352305938,0.000612572389624747,0.391884233543539,0.0127940619689206,0.0437054790626293,"CID44971"
"CGAGATGTTGCCTATA-1",0.0344308156949948,0.048230541406554,0.156666791765447,0.131966427130462,0.0323843346086959,0.00126538782247736,0.401368896268614,0.1586346652983,0.035052140004455,"CID44971"
"GTTACGAAATCCACGC-1",0.0015011709910006,0.055547245723395,0.265699550819321,0.487660446916917,0.0248216487994352,0.000922645630572967,0.123559396628774,0.00321805616101597,0.0370698383295678,"CID44971"
"CTTGTCGTACGTGTCA-1",0.0025631936788372,0.103509130143684,0.14899717392108,0.440039364733773,0.0429810843170889,5.99174254032244e-05,0.238435809233491,0.00115616510882978,0.0222581614378142,"CID44971"
"GCGTCCAGCTCGTGGC-1",0.00265872018995295,0.0795997142843583,0.0970570974537018,0.244328691459724,0.0251993312688262,0.00275140739640565,0.492095637297999,0.0359182086102686,0.0203911920387627,"CID44971"
"CCCTTCTCGTACGCGA-1",0.000894738558164519,0.14850145636983,0.0050968945883682,0.383447951806311,0.0181027063180754,2.30798379779451e-06,0.43282202035534,8.23166620606372e-05,0.0110496073580513,"CID44971"
"CCAAAGTCCCGCTAAC-1",0.00061866491556306,0.0649521201385625,0.0980605498314335,0.382710998839785,0.0446497634383699,0.00198662464706574,0.363533169155487,0.00136897934552091,0.0421191296882127,"CID44971"
"CCGCTTCGCGGTTAAC-1",0.000249743949237602,0.0884760657232719,0.105005538673051,0.479758249524111,0.0176546234804772,1.82812835876004e-05,0.284135519169345,0.00715951416542803,0.0175424640314909,"CID44971"
"GTTACGGCCCGACTGC-1",0.000814873463758853,0.0499994620796929,0.0773236461733159,0.552799896371048,0.0911173096208517,7.00916277717703e-06,0.197698610092089,0.000127957087294135,0.0301112359491725,"CID44971"
"CCCGCTTGCCCTCGTC-1",0.009661374582935,0.228442745591043,0.231867597523294,0.162634831548732,0.124633591971699,0.000352998619483866,0.148979930720989,0.0301084206071447,0.0633185088346782,"CID44971"
"TAGTGAGAAGTGGTTG-1",0.00328161782302446,0.213974854411371,0.0243117821482486,0.458893076023721,0.0652666920662126,7.20018556239124e-05,0.169339860396677,0.0171662011646995,0.0476939141104221,"CID44971"
"AAACAATCTACTAGCA-1",0.00312422603976623,0.24456217609626,0.0399181093788665,0.387337749215137,0.0467813519743053,0.000366317099890439,0.226922686833375,0.0150379755344078,0.0359494078279917,"CID44971"
"ATAAACCATTGGACGG-1",0.000316247566744661,0.102027686816405,0.159022929689129,0.303066559963921,0.0187975170071725,0.0571384957137433,0.313539462218932,0.0116356946705698,0.0344554063533827,"CID44971"
"CACGACTAAAGTTCTG-1",0.00124938524467389,0.330238552973859,0.0139612875217415,0.282978696445438,0.0593160754910311,0.00597560817690811,0.225260585114943,0.00242350924613064,0.0785962997852744,"CID44971"
"GAAGACTTCAATGCCG-1",0.0126672129867262,0.204168780019525,0.168009226956471,0.0795008947613243,0.00849084728198821,0.0670720436349135,0.25924802491424,0.000573642364769682,0.200269327080042,"CID44971"
"ACCAAACTAGAAATCC-1",0.00628436127109239,0.492733088195122,0.0193040533572296,0.0167605794105216,0.067038477020906,0.000299073740675857,0.0652675699603821,0.18580776304163,0.14650503400244,"CID44971"
"GACCAGGTCATTCATA-1",0.000509137442370259,0.685848215444285,0.000229333327563563,0.0137140875140361,6.26795277937484e-05,8.10627647827563e-05,0.171087215618229,0.0516659634934225,0.0768023048675174,"CID44971"
"GTATCGGGACGAGCTG-1",0.00247993926348527,0.0749278555643139,0.0379473493114694,0.502090937531561,0.0105607898336817,5.84848689915521e-05,0.326700021901153,0.0101466136186406,0.0350880081067037,"CID44971"
"CCTGTGCATAGGAGAC-1",0.00947716645612632,0.0278044272680081,0.0968640106780884,0.421984363711409,0.0403131663859264,0.00489576000628218,0.373516291227548,0.000121659986996967,0.0250231542796145,"CID44971"
"CATACGGGTGCATGAT-1",0.0114542481202414,0.0262513440384644,0.0548308745143798,0.393221887893541,0.00511930726688743,0.00159488121638938,0.436383659851303,0.0534113947856924,0.0177324023131016,"CID44971"
"CCACTAAACTGAATCG-1",0.000860157342883062,0.0116551842529981,0.0387749758730917,0.566535995767752,0.0331036197269599,3.30614653577247e-06,0.316513237202512,0.00118872887210907,0.0313647948151577,"CID44971"
"AAATTGCGGCGGTTCT-1",0.00134942776670862,0.0177016193780591,0.0347103712722188,0.54087850107903,0.0515003908192738,3.68946357881935e-06,0.327752434512023,0.00095913117741705,0.0251444345316905,"CID44971"
"AGTCCAGCGGGTACGT-1",0.00109270676736539,0.00910129511764553,0.064178689344241,0.593700944231528,0.0167500817978702,5.70496986441555e-06,0.301133510992712,0.000250953900673247,0.0137861128780993,"CID44971"
"CATTCAGGTCAGTGCG-1",0.000984253352214017,0.0100502790626386,0.015149985483137,0.620081759017184,0.0355257622210212,3.24535738611618e-06,0.301765130603183,0.000305311863042885,0.0161342730401937,"CID44971"
"CTAAAGTCCGAAGCTA-1",0.000644444742565132,0.0136120724337457,0.0206304138695702,0.547651664739471,0.029061101619969,4.43177897284942e-06,0.369429809577713,0.000228829733497296,0.018737231504496,"CID44971"
"AATCAGACTGCAGGAC-1",0.000490544454557382,0.00828762312604369,0.149416313970537,0.545157315744114,0.0398186027403203,2.16916670273193e-05,0.229836909037151,0.000516843476942302,0.0264541557833067,"CID44971"
"AGTATCCATAATAACG-1",0.00137743259362105,0.013155153507464,0.0741698735756954,0.57879795266919,0.0313976283058823,0.000172444566531571,0.275027088330839,0.0018250189514053,0.0240774074993719,"CID44971"
"CTGGCTGCTAACGTAA-1",0.00135568654137751,0.0184482121867246,0.0441742058769335,0.455115223973274,0.035734350716546,9.02621360440374e-06,0.418455167577348,0.00318620115822332,0.0235219257559683,"CID44971"
"GTTCCAAGACAGCGAC-1",0.00529048751796783,0.0241073848174242,0.193154261213374,0.349452202939784,0.0359196442722802,0.00274233825586275,0.338144421846263,0.0183132763571636,0.0328759827798802,"CID44971"
"AAGACTAACCCGTTGT-1",0.000932688018514654,0.0101407814847088,0.0188834004657576,0.616185610631648,0.0267707803930286,1.19328721910435e-06,0.302418645807894,0.000329021528600314,0.0243378783826282,"CID44971"
"GATTAATCCTGGCTCA-1",0.00158226313855533,0.00921463638505583,0.0806841660074713,0.512206213275608,0.0310181522834425,0.000139803222870321,0.33393377633804,0.00248048618503625,0.0287405031639204,"CID44971"
"CGCGCAAGGAACTACA-1",0.00246662441916132,0.00665378249683035,0.08725039155078,0.472871534064091,0.043828530650287,3.51347911726544e-05,0.36057772486644,0.00128429198988409,0.0250319851713535,"CID44971"
"CAGTAGCGAGGTAGTA-1",0.00139073352379207,0.0292965373447915,0.0597564674107016,0.517188257698611,0.0319087608979955,3.88167646045878e-05,0.32483800942217,0.00580364936289663,0.0297787675744364,"CID44971"
"ACGGCGGGTTGCCCTG-1",0.00787025428207393,0.0168633780019475,0.0796395702420799,0.441809647600257,0.0273616672917613,0.000196036619295681,0.379827908932075,0.00638712474780096,0.0400444122827086,"CID44971"
"CTAGGCGGCAGAGAAT-1",0.00391504428066708,0.0378095705167665,0.092707172897585,0.433626285416478,0.0399322516972511,0.000719743637566797,0.355324297840849,0.00550189328686968,0.0304637404259672,"CID44971"
"GTGCGCAGCTTGCTCC-1",0.00103306079954081,0.0275669817535042,0.0677111485171134,0.401370345615003,0.0329562598764117,0.000439101278021188,0.442280958356378,0.00158614655003791,0.0250559972539898,"CID44971"
"TCACTATCGTGCAATC-1",0.000911134163669382,0.0288400141078177,0.0969769879836914,0.476351556302011,0.0536300720400574,0.000286517424077521,0.308899743980214,0.0112951244504581,0.0228088495480037,"CID44971"
"TATGATTCTGCTTGGT-1",0.00242327403549812,0.0541233756985022,0.0755637323179329,0.441426445248443,0.0255230496720815,0.000224405881822264,0.376136206172933,0.0036015795443748,0.0209779314284118,"CID44971"
"TAAGATTTAGCGGGAG-1",0.00286940178711557,0.0182941938044313,0.204317223069147,0.348218720674271,0.0266845452981275,0.00248833002690021,0.350772525780019,0.025692495516945,0.0206625640430427,"CID44971"
"TTACGGTGTCACCGAG-1",0.00202113294911308,0.0341219164238159,0.211543728273158,0.280152422524124,0.0298144742963894,0.00177720630622701,0.414986234853086,0.00841774451954242,0.0171651398545443,"CID44971"
"CTACACTAGCTTGTTC-1",0.00132703234060869,0.0504427804326479,0.121778991191813,0.317367372346165,0.0178828553289659,0.000961483481265868,0.455176057290197,0.023913478427024,0.0111499491613121,"CID44971"
"TGAGCAGTCGTGAAGT-1",0.000424687788074657,0.111178752895659,0.26424569305382,0.309949495668058,0.040231203833136,0.000236426783164211,0.253486212097156,0.00400832010729981,0.0162392077736329,"CID44971"
"CGCTGAGGACGTCCAA-1",0.00494845713300665,0.11617842055928,0.0704142928361042,0.41410449073127,0.0486089459092343,0.000157076704844631,0.311113586712543,0.00258813358275914,0.0318865958309579,"CID44971"
"GTGTATGACTTTAAAG-1",0.00255944996589854,0.0410583143149299,0.0207765188694703,0.245796831560991,0.0511771307708248,0.00345367032076194,0.5234054530853,0.0631504111187527,0.048622219993071,"CID44971"
"CTAAACGGGTGTAATC-1",0.00167533975077136,0.0455949564858601,0.0536813160423146,0.646472091083248,0.0351426541882184,3.91783249272022e-05,0.187968123263558,0.000901068439942795,0.0285252724211594,"CID44971"
"TGTACTGTGCCAAAGT-1",0.00154331040001171,0.0104810031206236,0.00444741277810196,0.516332005653523,0.101637290486848,0.000120488088617199,0.319637256587588,0.00422745532458405,0.0415737775601021,"CID44971"
"GGCCACAAGCGATGGC-1",0.000840180037704433,0.0493807878236856,0.00572250161912638,0.620847540218074,0.0340371496533841,1.83201311670381e-06,0.264616892006322,0.000430512487449645,0.0241226041411372,"CID44971"
"GTCAATTGTACTGAAG-1",0.000702999923545915,0.0130545295468661,0.00225970247920113,0.615307428641268,0.0230840322132392,1.49483280024394e-05,0.32366882322694,0.000299511110747506,0.0216080245301895,"CID44971"
"AGGGACAGCACGGCGG-1",0.00495675295807825,0.0602311463523537,0.0385708718532835,0.57049367661967,0.0229952197176946,0.00146411343563112,0.250126561489302,0.0011846609663661,0.049976996607621,"CID44971"
"AGCTTATAGAGACCTG-1",0.00908434359061235,0.028831896935882,0.0086558095643278,0.489302953890324,0.0251828385240653,6.29989016078717e-05,0.401634114068698,0.00131841330293509,0.0359266312215472,"CID44971"
"AACTTTAGCTGCTGAG-1",0.00606535996159434,0.123650339729013,0.0834450305481399,0.2904344414696,0.0329603340636166,0.000878589606634821,0.390095123104912,0.0116881364635356,0.0607826450529531,"CID44971"
"CCCAAGACAGAGTATG-1",0.0105479062920144,0.0661278022048537,0.0948903349975593,0.455237674157868,0.0346131287861434,0.00536924393298329,0.226447404223974,0.0274853993236973,0.0792811060809065,"CID44971"
"GGCATCAACGAGCACG-1",0.0228373427546004,0.166573700669969,0.0108159058803562,0.343474015520908,0.040056916013421,0.00117501225409537,0.248132979885068,0.0792041654595956,0.0877299615619855,"CID44971"
"ATGCATTCCGTGATGG-1",0.00278327590468956,0.19588844512085,0.0814516035735712,0.520182484134757,0.00544295948691968,0.00621082338210482,0.100503453921371,0.0140880318748182,0.0734489226009182,"CID44971"
"TTATAGATGCACATTA-1",0.00822338481396838,0.213331245037694,0.0472892621203252,0.242071995057095,0.0230065164202341,0.0384286339828037,0.23724635534323,0.0756042813790884,0.114798325845561,"CID44971"
"GAACCATCTGGGAGAC-1",0.0258080042194833,0.288083092359173,0.156223177904512,0.198928352024159,0.0145908996448736,0.0180168762229444,0.1423353579765,0.0531328895893002,0.102881350059055,"CID44971"
"TGCTATACAAACGGAC-1",0.0116746476615866,0.142687615315376,0.0438098051163055,0.293569297219345,0.014898227115617,0.0157224713293145,0.276173956572201,0.167403977805247,0.0340600018650074,"CID44971"
"ACTTGCCATATTGTAC-1",0.0213880058822524,0.117386555773693,0.0596207773373238,0.0612373930895136,0.0626026622710172,0.000630554407615788,0.50008665835128,0.0308181826948348,0.14622921019247,"CID44971"
"TATTCCGGCAGTCCTA-1",0.0113858906344203,0.078438992588559,0.0353898071724253,0.626294015058453,0.0113889783567253,4.72002530365959e-06,0.0871740144060513,0.123221742797171,0.0267018389608911,"CID44971"
"GACGGACCGCGTTCCT-1",0.153799281414779,0.116851521165414,0.0924413374759119,0.0415644909033626,0.00396952367279588,0.0105047900204712,0.40693129373946,0.0107685112776273,0.163169250330178,"CID44971"
"AAGTTTACTAATGGCA-1",0.0130728074006845,0.232187647238659,0.0161495204568045,0.17428597603968,0.0220518243668959,0.0418631802013297,0.309967480374568,0.130288029592296,0.0601335343290816,"CID44971"
"GATTGACACTCTGCTC-1",0.0295043286785198,0.248413566829876,0.0410583314189955,0.0684787616945786,0.00194923556177444,0.00548099273150458,0.321104407544544,0.211404123770894,0.0726062517693119,"CID44971"
"TATCACAGCACGGGCA-1",0.00228093881081556,0.580821718390777,0.000211893010860216,0.00973321956746111,0.0132987838480206,0.0260045817967205,0.00151659580266951,0.304220649003729,0.0619116197689467,"CID44971"
"ACCGTTCCCGCTCTGA-1",0.0161414874532556,0.342448431757821,0.0258098407017716,0.316975833430762,0.00416653389327497,0.00864570260499614,0.031361520556337,0.1793455645864,0.075105085015382,"CID44971"
"CCGCCACCACAATCCA-1",0.000562766272335463,0.598750392486284,0.00120425252304919,0.0302968155785946,0.0158510751746674,0.00601046986473885,0.0511959567713836,0.229535473548892,0.0665927977800548,"CID44971"
"CATTCACTGACAGCTA-1",0.0226784977802679,0.291681673459989,0.0233425031886628,0.498701795559079,0.015710559414883,1.68558902459569e-05,0.0575121462172657,0.00762645240881854,0.0827295160807887,"CID44971"
"CGGCTGCAAGATTAAG-1",0.00267908664722796,0.482718796815119,0.00537717401837317,0.178058158048799,0.0155719880163043,0.00499361784743901,0.100818850064272,0.162897437276221,0.0468848912662447,"CID44971"
"TTAATGCGAGGTAACT-1",4.70136765109889e-05,0.463447720167134,0.000410505270012613,0.403884420956768,0.00502512747483407,0.000305919608418227,0.0543928938814427,0.0485411003353431,0.0239452986295365,"CID44971"
"AATAAGTCCTCGAGAC-1",0.00546486663077869,0.21377309080233,0.0209493089970509,0.491085184525521,0.00580786742169074,2.16666566741774e-05,0.198300881433734,0.0474472296722189,0.0171499038600014,"CID44971"
"TGGAAACGGAGTGAAC-1",0.0500499532419594,0.00228550407525689,0.0163515580139032,0.0249129631605862,0.000361479332440986,0.00625647506553254,0.843882013282424,0.0371314094368288,0.0187686443910683,"CID44971"
"ATCGCACGATTGTTCA-1",0.01300053009622,0.0278485421007474,0.0166310769659788,0.380703585208153,0.0234764752199775,0.00356645468613342,0.473889589864404,0.0314213403606781,0.0294624054977077,"CID44971"
"CGCCACCCGCATTAAC-1",0.00399675079611937,0.0219999584331685,0.0237827063850748,0.475711716897181,0.0692197884351788,0.000135044638833968,0.365860431952064,0.00100211328049854,0.0382914891818811,"CID44971"
"TGGACCACGGCGTTGA-1",0.00775776512427566,0.0157383288377142,0.0222340236356886,0.501228452403626,0.0501578690142698,7.38313688943689e-05,0.362373099896631,0.00350888914853954,0.0369277405703606,"CID44971"
"GTATATGTTACGGCGG-1",0.000391562777220949,0.00423527337425847,0.0030593555725633,0.657943655204734,0.029635098445519,2.33876740586366e-07,0.287223447566918,0.000122867650836423,0.0173885055312097,"CID44971"
"GTATTCTTACCGTGCT-1",0.000669402118224565,0.00358593812653112,0.00466514452863514,0.624582322455698,0.0413635354722385,1.02424192992057e-06,0.301143853640725,7.7768796226358e-05,0.0239110106197919,"CID44971"
"TTCAGAGTAACCTGAC-1",0.000886476098378569,0.00611551481959598,0.0318953968273346,0.549948001643433,0.0363753075484727,6.82747471303957e-06,0.350506782580395,0.00141970355473174,0.0228459894529448,"CID44971"
"GCGGTAACCCAAATGA-1",0.00393972723992221,0.0114581925772706,0.0634082389431287,0.454143640520078,0.0233942464292904,0.000131579713132165,0.400296129732506,0.0113906577576312,0.0318375870870405,"CID44971"
"CTACGTGTTGCCACCA-1",0.0020800289124993,0.0225365680315644,0.0450255504143111,0.434909087745818,0.0189953755528954,0.000223467965051225,0.423727493107415,0.0109278742305298,0.041574554039916,"CID44971"
"CTAGATAAACTCCTCG-1",0.00195396815984178,0.0211849912167041,0.0338310353330021,0.512765615468692,0.0106022799863838,0.000154887877077104,0.381475754360203,0.00412106323082238,0.0339104043672741,"CID44971"
"TCCATTAGTTGGATAG-1",0.0031797399018299,0.0141871292485638,0.0158358213548127,0.469719002969289,0.0349213956327075,3.72773265782103e-05,0.418192033428726,0.00374424009580731,0.0401833600416858,"CID44971"
"CTGGCTCCTGCGGGAT-1",0.00300253860455855,0.0122829703862769,0.0553690472923201,0.418350540876255,0.0766444037051897,0.000242486128890518,0.387062251586948,0.010428717670212,0.0366170437493486,"CID44971"
"CAGTCTCTCGGCTAAT-1",0.00600954711185929,0.00396872710479332,0.130694295532444,0.509941513257631,0.0324483560097102,8.7655957974841e-05,0.270955948887276,0.00702437543509679,0.0388695807032152,"CID44971"
"GTATGACGTGGGAAAC-1",0.00207733337696198,0.0313695277464274,0.0852418961945181,0.402805117119506,0.0252393030921964,7.28683005875266e-05,0.416350442358781,0.00443482780318285,0.0324086840078389,"CID44971"
"AGTCACTCCGCCTCAT-1",0.00520805541285698,0.021522299345209,0.0233909547208862,0.471324604194285,0.0535236241264319,9.76360864913135e-05,0.384294618701532,0.00430792951025142,0.0363302779020571,"CID44971"
"GCAGCGGTGGGCATTA-1",0.000769362119249987,0.00607252374107596,0.103471531543716,0.49231634478701,0.0304610039306818,5.72728348609737e-05,0.341634545136976,0.00183116209005049,0.0233862538163779,"CID44971"
"TATGGAGTTTCTCGTT-1",0.00157637838252269,0.0371222594852965,0.0311639322322204,0.543055012671189,0.0675560090156693,1.61554483581266e-05,0.291984873231453,0.00141465944108728,0.0261107200922038,"CID44971"
"ACTCAACGAATGTATT-1",0.000705057241087692,0.0184197085730336,0.010439361577698,0.59264917214116,0.0233853713876236,1.04209482670195e-05,0.338837536907963,0.000873665350254341,0.0146797058729121,"CID44971"
"AACACGCGGCCGCGAA-1",0.00100038626917129,0.0237201833374061,0.0179867884249931,0.425927107302708,0.0268039239570543,0.000174251845421273,0.487638940641153,0.00334133422170088,0.0134070840003923,"CID44971"
"CGATATTAGCCGCAGG-1",0.000353570027237862,0.00813925738775777,0.00332045715531725,0.665250745512187,0.0379127670826656,7.40118144787533e-07,0.271805779492744,0.000130987936424438,0.0130856952875214,"CID44971"
"AGCGTCTGAACCCGCA-1",0.00843577419004232,0.020842973437163,0.09256774650949,0.331654911702367,0.0279841155612583,0.000948410273369602,0.460542202194759,0.0326783784107706,0.0243454877207802,"CID44971"
"GATGTCCGGATCACAT-1",0.00219055852035462,0.0470943016418096,0.109171378011699,0.469422445019873,0.023991756335278,0.000415147942635633,0.326472189416151,0.00493044915284778,0.0163117739593508,"CID44971"
"GGTCACGTTAGATTCA-1",0.00639234609601153,0.0852796922195222,0.0668618903652248,0.340653757163985,0.0112642935251598,0.000951318543116538,0.461141976878825,0.0039003001376925,0.0235544250704627,"CID44971"
"TTAAGGATACGGAGGT-1",0.00240169816149772,0.0694829199841145,0.0163468959149207,0.483467341631029,0.0255359740308161,0.000322041419455868,0.381568550400393,0.00632599537672391,0.0145485830810498,"CID44971"
"GTGCGGGACCATCGGC-1",0.00363540280678571,0.0726412007379846,0.187714686696876,0.21952492765217,0.0298344775790811,0.00965773275396115,0.431643656304427,0.0107090695303995,0.0346388459383153,"CID44971"
"CCATCTTGTTCACAAT-1",0.00154335028172629,0.0250935754175067,0.0274726536790499,0.409260028168235,0.0498146576122585,0.000368216460548079,0.448538684319633,0.00244276272612258,0.0354660713349202,"CID44971"
"TCCGAGAAGGCTAAGC-1",0.00349849117488125,0.0129308425723596,0.00726084908918787,0.495959230017249,0.0393017753964402,0.000534784892030897,0.394534921967182,0.00399403518331526,0.041985069707354,"CID44971"
"TGGCGGTGTGCGATTG-1",0.00651697556049908,0.119233194038796,0.0310340222361991,0.370527269348364,0.0541927523135437,0.00175348832431228,0.368607604468112,0.0110472301892068,0.0370874635209658,"CID44971"
"ATCCTGCTGCAGATAG-1",0.000556064143308095,0.00183942970240034,0.000588278979787815,0.579013390237351,0.0427699104692687,3.92783138546514e-06,0.348150911064437,0.000481970796165626,0.0265961167758959,"CID44971"
"TTATGCGTCCCGGTCC-1",0.00227470984343997,0.0557820247796246,0.00848499787071094,0.387472196952168,0.0338684721052906,0.000192896027694005,0.473096319122802,0.00224247914306249,0.0365859041552076,"CID44971"
"CATAATGAGCGGGCGA-1",0.00426820744439819,0.0913630494508664,0.00955706790585358,0.381915103697272,0.0256581213078968,0.000361441966633902,0.460134297142468,0.00367942056991289,0.0230632905146978,"CID44971"
"AGACATAGATCCTTCC-1",0.000966088038869087,0.063414285042724,0.0222352015908496,0.520214803187904,0.01538887776122,0.000416477925453071,0.351755538582937,0.000909347194049224,0.0246993806759942,"CID44971"
"AACTGGTGTGGGCCTT-1",0.00176654473843539,0.0696762334035672,0.00426028076911799,0.540517908191009,0.00968659008613918,3.78254481151291e-05,0.344196545588529,0.00762604241301992,0.0222320293620666,"CID44971"
"GTAGCGCTGTTGTAGT-1",0.00380675022561799,0.136492798080349,0.00814128270480736,0.382056237386936,0.00693262563341647,0.00375138332394801,0.377225498697,0.000370992478715412,0.0812224314692097,"CID44971"
"TTGTTTGTGTAAATTC-1",0.00822216926647032,0.0337245732109702,0.156006988574141,0.476274341149061,0.00509068621298939,0.000530783612254105,0.244119820213853,0.00419890040520973,0.0718317373550508,"CID44971"
"GGATCAAAGGACGAGG-1",0.00511909891263813,0.073899142960418,0.0690239563226427,0.492193970855699,0.0074872908882145,0.0173376478863774,0.224063925556599,0.0533386112707496,0.0575363553466618,"CID44971"
"CGTAGCGCCGACGTTG-1",0.00826449064481174,0.111869243113759,0.0832060893256294,0.349656705554996,0.0111052451338082,0.00647143239265258,0.333473958747423,0.042775342402012,0.0531774926849081,"CID44971"
"CAAGTGAACTTTGGTT-1",0.0274314550987477,0.205643319104385,0.014228665591861,0.273806455408359,0.0352619360891778,0.00702141523452195,0.276546888668878,0.0399852250420571,0.120074639762013,"CID44971"
"CAATGGTCGGCCTGGG-1",0.0127763621793137,0.158452964077434,0.0174176986961293,0.441969288267631,0.00891422207411555,0.000300261235802699,0.25355533871043,0.0247750064802631,0.0818388582788811,"CID44971"
"ACAGATTAGGTTAGTG-1",0.000659164445420143,0.147660830320564,0.0931270021373583,0.653715866692108,0.0290849191476284,0.000414845968156241,0.00929767519991693,0.0102252719787027,0.0558144241101461,"CID44971"
"GTTATCACCTTCTGAA-1",0.00159210329262469,0.0359530413229881,0.00495530630269141,0.561411385170999,0.0425601287674646,7.04139136026608e-06,0.328407284186976,0.000980820421674316,0.0241328891432217,"CID44971"
"TGGTATCGGTCTGTAT-1",0.0351076950624533,0.257981286845075,0.102331839872155,0.0403983762042182,0.0261900667313354,0.0149459773108528,0.096513243056534,0.368327866146985,0.0582036487703921,"CID44971"
"GGAATAACCTCAAGAA-1",0.0161640602206202,0.199320886884349,0.0743284815063594,0.475240966523868,0.0282667510760759,0.0232959211721561,0.0353206417264255,0.0043914620573043,0.143670828832842,"CID44971"
"CCGAGGGATGTTAGGC-1",7.67455451635574e-05,0.167473688636494,0.00469101278064024,0.509132241296939,0.0300689899629066,0.000111289976468616,0.218580266475796,0.0515440562056926,0.0183217091199,"CID44971"
"TGAGATCAAATACTCA-1",0.00171545005343033,0.263634518769368,0.0262087238560122,0.108961231321318,0.00130253302084913,0.000683595339435537,0.0962504713862919,0.413515416886237,0.0877280593670583,"CID44971"
"AAACGAAGAACATACC-1",0.0374902598743616,0.423966306937834,0.118566369110238,0.0147947355407205,0.00177693321295115,0.00621448633452078,0.164909423187235,0.0604808438975208,0.171800641904618,"CID44971"
"TGGAGCTAAAGTTCCC-1",0.000411565112421551,0.546023448049093,0.00263079477471933,0.0830300694257805,0.000211325462241068,0.0576225863090875,0.256926551158677,0.0375168913001208,0.01562676840786,"CID44971"
"GGGTGGTCCAGCCTGT-1",0.00313889167577533,0.590522055659983,0.0117140538514152,0.143855983438454,0.00784357279653625,0.0265248566113148,0.0787654432778566,0.0635122995120191,0.0741228431766453,"CID44971"
"CATGCATGGAGACCCT-1",0.000550293254450232,0.660686107088113,3.31329260911891e-05,0.0091182407769955,0.000353069621595479,0.00270688596399069,0.270214770723937,0.0296784953057977,0.0266590043390294,"CID44971"
"ACACGGCACTATGCAT-1",0.00282943022806042,0.328682018820859,0.000349314344098743,0.182236042179644,0.00302980242655753,0.00121351417558074,0.28117230187194,0.133761504435313,0.066726071517946,"CID44971"
"CAATATTGGACTAGTG-1",0.00921779767418037,0.0142613640369894,0.0762584463772171,0.488407283101465,0.0199552280974708,0.00140321568926175,0.332458915269023,0.0162710682667876,0.0417666814876055,"CID44971"
"CGTGCTGGCCTAGTCG-1",0.00379030742063872,0.00584252311386906,0.0300143114146244,0.60499286722723,0.0191162128212713,0.00138851671926823,0.297173237320268,0.00169886374473749,0.0359831602180919,"CID44971"
"CCTGCGATAGAACTGT-1",0.00304880715630466,0.0170821362696302,0.0627537917497039,0.413826063037844,0.0269347158914926,0.000121875856322963,0.416654528182544,0.00744921421748883,0.0521288676386695,"CID44971"
"GGGTAATGCTGTGTTT-1",0.00498898123085785,0.0100785212247255,0.0444125729007533,0.469062700298823,0.022429628256835,0.00018179041896718,0.397000821795243,0.0015321301234902,0.0503128537503053,"CID44971"
"AACGCGAACGGCAACA-1",0.00781161134751222,0.00936319426225986,0.0637380937225104,0.400342432599593,0.0500260173902336,0.000397104930299242,0.41374948127722,0.00726998958667945,0.0473020748836924,"CID44971"
"TGTCGGCATGGTGGAA-1",0.00433254798260108,0.0175796787603755,0.0314553172959559,0.368665207718147,0.0535983620183073,0.000454645111076779,0.473380572970552,0.021570636390378,0.0289630317526063,"CID44971"
"AGCGTACGAGAGCTAG-1",0.00159849696120935,0.00805803163238715,0.0542749388092186,0.506192170177701,0.0641678910256027,3.79705529355202e-05,0.336012490593376,0.0017376939083459,0.0279203163392232,"CID44971"
"ATACTCTCGCCACTCT-1",0.00222280715817717,0.00510348986401421,0.186421346299969,0.442193703131273,0.0352232443792944,0.000225370250238708,0.294356513478289,0.0120573002429162,0.0221962251958281,"CID44971"
"AATCCATGCAAGGGTG-1",0.0038294651177775,0.0178140172602261,0.0715995463481732,0.431105269860567,0.0572807062448182,5.94066809149252e-05,0.377205613159233,0.00596353898900706,0.0351424363392836,"CID44971"
"TTAAACAGAGTCCCGC-1",0.00373213460911682,0.019598992166246,0.0672492434307106,0.454803008905018,0.0292457568710746,9.62211125454578e-05,0.389582163826665,0.00866727268426897,0.0270252063943548,"CID44971"
"CCACAGCTGAAATCAT-1",0.00230846553558957,0.0154138204751805,0.0800209040640795,0.442504520096239,0.0265198001618043,6.03278339541813e-05,0.407819067342507,0.00549850597884634,0.0198545885117998,"CID44971"
"CGGTTCCGGCTTCTTG-1",0.00231977975305413,0.0281444020499001,0.0446801013946333,0.388125907050991,0.0153078530307159,0.000248940244363218,0.481243090896612,0.0034303070265832,0.0364996185531474,"CID44971"
"GACGTGAGACTCCATG-1",0.00209099796710288,0.011252388616048,0.0850980435283382,0.540025132569012,0.0324644753907788,8.42765350847696e-06,0.303185705537034,0.00237139773259421,0.0235034310055836,"CID44971"
"TCGTTGGCTCGTCAAT-1",0.00401452545543259,0.023274146007552,0.11462944774393,0.41647658543052,0.0321267395881952,0.000132233016386925,0.371567269973989,0.00251222589266389,0.0352668268913298,"CID44971"
"GGTGAACGGGCTAGCC-1",0.000853313684653411,0.0276923025208534,0.0105654764655983,0.519839308583131,0.032062839129998,9.03040285678922e-06,0.395274579591485,0.000663049061083538,0.0130401005603403,"CID44971"
"GCACTGTGCAAATGTA-1",0.00149817577937156,0.0101138326256922,0.0104938358277221,0.533564908833523,0.0304725632450467,9.97650568158986e-06,0.392337963871338,0.00117210613445813,0.0203366371771667,"CID44971"
"ACGAGAACCCATCACG-1",0.000366668652050385,0.00898791824661491,0.0035526137931866,0.557104810926724,0.0175374009782121,1.71955459612256e-05,0.394916988285574,8.97969405117159e-05,0.0174266066311647,"CID44971"
"CCAGCTACGCCTCATA-1",0.00143224889141148,0.0067458436335031,0.00727885091493884,0.54530172389604,0.0475979601273708,2.49592879641009e-05,0.371982884579672,0.000711674269812398,0.0189238543992869,"CID44971"
"TCCCGGTCAGGAATTT-1",0.000554148232855148,0.0149652686553133,0.00734939592763627,0.652456896610149,0.0369064788886022,3.9565257388331e-06,0.26858881042837,0.000315062053993701,0.0188599826773415,"CID44971"
"TCGCATTCAATGACTT-1",0.000867687020272038,0.0124931702409607,0.00699109374800065,0.641188019524901,0.0250324322464283,3.49905714249354e-06,0.29216138133921,0.000782108038181895,0.0204806087849026,"CID44971"
"CTGGTTCAACGCATCA-1",0.00159685227999366,0.0244598047924342,0.0154618805560672,0.542460618786326,0.0233504493423699,2.82369376758268e-05,0.370297398078273,0.000779053136461492,0.021565706090399,"CID44971"
"GGTGATTTCATCTTGT-1",0.00120976780484455,0.0345670630870927,0.0239712580873997,0.527655876129318,0.0463473182482941,1.93423908902535e-05,0.33853275310248,0.00739183841573295,0.0203047827339479,"CID44971"
"CACCCTTTCCTCGCTC-1",0.00176287040440162,0.0398605573877894,0.0127559763816156,0.555779698229147,0.0448671134274276,5.69950997218078e-05,0.318496415034395,0.00521362433868519,0.021206749696816,"CID44971"
"CAACTTGTAGTGGGCA-1",0.00124959518893717,0.0294833021684929,0.038344130975141,0.464485705176131,0.0324377194968202,2.97383755456443e-05,0.394328357407909,0.0145590640738296,0.0250823871371931,"CID44971"
"AATATCAAGGTCGGAT-1",0.0041526675680235,0.0240885551570353,0.0357727974906818,0.442506537213132,0.0412324950065251,0.000282074347154119,0.405485892922115,0.012338917909226,0.0341400623861069,"CID44971"
"ACTCAGACCTGCTTCT-1",0.00200072364726808,0.0268881531165827,0.0165072110389817,0.490042867083547,0.0506001050074136,5.98259570541475e-05,0.361003121488591,0.0135246574150704,0.0393733352454919,"CID44971"
"TTGGAGTCTCCCTTCT-1",0.00185385033524205,0.0217935927314576,0.0293923820187205,0.460955099573299,0.0387555242290622,2.30320598808048e-05,0.420658504933269,0.00564236923492853,0.0209256448841404,"CID44971"
"GGATACTCATGAATTG-1",0.00468398501452211,0.0613281041752548,0.0458818424345136,0.469265648809405,0.0334694945074545,1.93727115673893e-05,0.351202937141901,0.00195743942507374,0.032191175780308,"CID44971"
"TGGGCACAAACAGAAC-1",0.00236188319022686,0.0334338280925709,0.013165820216172,0.539107100419089,0.0214919039356693,2.41698906038676e-05,0.362610123655842,0.00806430552909783,0.0197408650707278,"CID44971"
"GAGCCACGGTAGTAGG-1",0.000360319492003623,0.0050585328571426,0.00415784585492345,0.595716200420499,0.0347874271060368,5.34377919904376e-06,0.343184374800415,0.000257519539095894,0.0164724361506851,"CID44971"
"TAACCGCCCGCAGTGC-1",0.00123429404992245,0.0654484069474342,0.00280095895961073,0.61799444350652,0.0172717745457159,6.86696624411877e-05,0.220638926503861,0.00590265143834468,0.0686398743861504,"CID44971"
"GCCTATTTGCTACACA-1",0.00263327496473788,0.0641079913866469,0.019530081095218,0.447704035733956,0.0277860651045354,5.39653179506721e-05,0.402872403187919,0.00128620238662938,0.0340259808224076,"CID44971"
"TTGACGATTCAGCACG-1",0.00372535737616905,0.0454522911216192,0.0133476865852576,0.653485412034617,0.0219308239387295,7.5754681376096e-06,0.212150476596088,0.00882821367745043,0.0410721632019318,"CID44971"
"TTAAACCGGTAGCGAC-1",0.00197994125984298,0.0821564340856394,0.0213406926643791,0.569577329838669,0.0298785581259269,0.000224552419193321,0.16504600079832,0.0505567980418731,0.079239692766156,"CID44971"
"ACCGAAAGGGCCCTGC-1",0.001357624374585,0.164545518402326,0.00774302547520934,0.495350251445266,0.0351090376269732,0.000462247318949107,0.212066391566248,0.0533649897115844,0.0300009140788588,"CID44971"
"ACGTTCCGCGCTCCGT-1",0.00139210136158527,0.146103063546856,0.0465913318470794,0.280329363874117,0.0072111044792581,0.00185171241564725,0.421928224607392,0.0364624141855116,0.0581306836825533,"CID44971"
"CGGCTTTGTATGATAA-1",0.00106355064829031,0.175681030308296,0.0186136887222026,0.508810832924934,0.04245955415017,8.91922881103219e-05,0.142613618205542,0.0886743966656578,0.0219941360867966,"CID44971"
"CTTGACCCGAAAGATA-1",0.000747191941441458,0.159182372696965,0.00972468866510826,0.416719613026088,0.0392174621741511,0.00148588231599161,0.171289522315208,0.176954797817269,0.0246784690477783,"CID44971"
"CGCAGAAACATTTGCG-1",0.00247637911640506,0.0928520821983216,0.0747611243503754,0.463262046666899,0.0244224431399557,0.00394474858858956,0.252556644810743,0.0448004032157546,0.0409241279129556,"CID44971"
"GACCCGTCGCCGGCTA-1",0.000530485158933669,0.145237808073172,0.00468158898110378,0.582080961712567,0.0422661950507795,7.19455457053724e-05,0.15440601936981,0.026344209046909,0.0443807870610193,"CID44971"
"CCCAACCACACTAACA-1",0.00987577313905722,0.30564551548511,0.00898324596312358,0.459344813179878,0.0129391722747755,0.0604162394998619,0.0559930845124793,0.0323018148911414,0.0545003410545733,"CID44971"
"CACCGCCGACCAGCGA-1",0.0258841712327232,0.27712579835549,0.0299634066774409,0.2438303693503,0.0108312330436576,0.0605399272617626,0.317855046240856,0.00331820178892511,0.0306518460488448,"CID44971"
"TGGTATCGCATCCCAA-1",0.000189938208847349,0.351500151349214,0.15435945248524,0.388247371364301,0.0306889223880245,1.80746544125784e-05,0.0420531506768645,0.00320115682247279,0.0297417820506229,"CID44971"
"CAGAGTGATTTAACGT-1",0.0146678637291547,0.258116126171604,0.0321872553344912,0.413147726919829,0.00507587692887346,0.000464326771893201,0.0823212247745634,0.132599951949517,0.0614196474200746,"CID44971"
"AACCCTGGTGGAACCA-1",0.00364888757343818,0.479302720528595,0.000662317836798983,0.00808635118268959,0.0006811080048312,0.021704287218971,0.15911788429381,0.176605978987613,0.150190464373252,"CID44971"
"GTCAGTTGTGCTCGTT-1",0.0209949269780175,0.257700464953987,0.0239883530775965,0.105012886928571,0.00280018842871603,0.00466886505656838,0.201370674897998,0.280416233719863,0.103047405958683,"CID44971"
"GCCAGGCGTTCGCATG-1",0.053382907531643,6.83676095815313e-05,0.00111211981700782,0.267983065188317,0.00343817131988539,0.00212222869696061,0.456189361707966,0.0130246537321255,0.202679124396513,"CID44971"
"CAATGGAATCTACATA-1",0.0178378922945423,0.000294452384880688,0.00104283967357291,0.501035340491726,0.0112164172816644,0.000362954390192991,0.244194581256787,0.00575850916794271,0.218257013058691,"CID44971"
"ATGGCTGGAAATGGCC-1",0.00925399924366231,0.000242538867807669,0.00236374794976785,0.578584281812738,0.0128823551126169,9.83161260188909e-05,0.186601595086356,0.00354493909336523,0.206428226707666,"CID44971"
"CACATGTTTGGACATG-1",0.00974993326274121,0.01173603449065,0.0130884493369389,0.375736809723638,0.0408452744802165,0.00111250605392718,0.490586554548413,0.0314274567137382,0.0257169813897376,"CID44971"
"TTCGCATCCGGAAGCA-1",0.00715006377415159,0.00982730076822759,0.00927394735037572,0.36645891527156,0.0437424415793796,0.00191150271947006,0.487514694096113,0.0181094527272243,0.0560116817134985,"CID44971"
"CCCTAGTGTCAGGTGT-1",0.00464371483932687,0.0209417526812913,0.031271612171003,0.420094226420328,0.0458162035700769,7.8795044520515e-05,0.437953032919705,0.00398903216941798,0.035211630184331,"CID44971"
"TTACCGCCTTAGGGAA-1",0.00392595624007991,0.0277399281608728,0.117596499044788,0.380430212367342,0.0461804963676084,0.0009831525976091,0.375320554345701,0.00229092943518276,0.0455322714408166,"CID44971"
"CCAGTCCATTATTCGA-1",0.00609312158288492,0.0108316560785198,0.0630186332399849,0.426429185528119,0.0356151565150113,0.000185511044580062,0.402002003430938,0.00116262914476182,0.0546621034352002,"CID44971"
"CGTAAACGCTTGAGTG-1",0.00642264561954836,0.0167959256484015,0.0314974871729151,0.475946749058817,0.0659439661431562,0.000214743918765826,0.356002106249781,0.00339566339701119,0.0437807127916039,"CID44971"
"ATTCCTTCCAGGCGGT-1",0.00359918331025004,0.0304245475468126,0.0557395246222075,0.397577839457228,0.0264321807321805,0.00139888073587965,0.441006423303845,0.00219483152230616,0.0416265887692894,"CID44971"
"TTCCTTTCTGTGTTGC-1",0.00529917411989496,0.0214663504897088,0.057092147437036,0.500613012283583,0.0373711375365343,0.000446050428585128,0.345209205195262,0.00815190067262847,0.0243510218367675,"CID44971"
"AGTTGACATCGGCTGG-1",0.00508663159745324,0.0118574413589637,0.0956707544153652,0.424774636710407,0.0316187055985871,6.93983658713975e-05,0.398484419654621,0.0015390914527064,0.0308989208460248,"CID44971"
"AACTCGATGGCGCAGT-1",0.00194663546621372,0.00716887091952039,0.109510670213903,0.483536756276408,0.0997878919022226,4.24328111130106e-05,0.268546961352251,0.00355942895123376,0.025900352107135,"CID44971"
"GATAAGGCAGATGCAA-1",0.00338109260673469,0.00499931643742709,0.0502018154487072,0.407132206576483,0.0482491710952191,4.85864737655063e-05,0.459071235323574,0.00448833782794119,0.0224282382101488,"CID44971"
"GGCTGGCTAGCTTAAA-1",0.00769134015650086,0.0217529933596105,0.0434813074625291,0.407705353144871,0.0241695368587365,9.59773105038861e-05,0.440494223010955,0.0076917175296293,0.0469175511666638,"CID44971"
"CCTCATGCAGCTACGA-1",0.00263836556485154,0.00858600861600973,0.152387211330728,0.40008968684,0.0393396535397798,0.000736992750643115,0.348370175805419,0.00460719714699725,0.0432447084055714,"CID44971"
"GACGCCTGTTGCAGGG-1",0.00146043444326688,0.0132482290731854,0.068762132938927,0.403049930849178,0.0651748648103187,6.78271780461495e-05,0.419461203180016,0.00480057793792694,0.0239747995891354,"CID44971"
"TAATTAGATGGATATG-1",0.00141306670669305,0.00903365648659274,0.0121145106314456,0.512148479527744,0.0336636747414346,2.03810315359132e-05,0.405724314661781,0.00250136641074763,0.0233805498020251,"CID44971"
"GAGGGCATCGCGTATC-1",0.00204180802073047,0.00981869293665555,0.0103044923269917,0.453999335549862,0.0653690712315391,6.83952834365451e-05,0.420382449185244,0.00299561749690007,0.0350201379686408,"CID44971"
"CTTGTGAGTCTTTGAC-1",0.00164889335453285,0.0266604755177014,0.00883533962228802,0.556787165942149,0.0248919241607343,3.8201340893905e-05,0.356390605069119,0.00113982357202904,0.0236075714205524,"CID44971"
