"","Endothelial","CAFs","PVL","B-cells","T-cells","Myeloid","Normal Epithelial","Plasmablasts","Cancer Epithelial"
"AGCTTATAGAGACCTG-1",0.0156205460434601,0.625816263904494,0.00957102547206582,0.00157702617353795,0.000749139472335192,0.186599836387337,0.0321420181854891,0.0464402249142014,0.0814839194470792
"AACTAGCGTATCGCAC-1",0.0334569707185229,0.546912176689081,0.023596910926302,0.00206201954221262,0.00217159151872986,0.179536058609365,0.0110436030670778,0.0911446487721306,0.110076020156578
"AACTTTAGCTGCTGAG-1",0.0177848684509902,0.651300343310706,0.0705722756856532,0.00199310187175447,0.0016992599867718,0.207358394664594,0.00141748418629037,0.0203171535410696,0.02755711830217
"CCCAAGACAGAGTATG-1",0.0156884275226097,0.43062298457972,0.0493405709940403,0.000254035233603275,0.00348696023851387,0.19269714553114,0.00346788768220058,0.0588327727450882,0.245609215473084
"GGCATCAACGAGCACG-1",0.0450670279508036,0.605842896692803,0.130688662983292,0.000978784919432809,0.00122203270224073,0.193024494967039,0.00139306550481703,0.0109917701444184,0.0107912641351531
"ATGCATTCCGTGATGG-1",0.00823319186654252,0.531296851146639,0.0210893843429769,0.000496156552484362,0.00841546545573643,0.147609420901775,0.0142377883934857,0.0264998211602544,0.242121920180106
"TTATAGATGCACATTA-1",0.00451185640835925,0.623742243365733,0.00695324667086038,0.00570228637911763,0.0144559646181772,0.182948442029192,0.0279591334751346,0.0271216755588665,0.106605151494559
"GAACCATCTGGGAGAC-1",0.0233650252630641,0.565511907867218,0.0547949452164786,0.00859068568222803,0.00560925940893001,0.266529462752639,0.00472168939364471,0.0318043713730532,0.0390726530427446
"TGCTATACAAACGGAC-1",0.00803406370103301,0.490431241239999,0.0114620070011466,0.000959494868315609,0.00636885230801549,0.218096615866445,0.0243964798270711,0.0362895408675202,0.203961704320454
"ACTTGCCATATTGTAC-1",0.00703807699490412,0.637332929171076,0.00453114218330153,0.00397098124821854,0.0107918878452995,0.183611855606488,0.0107818054564094,0.0171363412586487,0.124804980235654
"TATTCCGGCAGTCCTA-1",0.00921745857362831,0.717845695404827,0.00794683984473729,0.00178038698365362,0.0012433635439605,0.15177509251346,0.00711857793990563,0.0604621300954995,0.042610455100329
"GACGGACCGCGTTCCT-1",0.0308722280853576,0.398197284943741,0.0586423505770021,0.0157021519324265,0.0773148755721409,0.0887891989241022,0.0203769047325933,0.0364248150632167,0.27368019016942
"ATGTGTAGTTTAGTCA-1",0.0363140225427578,0.695741614047354,0.142117537965716,0.00411592063475375,0.000710083540596164,0.0771595464268287,0.000602690655670676,0.0387009736492212,0.00453761053710201
"AAGTTTACTAATGGCA-1",2.7695835552182e-07,0.480331178322918,0.00017538051363829,3.08193927460928e-06,5.17021407901584e-08,0.0393959592986677,9.79747459983674e-08,0.480093748865545,2.24424713472008e-07
"GATTGACACTCTGCTC-1",0.00615164396767489,0.318429053401429,0.0153247343127207,0.000711661695825921,0.00590941991388474,0.14904107378687,0.0189151723034879,0.307232480952305,0.178284759665802
"ACCGTTCCCGCTCTGA-1",0.00194880847713942,0.654848568518543,0.0145479521004427,0.000250716545065636,0.00078016703009271,0.129342636809306,0.00274155876664141,0.148893508038603,0.0466460837141667
"CATTCACTGACAGCTA-1",0.00231302622123561,0.581596866768508,0.0231605370695091,0.000563588463915443,0.000806734710209389,0.130567443871676,0.00239448150760696,0.225010590362372,0.0335867310249672
"CATGAACCTCTTATCA-1",2.68718731829959e-05,0.386835886810684,0.0018285982659773,5.32069792213885e-05,3.11340338254383e-06,0.042560888160007,7.91630867205673e-06,0.568660608565122,2.29096337500237e-05
"AATAAGTCCTCGAGAC-1",2.15281763109368e-05,0.268001834930225,0.000897810303352081,3.5500637828575e-06,2.24798303760802e-07,0.0252340459839585,4.58585788480203e-07,0.70583911232673,1.43483154843528e-06
"CTACGAACTAGGTCGA-1",0.00846010434610219,0.465006674457393,0.0147698904685004,0.018393725682634,0.039532931333581,0.132443359204751,0.0292627933627043,0.159459395241439,0.132671125902895
"CACTACTCAGTTCTGT-1",0.0028064121356978,0.648121604004156,0.0279557116610112,0.00110198316869278,0.00181475186044582,0.211130569911549,0.00603466340309982,0.0188202066763033,0.082214097179044
"CATTTATCGTTCAAGA-1",1.60032941740387e-06,0.85706652996667,0.000142733200938188,1.76213355327305e-05,1.53180794584594e-06,0.142741692096485,5.87720247754039e-07,2.39583030760351e-05,3.74523968631416e-06
"TAGAAACCACTAAGTA-1",0.000245363257990779,0.883844933590056,0.00378947539168817,0.000552947048186287,0.000166305029000051,0.0992999504801567,0.000201788652004854,0.0112195212193138,0.00067971533160344
"TCGTATTTCGTCCGGA-1",0.0135538395042587,0.444671085609193,0.00979181376536064,0.000144104063678215,0.00151294071368808,0.169701423923719,0.0105401563175362,0.0499085401091657,0.3001760959934
"CCATCTTGTTCACAAT-1",0.0620468013675278,0.436946668738499,0.0111375187211075,0.000526227699292222,0.000293756580624123,0.232734931351466,0.0697400098915345,0.0404035453941452,0.146170540255804
"TGGCGGTGTGCGATTG-1",0.0581525213037849,0.402415207951766,0.00998886247389117,0.00108741734054731,0.000131275800335221,0.218149131068511,0.0696069313775129,0.191686624218051,0.0487820284656001
"ATCCTGCTGCAGATAG-1",0.0690740415103981,0.366358571564055,0.00789800612289999,0.00431967202010973,0.00168621959784388,0.193562892036534,0.125501707420358,0.112404527564422,0.11919436216338
"TTATGCGTCCCGGTCC-1",0.0233956912209762,0.603329347851566,0.00479838592414391,0.00138618294127224,0.000744579898108124,0.166726382007051,0.041792608212695,0.0715747926545619,0.0862520292896254
"CATAATGAGCGGGCGA-1",0.00495577299086204,0.685959493726532,0.00288007146429289,0.000726182164792654,0.000720410936924178,0.204987600618218,0.0209905181288782,0.0171560353585037,0.061623914610996
"AGACATAGATCCTTCC-1",0.0121090075451105,0.591919831835733,0.00551813873396669,0.000642196810098203,0.000674403310177532,0.180529032895562,0.0434270741929581,0.0627991777120835,0.10238113696431
"GGTGAAACCGGGAATG-1",0.000623749396764253,0.618654593587484,0.00420136293203591,0.00146305918628933,0.0036537203635371,0.222030325383709,0.00471636820132887,0.0562786270721538,0.0883781938766976
"AACTGGTGTGGGCCTT-1",0.000339067531935964,0.644799767782852,0.00400245708635789,0.000182241937128118,8.47777894864495e-05,0.0979188557709353,0.000384044922492781,0.249637473839194,0.00265131333961668
"GTAGCGCTGTTGTAGT-1",0.00192805867852073,0.781448290845848,0.011578287872168,0.000475326777902099,0.000249915033116409,0.137130790374,0.000287188601181675,0.0636359093673402,0.00326623244992285
"TTGTTTGTGTAAATTC-1",0.022369223726355,0.579571350478956,0.0229381590585337,0.00211103109980183,0.00426839357499905,0.186950546517742,0.01510942338359,0.0773468726862172,0.089334999473806
"GGATCAAAGGACGAGG-1",0.00554318258069961,0.512287711556143,0.00815503779071796,0.00211591804484783,0.00379525046226504,0.308069324237972,0.00509869769746595,0.0259967793916506,0.128938098238238
"CGTAGCGCCGACGTTG-1",0.00204423074784579,0.596725091987628,0.00841096935124978,0.00306121263757396,0.00188312452173328,0.304075635907283,0.00413891017313427,0.0479950897733352,0.0316657349002166
"CAAGTGAACTTTGGTT-1",0.00233328284402747,0.620997634395907,0.0083915251351993,0.0068463522940497,0.00419911334868019,0.254550220496206,0.00548383652163555,0.0416922996160436,0.0555057353482503
"GTAGACAACCGATGAA-1",0.0356823615875174,0.612811788764952,0.129143130685643,0.0192634480267389,0.00125671783585635,0.156263198034868,0.00115028686332998,0.0399976791134584,0.00443138908763587
"CAATGGTCGGCCTGGG-1",0.027815198616803,0.521221024782768,0.0122561681521945,0.00209882709978816,0.00448645709747808,0.173419032134959,0.0308764613856517,0.0226346945297474,0.20519213620061
"ACAGATTAGGTTAGTG-1",0.0092266694727672,0.78012598865407,0.0314213355968973,0.00794006313830674,0.000772778127395363,0.123883288313923,0.000612033017757483,0.0429638675411058,0.0030539761377772
"GTTATCACCTTCTGAA-1",0.00276756591419549,0.798014867374418,0.0732071170157502,0.000129276176868141,8.00363254154027e-06,0.123057710573912,3.22232092767249e-05,0.00257303850407297,0.000210197598965201
"TGGTATCGGTCTGTAT-1",0.0422060246768843,0.50883441120966,0.16585868409457,0.0373147250716125,0.00302125178592996,0.127346178633866,0.00214511519308899,0.11001389615735,0.00325971317703878
"GGAATAACCTCAAGAA-1",0.00607809997070371,0.568815603435044,0.00904511095627064,0.00184661411987532,0.00100846794905932,0.206753907916171,0.0123107748623615,0.16906036585285,0.0250810549376649
"ATTATCTCGACAGATC-1",0.00580110930006311,0.374983920994975,0.020222741032476,0.0219791844900596,0.0160888439956373,0.243660619732754,0.0188973128998032,0.184063387345499,0.114302880208732
"CCGAGGGATGTTAGGC-1",0.0193154987227324,0.382840619544133,0.0188202906740602,0.00233170539566308,0.00305587627768907,0.165317279999304,0.0308892573163788,0.2685757436978,0.108853728372241
"TGAGATCAAATACTCA-1",0.000512509590724178,0.555672661246407,0.0104969805648518,0.00246048848274233,0.000941707663272785,0.183863090878864,0.00731717729244112,0.212075763164582,0.0266596211161141
"AAACGAAGAACATACC-1",0.00935521578315736,0.361893531934999,0.0167966569433607,0.000292881774929782,0.00612000420759701,0.162325613752414,0.0223437149478786,0.156127329104402,0.264745051551261
"CTGGTCCTAACTTGGC-1",0.00705753085553292,0.452307504970698,0.00704495796816794,0.000135590262722285,0.000411202166593204,0.195217720897408,0.0400702598091668,0.153957492262625,0.143797740807087
"TGCACGAGTCGGCAGC-1",0.00293468659341462,0.600349879261205,0.019476017750811,0.000476053395313315,0.00063648861331918,0.115196966896416,0.0130615431027823,0.210380696737842,0.0374876676488972
"ATAGTCTTTGACGTGC-1",0.0107333526170386,0.494595431288077,0.0186265950113603,0.000398765432663064,0.000644007393823041,0.136702071124393,0.0173150363304598,0.24865703194506,0.0723277088571265
"TGGAGCTAAAGTTCCC-1",0.00160223645157958,0.420985107005777,0.017586842654407,0.00067788916436872,0.000545926548742212,0.123586897075359,0.0125142862606416,0.395430117628469,0.0270706972106553
"GGGTGGTCCAGCCTGT-1",0.0325401033419185,0.486647925291874,0.1124624385819,0.00591072322838079,0.000694211116694928,0.0880071509923805,0.000718786966952134,0.271383897961687,0.00163476251821234
"CATGCATGGAGACCCT-1",3.54379515801047e-06,0.266576184388912,0.000131956070815742,1.11055693820514e-05,1.25233500732e-07,0.0353466698357435,5.13576128271312e-07,0.697928218439403,1.68309095656198e-06
"ACACGGCACTATGCAT-1",0.026899019848972,0.513648006255424,0.101497398049946,0.00263135281776862,0.000387869318487269,0.177422700850303,0.000180720134301224,0.175766286450893,0.00156664627390458
"CCCTGGTATGGGCGGC-1",0.000365664782515968,0.497876928179848,0.00305174297881896,0.00548726148041664,0.000277081906411475,0.132681507101003,0.000549144025674782,0.357211085194448,0.00249958435086327
"GGAGGATTGAAAGGAG-1",0.000289452358781933,0.598693162382466,0.00356462361120523,0.00204501866462108,0.000793880807031759,0.2114346138179,0.00107873800947556,0.17736274574719,0.00473776460132844
"CCGCTGGTGCCATTCA-1",0.0249806256855486,0.388942144631039,0.00592678725720661,0.0170399728479191,0.00681041328044155,0.175076752935613,0.111368036853522,0.103107014828333,0.166748251680378
"GTTAGAGTGTGCCGCT-1",0.000290652324306524,0.709056622918197,0.00619128638518625,0.000558497025925919,0.000110241306382355,0.240048843517067,0.00149304448490092,0.0328728303010251,0.00937798173700888
"TCGGAATGACCATCAA-1",0.000631505327999004,0.789253538175753,0.00465031411034413,0.000506270267873523,6.70149797126026e-05,0.195675893986364,0.000584939800232044,0.00451879908386866,0.00411172426785332
"TTCAATTAGCCATAAT-1",0.0375711042323625,0.3422004238569,0.00195827871222674,1.01329127224068e-05,6.92093960777553e-05,0.249510135539979,0.0932297466406022,0.0410724188645746,0.234378549844554
"GATGTGTTGTCACAAG-1",8.09838365966263e-05,0.885825414603736,0.00788257953202919,4.13679670908972e-05,3.1817325571316e-05,0.101494847510117,7.07119621912866e-05,0.00293837249703315,0.00163390476563483
"TCTTTCTCTTAAGGAG-1",0.000225825838822056,0.80608609886122,0.00306753311937613,0.000215619928843083,4.78711593599383e-05,0.172770481152521,0.00111428341933819,0.0100743348548056,0.00639795166571399
"ACCCTTTAGTTCTCCA-1",0.00408192106023851,0.690098750514433,0.00463533197807697,0.000382556210161182,0.00065843135492888,0.154088232044921,0.0147959337576518,0.0304478394463903,0.100811003633198
"ACCACAACTCAGAACA-1",4.83683389561883e-06,0.985557196963115,0.000437708611542711,3.47278950914785e-05,1.31788223406111e-06,0.0137304075028206,2.70602544388903e-06,0.000196942852840199,3.41554330165497e-05
"TATGATAAATCTAACG-1",0.0104527462861882,0.431238053447566,0.00750185344101093,0.000208568732017504,0.00165870177016099,0.23801376237114,0.0128688298961702,0.165195253262488,0.132862230793258
"GATCCTCTTGCGCTTA-1",0.024009445291302,0.488745400777348,0.0375133432663584,0.00110936798559755,0.0017500144957127,0.162926581438536,0.0206486160850925,0.197346870215176,0.0659503604448766
"GGTGATTTCATCTTGT-1",0.174825410165585,0.12080464779672,0.0036400384197196,6.61805992258419e-05,4.91255294917055e-05,0.216652383210753,0.261614438544145,0.00828558793759043,0.214062187796769
"CACCCTTTCCTCGCTC-1",0.0985826829110351,0.307694615602581,0.00822654565822684,7.7238657560212e-05,0.000126378589931121,0.24861018338856,0.165952563110465,0.0396357329258562,0.131094059155785
"CAACTTGTAGTGGGCA-1",0.0202802713373499,0.538007418352195,0.0105399008489832,0.000268767883619394,0.000153198530124076,0.265395286439823,0.030406923226574,0.0510255414791683,0.0839226919021636
"AATATCAAGGTCGGAT-1",0.077824128811989,0.474728442310809,0.0106510089331131,0.000633782088722499,0.00024619618711729,0.255422225919126,0.0616441436659969,0.0136345891591562,0.10521548292397
"ACTCAGACCTGCTTCT-1",0.00739228022915715,0.466841103244725,0.00352526978845719,0.000810226561980638,0.0078973200884107,0.179811821266963,0.0243330440280543,0.0653818579519675,0.244007076840285
"TTGGAGTCTCCCTTCT-1",0.0258544240103489,0.588264032324285,0.00530600336847417,0.000193001369558435,0.000207993458403401,0.213930578198044,0.0390435838917838,0.0786679565566201,0.0485324268224824
"GGATACTCATGAATTG-1",0.00422850758673627,0.651276694912199,0.00788085042595278,0.00174545324534978,0.000333852827974764,0.228012933901955,0.0234402723631174,0.048146617641142,0.0349348170955731
"TGGGCACAAACAGAAC-1",0.000482521609509805,0.754736258639295,0.00208892754473274,0.00241313515889703,7.04093277637781e-05,0.184143189816472,0.00246540778311191,0.0448041721077722,0.00879597801244537
"GAGCCACGGTAGTAGG-1",0.00473804054347864,0.593224304144312,0.00728447328886655,0.00394851422626008,0.000599834208795395,0.244501188027222,0.0197545463355597,0.0749850101790479,0.0509640890464574
"TCGATAGGCTAGTCGC-1",0.00358061569590699,0.639099811868288,0.00869045584204068,0.00118656440684025,0.00106844661525931,0.165476665906749,0.019174864372215,0.130029175709828,0.0316933995828727
"TAACCGCCCGCAGTGC-1",9.27032128488201e-06,0.704736123611547,0.000213800806502581,8.24826569872218e-05,8.16233757211035e-06,0.211562058983353,1.60048758722166e-05,0.0832485805272237,0.000123515879657397
"GCCTATTTGCTACACA-1",0.000256314675472511,0.65637980010639,0.00270182014293931,0.000840079821895355,0.000991509727744326,0.144266256521667,0.000310162037672107,0.190806578814095,0.00344747815212425
"TTGACGATTCAGCACG-1",2.23206736299553e-05,0.654089294915313,0.000779216167033488,0.000159663527094827,2.06476626185476e-05,0.122937020055624,2.51483882406966e-05,0.221781712806443,0.000184975804002105
"TTAAACCGGTAGCGAC-1",0.00298900199828663,0.55681465029303,0.00542646009666463,0.00668468573019505,0.0123742513986916,0.186208925234542,0.00900800309755218,0.130174825778772,0.0903191963722654
"ACCGAAAGGGCCCTGC-1",6.97243095253945e-05,0.631015711913569,0.00251190102162036,0.000421662106046976,4.95850454170572e-06,0.217535403853673,1.92618436711004e-05,0.148392524640299,2.88518070534025e-05
"ACGTTCCGCGCTCCGT-1",0.0499967253729551,0.568307355695614,0.0785454823526625,0.0188687250408037,0.00276365980454917,0.15403094458622,0.0039228815098776,0.114016976447723,0.00954724918959516
"ATACCAGGCTAATAGA-1",0.00141302102776486,0.735244849056674,0.0206334782135175,0.00172548856919792,0.000149261764013635,0.104101529181137,0.000226893223126996,0.136012026486632,0.000493452477936861
"CGGCTTTGTATGATAA-1",0.000459289060808643,0.612463976312802,0.0110656322379027,0.00017113137669766,2.62367552986998e-06,0.0379484364771413,9.03687838853094e-06,0.337856945258198,2.29287225308259e-05
"CTTGACCCGAAAGATA-1",0.0325265341448193,0.474894637951353,0.168032972644281,0.00253422683132447,0.000155265710858352,0.0742783876795397,8.67428794371361e-05,0.247278589807105,0.000212642351282146
"CGCAGAAACATTTGCG-1",0.0724497349161142,0.609813494264262,0.252146393629853,0.000801325210149829,7.21803306394552e-05,0.0498747659363496,5.44558631700498e-05,0.0146810026572282,0.000106647192233151
"GACCCGTCGCCGGCTA-1",0.0158728636452169,0.390894003432317,0.0919186242608875,0.00582666441783001,6.67270325550297e-05,0.0943125896987583,0.000100138463205308,0.400777502954895,0.00023088609433468
"AATCGGGACACTACGA-1",0.000222003545259321,0.648541816794811,0.00255389678279979,0.00032755349223122,1.40453220052754e-05,0.178728644123779,0.000220019441747692,0.168151091801597,0.00124092869576957
"GTCACAAAGTTTCCAA-1",0.0012393062038033,0.513345276798526,0.00293285367468316,0.00300035114326098,0.0019202951609441,0.165172468297006,0.0194874142299147,0.141580351203056,0.151321683288806
"TATATTCGCGTCGATA-1",0.0224374588415941,0.417793664242188,0.013405452626211,0.00313791532608309,0.00280247769992503,0.184791062542211,0.0292043988548894,0.188479251844682,0.137948318022217
"CCTCCCGACAATCCCT-1",0.0312272199491566,0.416305962849396,0.0309135684253494,0.000291477151450552,0.00891696267707514,0.180291333548342,0.0245588586064447,0.0517694969979453,0.25572511979484
"CGACATGCGATCTTCT-1",0.00622393539256628,0.580427950290198,0.00625252830502047,0.000688925597960438,0.000504053898823571,0.220449797726576,0.0240988023215875,0.0929610746772564,0.0683929317900114
"AACACGACTGTACTGA-1",0.000264181739396788,0.7112643919253,0.00187594001262553,0.000178012680314922,0.000387862617290006,0.199476044877857,0.00121526107306079,0.0742535296645817,0.0110847754095736
"CCCAACCACACTAACA-1",0.0152523187293219,0.457491511196873,0.019353594926904,0.000960364295808824,0.00488336224521078,0.165666240119298,0.0219540503772818,0.103286251487094,0.211152306622207
"CACCGCCGACCAGCGA-1",0.00139053515582595,0.54928848265848,0.00914557568907948,0.00948079090088274,0.00629963462917313,0.190453868313781,0.00726851486041435,0.18322432525117,0.0434482725411934
"TGGTATCGCATCCCAA-1",0.0239345791062237,0.470967399334813,0.136135770404834,0.0214082255129779,0.00252944474571102,0.184593367823199,0.00211152262881649,0.150060508181968,0.00825918226145625
"CAGAGTGATTTAACGT-1",0.00617454942482926,0.465683806638004,0.0157168001336753,0.0139367792595271,0.00383438868049017,0.191066486698448,0.0010660032224315,0.294708583438561,0.00781260250403294
"AACCCTGGTGGAACCA-1",0.00347529518531648,0.319313532533179,0.00638884291917956,0.00501511467037845,0.000687421662170001,0.299065249273365,0.000635897963987004,0.361016076712927,0.00440256907949677
"GTCAGTTGTGCTCGTT-1",8.79188305775796e-05,0.562554308370268,0.00122467645638337,0.000834902818252591,6.82624563017042e-05,0.110695649018969,0.000165836394283624,0.323943507247385,0.000424938407579729
"ATTGACGTAACTCGGT-1",0.00617620549493647,0.450596029945022,0.00676949886078566,0.000637167445827629,0.00445588566449974,0.277047096567649,0.0133907549798469,0.0447242463202938,0.196203114721139
"GATGTCGGTCAACTGC-1",0.00562468504049028,0.485517310112651,0.00856021002745042,0.000957695304288175,0.0117737915096733,0.204346740002974,0.0132584429492847,0.052416728092354,0.217544396960834
"AGGGCAGCGGCGTGGT-1",0.000104509355810071,0.816855059376437,0.00282953164523237,0.000963969551147367,0.000158144415527997,0.162557747640799,0.00075173174786346,0.00800341256176231,0.00777589370542073
"ACATCGTTAACCTAGT-1",7.75736816521715e-05,0.748526865638935,0.00192438383289925,0.000645599319686174,2.54658827769846e-05,0.246632849771717,6.09013938817465e-05,0.00173087050067014,0.000375489977781566
"TCCATTGTGACCTCGT-1",1.38410776567017e-06,0.867173416829904,0.00169263720254584,1.88782491478252e-05,2.98713291026296e-06,0.0945403263391369,4.18148519238276e-06,0.0365063726914342,5.981596196303e-05
"TGTTTAATACTTCATC-1",0.000319904625239926,0.714987312137098,0.00476255502395625,0.000460182075007826,0.000126964515200645,0.251811586230498,0.000236455464781627,0.02502701861215,0.00226802131606807
"TTGCTGGCCGGGCTTC-1",0.00368557000690025,0.686634200449954,0.00646995277186741,0.000558142283218648,0.000722704239524683,0.18558212607149,0.0144696027603523,0.0459576303007196,0.0559200711159732
"CATATTATTTGCCCTA-1",0.000626886685027604,0.720262240603325,0.0108325404341408,0.000826268770733762,4.79849595899094e-05,0.118610434813886,5.72610889560427e-05,0.148500939468154,0.000235443176187653
"CTGCCTAGCCACCAAG-1",0.000315808307867932,0.579950337696281,0.00445169201591433,0.00125928870017953,1.91226664202491e-05,0.0694512416602517,9.17043112272474e-05,0.344343302243247,0.000117502398610944
"ACGAGATATTTGCTTA-1",0.058679243570426,0.54226953362296,0.336026925922292,9.78759717216143e-05,5.01565786088286e-06,0.0186184633609671,1.05045821728926e-05,0.0442629253856288,2.95119259710402e-05
"GACTACAATTGCTCGT-1",0.00688820143078132,0.476294324359776,0.0554474557999242,0.000863550743285413,0.000163048306818446,0.107671818515281,0.00014735521161077,0.351793388596044,0.000730857036479321
"AACGTGATGAAGGACA-1",0.000356647252168486,0.558506567895259,0.00225240992071599,0.00161913803290975,3.45554459204126e-05,0.0543318458340585,6.75949978743691e-05,0.382666612868171,0.000164627752922414
"ACTCTCTTATACACGA-1",0.000222941266392026,0.872037762599929,0.015030841495431,4.72536883814249e-05,1.7566963154697e-07,0.0793658755953777,5.12920633424007e-07,0.0332913483535474,3.28841067651363e-06
"CGCATCATGGCTTCAG-1",0.0259647912029919,0.649741055509347,0.119108679093661,0.00133509335812969,3.44893233954778e-05,0.179861860298314,0.000532043552034792,0.0222752756866189,0.0011467119755074
"CGAGTGCTATAGTTCG-1",0.228761110631099,0.0551452264561925,0.0025020610504689,0.000197362581178753,0.000193587406856773,0.149835523428185,0.263793169270095,0.0380856096701953,0.261486349505728
"GTACTGCATGAAGCGT-1",0.264393825103146,0.037652141498398,0.00266238148606824,3.05976110923148e-05,5.60008047538056e-05,0.118134888257318,0.356239983521562,0.00764738770362291,0.213182794014039
"GTAACTTGCGGCAGTC-1",0.165431654720265,0.198132964469887,0.00871710026097859,0.000112532230924366,0.000152847004500573,0.206331750306329,0.191808920654969,0.0384474547661085,0.190864775586038
"GAATCGCCGGACACGG-1",0.0480187202976542,0.466529854454884,0.0207604832020646,0.00131974188023929,0.000353278499321632,0.247926475795956,0.0888829746684861,0.0172709664558636,0.10893750474553
"GGGAGTAATGGCTGGC-1",0.00151673950636907,0.672160346715012,0.0016293550476657,0.000300014290884162,5.00119181060796e-05,0.267068071863399,0.00440388741400168,0.014515487975529,0.0383560852690332
"CATGAACCGACATTTG-1",0.0216627380262456,0.499160444800645,0.00950203810254097,0.000832487253607456,0.00200614662160343,0.19408660582186,0.0206952408817992,0.0263067784365849,0.225747520055113
"TCTGTCATACAAGAGC-1",0.00166998828994528,0.597506188705512,0.0022772002295434,0.00144656434122713,0.000350459778535283,0.255821624831287,0.00866168436492355,0.11506045780343,0.0172058316555966
"GTCGTCAATTATAAGG-1",0.0115267260619689,0.56460617124316,0.00279931636104374,0.00225992577851539,0.001122259355277,0.295367930293079,0.0264374394503694,0.0458326161612026,0.0500476152953835
"TAAAGAGCCCGAAACC-1",0.00689713556862575,0.595891499745926,0.00355840831172086,0.000751738525669376,0.000122838374326495,0.325374924722499,0.010050625806499,0.0212808359717236,0.0360719929730096
"GTACTGAGGTCGTAAC-1",0.00137371183122849,0.565663709763425,0.00152467938698921,0.00087399462087495,0.000603393933894963,0.21665962279709,0.0140208909344405,0.17210219477478,0.0271778019572774
"AAAGACCCAAGTCGCG-1",0.00143845370493715,0.674514038736241,0.00301716277335727,0.0033254903409229,0.000159743404379318,0.229941112992271,0.0039778535225046,0.0755205141356441,0.0081056303897428
"CGTCAGTGCGCACAAG-1",2.75387118875307e-07,0.397217635871128,7.05553413568395e-05,3.11337443944319e-07,1.67294020836511e-09,0.0710923882545723,3.49666062938648e-08,0.531618727703187,6.94656471187169e-08
"TGTATCCTTATTCCAT-1",0.000125039188273416,0.710397095044781,0.00227613226586701,0.000316992077933002,1.90524869193678e-05,0.245417266769345,2.66086980365992e-05,0.0412829322324712,0.000138881236372568
"ATTCTCGTCTCTTTAG-1",1.49946929041469e-06,0.716322474765567,0.000331965888907203,0.000179563631078122,1.40977389802502e-06,0.19584716109637,8.08874531610933e-06,0.0872726015095215,3.52351200506462e-05
"AAAGTCACTGATGTAA-1",0.000175867234047799,0.592657287569035,0.00115156497377278,0.000110595296725547,2.38965955418037e-06,0.177974029883723,1.5287642579304e-05,0.227879645585066,3.33321554957697e-05
"TGTCTACAGTTTCTGT-1",3.87377787562887e-05,0.460639017543527,0.000655600232861329,3.22667706050252e-05,5.27438879892419e-07,0.108363707502435,2.72325021681803e-05,0.430178138495929,6.47717348386097e-05
"TTAACGTCGCAAGACC-1",8.22017990054687e-05,0.455182168655088,0.00559359234329788,9.34969657673075e-05,7.3732969077298e-07,0.0848423718210132,9.76593391370858e-07,0.454194670573235,9.78391951114148e-06
"CTATGTCTATTGAAAC-1",0.00717843741956008,0.614333824990971,0.0684782901366122,0.00435870366465877,0.000213704007979239,0.121738012476196,0.000537177767003793,0.180883765611709,0.00227808392530894
"TCGGGTGAAACTGCTA-1",0.00977849331874041,0.703979670821055,0.0752381058078185,0.0032103617537353,2.6889679919876e-05,0.202016052384999,3.41452007015512e-05,0.00554333172872865,0.000172949304301614
"TGTCCCGACATAGCAC-1",0.0592311517909503,0.613777569689591,0.228202556978046,0.00128750169246817,7.99008402709201e-05,0.0921116894631286,4.7725916292602e-05,0.00474678535275607,0.000515118276495445
"ACAGCATAGAGCCAGT-1",0.0322104332721891,0.592649343891305,0.161326428342473,0.00595667755168278,0.00160427088399908,0.194207923071137,0.00139096518933869,0.00709555800063677,0.00355839979723856
"ATATTCCCACAGGTCA-1",0.026358941843008,0.484861952460106,0.0186641967105542,0.00883498883464552,0.0119789188255586,0.158990170159943,0.0433166722126418,0.0991687865975453,0.147825372355997
"TTGGATCGACTTCTGG-1",0.0040701573499757,0.504602423781449,0.00811773576211177,0.00256308619655827,0.0066377716766092,0.160956917342898,0.0175819339588977,0.0949592671175125,0.200510706813988
"CACCATCGGAGGAGAC-1",0.010326851773935,0.432893942908104,0.0227353482850908,0.00587231190904562,0.0159719620628718,0.211201066899582,0.01837783253367,0.0312577007738066,0.251362982853895
"TCGTTCGTTATTATGT-1",0.0114128273383177,0.318512395981647,0.00473823626621773,0.000185115864648584,0.0116169451001737,0.137229031291013,0.0165771581778782,0.0827514805602019,0.416976809419903
"CTTAACTTCGAAGTAC-1",0.010671211114851,0.521356353914796,0.00899618436816581,0.00351924971776371,0.00461548343936772,0.19406398939321,0.0425523379790199,0.0601365660266578,0.154088624046169
"GCACAAGTGTCGGAAG-1",0.00764767663751506,0.514983318477096,0.010595185352402,0.00121006760440635,0.00314098348989246,0.196315156205669,0.0299006239322989,0.064122591082154,0.172084397218566
"TACCAGCTAGGTTTAA-1",0.0097973490031414,0.517183099683406,0.0172336061665769,0.00355091195888615,0.00337210152579427,0.232041331142102,0.0192435007560735,0.0385881661073463,0.158989933656674
"ACGTACAGATTTCTCT-1",0.000510671413202585,0.715132308944644,0.00330252706058152,0.000244677286628149,0.000525439371468374,0.158620760326226,0.000711323217500736,0.106714992934165,0.0142372994455832
"AATTTGGTTCCAAAGA-1",0.00795820424472749,0.449314104141586,0.00712919084743634,0.000884147623770417,0.00871089531067157,0.150524706091476,0.0129075465387913,0.00975251696747904,0.352818688234061
"GTAAGGATTTGTCGGA-1",0.0294666033288526,0.469308746777331,0.0972859683917702,0.0054890327122295,0.00532418349436546,0.292728620747062,0.00343697332329041,0.0781016719999519,0.0188581992251468
"CATCATCTACCCGGAC-1",0.00190536146879751,0.614938861658861,0.0122450170324899,0.00202656760217409,0.00108275684673281,0.336613143092185,0.0011534357421347,0.0228731623380362,0.00716169421858839
"ACGATGGATCCGATGC-1",0.00249007033405984,0.524538681042257,0.00484293030195426,0.00115115494675325,0.000349175984696086,0.310118466562336,0.0108384766766217,0.0390737741337407,0.106597270017581
"CACTCAGCTCTTGAGG-1",0.00581484212810275,0.547475680123494,0.00411097116120092,0.000937349176131126,0.00287096721367614,0.187081949311789,0.0341529259636752,0.0783455292170883,0.139209785704842
"TAGATCCGAAGTCGCA-1",0.000535807250872761,0.706236622265417,0.00413410572404415,0.00030999601548902,0.000636326882130619,0.201091684178526,0.00377291855457771,0.0324407204515429,0.0508418186773997
"TGAAACTTATGCAAGC-1",4.71185317401413e-05,0.753804120969404,0.000944881739951609,0.000854343231897652,0.000179644488001555,0.231666781759488,0.000312077086975234,0.0083712911036409,0.00381974108890006
"GCGATTCTGGAAGCAG-1",0.010271992383249,0.343274354019177,0.0174331229561427,0.000271557436442087,0.00585739671544472,0.29284756428449,0.0103107457126301,0.0234663946101299,0.296266871882294
"CAAACTATTGAGCTTC-1",0.0028934725167917,0.533348368575567,0.00371584399948191,0.000722614954964795,0.00224608105768689,0.236621345308784,0.00735863326739518,0.0567265840278255,0.156367056291502
"TAGAATTAAGGGCAAC-1",2.04895252170095e-05,0.803682611209214,0.0017413537499213,4.31300699324389e-05,3.12495427441714e-06,0.193553022115337,2.03479542384216e-05,0.000846024043375607,8.9896378489555e-05
"CGAAACATAGATGGCA-1",0.000540326005204424,0.591934851635372,0.00837556921444946,0.00159350129468735,5.1094642670419e-05,0.0984017512904466,3.70491787704996e-05,0.298853130967297,0.000212725771102098
"GATGGTGCCCTAGGCA-1",0.000132101220351732,0.737747498751164,0.000733404988755017,0.000118780351263307,4.31645939778296e-06,0.0982610052775433,6.66917117504843e-06,0.162964943491862,3.12802884885887e-05
"CCCGCAGGGCCCAAAG-1",0.00547851112518398,0.572447170579767,0.00806015871378616,0.0021560058099043,0.000841714413272443,0.267559152724533,0.011229918861262,0.0855076834153897,0.0467196843569011
"ACAGCGCACCCGCAGC-1",0.00193554805074895,0.535602763793569,0.0119290731001301,0.00197832360906977,0.00103035931330792,0.33946218500687,0.00276887746204424,0.0867091960552364,0.0185836736090233
"GGTAAATGTGCGTTAC-1",0.00364537586083785,0.67432213009393,0.00925121546291528,0.000775415936384833,5.76877223310332e-05,0.132644193511679,0.000315293414117812,0.177077375468328,0.00191131252947665
"GTCCTTCTAGTGGGTT-1",0.0350794485965779,0.763222475355668,0.146427481050085,0.00355335403660669,0.000200298097348626,0.0321197767496213,7.63501269791385e-05,0.0190463962313065,0.000274419755806961
"GGAAGCTCGCTTACAG-1",0.00548577315555312,0.611385134806451,0.0131479495788725,0.000357888663925526,0.000884324800670591,0.172708063913441,0.00334623685323925,0.140756589168708,0.0519280390591394
"CACCGATACACCGAGC-1",0.00266383741382859,0.724620814415027,0.043542107852759,0.000207223866936957,3.26046298163072e-05,0.100341529058347,3.53201204403899e-06,0.128501516851597,8.68338996441187e-05
"CAGCCGGGCCCTCTAT-1",0.00224505184052139,0.672849852537939,0.00894270431529294,0.000736968589727005,0.000107799473822125,0.160340325742588,0.00113539543841882,0.140853931696016,0.0127879703656753
"CGGAGCTTATAACACC-1",0.000981797633187438,0.642710227888906,0.00258857013986719,0.000975604457535437,0.000137521070321,0.189165057106179,0.00121273680654151,0.15485837999217,0.00737010490529302
"ATTACAACTACCGGCC-1",0.00525689239621575,0.446412468953354,0.00252844725601943,0.000179922254057552,8.91142535367179e-05,0.157740433467506,0.0112303026293309,0.351670499784386,0.0248919190055933
"TCCTCTGGCCCATTAG-1",0.229621871980958,0.116996019160647,0.00190458486577515,0.000284742452653424,0.000176628490138249,0.138401105120407,0.291449229925242,0.0227974818416053,0.198368336162574
"GAGCATCATCCCTGGG-1",0.190855214229388,0.182569357258734,0.00336674192510846,0.000848744749910237,9.53477321495181e-05,0.142901898442281,0.300383582202638,0.0267796114868806,0.15219950197291
"AGGTAACCTCCTATTC-1",0.251403705318083,0.105092728196599,0.00492288392681103,8.91014269812536e-05,7.3852922531299e-05,0.15205559183289,0.311058443209673,0.0183314204796733,0.156972272686758
"GGTTTGAGTGCTGGAA-1",0.0309683797135164,0.460853746333953,0.00862558130004963,0.00148988110711524,0.00102089964273227,0.231822485847089,0.0635414467574158,0.0665507176680358,0.135126861630094
"GCACTAGTCGCGCTAT-1",0.0783089643812609,0.311126859052765,0.00869298520434316,0.000321982501715911,0.000688412992371534,0.249386391200205,0.123772114435714,0.0147366547320847,0.21296563549954
"GGTAACTATGTATCTG-1",0.0436434995565497,0.377925684360241,0.0166548023245536,0.000636748141938953,0.00516500356405982,0.248213725821568,0.0243808605263023,0.0552533284686994,0.228126347236087
"GCGGTCCCTAGACGCA-1",0.0103144276960059,0.545597733583842,0.00474639646388637,0.000814244098214113,0.00166201418347695,0.154494763812775,0.0361985320642393,0.0332924969658366,0.212879391131724
"CGAGCGTTGATCAGCC-1",0.0611732386072543,0.287090258253086,0.0141245511176533,0.00107337691251631,0.000674641715046122,0.309804203342392,0.094419586554653,0.0675775105399354,0.164062632957463
"AATCCAAGGGCCTGAG-1",0.00663637023271781,0.532077337354478,0.00731714378939452,0.000590596528556841,0.000469103716953308,0.214708633591753,0.0340455972473925,0.115895627319026,0.0882595902197272
"CCGTGCCCATGACGGC-1",0.005295608995537,0.554910780134125,0.013335559466992,0.00243169736358117,0.000419311789916119,0.272786245763639,0.00619408775085552,0.0951224303316657,0.0495042784036883
"GAAATTCACATCGCTG-1",0.0117773743034935,0.608336732009728,0.00516125957017512,0.00384125509278089,0.000606195370415033,0.257108151442169,0.010303345397287,0.0750230662841395,0.0278426205298121
"CTCTGCGAAGCAAGCA-1",0.0164804869611974,0.561880244948028,0.0223997319191577,0.00144036497988059,0.00043024217349899,0.295944993213652,0.0250613865582245,0.0220848370550511,0.0542777121913092
"AGTAGGTAACATACAT-1",0.000777789496020456,0.64999722683012,0.00479618994048576,0.00122747220318159,0.000129365800041721,0.238320978074792,0.000847400929240565,0.0983558771438065,0.00554769958231206
"ATTGGGAATATCTTGG-1",0.00122603457096832,0.675168183786286,0.00421525623636504,0.000279751436142887,0.000206884043059176,0.234010851723706,0.00528748851463765,0.0453177558442652,0.0342877938445705
"TAGAGCTACGAAGAAC-1",0.000162637313718411,0.822267539737669,0.00169747544647019,0.000399684768419208,4.53400094697038e-05,0.162224741271652,0.00017058886689321,0.0118406084528405,0.0011913841328681
"TGCGGCATAGTTCAAC-1",0.00247077945864202,0.671058263450882,0.0176799143042736,0.00459891653214114,0.000501407649717563,0.191623863483262,0.00555744106139226,0.103475634796052,0.00303377926363814
"CCGCCGGTCAACACAC-1",0.00165779421048523,0.635959595502249,0.00329395110386698,0.000293437795000769,2.67317228790247e-05,0.306579597513902,0.000298002353994333,0.0488322628843354,0.00305862691328764
"TCGTATAGTGCAATTA-1",0.0150189935319849,0.701480128225346,0.112105620712929,0.0212705755078329,0.0016139904915484,0.145403375305482,0.000210444563596177,0.000781988417686656,0.00211488324359405
"TAGTTTATTCTTGCTT-1",0.00154524095315586,0.636741812640171,0.00439822712428643,0.0234611714677247,0.00152489593365715,0.308000107809935,0.00818610909485815,0.00861919599265408,0.0075232389835575
"GATATCTCATGCAATA-1",0.102007880201238,0.486358538114736,0.240210287020132,0.0295203653961463,0.0102523980921682,0.102714922095347,0.00128906775788972,0.0137149948164117,0.0139315465059317
"CGTTTAAGCGGAGCAC-1",0.0614946949984724,0.509066790288488,0.250503776489735,0.0457423081390102,0.00454702903747511,0.11948187945017,0.00248303516742409,0.00297475622473057,0.00370573020449469
"CATGCTGGCTCCAATT-1",0.0012295056685551,0.50838061712126,0.00473078529732105,0.102858895844086,0.00648228868785233,0.208479906230973,0.00715043072530377,0.125541282616659,0.0351462878079909
"GAAACAGCCATGCAGT-1",0.0059643702545131,0.492147354522379,0.0377733013171217,0.0109906161345598,0.000829294962336309,0.242558914461064,0.00111879138834522,0.205984897755982,0.00263245920369815
"AGTTTCGCAGGTCGGA-1",0.00198698300169178,0.577548000512144,0.00553319389741239,0.000343156316137635,0.00064881686060674,0.229200821087954,0.00437568041332464,0.143068757480168,0.0372945904305604
"CTCATGGCTCACAATC-1",0.00694494024413084,0.480096658597986,0.00923194564903657,0.00318856561295324,0.0101473814667758,0.208251517090265,0.0298562051561852,0.114907685023694,0.137375101158974
"AACCGTTGTGTTTGCT-1",0.0142183365168092,0.290257921234591,0.00975123873893953,0.00088296655903322,0.0154492836207776,0.141725708673369,0.0566545028667327,0.0429675921244839,0.428092449665263
"ACCCTTCATCTGCGAA-1",0.0203702196560323,0.263775494046159,0.00354455931457912,0.000548643048670777,0.00244988891950794,0.199614917140994,0.0761255037907449,0.0111843100407068,0.422386464042605
"TGCGGTGAAATTTCAT-1",0.00743117566293269,0.408769238326237,0.00511212324172475,0.00155898276978666,0.01970414126159,0.168493220153731,0.0670164412115957,0.0470568651474185,0.274857812224984
"CAAATTGTCAGCAAGC-1",0.00800955855849503,0.427929156677752,0.00688595731463103,0.000627154723110026,0.00242751992187162,0.216708280156747,0.0502328585431992,0.024159355800045,0.263020158304149
"GAGGTACATCCATCTT-1",0.000170319909049542,0.519841210473294,0.00190093288047384,0.00877116925038025,0.00117589295556452,0.147486625054776,0.000719475267415268,0.313683249330461,0.00625112487858574
"AAATGGCATGTCTTGT-1",0.000505001724013599,0.695096077198117,0.0045471800268165,0.0024620925285409,0.0010306552645533,0.135758870603166,0.0022105595232095,0.139976678205445,0.0184128849261386
"TCATCCCAGAGGGTGG-1",0.00071581775967544,0.648564595369776,0.00240610363301667,0.00218915776621039,0.00153429270606455,0.188222694350794,0.0082187241015765,0.0821043740023308,0.0660442403105551
"CGTAGCGAATTGTCAG-1",0.000661030923971512,0.524895191835516,0.00322283354517113,0.000803853380106192,0.000224086285644324,0.109658902401372,0.000295166853395992,0.35781317357493,0.00242576119989228
"CCTAGTTAGTCGCATG-1",0.00453804573724349,0.341564680015672,0.00468231586109638,0.00101594600111181,0.0165267765138922,0.136058805923645,0.0214482388532591,0.0431995120304863,0.430965679063594
"GAAACTCTAATGAAGG-1",0.00396855153179523,0.571698907734683,0.00811457050183157,0.00101374787693782,0.00466178292718197,0.20674032508518,0.00658115039209277,0.0739573884950512,0.123263575455246
"TTGTATCACACAGAAT-1",0.00680221285525021,0.415712971124083,0.0137901591534969,0.000282824342832899,0.00173327814325498,0.225291962248309,0.00845804221545518,0.0526980376761278,0.27523051224119
"TTCAAGCCGAGCTGAG-1",0.0043134795522146,0.450907005857528,0.00401182324381527,0.00167637374907071,0.00992890240071368,0.220140150594402,0.0142172501673552,0.135795396960175,0.159009617474725
"AGGTACGATATTGCCA-1",0.0186753912729316,0.50739628763425,0.0297483398720295,0.00560811486983407,0.0045849366447981,0.233829205474073,0.00863139601712349,0.159957198012335,0.0315691302026249
"TTAAGCCGACAACTTC-1",0.000942815216902563,0.63780740564296,0.0102728399808994,0.000735618677344344,0.00106570452887442,0.231018133511487,0.00258322485236457,0.0832433808181275,0.0323308767710404
"GTCTTAGTACAGCCGG-1",0.00986971345216823,0.328160547874652,0.0182510006742205,0.00158526979855141,0.0169095103147827,0.241708387974589,0.0399711274587856,0.06384125837676,0.279703184075491
"TGGGTAAGGTTCCCGC-1",0.00181150473159457,0.593144612307852,0.00473078188961938,2.06210855429785e-05,0.000826185229341532,0.174131058518218,0.00374418248723791,0.0937467081756238,0.12784434557497
"CTACGCCATTTCCGAT-1",0.00129949477984212,0.64823839108003,0.0111188954529895,0.000195457337398349,1.14275730902958e-05,0.176062241666248,0.000311329135178893,0.161827536529936,0.000935226445287364
