"","Endothelial","CAFs","PVL","B-cells","T-cells","Myeloid","Normal Epithelial","Plasmablasts","Cancer Epithelial","sid"
"TGTTGGCTGGCGGAAG-1",0.0237217120723375,0.0333376273206537,0.022515185897664,0.110187584146131,0.0281779929653794,0.00979756614151941,0.112535592776999,0.599267342974985,0.0604593957043304,"1160920F"
"GCATCCTCTCCTATTA-1",0.0423292082750533,0.0656688105515315,0.0212560129249643,0.146885803806388,0.0522403699004379,0.0399653170782619,0.0890891219175027,0.435756944018099,0.106808411527761,"1160920F"
"GCGAGGGACTGCTAGA-1",0.0270159033258916,0.0414855953122505,0.0222808850715292,0.118447867576695,0.0365689934440271,0.020740661881993,0.1339902370108,0.486447503085883,0.11302235329093,"1160920F"
"TGGTACCGGCACAGCC-1",0.058755045433305,0.0403645266507645,0.0415745651813249,0.135180191591823,0.0287816897852054,0.0340557524078377,0.069645399704303,0.498056051546483,0.0935867776989537,"1160920F"
"GCGCGTTTAAATCGTA-1",0.17846796768292,0.13345218963391,0.212323122076656,0.0248990730599758,0.0157581790620423,0.0416230501796326,0.0312830200419589,0.336801496082813,0.0253919021800918,"1160920F"
"TGCCTTGCCCTTACGG-1",0.218157448189451,0.124513213066291,0.112718376277561,0.0885980613229723,0.0243749683476554,0.0557674002221637,0.0755428687051999,0.262639181242443,0.0376884826262627,"1160920F"
"GACGACTTTCCAAGAA-1",0.272214788359564,0.182451227219846,0.408568742071601,0.0107478917624014,0.00420918119339299,0.061473062228264,0.00717134037411715,0.0504857519528136,0.00267801483800031,"1160920F"
"CCAGTGAGCTCCTTGT-1",0.176967102464455,0.133333169739754,0.175770213730112,0.0732834066730778,0.0388571802504068,0.0331385411868909,0.0577122548108307,0.264718073560362,0.0462200575841105,"1160920F"
"ATACCCTGGCTCAAAT-1",0.0450790557617845,0.0471576158022836,0.0389341194872176,0.0910048688133919,0.0653412087515462,0.0530642251900895,0.217026649973902,0.356194054977664,0.0861982012421203,"1160920F"
"GGGTTTCCGGCTTCCA-1",0.0507205848836157,0.0241901520884954,0.00769866512329013,0.145664235266824,0.0757880337973885,0.0175878254434044,0.169007412543587,0.377232952788935,0.13211013806446,"1160920F"
"TAACCGTCCAGTTCAT-1",0.0479693603748178,0.0245845852538905,0.00919836850131805,0.111377750631429,0.080559365064248,0.0322076265465396,0.166303468899414,0.366243481725966,0.161555993002378,"1160920F"
"AAACAACGAATAGTTC-1",0.0496934236449275,0.0151514431037347,0.00866853127046775,0.16058219292482,0.0634601625066199,0.0336226687369038,0.249580337596125,0.312380411535723,0.106860828680679,"1160920F"
"CAAGGGAGTGTATTTG-1",0.0303577196982359,0.0241949392791144,0.0116741489007557,0.136438537429805,0.0317460259302605,0.0192202611508066,0.236590386558995,0.384457905710892,0.125320075341134,"1160920F"
"CCAAGCTTGATCTCCT-1",0.0374417541560132,0.020515828280839,0.00920560697086961,0.117195634238645,0.0442672459318635,0.0344366190374282,0.214742375837218,0.401237523620532,0.120957411926591,"1160920F"
"TTATTTCATCCCAAAC-1",0.0436133994022345,0.0158745092642709,0.00769706187366131,0.114215770240412,0.0515121301463899,0.0257960788003889,0.246007884260144,0.35144991571333,0.143833250299168,"1160920F"
"GAGCGCTATGTCAGGC-1",0.0395517387482625,0.0214266975683703,0.00860734554665594,0.164354519703889,0.0798249473651741,0.012774345931031,0.22872681496733,0.335270498501394,0.109463091667893,"1160920F"
"TATGGCAGACTTTCGA-1",0.0424439517797816,0.0239469059848328,0.0138323533889348,0.0867707822364119,0.0538865541527119,0.0216758609481822,0.155713269237279,0.433793500914054,0.167936821357811,"1160920F"
"CTTCGTGCCCGCATCG-1",0.0381657663121324,0.022224560804859,0.00689139616545909,0.139265240468828,0.0579268078918408,0.0393859910219356,0.252241674097519,0.317542347009504,0.126356216227922,"1160920F"
"AAACGGGTTGGTATCC-1",0.0330282960838341,0.0136392933009933,0.00858957812923375,0.104004048194378,0.0457836723029614,0.0334116275691016,0.236376596333367,0.406500007380469,0.118666880705662,"1160920F"
"TGCAAACCCACATCAA-1",0.0494103876525259,0.020349153008273,0.0113655127643701,0.175558722332384,0.0779077311153502,0.0190512170992414,0.25696288765389,0.292756409020745,0.0966379793532211,"1160920F"
"GACGGGATGTCTTATG-1",0.0401728900370626,0.0271054684522541,0.00701436225112728,0.114280998770034,0.0640881445939505,0.0337833094491848,0.193099899615427,0.391095356731275,0.129359570099685,"1160920F"
"GGCGAGCATCGAGGAC-1",0.0515370243963987,0.0343751609807535,0.0178303280000654,0.10002740136088,0.0930452623583317,0.0302040348066022,0.244596553744939,0.27774510262185,0.150639131730179,"1160920F"
"CGCGTGCTATCAACGA-1",0.0438040753215689,0.0276217170149158,0.0113657495084151,0.109546387212364,0.0691264693645488,0.0348921406594209,0.274539210698118,0.302882119658834,0.126222130561815,"1160920F"
"TGAAACCTCAACTCAC-1",0.0562913177947414,0.0172802857307018,0.0151431453965695,0.172331054221837,0.0410327684263475,0.0352428386356453,0.180710090864832,0.280905312335116,0.20106318659421,"1160920F"
"CACATAAGGCGACCGT-1",0.0359936839768784,0.0253028074962209,0.0123659153532967,0.176744608717148,0.0616657492764934,0.0310646875232348,0.253699444914071,0.259718947153269,0.143444155589388,"1160920F"
"TGACCCAACTCACATT-1",0.0435363672923387,0.0249642708708272,0.00635977642686474,0.111515368401226,0.0732622175724891,0.0338684680056846,0.35512134102099,0.227516011109912,0.123856179299668,"1160920F"
"ATACGCCGATCTACCG-1",0.0432701456754436,0.0272671922819025,0.00952139360960549,0.159360557843165,0.0598635876789319,0.0348441173117504,0.236905831295376,0.258624087331786,0.170343086972039,"1160920F"
"ACTTATCTGATCTATA-1",0.0442962824037226,0.028298410850039,0.0110204537569007,0.132614195670559,0.045771519585227,0.0334849519363761,0.267788193619015,0.262281006633595,0.174444985544566,"1160920F"
"GTGTGAGCCGAGGTGC-1",0.0383476512260428,0.0277246614901938,0.00905332866052416,0.141000464066077,0.0626392431019151,0.0296692553946881,0.269021379316788,0.322193254320085,0.100350762423686,"1160920F"
"GATGATTTGAAACTGG-1",0.0571425827905774,0.0292106908115572,0.0226702631885468,0.148089844468134,0.049124211370132,0.0317085667562121,0.30250752671349,0.23036296402556,0.129183349875791,"1160920F"
"GGGAACCACCTGTTTC-1",0.0582177500235798,0.0463646831611065,0.0159112977123714,0.142123130592383,0.0773470883876453,0.0547604734567433,0.220384631414302,0.229577382575403,0.155313562676466,"1160920F"
"GTTCGTTGCGGACCAG-1",0.0873237523452133,0.0211794378617884,0.0436740849938468,0.0582470827376242,0.0386821043108904,0.0155327193565545,0.0837934595947009,0.597089737204529,0.0544776215948522,"1160920F"
"TGAGGTTGATCCCAAG-1",0.0951881849836258,0.0351967308210064,0.0273475020683966,0.162993910627876,0.069323235958635,0.0489674585545631,0.170744295792283,0.272535907469553,0.117702773724062,"1160920F"
"GATGCCACACTACAGC-1",0.0374176022900445,0.0426070034984208,0.0160091229930754,0.158951565532389,0.130940686971524,0.0306998174939834,0.300180099680125,0.139241519626748,0.143952581913689,"1160920F"
"AGGCAAAGAGGAATCA-1",0.0794673852565311,0.042546105846274,0.0300941426148827,0.212406945243855,0.063955565190695,0.0300139967990198,0.148718295293766,0.245949848422368,0.146847715332608,"1160920F"
"AAGTAAGCTTCCAAAC-1",0.0326435182450743,0.0264967090304519,0.0150060650156138,0.12882147312153,0.09979331998251,0.0367130360607037,0.226291930919831,0.227360561527176,0.206873386097109,"1160920F"
"AACGTAGTCTACCCAT-1",0.028923773514787,0.0290053306066326,0.0132871185020137,0.144233881500364,0.0858113876094926,0.0313817467858191,0.21264504641419,0.218561622605987,0.236150092460715,"1160920F"
"GTTTGAGCGGTTATGT-1",0.0490690849581006,0.0286687168544363,0.0110574401160286,0.155003366268419,0.0743009008066425,0.0247439587062189,0.286493693793001,0.189489254972804,0.181173583524349,"1160920F"
"GAAGCAAGGCAATGTT-1",0.0411530461128567,0.0266483624468288,0.0109493292743297,0.182140952476345,0.112090483415461,0.029926587383544,0.147802462713465,0.22404177718321,0.225246998993961,"1160920F"
"TCACTCAGCGCATTAG-1",0.0546886790279017,0.0250952882909263,0.00657356119984959,0.179899905684968,0.0983540385375498,0.0234054838488814,0.177936360478198,0.220401332540186,0.213645350391538,"1160920F"
"TACAATGAAACCAGCA-1",0.044412019847433,0.0264366050854863,0.0197752608151543,0.136211438497118,0.0632709754136963,0.0321084219058839,0.259912601986228,0.203771107579235,0.214101568869765,"1160920F"
"GTGCGCTTACAAATGA-1",0.0422169490862253,0.0352194700780372,0.0122490880009932,0.127657471183518,0.10645979456625,0.0331032700990859,0.260240346919807,0.194008539327122,0.188845070738961,"1160920F"
"GCACTCCCACAGTCCC-1",0.0353199306526605,0.0298672788072854,0.0142640694866781,0.21522077871903,0.109258327083373,0.0239982629909504,0.271501633578922,0.133342476823971,0.167227241857129,"1160920F"
"CGAAGACTGCCCGGGA-1",0.0406679293421781,0.0462864442521061,0.0348100529230808,0.188934039231113,0.0723004078282867,0.0239205762298319,0.234856415288431,0.195563339579365,0.162660795325607,"1160920F"
"CAGGATCCGCCCGACC-1",0.0461079140488556,0.021639995449081,0.0104101323016472,0.201298421389217,0.117037153039847,0.0306719526590043,0.211476017390069,0.138583800674954,0.222774613047326,"1160920F"
"CACGATTGGTCGTTAA-1",0.0201733769120274,0.0371530850151079,0.0163195863638897,0.213277663754758,0.0787541669844586,0.0240734083127933,0.250309423550181,0.16954782953348,0.190391459573303,"1160920F"
"GGTTGTATCGTGAAAT-1",0.0171091258519255,0.0795243100175829,0.0184314515490189,0.200396639483053,0.0878952046078828,0.0294739003845076,0.170741602772522,0.26623173625792,0.130196029075587,"1160920F"
"TCTTATGGGTAGTACC-1",0.0137969160821444,0.0228939093355667,0.0147128393022148,0.094919454116252,0.0550580594429092,0.0175750123409701,0.170141228421419,0.494469940669564,0.116432640288959,"1160920F"
"TACAAGCTGTTCACTG-1",0.000922934160179768,0.00197984060056036,0.00143732970462875,0.00101783318664561,0.000278174289431466,0.00261029006185403,0.0016661180309863,0.989551935921385,0.000535544044328317,"1160920F"
"GTATCTTGTTGCTCAC-1",0.0399921374126374,0.0319915151927344,0.0159489797843254,0.171928855450593,0.120222624018825,0.0258798112553828,0.234335590785303,0.150850349587741,0.208850136512457,"1160920F"
"ATACCAGGTGAGCGAT-1",0.0385578000327342,0.0311728464240235,0.0228579943159469,0.218681224527476,0.100364079243977,0.0218367954651547,0.275281042702084,0.0688642553118853,0.222383961976718,"1160920F"
"CCTAAACAGGGTCCGT-1",0.0457510438085928,0.0229852322414281,0.0147422662463695,0.178020306029171,0.130393193846562,0.0207821743596975,0.263042810078231,0.0952122532514662,0.229070720138482,"1160920F"
"ATGGTGCTCAAAGCCA-1",0.0412272139451485,0.0229133016007806,0.0149050512360326,0.211529147022624,0.113787821748816,0.0136130525493437,0.234925943073806,0.115496232973392,0.231602235850056,"1160920F"
"CAAATGCGGAGTGTTC-1",0.0297058174494165,0.0372104176836833,0.0167731321570695,0.172962643331889,0.162862904425443,0.0266839979020484,0.180422657373566,0.0834622864678973,0.289916143208987,"1160920F"
"CGTGCCCGACATTTGT-1",0.0550510368891968,0.0264916595793411,0.0161659798189138,0.197066157448969,0.0913593318298772,0.0183781000616656,0.24604834333025,0.100512118830366,0.24892727221142,"1160920F"
"GTATCTCCCTAACTGT-1",0.0507569787442963,0.0305973619376189,0.0165593973172001,0.145015218538225,0.160574623819243,0.0330224342412493,0.18926198290731,0.12329167158161,0.250920330913248,"1160920F"
"ATTTGCCTAGTTACGA-1",0.0479105066766152,0.0308875032102008,0.0127349480173609,0.194518356532093,0.0989977424503988,0.0181754505148308,0.231092564380872,0.186385851528922,0.179297076688706,"1160920F"
"ACGTCCTAAACGAGAT-1",0.0318525128507544,0.0290129335882709,0.0182403814222106,0.201885864872263,0.10543510336843,0.026121281325667,0.280411305525331,0.11270636316571,0.194334253881363,"1160920F"
"CTGGGATCGCCCAGAT-1",0.0519990495337731,0.0240130362986965,0.012288485634309,0.205193504856469,0.111574407706111,0.024786242794378,0.232988737485791,0.12023039444956,0.216926141240913,"1160920F"
"CTGCAAATGGGCTCCA-1",0.0604875128723084,0.0361569161022942,0.0112002596712968,0.201926330757907,0.149005046488736,0.0278811775649972,0.179048896026322,0.168464259739386,0.165829600776752,"1160920F"
"CATTATAACAGGGTCC-1",0.0330149854706567,0.0297405961991134,0.0199782703154966,0.245619324280464,0.121764789721471,0.0164897286340415,0.0950990156320938,0.247402333655207,0.190890956091457,"1160920F"
"ACCTTTCCTTTAGAAG-1",0.018891639535266,0.0550448482502063,0.0181872550626842,0.417779260242762,0.119353087004543,0.0164859114590314,0.08732110935821,0.173790803767097,0.0931460853202004,"1160920F"
"ATAGATTTGCAGTCGG-1",0.0235886805970114,0.0175625771200431,0.0126642766114832,0.427168307867539,0.130066933881956,0.0272035330328833,0.110869225812373,0.168753239466994,0.082123225609717,"1160920F"
"CTCGGGCATCGTCGGG-1",0.0242164816600247,0.023760839573021,0.00979095047115125,0.527546435652025,0.119584184901947,0.0224302849710797,0.0603043269676085,0.067962991505556,0.144403504297588,"1160920F"
"GTGGCGGGCCGTAGCT-1",0.0151813900252481,0.0204613746557726,0.0107074219397221,0.522309963149012,0.18682977481271,0.0163193911888706,0.045444191143007,0.125004138679154,0.0577423544065033,"1160920F"
"CAACAGTGCCAAACGG-1",0.0176898659338296,0.0146671242712846,0.0135616560183833,0.515494862561646,0.163264438680097,0.0105170971693647,0.111748601902372,0.0877120145199088,0.0653443389431143,"1160920F"
"TGCGGGTATTGGGATC-1",0.017116429629056,0.0137254793767672,0.00970834133601533,0.542217615443166,0.139345511340035,0.0166139488197203,0.104029343800411,0.0723890418308319,0.0848542884239968,"1160920F"
"GTCTCGCCAACACGCC-1",0.0127502774433957,0.0150659167157051,0.0113731092073223,0.482457225372252,0.166545548014124,0.0109648592497789,0.155872074762514,0.0775835286956293,0.0673874605392777,"1160920F"
"CTGGGCGGCCAAATGT-1",0.0263767610403601,0.013754805155366,0.00903784150693045,0.492809490885362,0.132354731574343,0.0120274224412448,0.123218826024867,0.0906801926161397,0.0997399287553867,"1160920F"
"TAAAGGAGAAACTAGT-1",0.0273710533915524,0.0200102318313103,0.00880308202930636,0.455994340465534,0.13100196733925,0.0181328543261639,0.125083666377256,0.0917990732945227,0.121803730945103,"1160920F"
"TCCCACGGAGGGAGCT-1",0.027613109695636,0.0443779664301165,0.0106363513965221,0.271207659566321,0.179844354176684,0.0302587829489564,0.176025982894435,0.133987924764307,0.126047868127022,"1160920F"
"AGCTTCAATACTTTGA-1",0.0473315269257816,0.0321400000748807,0.0144953138266862,0.226061194980596,0.188111434993792,0.0184112472420079,0.21875856501013,0.111284022210574,0.143406694735551,"1160920F"
"TTCCACATTTCTCGTC-1",0.0234698583019255,0.0208583132100363,0.0162462106203385,0.370995529559887,0.158399243289143,0.00695914486317549,0.155259868359126,0.0346096906397433,0.213202141156625,"1160920F"
"ACAAACCGACAAGGCG-1",0.0354991269668773,0.0168806501678431,0.00868152510585504,0.328060520818991,0.09283010340393,0.0127183817718955,0.156526280811294,0.0539903658000528,0.294813045153261,"1160920F"
"AGACGGGATTGGTATA-1",0.0353761549662415,0.0173986047122789,0.00899220637449214,0.273248500506674,0.154892828356479,0.0196039143764008,0.184103297023066,0.108208707042461,0.198175786641906,"1160920F"
"AACCTAAAGCCGTCCG-1",0.0305175101799766,0.0197998313454307,0.0113203955950642,0.318127040682034,0.168471657393169,0.0114349103235903,0.203289473726195,0.118790351890527,0.118248828864013,"1160920F"
"TACAAATTGCGGAGGT-1",0.0215125847283167,0.0178794618320188,0.0105639122002832,0.102907176295544,0.0704330775012797,0.0139994450975294,0.0791457663072379,0.585988020808379,0.0975705552294108,"1160920F"
"CCCGCTAGAGGGTTAA-1",0.0282036680115726,0.0301021163838462,0.0148248188832924,0.289066220231442,0.148804341922373,0.0242982362733821,0.107003373210159,0.236763432715874,0.120933792368058,"1160920F"
"CATTGCAAAGCATAAT-1",0.03793377192346,0.0257538597940984,0.0163238427453081,0.251970158605418,0.16664879742648,0.014887965075134,0.158797717349988,0.0669080803052132,0.2607758067749,"1160920F"
"TGTACGCTATCAGCTT-1",0.0680569735907687,0.0448697610781812,0.0307825572241064,0.0390415899407466,0.0731014404579083,0.0827453479550514,0.17799313908968,0.1281356786016,0.355273512061957,"1160920F"
"TTCTTCGCAATAGAGC-1",0.0432214446700077,0.0575781373122734,0.0146789720706927,0.0551589953510957,0.0964195398091877,0.0886877455443541,0.236292835667,0.0922782111078712,0.315684118467517,"1160920F"
"TGTGATTCCAGCGCTT-1",0.057460048494582,0.0392995320000217,0.0184825764831658,0.129533758855448,0.121672317868399,0.0728441749211496,0.216261215368374,0.13822689303898,0.20621948296988,"1160920F"
"ATTCAGGATCGCCTCT-1",0.0399749342700867,0.0226005502824926,0.0115630148957449,0.152073353198291,0.127626820499028,0.0415592319767345,0.194163424937386,0.161273591678123,0.249165078262112,"1160920F"
"GCCCATGGGTGCAATG-1",0.0429314085557229,0.0251786435571584,0.014504608633134,0.226555756804833,0.0898514342620934,0.0271910981155777,0.17244192728906,0.257955759611706,0.143389363170716,"1160920F"
"TTCCCGACGCTTCACT-1",0.0223593791997499,0.0281360561594433,0.00955185011628184,0.136129338277853,0.0550014682516301,0.0879393493208256,0.0529573035638818,0.569506618944855,0.0384186361654795,"1160920F"
"AGCGGTTGAGATGTAC-1",3.79050679695341e-06,1.33903412017104e-05,6.27299684435219e-06,6.87908109532525e-06,1.56554138682234e-06,8.25670029381331e-06,5.59317603888478e-06,0.999953450881372,8.00774970507176e-07,"1160920F"
"GCTGTCTGTGATCGAC-1",0.0176037813154989,0.154051871660079,0.017132522788994,0.0626792335113601,0.0159781964887261,0.0422953292897786,0.0175576994252368,0.661393788292691,0.0113075772276357,"1160920F"
"AAAGACATGAAGTTTA-1",0.011324523837256,0.0278540981006877,0.0104249949275205,0.0477776718709683,0.0173386383212993,0.0388602829731225,0.0283798453347661,0.791947283652992,0.026092660981387,"1160920F"
"CAACAGAATAACGCTA-1",0.0562758997264022,0.102652742717782,0.0794183982947373,0.0824440155241246,0.0221108409473499,0.0593699575109012,0.0218269307973095,0.528908797603897,0.0469924168774968,"1160920F"
"TGCGGTCTACGAGTAA-1",0.0160705331846444,0.0339356101485164,0.00887293262390887,0.105480671453206,0.0316138300773358,0.0577209416347955,0.0306766824133168,0.68461903289337,0.0310097655709055,"1160920F"
"AAGACTCACGCCCACT-1",0.0150026119486919,0.0186069896145509,0.0120065633181286,0.0286441271292529,0.026283015177264,0.0208848688844126,0.0101503317254633,0.85843466606531,0.00998682613692589,"1160920F"
"CTTTGAAACATATTCC-1",0.0167220769467237,0.0381915002574033,0.0183391505323093,0.187061274552977,0.0576498988998124,0.0366052635484212,0.0463711091551412,0.564286947782275,0.0347727783249375,"1160920F"
"CTGGGCACTAGTCGGA-1",0.0143509518692081,0.0282304253243415,0.00650794489090142,0.16597876674401,0.0713804657371389,0.0697442033826373,0.0382481431654639,0.560677067712515,0.0448820311737834,"1160920F"
"CGCCCTTACATCCACC-1",0.0503518879060778,0.0453536299580645,0.0327894049362795,0.165371919763525,0.0727153585651566,0.0554565633832051,0.0493164122669518,0.483215742659447,0.0454290805612919,"1160920F"
"CACGACCACAGACTTT-1",0.0229146471304148,0.02155345651028,0.0158045181671814,0.21854820240803,0.0683846906591249,0.0381373259515572,0.0692572931829313,0.510282784386623,0.0351170816038572,"1160920F"
"CAATCCATTATCCGTT-1",0.026697749560766,0.0508757549677327,0.0294047042269057,0.195969425797107,0.0573022996377611,0.0395649113538763,0.0520299954191087,0.517417110698137,0.0307380483386058,"1160920F"
"GTGGCGTGCACCAGAG-1",0.0126881845828633,0.0142788378943709,0.00992298684960806,0.163949268491789,0.0517781697436895,0.0318236480264587,0.0287763590833701,0.654916732468323,0.0318658128595276,"1160920F"
"CGGAGTCCTAACCTGG-1",0.0395557473550328,0.0510202469328603,0.0302794871050105,0.147537556625722,0.0652578202190465,0.0259356348630704,0.0389611338375489,0.565316054550164,0.0361363185115445,"1160920F"
"GGTCCCATAACATAGA-1",0.0176005556776337,0.0317585673227185,0.0149572142567336,0.234931855779412,0.0666423393017444,0.0294941123776445,0.0318654035678971,0.553009148791879,0.019740802924338,"1160920F"
"ATCTCATAAACCTACC-1",0.0378378520882118,0.0358768761293,0.0436154814754542,0.0857694636762467,0.0490757877081223,0.048242903953192,0.0411035990677533,0.621539725471759,0.036938310429961,"1160920F"
"TGCATGGCAGTCTTGC-1",0.0156844202069886,0.0327106584468456,0.01545978436819,0.107729871199449,0.0325720862605952,0.0212780601385386,0.0444130277861505,0.700136384319536,0.0300157072737062,"1160920F"
"TTGCAGGTCATGAAGT-1",0.0368012968350541,0.0732001253764752,0.0383628148396865,0.154830608603254,0.0294500447446552,0.0231591375462982,0.0445143767550439,0.562871527236154,0.0368100680633789,"1160920F"
"AGCTGCATTTGAGGTG-1",0.0153020370213748,0.023957420955231,0.0124136642214527,0.0920929247099578,0.0288275201673389,0.0380125854436831,0.0364287648447403,0.734900262369459,0.0180648202667628,"1160920F"
"TAATCAGGAATGCTGC-1",0.0247787014820817,0.0417152743067274,0.0328470089380978,0.0815746183740463,0.0518689482426219,0.0253825862728978,0.0377218404252302,0.67651361037656,0.0275974115817367,"1160920F"
"CCATCATAAGAACAGG-1",0.0142508683164678,0.0206002147410138,0.0346546397231367,0.0884611006877682,0.036909946161523,0.0279172930517715,0.0398758760893468,0.710181943823215,0.0271481174057572,"1160920F"
"TCGTATCACCAAGCTA-1",0.0199430150324976,0.0414467671306087,0.0458295334998064,0.202906716024791,0.0947706604642206,0.0153272478556928,0.0529470958078558,0.459913333773261,0.0669156304112662,"1160920F"
"ATTCAGATGAATCCCT-1",0.0114476565678414,0.0388405440872756,0.0152267936472134,0.104150425713944,0.0246704153241053,0.0243930074247119,0.0511307252579269,0.717625391545584,0.0125150404313972,"1160920F"
"AAAGGTCAACGACATG-1",0.0748295755611597,0.0610519314563211,0.0574745675558447,0.0285707977852032,0.0128136111899372,0.0233005057718099,0.019096092885676,0.712798985119761,0.0100639326742873,"1160920F"
"AGCTGCTGTGCCGAAT-1",0.00181160964182415,0.0801568402764702,0.00727833102467302,0.0281802104609011,0.00599274722375715,0.028935202435034,0.0106756396829408,0.832693305953961,0.00427611330043882,"1160920F"
"CTAGCGCCAATCCTAC-1",0.0380291383999811,0.0817236933042392,0.0406329654505527,0.297715885850432,0.0845259598806066,0.0359963228968571,0.0672017457997523,0.317595607385907,0.0365786810316716,"1160920F"
"GCTCGACCGAACTGAA-1",0.0325193440830123,0.0280629757704249,0.0233273645884364,0.100247751308572,0.0239826116501508,0.028297325029342,0.035594547562645,0.708102548088685,0.0198655319187318,"1160920F"
"ACAGTGCAGCGCATTT-1",0.0260066586415791,0.0202468539911229,0.0250166843378439,0.449608883988948,0.128144112609292,0.0139022852504327,0.0669018865998004,0.227323965304345,0.0428486692766369,"1160920F"
"CGGCTGAAGGTTACGC-1",0.0242442521280671,0.0200329049465847,0.0194869787308766,0.499132342292363,0.0947552625912514,0.0290144807962083,0.0424780826445267,0.235485987605057,0.0353697082650651,"1160920F"
"CACCTCTACGAGTGTG-1",0.017410052060814,0.0100215676677524,0.015628859948232,0.552112228464512,0.141235138690244,0.0227807948926483,0.0362903921961613,0.155151261174556,0.0493697049050806,"1160920F"
"ATACGACAGATGGGTA-1",0.0227519886661749,0.0276344638257807,0.0200326792952938,0.458807595388589,0.138364011496419,0.0501684109898165,0.0701089545773792,0.157174734779481,0.0549571609810653,"1160920F"
"ACTTCCTGTCGTGCGA-1",0.0213675545817103,0.00580174275458478,0.0155042705092596,0.467003182234028,0.205712302733559,0.0326782130609197,0.0365132372636061,0.146001448324894,0.0694180485374381,"1160920F"
"CGTAACGGAACGATCA-1",0.0133016372485197,0.0154652948179625,0.0115347174230825,0.580973553857823,0.108119177656459,0.033390441318713,0.0314654139079124,0.165283487851505,0.0404662759180231,"1160920F"
"AAATCACTCCTAAACG-1",0.0156631233973458,0.0101810403346402,0.00971200663672769,0.689472226403468,0.0946911622817031,0.0119984875326548,0.0314762050666199,0.0870860304601391,0.0497197178867015,"1160920F"
"CTCCGAGTAAATCCGC-1",0.0264779072121014,0.0247052144384139,0.0188356095291932,0.530398255138571,0.119946744526933,0.0182109733757368,0.0583544240574798,0.158640886137989,0.0444299855835823,"1160920F"
"ACGCTAGTATCAGTGC-1",0.0122069572165109,0.0130679794582565,0.0260415673987967,0.635525991052212,0.112379521506307,0.0187604525090838,0.0306680656470397,0.130332278789236,0.0210171864225579,"1160920F"
"AGAGTGAACAGACACC-1",0.021166191140553,0.0313916822702734,0.00834147999637778,0.468852858348108,0.126388837225584,0.0126135320999541,0.0386746582665829,0.271620367998662,0.0209503926539054,"1160920F"
"ACACCCGTAAATCTGT-1",0.0292663267695757,0.0201869657541247,0.0285011700482727,0.396666637044872,0.0916108642222159,0.0599286551008985,0.0168415831524038,0.338688051383541,0.0183097465240951,"1160920F"
"GCTTTGCTGCCGGGTA-1",0.0281272359864902,0.0557272083586496,0.0525514017367787,0.11717370964128,0.0436072443514322,0.0150275863288497,0.0356352563914203,0.6355998881642,0.0165504690408989,"1160920F"
"TCGCCGGAGAGTCTTA-1",0.0107960737422649,0.0326735655373648,0.00884127239738292,0.121538695647074,0.0264308844424669,0.0091324714766991,0.123171266224562,0.580244514871938,0.0871712556602482,"1160920F"
"GGAGGAGTGTGTTTAT-1",0.0308267948151129,0.0378321470644764,0.0116386059755877,0.102873854612632,0.0334332147851818,0.0225558479164338,0.123680294794733,0.582596121499138,0.0545631185367044,"1160920F"
"TTAGGTGTGACTGGTC-1",0.026185642278794,0.0351028325405087,0.00647501928372892,0.12943771666188,0.0537163085734079,0.0175384099965309,0.182799876365263,0.485420038118839,0.0633241561810478,"1160920F"
"CAGGGCTAACGAAACC-1",0.0184402087081322,0.0479866697901855,0.0155352163323876,0.0515419627846527,0.0247686303379956,0.0439273785587626,0.117065605119822,0.549159786599069,0.131574541768993,"1160920F"
"CCCGTGGGTTAATTGA-1",0.0470960951615259,0.0271300781151944,0.00910524003925136,0.127906143269813,0.0489118370470468,0.0317022842075435,0.234357224124535,0.393662710860894,0.0801283871741962,"1160920F"
"GACCGACCGCTAATAT-1",0.0335867326302203,0.122328032290034,0.0232250101427662,0.0405218414830816,0.00809077372020012,0.0455083122430189,0.0903766346780242,0.58731271144126,0.0490499513713951,"1160920F"
"GGTATCAAGCATAGAA-1",0.032997976205723,0.0316742494254092,0.0224328915690751,0.131539443661491,0.0364547770507625,0.0390978462053666,0.134838516237097,0.40181722805161,0.169147071593466,"1160920F"
"TGCATGAGTAGATTCG-1",0.0652915548939577,0.0845430227095191,0.0309090290119281,0.0997112001352336,0.0496614891600597,0.0370943763460887,0.119278419758374,0.360890784247657,0.152620123737182,"1160920F"
"AATTCCAACTTGGTGA-1",0.0343269637598136,0.0149809271623181,0.00952935032836415,0.0925864677077756,0.0408139583439943,0.0390194036612979,0.163676399923371,0.449873532064636,0.15519299704843,"1160920F"
"TGCCGATGTCATCAAT-1",0.0423639671569003,0.0277175452383874,0.00713019701727894,0.13763677909887,0.0511303773713034,0.0299909407810958,0.191615382709173,0.311924023239101,0.20049078738789,"1160920F"
"GCTGGGTCCGCTGTTA-1",0.0420913952911998,0.0212075593490567,0.012208499365229,0.0907400970746909,0.0654145895561469,0.0262368753350643,0.273487925889178,0.338210214425164,0.130402843714271,"1160920F"
"TGAACACCCGAAGCAG-1",0.0377415655169675,0.0275702019016573,0.00991723746001402,0.0927186997130077,0.059874920794568,0.0338547855896758,0.203261436972188,0.395848631094659,0.139212520957263,"1160920F"
"AACATTGGTCAGCCGT-1",0.0368892514196427,0.0215082318131389,0.0173455632171404,0.112304487418199,0.0688961499220717,0.0378624017624705,0.243439432764896,0.296694101731994,0.165060379950446,"1160920F"
"GTGGGTCTTCTTTGCG-1",0.0500121936235487,0.0176953961159158,0.0153441126522807,0.125814014977647,0.0521017757216332,0.0262972172401638,0.225964151255761,0.383767536082695,0.103003602330355,"1160920F"
"CATCGAATGGATCTCT-1",0.0385832239761523,0.0239799843204928,0.0095611655578649,0.095627498169252,0.0714655883599124,0.0277796143934695,0.218710794159221,0.393183804705766,0.121108326357869,"1160920F"
"GCTACACTGTCCGAAC-1",0.0436060294521983,0.0259379111725083,0.0100656521246196,0.141829147206533,0.0495670903747477,0.0297281097927269,0.202425547442736,0.362685526164033,0.134154986269897,"1160920F"
"CGGGTTGTAGCTTTGG-1",0.0276876650454843,0.0623221393001008,0.0189115069451837,0.0947044109652816,0.0386116097087993,0.0249761695319781,0.191646277960594,0.45739518441709,0.0837450361254884,"1160920F"
"CCTAAGTGTCTAACCG-1",0.0439972815676225,0.0211492002672669,0.01191203320378,0.129407966718305,0.0357007049831001,0.0242768712568576,0.153228607897503,0.417535767761266,0.1627915663443,"1160920F"
"TCTGTGACTGACCGTT-1",0.0526663491747371,0.0265917200358633,0.0102047020258737,0.11727777776292,0.0579699736784116,0.0367560086151715,0.192153120986909,0.362594236265804,0.143786111454309,"1160920F"
"TTATCATACTCGCAAA-1",0.0379932268423003,0.0183577926781792,0.00818397545609861,0.118428412134528,0.0529943161905946,0.0204989745578632,0.202890914745088,0.419762620564349,0.120889766830999,"1160920F"
"AGCGTAGCGCTAGACC-1",0.0543507136769347,0.0287303933506455,0.0165743333735224,0.100666495405091,0.0484248044711392,0.0305851926468351,0.178384019231379,0.486115858940677,0.0561681889037761,"1160920F"
"TCCCTCCGAAATCGTT-1",0.0395795637918398,0.0255852350777511,0.00742811151197933,0.0916272601695908,0.050771701702081,0.0270729202951924,0.12531447169213,0.536579000876007,0.0960417348834283,"1160920F"
"AGGTCGCCACTTCGGT-1",0.0233650177372939,0.0237109052291812,0.0194661311166065,0.124123253128612,0.0436924398911572,0.0230291430768152,0.168518468533126,0.411237634605401,0.162857006681808,"1160920F"
"CTAGCAACTAATTTAC-1",0.0399655407441716,0.0234852497992458,0.0122982687853705,0.153484874503283,0.0938759822870075,0.0328548140264786,0.193077036441251,0.334121572135319,0.116836661277873,"1160920F"
"TTGCTAGCTACCAATC-1",0.0239404269239708,0.0235481174835496,0.0183848202222811,0.107299069251964,0.0531473937614488,0.0283396655422078,0.161216785972183,0.440755675135976,0.143368045706419,"1160920F"
"GCCGGTTTGGGCGGAT-1",0.0320981216905388,0.0348859436129199,0.0110760128720549,0.132063339413377,0.0553814461900252,0.0229355051324129,0.232698424487992,0.351469129737685,0.127392076862994,"1160920F"
"TGTAACTTGTCAACCT-1",0.0354350368574156,0.0262484126806641,0.0134282980144776,0.113205610341134,0.0588863562678097,0.0269863131381989,0.161694813375878,0.404393791267026,0.159721368057397,"1160920F"
"CGAGATGTTGCCTATA-1",0.0473720415391062,0.0272221069259629,0.0110423855580572,0.160839563777772,0.058637653335757,0.0323144502400007,0.19925859132098,0.318590279359855,0.144722927942508,"1160920F"
"GTTACGAAATCCACGC-1",0.0475232142026841,0.0261332886810761,0.0126498352605754,0.122117492710874,0.0618827043233293,0.0322780667411873,0.233002126768653,0.348428688693328,0.115984582618293,"1160920F"
"CTTGTCGTACGTGTCA-1",0.0368610642695256,0.0295916616210431,0.0184773099748734,0.254386360637274,0.0631216471245588,0.0448061357889524,0.185470414003529,0.218066401534176,0.149219005046067,"1160920F"
"GCGTCCAGCTCGTGGC-1",0.0484888155568899,0.0266386534419666,0.0077037005847435,0.160101881459979,0.0822517592766319,0.0355836724176516,0.20761904614374,0.255079542839564,0.176532928278834,"1160920F"
"CCCTTCTCGTACGCGA-1",0.0439326516615915,0.0470907611551794,0.012422937540682,0.130565126168038,0.0774197949475405,0.0409355943055715,0.264513109022764,0.21424422613404,0.168875799064593,"1160920F"
"CCAAAGTCCCGCTAAC-1",0.0528982340186834,0.02626292957844,0.0188877267175799,0.0951209357959761,0.0602136701459429,0.0442410057801194,0.238319110545773,0.296204057035666,0.167852330381819,"1160920F"
"CCGCTTCGCGGTTAAC-1",0.0394324117987673,0.0310734952615349,0.00914908433107606,0.161581624996151,0.0583967372622738,0.0254972247661836,0.206871683343275,0.309212186076033,0.158785552164706,"1160920F"
"GTTACGGCCCGACTGC-1",0.0346714789127826,0.0290941019744546,0.0118903898277644,0.102923490161979,0.0796245624523953,0.0251726476803583,0.207043031803864,0.366713775996197,0.142866521190204,"1160920F"
"CCCGCTTGCCCTCGTC-1",0.0370719630065212,0.0249429462945321,0.016860688935947,0.115027806463498,0.0700328739232926,0.0293923083895428,0.195529933293825,0.330377779007224,0.180763700685617,"1160920F"
"TAGTGAGAAGTGGTTG-1",0.0376943496018802,0.0309595129046913,0.0107391899520125,0.0832380348484414,0.0498375618835101,0.0323654933777896,0.183979485110483,0.385150306732436,0.186036065588755,"1160920F"
"CGCTACCGCCCTATGA-1",0.0430807899327509,0.0303975408568762,0.0183726975239157,0.17425582233427,0.076526600332784,0.0239615205414103,0.171490895913908,0.234079182663142,0.227834949900943,"1160920F"
"AAACAATCTACTAGCA-1",0.0405897338497933,0.0319907195671524,0.0128967386602852,0.162640500845085,0.0784236481313786,0.0267233312389337,0.179580762549388,0.269444092968017,0.197710472189966,"1160920F"
"GCGCGATGGGTCAAGT-1",0.0277587362876154,0.0242127362106956,0.0109479710999121,0.175408620653417,0.096344712080992,0.0269072998172149,0.209787702582032,0.240821244722886,0.187810976545234,"1160920F"
"ATAAACCATTGGACGG-1",0.064483300916312,0.0402225221915419,0.00970105740097573,0.190016197739773,0.087214694080931,0.0219466366869352,0.261028451725974,0.157386563215832,0.168000576041726,"1160920F"
"TCGGGCACTTCTGGAT-1",0.052397505899876,0.0303884884330851,0.0135845322907978,0.179345012356687,0.0740495118778699,0.0276603237844516,0.204903981792561,0.176457073467736,0.241213570096935,"1160920F"
"TCTGTGGCTACATTTC-1",0.0358145694644503,0.0304929379443788,0.0132800870048651,0.127509719961796,0.0949001579241152,0.0339912741194154,0.209997683700908,0.222452993290082,0.231560576589988,"1160920F"
"CTCTGTGCCTGCTATG-1",0.0414679669065744,0.0251715855599173,0.0164057729237024,0.129904354846981,0.0988994581724937,0.0324749626115173,0.248753779306333,0.207907133064792,0.199014986607689,"1160920F"
"CACGACTAAAGTTCTG-1",0.0290627453859417,0.033659553928331,0.0158595952562439,0.112233886197805,0.102018886608797,0.0387102711573264,0.191377887868769,0.243580540674091,0.233496632922696,"1160920F"
"GAGGAGTAATTCCTAC-1",0.0458905375947547,0.0262274467665821,0.0133076504686405,0.176017660033661,0.0978937571929413,0.0279062039971561,0.270542195253738,0.13464861825663,0.207565930435896,"1160920F"
"AGAGGTATCTCGGTCC-1",0.0359255805430555,0.0312111070151457,0.0157272650951637,0.212197132761672,0.106586573382027,0.0227605272316634,0.217997948280685,0.145879034540465,0.211714831150122,"1160920F"
"GGCGTACCCTATATAA-1",0.0364534992631578,0.0346359762946069,0.0160266906241509,0.144780605978738,0.107722811907134,0.0318535002168133,0.281165000304814,0.133159995277785,0.214201920132801,"1160920F"
"GCCGGAAACACATCTT-1",0.0342208509897465,0.0369971877103407,0.0174565217455207,0.165472878749043,0.0981537040310992,0.0362797010589858,0.226893853507808,0.180552102495705,0.20397319971175,"1160920F"
"AAATGTGGGTGCTCCT-1",0.0360050836417458,0.0246559491727562,0.016359091212762,0.25392967284404,0.0756609992993654,0.0197289437986996,0.198137702552664,0.125934116215739,0.249588441262229,"1160920F"
"ACCAGGAGTGTGATCT-1",0.0384999062701866,0.0270088953301521,0.0109638319878613,0.243782383633819,0.0976129667860843,0.019567072411062,0.200451982985935,0.213891297517987,0.148221663076912,"1160920F"
"TGTGGAGGAAGCTTAA-1",0.032020682437613,0.0279106094955219,0.0121215301728244,0.20693084960892,0.114173806728078,0.0226656184517617,0.272091664895384,0.114433969069334,0.197651269140563,"1160920F"
"AAGGAGAACTTATAAG-1",0.0508700418338246,0.0277021888051552,0.0124528515742362,0.168383666009184,0.107750712295822,0.0234789559545486,0.18608735480169,0.145653822502011,0.277620406223528,"1160920F"
"CCCTCGGGAGCCTTGT-1",0.0392317337265381,0.0294814981126144,0.0114101439950805,0.21854250261204,0.109173223025417,0.0200120478495483,0.239090207469892,0.0977192844083455,0.235339358800524,"1160920F"
"ACTGTTTAGTGTAGGC-1",0.0326433971954644,0.0278035199233737,0.0201153038406686,0.201379759262478,0.0913148652701131,0.0181989889116225,0.143646438344451,0.252447918969484,0.212449808282344,"1160920F"
"CGTCAGTTTATCGTCT-1",0.0381056789463859,0.0319379886420831,0.0165988409256737,0.183607871330249,0.148640287881207,0.0194908543750832,0.272973658850726,0.147888861434796,0.140755957613795,"1160920F"
"GCGTGTATGTCGTATT-1",0.0471372336135507,0.0301531927224548,0.0100569055680918,0.163954270828079,0.0933657407387594,0.028895046938114,0.232487583386567,0.0985435348800613,0.295406491324322,"1160920F"
"ACAATCGATCTTTATA-1",0.0557555201992901,0.0391155679893134,0.0240807870896931,0.240743415739336,0.143605515533419,0.023602796680855,0.177729641703231,0.094707479093725,0.200659275971137,"1160920F"
"CAGCCCTCACAGGCAG-1",0.0444062937424611,0.0287041356637378,0.0228504586810281,0.226329308441803,0.127759321116583,0.0177892303698065,0.297883070884244,0.0965957980214118,0.137682383078924,"1160920F"
"CGCGTCATATTAAACC-1",0.0392024061065517,0.0317752668077274,0.017401874451702,0.194252636604576,0.109428982780886,0.0272980164620363,0.200144681049098,0.137513941398398,0.242982194339026,"1160920F"
"GAAGACTTCAATGCCG-1",0.0345912650234551,0.032370227516559,0.0117584082526518,0.147140035311344,0.136169168358892,0.0282952567358218,0.262208604215661,0.189325031876436,0.158142002709179,"1160920F"
"TTGCGGCGACTCATGC-1",0.0220418692146959,0.0500280447266689,0.0238617920361293,0.407594118394104,0.11767226780768,0.0233545619612822,0.095368058616077,0.148969245176745,0.111110042066617,"1160920F"
"ACCAAACTAGAAATCC-1",0.0257607439293957,0.0298173555230048,0.0136736752721627,0.324033991937031,0.117484875699175,0.0199746516628191,0.163928243639417,0.206954152860942,0.0983723094760534,"1160920F"
"TTACTGTTTCTCTACG-1",0.0314979462617715,0.0150794530391856,0.0260122645065638,0.47447757588558,0.151637564102039,0.0138861392228839,0.0652302615707876,0.147833279475985,0.0743455159352043,"1160920F"
"GACCAGGTCATTCATA-1",0.0186093060583223,0.0176494375905986,0.0122331011556096,0.366538061763192,0.187473454062654,0.0169144054184416,0.120155145071979,0.174225239664099,0.0862018492151038,"1160920F"
"TTCTTCCCTTTGATAT-1",0.0130611900183861,0.0155926291259651,0.0112712387838663,0.533438641696297,0.138292472030756,0.0173708506348484,0.0497227189269738,0.171161864447206,0.0500883943357019,"1160920F"
"ACGCCCAGCTGTCGAT-1",0.0227486475573178,0.0175225894153821,0.012358882455626,0.435219926612243,0.0879347958822298,0.020481179851459,0.145593123276346,0.140050101533406,0.118090753415989,"1160920F"
"AGTAGCGTGAACGAAC-1",0.0216996283747176,0.0176531622049695,0.00782051573965946,0.392603782626594,0.17840329754622,0.015083049470644,0.13873593483498,0.130606188735056,0.0973944404671595,"1160920F"
"CCTCGACCCACTGCCT-1",0.0152003003729878,0.02142835370853,0.0129123473807261,0.400863344389709,0.156945334455132,0.0143432750597367,0.155064245100221,0.130786701774097,0.0924560977588597,"1160920F"
"AGTTATTGAAAGGTAA-1",0.0169727645686379,0.0242640977790769,0.0097749442800878,0.517516756587338,0.143369070841852,0.00633100956260317,0.0981662493378604,0.0771818948954119,0.106423212147132,"1160920F"
"TCAGTTACGGAATGAT-1",0.0434440350617534,0.0319331287236407,0.0163952321861208,0.248748467772235,0.155303431849671,0.0306960354017439,0.182883007641199,0.127184506675352,0.163412154688285,"1160920F"
"GAATCTATACTCGGAC-1",0.0209761641752428,0.0216122574383708,0.00762384415796082,0.437281473189961,0.122522755550353,0.0106733406146353,0.153536503922473,0.112625511235094,0.113148149715909,"1160920F"
"TCGGCTAACTTCCCTT-1",0.0348852772549448,0.0255067587835905,0.00651211548672844,0.120922135337335,0.101553156758612,0.0320448669710183,0.167927534019426,0.387497144590317,0.123151010798028,"1160920F"
"ACGTGGTCGAATGTGC-1",0.0283782362362108,0.021998394042502,0.00876038287289775,0.344888320660024,0.139295969565344,0.0167522240450103,0.164538445873115,0.108134328000574,0.167253698704322,"1160920F"
"ATATCGTGCCAGACCC-1",0.0212219217026609,0.0187890192047002,0.00841997780248902,0.221213027812133,0.109382932079614,0.0247416974483549,0.0880859127448353,0.43470919179308,0.0734363194121326,"1160920F"
"GTAGCTAGTAAGCGCG-1",0.0252374991300613,0.0134414275012993,0.0158346991493676,0.219135904497784,0.0889538863500068,0.0181206036526438,0.136873278924185,0.3247562157085,0.157646485086152,"1160920F"
"ACGCTTAGTGTCTCTC-1",0.0578625301387903,0.0240768448508624,0.0234447513676781,0.263405392987145,0.158248643634317,0.0157970983802817,0.158361669140392,0.205508897288858,0.0932941722116762,"1160920F"
