"","Endothelial","CAFs","PVL","Plasmablasts","T-cells","Myeloid","Cancer Epithelial","Normal Epithelial","B-cells","sid"
"AACATTGGTCAGCCGT-1",0.122588728489792,0.153693161926231,0.0111506014158059,0.0150964727880752,0.00333575619775135,0.119218360332758,0.573719045036025,0.000522158333128707,0.000675715480432185,"CID4535"
"CATCGAATGGATCTCT-1",0.0180627653967068,0.109028782559734,0.0173029204888627,0.0467543977834693,0.0130457398524419,0.0710028369287117,0.706314075896286,0.0150781539820733,0.00341032711171372,"CID4535"
"GCGTCCAGCTCGTGGC-1",0.00796345244522807,0.0480310870396619,0.00649632503504099,0.0856799117652556,0.00409383993072385,0.0804615978996885,0.76070499500014,0.00442534491512063,0.00214344596914083,"CID4535"
"CCAAAGTCCCGCTAAC-1",0.0221219385298301,0.080423418255276,0.00443130135822507,0.0355428526468271,0.00118081340777183,0.0819323112182649,0.772856936563789,0.000750583087999633,0.000759844932016498,"CID4535"
"GTTACGGCCCGACTGC-1",0.0206571493587018,0.0254133518594707,0.00354786501934342,0.0139953680704603,0.0040094073882138,0.0538387306740659,0.876822439726286,0.000316441261922141,0.00139924664153612,"CID4535"
"TAGTGAGAAGTGGTTG-1",0.0369888179111368,0.0533599022665297,0.00524402394777829,0.0348696767905181,0.00648227017376825,0.0821584086338132,0.774192787180099,0.00286827329002283,0.0038358398063339,"CID4535"
"AAACAATCTACTAGCA-1",0.00359657228117468,0.0291313889016012,0.0012916236888776,0.00595404749029357,0.000924317266768436,0.0596194563256387,0.898472645966722,0.000822015912479865,0.000187932166444017,"CID4535"
"ATAAACCATTGGACGG-1",0.0277932132618214,0.0440703585373196,0.00291203329044586,0.0135236615856011,0.00070005999227654,0.0735526493145113,0.836495830946434,0.000766616077925867,0.000185576993663963,"CID4535"
"TCTGTGGCTACATTTC-1",0.0307888870487913,0.0873824725925081,0.0225290834213385,0.0130304806752288,0.00276057724648922,0.0680482041286624,0.77048027596862,0.00309493881606072,0.00188508010230135,"CID4535"
"CACGACTAAAGTTCTG-1",0.023691835708733,0.0448336513029434,0.00256244348191544,0.0283835575705707,0.00536528277619314,0.125598743908261,0.763793777460998,0.0040664200565336,0.00170428773385128,"CID4535"
"AGAGGTATCTCGGTCC-1",0.00762689694920061,0.0451713200837094,0.000824895933301891,0.0013274441941296,0.000210242087215291,0.0938068457740737,0.849538872375858,0.001408989204624,8.4493397887905e-05,"CID4535"
"GCCGGAAACACATCTT-1",0.0481286241267171,0.0721295484213757,0.0156566301591837,0.057532723070714,0.00660618833320656,0.13251720999451,0.662164956229658,0.00228292161180473,0.00298119805283058,"CID4535"
"ACCAGGAGTGTGATCT-1",0.0177562372896617,0.0415074889700317,0.00695278409526075,0.099405503967299,0.00225752501343988,0.0610709884680617,0.763103720834279,0.00318241568729324,0.00476333567467315,"CID4535"
"AAGGAGAACTTATAAG-1",0.121575005773858,0.0743676021573878,0.0203132449532642,0.00837383917152165,0.0416142436059733,0.177710946491483,0.442288667865967,0.00835270761398313,0.105403742366563,"CID4535"
"GTATCGGGACGAGCTG-1",0.0213455919497933,0.0670604468247248,0.00410852632294869,0.00559081995585223,0.0034600791104964,0.143193982038094,0.750101145074805,0.00324907591455638,0.00189033280872909,"CID4535"
"CCTGTGCATAGGAGAC-1",0.00602861532267645,0.0871966938673979,0.0025889760222416,0.00331879380047337,0.00309877024712723,0.234659746189705,0.660953725443266,0.000996422768505831,0.00115825633860702,"CID4535"
"CATACGGGTGCATGAT-1",0.0152748828218811,0.063759975431258,0.00719803980206814,0.0134946748873706,0.00303080392787143,0.163566770985352,0.728560805457386,0.00303209807265048,0.00208194861416298,"CID4535"
"CCACTAAACTGAATCG-1",0.0125496632528653,0.0806849368268558,0.00557226630885905,0.041685607207536,0.00287508058939344,0.134476914153696,0.715434673318134,0.00482492572451076,0.0018959326181492,"CID4535"
"AAATTGCGGCGGTTCT-1",0.046323220359142,0.0846052915865012,0.0248083849469821,0.0524797621528543,0.0255026161398877,0.0755671354201467,0.674044628948652,0.00579901102313377,0.0108699494227003,"CID4535"
"AGTCCAGCGGGTACGT-1",0.0163662944176288,0.0281535825645209,0.00361260936325531,0.032336967023135,0.0044375628012126,0.098402840068865,0.812232024485756,0.00222509742406096,0.00223302185156533,"CID4535"
"CATTCAGGTCAGTGCG-1",0.0260185317475699,0.102836244964376,0.004069829486985,0.161567063764193,0.00592891109909744,0.128739185109201,0.556710310847464,0.00904813501246512,0.00508178796864862,"CID4535"
"AATCAGACTGCAGGAC-1",0.0209288464977605,0.0877018017153683,0.170138101190212,0.0188761191926862,0.0294279708697161,0.114318617288493,0.506680249029723,0.0304838138802887,0.0214444803357517,"CID4535"
"AAGACTAACCCGTTGT-1",0.0236742256708387,0.0601759319714624,0.0628827791681533,0.00582120647206251,0.00776588210191955,0.0537171060750661,0.763931849571688,0.0099813117855596,0.0120497071832494,"CID4535"
"TCACTATCGTGCAATC-1",0.020217109238119,0.0771218237819984,0.0103514422560581,0.0541472588359441,0.00299957350240325,0.0961690305651127,0.734078269014599,0.00280406720209588,0.00211142560366921,"CID4535"
"TATGATTCTGCTTGGT-1",0.0114090406375228,0.0637392976809198,0.00688153082267218,0.0425558904619618,0.00230346728304142,0.159676888827378,0.708352750971598,0.00363766463489437,0.0014434686800116,"CID4535"
"TAAGATTTAGCGGGAG-1",0.00994955737961977,0.0353696017257902,0.00343273894435808,0.00871102179016977,0.00468283448418627,0.0709173070004849,0.863038039116476,0.00172143687092121,0.00217746268799406,"CID4535"
"TTACGGTGTCACCGAG-1",0.014824984633705,0.048335446275795,0.00827532401153776,0.0454699410953147,0.00820634117259289,0.0840973263311662,0.781856567730591,0.0033588644810338,0.00557520426826382,"CID4535"
"CTACACTAGCTTGTTC-1",0.0160542127813219,0.0357207469510542,0.00416958715938139,0.0157154171068671,0.000891572773871417,0.0833100423067208,0.840877645028954,0.00203024791985955,0.0012305279719694,"CID4535"
"TGAGCAGTCGTGAAGT-1",0.0248019060061895,0.056866791821591,0.00304782367462135,0.0183399800346661,0.0025447887273927,0.064428135789243,0.827497607492371,0.00173809763123765,0.000734868822687744,"CID4535"
"CGCTGAGGACGTCCAA-1",0.0143573020777658,0.0366883497791467,0.00554466124098927,0.0440247285185014,0.0023204556280373,0.0654539228268641,0.826172894143663,0.00335355739685001,0.00208412838818283,"CID4535"
"GTGTATGACTTTAAAG-1",0.0148483210957978,0.0554484992433177,0.00378059460041355,0.0205392017748595,0.00626339071173028,0.11511506915662,0.778689075358499,0.0016380210556638,0.00367782700309853,"CID4535"
"CTAAACGGGTGTAATC-1",0.0156220822844539,0.0366274636323073,0.00420063622609391,0.0145909919479588,0.00158315530376418,0.0979016184273765,0.826795330212194,0.00173420282304383,0.000944519142807852,"CID4535"
"TGTACTGTGCCAAAGT-1",0.0332568562557375,0.0512538569182649,0.00727707790151497,0.0371085886461287,0.0181967829176627,0.0719476404530456,0.760247316823543,0.00661145415143994,0.0141004259326623,"CID4535"
"GGCCACAAGCGATGGC-1",0.017698568845988,0.0484855770108015,0.00411815847698784,0.0189981179485038,0.00343834928538965,0.0807780118492708,0.822043441277664,0.00303692768310017,0.00140284762229425,"CID4535"
"GTCAATTGTACTGAAG-1",0.0233518440536726,0.0407067405632668,0.00543674812962256,0.0181346439963152,0.00198571250471148,0.080288011135679,0.827251649756337,0.00154360262317001,0.00130104723722495,"CID4535"
"AGGGACAGCACGGCGG-1",0.0197129887717472,0.0450803860465066,0.00413856447575454,0.0540544331974819,0.00501332446800227,0.097572099415578,0.767846030713134,0.00335687270668893,0.00322530020510643,"CID4535"
"AGCTTATAGAGACCTG-1",0.0106948265564659,0.0388682983860818,0.00417451129470567,0.0227405070652954,0.00461633149040341,0.0426965583355412,0.869956605047123,0.00442047419592068,0.00183188762846291,"CID4535"
"AACTAGCGTATCGCAC-1",0.0287803491237598,0.0534314091915,0.00381444236391654,0.0306311145993819,0.00245348262669829,0.0791249897015254,0.798471640315792,0.00150662176138614,0.0017859503160397,"CID4535"
"AACTTTAGCTGCTGAG-1",0.0196066026185334,0.0454729913738455,0.00470481285908987,0.047139997956834,0.00755866242191363,0.0508148209269285,0.820769756086985,0.00223826485795641,0.00169409089791339,"CID4535"
"CCCAAGACAGAGTATG-1",0.026652528716778,0.0370601335238259,0.00208608344021158,0.0159325041867988,0.00309399030578106,0.0394703060865166,0.868806935648126,0.00553843050730537,0.00135908758465658,"CID4535"
"GGCATCAACGAGCACG-1",0.0181245997821553,0.0476864399294126,0.00618754478122177,0.0135070294359114,0.0022457507949216,0.0704510895907437,0.837295448721208,0.00188369410588455,0.00261840285854153,"CID4535"
"ATGCATTCCGTGATGG-1",0.018812419003285,0.0609403269066482,0.00484701747993487,0.00976142449315651,0.000431018004506069,0.121207001639302,0.783199233198929,0.00056847257797312,0.000233086696265306,"CID4535"
"TTATAGATGCACATTA-1",0.0169936338080056,0.0638748188849242,0.00541874123340762,0.0144063725401416,0.00462377163228758,0.0689682442321796,0.822045739709612,0.00206745245764564,0.001601225501796,"CID4535"
"GAACCATCTGGGAGAC-1",0.0152793218264176,0.0663991148209803,0.0103836005418612,0.0413999171274092,0.00388736310232825,0.100454824517784,0.75598998318819,0.00355162686265724,0.0026542480123722,"CID4535"
"TGCTATACAAACGGAC-1",0.0586874418290276,0.0625979527339396,0.00636883483836808,0.0554211707277765,0.0189436521046508,0.0981292716482706,0.681020132984166,0.00723784470407071,0.0115936984297302,"CID4535"
"ACTTGCCATATTGTAC-1",0.00987933271405374,0.049955524995801,0.00775520511250965,0.0391420398988362,0.0168479769049323,0.0627404636490865,0.781041071294291,0.0100720921263291,0.0225662933041602,"CID4535"
"CAATTTGACCGGGAAG-1",0.00263368909042909,0.0173025888103402,0.0015199052106822,0.00935938115318807,0.0024945950911732,0.124686831137692,0.83565496953006,0.00469568705362689,0.00165235292280873,"CID4535"
"TCTGACTGTAATGGTT-1",0.00959875971188884,0.0583326136265002,0.00744881958103884,0.020637191713631,0.00783119423746796,0.114278327519981,0.774048533604393,0.00431335275413095,0.00351120725096798,"CID4535"
"TTCATAGCCTTGTAAC-1",0.00785531466082615,0.0238686405344581,0.00218259233304028,0.0137341099554658,0.00101037012245417,0.140008082329364,0.809458632107837,0.00102471921875873,0.000857538737795492,"CID4535"
"TGGAAACGGAGTGAAC-1",0.00906381680197356,0.0497651135511135,0.00432208339075508,0.0293234476767384,0.00423558066679047,0.0988252790145993,0.798802169332155,0.00284580740890898,0.00281670215696597,"CID4535"
"ATCGCACGATTGTTCA-1",0.0124108629653181,0.077531449231566,0.00785173915836771,0.0245601745149374,0.00299028413546193,0.166834322174364,0.697508854601247,0.00674696082853219,0.00356535239020635,"CID4535"
"CGCCACCCGCATTAAC-1",0.0309338209465957,0.0485851138581488,0.0050868158284026,0.0110274525133405,0.0079595490523307,0.123910849525625,0.767576584392489,0.00260709602446851,0.00231271785859953,"CID4535"
"TGGACCACGGCGTTGA-1",0.0225473129470892,0.0667131115965301,0.0041042650416866,0.0120908001157902,0.00151297491619995,0.13557250410631,0.75302468687129,0.00363239773060578,0.000801946674498464,"CID4535"
"GTATATGTTACGGCGG-1",0.024621576195846,0.122777418613976,0.0199121449943372,0.035169412801432,0.0159173633878015,0.107670228174092,0.657717345145184,0.00739942933185196,0.00881508135547938,"CID4535"
"GTATTCTTACCGTGCT-1",0.0422818403840523,0.0740079085470656,0.0134490228962064,0.0470381954257345,0.00839872027439815,0.0716977304411592,0.713860136364776,0.0230295230233706,0.0062369226432372,"CID4535"
"TTCAGAGTAACCTGAC-1",0.0234288185744714,0.0771378948106099,0.00791601000579856,0.0480950024858044,0.00828127318097276,0.135366261748325,0.692239240259175,0.00455465142253642,0.00298084751230648,"CID4535"
"GCGGTAACCCAAATGA-1",0.0252449180523724,0.0754780212425571,0.00575404323013693,0.0247016018065336,0.0024344934351805,0.133050710879433,0.727142906999479,0.00499295412438205,0.00120035022992532,"CID4535"
"CTACGTGTTGCCACCA-1",0.0110191416663417,0.0433598482879091,0.00572662508633123,0.0505341665833999,0.00406355970346593,0.104723369612599,0.774984103895363,0.00300116620174138,0.00258801896284914,"CID4535"
"CTAGATAAACTCCTCG-1",0.00864564237565861,0.0299143864193725,0.00292383341860958,0.0223203197571189,0.00148189461682664,0.0597262231277696,0.872021104641737,0.00255940884038562,0.000407186802520895,"CID4535"
"TCCATTAGTTGGATAG-1",0.0300634162741567,0.0366700159900758,0.0065026189486582,0.0145874936081803,0.00502900897208936,0.0465241370752537,0.852859017848132,0.00616609754459847,0.00159819373885512,"CID4535"
"CTGGCTCCTGCGGGAT-1",0.0329753877847608,0.0747530415746811,0.00977950882053329,0.0311670857502605,0.0262300269895766,0.0742617235983522,0.737001355691002,0.00364869293020709,0.0101831768606267,"CID4535"
"CGATATTAGCCGCAGG-1",0.0283531665142339,0.067960622139167,0.0263406247753515,0.0734472364609895,0.0437428023610484,0.0809757340605433,0.613334201978067,0.0232607901762084,0.0425848215343907,"CID4535"
"AGCGTCTGAACCCGCA-1",0.0210692790462995,0.0314126629878508,0.00402693802274185,0.0161655725765279,0.00504858925009,0.0592006164323872,0.854879485212596,0.00417439121602578,0.00402246525548138,"CID4535"
"GATGTCCGGATCACAT-1",0.0200334878009968,0.0776815998990495,0.00758825254539162,0.0323997566221278,0.00395524569227485,0.0907774541571077,0.760033606464835,0.00422018802078606,0.0033104087974302,"CID4535"
"GGTCACGTTAGATTCA-1",0.00728671698322465,0.0482875944210886,0.00379954983217794,0.0191156905194566,0.00295668580428635,0.108547983117047,0.807389191879308,0.00180797617898039,0.000808611264429784,"CID4535"
"TTAAGGATACGGAGGT-1",0.00783845446224534,0.0322533528935542,0.0027197829213829,0.0224538291896944,0.000957400239603867,0.0892254500075362,0.843860935889334,0.000441570294284906,0.000249224102363798,"CID4535"
"GTGCGGGACCATCGGC-1",0.00916560718927364,0.0352397216946857,0.00284003116755554,0.0128858324469658,0.00134617662619997,0.0782473625078602,0.857797041024744,0.0013944602877562,0.00108376705495925,"CID4535"
"CCATCTTGTTCACAAT-1",0.0163969019361806,0.0531559912364127,0.00533428316844016,0.0195473192485573,0.00145493440655093,0.0809414793426462,0.822222623594146,0.000610067540563177,0.000336399526503001,"CID4535"
"TCCGAGAAGGCTAAGC-1",0.0247545557383963,0.0544291519249664,0.0055087658258813,0.0498689900754014,0.00634372511752936,0.0855192031976491,0.766588865857905,0.00298120542211906,0.00400553684015211,"CID4535"
"TGGCGGTGTGCGATTG-1",0.0139036625588715,0.0562398303886189,0.00611164837135383,0.0216152275567811,0.00444750815613062,0.074004569059643,0.820078734871096,0.00160308145060285,0.00199573758690251,"CID4535"
"ATCCTGCTGCAGATAG-1",0.0168675703251082,0.0541797989182028,0.00414253728851019,0.012566475919347,0.0053462979454794,0.050092885781302,0.853064078812882,0.00224599255397026,0.00149436245519838,"CID4535"
"TTATGCGTCCCGGTCC-1",0.00982196218627618,0.029492805155001,0.00248509399190173,0.0233948088276837,0.0070992713831546,0.0409691836435972,0.87892213493835,0.0039128017338688,0.00390193814016732,"CID4535"
"CATAATGAGCGGGCGA-1",0.0145917324341481,0.0237778793117986,0.00296379833995032,0.0264867158666144,0.00282531483111529,0.0756428171680643,0.850585661947847,0.00133258564037892,0.00179349446008274,"CID4535"
"AGACATAGATCCTTCC-1",0.0234911593393321,0.100298185780021,0.00782329591572267,0.0609259011720086,0.00456534048663805,0.0605316332860898,0.730201940020831,0.00502091858238217,0.00714162541697476,"CID4535"
"GGTGAAACCGGGAATG-1",0.0288814829743647,0.0683297210322064,0.00747687293447834,0.0143219419201191,0.00389473173068798,0.0691375273385655,0.804746991437636,0.00142003589384319,0.0017906947380985,"CID4535"
"AACTGGTGTGGGCCTT-1",0.0385811445132845,0.071100408349378,0.0102250225094434,0.0272100256900108,0.00780388404484943,0.0734426031394988,0.766356038569091,0.00311014835807726,0.00217072482636713,"CID4535"
"GTAGCGCTGTTGTAGT-1",0.00744625426342696,0.0316574647980244,0.00207822815239984,0.00707250231317592,0.00064386411846272,0.0734234907175599,0.876930530355486,0.000446334476961086,0.00030133080450352,"CID4535"
"TTGTTTGTGTAAATTC-1",0.0140746133801695,0.0400497685931601,0.00279213876084043,0.0178960724828807,0.00611338164812451,0.0795698333281356,0.835662225428356,0.00163913983723572,0.00220282654109688,"CID4535"
"GGATCAAAGGACGAGG-1",0.023336939383448,0.0557495717418314,0.00740995116020694,0.0425371100135874,0.00877583494942753,0.0850560494005699,0.768504383804489,0.00485090882056311,0.00377925072587665,"CID4535"
"CAAGTGAACTTTGGTT-1",0.0385777267819781,0.0424459763446345,0.00746744584440284,0.0465933265839305,0.0252366284217798,0.0712500058442766,0.733665120417356,0.0105208911273574,0.0242428786342838,"CID4535"
"ATCGTCCAATCGAGTC-1",0.024882676671923,0.117991797173336,0.00252342737030114,0.0125767498835882,0.0006215774518737,0.202127952990011,0.636227198098301,0.00292675453739259,0.000121865823273794,"CID4535"
"ACATGGCTCAATTTAG-1",0.0137356797172488,0.049643812060651,0.0034680126510295,0.0270992289347757,0.00532036876774123,0.126077254111178,0.768064596559756,0.00388948331540328,0.002701563882216,"CID4535"
"AGGCCCAGTGACTGGT-1",0.0273027665781945,0.0728405018170116,0.0151741441078175,0.0399420060064766,0.00423386395983656,0.0751166668242666,0.763327041820178,0.000987692818077995,0.00107531606814124,"CID4535"
"GCTTCCAGCTTAGATT-1",0.0302606568393194,0.0874633516496268,0.00704972948537637,0.0371028269891148,0.00450000732982779,0.130400916909255,0.695260674439713,0.00355455696369807,0.00440727939406861,"CID4535"
"TGCTTGAAACCATGCA-1",0.0423336511456929,0.0704907672710602,0.00564705963342453,0.0208640009372109,0.0015036462841461,0.0981970171537067,0.757958708637941,0.00214259889857743,0.000862550038240577,"CID4535"
"CAATATTGGACTAGTG-1",0.0304307461298152,0.0711242529723963,0.0122512332951923,0.0116881560156498,0.00228171816662726,0.144145739223608,0.725273219284604,0.0022896615978852,0.000515273314221799,"CID4535"
"CGTGCTGGCCTAGTCG-1",0.0331161604439855,0.0328468879889298,0.00563333163316004,0.0403953194243083,0.00296250057980794,0.105989289447859,0.773606490749419,0.00139313333598647,0.00405688639654368,"CID4535"
"CCTGCGATAGAACTGT-1",0.0114650510191547,0.0730766199866528,0.00955073636122947,0.0128011251614291,0.00740995342343357,0.128185921924703,0.746456383571083,0.00373262265922635,0.00732158589308856,"CID4535"
"GGGTAATGCTGTGTTT-1",0.0153524782206705,0.0901004075730392,0.0200219242393004,0.0236993266787967,0.00838527824067927,0.0760792109728596,0.73007261936507,0.0148659064324816,0.0214228482771029,"CID4535"
"AACGCGAACGGCAACA-1",0.0380046329897437,0.0905201393164651,0.00862963366808911,0.0516753285063621,0.0209116465507408,0.105059103149791,0.665391374257203,0.00685578002300174,0.0129523615386028,"CID4535"
"TGTCGGCATGGTGGAA-1",0.013661127727099,0.0753189387021693,0.00742678389598374,0.0253247314215906,0.0202848384158782,0.119539768776655,0.73020181343213,0.00144978934464631,0.00679220828384861,"CID4535"
"AGCGTACGAGAGCTAG-1",0.0323356461362671,0.05225321788714,0.010139872571726,0.0461295905811436,0.00674376418507432,0.104011247723029,0.738958391982424,0.00418224919566875,0.00524601973752752,"CID4535"
"ATACTCTCGCCACTCT-1",0.0189752420409915,0.094760968233299,0.00768795302585794,0.0151308757157201,0.0192538965291106,0.10600146546807,0.725776689652268,0.00436435147121615,0.00804855786346632,"CID4535"
"AATCCATGCAAGGGTG-1",0.0292029720792796,0.0550835193055292,0.00706245877235078,0.0299222348984436,0.00329531931445344,0.161163383054376,0.710593061104979,0.00204017417173439,0.00163687729885452,"CID4535"
"TTAAACAGAGTCCCGC-1",0.0100663439851595,0.059031308945245,0.0120487955899646,0.0568039719221479,0.0218673399018628,0.0933069896766535,0.736330867847385,0.00459278190402994,0.00595160022755188,"CID4535"
"CCACAGCTGAAATCAT-1",0.0156620169752239,0.0583213110298284,0.0114178076353368,0.0292013476857958,0.0155847425992716,0.155166058231091,0.704796170927688,0.00217981199619739,0.00767073291956689,"CID4535"
"CGGTTCCGGCTTCTTG-1",0.0119814969531975,0.0629924734752347,0.00329620153310994,0.014700354854845,0.00695334693914389,0.0775112860345889,0.818045161254456,0.0010164877829556,0.00350319117246809,"CID4535"
"GACGTGAGACTCCATG-1",0.0304556499147616,0.0599730111441596,0.00875190084818903,0.144909751283557,0.0479544587385019,0.0997336912769885,0.581359040262108,0.00804847034328523,0.0188140261884488,"CID4535"
"TCGTTGGCTCGTCAAT-1",0.00716641637241504,0.0681676593240837,0.00353142527132803,0.0321562722793304,0.00827396186178527,0.126538079344733,0.746661378264105,0.00357229207122921,0.00393251521098991,"CID4535"
"GGTGAACGGGCTAGCC-1",0.040373892482698,0.0973870320576804,0.0129560970340337,0.0790860963979939,0.0429216668466166,0.151835959885723,0.538321873437814,0.0124539813520977,0.024663400505342,"CID4535"
"GCACTGTGCAAATGTA-1",0.0187490453481411,0.049755592191014,0.010296321405082,0.0422947331936667,0.0113122836271984,0.0853925267554325,0.767789009524679,0.00550133944973428,0.00890914850505188,"CID4535"
"ACGAGAACCCATCACG-1",0.0197575098084033,0.0582609040097264,0.00691913430065435,0.0760993627654731,0.030169130780556,0.162260890684411,0.602746053999573,0.00966959058827232,0.0341174230629296,"CID4535"
"CCAGCTACGCCTCATA-1",0.041561369880653,0.0896027618533183,0.0065208541122998,0.0514166492266407,0.00783714453048451,0.129963349859959,0.662165867278873,0.00699915772265108,0.00393284553512068,"CID4535"
"TCCCGGTCAGGAATTT-1",0.0155065169768853,0.0618262589053629,0.00808037012979868,0.0390053904792741,0.0168561843425957,0.0537023552059625,0.796588337933774,0.00243236015671766,0.00600222586962936,"CID4535"
"TCGCATTCAATGACTT-1",0.0116729964689376,0.0420523505011794,0.0064916029224064,0.0139153674254041,0.00236501720387108,0.0976245165433703,0.822514032772935,0.00272645588721814,0.000637660274677542,"CID4535"
"CTGGTTCAACGCATCA-1",0.0115253602640322,0.0567377773185265,0.00453419283366889,0.0308301566048367,0.00481309353440458,0.105180422614278,0.777775578653296,0.00527378152211272,0.00332963665484449,"CID4535"
"GGTGATTTCATCTTGT-1",0.0109015874535506,0.0560296023168015,0.00541455863371256,0.0221339506411926,0.00344295945731582,0.114929037288026,0.783757241259144,0.00250787768228348,0.000883185267973649,"CID4535"
"CACCCTTTCCTCGCTC-1",0.00962273710368753,0.0367739703472897,0.00259627136374084,0.016688278934225,0.00207530968397422,0.0809982902332617,0.848950424317994,0.00168102813727956,0.000613689878547821,"CID4535"
"CAACTTGTAGTGGGCA-1",0.00524472502852835,0.0170163716902429,0.00143621457384277,0.00919670210228529,0.00173003329368339,0.0598494484812818,0.904020493005079,0.000592615422098653,0.000913396402957733,"CID4535"
"AATATCAAGGTCGGAT-1",0.00915867045322866,0.0351837681059444,0.00258500626910423,0.0111225973291945,0.00165957852297685,0.0934504180877221,0.843712749040963,0.00217754104200483,0.00094967114886136,"CID4535"
"ACTCAGACCTGCTTCT-1",0.0302376786667104,0.067934895852844,0.00793434010567971,0.0318559311300112,0.00581522162009148,0.0961163675816262,0.749020236672514,0.00620135465651968,0.00488397371400335,"CID4535"
"TTGGAGTCTCCCTTCT-1",0.0107299931359586,0.0819611924317332,0.00368516440134186,0.0238146650357824,0.00307403851805779,0.104437858108167,0.767382107019598,0.00274720554128428,0.00216777580807659,"CID4535"
"GGATACTCATGAATTG-1",0.0088069299272245,0.0349252960790826,0.00391896663000753,0.0150659589903041,0.00604598457775748,0.0675285338638506,0.85892913393901,0.0023555594977539,0.0024236364950089,"CID4535"
"TGGGCACAAACAGAAC-1",0.022053332901625,0.0562635179846266,0.00596403539784657,0.0264960905286512,0.0033190452267556,0.0857409480817486,0.793847168066192,0.00356879536865426,0.00274706644389985,"CID4535"
"GAGCCACGGTAGTAGG-1",0.0211125118949858,0.0600967124970622,0.00758644668794884,0.035413016179305,0.0125396711247217,0.0989678557847002,0.748358522954355,0.00534429496122608,0.0105809679156953,"CID4535"
"TCGATAGGCTAGTCGC-1",0.0363723669172037,0.0520207391328896,0.0089660194555372,0.0292169164903337,0.00600275986567888,0.0931767885965655,0.768092440508235,0.00218228740508601,0.00396968162847062,"CID4535"
"TAACCGCCCGCAGTGC-1",0.0178555848674879,0.0421221712657969,0.0035066776356333,0.0273241352370282,0.0108439488035279,0.0908887309998088,0.788417285766728,0.00430841369781959,0.0147330517261692,"CID4535"
"GCCTATTTGCTACACA-1",0.049692914452309,0.0488016933015737,0.00814526306356726,0.0279203905101893,0.00757867734319443,0.0780764695726487,0.763903763922046,0.00432739638600795,0.0115534314484636,"CID4535"
"TGGATAGAGTAACAGA-1",0.0166337894417196,0.0553676808541457,0.00832288294885008,0.0270429186916105,0.00562970210357318,0.171451988827516,0.700571625548518,0.0104895081897951,0.00448990339427154,"CID4535"
"TCACAGATCCTCAAAC-1",0.00469089079268185,0.0324944132388877,0.00287584676998803,0.0104971361556995,0.00153825079933318,0.154290195213377,0.791000279092026,0.00173664337970706,0.000876344558299026,"CID4535"
"AGAGCTACGAAAGCAT-1",0.0312121854310762,0.103824461698855,0.00353736173935329,0.0229079732441996,0.0048693792905566,0.210586398423395,0.616869552892605,0.00385366664889893,0.00233902063106047,"CID4535"
"TGCGTGATTGGGTGTC-1",0.0374230060551636,0.0731762546107013,0.018483744768628,0.0340477651825308,0.00554036068879267,0.163685701072016,0.655610750609614,0.00677604613536764,0.00525637087718563,"CID4535"
"CACATGTTTGGACATG-1",0.0222638822820595,0.108696533102735,0.0177690114931756,0.0609358566000621,0.00208714256229795,0.0569898272962667,0.728666279142347,0.00213065340384021,0.000460814117215776,"CID4535"
"TTCGCATCCGGAAGCA-1",0.0118380311622597,0.032845511816448,0.00247872197228959,0.0115798663393112,0.00109260915022008,0.127766274098647,0.809546657156576,0.0013299646420074,0.0015223636622404,"CID4535"
"CCCTAGTGTCAGGTGT-1",0.0287633683289089,0.0781608453263299,0.0119248470073443,0.0460605546792736,0.00551772703789067,0.0645373153135579,0.756834729805066,0.0052375380513791,0.00296307445025007,"CID4535"
"TTACCGCCTTAGGGAA-1",0.02804039637208,0.0595495847475241,0.00349736263631451,0.0165658284042684,0.00249726936947411,0.098359178041233,0.787560132628405,0.00345340689879844,0.000476840901902781,"CID4535"
"CCAGTCCATTATTCGA-1",0.0193152625257104,0.0604031227740882,0.005293978939451,0.017636163000965,0.00200499464897307,0.174801072956323,0.712274703561094,0.00587805705178079,0.00239264454161436,"CID4535"
"CGTAAACGCTTGAGTG-1",0.0182653841851688,0.0664248178318538,0.00686553779483714,0.0313067878628605,0.00541532585505629,0.0824517707845423,0.781597749432635,0.00593478019996401,0.0017378460530819,"CID4535"
"ATTCCTTCCAGGCGGT-1",0.0183738181122639,0.0556523521965798,0.00820149288326228,0.0102807643235726,0.00137482725810599,0.144560387636403,0.753319792189562,0.00461528429404235,0.0036212811062085,"CID4535"
"TTCCTTTCTGTGTTGC-1",0.0315318088703941,0.0574351754165637,0.00798001654743151,0.0307323544596802,0.00259976529115401,0.183682342470613,0.680415882905278,0.00321584111150003,0.00240681292738514,"CID4535"
"AGTTGACATCGGCTGG-1",0.0470317153887182,0.0651436403079012,0.0208726843277208,0.04733608619655,0.0108733205307104,0.137775737627152,0.650486992071401,0.010079657067502,0.0104001664823447,"CID4535"
"AACTCGATGGCGCAGT-1",0.0181697755779038,0.0431095937646744,0.0125610056696309,0.0282166645053051,0.0229496601856072,0.0933974835405775,0.753044665150479,0.00662972510973942,0.0219214264960824,"CID4535"
"GATAAGGCAGATGCAA-1",0.0203949296957717,0.11165599368648,0.00901037826731928,0.0421688225609293,0.0115851366701852,0.236066595837889,0.551388118497415,0.00761508590750945,0.0101149388765014,"CID4535"
"GGCTGGCTAGCTTAAA-1",0.0129877494573436,0.0380801845808295,0.00837451254196274,0.0166657848383217,0.0189025564032367,0.0927985775866037,0.801984076271215,0.00427433967459135,0.0059322186458959,"CID4535"
"CCTCATGCAGCTACGA-1",0.024042689768147,0.115282913855321,0.0106810931360064,0.029186189410587,0.00659853446431789,0.14781483361039,0.660317278808183,0.00311762358467806,0.00295884336236921,"CID4535"
"GACGCCTGTTGCAGGG-1",0.0303509739442482,0.0825702272213919,0.0223786611744476,0.0323504741965185,0.00778112833384217,0.109914348243585,0.707042360242762,0.00348841547915058,0.0041234111640541,"CID4535"
"TAATTAGATGGATATG-1",0.0292987060885081,0.0552975720875061,0.013823851375955,0.0528866259970444,0.0167350267904662,0.0967127079045492,0.71729027260872,0.00920223523667675,0.0087530019105741,"CID4535"
"GAGGGCATCGCGTATC-1",0.0144919864565061,0.0572205777556733,0.00878868363023355,0.0239527591521648,0.00763035786951536,0.137927594217326,0.742195913260203,0.00582053869547078,0.00197158896290653,"CID4535"
"CTTGTGAGTCTTTGAC-1",0.0101843781932427,0.0792717789474069,0.00331321873832274,0.0229570410532986,0.00263340446201221,0.147172573734108,0.729323131119462,0.0029052970993571,0.0022391766527904,"CID4535"
"TCAACACATTGGGTAA-1",0.00614317292938602,0.0511986336047421,0.00921487930481852,0.05533282441786,0.00678146379346453,0.111658300547963,0.7495773863579,0.00545388261945814,0.00463945642440751,"CID4535"
"ACTGTATACGCGAGCA-1",0.0111492362872555,0.0733985683511998,0.00763469920384946,0.0352332948143584,0.00178411986169562,0.144185742364115,0.718978471538858,0.00381971008918034,0.00381615748948746,"CID4535"
"GTGAAACGTGCTCCAC-1",0.010747205150514,0.035058042088561,0.00346780675864174,0.0105082550918903,0.00525881708371783,0.101331782094667,0.828718720589807,0.00229999761590538,0.00260937352629576,"CID4535"
"CGAGTGCTATAGTTCG-1",0.0334373252446862,0.0927223213713586,0.0162293393034956,0.0231857086665442,0.0114327312439002,0.112585358180239,0.70296306213617,0.00213211130206784,0.00531204255153773,"CID4535"
"GTACTGCATGAAGCGT-1",0.0243532619431456,0.0674837991401637,0.0111521089646391,0.0490015187167756,0.0192963138199479,0.120448025405296,0.692453289723509,0.0091185782534377,0.00669310403308576,"CID4535"
"GTAACTTGCGGCAGTC-1",0.0484708230908002,0.0984699240487357,0.0151251292652319,0.06116214020336,0.0186810409743701,0.10284389503761,0.630896304989269,0.0162710576691245,0.00807968472149854,"CID4535"
"GAATCGCCGGACACGG-1",0.00590368678184735,0.0460388954404358,0.00380688631614784,0.00637396499144666,0.00227566304625827,0.0951510131579915,0.833364477718202,0.00301506493855357,0.00407034760911743,"CID4535"
"GGGAGTAATGGCTGGC-1",0.0187645321231406,0.0357541155997353,0.00333673419664292,0.0128908828842689,0.00238215599328806,0.143420201889902,0.78072641506189,0.00155407635048333,0.00117088590064931,"CID4535"
"CATGAACCGACATTTG-1",0.0103989907792857,0.0334372301511979,0.00442508173357283,0.0154807566834215,0.00558154493801206,0.0964616177606458,0.827557203950456,0.00297527779847189,0.00368229620493646,"CID4535"
"TCTGTCATACAAGAGC-1",0.015907490203658,0.0497549366414572,0.00392689158804832,0.0225805281350398,0.0101335761634168,0.141876221803821,0.741717773120444,0.00409735378568091,0.0100052285584341,"CID4535"
"TAAAGAGCCCGAAACC-1",0.0285819963281871,0.0431784504017021,0.00864893165044822,0.041028472738514,0.0304579790296621,0.0647802809278841,0.753397514901484,0.00959144956736965,0.0203349244547491,"CID4535"
"CATTGTGTGCTAGATC-1",0.0212468125710978,0.0556873434143152,0.00276515740159795,0.00683582250309843,0.000584310161500157,0.166092732315907,0.743714299736877,0.00269712933871942,0.000376392556887115,"CID4535"
"CGCGGCAGTATTACGG-1",0.0317691292998775,0.052847675666655,0.00315854260723518,0.0104276396494917,0.00294005922633437,0.102857899117399,0.793736818910877,0.00122679856482405,0.00103543695730571,"CID4535"
"GAAATGGGATGTAAAC-1",0.00451147605991664,0.0341399372143934,0.00187370128121779,0.0110268172429688,0.000235764109318839,0.154369963509105,0.79293551211692,0.000789466747262502,0.000117361718897462,"CID4535"
"CATTCCCTAAGTACAA-1",0.0146089776731764,0.0603534561394481,0.00362145897557685,0.0154815239127779,0.00320451982504917,0.137088015214979,0.761856443949952,0.00236681783660992,0.00141878647243098,"CID4535"
"AGTTCTGCGTTGTATC-1",0.0117645968582848,0.065649116409937,0.00523202034223004,0.0127763028224719,0.00439404163215423,0.115086081684352,0.781309743407688,0.00154114330335808,0.00224695353952431,"CID4535"
"ACCCTATAGGACTGAG-1",0.0038012868391486,0.0839870681033037,0.00421923746532155,0.0130288057539772,0.000541519770573029,0.136630487375979,0.756919853176704,0.000722264421528067,0.000149477093464684,"CID4535"
"TTAGATAGGTCGATAC-1",0.0111607344135591,0.0503874484735443,0.00327012328086485,0.0223567890400914,0.00522816276854519,0.107983051058396,0.790227323935525,0.00673745928530671,0.0026489077441677,"CID4535"
"ATTGATAGCAACGAGA-1",0.0146477188935672,0.061515084648537,0.00363600793997257,0.0137291368150537,0.00341208844217854,0.14261001874553,0.755321446087864,0.00354914688331762,0.00157935154397951,"CID4535"
"TCTCGGCTCCAGGACT-1",0.00960678009483615,0.0555105573698621,0.00441686449547936,0.0134409019050955,0.00134523329551564,0.115173653792523,0.797890670484528,0.00177300668156549,0.000842331880594467,"CID4535"
"CTTGAGGTTATCCCGA-1",0.0141216971191854,0.048013911513091,0.00320011064932349,0.0162349025199361,0.000994128864683205,0.124679575104571,0.789907304492324,0.0021028031045146,0.000745566632371042,"CID4535"
"AAGAAGGATCAGTTAG-1",0.0270265349222252,0.0726669140162327,0.0123196374372869,0.0254276735511124,0.00455778378217289,0.125325093655368,0.722797611204399,0.00559542505321476,0.00428332637798782,"CID4535"
"GTACGACGGCGCTGCG-1",0.0220669857398405,0.0816586870437533,0.00653319012409173,0.0124674339173846,0.00122906681021664,0.148537461227079,0.724204610965155,0.00220013066368891,0.00110243350879063,"CID4535"
"CTTATGTTGACTACCA-1",0.0120326475385318,0.0492696516792559,0.00547485303661627,0.0155476353024694,0.00351554022007716,0.0966693367706856,0.811963678909957,0.00318149250842742,0.00234516403397957,"CID4535"
"CGGCACTCAAGAAAGT-1",0.017555258638771,0.0537866256717214,0.00373586609784955,0.0224243591109196,0.00712291153454384,0.118868665284284,0.771227139382446,0.00177879578405933,0.00350037849540517,"CID4535"
"GTCAAAGTTTACATAG-1",0.0189442538953352,0.0772548848434327,0.00843280127816408,0.0297035659309784,0.00692278661618409,0.128331203737252,0.712934780591014,0.00778349935126187,0.00969222375637737,"CID4535"
"CTCCTAAGTTATGTCT-1",0.0136399674339242,0.0533226445758098,0.00628943516891773,0.0274811975386791,0.00658119009422967,0.0923826254438029,0.789548142411601,0.00874917857829797,0.00200561875473778,"CID4535"
"ACTGTGCTAGTAGATC-1",0.0536552320346366,0.0672565704229603,0.0304632396796925,0.0547117141718546,0.0488622906856995,0.127763063189304,0.557443599307488,0.0115169940153474,0.0483272964930176,"CID4535"
"GTTTGGCCGCTCAGCG-1",0.0105170978621644,0.0730158874647513,0.00952041880375592,0.0260780634099232,0.0097463063357537,0.138890600242656,0.721453156120654,0.00545978286081806,0.00531868689952348,"CID4535"
"TTATCCAATCGAACTC-1",0.0121942157014974,0.0653175051983242,0.00638233253926017,0.0392219566008635,0.0111292430419221,0.175303965901578,0.683297414232907,0.00274483077297359,0.0044085360106737,"CID4535"
"CCGTACCCAAGCGCCA-1",0.0434246555920924,0.09645707594142,0.0132536887248336,0.046958494299762,0.00811996571041346,0.148077799855077,0.635477289146661,0.00419721648315679,0.00403381424658329,"CID4535"
"CATACAAAGCCGAACC-1",0.0274538469938275,0.0750585780248115,0.0119504171736945,0.031265395742098,0.0161017438053876,0.126381244221333,0.687620616775179,0.00865246538949181,0.0155156918741765,"CID4535"
"GGTCGGTAATTAGACA-1",0.012824037907401,0.0614879141910652,0.00711749539115176,0.0219755179712016,0.0085035105909571,0.138022153708588,0.732900739057806,0.010437818152667,0.00673081302916228,"CID4535"
"GCCCACCAAGGCTGTC-1",0.0164700322926851,0.0511192243581295,0.00841777865017639,0.0418255960735996,0.00845503255631964,0.0942425226791224,0.762662136144973,0.00559372979502771,0.0112139474499671,"CID4535"
"GAGCATCATCCCTGGG-1",0.0281168314280703,0.0447505544519852,0.00342804016970997,0.0293664070274078,0.00720685965752057,0.0853075374832512,0.793898631502352,0.00402642020978831,0.00389871806991431,"CID4535"
"CATCCGCAGGCCCGAA-1",0.0188856278491432,0.0408645889976357,0.00131797474690594,0.0136268696256334,0.000469748104724585,0.155576931831815,0.768102626003689,0.000503527025112916,0.000652105815339715,"CID4535"
"CCCTGATGTAACTCGT-1",0.00770458969650062,0.0337262986994056,0.00295451835925369,0.0299304600714343,0.000810821455038314,0.156629599370784,0.76508334950064,0.00252308716976339,0.000637275677180166,"CID4535"
"CCATAGTCAGTAACCC-1",0.0117343017957843,0.0297563016374118,0.00208080324153625,0.00591410722788521,0.000592871373525531,0.115957713209843,0.833197199666065,0.000600420904720005,0.000166280943228362,"CID4535"
"CGGGCCATAGCCGCAC-1",0.00953870201812792,0.0573687490987975,0.00460318961499152,0.0295736773843734,0.000941757402886669,0.104889218016536,0.790179734308899,0.00235793889247305,0.000547033262914913,"CID4535"
"CTCCGGCTTGTAGACA-1",0.00862394148311936,0.0417225128195012,0.00591718804868376,0.0146029150184512,0.00240057122877826,0.115931186442947,0.807087160579877,0.00297877980094035,0.000735744577702525,"CID4535"
"AACTTGCGTTCTCGCG-1",0.011870803871601,0.107665303771337,0.00456197675176514,0.0235144226210936,0.00598774530637313,0.126528681378662,0.7109858738521,0.00317807987465134,0.00570711257241761,"CID4535"
"AATGAGTTCGCATATG-1",0.0152199507856484,0.0280182467628679,0.00507884304140968,0.0523307340545882,0.00406928981852074,0.0854466243826721,0.80430893572177,0.0047603764044367,0.000766999028086294,"CID4535"
"CGAGGCCAGGCATTGG-1",0.0114610853704249,0.0480025280172489,0.00941087352122741,0.0110353930526383,0.00588101849851123,0.130602986762431,0.77920503633998,0.00295846433368236,0.0014426141038563,"CID4535"
"TCTGCGTCCGGTTTCT-1",0.0212916823617124,0.0474967224399981,0.00334919045541556,0.0133254053036294,0.000893880570906889,0.122809076137856,0.789216954828257,0.00097482898833796,0.000642258913886891,"CID4535"
"CAATCCTGCCGTGGAG-1",0.0168501534115989,0.0494533200279635,0.00541530248674896,0.0225860758596125,0.00760967441956793,0.122549941532359,0.766411530454873,0.00607389841539198,0.00305010339188441,"CID4535"
"CTGAGCAAGTAACAAG-1",0.0317404171146373,0.0863727063230439,0.0131568104196228,0.0260680735881597,0.00365214991013035,0.126728802918421,0.703991894685619,0.0053208967514873,0.00296824828887898,"CID4535"
"GGGTACCCACGGTCCT-1",0.0415822781902462,0.0844761414124979,0.0202037078430758,0.0470482982724892,0.0171952145667733,0.129424404687596,0.644296903792114,0.00903911013606755,0.00673394109914027,"CID4535"
"ACGGAATTTAGCAAAT-1",0.0322574401134149,0.0706920694857013,0.0154039911077956,0.0251532509950961,0.00987207599694143,0.149799368339105,0.682913271262148,0.00479103567233727,0.00911749702746073,"CID4535"
"GGGCGGTCCTATTGTC-1",0.0130907711298285,0.0974233191340038,0.00917935825092655,0.0538029912101599,0.00947630237619359,0.156300337353368,0.651917313110754,0.0051776305031338,0.00363197693163193,"CID4535"
"ATGTTACGAGCAATAC-1",0.0276886506303139,0.0625082988653888,0.00889310762713991,0.0336352925002993,0.0261405864686143,0.100629869546035,0.7201468742685,0.00503300786544134,0.0153243122282672,"CID4535"
"AACCATGGGATCGCTA-1",0.0267767499309011,0.0961052034821506,0.0109072802190035,0.0237880992232565,0.00818265571947248,0.149242551949319,0.669813620204276,0.00560643649647236,0.00957740277514865,"CID4535"
"ACTTAGTACGACAAGA-1",0.0157557926127944,0.088316346009359,0.00533489634902692,0.0202523907600789,0.00522357121557586,0.15253424581424,0.708314902972963,0.00235344500313433,0.00191440926282684,"CID4535"
"GCTCAACCTCTTAGAG-1",0.00235590766626071,0.0309306647966215,0.00052677681085941,0.0020369780840033,0.000792869457508385,0.0420749941985127,0.919756329499569,0.00147356235454365,5.19171321215358e-05,"CID4535"
"GCCTTGTATATGCAGT-1",0.0208759046253137,0.0400301491042693,0.0048111271437408,0.0317219002443906,0.00215621965505975,0.0996857356738915,0.798742024847424,0.00140468068634582,0.000572258019564773,"CID4535"
"ATAATACCGTTAGCCG-1",0.0165130242240657,0.0707024822407842,0.00594163702662898,0.0202811090772944,0.00282572271758434,0.141076795080144,0.738737495807519,0.00194192529999655,0.00197980852598243,"CID4535"
"ACACTCCAATGTCACT-1",0.022375503454397,0.0767792552709727,0.00473309873086131,0.0219373381622195,0.00241876974638161,0.0821153776943636,0.783717614835135,0.00504336045960628,0.000879681646062443,"CID4535"
"AGTTGCTGACTGATAT-1",0.0141398936149076,0.0179028190329028,0.00114400070233418,0.0101440829260341,0.00184198181422183,0.0608659210729792,0.890937097206074,0.00230817925274313,0.00071602437780281,"CID4535"
