"","Endothelial","CAFs","PVL","B-cells","T-cells","Myeloid","Normal Epithelial","Plasmablasts","Cancer Epithelial","sid"
"GTAGACAACCGATGAA-1",0.0722659835936051,0.27547763847718,0.028706257424316,0.0759688487870576,0.141440443613438,0.0615031424977407,0.146060482778694,0.16179763930034,0.0367795635276284,"Visium_FFPE_Human_Breast_Cancer"
"ACAGATTAGGTTAGTG-1",0.0544984748917513,0.338975595936001,0.0668598333156681,0.0247747504041761,0.106215791812643,0.140379787048512,0.155682038109732,0.0112538227335408,0.101359905747976,"Visium_FFPE_Human_Breast_Cancer"
"TGGTATCGGTCTGTAT-1",0.0651951763005591,0.488877320171787,0.0376146754278584,0.00114772162606654,0.0125061175563697,0.191883107959329,0.144796022964306,0.00740767747960963,0.0505721805141156,"Visium_FFPE_Human_Breast_Cancer"
"ATTATCTCGACAGATC-1",0.0233804226719489,0.520826623792755,0.0020467201775476,0.00382927737913285,0.0305160960878776,0.16846564601512,0.130659576436148,0.0192865748279904,0.100989062611479,"Visium_FFPE_Human_Breast_Cancer"
"TGAGATCAAATACTCA-1",0.0197098707376524,0.580589254770011,0.00215857357936347,0.00159341799853638,0.0133139070372931,0.159552095939927,0.157325123355371,0.0152466348503246,0.0505111217315206,"Visium_FFPE_Human_Breast_Cancer"
"CAACTTGTAGTGGGCA-1",0.0199320037589928,0.471611843106173,0.00860607780861307,0.0925526487528208,0.0331728209283609,0.239509173066059,0.095654528239978,0.00689842996949168,0.0320624743695106,"Visium_FFPE_Human_Breast_Cancer"
"AATATCAAGGTCGGAT-1",0.0124978875478229,0.21873903898139,0.113788124476594,0.0179881625784451,0.172676169528781,0.204139192164962,0.178458910755484,0.0464025817675101,0.0353099321990107,"Visium_FFPE_Human_Breast_Cancer"
"ACTCAGACCTGCTTCT-1",0.0174638777554621,0.429422743415193,0.0191726469175856,0.0282261881522193,0.0714090297706015,0.286242051497208,0.077196281564402,0.047743416811022,0.0231237641163068,"Visium_FFPE_Human_Breast_Cancer"
"TTGGAGTCTCCCTTCT-1",0.0125045538648793,0.495175624852093,0.0144677672818263,0.0139243368490012,0.0108858133707133,0.291935437388961,0.136193148213348,0.00471409999763684,0.0201992181815415,"Visium_FFPE_Human_Breast_Cancer"
"GGATACTCATGAATTG-1",0.0514444264596566,0.519560023680799,0.0167383582986208,0.0206022053158483,0.120740208314355,0.14206480847869,0.0761864255672863,0.0223513814971523,0.0303121623875911,"Visium_FFPE_Human_Breast_Cancer"
"TGGGCACAAACAGAAC-1",0.0334602659529208,0.586734909150653,0.017820334254216,0.00107786725326846,0.0115136543809287,0.248085754714359,0.0749370021086419,0.00601938531233962,0.0203508268726722,"Visium_FFPE_Human_Breast_Cancer"
"GAGCCACGGTAGTAGG-1",0.0606983288951453,0.38327889513041,0.0259233041014589,0.0169810355087823,0.0451907807553555,0.32549431276709,0.0560619682523523,0.0692126759189212,0.0171586986704842,"Visium_FFPE_Human_Breast_Cancer"
"TCGATAGGCTAGTCGC-1",0.179276848002167,0.268225584148699,0.0666850054212404,0.00754533224191549,0.00656907037842606,0.33972068674212,0.0709969943746264,0.00443524777899772,0.0565452309118089,"Visium_FFPE_Human_Breast_Cancer"
"TAACCGCCCGCAGTGC-1",0.0248434279121885,0.485493610617047,0.00499731300871655,0.0179495708893448,0.0381711928814359,0.333459545351,0.0714013790408442,0.00715596831985351,0.0165279919795691,"Visium_FFPE_Human_Breast_Cancer"
"GCCTATTTGCTACACA-1",0.101986215697465,0.532650899938447,0.00815316089680112,0.0111655382225564,0.0154636175658404,0.23099501865055,0.0746330617400058,0.0110046092371162,0.0139478780512182,"Visium_FFPE_Human_Breast_Cancer"
"TTGACGATTCAGCACG-1",0.0333658944768448,0.42196852849453,0.00739958509527463,0.00515060303188151,0.175804530057754,0.277698004699204,0.0465516368774035,0.0174331399145921,0.014628077352516,"Visium_FFPE_Human_Breast_Cancer"
"ACCGAAAGGGCCCTGC-1",0.00772687068227116,0.581515840104613,0.00249110062678377,0.00289915393597679,0.00927848463782259,0.354272980248609,0.0258480273508987,0.00677518732547424,0.00919235508755179,"Visium_FFPE_Human_Breast_Cancer"
"ACGTTCCGCGCTCCGT-1",0.129442403191265,0.297689153428773,0.061567907579985,0.00747180620129456,0.0268757314584149,0.239795013961527,0.154888903753857,0.0360531397794588,0.0462159406454246,"Visium_FFPE_Human_Breast_Cancer"
"ATACCAGGCTAATAGA-1",0.0734111430075514,0.411004312921775,0.0191400527736457,0.0110274941698931,0.0654613683196207,0.254528801312722,0.126216949082142,0.0035041005050962,0.0357057779075539,"Visium_FFPE_Human_Breast_Cancer"
"CGGCTTTGTATGATAA-1",0.0676317430173214,0.367515001642878,0.020167531998008,0.0165933891379863,0.0968914633574807,0.138908736134586,0.237908622000245,0.00644424472934232,0.0479392679821521,"Visium_FFPE_Human_Breast_Cancer"
"CTTGACCCGAAAGATA-1",0.0550599493294209,0.374599373882447,0.00636401044050286,0.0392945745472173,0.0517746734812509,0.166459497936335,0.233290060147587,0.0129674867452759,0.0601903734899632,"Visium_FFPE_Human_Breast_Cancer"
"CGCAGAAACATTTGCG-1",0.0886777322526487,0.266005561848551,0.0655553337278456,0.00140911199980917,0.0309707977305588,0.208130995838653,0.251166165296225,0.0150159470834698,0.0730683542222388,"Visium_FFPE_Human_Breast_Cancer"
"GACCCGTCGCCGGCTA-1",0.097634060256183,0.263622152052555,0.0415711812360857,0.00180960303420099,0.0455853199496959,0.231161998780346,0.269020436848708,0.00181809211408242,0.0477771557281423,"Visium_FFPE_Human_Breast_Cancer"
"AATCGGGACACTACGA-1",0.0640486919954901,0.26606046072437,0.034847400427471,0.0107105111821061,0.0586972067948205,0.196845121286454,0.261824254703398,0.0268786757398217,0.0800876771460691,"Visium_FFPE_Human_Breast_Cancer"
"GTCACAAAGTTTCCAA-1",0.00968126945950324,0.423457597912663,0.00999626644136343,0.0072194572616191,0.0658373741532431,0.133186681424087,0.241046714874214,0.0505590931637734,0.0590155453095339,"Visium_FFPE_Human_Breast_Cancer"
"TATATTCGCGTCGATA-1",0.00169007773267061,0.643900836177584,0.00164265071174977,0.00480711670989834,0.025240979193028,0.107348641465954,0.144691754435464,0.047885974394731,0.0227919691789213,"Visium_FFPE_Human_Breast_Cancer"
"CCTCCCGACAATCCCT-1",0.0084705296697292,0.547732340892483,0.000412676325747265,0.00297764910878125,0.00523486376849048,0.271672791249054,0.138188565641678,0.00107506820835104,0.0242355151356864,"Visium_FFPE_Human_Breast_Cancer"
"CGACATGCGATCTTCT-1",0.0544413070180164,0.564012292215953,0.00657209946504403,0.0115385052508255,0.0196291376381136,0.181459669502173,0.118228279781053,0.00187077302820682,0.0422479361006155,"Visium_FFPE_Human_Breast_Cancer"
"AACACGACTGTACTGA-1",0.0367909773302254,0.550285593078185,0.00186826385802189,0.0108894799446133,0.0557503903712295,0.203507310839081,0.12218358796539,0.00438850352341545,0.0143358930898384,"Visium_FFPE_Human_Breast_Cancer"
"CCCAACCACACTAACA-1",0.044207737792189,0.685140889474529,0.00987428657377665,0.0014507648936084,0.00737448968676245,0.154824747474767,0.083722234263648,0.000289294109713903,0.013115555731006,"Visium_FFPE_Human_Breast_Cancer"
"CACCGCCGACCAGCGA-1",0.0391080116489504,0.371630733131512,0.00214955858524064,0.0240088092909042,0.218542282266746,0.184401194749513,0.10340816123696,0.0417833720936958,0.014967876996478,"Visium_FFPE_Human_Breast_Cancer"
"TGGTATCGCATCCCAA-1",0.0566911835787643,0.536653002363127,0.00702230884580187,0.0120878217687445,0.0456163700932818,0.17807842090619,0.108714035947585,0.0026290901580443,0.0525077663384618,"Visium_FFPE_Human_Breast_Cancer"
"CAGAGTGATTTAACGT-1",0.160089916545332,0.154188520059725,0.00956698196064156,0.04843533589679,0.364579281945845,0.181035994692319,0.055739840098383,0.00804146815055391,0.0183226606504111,"Visium_FFPE_Human_Breast_Cancer"
"AACCCTGGTGGAACCA-1",0.0457328710546182,0.53851512296624,0.00114196693610959,0.0191982603023229,0.0614266871247032,0.164258363177106,0.148825295803333,0.00145213868790484,0.0194492939476626,"Visium_FFPE_Human_Breast_Cancer"
"GTCAGTTGTGCTCGTT-1",0.207487720647071,0.103421713519849,0.0126681799250228,0.101844203320253,0.412610497199124,0.112970010352815,0.0308247416141655,0.00418747601918335,0.0139854574025167,"Visium_FFPE_Human_Breast_Cancer"
"ATTGACGTAACTCGGT-1",0.0739836383772195,0.319722326191914,0.0141127384910655,0.0271148033907953,0.249318326940597,0.132712778804818,0.128189551611497,0.0185638460911353,0.0362819901009586,"Visium_FFPE_Human_Breast_Cancer"
"GATGTCGGTCAACTGC-1",0.0575564728418635,0.118661464191469,0.0262212376041208,0.0727424908401588,0.298662244682223,0.175157390861883,0.192603992986624,0.0418066708420836,0.0165880351495739,"Visium_FFPE_Human_Breast_Cancer"
"AGGGCAGCGGCGTGGT-1",0.102737896775694,0.19103038804479,0.0105875866136921,0.196419260400836,0.23199834999437,0.136360201286562,0.0838182080527874,0.0151389383532057,0.0319091704780638,"Visium_FFPE_Human_Breast_Cancer"
"ACATCGTTAACCTAGT-1",0.0928898598885202,0.112794694991667,0.0143707376668879,0.161264808622436,0.432548436037007,0.113359096982531,0.0323942189655935,0.0136382708832768,0.0267398759620814,"Visium_FFPE_Human_Breast_Cancer"
"TGTTTAATACTTCATC-1",0.0642235803684753,0.183347526659331,0.00267709584136419,0.148960474034651,0.42111259504539,0.121473738840722,0.0401326555707107,0.00739121329957007,0.010681120339787,"Visium_FFPE_Human_Breast_Cancer"
"CATATTATTTGCCCTA-1",0.0881719950706305,0.387054016438035,0.0171713135811342,0.0632183540070437,0.149205872496303,0.146932238042754,0.0773178564777758,0.0463061101339701,0.0246222437523533,"Visium_FFPE_Human_Breast_Cancer"
"ACGAGATATTTGCTTA-1",0.049307196077277,0.408687886293152,0.0205305669152045,0.0777902227764787,0.144021989254242,0.164589279923745,0.0925466273503476,0.00577089609640643,0.0367553353131458,"Visium_FFPE_Human_Breast_Cancer"
"AACGTGATGAAGGACA-1",0.0792375344960985,0.335760526737037,0.0263291529742396,0.0620195294236077,0.108555117591925,0.133131589676755,0.149884610541342,0.013635501190098,0.0914464373688968,"Visium_FFPE_Human_Breast_Cancer"
"GAGGGCATCGCGTATC-1",0.0558540733399412,0.194771284494118,0.0465582732210971,0.0553769165379002,0.418968058300229,0.166198406946052,0.0310565716736598,0.00239239375181199,0.0288240217351905,"Visium_FFPE_Human_Breast_Cancer"
"CTTGTGAGTCTTTGAC-1",0.0864101382115741,0.0789364366834691,0.0239757264080669,0.0737002593358142,0.544376817645946,0.10983846720624,0.0300268229923115,0.0271214354252194,0.0256138960913588,"Visium_FFPE_Human_Breast_Cancer"
"TCAACACATTGGGTAA-1",0.0211385065097927,0.161457653221916,0.0322061178635206,0.049970305995377,0.408641768521378,0.260194713111396,0.031297846325514,0.0090975985130405,0.0259954899380645,"Visium_FFPE_Human_Breast_Cancer"
"ACTGTATACGCGAGCA-1",0.134852943688257,0.0454109937485498,0.026600224854112,0.210480320019743,0.493941321730505,0.0635143072399859,0.0144897295784526,0.00531492701218045,0.00539523212821378,"Visium_FFPE_Human_Breast_Cancer"
"GTGAAACGTGCTCCAC-1",0.0282090749762521,0.257302971566234,0.012441928917292,0.10626811609768,0.349937308856415,0.145747297396089,0.0314891819440931,0.0517867136769144,0.016817406569031,"Visium_FFPE_Human_Breast_Cancer"
"CGAGTGCTATAGTTCG-1",0.0237598384989215,0.156329208633758,0.00855956058410381,0.208556436261432,0.366756354647722,0.141261949804961,0.050073546896118,0.0200732236084099,0.0246298810645734,"Visium_FFPE_Human_Breast_Cancer"
"GTACTGCATGAAGCGT-1",0.126939628718876,0.222010125264711,0.0121007282224703,0.10682762937134,0.177694827101775,0.0899683173292097,0.0644766905663213,0.155726245165626,0.0442558082596699,"Visium_FFPE_Human_Breast_Cancer"
"GTAACTTGCGGCAGTC-1",0.0468815131490041,0.254982246444956,0.00725808472442968,0.207360661284163,0.215750680931655,0.137568029448912,0.0839042021059189,0.00895744458721915,0.0373371373237419,"Visium_FFPE_Human_Breast_Cancer"
"GAATCGCCGGACACGG-1",0.0753355292469257,0.257514181586199,0.0238618423287491,0.0865623628619562,0.200379858012206,0.101921318099648,0.135874745960293,0.0150233401564893,0.103526821747535,"Visium_FFPE_Human_Breast_Cancer"
"GGGAGTAATGGCTGGC-1",0.0138221808661216,0.378237536960112,0.00946541952094567,0.0589472602233879,0.0529551882985919,0.0811634245198911,0.18320250375855,0.165770721605842,0.0564357642465572,"Visium_FFPE_Human_Breast_Cancer"
"CATGAACCGACATTTG-1",0.0103531894003563,0.0648590930324372,0.020117228965204,0.0756141919812905,0.183450823780475,0.0343545437167005,0.315363573415835,0.0265605130311293,0.269326842676572,"Visium_FFPE_Human_Breast_Cancer"
"TCTGTCATACAAGAGC-1",0.0269633862347364,0.504990746772521,0.0195822421320072,0.0296010655748992,0.0745251642449739,0.157712112696653,0.105778767973805,0.00963825696702117,0.0712082574033831,"Visium_FFPE_Human_Breast_Cancer"
"TAAAGAGCCCGAAACC-1",0.0445350148155267,0.193339563250343,0.091442238928423,0.00659979224894068,0.0805959574691532,0.163906025553819,0.318372167022463,0.00451452819702758,0.0966947125143037,"Visium_FFPE_Human_Breast_Cancer"
"AAAGACCCAAGTCGCG-1",0.019785304586245,0.251116187396296,0.0663627230927227,0.00916860207881124,0.0323224893200888,0.272746775620661,0.22076342331449,0.00523446192605651,0.122500032664629,"Visium_FFPE_Human_Breast_Cancer"
"TGTATCCTTATTCCAT-1",0.0311981643385603,0.217719796865617,0.0444818610643894,0.00475158098388849,0.0399499200593571,0.370889773941424,0.191124376261129,0.00383432006054274,0.096050206425092,"Visium_FFPE_Human_Breast_Cancer"
"AAAGTCACTGATGTAA-1",0.0205412558190279,0.494867690002025,0.00304018103751898,0.0104137247020922,0.0612057574561762,0.2422486252306,0.105862035484889,0.0536294593479685,0.00819127091970235,"Visium_FFPE_Human_Breast_Cancer"
"TGTCTACAGTTTCTGT-1",0.0358913952786309,0.345369346972178,0.0205024073407605,0.0320486291163623,0.0937454113803119,0.311434506529196,0.105339935337235,0.00523856653250866,0.0504298015128166,"Visium_FFPE_Human_Breast_Cancer"
"TTAACGTCGCAAGACC-1",0.0524470365673524,0.492714529371361,0.0136650211037145,0.02430668845292,0.144721957146806,0.230027958351597,0.0164855308348416,0.00983758489108819,0.0157936932803194,"Visium_FFPE_Human_Breast_Cancer"
"CTATGTCTATTGAAAC-1",0.0213794624736587,0.441584158378491,0.0072281583016542,0.0198589392916613,0.140874509193877,0.223844600099095,0.0539963564926694,0.0629429430269741,0.0282908727419195,"Visium_FFPE_Human_Breast_Cancer"
"TCGGGTGAAACTGCTA-1",0.372228752655873,0.255164407903521,0.068145966069223,0.0374044496448055,0.0292182525641892,0.180591777326522,0.0414911288450394,0.00143270226540657,0.0143225627254202,"Visium_FFPE_Human_Breast_Cancer"
"TGTCCCGACATAGCAC-1",0.0450171923253766,0.563502122840186,0.0122971398005113,0.0139532664714452,0.00918804075598931,0.271925628932191,0.0505338294754149,0.00582837670362377,0.0277544026952624,"Visium_FFPE_Human_Breast_Cancer"
"ACAGCATAGAGCCAGT-1",0.0619908208723867,0.402643010932482,0.0135030634078938,0.0313452739289348,0.102876790470122,0.267446141428384,0.0585531849828063,0.00676271656643326,0.054878997410557,"Visium_FFPE_Human_Breast_Cancer"
"ATATTCCCACAGGTCA-1",0.0194149585219144,0.626106321092507,0.00384135269901563,0.00347115778038835,0.0609318712597219,0.175617500549146,0.0942810794094274,0.00427924005637161,0.0120565186315074,"Visium_FFPE_Human_Breast_Cancer"
"TTGGATCGACTTCTGG-1",0.0127288435005134,0.490172794298618,0.00476106664555463,0.00347083838478623,0.0264235949209206,0.284926565566937,0.126775596248432,0.0111075072607412,0.0396331931734972,"Visium_FFPE_Human_Breast_Cancer"
"CACCATCGGAGGAGAC-1",0.0284997654957429,0.36232887358621,0.00655362057219058,0.0568824933868073,0.267022023352548,0.157520132147863,0.0594439627587025,0.0321679428090965,0.0295811858908388,"Visium_FFPE_Human_Breast_Cancer"
"TCGTTCGTTATTATGT-1",0.0244947119477627,0.404287233397499,0.003305625756673,0.0823120338584612,0.130202464789263,0.184540708548387,0.120237591795319,0.00906184501672924,0.0415577848899054,"Visium_FFPE_Human_Breast_Cancer"
"CTTAACTTCGAAGTAC-1",0.0152447203922928,0.384088037538299,0.00517518173123102,0.0462274583603262,0.21762042016113,0.244511484421605,0.0442804984043109,0.00816880079947563,0.0346833981913299,"Visium_FFPE_Human_Breast_Cancer"
"GCACAAGTGTCGGAAG-1",0.0314247878920977,0.365775981102877,0.0044001486107296,0.0214638753268178,0.242265643557982,0.211790074187416,0.0762826738788179,0.00620118086637324,0.0403956345768895,"Visium_FFPE_Human_Breast_Cancer"
"TACCAGCTAGGTTTAA-1",0.0981991279959759,0.286773613729633,0.0705828260314318,0.00334679494261945,0.0548079136796879,0.336333951101433,0.0837970826571911,0.0270979010937077,0.0390607887683205,"Visium_FFPE_Human_Breast_Cancer"
"ACGTACAGATTTCTCT-1",0.0351987469407875,0.340850353165715,0.0164846224410491,0.00345175951697679,0.0526317678495523,0.454155910602755,0.056014954522988,0.00584490617507692,0.035366978785099,"Visium_FFPE_Human_Breast_Cancer"
"AATTTGGTTCCAAAGA-1",0.0343224879482939,0.108718352192446,0.0225914985131476,0.00169098223728499,0.0427156241739153,0.499045095218302,0.15300243137763,0.00642225952682382,0.131491268812155,"Visium_FFPE_Human_Breast_Cancer"
"GTAAGGATTTGTCGGA-1",0.0543268910419736,0.115948544138015,0.0245709989581792,0.00373327129722381,0.185487878462942,0.492343132124067,0.0659314115622695,0.0106292980670562,0.0470285743482742,"Visium_FFPE_Human_Breast_Cancer"
"CATCATCTACCCGGAC-1",0.0265504229695651,0.0525326756320713,0.0048124030988522,0.00530172002350292,0.23285148479833,0.243490064275342,0.389691687977466,0.00348208362950496,0.0412874575953649,"Visium_FFPE_Human_Breast_Cancer"
"ACGATGGATCCGATGC-1",0.0664668032513466,0.109261534169095,0.0155131669557216,0.00744084038569101,0.214485983283637,0.246413416963529,0.25821849583492,0.00402487082916362,0.0781748883268966,"Visium_FFPE_Human_Breast_Cancer"
"CACTCAGCTCTTGAGG-1",0.0154859027533707,0.0372978099841521,0.00370498172415489,0.00546008987431992,0.0780332747173,0.145279454827837,0.6387891828046,0.000523533742747162,0.0754257695715179,"Visium_FFPE_Human_Breast_Cancer"
"TAGATCCGAAGTCGCA-1",0.0624586138437708,0.156372357856166,0.0810606612395376,0.0203225052399283,0.25765862358818,0.320892253639148,0.0718048734051661,0.00595740043802997,0.0234727107500742,"Visium_FFPE_Human_Breast_Cancer"
"TGAAACTTATGCAAGC-1",0.107626958783915,0.110990767228765,0.0182076788807834,0.0222704630628365,0.3195057760789,0.233332275289916,0.138089832081616,0.0142202443347484,0.03575600425852,"Visium_FFPE_Human_Breast_Cancer"
"GCGATTCTGGAAGCAG-1",0.0225244724390113,0.120941571947712,0.0126418819310132,0.00842634052436223,0.305316494242144,0.403138045916475,0.0658280455206244,0.0450074636922075,0.0161756837864497,"Visium_FFPE_Human_Breast_Cancer"
"CAAACTATTGAGCTTC-1",0.0185561993947841,0.223296935825569,0.0105169974915345,0.0644913627425466,0.309587944605485,0.188605711108075,0.0716898296849888,0.0872627697999867,0.0259922493470298,"Visium_FFPE_Human_Breast_Cancer"
"TAGAATTAAGGGCAAC-1",0.0416794945517853,0.21984484379176,0.00745327451311655,0.0379289374726286,0.3637822721424,0.194976916863279,0.0412860071817507,0.0756338605894185,0.0174143928938618,"Visium_FFPE_Human_Breast_Cancer"
"CGAAACATAGATGGCA-1",0.0667510615928344,0.22185736875496,0.0598049843835681,0.0202691506826712,0.145483988142261,0.195394936145302,0.192812387440168,0.0182877187970505,0.0793384040611846,"Visium_FFPE_Human_Breast_Cancer"
"GATGGTGCCCTAGGCA-1",0.0511576990813504,0.290338394592566,0.0154770396224923,0.0319193877328826,0.297396794296739,0.154809396160943,0.0863047959833816,0.0377825391028024,0.0348139534268428,"Visium_FFPE_Human_Breast_Cancer"
"CCCGCAGGGCCCAAAG-1",0.0218735701299408,0.0705234437821305,0.00943224970437591,0.00927563537418569,0.0515669875561689,0.0992057626609806,0.568667993833574,0.0129962909224756,0.156458066036168,"Visium_FFPE_Human_Breast_Cancer"
"ACAGCGCACCCGCAGC-1",0.0792244059087218,0.269954363756901,0.063669472540157,0.0188821320597626,0.0417401962786405,0.154886971264675,0.237506683163427,0.00643835749009762,0.127697417537617,"Visium_FFPE_Human_Breast_Cancer"
"GGTAAATGTGCGTTAC-1",0.0220368502552004,0.0527757071745863,0.0111752071057857,0.00435753181079782,0.0250421349408951,0.145790100110754,0.559430169758567,0.00200042063453458,0.177391878208879,"Visium_FFPE_Human_Breast_Cancer"
"GTCCTTCTAGTGGGTT-1",0.0565580810401051,0.290839057087121,0.0480101092291983,0.028395585256897,0.0360359651456616,0.0728184071126324,0.240592270181808,0.0182220212961386,0.208528503650437,"Visium_FFPE_Human_Breast_Cancer"
"GGAAGCTCGCTTACAG-1",0.0180422191560055,0.0453915541316839,0.00506982641677066,0.0207436036882069,0.0660629677692408,0.0690080356582287,0.521883049570517,0.0170814882842885,0.236717255325058,"Visium_FFPE_Human_Breast_Cancer"
"CACCGATACACCGAGC-1",0.0891135596321329,0.377207646863854,0.0261838284855217,0.00676253467641955,0.0446827230432008,0.166617689288445,0.144086575277682,0.0087112294688085,0.136634213263934,"Visium_FFPE_Human_Breast_Cancer"
"CAGCCGGGCCCTCTAT-1",0.0192272303690017,0.0270716361655717,0.00906713079407623,0.0254801114490599,0.0680185818732113,0.0610513880884474,0.500570344855127,0.0164938007062061,0.273019775699299,"Visium_FFPE_Human_Breast_Cancer"
"CGGAGCTTATAACACC-1",0.112951021836205,0.383875071154985,0.0512424215511288,0.0150603435965996,0.0331567136816412,0.103668595491809,0.171964644802871,0.00389337782607504,0.124187810058686,"Visium_FFPE_Human_Breast_Cancer"
"ATTACAACTACCGGCC-1",0.0425056917980596,0.135672475953577,0.0511472361801294,0.0177421801230641,0.0990128888416705,0.0583849467114272,0.292898827593404,0.0178961661096879,0.28473958668898,"Visium_FFPE_Human_Breast_Cancer"
"GTCAAAGTTTACATAG-1",0.0736099588392147,0.10771987390712,0.0679989632091215,0.0269507265538536,0.1879907286885,0.273307618762829,0.15419227213176,0.00724409003430878,0.100985767873292,"Visium_FFPE_Human_Breast_Cancer"
"ACTGTGCTAGTAGATC-1",0.0228426395296896,0.0387532751559414,0.0224985239153828,0.0505711827464099,0.229840735484873,0.0632112194015346,0.231734867233046,0.0330489560945715,0.307498600438551,"Visium_FFPE_Human_Breast_Cancer"
"GTTTGGCCGCTCAGCG-1",0.0290234167130518,0.0443534405697829,0.0148413405565465,0.0298722254693722,0.149868673782875,0.0765575520938184,0.363418511799661,0.0193999125962318,0.272664926418661,"Visium_FFPE_Human_Breast_Cancer"
"TTATCCAATCGAACTC-1",0.0401995399456124,0.0831389113742831,0.0261045377618844,0.0209020997082841,0.279922832539837,0.0893577198360332,0.257617353070018,0.0413534274482618,0.161403578315786,"Visium_FFPE_Human_Breast_Cancer"
"CCGTACCCAAGCGCCA-1",0.0256561969099297,0.152888272281049,0.00926131214512715,0.0653413270853836,0.322095962540635,0.277121362000343,0.0813663848358232,0.0294685261347309,0.0368006560669787,"Visium_FFPE_Human_Breast_Cancer"
"CATACAAAGCCGAACC-1",0.269072390802842,0.165436955560277,0.0185814426587082,0.0460063944867499,0.24062546572049,0.099171861878197,0.0865272682688972,0.0205754354164598,0.0540027852073793,"Visium_FFPE_Human_Breast_Cancer"
"GGTCGGTAATTAGACA-1",0.0352316936143971,0.1103383107966,0.0322074949295695,0.122330727274698,0.453020033653166,0.148764698166607,0.0487569140850073,0.011913365526137,0.0374367619538185,"Visium_FFPE_Human_Breast_Cancer"
"AGCGGGAAGGGTCCAT-1",0.0349089645344724,0.270266806546167,0.0218794477449536,0.0330888222224633,0.160156156935786,0.204424711118297,0.0838363054598955,0.154165449073687,0.0372733363642786,"Visium_FFPE_Human_Breast_Cancer"
"GCCCACCAAGGCTGTC-1",0.0763409270406226,0.354022054395776,0.112158408231925,0.0467219126655041,0.135961060850741,0.139894638927027,0.0820376001158121,0.0271076530085672,0.0257557447640242,"Visium_FFPE_Human_Breast_Cancer"
"GTAGACGTCGTTACAT-1",0.218993537441277,0.244521972864448,0.0475291539728071,0.0653994046245997,0.136520405652027,0.0975264094438615,0.115114374343864,0.00464356720724973,0.0697511744498658,"Visium_FFPE_Human_Breast_Cancer"
"GAGCATCATCCCTGGG-1",0.0928830117200476,0.331265993539974,0.0351065447533678,0.0619321111024986,0.175330372492964,0.0673722834633336,0.130462910622927,0.0101143529229428,0.0955324193819443,"Visium_FFPE_Human_Breast_Cancer"
"AGGTAACCTCCTATTC-1",0.00893760218143695,0.0204163201950999,0.0121184913033559,0.13826647893114,0.188020477921292,0.0153023638404842,0.32650090831127,0.0305447024812144,0.259892654834706,"Visium_FFPE_Human_Breast_Cancer"
"GGTTTGAGTGCTGGAA-1",0.00708687296300607,0.0216881442698692,0.0111307238752372,0.10968529465313,0.1632106397131,0.0240645611226802,0.333814753612627,0.0687641957534044,0.260554814036946,"Visium_FFPE_Human_Breast_Cancer"
"GGTAACTATGTATCTG-1",0.015166358246362,0.0924729456016052,0.0115328306464983,0.0854294149951648,0.184115282355401,0.0476753512830579,0.363007630518713,0.0160440616926529,0.184556124660545,"Visium_FFPE_Human_Breast_Cancer"
"GCGGTCCCTAGACGCA-1",0.0103407142640432,0.112932447061445,0.00710406737034257,0.103890845132967,0.23501955068728,0.0450830013391353,0.335784561236452,0.0362083113615311,0.113636501546804,"Visium_FFPE_Human_Breast_Cancer"
"CGAGCGTTGATCAGCC-1",0.0409941101966853,0.111897127339381,0.016980286301433,0.0823017570171671,0.185027690668662,0.120765808949445,0.282687522036541,0.00733191468819037,0.152013782802496,"Visium_FFPE_Human_Breast_Cancer"
"AATCCAAGGGCCTGAG-1",0.0372382142738639,0.183452919247991,0.0259187897434386,0.0745183065945876,0.204058898618432,0.147797887842395,0.229583719612811,0.00425243948234104,0.093178824584139,"Visium_FFPE_Human_Breast_Cancer"
"CCGTGCCCATGACGGC-1",0.0310409004033258,0.172931410461093,0.0697930408638849,0.0474096848952108,0.0583862269386133,0.142329274780565,0.308318930704918,0.0521227689479966,0.117667762004392,"Visium_FFPE_Human_Breast_Cancer"
"GAAATTCACATCGCTG-1",0.0417043551574981,0.175263222368613,0.025844295248174,0.0182148460318087,0.088349035012454,0.240572026762476,0.192337736971374,0.119778674455536,0.0979358079920663,"Visium_FFPE_Human_Breast_Cancer"
"TGCGGCATAGTTCAAC-1",0.0263314382715038,0.321285571118832,0.0213965905258314,0.00553285635217837,0.126596239700985,0.318707696308578,0.0868360854583323,0.0537855477100241,0.0395279745537345,"Visium_FFPE_Human_Breast_Cancer"
"CCGCCGGTCAACACAC-1",0.169897745950191,0.28206484431771,0.0237225552800147,0.0143764493123906,0.138533007425808,0.228282349399573,0.0683608021203892,0.0450561482829155,0.0297060979110079,"Visium_FFPE_Human_Breast_Cancer"
"TCGTATAGTGCAATTA-1",0.0369874511246768,0.523187388026302,0.00450248864898715,0.0212732343394904,0.111138258052818,0.1726845997681,0.0958526477900539,0.00324491441921525,0.0311290178303567,"Visium_FFPE_Human_Breast_Cancer"
"TAGTTTATTCTTGCTT-1",0.0201924129158198,0.461677270518835,0.00726063206870326,0.0159950381930649,0.123345306560373,0.156671574195592,0.103221761766,0.0582641567574062,0.0533718470242056,"Visium_FFPE_Human_Breast_Cancer"
"GATATCTCATGCAATA-1",0.0255484098241853,0.45666512504869,0.0100795097607741,0.0406509666726267,0.0827302255346504,0.156704649169952,0.0753281374922344,0.12453736766561,0.0277556088312773,"Visium_FFPE_Human_Breast_Cancer"
"CGTTTAAGCGGAGCAC-1",0.163775161345687,0.0867960600024514,0.168359371817561,0.0246197775899331,0.0974485211341422,0.111671346780434,0.26199757605208,0.00597783013843366,0.0793543551392775,"Visium_FFPE_Human_Breast_Cancer"
"CATGCTGGCTCCAATT-1",0.0410017621379961,0.299538155412571,0.0193628934680916,0.0486359442783069,0.293137275458532,0.174472759247885,0.0750377095775996,0.0117453047632681,0.03706819565575,"Visium_FFPE_Human_Breast_Cancer"
"GAAACAGCCATGCAGT-1",0.0419630150114036,0.0568660412948014,0.00742913689872006,0.0136809877408725,0.159963424788771,0.112764325780505,0.443081726198516,0.0184187993603638,0.145832542926047,"Visium_FFPE_Human_Breast_Cancer"
"AGTTTCGCAGGTCGGA-1",0.038028711011942,0.140064440587031,0.0212980833739129,0.0874484117155507,0.426424662567268,0.172858617936995,0.0587121232487232,0.0154695497094728,0.0396953998491049,"Visium_FFPE_Human_Breast_Cancer"
"CTCATGGCTCACAATC-1",0.126248337876643,0.0819389548780432,0.062408746881923,0.0136391680494144,0.291354279206627,0.185987124674407,0.139992010797782,0.0178051824690277,0.0806261951661339,"Visium_FFPE_Human_Breast_Cancer"
"AACCGTTGTGTTTGCT-1",0.09907494347009,0.182108467887064,0.0387727204140615,0.019870474416689,0.235013204420331,0.263866464933826,0.0803114352734418,0.00610226176214861,0.0748800274223491,"Visium_FFPE_Human_Breast_Cancer"
"ACCCTTCATCTGCGAA-1",0.0131166413091671,0.0290177570546507,0.00635020032757959,0.0374344053168272,0.102997940923272,0.111890875972538,0.476826289266223,0.0189452738260589,0.203420616003684,"Visium_FFPE_Human_Breast_Cancer"
"TGCGGTGAAATTTCAT-1",0.0322281435364672,0.0507537390542242,0.00916000409917836,0.0144944402191357,0.105246341908769,0.190819101762099,0.455443229535344,0.0170716357661088,0.124783364118673,"Visium_FFPE_Human_Breast_Cancer"
"CAAATTGTCAGCAAGC-1",0.0161203568084461,0.0370902732980369,0.00777616772745908,0.0111043386544338,0.0809486136259727,0.123141501184501,0.466251772762666,0.0133004858598102,0.244266490078674,"Visium_FFPE_Human_Breast_Cancer"
"GAGGTACATCCATCTT-1",0.0471360926401661,0.100214332212294,0.0115794979684468,0.00288687269555888,0.131022381527332,0.402465013124189,0.208930473373992,0.0107814508517607,0.0849838856062604,"Visium_FFPE_Human_Breast_Cancer"
"AAATGGCATGTCTTGT-1",0.03201669200801,0.0484951651920149,0.00959452994114186,0.00811569763603036,0.0476153293783172,0.185564196187698,0.517583559764805,0.00264910724533983,0.148365722646642,"Visium_FFPE_Human_Breast_Cancer"
"TCATCCCAGAGGGTGG-1",0.02063316581853,0.0483399661805032,0.00572632444152987,0.00410918501920751,0.0590050987350646,0.209460081721118,0.597380855385219,0.000517896589523732,0.0548274261093042,"Visium_FFPE_Human_Breast_Cancer"
"CGTAGCGAATTGTCAG-1",0.0369255786788314,0.0450567305370901,0.0044021606861612,0.0076903859227746,0.0623108734831485,0.117940960024385,0.635206041160932,0.00186176948022624,0.0886055000264511,"Visium_FFPE_Human_Breast_Cancer"
"CCTAGTTAGTCGCATG-1",0.0278473414327606,0.0479569690226441,0.00802512560028255,0.0257621008768815,0.162139033681297,0.106072939753083,0.549159410894442,0.00199689877978693,0.0710401799588219,"Visium_FFPE_Human_Breast_Cancer"
"GAAACTCTAATGAAGG-1",0.115709012748652,0.213561320171431,0.0677231816596984,0.0315561138881185,0.317594761466153,0.116404715082388,0.0718549494060005,0.0218369446652079,0.0437590009123515,"Visium_FFPE_Human_Breast_Cancer"
"TTGTATCACACAGAAT-1",0.079370807589591,0.250384540295111,0.0292412301320546,0.0544712325499695,0.225225479002998,0.18746125168858,0.124955524646867,0.0192413646418761,0.0296485694529538,"Visium_FFPE_Human_Breast_Cancer"
"TTCAAGCCGAGCTGAG-1",0.0233302365812556,0.0708751266427341,0.0087638714690937,0.0123624597639383,0.10638120395438,0.103846746864216,0.414148029290243,0.0114180075056526,0.248874317928486,"Visium_FFPE_Human_Breast_Cancer"
"AGGTACGATATTGCCA-1",0.0228012233748717,0.0753354164468804,0.0155587217884666,0.0185218047780956,0.0897150427841946,0.09504261121818,0.407244526148289,0.0444220254169852,0.231358628044037,"Visium_FFPE_Human_Breast_Cancer"
"TTAAGCCGACAACTTC-1",0.0257096637322353,0.0611066960764639,0.010487022354595,0.00513478205593142,0.033369127395701,0.0965081193845817,0.574069109190372,0.00537451618072026,0.188240963629399,"Visium_FFPE_Human_Breast_Cancer"
"GTCTTAGTACAGCCGG-1",0.0211743425978751,0.0496944986018348,0.00342740030248785,0.0015429714085283,0.0262035262988371,0.0612174719769772,0.742068276443071,0.0029419534972996,0.0917295588730887,"Visium_FFPE_Human_Breast_Cancer"
"TGGGTAAGGTTCCCGC-1",0.0395154779986212,0.110485967177522,0.0136845829879402,0.0103721339556604,0.0696859195013521,0.153530019999219,0.458489477556142,0.00326902402067137,0.140967396802872,"Visium_FFPE_Human_Breast_Cancer"
"CTACGCCATTTCCGAT-1",0.0275212817737303,0.0646280770383128,0.00767617610442095,0.00987888173787776,0.0529796188704656,0.0720514320275422,0.610109383095078,0.00255692278359334,0.152598226568979,"Visium_FFPE_Human_Breast_Cancer"
"GACCGTCAGGTCGTGA-1",0.0364324233947864,0.101615935372863,0.0254126062824817,0.0205340657053923,0.153870204163854,0.142301247012682,0.343417730000508,0.0205121836902231,0.15590360437721,"Visium_FFPE_Human_Breast_Cancer"
"TAGTTAAGATAGGATA-1",0.0339933441220824,0.0803002053827157,0.00620957573197255,0.00884648837773974,0.0686207093974365,0.0609539259591642,0.565823419558546,0.00432215983567515,0.170930171634668,"Visium_FFPE_Human_Breast_Cancer"
"GAATATTCGGAGTCCC-1",0.0393516425257451,0.127644886552609,0.0319491400531896,0.0142826601059886,0.0914438356568912,0.225906701567394,0.265879797333526,0.0202457703553361,0.18329556584932,"Visium_FFPE_Human_Breast_Cancer"
"CAAACTACGATAGAGA-1",0.01974864621719,0.0533516579578889,0.0071725199465848,0.00757916992312662,0.0571335338114905,0.06459712928671,0.606488993934907,0.0190224410870336,0.164905907835069,"Visium_FFPE_Human_Breast_Cancer"
"CAGGAAGACTTTATAT-1",0.0464060198725218,0.119066254050655,0.0113689116393556,0.00378423572839698,0.0244147198328815,0.124497825588802,0.420652245927046,0.0613249170578968,0.188484870302444,"Visium_FFPE_Human_Breast_Cancer"
"TTCGTAATCCCAGCGG-1",0.00917757383181432,0.0215238797244089,0.00454440065322198,0.0288250263620373,0.0713068271767722,0.0375656357787179,0.613271737516726,0.00756918751330471,0.206215731442996,"Visium_FFPE_Human_Breast_Cancer"
"GTGAGGAGCGGTTGAG-1",0.0191343949272776,0.0667940807207554,0.00887056547572366,0.00778612142743491,0.117120080510361,0.0676099461644478,0.473095339300034,0.0214305938131484,0.218158877660818,"Visium_FFPE_Human_Breast_Cancer"
"CAATCCCTATACCAGC-1",0.00550577849191948,0.0309202520731397,0.00471994194773356,0.0347585614911452,0.0879971713020465,0.0237632070494248,0.418480072353561,0.0228216693368776,0.371033345954152,"Visium_FFPE_Human_Breast_Cancer"
"AGGGAAACGAGGTACT-1",0.0160511526697755,0.016981936205815,0.00394811965061273,0.0254000862019362,0.0612372977254577,0.0229626693197143,0.573821192654189,0.00607677291372308,0.273520772658777,"Visium_FFPE_Human_Breast_Cancer"
"TCCTGCCAACTGGAGA-1",0.0559129445848343,0.144878401049228,0.0680554435546365,0.0493270004481207,0.122076690950546,0.0386932569323972,0.177596427274903,0.0632046098501349,0.2802552253552,"Visium_FFPE_Human_Breast_Cancer"
"AATTTGGGACATAGTA-1",0.063711136832292,0.122037789369971,0.0441815704422018,0.0378760877402491,0.104166462435165,0.0511509966211321,0.271266949289132,0.0182034923194211,0.287405514950436,"Visium_FFPE_Human_Breast_Cancer"
"GCTCATTACTGCATGT-1",0.00762390319440417,0.3078078832478,0.00496103558422709,0.0263387293456052,0.0729543051246912,0.0595498684917145,0.292734368994037,0.119829433531802,0.108200472485719,"Visium_FFPE_Human_Breast_Cancer"
"CTGAGCAAGTAACAAG-1",0.137088770269376,0.383151557840072,0.0938918929403669,0.020278589166265,0.110233006176163,0.123210224834311,0.0709948374340566,0.0111991091054296,0.0499520122339593,"Visium_FFPE_Human_Breast_Cancer"
"ACGGAATTTAGCAAAT-1",0.0388278043695081,0.151094733806071,0.0135895951594189,0.0584213795933566,0.491835511313382,0.0802120157378747,0.0741976202876005,0.0743251211816655,0.017496218551122,"Visium_FFPE_Human_Breast_Cancer"
"GGGCGGTCCTATTGTC-1",0.0558376543705498,0.287782790171591,0.0119105112666438,0.0044732661027853,0.335751409213521,0.163872549550874,0.0648215444281726,0.00576075919278888,0.0697895157030739,"Visium_FFPE_Human_Breast_Cancer"
"ATGTTACGAGCAATAC-1",0.153825096962235,0.144991217431656,0.0689124531540934,0.0405990138960099,0.140207837171495,0.135336897934913,0.167895674488035,0.051782904585579,0.0964489043759844,"Visium_FFPE_Human_Breast_Cancer"
"AACCATGGGATCGCTA-1",0.0428082942972032,0.0999663293578753,0.0175678512922566,0.034724678160226,0.126432210327829,0.123524839985936,0.274140878434714,0.0253910630601897,0.255443855083771,"Visium_FFPE_Human_Breast_Cancer"
"TCGCATCCCTAAGTGT-1",0.0295806145906143,0.0469273963627828,0.012847749935699,0.0305406097314827,0.150001551084166,0.115276704375438,0.361831974374585,0.0300831143535983,0.222910285191634,"Visium_FFPE_Human_Breast_Cancer"
"ACTTAGTACGACAAGA-1",0.0270808171621035,0.0577283427861897,0.0245780998072402,0.020034933116613,0.134642562085713,0.0647440884643306,0.292763565406431,0.044949267046936,0.333478324124443,"Visium_FFPE_Human_Breast_Cancer"
"GAGCTCTCGGACCTAA-1",0.0596957600960989,0.186911865832072,0.0352538248690597,0.0947332159689009,0.343413587505856,0.116316627474703,0.067862331017518,0.0265948503006459,0.0692179369351449,"Visium_FFPE_Human_Breast_Cancer"
"TCTATTACGCTGGCGA-1",0.0516576989288258,0.241213172350366,0.0259036425111193,0.0662623934921088,0.348510992277605,0.115218581267392,0.0700112276313908,0.0148935426146313,0.0663287489265621,"Visium_FFPE_Human_Breast_Cancer"
"AGATACGACTTCATAT-1",0.0200526356229926,0.0882134917320487,0.0177098718091884,0.0995389570024542,0.437113512355849,0.245950561123409,0.0431853979310484,0.0113000652888066,0.0369355071342031,"Visium_FFPE_Human_Breast_Cancer"
"CGCTATACCGCCCACT-1",0.0239468751835751,0.155600982714706,0.014546518843507,0.0659826244574649,0.406492240290733,0.25314649583137,0.0489958699540704,0.00575096062474779,0.0255374320998251,"Visium_FFPE_Human_Breast_Cancer"
"CAGTGTCCGCAGAATG-1",0.0230109583191901,0.122574726584738,0.027633366266856,0.214921384558972,0.431713393994053,0.0866773415778392,0.0490333118412164,0.0237472993609673,0.0206882174961689,"Visium_FFPE_Human_Breast_Cancer"
"CCATCCATACCAAGTC-1",0.100074730526505,0.288969802875915,0.0443417426420578,0.07699557503866,0.230738682057,0.156961094045182,0.0508381501507614,0.0103187909292563,0.0407614317346628,"Visium_FFPE_Human_Breast_Cancer"
"AACCCAGAGACGGAGA-1",0.0928711708125812,0.34613037900299,0.0344993620880211,0.118276559740652,0.172983693637109,0.108734777519026,0.0502359841459476,0.0257479895248672,0.0505200835288053,"Visium_FFPE_Human_Breast_Cancer"
"GAAGAACGGTGCAGGT-1",0.0358787787232289,0.211297060780977,0.0604684197213097,0.0673781313233321,0.126817707049106,0.0519143450326217,0.272660874358002,0.0167626623913297,0.156822020620094,"Visium_FFPE_Human_Breast_Cancer"
"GATAAATCGGTGGATG-1",0.0307170147367611,0.137502686857691,0.0644289704390461,0.0287976775482256,0.149930599028686,0.033689015230761,0.385266918417279,0.00412453508044523,0.165542582661105,"Visium_FFPE_Human_Breast_Cancer"
"CAGCTCGTGCTTGTGT-1",0.00941875931440529,0.0252054342077721,0.0107609838049945,0.0874904589439057,0.11663132909436,0.0357919487341509,0.486739743778026,0.00188963376460876,0.226071708357777,"Visium_FFPE_Human_Breast_Cancer"
"GAGTACGGGTATACAA-1",0.0115970853352399,0.0219709367868019,0.00704449197734584,0.0431147304661369,0.0812704360093947,0.0519528192734272,0.657211994387295,0.00313014605976507,0.122707359704593,"Visium_FFPE_Human_Breast_Cancer"
"TCTTACAGAGGTACCG-1",0.0167728737134766,0.0731327871489049,0.00708896916095939,0.01536401152323,0.0560075503975198,0.0981696697125308,0.629901157271191,0.000680789139666558,0.102882191932521,"Visium_FFPE_Human_Breast_Cancer"
"TGGAAGACGAACACCA-1",0.0205337603915364,0.0900525167507596,0.0133436954172867,0.0521677250906441,0.236762975129536,0.0848880425269045,0.325510038742002,0.0313990627937682,0.145342183157562,"Visium_FFPE_Human_Breast_Cancer"
"GTTGTCGTGTTAGTTG-1",0.000900778489891738,0.129630222788612,0.000332853538759345,0.0134037385952467,0.010509526611742,0.169502755041959,0.609558794832594,0.000672745590198913,0.0654885845109954,"Visium_FFPE_Human_Breast_Cancer"
"CCAAGGAACAGAGAGG-1",0.0522876858199363,0.169036925217595,0.0086041445544205,0.00916151327514948,0.0295469843317463,0.307045131159323,0.221272467786775,0.0722713392291346,0.13077380862592,"Visium_FFPE_Human_Breast_Cancer"
"CTGCACCTGGAACCGC-1",0.036649278191168,0.140318399928791,0.0597565889896336,0.00308400099062741,0.0950145721049579,0.425456288022324,0.093271794569622,0.0271250761154908,0.119324001087385,"Visium_FFPE_Human_Breast_Cancer"
"CGCTTTCATACCGGTG-1",0.0253054866157068,0.119393333055736,0.0432478718651129,5.3213264846155e-05,0.0202623867382148,0.69574251364345,0.0278369118862714,0.000367531536439725,0.0677907513942224,"Visium_FFPE_Human_Breast_Cancer"
"AACGATAGAAGGGCCG-1",0.0689636458542657,0.183060858637067,0.035914035593898,0.0292273272863398,0.184372491503916,0.175243883698047,0.238563039593758,0.00412522998122691,0.0805294878514808,"Visium_FFPE_Human_Breast_Cancer"
"TATCCTGCATGGGAAT-1",0.0715226175740897,0.20765210652377,0.0434666473634569,0.0419600138888675,0.274725374541216,0.220340592202635,0.0651533754935459,0.0189755186317308,0.0562037537806883,"Visium_FFPE_Human_Breast_Cancer"
