"","Endothelial","CAFs","PVL","B-cells","T-cells","Myeloid","Normal Epithelial","Plasmablasts","Cancer Epithelial","sid"
"Human_Breast_Andersson_10142021_ST_C6_10x15",0.0948660115720982,0.176983537208712,0.0539404778338377,0.0537984728322602,0.0558522337328273,0.0718616373961262,0.0447310839583785,0.0217284404499641,0.426238105015796,"Human_Breast_Andersson_10142021_ST_C6"
"Human_Breast_Andersson_10142021_ST_C6_10x16",0.116180020705029,0.143400349519256,0.0540488936448091,0.041257613045979,0.1106712097233,0.118805006618903,0.014618390316673,0.0920099803595401,0.30900853606651,"Human_Breast_Andersson_10142021_ST_C6"
"Human_Breast_Andersson_10142021_ST_C6_10x17",0.120625775703659,0.111905933363937,0.0943359438694045,0.023077806524508,0.0508919117171889,0.0812730132685636,0.0132809969078939,0.160401194424371,0.344207424220474,"Human_Breast_Andersson_10142021_ST_C6"
"Human_Breast_Andersson_10142021_ST_C6_10x18",0.109404485789228,0.11049400138509,0.0531337946234791,0.0166294724679425,0.0438924779063992,0.0625870796061779,0.00659849936201721,0.260441772004881,0.336818416854784,"Human_Breast_Andersson_10142021_ST_C6"
"Human_Breast_Andersson_10142021_ST_C6_10x19",0.0988947745567256,0.119968524400654,0.0466450616122876,0.0076157342610083,0.0466697770831647,0.0834693043094026,0.013389002848883,0.24531840240448,0.338029418523395,"Human_Breast_Andersson_10142021_ST_C6"
"Human_Breast_Andersson_10142021_ST_C6_10x20",0.107712855992872,0.0641724601448043,0.0312808220133269,0.0283067511008088,0.0403566653335025,0.0386872499327861,0.0183873713088231,0.148318180475176,0.5227776436979,"Human_Breast_Andersson_10142021_ST_C6"
"Human_Breast_Andersson_10142021_ST_C6_10x21",0.0657787411600714,0.132984869888839,0.0240449844047782,0.00934646601740515,0.0258750798733438,0.0770124679986397,0.0111860635431464,0.321490392171948,0.332280934941828,"Human_Breast_Andersson_10142021_ST_C6"
"Human_Breast_Andersson_10142021_ST_C6_10x22",0.0644770090001558,0.118461960302553,0.0358289116389847,0.0083649097227405,0.0208560981763156,0.0682100761271483,0.00707064216900865,0.464865748411185,0.211864644451909,"Human_Breast_Andersson_10142021_ST_C6"
"Human_Breast_Andersson_10142021_ST_C6_10x23",0.0863916708112745,0.104543622034089,0.0459978260043316,0.00760694807224035,0.0266098623176725,0.0495715469672833,0.0173294369309932,0.304032826634479,0.357916260227637,"Human_Breast_Andersson_10142021_ST_C6"
"Human_Breast_Andersson_10142021_ST_C6_11x14",0.248167257010536,0.1498606953691,0.0657024993494543,0.0221868775568795,0.123729449932872,0.0600556678906768,0.00955329899497036,0.158907029025252,0.161837224870259,"Human_Breast_Andersson_10142021_ST_C6"
"Human_Breast_Andersson_10142021_ST_C6_11x15",0.134060775904018,0.134739081665686,0.060459693240909,0.0195536447399775,0.0752840604332922,0.0853622676911606,0.0114207488562053,0.154049673513387,0.325070053955364,"Human_Breast_Andersson_10142021_ST_C6"
"Human_Breast_Andersson_10142021_ST_C6_11x16",0.111718972446355,0.0848523377297637,0.0706096715934051,0.0314889920692323,0.114809034421244,0.100888118257452,0.0258667032930108,0.170903563268392,0.288862606921145,"Human_Breast_Andersson_10142021_ST_C6"
"Human_Breast_Andersson_10142021_ST_C6_11x18",0.108532726715226,0.109706421661126,0.0744990331105334,0.0344668122377505,0.0336114145786777,0.0642368866281745,0.016561392900024,0.312635142023984,0.245750170144504,"Human_Breast_Andersson_10142021_ST_C6"
"Human_Breast_Andersson_10142021_ST_C6_11x19",0.114489447575649,0.0782864881018384,0.0446861795386949,0.0286349571377178,0.086474911063928,0.061776955599569,0.0274216213395519,0.174695128736351,0.3835343109067,"Human_Breast_Andersson_10142021_ST_C6"
"Human_Breast_Andersson_10142021_ST_C6_11x20",0.0924309868650784,0.0538142350267348,0.0250232131804262,0.0207775887221797,0.0414114680064903,0.0525546138507454,0.016334882466845,0.174239759637688,0.523413252243812,"Human_Breast_Andersson_10142021_ST_C6"
"Human_Breast_Andersson_10142021_ST_C6_11x21",0.0874661438311593,0.13191496373555,0.0368499852401945,0.0287858094756619,0.0627700231701545,0.073524880474408,0.025021883590382,0.281497071270623,0.272169239211867,"Human_Breast_Andersson_10142021_ST_C6"
"Human_Breast_Andersson_10142021_ST_C6_11x22",0.0629634504268894,0.119467215924747,0.0537485152241645,0.00366431996986468,0.0134511999314819,0.066036975869151,0.00496159094704501,0.486682510247907,0.189024221458749,"Human_Breast_Andersson_10142021_ST_C6"
"Human_Breast_Andersson_10142021_ST_C6_11x23",0.0604511324298499,0.128227891605401,0.0365450669728653,0.014949656755901,0.0308758852988263,0.0707214048982838,0.0168895249522609,0.343171560034062,0.29816787705255,"Human_Breast_Andersson_10142021_ST_C6"
"Human_Breast_Andersson_10142021_ST_C6_12x13",0.320014664900341,0.131734602239196,0.125709881820389,0.0484205911786707,0.0601486319530729,0.0757137088254482,0.00428678690618149,0.14876730441377,0.0852038277629308,"Human_Breast_Andersson_10142021_ST_C6"
"Human_Breast_Andersson_10142021_ST_C6_12x14",0.103648789290526,0.0979515176042998,0.049740849511215,0.0506188383710146,0.0814843737801123,0.0525944723553525,0.0460680183921989,0.082199749354971,0.43569339134031,"Human_Breast_Andersson_10142021_ST_C6"
"Human_Breast_Andersson_10142021_ST_C6_12x15",0.0785729887626205,0.0975588211588334,0.0578383691222805,0.056782118108314,0.13254708656607,0.0661013857028788,0.0396443693273267,0.119570243126632,0.351384618125044,"Human_Breast_Andersson_10142021_ST_C6"
"Human_Breast_Andersson_10142021_ST_C6_12x16",0.0709652500600274,0.114362304008823,0.0736532824514239,0.019018341190327,0.0934779627552807,0.107021368123555,0.0246142112427566,0.192046644024292,0.304840636143515,"Human_Breast_Andersson_10142021_ST_C6"
"Human_Breast_Andersson_10142021_ST_C6_12x17",0.112825089669512,0.110079880366828,0.0638626034799071,0.0123847674892582,0.0600468160771716,0.0668556250341817,0.0229846474422867,0.32281997263704,0.228140597803814,"Human_Breast_Andersson_10142021_ST_C6"
"Human_Breast_Andersson_10142021_ST_C6_12x18",0.0976830161938274,0.120000950183661,0.0769574011611961,0.0160572471886798,0.0291122122001641,0.0647863786924922,0.0136957617932635,0.331585099275357,0.250121933311359,"Human_Breast_Andersson_10142021_ST_C6"
"Human_Breast_Andersson_10142021_ST_C6_12x19",0.105754115145767,0.100552610186662,0.0666531744385523,0.0292107071642611,0.0532731890127413,0.0507893089476491,0.0223581496695346,0.201022562347364,0.370386183087469,"Human_Breast_Andersson_10142021_ST_C6"
"Human_Breast_Andersson_10142021_ST_C6_12x20",0.0858575810039948,0.113759463416845,0.0281696312419663,0.0124446116628024,0.0507848200490096,0.0548044913511329,0.0244000520045222,0.27672970845976,0.353049640809968,"Human_Breast_Andersson_10142021_ST_C6"
"Human_Breast_Andersson_10142021_ST_C6_12x21",0.097457877376102,0.124700641107672,0.0478981975409689,0.0302640040959444,0.0211821024549785,0.0641668656179638,0.00923839978122606,0.443321314130844,0.1617705978943,"Human_Breast_Andersson_10142021_ST_C6"
"Human_Breast_Andersson_10142021_ST_C6_12x22",0.0858853645855794,0.137175402308169,0.0467864789180716,0.0142060939960686,0.0192217369388667,0.11259487480023,0.0103374112190265,0.43026226633483,0.143530370899158,"Human_Breast_Andersson_10142021_ST_C6"
"Human_Breast_Andersson_10142021_ST_C6_12x23",0.0817702382242387,0.113711634544302,0.0350896425207301,0.0239198000780642,0.0356592030534316,0.0813610657172453,0.0138192962172647,0.48426258856142,0.130406531083304,"Human_Breast_Andersson_10142021_ST_C6"
"Human_Breast_Andersson_10142021_ST_C6_13x12",0.272623908183988,0.0810836016616151,0.133916619900843,0.0185909564296766,0.0171812654873535,0.0615073582251409,0.01297835375519,0.250804098352474,0.151313838003719,"Human_Breast_Andersson_10142021_ST_C6"
"Human_Breast_Andersson_10142021_ST_C6_13x13",0.113229466692564,0.256367159590776,0.125820263229096,0.00927946980087026,0.025451823169387,0.099941390188838,0.0180504752535118,0.199243155707417,0.15261679636754,"Human_Breast_Andersson_10142021_ST_C6"
"Human_Breast_Andersson_10142021_ST_C6_13x14",0.0922414549704955,0.0753049042113255,0.060449637325404,0.0376693702145421,0.0752509379810248,0.0404719287505793,0.0331033348414351,0.163264652331712,0.422243779373482,"Human_Breast_Andersson_10142021_ST_C6"
"Human_Breast_Andersson_10142021_ST_C6_13x15",0.115103787632673,0.117716044659918,0.0546471277729623,0.0465690452120249,0.0889612078332799,0.0860938859174665,0.016766554938418,0.248977918235013,0.225164427798245,"Human_Breast_Andersson_10142021_ST_C6"
"Human_Breast_Andersson_10142021_ST_C6_13x16",0.0637093844364069,0.105632976773062,0.0647896065711802,0.0153521232028784,0.0726900057372228,0.0899742083942406,0.0185718026905144,0.394164106033689,0.175115786160806,"Human_Breast_Andersson_10142021_ST_C6"
"Human_Breast_Andersson_10142021_ST_C6_13x17",0.130263309395311,0.107778325783335,0.0492388807470793,0.042311878225517,0.0717622222063179,0.0820387950927172,0.0146028032012737,0.27817933586866,0.223824449479789,"Human_Breast_Andersson_10142021_ST_C6"
"Human_Breast_Andersson_10142021_ST_C6_13x18",0.118191330588131,0.129342283293232,0.0860499307983807,0.0212322832047493,0.0458177179401267,0.0834938498673302,0.0241315030645163,0.133297732377309,0.358443368866225,"Human_Breast_Andersson_10142021_ST_C6"
"Human_Breast_Andersson_10142021_ST_C6_13x19",0.0757177630457629,0.081684555155211,0.0434301128056102,0.0365575024211653,0.07162540372758,0.0795325085777682,0.0252215783860311,0.133705974329522,0.45252460155135,"Human_Breast_Andersson_10142021_ST_C6"
"Human_Breast_Andersson_10142021_ST_C6_13x20",0.101071822148524,0.122821932508202,0.0416624672436023,0.0262976439476043,0.0521725831836675,0.0645058415928185,0.0250796893213666,0.262661428962629,0.303726591091586,"Human_Breast_Andersson_10142021_ST_C6"
"Human_Breast_Andersson_10142021_ST_C6_13x21",0.0823686476620442,0.121309096728032,0.0525244276726679,0.00838727708515914,0.0346477973152007,0.0949876852118208,0.00695599051080905,0.4014332401114,0.197385837702867,"Human_Breast_Andersson_10142021_ST_C6"
"Human_Breast_Andersson_10142021_ST_C6_13x22",0.110189734177706,0.131337236783754,0.0702682550162432,0.0253920567753915,0.0296465291837802,0.0603678633502308,0.0100099540829359,0.29524158261203,0.267546788017928,"Human_Breast_Andersson_10142021_ST_C6"
"Human_Breast_Andersson_10142021_ST_C6_13x23",0.0881535712351434,0.129516638794131,0.0847989499000299,0.0191253102135543,0.0210810248668855,0.135730679674525,0.0170427259020794,0.203780297312014,0.300770802101637,"Human_Breast_Andersson_10142021_ST_C6"
"Human_Breast_Andersson_10142021_ST_C6_13x24",0.106492302875515,0.129915232570523,0.067636058391119,0.00822368144868696,0.0232254740546738,0.0779257600379608,0.0132311085748349,0.340402628454602,0.232947753592085,"Human_Breast_Andersson_10142021_ST_C6"
"Human_Breast_Andersson_10142021_ST_C6_14x12",0.170674295745963,0.188083228925325,0.092320051370041,0.0290397501052005,0.0468611692163953,0.0728376528837055,0.0251081524503056,0.168994636247389,0.206081063055675,"Human_Breast_Andersson_10142021_ST_C6"
"Human_Breast_Andersson_10142021_ST_C6_14x13",0.0977815940244084,0.100930541728579,0.09662952125783,0.0356389064897477,0.104653576034974,0.0794835668635918,0.0252340285982112,0.156916933833093,0.302731331169566,"Human_Breast_Andersson_10142021_ST_C6"
"Human_Breast_Andersson_10142021_ST_C6_14x14",0.0730345870855149,0.0722789329694079,0.0834655659228085,0.0452712807093321,0.132534638478417,0.0585977072939267,0.0134016909846885,0.196315181252677,0.325100415303227,"Human_Breast_Andersson_10142021_ST_C6"
"Human_Breast_Andersson_10142021_ST_C6_14x15",0.0659598605419047,0.103839251857548,0.0970588407942745,0.0416442129664285,0.0768557737462082,0.0967701556584781,0.0245229845995085,0.30484718737793,0.18850173245772,"Human_Breast_Andersson_10142021_ST_C6"
"Human_Breast_Andersson_10142021_ST_C6_14x18",0.0687823767370302,0.156565255990543,0.0638900354161423,0.0230668842426295,0.0638301054238928,0.0839975713316756,0.0208872261015382,0.188521683386565,0.330458861369983,"Human_Breast_Andersson_10142021_ST_C6"
"Human_Breast_Andersson_10142021_ST_C6_14x19",0.0815226042027268,0.120133319162816,0.0917858436939083,0.0168440114015497,0.0495496407183633,0.0918521365147599,0.0172822242635507,0.180713305223483,0.350316914818842,"Human_Breast_Andersson_10142021_ST_C6"
"Human_Breast_Andersson_10142021_ST_C6_14x20",0.080397443422714,0.108953719831924,0.047998677954103,0.0286927710005753,0.0408198705359512,0.0698169805085384,0.0251359435192663,0.305312971818453,0.292871621408475,"Human_Breast_Andersson_10142021_ST_C6"
"Human_Breast_Andersson_10142021_ST_C6_14x21",0.0985869061195245,0.0849220769346825,0.0437915304655638,0.0403320669182132,0.062835655947686,0.0566422018076648,0.0310150263837401,0.118906118135022,0.462968417287903,"Human_Breast_Andersson_10142021_ST_C6"
"Human_Breast_Andersson_10142021_ST_C6_14x22",0.100061962352054,0.0945439363597394,0.0828100289129313,0.0170125404294584,0.0401078362366719,0.0891488547021937,0.0158071189103219,0.307546505979059,0.25296121611757,"Human_Breast_Andersson_10142021_ST_C6"
"Human_Breast_Andersson_10142021_ST_C6_14x23",0.164060721476388,0.0729828163884791,0.0351230637801957,0.0178501011660521,0.0549565557735222,0.0515412748158564,0.0171221617388676,0.167131129726218,0.41923217513442,"Human_Breast_Andersson_10142021_ST_C6"
"Human_Breast_Andersson_10142021_ST_C6_14x24",0.1021748205441,0.103561061875648,0.0528981927646596,0.0146958217660846,0.0331887123735776,0.0760961107546033,0.00908850662941281,0.313179463442835,0.295117309849079,"Human_Breast_Andersson_10142021_ST_C6"
"Human_Breast_Andersson_10142021_ST_C6_15x11",0.0947865203481676,0.123186955592254,0.0726233047397773,0.00799733219636417,0.0682068692268839,0.0693665124211931,0.0129713873450338,0.379897454229037,0.170963663901289,"Human_Breast_Andersson_10142021_ST_C6"
"Human_Breast_Andersson_10142021_ST_C6_15x12",0.0876350298954266,0.119331111673123,0.0440751156083194,0.0260428222591128,0.0391598711891006,0.0670300323355086,0.0230758057625644,0.253756065756373,0.339894145520471,"Human_Breast_Andersson_10142021_ST_C6"
"Human_Breast_Andersson_10142021_ST_C6_15x13",0.067389930156739,0.0909260741445363,0.0601745661286925,0.0051220693523736,0.0511537235251534,0.0305402427243335,0.0160603156095434,0.14064707425627,0.537986004102358,"Human_Breast_Andersson_10142021_ST_C6"
"Human_Breast_Andersson_10142021_ST_C6_15x14",0.0897084586357557,0.089061683072844,0.0588637340199455,0.0474163732585604,0.104703178095135,0.0644349943241578,0.0318968069279745,0.201173659814376,0.312741111851251,"Human_Breast_Andersson_10142021_ST_C6"
"Human_Breast_Andersson_10142021_ST_C6_15x15",0.122749391790969,0.0861078444951131,0.112996271591862,0.0102225416842908,0.0264521645277752,0.0479721326223306,0.0304477699870015,0.231108421493407,0.33194346180725,"Human_Breast_Andersson_10142021_ST_C6"
"Human_Breast_Andersson_10142021_ST_C6_15x16",0.146910787618327,0.119092975947896,0.073257253352159,0.0346193905262788,0.0772177734728698,0.0648596702833709,0.0329056181275547,0.106275798486874,0.344860732184671,"Human_Breast_Andersson_10142021_ST_C6"
"Human_Breast_Andersson_10142021_ST_C6_15x18",0.141985639602014,0.114048082509184,0.0416991580430273,0.0255568551614714,0.0833575113495367,0.0462676117805182,0.0268422293972308,0.0729153225997607,0.447327589557257,"Human_Breast_Andersson_10142021_ST_C6"
"Human_Breast_Andersson_10142021_ST_C6_15x19",0.124864529944413,0.11373940558097,0.0635409920775681,0.0248878152474807,0.0606628397511717,0.0699989154129329,0.0158339320413353,0.191667074509236,0.334804495434892,"Human_Breast_Andersson_10142021_ST_C6"
"Human_Breast_Andersson_10142021_ST_C6_15x20",0.0890216737826722,0.123578179948712,0.0536508907802111,0.0194144000640062,0.0365340816607609,0.0613538707942384,0.0153371401958228,0.245683870313315,0.355425892460262,"Human_Breast_Andersson_10142021_ST_C6"
"Human_Breast_Andersson_10142021_ST_C6_15x21",0.105493618346085,0.114117118712722,0.0621448361814647,0.0180879478885605,0.0450857065564786,0.0531719541473099,0.0171062564043336,0.287867348370801,0.296925213392245,"Human_Breast_Andersson_10142021_ST_C6"
"Human_Breast_Andersson_10142021_ST_C6_15x22",0.0930017851186914,0.106518032347246,0.0542402559455176,0.0311624684862509,0.0292502551351449,0.084102801304098,0.00759016848902009,0.213239850984468,0.380894382189563,"Human_Breast_Andersson_10142021_ST_C6"
"Human_Breast_Andersson_10142021_ST_C6_15x23",0.0694345608783319,0.111265713556999,0.0380998670995148,0.0124252779144622,0.0319569355911336,0.0865842961848128,0.0159805746696962,0.201921139501123,0.432331634603927,"Human_Breast_Andersson_10142021_ST_C6"
"Human_Breast_Andersson_10142021_ST_C6_15x24",0.076564977559911,0.124885543142958,0.0510546925620676,0.0205908506449176,0.0314780314286144,0.0751882837863891,0.0229687124149046,0.309715064517482,0.287553843942757,"Human_Breast_Andersson_10142021_ST_C6"
"Human_Breast_Andersson_10142021_ST_C6_16x10",0.0861998649343097,0.109343917417311,0.0548183519651898,0.00899400000460691,0.0164557992946106,0.0411890613452999,0.0225257075437754,0.423598518347734,0.236874779147163,"Human_Breast_Andersson_10142021_ST_C6"
"Human_Breast_Andersson_10142021_ST_C6_16x11",0.0752106618357819,0.104261906016156,0.063991044526511,0.0167220123215304,0.0444761416656436,0.0673107686342632,0.0427232725021102,0.137795105613806,0.447509086884197,"Human_Breast_Andersson_10142021_ST_C6"
"Human_Breast_Andersson_10142021_ST_C6_16x12",0.075839325090483,0.105345086386483,0.0330278087526346,0.0370761352044062,0.0473886067241548,0.0370515873038764,0.0242313905938674,0.32137892865562,0.318661131288474,"Human_Breast_Andersson_10142021_ST_C6"
"Human_Breast_Andersson_10142021_ST_C6_16x13",0.0657481256548942,0.113651493923884,0.0933871434141052,0.0225549697154963,0.0562927165765041,0.0739390170333405,0.0172258957635065,0.305587198810999,0.251613439107271,"Human_Breast_Andersson_10142021_ST_C6"
"Human_Breast_Andersson_10142021_ST_C6_16x14",0.0951383170624238,0.140374301561093,0.0453070254601353,0.00650405983762387,0.044232971558085,0.0450413719985102,0.0353762234950477,0.29826279330742,0.289762935719661,"Human_Breast_Andersson_10142021_ST_C6"
"Human_Breast_Andersson_10142021_ST_C6_16x15",0.164946605069472,0.13139108296805,0.0465531734676275,0.0216308769136294,0.120906360246145,0.0514094713375858,0.0173420688050829,0.0945314626713844,0.351288898521022,"Human_Breast_Andersson_10142021_ST_C6"
"Human_Breast_Andersson_10142021_ST_C6_16x16",0.123955156213757,0.0953921739013796,0.0596660053534298,0.0203703839042731,0.0499539450248222,0.0639359797438961,0.023358883289655,0.0907275904688939,0.472639882099893,"Human_Breast_Andersson_10142021_ST_C6"
"Human_Breast_Andersson_10142021_ST_C6_16x17",0.143583000504293,0.079672418558232,0.0580340909172233,0.0202559454915755,0.0309634820167993,0.0877408064259102,0.0181655945814341,0.081612389379253,0.47997227212528,"Human_Breast_Andersson_10142021_ST_C6"
"Human_Breast_Andersson_10142021_ST_C6_16x18",0.147239336784915,0.0829710459375546,0.0431974999626667,0.0260099609648628,0.0885915357472897,0.0575163380352696,0.0306331235352243,0.104196035773446,0.419645123258771,"Human_Breast_Andersson_10142021_ST_C6"
"Human_Breast_Andersson_10142021_ST_C6_16x19",0.102291376041975,0.0949942901981494,0.0616965458829548,0.023769750789563,0.0557281860773694,0.059438817788994,0.0285560977704206,0.200663157937285,0.372861777513289,"Human_Breast_Andersson_10142021_ST_C6"
"Human_Breast_Andersson_10142021_ST_C6_16x20",0.126178311149618,0.135750961141427,0.0406755184030332,0.0148036198473092,0.0419839109906521,0.088002822545298,0.011889008762093,0.127349575910964,0.413366271249606,"Human_Breast_Andersson_10142021_ST_C6"
"Human_Breast_Andersson_10142021_ST_C6_16x21",0.0849698690605523,0.130333281753661,0.0709122535268901,0.0133311400386352,0.0535614340102279,0.112819653135526,0.0198431210083762,0.275158695972001,0.239070551494131,"Human_Breast_Andersson_10142021_ST_C6"
"Human_Breast_Andersson_10142021_ST_C6_16x22",0.104391905163675,0.0959303012540034,0.0458979673331572,0.0291726134465612,0.0799816140374825,0.072496300147752,0.0174358213912626,0.137305509218154,0.417387968007952,"Human_Breast_Andersson_10142021_ST_C6"
"Human_Breast_Andersson_10142021_ST_C6_16x23",0.119237207740409,0.134423989536619,0.0775988858192793,0.0193367064180061,0.0297975627397703,0.0757841749842885,0.0129505793070216,0.22624730430217,0.304623589152437,"Human_Breast_Andersson_10142021_ST_C6"
"Human_Breast_Andersson_10142021_ST_C6_16x24",0.0927167109153084,0.123229911469488,0.0614390585362437,0.0172009418366944,0.0594396440672622,0.0930633871881762,0.0241404489648243,0.317569318837437,0.211200578184566,"Human_Breast_Andersson_10142021_ST_C6"
"Human_Breast_Andersson_10142021_ST_C6_16x25",0.082358996347242,0.144795953195155,0.0564969171288911,0.0312683024451227,0.0830665534630347,0.101968879443779,0.019072465531156,0.309425591097127,0.171546341348493,"Human_Breast_Andersson_10142021_ST_C6"
"Human_Breast_Andersson_10142021_ST_C6_17x10",0.0867753723704214,0.126950660884103,0.0636100312856249,0.0196454437587531,0.0490113201545784,0.0706358115295185,0.0320249956628774,0.237303350871466,0.314043013482657,"Human_Breast_Andersson_10142021_ST_C6"
"Human_Breast_Andersson_10142021_ST_C6_17x11",0.107317488107129,0.121828511100349,0.055367048521966,0.0202411037029885,0.0323604019493881,0.0665930203217963,0.0206829942167856,0.416047595361937,0.15956183671766,"Human_Breast_Andersson_10142021_ST_C6"
"Human_Breast_Andersson_10142021_ST_C6_17x12",0.137002900171242,0.0659260002377031,0.0394297929953284,0.0302024282554044,0.120677289847821,0.0435945317673976,0.0324357349361457,0.0864119822996446,0.444319339489313,"Human_Breast_Andersson_10142021_ST_C6"
"Human_Breast_Andersson_10142021_ST_C6_17x13",0.149351880620364,0.170228948674785,0.125070398256024,0.0135933544641228,0.0520081275892695,0.104306378827341,0.0265357891253843,0.147431206032005,0.211473916410705,"Human_Breast_Andersson_10142021_ST_C6"
"Human_Breast_Andersson_10142021_ST_C6_17x15",0.14171280739142,0.0978123593373624,0.058870727545888,0.0424401948922922,0.059339997378502,0.0939337345541432,0.0203849264172917,0.079781097965584,0.405724154517516,"Human_Breast_Andersson_10142021_ST_C6"
"Human_Breast_Andersson_10142021_ST_C6_17x16",0.0863723191725344,0.071918688540128,0.0485493856329558,0.026385146407082,0.0316104779534592,0.0548219661603943,0.0255553944212561,0.225689947125095,0.429096674587095,"Human_Breast_Andersson_10142021_ST_C6"
"Human_Breast_Andersson_10142021_ST_C6_17x17",0.0869640270647977,0.101712224577321,0.073433529594809,0.0211488930488985,0.034708078866768,0.0762486183362641,0.0236103145901332,0.127287349300432,0.454886964620576,"Human_Breast_Andersson_10142021_ST_C6"
"Human_Breast_Andersson_10142021_ST_C6_17x18",0.153706335995552,0.0903410436542505,0.048946209400554,0.0312582343053613,0.0681022586208443,0.070003605653121,0.0224151298203109,0.0832207010828424,0.432006481467163,"Human_Breast_Andersson_10142021_ST_C6"
"Human_Breast_Andersson_10142021_ST_C6_17x19",0.0944410673981579,0.106957234734523,0.0987562140981686,0.0196349110214682,0.119487811935807,0.100627738256853,0.0154349188956992,0.106076700929951,0.338583402729371,"Human_Breast_Andersson_10142021_ST_C6"
"Human_Breast_Andersson_10142021_ST_C6_17x20",0.109791662379394,0.09571126267484,0.0397752286289984,0.0119503718276531,0.0193837488394367,0.0948845305284749,0.00869617588846147,0.29778400874441,0.322023010488332,"Human_Breast_Andersson_10142021_ST_C6"
"Human_Breast_Andersson_10142021_ST_C6_17x21",0.0975132227452123,0.137587613958179,0.0313390179669825,0.0181204586190043,0.0420541244353346,0.107632337981292,0.0121543930147407,0.246468699744752,0.307130131534502,"Human_Breast_Andersson_10142021_ST_C6"
"Human_Breast_Andersson_10142021_ST_C6_17x22",0.0806195016818686,0.104372308897055,0.0517338011665224,0.00960841591694165,0.0262589758699345,0.0774001846470844,0.0119645792021209,0.393825401738192,0.244216830880281,"Human_Breast_Andersson_10142021_ST_C6"
"Human_Breast_Andersson_10142021_ST_C6_17x23",0.0618716773450003,0.107599320788598,0.0472264053945439,0.0196919733627438,0.0351329415511743,0.0528962282141908,0.0167056684251426,0.434466663947658,0.224409120970948,"Human_Breast_Andersson_10142021_ST_C6"
"Human_Breast_Andersson_10142021_ST_C6_17x24",0.081919358282537,0.105778880413501,0.063230184231535,0.0221270486708745,0.0888279568697772,0.0650774163291376,0.0151844186287964,0.29799219145867,0.259862545115171,"Human_Breast_Andersson_10142021_ST_C6"
"Human_Breast_Andersson_10142021_ST_C6_18x10",0.139577746475975,0.118270852986706,0.131853570362274,0.0289624090114513,0.106669868588389,0.0746381039133831,0.0348068024303493,0.114996578035615,0.250224068195857,"Human_Breast_Andersson_10142021_ST_C6"
"Human_Breast_Andersson_10142021_ST_C6_18x11",0.132002795959995,0.138110105260153,0.044973034259584,0.0451542808849202,0.11612131638354,0.0853612252489354,0.0195422719920241,0.114483613676612,0.304251356334236,"Human_Breast_Andersson_10142021_ST_C6"
"Human_Breast_Andersson_10142021_ST_C6_18x12",0.152245551343789,0.0940107537417294,0.0657013774524611,0.0364719209804476,0.109779820752147,0.104991235221259,0.0229185606629804,0.248898857838414,0.164981922006773,"Human_Breast_Andersson_10142021_ST_C6"
"Human_Breast_Andersson_10142021_ST_C6_18x13",0.131217364431087,0.0972248448448111,0.0376881005851995,0.0177339157048109,0.0547615746229235,0.0684923926649054,0.0180265473685016,0.326360528130347,0.248494731647414,"Human_Breast_Andersson_10142021_ST_C6"
"Human_Breast_Andersson_10142021_ST_C6_18x14",0.0719297977305661,0.136279335073892,0.0757072229823269,0.0232975808129328,0.0530798733019849,0.0646043294440524,0.0260752368344864,0.253682137406606,0.295344486413153,"Human_Breast_Andersson_10142021_ST_C6"
"Human_Breast_Andersson_10142021_ST_C6_18x15",0.0954579575618921,0.11872715229703,0.0614406663084686,0.0335576578327041,0.0167223351735086,0.0794228970638996,0.016957823616335,0.175010333810005,0.402703176336156,"Human_Breast_Andersson_10142021_ST_C6"
"Human_Breast_Andersson_10142021_ST_C6_18x16",0.113769623043729,0.082866070076714,0.0402348415538504,0.0436840919151788,0.0614678563111757,0.0678321052467197,0.0515786013228473,0.14541465880093,0.393152151728855,"Human_Breast_Andersson_10142021_ST_C6"
"Human_Breast_Andersson_10142021_ST_C6_18x17",0.0394015737514623,0.0929453003821437,0.0372552236861692,0.0211948831227866,0.0739314674447099,0.057066781460515,0.0359509736059327,0.136458289781043,0.505795506765237,"Human_Breast_Andersson_10142021_ST_C6"
"Human_Breast_Andersson_10142021_ST_C6_18x18",0.111138788890852,0.106108546825609,0.07326480055088,0.0241801174127423,0.102368999823336,0.0764377489403872,0.0349145186044245,0.0866228356113065,0.384963643340463,"Human_Breast_Andersson_10142021_ST_C6"
"Human_Breast_Andersson_10142021_ST_C6_18x19",0.0814020194768608,0.114460343644243,0.0662667511206732,0.0104770200946094,0.0408329911814198,0.084783115427497,0.0233656349592223,0.10965508173711,0.468757042358365,"Human_Breast_Andersson_10142021_ST_C6"
"Human_Breast_Andersson_10142021_ST_C6_18x21",0.0666710931607835,0.158033378342283,0.0641116268041636,0.0242676122210723,0.0311524477456897,0.0572771763499166,0.0201097379881581,0.272297988713486,0.306078938674447,"Human_Breast_Andersson_10142021_ST_C6"
"Human_Breast_Andersson_10142021_ST_C6_18x22",0.0648068630804143,0.138844126678007,0.0530137150419759,0.0353589608301946,0.0534227247886936,0.0582796370417347,0.0456030936590606,0.189146994182135,0.361523884697784,"Human_Breast_Andersson_10142021_ST_C6"
"Human_Breast_Andersson_10142021_ST_C6_18x23",0.0420211318925707,0.0783197320794164,0.0303341739963963,0.0252357071063013,0.0520832968062937,0.0466983183363667,0.0372260367951827,0.241315517088242,0.44676608589923,"Human_Breast_Andersson_10142021_ST_C6"
"Human_Breast_Andersson_10142021_ST_C6_18x9",0.0573880082675175,0.24869786903474,0.0286664690506762,0.0126447124127095,0.0285153806083851,0.0670360158648137,0.0436985515261071,0.16324390616218,0.350109087072872,"Human_Breast_Andersson_10142021_ST_C6"
"Human_Breast_Andersson_10142021_ST_C6_19x11",0.118093225969071,0.0774500851729067,0.0433049851687176,0.0344788501366825,0.102141317458762,0.0377801069935011,0.0229069465921655,0.236844988950866,0.326999493557327,"Human_Breast_Andersson_10142021_ST_C6"
"Human_Breast_Andersson_10142021_ST_C6_19x12",0.0875248723163286,0.105871271706309,0.0541473523618457,0.0412985254874389,0.0692108011222662,0.0791832548583121,0.0239504196238507,0.189296569774095,0.349516932749554,"Human_Breast_Andersson_10142021_ST_C6"
"Human_Breast_Andersson_10142021_ST_C6_19x13",0.10664165380919,0.0961173564332881,0.0373075775800893,0.0797895832214353,0.250755744550591,0.123011409567432,0.0179651636682528,0.162734514220881,0.12567699694884,"Human_Breast_Andersson_10142021_ST_C6"
"Human_Breast_Andersson_10142021_ST_C6_19x14",0.128637811147495,0.113061173641564,0.114548475689919,0.0322168024173154,0.0543489437670217,0.105793036716029,0.0145254466550696,0.281583551445531,0.155284758520056,"Human_Breast_Andersson_10142021_ST_C6"
"Human_Breast_Andersson_10142021_ST_C6_19x15",0.0917218058496882,0.105718465750108,0.0650747055309984,0.0193716192640756,0.0848281038440278,0.0830623718521569,0.0155698633059371,0.331553939426096,0.203099125176912,"Human_Breast_Andersson_10142021_ST_C6"
"Human_Breast_Andersson_10142021_ST_C6_19x16",0.0966260497630145,0.16283856135616,0.0544382330199431,0.00369876211008406,0.00640399279503597,0.0917349604778272,0.00837843186269364,0.236040797387246,0.339840211227996,"Human_Breast_Andersson_10142021_ST_C6"
"Human_Breast_Andersson_10142021_ST_C6_19x17",0.0904518377915532,0.0914057397761512,0.0334390702592254,0.0224052184481116,0.0473412516779737,0.0630297454020953,0.0326856054011832,0.117785923302282,0.501455607941424,"Human_Breast_Andersson_10142021_ST_C6"
"Human_Breast_Andersson_10142021_ST_C6_19x18",0.12948608604696,0.127279453874779,0.0477419038803962,0.0220289116698874,0.0322373328309166,0.0846416020549436,0.0233576183479255,0.109548221918317,0.423678869375875,"Human_Breast_Andersson_10142021_ST_C6"
"Human_Breast_Andersson_10142021_ST_C6_19x19",0.091598813329953,0.0936528051763519,0.0662117765498762,0.0251108431185225,0.0604060201493031,0.07323230885402,0.0269749117246079,0.233576530962918,0.329235990134447,"Human_Breast_Andersson_10142021_ST_C6"
"Human_Breast_Andersson_10142021_ST_C6_19x20",0.0618443215783999,0.113522019312222,0.0464002336613559,0.018377249781274,0.0445323924853898,0.0553469369263006,0.0354676445164826,0.308059321757872,0.316449879980704,"Human_Breast_Andersson_10142021_ST_C6"
"Human_Breast_Andersson_10142021_ST_C6_19x21",0.0897474509832765,0.0984948608561,0.0253296195510925,0.0129182345111491,0.0560495652345145,0.0548995467992018,0.0291069172266784,0.308012895258731,0.325440909579256,"Human_Breast_Andersson_10142021_ST_C6"
"Human_Breast_Andersson_10142021_ST_C6_19x22",0.0961471438687244,0.123227661712812,0.0614169493449991,0.0169726477989279,0.0456627273006351,0.0654160453725191,0.0229574115627465,0.239358579514384,0.328840833524252,"Human_Breast_Andersson_10142021_ST_C6"
"Human_Breast_Andersson_10142021_ST_C6_20x13",0.0617594241884057,0.12454616659895,0.0541496475180606,0.0432925445265815,0.141441126535049,0.137655288422695,0.029006797450094,0.194336902526924,0.213812102233239,"Human_Breast_Andersson_10142021_ST_C6"
"Human_Breast_Andersson_10142021_ST_C6_20x14",0.0823335349121118,0.13109829866126,0.0508153055230564,0.0265714435940738,0.0501885948888318,0.0274249119209279,0.00476462549985197,0.468072176492254,0.158731108507632,"Human_Breast_Andersson_10142021_ST_C6"
"Human_Breast_Andersson_10142021_ST_C6_20x15",0.116634422033677,0.115499409133817,0.0767509833907664,0.0446401068917195,0.078483861179947,0.127643662973083,0.0444476043649301,0.120487998275384,0.275411951756677,"Human_Breast_Andersson_10142021_ST_C6"
"Human_Breast_Andersson_10142021_ST_C6_20x16",0.170065784153776,0.0838934547800549,0.0592475860565863,0.0351002185451106,0.163611452307778,0.0996275719159651,0.0284323376639639,0.100980713438493,0.259040881138273,"Human_Breast_Andersson_10142021_ST_C6"
"Human_Breast_Andersson_10142021_ST_C6_20x17",0.0909828026606277,0.0819887084811302,0.0533523455549506,0.0210085658461662,0.0426961185324896,0.0801913331672236,0.0298750724062165,0.16333135515661,0.436573698194586,"Human_Breast_Andersson_10142021_ST_C6"
"Human_Breast_Andersson_10142021_ST_C6_20x18",0.11339190722066,0.0960177741815034,0.0653559988928615,0.0188509262938698,0.0325308865277521,0.0690581391559062,0.0751284399102415,0.166448426256699,0.363217501560506,"Human_Breast_Andersson_10142021_ST_C6"
"Human_Breast_Andersson_10142021_ST_C6_20x19",0.0773755528593797,0.102348181911239,0.079774467906976,0.0242336433692039,0.0195874866555499,0.0775153422475052,0.0197973724653086,0.444269858620944,0.155098093963893,"Human_Breast_Andersson_10142021_ST_C6"
"Human_Breast_Andersson_10142021_ST_C6_20x20",0.0465566288641118,0.19605459859196,0.116189599327628,0.0152801710752693,0.0313013795139124,0.0942945471643352,0.00519298309441829,0.330019138360826,0.165110954007539,"Human_Breast_Andersson_10142021_ST_C6"
"Human_Breast_Andersson_10142021_ST_C6_20x21",0.0860919061446565,0.143928601578728,0.072389562335643,0.0147945677960455,0.0291870934595789,0.0661853203786949,0.0190371986798565,0.304569704558611,0.263816045068186,"Human_Breast_Andersson_10142021_ST_C6"
"Human_Breast_Andersson_10142021_ST_C6_21x16",0.0919217990759204,0.190575968145527,0.0755036099914417,0.00729932860310094,0.0410126474048301,0.116754431140838,0.016025182410025,0.235496188219306,0.225410845009011,"Human_Breast_Andersson_10142021_ST_C6"
"Human_Breast_Andersson_10142021_ST_C6_21x17",0.0937639366565256,0.107264135596826,0.0630331619990154,0.0103816731283842,0.0338475374481671,0.0767227477691553,0.00816595931777226,0.362589996451411,0.244230851632743,"Human_Breast_Andersson_10142021_ST_C6"
"Human_Breast_Andersson_10142021_ST_C6_21x18",0.137727696957151,0.139807563561164,0.113077741777806,0.0155616998946606,0.0494554965795716,0.100518508070675,0.0303964592430433,0.217667039571016,0.195787794344913,"Human_Breast_Andersson_10142021_ST_C6"
"Human_Breast_Andersson_10142021_ST_C6_21x19",0.136231444994511,0.145348597417971,0.0692531352333094,0.0179775579830854,0.0293967580884511,0.0870763024731364,0.00779349490280578,0.386934697105076,0.119988011801654,"Human_Breast_Andersson_10142021_ST_C6"
"Human_Breast_Andersson_10142021_ST_C6_22x18",0.121623629341196,0.0463124578261797,0.0360425223316788,0.0721124643514932,0.194542470615443,0.0785130363654201,0.0114431499006416,0.364994701982051,0.0744155672858964,"Human_Breast_Andersson_10142021_ST_C6"
"Human_Breast_Andersson_10142021_ST_C6_22x19",0.11896217381062,0.0528482302094843,0.0331748939353035,0.122397840460787,0.332210247709229,0.067603629744824,0.00689042269921791,0.226121698462018,0.0397908629685157,"Human_Breast_Andersson_10142021_ST_C6"
"Human_Breast_Andersson_10142021_ST_C6_2x20",0.0687743917055717,0.129431598444535,0.0912777350097261,0.00655269037890553,0.0230917022911049,0.0251794996637497,0.00286302871059262,0.393366884298426,0.259462469497389,"Human_Breast_Andersson_10142021_ST_C6"
"Human_Breast_Andersson_10142021_ST_C6_3x19",0.0999990323309324,0.147857977236297,0.0339055087394849,0.00448579922870726,0.00978049756632724,0.0266131136392553,0.00857851543806695,0.535130768602485,0.133648787218444,"Human_Breast_Andersson_10142021_ST_C6"
"Human_Breast_Andersson_10142021_ST_C6_3x20",0.0891208827846124,0.142946950963842,0.0637514969287133,0.0186610308525815,0.0414384533235181,0.0481578939227131,0.0201022812002266,0.105388704412159,0.470432305611634,"Human_Breast_Andersson_10142021_ST_C6"
"Human_Breast_Andersson_10142021_ST_C6_3x21",0.0992708614562072,0.0899706182140492,0.024171710967752,0.0418145243087091,0.0264265556354888,0.0705811194730759,0.00715204309627154,0.153072762849739,0.487539803998707,"Human_Breast_Andersson_10142021_ST_C6"
"Human_Breast_Andersson_10142021_ST_C6_4x19",0.0433524066940116,0.0956700473809745,0.0553920174293017,0.0554026909177308,0.158209923495183,0.0869638921739937,0.0011472697022933,0.19246114280984,0.311400609396672,"Human_Breast_Andersson_10142021_ST_C6"
"Human_Breast_Andersson_10142021_ST_C6_4x20",0.14498563205057,0.0776973846080816,0.0536040715078811,0.0179649226713854,0.0984389408948654,0.100570548238625,0.00931265754788356,0.140255158966845,0.357170683513863,"Human_Breast_Andersson_10142021_ST_C6"
"Human_Breast_Andersson_10142021_ST_C6_4x21",0.149361092904613,0.079438513381204,0.0318031000684492,0.0101277815221114,0.0460394739211326,0.0802627432664105,0.0210214828700363,0.0638167579424208,0.518129054123622,"Human_Breast_Andersson_10142021_ST_C6"
"Human_Breast_Andersson_10142021_ST_C6_5x18",0.0387025373056359,0.0901531528963426,0.168058099059071,0.00788739081801857,0.0232218999067884,0.0453940008466487,0.00531286265348545,0.292183973584672,0.329086082929337,"Human_Breast_Andersson_10142021_ST_C6"
"Human_Breast_Andersson_10142021_ST_C6_5x19",0.135587452091508,0.074063273175045,0.075057433213451,0.0111884819103065,0.00834814236397637,0.0839136828605611,0.0104276066826957,0.37123086903605,0.230183058666407,"Human_Breast_Andersson_10142021_ST_C6"
"Human_Breast_Andersson_10142021_ST_C6_5x20",0.116604242763168,0.0802506746480098,0.149314753401529,0.00522107984850224,0.0317800378618097,0.0328185287028425,0.0142112208291032,0.356709467806594,0.213089994138441,"Human_Breast_Andersson_10142021_ST_C6"
"Human_Breast_Andersson_10142021_ST_C6_5x21",0.0524771266979884,0.207015343346222,0.0554864615858209,0.00309872548596845,0.0111041487073,0.0239780609915849,0.00911400641636292,0.362946392543398,0.274779734225355,"Human_Breast_Andersson_10142021_ST_C6"
"Human_Breast_Andersson_10142021_ST_C6_6x17",0.0675282479349337,0.162019744264092,0.0226039583247542,0.0194585241743998,0.03598686850596,0.0307377047107479,0.0371570553814986,0.0692958744114878,0.555212022292126,"Human_Breast_Andersson_10142021_ST_C6"
"Human_Breast_Andersson_10142021_ST_C6_6x18",0.14561560096238,0.108248720650712,0.081267786735421,0.0206380108891461,0.0465348689662384,0.0662854888512618,0.0130661338257774,0.256547177905504,0.26179621121356,"Human_Breast_Andersson_10142021_ST_C6"
"Human_Breast_Andersson_10142021_ST_C6_6x19",0.302056990885748,0.145520235421021,0.100847181001606,0.0336836048761226,0.0506992872276132,0.104486765147751,0.00912689465422723,0.0846831758187106,0.168895864967201,"Human_Breast_Andersson_10142021_ST_C6"
"Human_Breast_Andersson_10142021_ST_C6_6x20",0.196431041726971,0.0710975107060014,0.0876914285729673,0.0101721172778441,0.0318388325648707,0.0733277173798367,0.00567501476456161,0.382614444641148,0.141151892365799,"Human_Breast_Andersson_10142021_ST_C6"
"Human_Breast_Andersson_10142021_ST_C6_6x21",0.0852999471499481,0.137826298695772,0.100195011290617,0.0380186020725179,0.076496510216085,0.0841703847424115,0.0256067612580138,0.0909129159580361,0.361473568616599,"Human_Breast_Andersson_10142021_ST_C6"
"Human_Breast_Andersson_10142021_ST_C6_6x22",0.038953552220785,0.137960958307031,0.034284118911236,0.0234462163059098,0.0488397662919572,0.0554711030639006,0.0391492891974956,0.234773598932928,0.387121396768757,"Human_Breast_Andersson_10142021_ST_C6"
"Human_Breast_Andersson_10142021_ST_C6_7x17",0.103296104643123,0.113331227288255,0.035257145138872,0.0181799924138471,0.0575925137601253,0.0642511821835622,0.0334241972193483,0.0259257276028771,0.54874190974999,"Human_Breast_Andersson_10142021_ST_C6"
"Human_Breast_Andersson_10142021_ST_C6_7x18",0.0732624065557831,0.143572422146947,0.0658758410109981,0.0319425068880215,0.0842768419293531,0.0937407341836083,0.0201595876614706,0.23278808841232,0.254381571211498,"Human_Breast_Andersson_10142021_ST_C6"
"Human_Breast_Andersson_10142021_ST_C6_7x19",0.157507078794897,0.139157191081532,0.0310754760417142,0.054679714902044,0.0679581211772938,0.11112233454563,0.00748126561312918,0.14636511091098,0.284653706932781,"Human_Breast_Andersson_10142021_ST_C6"
