"","Endothelial","CAFs","PVL","B-cells","T-cells","Myeloid","Normal Epithelial","Plasmablasts","Cancer Epithelial","sid"
"Human_Breast_He_06222020_ST_BC23209_D1_18x14",0.0712476003433626,0.085171211358942,0.0488426900097213,0.436490780026572,0.0382788023671413,0.0482915427231341,0.191973585736274,0.00490169352412813,0.0748020939107239,"Human_Breast_He_06222020_ST_BC23209_D1"
"Human_Breast_He_06222020_ST_BC23209_D1_23x20",0.0365793087092872,0.0854355566237971,0.0423861627749734,0.498625218692136,0.069591727730671,0.0573784705020714,0.101719534730754,0.0116370730471846,0.0966469471891261,"Human_Breast_He_06222020_ST_BC23209_D1"
"Human_Breast_He_06222020_ST_BC23209_D1_23x22",0.0471131565725962,0.0423172050624845,0.0606413583261442,0.514181927479838,0.0491805812651447,0.0420748475426651,0.132708632029336,0.00714273385997386,0.104639557861817,"Human_Breast_He_06222020_ST_BC23209_D1"
"Human_Breast_He_06222020_ST_BC23209_D1_23x23",0.0387015599133908,0.0582660812226097,0.0342496478880086,0.561861816584887,0.0463116014822149,0.022033782554592,0.13486720145236,0.00695315034743837,0.0967551585544989,"Human_Breast_He_06222020_ST_BC23209_D1"
"Human_Breast_He_06222020_ST_BC23209_D1_21x9",0.0792694986776432,0.153236010810345,0.0455777775568155,0.266912421620024,0.0720498078125048,0.197028354714775,0.102326842382612,0.0189656668523616,0.0646336195729197,"Human_Breast_He_06222020_ST_BC23209_D1"
"Human_Breast_He_06222020_ST_BC23209_D1_20x22",0.0631581520555525,0.195146589214801,0.0771290132114567,0.169230773085649,0.050662287186239,0.121713947692201,0.179640365882185,0.0159571141959637,0.127361757475952,"Human_Breast_He_06222020_ST_BC23209_D1"
"Human_Breast_He_06222020_ST_BC23209_D1_25x17",0.0160276328964607,0.229843332239295,0.0328127290917335,0.177205538074356,0.062650654599093,0.241011146126091,0.0275779120819855,0.195872190675171,0.0169988642158147,"Human_Breast_He_06222020_ST_BC23209_D1"
"Human_Breast_He_06222020_ST_BC23209_D1_18x24",0.109472817564615,0.0750724347582495,0.0593965657978578,0.0994447749076866,0.038527426066737,0.0268706202605586,0.44465855280819,0.0275591061828453,0.118997701653261,"Human_Breast_He_06222020_ST_BC23209_D1"
"Human_Breast_He_06222020_ST_BC23209_D1_18x22",0.0824421557160384,0.104039328748557,0.0771689107176414,0.11772634626821,0.0618962855013294,0.0672125530715899,0.311967505978293,0.00717263654550874,0.170374277452833,"Human_Breast_He_06222020_ST_BC23209_D1"
"Human_Breast_He_06222020_ST_BC23209_D1_18x23",0.0733217890183342,0.082714718868756,0.0477181002401609,0.373070829863689,0.0597284949501335,0.0612493540504783,0.0810363281826301,0.151298744065414,0.0698616407604048,"Human_Breast_He_06222020_ST_BC23209_D1"
"Human_Breast_He_06222020_ST_BC23209_D1_18x20",0.0561573385531098,0.0205375370693901,0.0305686625478135,0.2869355124564,0.126605356653823,0.0323403089357653,0.208994589308739,0.036793081829102,0.201067612645857,"Human_Breast_He_06222020_ST_BC23209_D1"
"Human_Breast_He_06222020_ST_BC23209_D1_18x21",0.0802589997067803,0.053906140124408,0.0663380616125698,0.314961777858519,0.0876785116993414,0.0527807975958823,0.204178031993052,0.0067770556663778,0.13312062374307,"Human_Breast_He_06222020_ST_BC23209_D1"
"Human_Breast_He_06222020_ST_BC23209_D1_25x14",0.00549649260560914,0.0837400772078265,0.0278438295255745,0.486159000955455,0.0235210410595675,0.191631278055337,0.0322134585938064,0.134034319480007,0.015360502516817,"Human_Breast_He_06222020_ST_BC23209_D1"
"Human_Breast_He_06222020_ST_BC23209_D1_23x21",0.0458457689578259,0.0652625941451108,0.0457632796534889,0.462191236666857,0.0487637954761903,0.0345374918870674,0.205829847381461,0.00134530819502181,0.0904606776369772,"Human_Breast_He_06222020_ST_BC23209_D1"
"Human_Breast_He_06222020_ST_BC23209_D1_23x10",0.00636508510908793,0.0998844474836005,0.0159654437451268,0.465607026441743,0.00756730493145476,0.0558800616957458,0.0140659276586394,0.318344374034486,0.0163203289001153,"Human_Breast_He_06222020_ST_BC23209_D1"
"Human_Breast_He_06222020_ST_BC23209_D1_8x22",0.0789690268459402,0.0354452457586847,0.0344167636598402,0.174909144540165,0.0969962880745171,0.0534275897471278,0.326675258803927,0.0142271126979064,0.184933569871892,"Human_Breast_He_06222020_ST_BC23209_D1"
"Human_Breast_He_06222020_ST_BC23209_D1_11x15",0.0384742240784203,0.0392534715372786,0.0360153097767368,0.604508177905208,0.0747033549351883,0.00907915550056523,0.105844141297001,0.0059690159809023,0.0861531489886998,"Human_Breast_He_06222020_ST_BC23209_D1"
"Human_Breast_He_06222020_ST_BC23209_D1_8x20",0.0779101734904871,0.0495977934165505,0.052420881678234,0.289372742548405,0.052415828385115,0.04142056237323,0.353252421958871,0.00123683269516287,0.0823727634539447,"Human_Breast_He_06222020_ST_BC23209_D1"
"Human_Breast_He_06222020_ST_BC23209_D1_8x21",0.0513824448090307,0.0563302798649986,0.0638201768266805,0.133894608006018,0.067289802406344,0.0648819810262937,0.349919438371353,0.00420587204791365,0.208275396641368,"Human_Breast_He_06222020_ST_BC23209_D1"
"Human_Breast_He_06222020_ST_BC23209_D1_8x16",0.0154823264984499,0.186060754854136,0.0206692190167606,0.438058450768808,0.0559106043790911,0.0961499498415502,0.0422656595529597,0.1148528013166,0.0305502337716449,"Human_Breast_He_06222020_ST_BC23209_D1"
"Human_Breast_He_06222020_ST_BC23209_D1_8x24",0.0320943981477309,0.0701493416931039,0.0369770126763364,0.203148555416655,0.0645346600209278,0.137621280900413,0.24994506034006,0.00583733036324981,0.199692360441523,"Human_Breast_He_06222020_ST_BC23209_D1"
"Human_Breast_He_06222020_ST_BC23209_D1_22x11",0.00555770841899578,0.193095453612759,0.0404342677112733,0.144121651772895,0.0101017049810664,0.176745432734343,0.0284466773622111,0.388484214665649,0.0130128887408078,"Human_Breast_He_06222020_ST_BC23209_D1"
"Human_Breast_He_06222020_ST_BC23209_D1_8x15",0.0186878182973736,0.062795902252403,0.0243482898642409,0.588554298118468,0.0396193685546421,0.0118575938219776,0.0630395527644772,0.157048710453512,0.0340484658729055,"Human_Breast_He_06222020_ST_BC23209_D1"
"Human_Breast_He_06222020_ST_BC23209_D1_8x14",0.0401668055449877,0.0407349713194647,0.0226818587810778,0.507727740259515,0.032629148036869,0.0277046235784126,0.123341641755993,0.118666448756547,0.0863467619671344,"Human_Breast_He_06222020_ST_BC23209_D1"
"Human_Breast_He_06222020_ST_BC23209_D1_22x15",0.0444601450533194,0.230827158739909,0.0429173944739316,0.307915957095902,0.0138474497321414,0.242856923873899,0.0141320091146542,0.0894382810743504,0.0136046808418934,"Human_Breast_He_06222020_ST_BC23209_D1"
"Human_Breast_He_06222020_ST_BC23209_D1_23x19",0.0241274051843168,0.12161303190842,0.0259190391778613,0.250018498832828,0.031318006993827,0.311101711181758,0.0511487165118592,0.142349583765487,0.0424040064436428,"Human_Breast_He_06222020_ST_BC23209_D1"
"Human_Breast_He_06222020_ST_BC23209_D1_23x18",0.0758841694452969,0.0896506566141417,0.0465180000590547,0.352994964414523,0.0530524682049163,0.197570818778157,0.059684338147387,0.0180212460224186,0.106623338314104,"Human_Breast_He_06222020_ST_BC23209_D1"
"Human_Breast_He_06222020_ST_BC23209_D1_23x11",0.00532358382461997,0.143308734114454,0.02776315896523,0.370809648811717,0.00636408223385355,0.0391698775377871,0.00749626703064698,0.391993205021104,0.0077714424605884,"Human_Breast_He_06222020_ST_BC23209_D1"
"Human_Breast_He_06222020_ST_BC23209_D1_23x13",0.0279440146180254,0.195996985064273,0.0380012507319877,0.224736878952851,0.00741925570276437,0.113437874832835,0.0152663887251846,0.366739436671928,0.0104579147001508,"Human_Breast_He_06222020_ST_BC23209_D1"
"Human_Breast_He_06222020_ST_BC23209_D1_23x12",0.0026903617347633,0.189643726150874,0.0153891492849142,0.204223684386823,0.00395406055791396,0.0803459501615305,0.0200439876211694,0.479773044492768,0.00393603560924376,"Human_Breast_He_06222020_ST_BC23209_D1"
"Human_Breast_He_06222020_ST_BC23209_D1_23x15",0.0223826978293124,0.137876355503898,0.0217380668176336,0.405061956614073,0.0622625753138688,0.194513463607574,0.00851572393300235,0.132185871338775,0.0154632890418637,"Human_Breast_He_06222020_ST_BC23209_D1"
"Human_Breast_He_06222020_ST_BC23209_D1_23x14",0.0190999340691469,0.121669926574639,0.030632363770803,0.30507048696202,0.0122647984805915,0.259792002586092,0.0284523786876477,0.211835349201304,0.0111827596677556,"Human_Breast_He_06222020_ST_BC23209_D1"
"Human_Breast_He_06222020_ST_BC23209_D1_23x17",0.0849443916149783,0.12822019419159,0.049701675070441,0.300957086124763,0.0621826395862024,0.229506670741869,0.0436444849456337,0.0341399036465028,0.0667029540780191,"Human_Breast_He_06222020_ST_BC23209_D1"
"Human_Breast_He_06222020_ST_BC23209_D1_23x16",0.0173199283271255,0.154861228943047,0.0411345699616971,0.25350167663162,0.0611599526375736,0.356719933538011,0.0713445518663038,0.0163470065616594,0.0276111515329625,"Human_Breast_He_06222020_ST_BC23209_D1"
"Human_Breast_He_06222020_ST_BC23209_D1_11x14",0.018590979446494,0.0196859036228548,0.0283680850414094,0.623526012850889,0.0464329803984743,0.0233725838282822,0.151005028180923,0.00139893014637978,0.0876194964842933,"Human_Breast_He_06222020_ST_BC23209_D1"
"Human_Breast_He_06222020_ST_BC23209_D1_8x23",0.0753337985748714,0.0742259136453651,0.0934902651770739,0.0538745766594773,0.0233916966397412,0.0963234372459055,0.435295592360171,0.027014929127949,0.121049790569445,"Human_Breast_He_06222020_ST_BC23209_D1"
"Human_Breast_He_06222020_ST_BC23209_D1_8x26",0.0479034188505165,0.0527335601849857,0.0743176136384957,0.09132436385683,0.0266832556637958,0.0966526118934251,0.301274055216573,0.0895284527691061,0.219582667926272,"Human_Breast_He_06222020_ST_BC23209_D1"
"Human_Breast_He_06222020_ST_BC23209_D1_8x27",0.0388546294371088,0.0962381736442076,0.094324374173989,0.149713445112496,0.019616639251949,0.111328359762165,0.280276242051383,0.117592741049603,0.0920553955170983,"Human_Breast_He_06222020_ST_BC23209_D1"
"Human_Breast_He_06222020_ST_BC23209_D1_11x13",0.0355790610367057,0.0346476968740969,0.0296655628640988,0.483320411362269,0.0691326416471783,0.0407195245345262,0.164161237249339,0.0189741589041444,0.123799705527641,"Human_Breast_He_06222020_ST_BC23209_D1"
"Human_Breast_He_06222020_ST_BC23209_D1_23x9",0.0032396126181762,0.112404534966884,0.00310831254848915,0.0737248705663949,0.00251038747899977,0.0271053574443491,0.000851572204832382,0.775707283219702,0.00134806895217232,"Human_Breast_He_06222020_ST_BC23209_D1"
"Human_Breast_He_06222020_ST_BC23209_D1_23x8",0.0090451121919133,0.0357545424296552,0.0345406832191243,0.366951089332,0.0140180324012015,0.0461945431489721,0.020146818087635,0.462029201229269,0.0113199779602292,"Human_Breast_He_06222020_ST_BC23209_D1"
"Human_Breast_He_06222020_ST_BC23209_D1_8x28",0.0574927297632516,0.101863213610824,0.0230653983643742,0.0459171338300996,0.0022422520390475,0.072429965373184,0.0235355487776238,0.665950986559471,0.00750277168212401,"Human_Breast_He_06222020_ST_BC23209_D1"
"Human_Breast_He_06222020_ST_BC23209_D1_11x18",0.0780609761120816,0.0362852687758402,0.0542005909475484,0.333350075438549,0.0585240210231378,0.0515032735647564,0.290926919901977,0.00117441531330936,0.0959744589228007,"Human_Breast_He_06222020_ST_BC23209_D1"
"Human_Breast_He_06222020_ST_BC23209_D1_11x19",0.0619821240478742,0.042944000645943,0.100019594297749,0.320508342010322,0.0432467531366502,0.0311713126778417,0.278352855152062,0.0123937176781152,0.109381300353444,"Human_Breast_He_06222020_ST_BC23209_D1"
"Human_Breast_He_06222020_ST_BC23209_D1_2x17",0.0962051046341629,0.0731563819132881,0.0522153011456535,0.220570130362693,0.0399137828275019,0.141087519054771,0.277963217369585,0.00667324376207414,0.0922153189302698,"Human_Breast_He_06222020_ST_BC23209_D1"
"Human_Breast_He_06222020_ST_BC23209_D1_17x15",0.0713109920882903,0.0483740600661636,0.100462900173866,0.22108373618421,0.0501088195804167,0.0723493602052134,0.334053609212621,0.0113764907884813,0.0908800317007369,"Human_Breast_He_06222020_ST_BC23209_D1"
"Human_Breast_He_06222020_ST_BC23209_D1_17x12",0.0583820176946582,0.0296049473615527,0.0442619594544999,0.353045736865863,0.0601101813947671,0.0227246232782126,0.198655146224912,0.101136065880362,0.132079321845172,"Human_Breast_He_06222020_ST_BC23209_D1"
"Human_Breast_He_06222020_ST_BC23209_D1_17x13",0.0392534683872401,0.0414500988059235,0.0359488782500874,0.414178714234448,0.0846817674937137,0.0336333969721603,0.235250242826062,0.01206653790386,0.103536895126505,"Human_Breast_He_06222020_ST_BC23209_D1"
"Human_Breast_He_06222020_ST_BC23209_D1_17x10",0.0648185515521687,0.017495239223238,0.02109107666902,0.193404816754557,0.0562551138704291,0.0649876170914876,0.377100835410999,0.0153223073345106,0.18952444209359,"Human_Breast_He_06222020_ST_BC23209_D1"
"Human_Breast_He_06222020_ST_BC23209_D1_17x11",0.0476732055729789,0.0282192475088832,0.0447245363501531,0.356506258805446,0.0876262874366018,0.0234998017448771,0.24985990055072,0.0232964728090648,0.138594289221274,"Human_Breast_He_06222020_ST_BC23209_D1"
"Human_Breast_He_06222020_ST_BC23209_D1_17x16",0.0685259878223343,0.0755615208154062,0.0855131172433282,0.255837758163895,0.0409994398612675,0.0527998277954107,0.287357148892015,0.0144343796400727,0.11897081976627,"Human_Breast_He_06222020_ST_BC23209_D1"
"Human_Breast_He_06222020_ST_BC23209_D1_17x17",0.0453177586192274,0.0173064870780124,0.0334055581010418,0.36391372696592,0.0988075423992129,0.00386268255327859,0.329586154495919,0.0047766357744378,0.10302345401295,"Human_Breast_He_06222020_ST_BC23209_D1"
"Human_Breast_He_06222020_ST_BC23209_D1_26x18",0.018083083192208,0.103564264963773,0.0350369238199551,0.204356385360302,0.0138209458275143,0.458146213428945,0.00708093566710963,0.154391111837103,0.00552013590309096,"Human_Breast_He_06222020_ST_BC23209_D1"
"Human_Breast_He_06222020_ST_BC23209_D1_26x19",0.0151683749216258,0.0204064963352185,0.0251679059170141,0.529889917440571,0.0743551818802303,0.113766768937704,0.120361019258346,0.0371318274807003,0.0637525078285901,"Human_Breast_He_06222020_ST_BC23209_D1"
"Human_Breast_He_06222020_ST_BC23209_D1_26x17",0.00766203458643575,0.135816480238001,0.0202587035239235,0.0724325183890014,0.00426265868892123,0.396793135494555,0.00147943877805604,0.35743754464578,0.00385748565532665,"Human_Breast_He_06222020_ST_BC23209_D1"
"Human_Breast_He_06222020_ST_BC23209_D1_17x18",0.0527203135110056,0.0259574706142411,0.0465227786014809,0.29794433554216,0.131368296634176,0.0301416404563551,0.212188946265409,0.00755672329941104,0.195599495075762,"Human_Breast_He_06222020_ST_BC23209_D1"
"Human_Breast_He_06222020_ST_BC23209_D1_17x19",0.0584603190561828,0.0567562431198092,0.0267033063556607,0.178778205890227,0.0523710849762636,0.0618696347384588,0.306897647237728,0.0109114428331434,0.247252115792526,"Human_Breast_He_06222020_ST_BC23209_D1"
"Human_Breast_He_06222020_ST_BC23209_D1_10x26",0.0173836774642227,0.0437430862494446,0.0470225389393276,0.176845186729549,0.033673873977965,0.114650154023638,0.370434417005102,0.011468093324441,0.18477897228631,"Human_Breast_He_06222020_ST_BC23209_D1"
"Human_Breast_He_06222020_ST_BC23209_D1_10x27",0.113458896310507,0.0391820300086394,0.0363385224460358,0.157422410947698,0.0311628556554868,0.15222482381304,0.168901907586638,0.0230252187124757,0.27828333451948,"Human_Breast_He_06222020_ST_BC23209_D1"
"Human_Breast_He_06222020_ST_BC23209_D1_10x24",0.145734731479431,0.0638112778341582,0.124961385441411,0.0837699852462982,0.0542417177951609,0.0825197533830411,0.240094019596262,0.0252851617056063,0.17958196751863,"Human_Breast_He_06222020_ST_BC23209_D1"
"Human_Breast_He_06222020_ST_BC23209_D1_10x25",0.0662495078862152,0.0310858883930694,0.0689578246401925,0.167916823071731,0.0458231013939973,0.0211642899394723,0.47688121138357,0.0235615700086106,0.0983597832831425,"Human_Breast_He_06222020_ST_BC23209_D1"
"Human_Breast_He_06222020_ST_BC23209_D1_10x22",0.117935336345121,0.0319372915986923,0.0867278795627677,0.36724465146319,0.0511514595058856,0.00825927087146858,0.267566295255725,0.00449976538337891,0.0646780500137716,"Human_Breast_He_06222020_ST_BC23209_D1"
"Human_Breast_He_06222020_ST_BC23209_D1_10x23",0.102164949356407,0.0662805322724502,0.0787882515162957,0.0495615601844558,0.0182751132979892,0.103361234161091,0.403764728614121,0.0361679225447643,0.141635708052426,"Human_Breast_He_06222020_ST_BC23209_D1"
"Human_Breast_He_06222020_ST_BC23209_D1_10x20",0.0670523799377949,0.023982954266364,0.0358844047852317,0.518691827755439,0.04036018757181,0.0202959545487919,0.163182962885703,0.00359142030564942,0.126957907943216,"Human_Breast_He_06222020_ST_BC23209_D1"
"Human_Breast_He_06222020_ST_BC23209_D1_10x21",0.0672923411246527,0.0334472149695003,0.101641068264006,0.266173502298428,0.0903028939505125,0.0848526236135812,0.228773913136636,0.0104757318347189,0.117040710807964,"Human_Breast_He_06222020_ST_BC23209_D1"
"Human_Breast_He_06222020_ST_BC23209_D1_10x28",0.0387504133181715,0.200065448126299,0.0888714081615915,0.0423758127236201,0.0126291850261951,0.2151458599447,0.225888490141975,0.140254970150497,0.0360184124069497,"Human_Breast_He_06222020_ST_BC23209_D1"
"Human_Breast_He_06222020_ST_BC23209_D1_10x29",0.0779732464618196,0.215235163382782,0.118450815546405,0.0159638857325563,0.00159435030647408,0.178571835070803,0.00390158753645359,0.384996004215176,0.00331311174752951,"Human_Breast_He_06222020_ST_BC23209_D1"
"Human_Breast_He_06222020_ST_BC23209_D1_7x16",0.0194575497107723,0.128145713886058,0.0409675502364275,0.410713653248603,0.0435397546323722,0.0738193920774154,0.126133384263548,0.0937387043396445,0.0634842976051598,"Human_Breast_He_06222020_ST_BC23209_D1"
"Human_Breast_He_06222020_ST_BC23209_D1_7x17",0.119878909141955,0.0701566330998329,0.0553347407653734,0.214798919745441,0.0494205999884215,0.0894481346295448,0.241994153583446,0.00753294331115799,0.151434965734828,"Human_Breast_He_06222020_ST_BC23209_D1"
"Human_Breast_He_06222020_ST_BC23209_D1_7x14",0.0790042215866523,0.0573190721399059,0.138890234687651,0.309864907159692,0.063800311975845,0.0737796358736124,0.115613234410329,0.0500544053912856,0.111673976775026,"Human_Breast_He_06222020_ST_BC23209_D1"
"Human_Breast_He_06222020_ST_BC23209_D1_7x15",0.0266872662839803,0.0982142869854167,0.0235636545399383,0.474078079344919,0.0899611132465494,0.0230612377368177,0.195430815128948,0.00735880357087722,0.0616447431625534,"Human_Breast_He_06222020_ST_BC23209_D1"
"Human_Breast_He_06222020_ST_BC23209_D1_12x13",0.0363079995059545,0.0215093570531831,0.0105975218934577,0.40453604654784,0.0995874192747051,0.012934899932838,0.298814817729424,0.00257413320688398,0.113137804855714,"Human_Breast_He_06222020_ST_BC23209_D1"
"Human_Breast_He_06222020_ST_BC23209_D1_7x18",0.045182707084459,0.0652998753567861,0.0766770605504712,0.0739471428095782,0.0397476544627456,0.0950145299325642,0.220616042752585,0.0954547047010308,0.28806028234978,"Human_Breast_He_06222020_ST_BC23209_D1"
"Human_Breast_He_06222020_ST_BC23209_D1_7x19",0.0601399011319475,0.0918922358630317,0.0564051967072274,0.46193774599143,0.0189306489035063,0.18495115909497,0.0588300539941094,0.0106459059401442,0.0562671523736328,"Human_Breast_He_06222020_ST_BC23209_D1"
"Human_Breast_He_06222020_ST_BC23209_D1_14x23",0.0266824235486922,0.0964478901062091,0.0761535083058511,0.0839832820741802,0.00407774179479335,0.104959055106927,0.064162168959487,0.51739981050275,0.0261341196011103,"Human_Breast_He_06222020_ST_BC23209_D1"
"Human_Breast_He_06222020_ST_BC23209_D1_21x17",0.0300022091414672,0.0999387024466792,0.0286319336549219,0.456325562504175,0.0237831185862296,0.242292032774098,0.00656365384726512,0.104021330111912,0.00844145693325193,"Human_Breast_He_06222020_ST_BC23209_D1"
"Human_Breast_He_06222020_ST_BC23209_D1_21x16",0.0242377770154929,0.178247245628497,0.0323226907797515,0.217384516207886,0.049884944621217,0.387606736192618,0.0219801859247466,0.0569544189955749,0.031381484634216,"Human_Breast_He_06222020_ST_BC23209_D1"
"Human_Breast_He_06222020_ST_BC23209_D1_21x15",0.0471830053579111,0.166690024370022,0.0441541776159797,0.282246668329939,0.0464468881290455,0.304183427816325,0.0419059700322836,0.0332028512912705,0.0339869870572232,"Human_Breast_He_06222020_ST_BC23209_D1"
"Human_Breast_He_06222020_ST_BC23209_D1_21x14",0.022960338888053,0.181416085035339,0.0259625403866883,0.353897665135686,0.0309080172328368,0.192430621254341,0.0535088764972548,0.096939262538596,0.0419765930312051,"Human_Breast_He_06222020_ST_BC23209_D1"
"Human_Breast_He_06222020_ST_BC23209_D1_21x13",0.0269562154831333,0.0872143687793745,0.0357396667399338,0.557366526886375,0.0158335707962229,0.147053228605911,0.00600034595415724,0.115913717872757,0.00792235888213518,"Human_Breast_He_06222020_ST_BC23209_D1"
"Human_Breast_He_06222020_ST_BC23209_D1_21x12",0.011206954344337,0.0804303472158231,0.018710115397788,0.46524154791975,0.0173690170732715,0.24885909096048,0.0204069630167441,0.131507250515111,0.00626871355669529,"Human_Breast_He_06222020_ST_BC23209_D1"
"Human_Breast_He_06222020_ST_BC23209_D1_21x11",0.0162297045075004,0.151888881596715,0.0256793976638907,0.301115630978199,0.0110450025205677,0.278687162999553,0.0152581410375067,0.193012264169466,0.0070838145266015,"Human_Breast_He_06222020_ST_BC23209_D1"
"Human_Breast_He_06222020_ST_BC23209_D1_21x10",0.0589136734509035,0.088429107230718,0.0656435201235275,0.369158361610966,0.0438084076388205,0.154564958371323,0.110147659306812,0.0527890505356333,0.0565452617312957,"Human_Breast_He_06222020_ST_BC23209_D1"
"Human_Breast_He_06222020_ST_BC23209_D1_21x19",0.0310327419974191,0.116233251419349,0.0451104803512203,0.391371529687639,0.062953530371626,0.240573015471346,0.0378226993957367,0.0315118975260764,0.043390853779588,"Human_Breast_He_06222020_ST_BC23209_D1"
"Human_Breast_He_06222020_ST_BC23209_D1_21x18",0.0364018790717378,0.209031318063602,0.0378591212634252,0.158231926826711,0.10390922451988,0.299149522824895,0.0622825373248359,0.00905613280445269,0.0840783373004605,"Human_Breast_He_06222020_ST_BC23209_D1"
"Human_Breast_He_06222020_ST_BC23209_D1_22x9",0.0189700090687808,0.0707974721682828,0.0472304386694229,0.471094839343557,0.0259686125455259,0.0525185289286832,0.0779694296122308,0.211562245716892,0.0238884239466248,"Human_Breast_He_06222020_ST_BC23209_D1"
"Human_Breast_He_06222020_ST_BC23209_D1_9x25",0.11198849096899,0.0300203391054396,0.0628937512161779,0.224156353442042,0.0323151816153187,0.0525527364396341,0.376541698578509,0.00820278982633543,0.101328658807554,"Human_Breast_He_06222020_ST_BC23209_D1"
"Human_Breast_He_06222020_ST_BC23209_D1_9x24",0.0608557834836282,0.0532213331174534,0.04677894619806,0.282101592340229,0.0326796730767623,0.136016407501254,0.189169726414836,0.0193369788056925,0.179839559062084,"Human_Breast_He_06222020_ST_BC23209_D1"
"Human_Breast_He_06222020_ST_BC23209_D1_13x28",0.0413859139271082,0.0449925109597337,0.0423256016715204,0.409834789240599,0.0487237306135644,0.0367472740461557,0.216815773171423,0.0302067704789361,0.12896763589096,"Human_Breast_He_06222020_ST_BC23209_D1"
"Human_Breast_He_06222020_ST_BC23209_D1_12x28",0.115573234353197,0.0993480733975839,0.0681016710331698,0.147724042238956,0.0475365364483461,0.125745146455918,0.216249687935879,0.00962936169465484,0.170092246442295,"Human_Breast_He_06222020_ST_BC23209_D1"
"Human_Breast_He_06222020_ST_BC23209_D1_9x23",0.0844300680343873,0.0342076124932341,0.136882607107781,0.026033942365956,0.0310774281298789,0.0683394123991191,0.391805738066691,0.0840343019720334,0.143188889430919,"Human_Breast_He_06222020_ST_BC23209_D1"
"Human_Breast_He_06222020_ST_BC23209_D1_9x22",0.0752264853396174,0.0170906909581967,0.0326509284763941,0.248295511327037,0.0605502338760658,0.0504442387962666,0.322144060114153,0.0577719765777585,0.135825874534511,"Human_Breast_He_06222020_ST_BC23209_D1"
"Human_Breast_He_06222020_ST_BC23209_D1_12x24",0.0421526853950558,0.0731355367380763,0.0245277100032288,0.500571154143938,0.0601327385715703,0.0636623282780709,0.0925420309349997,0.0148940995639807,0.128381716371079,"Human_Breast_He_06222020_ST_BC23209_D1"
"Human_Breast_He_06222020_ST_BC23209_D1_12x25",0.0832233020703774,0.0541194806863797,0.0454119141071314,0.102574902302532,0.0683598799442316,0.0726489943839463,0.396601599337694,0.00462136087530358,0.172438566292404,"Human_Breast_He_06222020_ST_BC23209_D1"
"Human_Breast_He_06222020_ST_BC23209_D1_12x26",0.0649824549271338,0.0655621744051591,0.0647059582780789,0.107049433435007,0.0521255021298637,0.0560548692844819,0.473490712429519,0.0182974513600873,0.0977314437506699,"Human_Breast_He_06222020_ST_BC23209_D1"
"Human_Breast_He_06222020_ST_BC23209_D1_12x27",0.034015697739301,0.105073320735801,0.0678717592495274,0.232414615779161,0.110367638348698,0.0764708355656063,0.133823266626925,0.0634031006154413,0.176559765339539,"Human_Breast_He_06222020_ST_BC23209_D1"
"Human_Breast_He_06222020_ST_BC23209_D1_9x29",0.0216158536229708,0.200118491184809,0.039142172007176,0.211302587179582,0.0132866359025643,0.24164236307815,0.0129452757265547,0.238779225473879,0.0211673958243138,"Human_Breast_He_06222020_ST_BC23209_D1"
"Human_Breast_He_06222020_ST_BC23209_D1_12x21",0.0576735578202906,0.0427619896947001,0.0237107136617802,0.329244214010666,0.0770975385001654,0.0317080623548554,0.32396950298442,0.00381879372248509,0.110015627250637,"Human_Breast_He_06222020_ST_BC23209_D1"
"Human_Breast_He_06222020_ST_BC23209_D1_13x25",0.0529244910151937,0.084465512583971,0.0628364986942499,0.446230303828982,0.0534829127594641,0.0426084634096948,0.155910165392647,0.0161719786555976,0.0853696736602,"Human_Breast_He_06222020_ST_BC23209_D1"
"Human_Breast_He_06222020_ST_BC23209_D1_13x24",0.0375848335146534,0.13203848959556,0.0866653070217471,0.127604652531711,0.0171201927040371,0.0822164793375409,0.18018945229788,0.263468554776763,0.0731120382201079,"Human_Breast_He_06222020_ST_BC23209_D1"
"Human_Breast_He_06222020_ST_BC23209_D1_14x25",0.0734092537636576,0.0159161058236256,0.020443346021136,0.420890838054397,0.0416202697912225,0.0349200444705348,0.292192241230256,0.0114366741505347,0.0891712266946356,"Human_Breast_He_06222020_ST_BC23209_D1"
"Human_Breast_He_06222020_ST_BC23209_D1_5x22",0.0406740345176305,0.0483029107359361,0.0309139618056415,0.471412904004978,0.0332287432492684,0.0894034736124673,0.0685262848648437,0.0801879986633664,0.137349688545868,"Human_Breast_He_06222020_ST_BC23209_D1"
"Human_Breast_He_06222020_ST_BC23209_D1_24x17",0.0371707096872443,0.192747690932901,0.0565154094267988,0.247966670033921,0.0219645753239669,0.322911195987162,0.0570280357427643,0.0313976591972454,0.0322980536679968,"Human_Breast_He_06222020_ST_BC23209_D1"
"Human_Breast_He_06222020_ST_BC23209_D1_11x29",0.0125093673237648,0.0907259189504557,0.0504233517278773,0.261419130487765,0.0579534912768962,0.0754719345298837,0.137420681691876,0.211331818637575,0.102744305373906,"Human_Breast_He_06222020_ST_BC23209_D1"
"Human_Breast_He_06222020_ST_BC23209_D1_11x28",0.138110414595503,0.104374842637817,0.15941621272629,0.1596421584828,0.03608363353787,0.0967762879549636,0.212631483075343,0.0257961960035785,0.0671687709858345,"Human_Breast_He_06222020_ST_BC23209_D1"
"Human_Breast_He_06222020_ST_BC23209_D1_11x25",0.0418273538485444,0.0385232963804059,0.074682958676032,0.188515185586074,0.100485605464231,0.0358385312550422,0.365753629446733,0.00283925454708115,0.151534184795856,"Human_Breast_He_06222020_ST_BC23209_D1"
"Human_Breast_He_06222020_ST_BC23209_D1_11x24",0.0407611846446711,0.0929481926477759,0.101224742144994,0.078601363441364,0.0246534053141041,0.12142721300456,0.368594298544352,0.020346134598608,0.151443465659571,"Human_Breast_He_06222020_ST_BC23209_D1"
"Human_Breast_He_06222020_ST_BC23209_D1_11x27",0.0628790604252369,0.0975505072221357,0.0686789565127319,0.137074053264592,0.022787367405237,0.0689895031888507,0.377776156808889,0.0786626570578985,0.0856017381144283,"Human_Breast_He_06222020_ST_BC23209_D1"
"Human_Breast_He_06222020_ST_BC23209_D1_11x26",0.0293413581220665,0.0234449063250376,0.0301712908597106,0.452863081867161,0.108351592223483,0.072230968769596,0.0840499749017784,0.00136623551799349,0.198180591413174,"Human_Breast_He_06222020_ST_BC23209_D1"
"Human_Breast_He_06222020_ST_BC23209_D1_11x21",0.0498894665131855,0.0320901261732535,0.0291133966544787,0.263804532327702,0.0979094010222207,0.0187801354424083,0.35620982701845,0.0211549750881781,0.131048139760123,"Human_Breast_He_06222020_ST_BC23209_D1"
"Human_Breast_He_06222020_ST_BC23209_D1_11x20",0.0582772044005387,0.0259933797049674,0.0196563390852037,0.292184716447704,0.0431463826464734,0.0452831578058042,0.343545786640705,0.00407816621866668,0.167834867049936,"Human_Breast_He_06222020_ST_BC23209_D1"
"Human_Breast_He_06222020_ST_BC23209_D1_11x23",0.0608293311034884,0.054653351563476,0.0405425815751732,0.420714037534147,0.0758310523214207,0.0441508861898292,0.194174598613952,0.00703365599979226,0.102070505098722,"Human_Breast_He_06222020_ST_BC23209_D1"
"Human_Breast_He_06222020_ST_BC23209_D1_11x22",0.0678610878148283,0.0418959479396691,0.0767809922611005,0.215386639948872,0.0350313827565808,0.0902254152044519,0.394792742082083,0.00223174122669778,0.0757940507657162,"Human_Breast_He_06222020_ST_BC23209_D1"
"Human_Breast_He_06222020_ST_BC23209_D1_13x27",0.0534952934810899,0.0244585687110452,0.0539995700533516,0.477639730256299,0.0446822052988219,0.0254666451580943,0.165029070373465,0.0098535005690004,0.145375416098833,"Human_Breast_He_06222020_ST_BC23209_D1"
"Human_Breast_He_06222020_ST_BC23209_D1_18x19",0.0410981816104063,0.0574705879139414,0.0547048184196736,0.198335948234466,0.079528685522614,0.0861369202397167,0.359680702766619,0.00122852552116485,0.121815629771397,"Human_Breast_He_06222020_ST_BC23209_D1"
"Human_Breast_He_06222020_ST_BC23209_D1_18x13",0.0529920211801936,0.0156946329902719,0.0397335721866519,0.50119052310212,0.0891297403854091,0.0154707716142128,0.165484790549621,0.0231350110602457,0.0971689369312734,"Human_Breast_He_06222020_ST_BC23209_D1"
"Human_Breast_He_06222020_ST_BC23209_D1_18x11",0.185070495562186,0.0472571676450103,0.0637463316653703,0.201368463159877,0.0163972481576156,0.134687492339648,0.211742091534909,0.00661896523963518,0.133111744695748,"Human_Breast_He_06222020_ST_BC23209_D1"
"Human_Breast_He_06222020_ST_BC23209_D1_18x17",0.0593331804723368,0.0825476283740522,0.0703195527266281,0.463331679120316,0.0288616963075798,0.0394565194557163,0.140966454580302,0.0137065952338192,0.101476693729249,"Human_Breast_He_06222020_ST_BC23209_D1"
"Human_Breast_He_06222020_ST_BC23209_D1_18x15",0.0176051180903114,0.0236295400871148,0.0152643488646774,0.581284200349913,0.0328104702845523,0.0181432412779389,0.163181635019569,0.0181755536796705,0.129905892346252,"Human_Breast_He_06222020_ST_BC23209_D1"
"Human_Breast_He_06222020_ST_BC23209_D1_17x25",0.110612658333982,0.029674636558651,0.107795336095094,0.0511549218709556,0.0357661167372084,0.0489242190403351,0.475031567944869,0.0214759430382508,0.119564600380654,"Human_Breast_He_06222020_ST_BC23209_D1"
"Human_Breast_He_06222020_ST_BC23209_D1_6x15",0.0909101172330263,0.0708954051902015,0.0357373855682958,0.411819276646607,0.0308340453535525,0.0729480248077164,0.227400721692965,0.0171933103043329,0.0422617132033022,"Human_Breast_He_06222020_ST_BC23209_D1"
"Human_Breast_He_06222020_ST_BC23209_D1_17x24",0.0150443258925537,0.0651382602121477,0.0204361379042863,0.239368267814579,0.0187927205565209,0.0616542581229072,0.189152494839778,0.356832335879469,0.0335811987777583,"Human_Breast_He_06222020_ST_BC23209_D1"
"Human_Breast_He_06222020_ST_BC23209_D1_6x17",0.0927163075859976,0.106981084883497,0.0776073640229816,0.063460524920914,0.0381094860292535,0.0747899563764767,0.376530086490964,0.00191135719441027,0.167893832495506,"Human_Breast_He_06222020_ST_BC23209_D1"
"Human_Breast_He_06222020_ST_BC23209_D1_11x16",0.0411049405235653,0.0167871037915324,0.0231285170649996,0.480977691932025,0.0574504600015103,0.0147804558330539,0.225362262398538,0.00673680934054129,0.133671759114235,"Human_Breast_He_06222020_ST_BC23209_D1"
"Human_Breast_He_06222020_ST_BC23209_D1_14x21",0.0237097510015898,0.070871605579259,0.0541661743353027,0.654997631661998,0.0255356745885484,0.0165769259251835,0.0508086077481072,0.0634710691423231,0.0398625600176886,"Human_Breast_He_06222020_ST_BC23209_D1"
"Human_Breast_He_06222020_ST_BC23209_D1_5x17",0.0809900292739846,0.0568730898274064,0.0513328692231809,0.247051180079048,0.0679371631377254,0.101893856375816,0.224854595907205,0.0428318609067067,0.126235355268927,"Human_Breast_He_06222020_ST_BC23209_D1"
"Human_Breast_He_06222020_ST_BC23209_D1_8x17",0.0798161561931002,0.0769163651090582,0.0853924540375367,0.0989755242319065,0.0187870694010333,0.155490957122427,0.334143529207521,0.0416429017573278,0.108835042940089,"Human_Breast_He_06222020_ST_BC23209_D1"
"Human_Breast_He_06222020_ST_BC23209_D1_4x17",0.202027760380665,0.0615917335038364,0.145677678369922,0.00815295286384746,0.00871695712629897,0.124031907396961,0.37389268177713,0.00310739254821489,0.0728009360331243,"Human_Breast_He_06222020_ST_BC23209_D1"
"Human_Breast_He_06222020_ST_BC23209_D1_4x16",0.102282708879315,0.0681396664984069,0.069584789711221,0.120469886014308,0.0108697109889404,0.0823339190620546,0.388915473389959,0.00820062141689718,0.149203224038898,"Human_Breast_He_06222020_ST_BC23209_D1"
"Human_Breast_He_06222020_ST_BC23209_D1_4x15",0.0194712958319477,0.0457913341646615,0.0658356634786699,0.421255643918224,0.0498623970672414,0.0563992554658334,0.182614890152887,0.0507776284615745,0.107991891458961,"Human_Breast_He_06222020_ST_BC23209_D1"
"Human_Breast_He_06222020_ST_BC23209_D1_4x19",0.0744555712500534,0.0672227830307457,0.0744891393206001,0.151372946053399,0.0246205902582878,0.148724215520756,0.315443124336628,0.0340591418478081,0.109612488381722,"Human_Breast_He_06222020_ST_BC23209_D1"
"Human_Breast_He_06222020_ST_BC23209_D1_4x18",0.058371461740324,0.0422713614943986,0.0458614952105417,0.408648037529614,0.0485558013794896,0.0569019211680499,0.208517876679822,0.0111373972840479,0.119734647513713,"Human_Breast_He_06222020_ST_BC23209_D1"
"Human_Breast_He_06222020_ST_BC23209_D1_24x14",0.017797195723293,0.123439166851546,0.0469487546922372,0.372326602411882,0.0148373340603511,0.235962771239193,0.00990519844846324,0.150196884111016,0.0285860924620187,"Human_Breast_He_06222020_ST_BC23209_D1"
"Human_Breast_He_06222020_ST_BC23209_D1_24x15",0.0721717658880515,0.156849685255547,0.021475723715955,0.321443528723143,0.0370251984894071,0.280274462304177,0.0132772323258019,0.0816594178294584,0.015822985468459,"Human_Breast_He_06222020_ST_BC23209_D1"
"Human_Breast_He_06222020_ST_BC23209_D1_24x16",0.0181047014088361,0.167891189985852,0.0486619867234615,0.328917336738263,0.0417399235852859,0.304759015832471,0.0133005951609266,0.0640302325845437,0.0125950179803602,"Human_Breast_He_06222020_ST_BC23209_D1"
"Human_Breast_He_06222020_ST_BC23209_D1_24x11",0.00340759568785677,0.114142007320628,0.00940768267427594,0.165293650639832,0.014888213347476,0.0822577330927075,0.0110732893731566,0.593432166359376,0.00609766150469172,"Human_Breast_He_06222020_ST_BC23209_D1"
"Human_Breast_He_06222020_ST_BC23209_D1_24x12",0.00241245098178817,0.106432716330771,0.0210588454411398,0.440239884294801,0.014677230213515,0.0232443410221944,0.0146189484326924,0.370860698062293,0.00645488522080513,"Human_Breast_He_06222020_ST_BC23209_D1"
"Human_Breast_He_06222020_ST_BC23209_D1_24x13",0.124261524802455,0.100087786883478,0.110070832881489,0.197602428260114,0.0326375475089746,0.124798457584251,0.0109927934041199,0.292007814662879,0.0075408140122393,"Human_Breast_He_06222020_ST_BC23209_D1"
"Human_Breast_He_06222020_ST_BC23209_D1_24x18",0.0195803594038159,0.125608856540766,0.0267237232274022,0.536821770083977,0.062526349324454,0.15069647698649,0.018510051942226,0.0304304905056128,0.0291019219852559,"Human_Breast_He_06222020_ST_BC23209_D1"
"Human_Breast_He_06222020_ST_BC23209_D1_14x20",0.024107906516761,0.0747265788779597,0.0310215546231514,0.570943641092951,0.0475237079840404,0.0599612257537855,0.125522755004419,0.00587298396230829,0.0603196461846235,"Human_Breast_He_06222020_ST_BC23209_D1"
"Human_Breast_He_06222020_ST_BC23209_D1_12x15",0.056302134784053,0.0223877023392503,0.0393825590026606,0.428792481585973,0.0323105373140201,0.0176076687635552,0.278944376707193,0.0034500440010828,0.120822495502212,"Human_Breast_He_06222020_ST_BC23209_D1"
"Human_Breast_He_06222020_ST_BC23209_D1_22x13",0.0616488967094384,0.186381778178569,0.054041597239067,0.208324623599899,0.0101169852375136,0.203284356729016,0.0172280987591648,0.248475173616209,0.0104984899311225,"Human_Breast_He_06222020_ST_BC23209_D1"
"Human_Breast_He_06222020_ST_BC23209_D1_22x10",0.0113454889934798,0.124306650543757,0.0229134805649868,0.280990134740865,0.00923268369221224,0.148675121839583,0.0299728371856105,0.356925959320269,0.0156376431192362,"Human_Breast_He_06222020_ST_BC23209_D1"
"Human_Breast_He_06222020_ST_BC23209_D1_12x16",0.044855941087662,0.0318042634674545,0.0309197205897509,0.175290754645422,0.0955415245296725,0.0268020451859441,0.422959871224358,0.0104873704251985,0.161338508844537,"Human_Breast_He_06222020_ST_BC23209_D1"
"Human_Breast_He_06222020_ST_BC23209_D1_22x16",0.0338778101742279,0.192153727605348,0.0429971091248075,0.211423857660019,0.0432511832145186,0.316413833756117,0.0175811945568207,0.125369377180025,0.0169319067281171,"Human_Breast_He_06222020_ST_BC23209_D1"
"Human_Breast_He_06222020_ST_BC23209_D1_22x14",0.0133559354333866,0.152420003374968,0.0219708398739123,0.337409434254786,0.00691067952759286,0.198130627307597,0.0102429940290559,0.250395017360813,0.00916446883788756,"Human_Breast_He_06222020_ST_BC23209_D1"
"Human_Breast_He_06222020_ST_BC23209_D1_12x12",0.101467727662847,0.0225739051217467,0.0334252195630709,0.312861039590508,0.0765993646461348,0.0242147217955775,0.28562582748953,0.0209117828480314,0.122320411282554,"Human_Breast_He_06222020_ST_BC23209_D1"
"Human_Breast_He_06222020_ST_BC23209_D1_22x18",0.0969679113322009,0.0906071146894708,0.0978497357047332,0.172440112324621,0.101283976103816,0.168210077945779,0.117146954696515,0.0132171738174512,0.142276943385412,"Human_Breast_He_06222020_ST_BC23209_D1"
"Human_Breast_He_06222020_ST_BC23209_D1_22x19",0.0309112153233413,0.153709430652947,0.0474690717542287,0.285949722976886,0.0389459297537769,0.31320782517319,0.0557033672535467,0.0276853988145798,0.046418038297503,"Human_Breast_He_06222020_ST_BC23209_D1"
"Human_Breast_He_06222020_ST_BC23209_D1_12x19",0.0480117987374683,0.041360944084145,0.0429660015005284,0.382127360263306,0.0732180788112585,0.0395120825320788,0.250778518634948,0.00221660178378339,0.119808613652484,"Human_Breast_He_06222020_ST_BC23209_D1"
"Human_Breast_He_06222020_ST_BC23209_D1_12x18",0.061100720802386,0.01482816732912,0.0222659950911365,0.192380984968574,0.045121332234187,0.0631935494169762,0.410243545221303,0.00873328462894123,0.182132420307376,"Human_Breast_He_06222020_ST_BC23209_D1"
"Human_Breast_He_06222020_ST_BC23209_D1_9x18",0.0803320560620751,0.036332168521679,0.0662935835506235,0.141652355628433,0.089421930855568,0.0507569048389881,0.361988582685731,0.0053271124832767,0.167895305373625,"Human_Breast_He_06222020_ST_BC23209_D1"
"Human_Breast_He_06222020_ST_BC23209_D1_9x19",0.0905298369584121,0.034572374368596,0.0559879571584887,0.340142958445916,0.0478710663903502,0.078432830368104,0.176814810244996,0.0238663854514552,0.151781780613681,"Human_Breast_He_06222020_ST_BC23209_D1"
"Human_Breast_He_06222020_ST_BC23209_D1_24x8",0.0104569489233879,0.0505268359760695,0.0197574040848591,0.467071148507871,0.0253488361679972,0.07749288192296,0.025504773518049,0.285814723773466,0.0380264471253407,"Human_Breast_He_06222020_ST_BC23209_D1"
"Human_Breast_He_06222020_ST_BC23209_D1_24x9",0.00870691543873127,0.0435022112585843,0.0358615142075043,0.258617484756141,0.00994778187298573,0.0737436476749966,0.039666734326275,0.5106455831054,0.0193081273593824,"Human_Breast_He_06222020_ST_BC23209_D1"
"Human_Breast_He_06222020_ST_BC23209_D1_9x16",0.0183868056810109,0.0317148125739662,0.0359702944787027,0.558097849720781,0.0520690689046086,0.0178576127667739,0.0890994468912179,0.133264479680819,0.0635396293021193,"Human_Breast_He_06222020_ST_BC23209_D1"
