"","Endothelial","CAFs","PVL","B-cells","T-cells","Myeloid","Normal Epithelial","Plasmablasts","Cancer Epithelial","sid"
"Human_Breast_Wu_06052021_Visium_1142243F_TACCGATCCAACACTT-1",0.00685130053390478,0.0379084820326683,0.0157462668853295,0.625377396396186,0.0485659489296915,0.0171137797103404,0.089903527939497,0.00984862343607515,0.148684674136308,"Human_Breast_Wu_06052021_Visium_1142243F"
"Human_Breast_Wu_06052021_Visium_1142243F_GATAAGGGACGATTAG-1",0.0158784230797756,0.0823817090968345,0.0139082941601764,0.58835495881321,0.0122673338971367,0.0167459288653044,0.0683464021098367,0.0592439051569633,0.142873044820762,"Human_Breast_Wu_06052021_Visium_1142243F"
"Human_Breast_Wu_06052021_Visium_1142243F_TGTTGGCTGGCGGAAG-1",0.00875317057929066,0.0619141007058824,0.0282006103629143,0.502831289744259,0.0199509505162404,0.0119992888188208,0.0828784403875729,0.103659654720759,0.17981249416426,"Human_Breast_Wu_06052021_Visium_1142243F"
"Human_Breast_Wu_06052021_Visium_1142243F_GCGAGGGACTGCTAGA-1",0.0101274446361476,0.0817506093295898,0.0245585542940713,0.390314870322889,0.0284449493618485,0.0172767715421253,0.174010499003354,0.062292133001731,0.211224168508244,"Human_Breast_Wu_06052021_Visium_1142243F"
"Human_Breast_Wu_06052021_Visium_1142243F_GCGCGTTTAAATCGTA-1",0.00736485557214043,0.0850205446977154,0.0219118547900333,0.340067397556969,0.0349934085686737,0.0400586007407352,0.192425784269027,0.0979853873029543,0.180172166501752,"Human_Breast_Wu_06052021_Visium_1142243F"
"Human_Breast_Wu_06052021_Visium_1142243F_GACGACTTTCCAAGAA-1",0.0138205920459435,0.126323464550549,0.0277436960269336,0.222299235376921,0.0192914580500423,0.0414026599849125,0.265345403057684,0.0413012610036777,0.242472229903336,"Human_Breast_Wu_06052021_Visium_1142243F"
"Human_Breast_Wu_06052021_Visium_1142243F_ATACCCTGGCTCAAAT-1",0.00951351423355077,0.0754882782620583,0.0202924403356611,0.146761320943589,0.0314254545350641,0.0289514273489185,0.430307981256123,0.0147662469757189,0.242493336109317,"Human_Breast_Wu_06052021_Visium_1142243F"
"Human_Breast_Wu_06052021_Visium_1142243F_TAACCGTCCAGTTCAT-1",0.0195340708183521,0.0409293293081337,0.0370982188432658,0.213767542997918,0.0399719869629804,0.0239371544424877,0.38141691357748,0.0154724997777522,0.227872283271631,"Human_Breast_Wu_06052021_Visium_1142243F"
"Human_Breast_Wu_06052021_Visium_1142243F_CAAGGGAGTGTATTTG-1",0.00467741008322175,0.0407093267381675,0.0179803341681521,0.0845641651694664,0.0441291659316247,0.0116062529264822,0.473365442015167,0.0371790127635582,0.28578889020416,"Human_Breast_Wu_06052021_Visium_1142243F"
"Human_Breast_Wu_06052021_Visium_1142243F_TTATTTCATCCCAAAC-1",0.0160122063711888,0.0646990863701795,0.0165577737132808,0.283175002078823,0.0660285984894973,0.0108220606757194,0.206865425559297,0.0899889303332498,0.245850916408765,"Human_Breast_Wu_06052021_Visium_1142243F"
"Human_Breast_Wu_06052021_Visium_1142243F_TATGGCAGACTTTCGA-1",0.0292344670104076,0.0430776780383225,0.0259029274260517,0.274200090842974,0.0804527749380174,0.0114005152543284,0.249358379325823,0.0165736761974817,0.269799490966594,"Human_Breast_Wu_06052021_Visium_1142243F"
"Human_Breast_Wu_06052021_Visium_1142243F_AAACGGGTTGGTATCC-1",0.022696376449537,0.0352029642985499,0.0494769423652084,0.3169225375314,0.056324501142354,0.0174694234337527,0.166893404434063,0.0147188515700284,0.320294998775106,"Human_Breast_Wu_06052021_Visium_1142243F"
"Human_Breast_Wu_06052021_Visium_1142243F_GACGGGATGTCTTATG-1",0.0143381581310636,0.0127619151307585,0.011962626796642,0.23199442779602,0.0436150571364785,0.010477366501746,0.206801725325716,0.0393989322684516,0.428649790913124,"Human_Breast_Wu_06052021_Visium_1142243F"
"Human_Breast_Wu_06052021_Visium_1142243F_CGCGTGCTATCAACGA-1",0.028540805350782,0.0189029525598271,0.0274186099454578,0.502622657412183,0.0601750715869485,0.00345546888261403,0.124362260484684,0.00800866576541848,0.226513508012085,"Human_Breast_Wu_06052021_Visium_1142243F"
"Human_Breast_Wu_06052021_Visium_1142243F_CACATAAGGCGACCGT-1",0.0140451300002181,0.0121974649588172,0.0125378720440584,0.414753515240608,0.0861908493423167,0.00713137768166838,0.179266407713884,0.00623235100573142,0.267645032012698,"Human_Breast_Wu_06052021_Visium_1142243F"
"Human_Breast_Wu_06052021_Visium_1142243F_ACAGGAGGCGCAGCCG-1",0.0176451617660634,0.0237629481743488,0.0355570699225358,0.572371839354178,0.0424983301054617,0.00379961644151726,0.108654794013204,0.0101379373169711,0.18557230290572,"Human_Breast_Wu_06052021_Visium_1142243F"
"Human_Breast_Wu_06052021_Visium_1142243F_AGGCAATACGGAGGAC-1",0.0236290797054243,0.0583279641166851,0.0316208766195211,0.519410048309223,0.0133177009045365,0.0133317779151705,0.104131322231814,0.0563205463196954,0.17991068387793,"Human_Breast_Wu_06052021_Visium_1142243F"
"Human_Breast_Wu_06052021_Visium_1142243F_TGGTGTGACAGACGAT-1",0.00903184520066371,0.084174497743672,0.0313820104367184,0.455346484107457,0.0244014043304842,0.00586822779276437,0.203825436960382,0.0269329304198415,0.159037163008017,"Human_Breast_Wu_06052021_Visium_1142243F"
"Human_Breast_Wu_06052021_Visium_1142243F_ATCTATCGATGATCAA-1",0.0180064597737071,0.125153216296055,0.105646800060037,0.413528103181455,0.031874664983408,0.0276794917108395,0.117970750763005,0.0134344698882575,0.146706043343236,"Human_Breast_Wu_06052021_Visium_1142243F"
"Human_Breast_Wu_06052021_Visium_1142243F_CGGTAACAAGATACAT-1",0.011712639507368,0.11529234656708,0.0267366604830849,0.575629982074581,0.0291629295923193,0.0298778816485994,0.0598783214898092,0.0102471365954072,0.141462102041751,"Human_Breast_Wu_06052021_Visium_1142243F"
"Human_Breast_Wu_06052021_Visium_1142243F_TCGCCGGAGAGTCTTA-1",0.0528761280538512,0.129682741685773,0.159711023459134,0.342424531789225,0.0244222075308844,0.00474179992460016,0.0844046611118092,0.0564348042482394,0.145302102196483,"Human_Breast_Wu_06052021_Visium_1142243F"
"Human_Breast_Wu_06052021_Visium_1142243F_GGAGGAGTGTGTTTAT-1",0.0215610394901592,0.150581220514103,0.131475301552206,0.231989383033223,0.053634345082468,0.0270577134924692,0.0976578080031069,0.0341949257196425,0.251848263112623,"Human_Breast_Wu_06052021_Visium_1142243F"
"Human_Breast_Wu_06052021_Visium_1142243F_TTAGGTGTGACTGGTC-1",0.0269918899495696,0.183089665480533,0.0422240609574978,0.334688346501524,0.0302225366516431,0.0187620104851557,0.186942297737046,0.0129237288731096,0.164155463363922,"Human_Breast_Wu_06052021_Visium_1142243F"
"Human_Breast_Wu_06052021_Visium_1142243F_CAGGGCTAACGAAACC-1",0.0174278367171024,0.126700004248756,0.0472683765583696,0.331462429894838,0.0238111395129771,0.0391968775031986,0.104801856067979,0.114402924545357,0.194928554951422,"Human_Breast_Wu_06052021_Visium_1142243F"
"Human_Breast_Wu_06052021_Visium_1142243F_CCCGTGGGTTAATTGA-1",0.0135003736493372,0.0695669110187065,0.074394532265335,0.431412283340827,0.0234253176563317,0.00612650326683677,0.188261321035595,0.000944652408736853,0.192368105358294,"Human_Breast_Wu_06052021_Visium_1142243F"
"Human_Breast_Wu_06052021_Visium_1142243F_GACCGACCGCTAATAT-1",0.00661760718236203,0.0685937113318142,0.0130246005751088,0.414721807564469,0.0259165715218056,0.048120756665344,0.174829127653936,0.0485384566627838,0.199637360842376,"Human_Breast_Wu_06052021_Visium_1142243F"
"Human_Breast_Wu_06052021_Visium_1142243F_GGTATCAAGCATAGAA-1",0.0279670353821666,0.0963335874655109,0.0904020270517374,0.140992248317399,0.0257602217809773,0.0482342039808391,0.263151840609739,0.107013167726128,0.200145667685503,"Human_Breast_Wu_06052021_Visium_1142243F"
"Human_Breast_Wu_06052021_Visium_1142243F_TGCATGAGTAGATTCG-1",0.0168279198849659,0.0983593684149946,0.0246786051319636,0.137124883069982,0.00934500449901493,0.0515858148217193,0.357163577215963,0.0274250393882293,0.277489787573168,"Human_Breast_Wu_06052021_Visium_1142243F"
"Human_Breast_Wu_06052021_Visium_1142243F_AATTCCAACTTGGTGA-1",0.0145546637168827,0.103468674551485,0.0512468291365658,0.0846847211077178,0.0120776593082946,0.060721653565845,0.444448023589714,0.0166860575802057,0.212111717443289,"Human_Breast_Wu_06052021_Visium_1142243F"
"Human_Breast_Wu_06052021_Visium_1142243F_TGCCGATGTCATCAAT-1",0.023998143084365,0.0489074832814435,0.051278156183622,0.0424441029840191,0.0181935507098061,0.0832851905734596,0.324735997089501,0.0276581286678099,0.379499247425974,"Human_Breast_Wu_06052021_Visium_1142243F"
"Human_Breast_Wu_06052021_Visium_1142243F_GCTGGGTCCGCTGTTA-1",0.0229242831158578,0.0850134173497756,0.0753755477964534,0.113802567508356,0.0399683235408355,0.0424882321890717,0.260424645550292,0.0210920769678532,0.338910905981505,"Human_Breast_Wu_06052021_Visium_1142243F"
"Human_Breast_Wu_06052021_Visium_1142243F_TGAACACCCGAAGCAG-1",0.0202932697812534,0.0341278124670105,0.0438219095631145,0.245099042877327,0.0837394544370898,0.0105994549422656,0.265984603810399,0.016006161295027,0.280328290826513,"Human_Breast_Wu_06052021_Visium_1142243F"
"Human_Breast_Wu_06052021_Visium_1142243F_AACATTGGTCAGCCGT-1",0.0149876981170711,0.0442344273802708,0.0165797299328509,0.435863369359969,0.0231614634373703,0.0163679880700239,0.167249023276264,0.0556032078843847,0.225953092541795,"Human_Breast_Wu_06052021_Visium_1142243F"
"Human_Breast_Wu_06052021_Visium_1142243F_GTGGGTCTTCTTTGCG-1",0.0210196054971517,0.111529158598872,0.0743614558531931,0.257732968333859,0.0342890011386462,0.0127113437739615,0.261380891577913,0.0284024503589389,0.198573124867464,"Human_Breast_Wu_06052021_Visium_1142243F"
"Human_Breast_Wu_06052021_Visium_1142243F_CATCGAATGGATCTCT-1",0.0164252877782813,0.0564215386929428,0.0158433471940445,0.518213464512627,0.0465603218278162,0.009312727265593,0.0936721529023854,0.00774614862582742,0.235805011200483,"Human_Breast_Wu_06052021_Visium_1142243F"
"Human_Breast_Wu_06052021_Visium_1142243F_GCTACACTGTCCGAAC-1",0.0141645953795292,0.0427213928414331,0.0244412195994209,0.378838789120333,0.039482785101942,0.018322981079389,0.234169230181079,0.00599074061844758,0.241868266078426,"Human_Breast_Wu_06052021_Visium_1142243F"
"Human_Breast_Wu_06052021_Visium_1142243F_CGGGTTGTAGCTTTGG-1",0.0122826817284435,0.037317285588311,0.0694077783746754,0.467382588450483,0.077257650609795,0.00669156817363033,0.175159618211262,0.00561304394881496,0.148887784914584,"Human_Breast_Wu_06052021_Visium_1142243F"
"Human_Breast_Wu_06052021_Visium_1142243F_CCTAAGTGTCTAACCG-1",0.013312000626206,0.0586913042076732,0.0225348653264468,0.343651809451621,0.0330947378547621,0.0217141753471072,0.186504747473476,0.00231005839904346,0.318186301313664,"Human_Breast_Wu_06052021_Visium_1142243F"
"Human_Breast_Wu_06052021_Visium_1142243F_TCTGTGACTGACCGTT-1",0.014845045022337,0.114992574729548,0.0474596750583383,0.367071016983543,0.0339218709062068,0.0249676590907753,0.140068949160438,0.0487881098175879,0.207885099231226,"Human_Breast_Wu_06052021_Visium_1142243F"
"Human_Breast_Wu_06052021_Visium_1142243F_TTATCATACTCGCAAA-1",0.0117415918094778,0.0557935737715075,0.0169526190261523,0.191506845610845,0.0862335635054536,0.0206634837887037,0.194683207245427,0.0706176739268214,0.351807441315612,"Human_Breast_Wu_06052021_Visium_1142243F"
"Human_Breast_Wu_06052021_Visium_1142243F_AGCGTAGCGCTAGACC-1",0.0434950690427178,0.0640728166201684,0.0472791344365315,0.351375553515853,0.0231245409015323,0.0180712652758002,0.155911962089062,0.0350919013997325,0.261577756718602,"Human_Breast_Wu_06052021_Visium_1142243F"
"Human_Breast_Wu_06052021_Visium_1142243F_TCCCTCCGAAATCGTT-1",0.0246635640375535,0.0334415752493707,0.0202581548628903,0.185558339925042,0.0922799156290951,0.0124219782860244,0.198592562443259,0.090397680868946,0.342386228697819,"Human_Breast_Wu_06052021_Visium_1142243F"
"Human_Breast_Wu_06052021_Visium_1142243F_AGGTCGCCACTTCGGT-1",0.0886607623613919,0.025286415875875,0.0514127990602962,0.306586193535696,0.0607724695316651,0.0153126298041844,0.118107722142132,0.0780979967225061,0.255763010966253,"Human_Breast_Wu_06052021_Visium_1142243F"
"Human_Breast_Wu_06052021_Visium_1142243F_CTAGCAACTAATTTAC-1",0.0148099246162861,0.0351450177800854,0.0402230502578362,0.119090064848706,0.0822845595640528,0.0290927207531902,0.266112897792354,0.041680507625849,0.37156125676164,"Human_Breast_Wu_06052021_Visium_1142243F"
"Human_Breast_Wu_06052021_Visium_1142243F_TTGCTAGCTACCAATC-1",0.013532372804598,0.0412031930724965,0.023438158318784,0.121205237683087,0.0910025099939586,0.015163953997052,0.189608366982224,0.038860040084473,0.465986167063328,"Human_Breast_Wu_06052021_Visium_1142243F"
"Human_Breast_Wu_06052021_Visium_1142243F_GCCGGTTTGGGCGGAT-1",0.00557486511526272,0.0247916978530525,0.00585778474205703,0.112063051880543,0.0390200220360777,0.0308586640515886,0.32916548772325,0.0263433325385112,0.426325094059657,"Human_Breast_Wu_06052021_Visium_1142243F"
"Human_Breast_Wu_06052021_Visium_1142243F_TGTAACTTGTCAACCT-1",0.00355454919888367,0.0180817883595255,0.0170089733394265,0.171158157841696,0.0836067090957165,0.0068829118833921,0.318456314209804,0.0522534833948644,0.328997112676691,"Human_Breast_Wu_06052021_Visium_1142243F"
"Human_Breast_Wu_06052021_Visium_1142243F_CGAGATGTTGCCTATA-1",0.00615806658532297,0.0207724191322305,0.0135358440483403,0.173513860034398,0.0368792898999286,0.0350700838114809,0.352524997203827,0.0331159832338826,0.328429456050589,"Human_Breast_Wu_06052021_Visium_1142243F"
"Human_Breast_Wu_06052021_Visium_1142243F_GTTACGAAATCCACGC-1",0.0141963755233367,0.0362126192092005,0.0114770660692557,0.050486639181889,0.0322098319599012,0.0409884853763165,0.40917713101028,0.0347522690611219,0.370499582608699,"Human_Breast_Wu_06052021_Visium_1142243F"
"Human_Breast_Wu_06052021_Visium_1142243F_CTTGTCGTACGTGTCA-1",0.0209749029303486,0.0292793579114674,0.0181518225346756,0.440205229252814,0.041486397230923,0.0152704187989501,0.21238166617651,0.0166761185203472,0.205574086643963,"Human_Breast_Wu_06052021_Visium_1142243F"
"Human_Breast_Wu_06052021_Visium_1142243F_GCGTCCAGCTCGTGGC-1",0.00559587057611106,0.031992042356064,0.00971541652845509,0.4049926417933,0.0279298825978255,0.00849481345217828,0.276574772102818,0.0149373002518773,0.219767260341371,"Human_Breast_Wu_06052021_Visium_1142243F"
"Human_Breast_Wu_06052021_Visium_1142243F_CCCTTCTCGTACGCGA-1",0.00579998877179178,0.0126278938345396,0.00687261276630447,0.552450537620523,0.044461176924743,0.00588351262504257,0.169935566013953,0.0099843981578568,0.191984313285247,"Human_Breast_Wu_06052021_Visium_1142243F"
"Human_Breast_Wu_06052021_Visium_1142243F_CCAAAGTCCCGCTAAC-1",0.0097958687555737,0.109888522139847,0.0265183665321524,0.217479734616935,0.0342312142564581,0.0282352201261796,0.204641565881945,0.0458392137736234,0.323370293917285,"Human_Breast_Wu_06052021_Visium_1142243F"
"Human_Breast_Wu_06052021_Visium_1142243F_ATAAACCATTGGACGG-1",0.00982437810067447,0.0505791078275211,0.0171016627451265,0.138552106291852,0.0528232014375205,0.0265328664384577,0.26100501185235,0.0954095638138634,0.348172101492634,"Human_Breast_Wu_06052021_Visium_1142243F"
"Human_Breast_Wu_06052021_Visium_1142243F_TCTGTGGCTACATTTC-1",0.0151044990442259,0.0132540262869442,0.0269152887677233,0.340974043971646,0.080275548586882,0.00350935456277436,0.156736055761175,0.0209498367111069,0.342281346307522,"Human_Breast_Wu_06052021_Visium_1142243F"
"Human_Breast_Wu_06052021_Visium_1142243F_CACGACTAAAGTTCTG-1",0.0055118936311549,0.0208243685196822,0.0107634160922681,0.729054151378128,0.0553946231539853,0.00148137916104593,0.0480877683718983,0.00152447570552877,0.127357923986309,"Human_Breast_Wu_06052021_Visium_1142243F"
"Human_Breast_Wu_06052021_Visium_1142243F_GAAGACTTCAATGCCG-1",0.0136750116379893,0.0302057755339141,0.0122201892973008,0.255040772494737,0.0114378730801837,0.0189265724629508,0.0482198782237276,0.487225607512539,0.123048319756657,"Human_Breast_Wu_06052021_Visium_1142243F"
"Human_Breast_Wu_06052021_Visium_1142243F_ACCAAACTAGAAATCC-1",0.0145823046046823,0.0428764654848512,0.0258938968987354,0.502707684532684,0.0416639585095453,0.0067197143747788,0.1418437851468,0.0901815903517976,0.133530600096125,"Human_Breast_Wu_06052021_Visium_1142243F"
"Human_Breast_Wu_06052021_Visium_1142243F_GACCAGGTCATTCATA-1",0.00401859560476976,0.0137672649234388,0.00689522303223225,0.536405133032571,0.0375229345921165,0.00085868768035848,0.1235051353257,0.122958322549708,0.154068703259104,"Human_Breast_Wu_06052021_Visium_1142243F"
"Human_Breast_Wu_06052021_Visium_1142243F_ACGCCCAGCTGTCGAT-1",0.00829829389216184,0.0177441058654541,0.00637881509944716,0.651888833356124,0.060837950291228,0.000716322605223895,0.161433697102987,0.00714842351548304,0.0855535582718915,"Human_Breast_Wu_06052021_Visium_1142243F"
"Human_Breast_Wu_06052021_Visium_1142243F_CCTCGACCCACTGCCT-1",0.00327187274530439,0.0222586926167572,0.00420786313511336,0.680920131796656,0.0187804998186302,0.00247010500004463,0.115537831675125,0.00979432375631013,0.14275867945606,"Human_Breast_Wu_06052021_Visium_1142243F"
"Human_Breast_Wu_06052021_Visium_1142243F_TCAGTTACGGAATGAT-1",0.00536919010885533,0.0269127177523318,0.0154823824414352,0.654113800729829,0.0197370096185065,0.00260742470612675,0.137019360869841,0.0244886733326659,0.114269440440408,"Human_Breast_Wu_06052021_Visium_1142243F"
"Human_Breast_Wu_06052021_Visium_1142243F_TCGGCTAACTTCCCTT-1",0.0139371101891025,0.0389989971273329,0.0169201585455325,0.288898458445748,0.0569465827940381,0.0240752167532215,0.26402710752374,0.00340801308576287,0.292788355535522,"Human_Breast_Wu_06052021_Visium_1142243F"
"Human_Breast_Wu_06052021_Visium_1142243F_ATATCGTGCCAGACCC-1",0.00548181422307502,0.0107369711645885,0.00865204020137728,0.585682825284537,0.0268633813120469,0.000690849943013437,0.180361868328161,0.0081291313870226,0.173401118156179,"Human_Breast_Wu_06052021_Visium_1142243F"
"Human_Breast_Wu_06052021_Visium_1142243F_ACGCTTAGTGTCTCTC-1",0.0037551546249393,0.00727065420012107,0.010225055763613,0.345350859064659,0.0925772187071406,0.00294013726731944,0.245545757618265,0.0175478924244304,0.274787270329512,"Human_Breast_Wu_06052021_Visium_1142243F"
"Human_Breast_Wu_06052021_Visium_1142243F_TAGTGGAACTCATACA-1",0.0128640360998093,0.10123768446413,0.0325866455433804,0.243131318977859,0.0675798364009736,0.0128955948370833,0.221854598579703,0.0452953345647796,0.262554950532282,"Human_Breast_Wu_06052021_Visium_1142243F"
"Human_Breast_Wu_06052021_Visium_1142243F_GTTATTAAATACGACC-1",0.00783629933156025,0.075587756762005,0.0214619692758112,0.524192804671036,0.0800110778963236,0.00824038482827623,0.10482682553695,0.00166643084150477,0.176176450856533,"Human_Breast_Wu_06052021_Visium_1142243F"
"Human_Breast_Wu_06052021_Visium_1142243F_CCTGACGCAACCTTTA-1",0.00464776157492897,0.0783248611036294,0.012217787432229,0.5841502883058,0.0473506280582358,0.0146098984440476,0.116992072638108,0.000900307864216988,0.140806394578805,"Human_Breast_Wu_06052021_Visium_1142243F"
"Human_Breast_Wu_06052021_Visium_1142243F_AACTGGGTTCGAGCCG-1",0.0055939665924149,0.0422744705067023,0.0169894964766116,0.646809600039382,0.0292615746130321,0.00380458222630731,0.101333683594155,0.0107709571139366,0.143161668837458,"Human_Breast_Wu_06052021_Visium_1142243F"
"Human_Breast_Wu_06052021_Visium_1142243F_CTAATGCGCCCAACAA-1",0.0381483630877041,0.0531295637548749,0.0616684924352392,0.467129817781376,0.0435560123097513,0.0064843461370208,0.151571570358284,0.00783243136421784,0.170479402771531,"Human_Breast_Wu_06052021_Visium_1142243F"
"Human_Breast_Wu_06052021_Visium_1142243F_GCCACCCATTCCACTT-1",0.0371266015265207,0.0921552459222338,0.112211212233821,0.44903600582076,0.0363159517496153,0.00822860766377702,0.0894074700090298,0.03506598061795,0.140452924456292,"Human_Breast_Wu_06052021_Visium_1142243F"
"Human_Breast_Wu_06052021_Visium_1142243F_TACTCACAACGTAGTA-1",0.0341719267563474,0.0931906274460157,0.0296297603685136,0.605136043478218,0.0437800730333462,0.028643867909127,0.0326392151945402,0.00371862593668323,0.129089859877208,"Human_Breast_Wu_06052021_Visium_1142243F"
"Human_Breast_Wu_06052021_Visium_1142243F_GTTCGGTGTGGATTTA-1",0.0396716764737291,0.0481193465107038,0.11087238208505,0.47326827709241,0.021856130804889,0.017672689365213,0.14054600078473,0.00105229040555952,0.146941206477716,"Human_Breast_Wu_06052021_Visium_1142243F"
"Human_Breast_Wu_06052021_Visium_1142243F_TCTTTCGGCGGGACAC-1",0.0228547608666071,0.148931225123248,0.0746871590892556,0.40204545732229,0.0256573135831406,0.0155012783964275,0.111257627642287,0.0370315640590848,0.162033613917658,"Human_Breast_Wu_06052021_Visium_1142243F"
"Human_Breast_Wu_06052021_Visium_1142243F_GGAGACATTCACGGGC-1",0.0207809567008395,0.0545779193085158,0.0322641462225596,0.467536361938032,0.0616061176069654,0.021217360529246,0.155401650721195,0.0111397106464807,0.175475776326166,"Human_Breast_Wu_06052021_Visium_1142243F"
"Human_Breast_Wu_06052021_Visium_1142243F_GGGATTATCTCACAAC-1",0.114125149489914,0.148289119042653,0.0726520659281156,0.363964079241223,0.0497629162793206,0.0397328360928484,0.0754296043855543,0.00452482892910042,0.131519400611271,"Human_Breast_Wu_06052021_Visium_1142243F"
"Human_Breast_Wu_06052021_Visium_1142243F_TAGAACGCCAGTAACG-1",0.0369071567016442,0.0847055190610911,0.071999115594903,0.499983438595944,0.0291397015667792,0.011876890255151,0.0870129398895111,0.00169703887913687,0.176678199455839,"Human_Breast_Wu_06052021_Visium_1142243F"
"Human_Breast_Wu_06052021_Visium_1142243F_ACGAGTCGCCGGCGTT-1",0.0219709309722724,0.0329659047081163,0.0367616354921225,0.555965998065248,0.0668661327018042,0.00239486053637787,0.1366092636872,0.00134939783422356,0.145115876002636,"Human_Breast_Wu_06052021_Visium_1142243F"
"Human_Breast_Wu_06052021_Visium_1142243F_TGATGGGACTAAGTCA-1",0.013775771434936,0.0525569964177756,0.0609437511176034,0.417027473008138,0.106239059812707,0.026750239613146,0.101052973539005,0.00852761391932241,0.213126121137366,"Human_Breast_Wu_06052021_Visium_1142243F"
"Human_Breast_Wu_06052021_Visium_1142243F_TGCGAGAAACGTTACG-1",0.00580412256168786,0.0592069301166334,0.0102838533730048,0.621650726247704,0.0132541224858487,0.0261553144179149,0.0704402285819404,0.0394553208646451,0.153749381350621,"Human_Breast_Wu_06052021_Visium_1142243F"
"Human_Breast_Wu_06052021_Visium_1142243F_TCGCCTCGACCTGTTG-1",0.0126505825976797,0.0804600344003217,0.0629973183652766,0.187351283124083,0.0426427347362684,0.0114227402195543,0.328876079875795,0.00615240337978047,0.26744682330124,"Human_Breast_Wu_06052021_Visium_1142243F"
"Human_Breast_Wu_06052021_Visium_1142243F_AACTCGATAAACACGT-1",0.00905788545099865,0.0913239749606436,0.0403383014917246,0.233571110576653,0.0294235022236829,0.0300749677593945,0.196394784610651,0.113766724232963,0.256048748693289,"Human_Breast_Wu_06052021_Visium_1142243F"
"Human_Breast_Wu_06052021_Visium_1142243F_AGGAAAGCCTCTGATG-1",0.013716608423259,0.0673187644924052,0.0235811891486397,0.646619369214927,0.0147176444973153,0.0044113634423876,0.100459475348138,0.00296394978657949,0.126211635646349,"Human_Breast_Wu_06052021_Visium_1142243F"
"Human_Breast_Wu_06052021_Visium_1142243F_GAAGGACTAAATTGAA-1",0.0264574888554782,0.0820360611044286,0.103458468811662,0.307515793381178,0.0201552706025095,0.0210255111427376,0.183065617627394,0.0437500890582767,0.212535699416335,"Human_Breast_Wu_06052021_Visium_1142243F"
"Human_Breast_Wu_06052021_Visium_1142243F_GTATCGGGACGAGCTG-1",0.00240936660393361,0.0884402516800995,0.0213031900023229,0.554992806976573,0.0275036160102073,0.0123942012388087,0.132532364340129,0.0121955563484226,0.148228646799503,"Human_Breast_Wu_06052021_Visium_1142243F"
"Human_Breast_Wu_06052021_Visium_1142243F_CCTGTGCATAGGAGAC-1",0.00991657512412662,0.0597786366774814,0.0464145828922287,0.520249302160926,0.0232187092913802,0.00222802060988372,0.16349539632429,0.00927161515045075,0.165427161769233,"Human_Breast_Wu_06052021_Visium_1142243F"
"Human_Breast_Wu_06052021_Visium_1142243F_CATACGGGTGCATGAT-1",0.00699766631303479,0.0486193699856228,0.0161178023050607,0.624726308903898,0.0349577367643851,0.00285139240297116,0.148623662235154,0.00198163359843616,0.115124427491437,"Human_Breast_Wu_06052021_Visium_1142243F"
"Human_Breast_Wu_06052021_Visium_1142243F_CCACTAAACTGAATCG-1",0.00805568541679205,0.07672105033189,0.0305049405064515,0.53460274404283,0.0179010415259241,0.00328950209873431,0.168867542072623,0.00202981575556412,0.158027678249191,"Human_Breast_Wu_06052021_Visium_1142243F"
"Human_Breast_Wu_06052021_Visium_1142243F_AAATTGCGGCGGTTCT-1",0.0107739430680937,0.0630448513001895,0.0547486782694272,0.583348731871726,0.0147896578666237,0.00816834554640837,0.0605622448655317,0.0168629463085312,0.187700600903469,"Human_Breast_Wu_06052021_Visium_1142243F"
"Human_Breast_Wu_06052021_Visium_1142243F_AGTCCAGCGGGTACGT-1",0.0100451088783968,0.021848986688614,0.0239334332833455,0.495043590491787,0.0437222238583657,0.00122033588943231,0.224506457408896,0.00830013597491687,0.171379727526245,"Human_Breast_Wu_06052021_Visium_1142243F"
"Human_Breast_Wu_06052021_Visium_1142243F_CATTCAGGTCAGTGCG-1",0.0116458932065636,0.149357469566762,0.0691311047161072,0.242298956462581,0.113752218554437,0.0136787655771466,0.105298992111772,0.0325896345614863,0.262246965243145,"Human_Breast_Wu_06052021_Visium_1142243F"
"Human_Breast_Wu_06052021_Visium_1142243F_CTAAAGTCCGAAGCTA-1",0.0149636963491677,0.0571552017060324,0.0444208401653402,0.459327410022605,0.0633628530174926,0.00517775075608319,0.158069140563693,0.0061757978923872,0.191347309527198,"Human_Breast_Wu_06052021_Visium_1142243F"
"Human_Breast_Wu_06052021_Visium_1142243F_AATCAGACTGCAGGAC-1",0.00909467254215194,0.215990194993244,0.0230726422584024,0.229313188192144,0.0213915452333743,0.0492467706513013,0.205401604666562,0.00607741195610091,0.24041196950672,"Human_Breast_Wu_06052021_Visium_1142243F"
"Human_Breast_Wu_06052021_Visium_1142243F_AGTATCCATAATAACG-1",0.0127767858004676,0.0991063294301023,0.0114524558129412,0.280499254877914,0.0480307027796151,0.0260104539784504,0.0610879046143756,0.257863379423191,0.203172733282942,"Human_Breast_Wu_06052021_Visium_1142243F"
"Human_Breast_Wu_06052021_Visium_1142243F_CTGGCTGCTAACGTAA-1",0.0124652409594244,0.0445415679108279,0.0141597248925751,0.355963672702719,0.0435697325758948,0.129283672895353,0.0785749250003253,0.209167708037558,0.112273755025322,"Human_Breast_Wu_06052021_Visium_1142243F"
"Human_Breast_Wu_06052021_Visium_1142243F_GTTCCAAGACAGCGAC-1",0.00834668323258735,0.0422440592862145,0.0162960386348823,0.27374502729021,0.0431287166898935,0.0146255570699463,0.0678191650946053,0.404417860559677,0.129376892141983,"Human_Breast_Wu_06052021_Visium_1142243F"
"Human_Breast_Wu_06052021_Visium_1142243F_AAGACTAACCCGTTGT-1",0.104119274240757,0.0492435683099174,0.0893318974033248,0.293914514617518,0.0603646191526242,0.0193561401839092,0.11675653372697,0.0499581284026901,0.216955323962289,"Human_Breast_Wu_06052021_Visium_1142243F"
"Human_Breast_Wu_06052021_Visium_1142243F_GATTAATCCTGGCTCA-1",0.0641138839894608,0.109928276920657,0.0539352574285606,0.225322244857898,0.0594465405981226,0.0101597404367684,0.172653548041371,0.0506810231587772,0.253759484568385,"Human_Breast_Wu_06052021_Visium_1142243F"
"Human_Breast_Wu_06052021_Visium_1142243F_CGCGCAAGGAACTACA-1",0.0334401204019123,0.0915679016129448,0.0317892517970323,0.417025953602646,0.0301012463871991,0.0173895056598671,0.109623024389133,0.037742423162266,0.231320572987,"Human_Breast_Wu_06052021_Visium_1142243F"
"Human_Breast_Wu_06052021_Visium_1142243F_CAGTAGCGAGGTAGTA-1",0.0180174176962048,0.0441303173664951,0.027838518921347,0.352007862067113,0.0492093637307753,0.00578051861288859,0.164225044903431,0.102431171873073,0.236359784828672,"Human_Breast_Wu_06052021_Visium_1142243F"
"Human_Breast_Wu_06052021_Visium_1142243F_ACGGCGGGTTGCCCTG-1",0.0274099686128869,0.0400794051710039,0.0311598532695553,0.251444863878838,0.0691107167064105,0.00889720327533424,0.129274953459267,0.0648596121337571,0.377763423492947,"Human_Breast_Wu_06052021_Visium_1142243F"
"Human_Breast_Wu_06052021_Visium_1142243F_CTAGGCGGCAGAGAAT-1",0.0119437393853403,0.0625273080584666,0.0152004160636313,0.10303555341231,0.0356453564655447,0.0308582520150524,0.274843967689976,0.0316539733866986,0.434291433522981,"Human_Breast_Wu_06052021_Visium_1142243F"
"Human_Breast_Wu_06052021_Visium_1142243F_GTGCGCAGCTTGCTCC-1",0.0101103280822371,0.0109185349837484,0.00996850695623479,0.291692091649235,0.105611822241768,0.00623721880103038,0.210051923021383,0.027626984642383,0.32778258962198,"Human_Breast_Wu_06052021_Visium_1142243F"
"Human_Breast_Wu_06052021_Visium_1142243F_TCACTATCGTGCAATC-1",0.00204150225750107,0.0441763028996066,0.00625162168506815,0.0381927141645527,0.0261042518492327,0.0199514909789971,0.445418281378988,0.0121709437574314,0.405692891028622,"Human_Breast_Wu_06052021_Visium_1142243F"
"Human_Breast_Wu_06052021_Visium_1142243F_TATGATTCTGCTTGGT-1",0.00955002439547984,0.0157607763129547,0.0190602658992294,0.225582608752315,0.101133183386387,0.0107704345965021,0.264260915666053,0.0357980748320701,0.318083716159009,"Human_Breast_Wu_06052021_Visium_1142243F"
"Human_Breast_Wu_06052021_Visium_1142243F_TAAGATTTAGCGGGAG-1",0.0123392185467811,0.044347987633996,0.0181070344315636,0.0216172690074295,0.0307356989929207,0.0449951603309825,0.400811182832286,0.109396530425891,0.317649917798149,"Human_Breast_Wu_06052021_Visium_1142243F"
"Human_Breast_Wu_06052021_Visium_1142243F_TTACGGTGTCACCGAG-1",0.0177538350701308,0.0267312862898271,0.0347006752859134,0.0959858881884072,0.0843181948313989,0.0222783115341855,0.225004877294968,0.0580640105804648,0.435162920924704,"Human_Breast_Wu_06052021_Visium_1142243F"
"Human_Breast_Wu_06052021_Visium_1142243F_CTACACTAGCTTGTTC-1",0.0156092016361555,0.0487149836898987,0.0370968453376483,0.285185936181906,0.0504776443649101,0.0210705734266472,0.293601430297607,0.0143936049177913,0.233849780147435,"Human_Breast_Wu_06052021_Visium_1142243F"
"Human_Breast_Wu_06052021_Visium_1142243F_TGAGCAGTCGTGAAGT-1",0.00726189834947305,0.0135459118825131,0.0170530394140517,0.112590043443433,0.0847117472629896,0.0228235065574991,0.301594641063435,0.0838130185271887,0.356606193499417,"Human_Breast_Wu_06052021_Visium_1142243F"
"Human_Breast_Wu_06052021_Visium_1142243F_CGCTGAGGACGTCCAA-1",0.0132933656671734,0.0238007112067577,0.0216575475148228,0.438920112917281,0.0551255266031621,0.0175232805523878,0.211352224375446,0.0069096606530205,0.211417570509949,"Human_Breast_Wu_06052021_Visium_1142243F"
"Human_Breast_Wu_06052021_Visium_1142243F_GTGTATGACTTTAAAG-1",0.00778510567800174,0.0290788237090374,0.00823790373414312,0.0634825051470914,0.0291695307293194,0.0130905398877827,0.435555619107556,0.0529239962860433,0.360675975721025,"Human_Breast_Wu_06052021_Visium_1142243F"
"Human_Breast_Wu_06052021_Visium_1142243F_CTAAACGGGTGTAATC-1",0.00548181218002357,0.0204362756761598,0.00532063484870781,0.570195281063479,0.0494411092344696,0.00795408745847156,0.164092130478474,0.00659695387867889,0.170481715181536,"Human_Breast_Wu_06052021_Visium_1142243F"
"Human_Breast_Wu_06052021_Visium_1142243F_TGTACTGTGCCAAAGT-1",0.0111531110978311,0.0245343161686403,0.0122946137553373,0.119721216031491,0.0461411330447685,0.0201382638780497,0.322043963751905,0.0337686446733358,0.41020473759864,"Human_Breast_Wu_06052021_Visium_1142243F"
"Human_Breast_Wu_06052021_Visium_1142243F_GGCCACAAGCGATGGC-1",0.0148360871651541,0.0197777439094654,0.0150277582884023,0.194311054529571,0.0389388862564819,0.0129553365772172,0.271947931322647,0.0793238448891899,0.352881357061871,"Human_Breast_Wu_06052021_Visium_1142243F"
"Human_Breast_Wu_06052021_Visium_1142243F_GTCAATTGTACTGAAG-1",0.00940837234045375,0.0100720701774717,0.0168234679833218,0.238860293662103,0.125494671017432,0.00577049695076142,0.229037649630953,0.0119937368205448,0.352539241416959,"Human_Breast_Wu_06052021_Visium_1142243F"
"Human_Breast_Wu_06052021_Visium_1142243F_AGGGACAGCACGGCGG-1",0.0110075861415448,0.00464831795382695,0.0107455953808814,0.578582951557999,0.0722729385473482,0.00245983805101827,0.132673905694021,0.00546044258934789,0.182148424084013,"Human_Breast_Wu_06052021_Visium_1142243F"
"Human_Breast_Wu_06052021_Visium_1142243F_AGCTTATAGAGACCTG-1",0.00919231818107555,0.0623332657615384,0.0309206496844918,0.6521949724992,0.0323432700390811,0.00204319732641106,0.0712689342574007,0.0190261903195546,0.120677201931247,"Human_Breast_Wu_06052021_Visium_1142243F"
"Human_Breast_Wu_06052021_Visium_1142243F_AACTAGCGTATCGCAC-1",0.0167129131587647,0.0178437123628662,0.0244690032798809,0.601643618013085,0.040621522303222,0.00103905466207825,0.11189708543432,0.00560552224944592,0.180167568536337,"Human_Breast_Wu_06052021_Visium_1142243F"
"Human_Breast_Wu_06052021_Visium_1142243F_AACTTTAGCTGCTGAG-1",0.00188578111678349,0.0893834139102251,0.00611992395099373,0.592873279970156,0.0154248024030705,0.00478015986632634,0.0608173006220217,0.117342833390413,0.11137250477001,"Human_Breast_Wu_06052021_Visium_1142243F"
"Human_Breast_Wu_06052021_Visium_1142243F_CCCAAGACAGAGTATG-1",0.00334177465379657,0.028915089886804,0.0181956847284003,0.474605767767378,0.0303728116770983,0.00301964149759379,0.119866401970536,0.143632844768028,0.178049983050365,"Human_Breast_Wu_06052021_Visium_1142243F"
"Human_Breast_Wu_06052021_Visium_1142243F_GGCATCAACGAGCACG-1",0.00678608406993323,0.109970664905607,0.0078008344926182,0.480966458130769,0.039509347897663,0.00618821961713263,0.0886938881633313,0.141631763873893,0.118452738849052,"Human_Breast_Wu_06052021_Visium_1142243F"
"Human_Breast_Wu_06052021_Visium_1142243F_ATGCATTCCGTGATGG-1",0.0124722658912776,0.112231953724698,0.0207810629083428,0.42859470006468,0.0178087779718719,0.00261334437868228,0.031155615882557,0.297266507661518,0.077075771516373,"Human_Breast_Wu_06052021_Visium_1142243F"
"Human_Breast_Wu_06052021_Visium_1142243F_TTATAGATGCACATTA-1",0.00222669803183308,0.0793583781779363,0.00334032057636003,0.423119607317619,0.0121765584728793,0.00665619456219146,0.0314981438667717,0.353939163055512,0.0876849359388978,"Human_Breast_Wu_06052021_Visium_1142243F"
"Human_Breast_Wu_06052021_Visium_1142243F_GAACCATCTGGGAGAC-1",0.0200531016312699,0.06919770211442,0.0375185427290712,0.638323218193409,0.0144314170799384,0.0129818186574764,0.06386642818678,0.0160647000975045,0.12756307131013,"Human_Breast_Wu_06052021_Visium_1142243F"
"Human_Breast_Wu_06052021_Visium_1142243F_TGCTATACAAACGGAC-1",0.00236824184166695,0.0167791364139715,0.00693865417639774,0.760855849598423,0.0173888705828223,0.000457367556402181,0.0663522234487769,0.00651422503375806,0.122345431347781,"Human_Breast_Wu_06052021_Visium_1142243F"
"Human_Breast_Wu_06052021_Visium_1142243F_ACTTGCCATATTGTAC-1",0.025268873895836,0.0510560862680408,0.0302645273900745,0.718364102422582,0.0198093663377639,0.0019196234429196,0.0896198215442782,0.000352231407784893,0.0633453672907199,"Human_Breast_Wu_06052021_Visium_1142243F"
"Human_Breast_Wu_06052021_Visium_1142243F_TATTCCGGCAGTCCTA-1",0.0102273335902997,0.054978718182445,0.0333614798502668,0.610504952293678,0.0502174940399516,0.00353300587612333,0.0798065252720559,0.00158587540326261,0.155784615491917,"Human_Breast_Wu_06052021_Visium_1142243F"
"Human_Breast_Wu_06052021_Visium_1142243F_GACGGACCGCGTTCCT-1",0.0136098846794244,0.0788425212125455,0.030261340262422,0.617888006193112,0.0308786263492967,0.0101652410053026,0.103294310871933,0.00107868595472027,0.113981383471244,"Human_Breast_Wu_06052021_Visium_1142243F"
"Human_Breast_Wu_06052021_Visium_1142243F_ATGTGTAGTTTAGTCA-1",0.00923333072159032,0.108331640289074,0.017550727491446,0.651701249430124,0.023359465690716,0.00488337493397179,0.0700180113029074,0.00609933020633224,0.108822869933839,"Human_Breast_Wu_06052021_Visium_1142243F"
"Human_Breast_Wu_06052021_Visium_1142243F_ATACCAGCAAATTGCT-1",0.00943393896098415,0.157154879414755,0.0232135422313105,0.585218217273555,0.0085955300940627,0.0113968658676756,0.0539042499557699,0.0349165948284793,0.116166181373408,"Human_Breast_Wu_06052021_Visium_1142243F"
"Human_Breast_Wu_06052021_Visium_1142243F_AAGTTTACTAATGGCA-1",0.00364257456034442,0.107695375701904,0.00763802713750929,0.513083770557293,0.016850777631443,0.00242605629490349,0.123832132837453,0.0976856896614968,0.127145595617653,"Human_Breast_Wu_06052021_Visium_1142243F"
"Human_Breast_Wu_06052021_Visium_1142243F_CTCTCGATGTGCGCCT-1",0.00598489275427912,0.0130676466757404,0.0140709341560129,0.683202233944948,0.0459959478662747,0.00483653982573538,0.0690789284824815,0.00410491720169928,0.159657959092829,"Human_Breast_Wu_06052021_Visium_1142243F"
"Human_Breast_Wu_06052021_Visium_1142243F_GATTGACACTCTGCTC-1",0.00154831282675379,0.0130731722163108,0.0032193757215098,0.820968283621684,0.00766261742233904,0.000543162900292985,0.085276052528388,7.70301364726416e-05,0.067631992626249,"Human_Breast_Wu_06052021_Visium_1142243F"
"Human_Breast_Wu_06052021_Visium_1142243F_TATCACAGCACGGGCA-1",0.0108620225453514,0.0260287391364752,0.0225989557356414,0.581805028772711,0.065201382453585,0.00408168107407547,0.133108265944766,0.00191113726784803,0.154402787069547,"Human_Breast_Wu_06052021_Visium_1142243F"
"Human_Breast_Wu_06052021_Visium_1142243F_ACCGTTCCCGCTCTGA-1",0.00388258251430968,0.0468482686945266,0.0118855858008661,0.566211228353719,0.0317987032924413,0.0176987946436665,0.0942140281299767,0.0991757071757481,0.128285101394746,"Human_Breast_Wu_06052021_Visium_1142243F"
"Human_Breast_Wu_06052021_Visium_1142243F_CCGCCACCACAATCCA-1",0.029547734935827,0.123228949320922,0.0409775313339348,0.503889173743671,0.0133500163961852,0.0129077309374068,0.0775389744419405,0.0786444894940609,0.119915399396051,"Human_Breast_Wu_06052021_Visium_1142243F"
"Human_Breast_Wu_06052021_Visium_1142243F_CATTCACTGACAGCTA-1",0.00972447990540074,0.0145659363148807,0.018652693119906,0.55115223915535,0.025346535176203,0.00319873958984087,0.149072123688249,0.0437904644234143,0.184496788626756,"Human_Breast_Wu_06052021_Visium_1142243F"
"Human_Breast_Wu_06052021_Visium_1142243F_CGGCTGCAAGATTAAG-1",0.00844090827289335,0.0444257272657758,0.0225356159315475,0.446651522101711,0.0584685871984303,0.0137393692208762,0.193556710300119,0.0535417412586675,0.158639818449979,"Human_Breast_Wu_06052021_Visium_1142243F"
"Human_Breast_Wu_06052021_Visium_1142243F_CATGAACCTCTTATCA-1",0.007741567493505,0.0120613656693794,0.0135743124992683,0.464688703471186,0.0746063488561079,0.00367171924095416,0.215896517213224,0.00458078645626738,0.203178679100107,"Human_Breast_Wu_06052021_Visium_1142243F"
"Human_Breast_Wu_06052021_Visium_1142243F_TTAATGCGAGGTAACT-1",0.00778692743519996,0.0236185689268743,0.0250508152082263,0.170989651562064,0.126889578814322,0.00614801613189411,0.416868316805843,0.00696969311771155,0.215678431997865,"Human_Breast_Wu_06052021_Visium_1142243F"
"Human_Breast_Wu_06052021_Visium_1142243F_AATAAGTCCTCGAGAC-1",0.00730471376690577,0.027397609541118,0.0095907796926533,0.0119347790370731,0.00878175816910938,0.0170927235100936,0.488706133234218,0.0824459633335911,0.346745539715238,"Human_Breast_Wu_06052021_Visium_1142243F"
"Human_Breast_Wu_06052021_Visium_1142243F_ACCAGCCCGGTCTTTG-1",0.00431311058149896,0.0280968476349021,0.00948334538852731,0.191197299703531,0.0733238150273608,0.00255958363043466,0.462895011830991,0.0239392380175303,0.204191748185225,"Human_Breast_Wu_06052021_Visium_1142243F"
"Human_Breast_Wu_06052021_Visium_1142243F_CTACGAACTAGGTCGA-1",0.00450941902153621,0.0357768620109071,0.00557976954088318,0.420127430085468,0.0390806297626342,0.0370765941048053,0.312107532812777,0.0126302231072295,0.133111539553759,"Human_Breast_Wu_06052021_Visium_1142243F"
"Human_Breast_Wu_06052021_Visium_1142243F_ACATCTCAACGCGTAA-1",0.00938428238483808,0.0231672763174732,0.0100013927048021,0.19739050645673,0.0448525987306131,0.0119251171180801,0.526492351866189,0.0234262661038588,0.153360208317416,"Human_Breast_Wu_06052021_Visium_1142243F"
"Human_Breast_Wu_06052021_Visium_1142243F_CACTACTCAGTTCTGT-1",0.00532638125604745,0.0332728205980947,0.0128098895429385,0.502964074129999,0.0808708970207369,0.0194261692442124,0.12410421316332,0.102879774676145,0.118345780368506,"Human_Breast_Wu_06052021_Visium_1142243F"
