"","Endothelial","CAFs","PVL","B-cells","T-cells","Myeloid","Normal Epithelial","Plasmablasts","Cancer Epithelial","sid"
"GSE210616_GSM6433609_AAACCTCATGAAGTTG-1",0.0337690725708868,0.170701149070822,0.0108662861623143,0.118087538177536,0.229734557706129,0.276650562696243,0.0569024043608951,0.0219735965094532,0.0813148327457207,"GSE210616_GSM6433609"
"GSE210616_GSM6433609_AAACGAGACGGTTGAT-1",0.0544575126446728,0.0656915283934331,0.0115907692400397,0.0858212771662845,0.155761788479504,0.275898490732855,0.0924221405369662,0.047963317127133,0.210393175679112,"GSE210616_GSM6433609"
"GSE210616_GSM6433609_AAACTGCTGGCTCCAA-1",0.00347744625266469,0.16773506062973,0.00618379871297777,0.0113446695755112,0.0115658953447723,0.276368411030551,0.00700813675991444,0.508603189023984,0.00771339266989439,"GSE210616_GSM6433609"
"GSE210616_GSM6433609_AAAGACTGGGCGCTTT-1",0.067883747960202,0.114705374546972,0.0262421774751287,0.0316394069601849,0.100353093307128,0.334414728269886,0.0611861766194839,0.0150913970343618,0.248483897826653,"GSE210616_GSM6433609"
"GSE210616_GSM6433609_AAAGGGATGTAGCAAG-1",0.033549941061389,0.159356050971644,0.0108798464877614,0.0287350548390179,0.120139813339197,0.401479707029739,0.104505031333927,0.0242699914520021,0.117084563485322,"GSE210616_GSM6433609"
"GSE210616_GSM6433609_AAAGGGCAGCTTGAAT-1",0.0350135477397065,0.0661376565611515,0.010669194596668,0.123449375259822,0.13796530541675,0.258373505764311,0.125961968895122,0.0680967634897756,0.174332682276693,"GSE210616_GSM6433609"
"GSE210616_GSM6433609_AAAGTCGACCCTCAGT-1",0.0181809760409559,0.149931040400552,0.0130720235614548,0.0434830704478146,0.100313783654454,0.425453446077162,0.0680108754052923,0.0871069488420092,0.0944478355703057,"GSE210616_GSM6433609"
"GSE210616_GSM6433609_AAAGTTGACTCCCGTA-1",0.0595965858641107,0.115844164986944,0.0229597118448152,0.10373184032236,0.199163408722689,0.233676518681911,0.0920803158213745,0.0488372540748679,0.124110199680929,"GSE210616_GSM6433609"
"GSE210616_GSM6433609_AAATAAGGTAGTGCCC-1",0.00667614289534847,0.1801960040061,0.00587513796960772,0.0024582320376272,0.0105209860126342,0.687159195463925,0.0811818596965443,0.00941665146375564,0.0165157904544578,"GSE210616_GSM6433609"
"GSE210616_GSM6433609_AAATACCTATAAGCAT-1",0.0346619459356965,0.0604693915249205,0.00850087070709974,0.0776044264468514,0.203584095070363,0.275096793701123,0.110803920319821,0.0667191140349781,0.162559442259146,"GSE210616_GSM6433609"
"GSE210616_GSM6433609_AAATAGCTTAGACTTT-1",0.0341579025140581,0.139124674111286,0.0241976519004301,0.0642264627862287,0.119489613555098,0.418785573859577,0.0812349869935337,0.0454357864085807,0.0733473478712074,"GSE210616_GSM6433609"
"GSE210616_GSM6433609_AAATCGTGTACCACAA-1",0.0101525150713556,0.39907068937231,0.0229024696847356,0.00515166809732093,0.00786023969702596,0.448010624327783,0.014753873700823,0.0852209646309192,0.0068769554177273,"GSE210616_GSM6433609"
"GSE210616_GSM6433609_AAATGCTCGTTACGTT-1",0.00684545064265923,0.246881387921071,0.00951206651149769,0.0282824669009825,0.0175041346550752,0.328498670172715,0.0226758155773424,0.316278467206545,0.0235215404121122,"GSE210616_GSM6433609"
"GSE210616_GSM6433609_AAATGGTCAATGTGCC-1",0.0363656417079989,0.0469092640485916,0.0129013439163808,0.104352518978047,0.215038629012041,0.222150802644373,0.105687072498866,0.0344408040425692,0.222153923151132,"GSE210616_GSM6433609"
"GSE210616_GSM6433609_AAATTAACGGGTAGCT-1",0.0512456911322895,0.0566250632656042,0.0108604717752308,0.150516073008504,0.249269336321175,0.147605745309663,0.117036303801266,0.0253824800180236,0.191458835368243,"GSE210616_GSM6433609"
"GSE210616_GSM6433609_AAATTACCTATCGATG-1",0.0258317089996582,0.090444802477266,0.00890106318277193,0.0124713546237403,0.024520902754855,0.633940875650502,0.135809861099322,0.0165521429502355,0.0515272882616486,"GSE210616_GSM6433609"
"GSE210616_GSM6433609_AACAACTGGTAGTTGC-1",0.0339190226776975,0.0762535900999762,0.0185028765498254,0.0366962595642139,0.152278763632656,0.358614913917632,0.0739619599939781,0.0473709757802053,0.202401637783815,"GSE210616_GSM6433609"
"GSE210616_GSM6433609_AACAATTACTCTACGC-1",0.0359673782902456,0.0714621888670072,0.017989053149819,0.0417800966300043,0.0615894788969107,0.444699048667486,0.140309863185691,0.0330259766488143,0.153176915664022,"GSE210616_GSM6433609"
"GSE210616_GSM6433609_AACAGGAAATCGAATA-1",0.023818746029669,0.179008850743088,0.0172223476031334,0.00520370023803684,0.0457877935035048,0.567260514386497,0.033302683233587,0.0741306931341087,0.0542646711283749,"GSE210616_GSM6433609"
"GSE210616_GSM6433609_AACAGGATGGGCCGCG-1",0.041189676533861,0.09348824669178,0.0192352048492022,0.10100944248878,0.119548636143549,0.279320103648273,0.11020415669749,0.0533451339501937,0.182659398996872,"GSE210616_GSM6433609"
"GSE210616_GSM6433609_AACATATCAACTGGTG-1",0.048830701623638,0.143958942163655,0.0290490379619959,0.0223462341886845,0.0790284157911482,0.510214576816155,0.0656410760787558,0.0162714083725058,0.0846596070034621,"GSE210616_GSM6433609"
"GSE210616_GSM6433609_AACCAAGACTTCTCTG-1",0.0292909277380729,0.124461651601267,0.0268470728147806,0.0169468218566075,0.157903753287925,0.341623803338,0.104164116427862,0.0547186273016966,0.144043225633789,"GSE210616_GSM6433609"
"GSE210616_GSM6433609_AACCATGGGATCGCTA-1",0.00215822918055078,0.276366984095227,0.00576498794322378,0.000854709998479937,0.00052169758491977,0.706646227714515,0.00337621318524494,0.00281026370966569,0.00150068658817365,"GSE210616_GSM6433609"
"GSE210616_GSM6433609_AACCCAGAGACGGAGA-1",0.0370584080000824,0.25856166071478,0.0313819514996792,0.012206186309427,0.00575515975812725,0.502301488900668,0.0230037125310767,0.0974840376303053,0.0322473946558535,"GSE210616_GSM6433609"
"GSE210616_GSM6433609_AACCCTACTGTCAATA-1",0.0151408183132201,0.0899842768080999,0.0122368789216666,0.00475232177205541,0.00784201887274423,0.727106682104451,0.0750787358895675,0.0119511689687851,0.0559070983494102,"GSE210616_GSM6433609"
"GSE210616_GSM6433609_AACCGAGCTTGGTCAT-1",0.0320414103784913,0.103436602689532,0.00845944339371816,0.0179486868071085,0.102566913378784,0.385857287737808,0.144747304239378,0.0422607426185953,0.162681608756585,"GSE210616_GSM6433609"
"GSE210616_GSM6433609_AACGATATGTCAACTG-1",0.0396370152215441,0.127857506786271,0.0179766970525177,0.0249667194211085,0.0763152747684907,0.499426519797573,0.0892673393057526,0.0459250967146676,0.0786278309320751,"GSE210616_GSM6433609"
"GSE210616_GSM6433609_AACGCGGTCTCCAGCC-1",0.0328855786599392,0.0772707454938975,0.0245385091599967,0.0693057874401457,0.0871884696514136,0.439833521339672,0.0963068141943244,0.0330452652129783,0.139625308847633,"GSE210616_GSM6433609"
"GSE210616_GSM6433609_AACGGCCATCTCCGGT-1",0.0494568474895023,0.0713157653447306,0.0127350433014516,0.0722001386707953,0.16532352865391,0.293147980590456,0.129364935240319,0.0592809168786307,0.147174843830204,"GSE210616_GSM6433609"
"GSE210616_GSM6433609_AACGTACTGTGGGTAC-1",0.034718210483769,0.0961980289384465,0.0190288395924571,0.0348407293489607,0.0296510108649868,0.477415335913422,0.135614803368015,0.0556565076178689,0.116876533872074,"GSE210616_GSM6433609"
"GSE210616_GSM6433609_AACGTCAGACTAGTGG-1",0.0362424304128271,0.0563380917345682,0.0121122120370632,0.0721853378065552,0.252077958498127,0.177818977114179,0.102740044477656,0.0451819020381023,0.245303045880922,"GSE210616_GSM6433609"
"GSE210616_GSM6433609_AACGTGCGAAAGTCTC-1",0.065517200117228,0.137395008325914,0.0844050952362963,0.0328771649876235,0.0708946402779933,0.420079400872944,0.0803818507240035,0.0508190755479922,0.0576305639100053,"GSE210616_GSM6433609"
"GSE210616_GSM6433609_AACGTTATCAGCACCT-1",0.086673544465941,0.0991373592280002,0.0220571009639329,0.0230024690042319,0.0428007443828054,0.425480919036962,0.0862010847142931,0.0206846968261582,0.193962081377675,"GSE210616_GSM6433609"
"GSE210616_GSM6433609_AACTCAAGTTAATTGC-1",0.0484564552189168,0.124243383484232,0.0451290906403384,0.0591021400172457,0.133522933855146,0.277527666359853,0.0870193290899436,0.105251707416745,0.119747293917579,"GSE210616_GSM6433609"
"GSE210616_GSM6433609_AACTCGATGGCGCAGT-1",0.0405402784848507,0.239986550364973,0.0588023103105827,0.0377860726565869,0.0345957643000438,0.365095854375272,0.0104766901816371,0.19479207679637,0.017924402529684,"GSE210616_GSM6433609"
"GSE210616_GSM6433609_AACTCTCAATAGAGCG-1",0.0626452067633446,0.111988502361423,0.0259980004920253,0.0260020433367138,0.145583426874149,0.265847957416602,0.0984486838824497,0.0713678095913492,0.192118369281943,"GSE210616_GSM6433609"
"GSE210616_GSM6433609_AACTGATATTAGGCCT-1",0.00994715668647668,0.18302184286552,0.010872263363969,0.0660402503212436,0.187342954427824,0.396245508135545,0.0425648174406571,0.0580866728003251,0.0458785339584392,"GSE210616_GSM6433609"
"GSE210616_GSM6433609_AACTGGGTCCCGACGT-1",0.00625252850964327,0.115644141216865,0.00575755621598904,0.00398649222633009,0.00185329722968299,0.836310261384946,0.0175607023347539,0.00552734166334424,0.0071076792184456,"GSE210616_GSM6433609"
"GSE210616_GSM6433609_AACTTGCCCGTATGCA-1",0.0563318206965647,0.0807263589994935,0.0179878154267697,0.0357370476947276,0.112883868892661,0.325508275036708,0.0581124851852213,0.0339984266928836,0.27871390137497,"GSE210616_GSM6433609"
"GSE210616_GSM6433609_AACTTGCGTTCTCGCG-1",0.0463509530743627,0.10674900551647,0.0161500272088695,0.0845329348143018,0.163398978575343,0.248884519000434,0.1153320555552,0.0548590506596442,0.163742475595375,"GSE210616_GSM6433609"
"GSE210616_GSM6433609_AAGAAGGATCAGTTAG-1",0.00203000000969589,0.0900012509086139,0.00395961803331462,0.000750499188584522,0.000101264906490939,0.893058069979769,0.0066759979900287,0.000407448140996613,0.00301585084250616,"GSE210616_GSM6433609"
"GSE210616_GSM6433609_AAGACTGCAAGCTACT-1",0.0416194141075485,0.119295963473093,0.0159144884440698,0.0544700760400399,0.0693977679117008,0.429661194716784,0.11562190945025,0.0168079345298073,0.137211251326708,"GSE210616_GSM6433609"
"GSE210616_GSM6433609_AAGAGATGAATCGGTA-1",0.0472110960739003,0.0848090682152422,0.0145399167229478,0.0725516399278676,0.139209067909015,0.226746307271113,0.163016651835253,0.0577820697446216,0.194134182300039,"GSE210616_GSM6433609"
"GSE210616_GSM6433609_AAGAGCTCTTTATCGG-1",0.0288257776800216,0.167337239672236,0.0269813999252526,0.00553446749585068,0.0194781142698424,0.55753071944444,0.087591752722548,0.0112272235605986,0.0954933052292101,"GSE210616_GSM6433609"
"GSE210616_GSM6433609_AAGAGGATGTACGCGA-1",0.00145354111271721,0.323192292832087,0.00036474228712648,0.00918207427421833,0.00645041233909719,0.406302583230069,0.00481147719346082,0.245034154097927,0.00320872263329641,"GSE210616_GSM6433609"
"GSE210616_GSM6433609_AAGAGGCATGGATCGC-1",0.0406039503505106,0.083519536789583,0.0233147144834759,0.0403682100457659,0.109321143973756,0.421184363344507,0.151310140142228,0.0165419056880026,0.113836035182171,"GSE210616_GSM6433609"
"GSE210616_GSM6433609_AAGATTGGCGGAACGT-1",0.00356908527680639,0.259577198065383,0.00905170634405683,0.0425881575514975,0.325031465122188,0.320148226170331,0.0195880897310462,0.012737686513411,0.00770838522527984,"GSE210616_GSM6433609"
"GSE210616_GSM6433609_AAGCTCGTGCCAAGTC-1",0.0415959841416428,0.134588093903159,0.0348886671385031,0.147030153312064,0.197356915634824,0.285698795111233,0.0697861055658858,0.0200436803873093,0.0690116048053783,"GSE210616_GSM6433609"
"GSE210616_GSM6433609_AAGGAGCGGTTGGTGC-1",0.0445966701192007,0.113273565351216,0.0107628162409406,0.119545227569589,0.145389578663961,0.26341191482225,0.09924157117596,0.0610377488690824,0.142740907187801,"GSE210616_GSM6433609"
"GSE210616_GSM6433609_AAGGATGAGGGACCTC-1",0.0355357596731708,0.122529674424687,0.0109078960561701,0.0286517878037685,0.104832555584855,0.359508800474463,0.179396646471191,0.0576965879347231,0.100940291576972,"GSE210616_GSM6433609"
"GSE210616_GSM6433609_AAGGCGCGTAAAGCTT-1",0.0396286773087461,0.0452928120138461,0.0167733252191363,0.1664260616815,0.287462415835369,0.0968732874652453,0.0745960423121245,0.0550789314794198,0.217868446684613,"GSE210616_GSM6433609"
"GSE210616_GSM6433609_AAGGCTGTGCTCATCG-1",0.049976820003017,0.102251962884818,0.0235939954055842,0.0888253938133898,0.174156845982525,0.302722517767033,0.0819486723727281,0.0337989776576091,0.142724814113295,"GSE210616_GSM6433609"
"GSE210616_GSM6433609_AAGGGACAGATTCTGT-1",0.0468103064520991,0.121236229839027,0.0223806715327843,0.021859858217304,0.0737587290383821,0.447443519741544,0.0980808689816277,0.045076504193437,0.123353312003795,"GSE210616_GSM6433609"
"GSE210616_GSM6433609_AAGGTATCCTAATATA-1",0.0291095042336293,0.072626293863227,0.0118442079526304,0.0314502884228933,0.143879817620323,0.374156483420084,0.100491681265415,0.121917745300761,0.114523977921037,"GSE210616_GSM6433609"
"GSE210616_GSM6433609_AAGGTGATAAACCAGC-1",0.0470659405922809,0.0756360082859769,0.0127500667714616,0.117330476781467,0.172240545552784,0.280677612452289,0.0911878530587425,0.057449318944165,0.145662177560833,"GSE210616_GSM6433609"
"GSE210616_GSM6433609_AAGTAGAAGACCGGGT-1",0.0318655151650699,0.0967815175755984,0.0412906853212822,0.0129983407028557,0.0829787051473677,0.540070644291732,0.0867201335890104,0.0100032897050069,0.0972911685020768,"GSE210616_GSM6433609"
"GSE210616_GSM6433609_AAGTAGTGACGCGAGG-1",0.048982413524257,0.0705433590577463,0.0119092952971368,0.0534930272007497,0.169920299547502,0.250830841081388,0.149498142129758,0.0191896020454741,0.225633020115988,"GSE210616_GSM6433609"
"GSE210616_GSM6433609_AAGTGCAAAGGTAGAC-1",0.0324397498520286,0.0932224887888495,0.0151521145584752,0.154396566283826,0.157065889418722,0.258711800870076,0.120401503340859,0.0173728340753915,0.151237052811771,"GSE210616_GSM6433609"
"GSE210616_GSM6433609_AAGTTCGGCCAACAGG-1",0.0347284715929859,0.0682367961034119,0.0206959450634222,0.00999469725837667,0.166031295679717,0.369669082081696,0.0893951055927564,0.00477808089140911,0.236470525736225,"GSE210616_GSM6433609"
"GSE210616_GSM6433609_AATACAATGTTTCAGG-1",0.0267114930648558,0.0757412958714647,0.011684559999359,0.0490898710925519,0.116633157506721,0.323930902068727,0.163854552505362,0.0354295724447452,0.196924595446213,"GSE210616_GSM6433609"
"GSE210616_GSM6433609_AATATCGAGGGTTCTC-1",0.0266265864844595,0.0985192937467932,0.0273433680849095,0.0205685114653698,0.107039726403217,0.550708407192374,0.0528040018120192,0.0271585764755269,0.0892315283353308,"GSE210616_GSM6433609"
"GSE210616_GSM6433609_AATATTGGAGTATTGA-1",0.060150191653176,0.0567078902801302,0.0168110595224735,0.0545684351097027,0.134603545868888,0.312104047189647,0.125523051925861,0.0665247650689745,0.173007013381148,"GSE210616_GSM6433609"
"GSE210616_GSM6433609_AATCGCCTCAGCGCCA-1",0.0381892206989121,0.110043891905348,0.0213439127852379,0.0219854264055383,0.0479072633746145,0.524039486850978,0.0990864493598217,0.0691619906115655,0.0682423580079833,"GSE210616_GSM6433609"
"GSE210616_GSM6433609_AATCTATGCCGGAGCC-1",0.0636271927384462,0.104004712806509,0.0257685066995546,0.0272150390873284,0.0800076825093829,0.489267178920065,0.0665699943676151,0.0200083275456449,0.123531365325454,"GSE210616_GSM6433609"
"GSE210616_GSM6433609_AATCTGCGTTGGGACG-1",0.0495829713461449,0.139263107611528,0.0256952601994796,0.0349803926325056,0.193814675185414,0.352065344314268,0.0816052236379202,0.00564364200768097,0.117349383065059,"GSE210616_GSM6433609"
"GSE210616_GSM6433609_AATGACGTAGGATGTC-1",0.0503830208323126,0.25337249501711,0.0381265327868088,0.0214675223810747,0.0117311147919701,0.528360859377563,0.00984380402066749,0.0756465669434266,0.0110680838490658,"GSE210616_GSM6433609"
"GSE210616_GSM6433609_AATGACTGTCAGCCGG-1",0.0338396697299747,0.0672772553682527,0.0191983895605881,0.111806213860268,0.158068433412775,0.250147269202332,0.150343616181427,0.0480814074465594,0.161237745237823,"GSE210616_GSM6433609"
"GSE210616_GSM6433609_AATGAGTTCGCATATG-1",0.0401179311325226,0.0758079030751851,0.0171260806215454,0.142734428042527,0.20056335674216,0.217767347665398,0.131868753987957,0.0140395080664623,0.159974690666243,"GSE210616_GSM6433609"
"GSE210616_GSM6433609_AATGATGATACGCTAT-1",0.0464995055686165,0.0962109897117065,0.0229472800056123,0.0172213651302102,0.0318136401561235,0.62227554932639,0.0755993714298886,0.0037545965032755,0.0836777021681773,"GSE210616_GSM6433609"
"GSE210616_GSM6433609_AATGATGCGACTCCTG-1",0.024704566929704,0.203308393963444,0.0317203280192293,0.0180199855448426,0.074110504211996,0.52889517540563,0.0432546488975959,0.00185334685268475,0.0741330501748735,"GSE210616_GSM6433609"
"GSE210616_GSM6433609_AATGCAACCGGGTACC-1",0.0505084060633865,0.105901487192535,0.0185657161950583,0.02984761791838,0.198045355962088,0.295859950669286,0.0908431845254926,0.0743784830554148,0.136049798418358,"GSE210616_GSM6433609"
"GSE210616_GSM6433609_AATGGTCCACCGTTCA-1",0.0201073589203989,0.264225469429158,0.0172386870485728,0.00489434770808163,0.00607272843199432,0.61203581659873,0.0138395704100772,0.0458286996965222,0.0157573217564642,"GSE210616_GSM6433609"
"GSE210616_GSM6433609_AATGGTTCTCACAAGC-1",0.038270025257193,0.101309892123848,0.021520712252635,0.0373004801968872,0.067624584111768,0.472603050245913,0.08836872753753,0.0369656786607571,0.136036849613469,"GSE210616_GSM6433609"
"GSE210616_GSM6433609_AATTAAAGGTCGGCGT-1",0.0718556933247127,0.107191287575039,0.0180971048491232,0.0690918747618905,0.0759268822543855,0.353888023460943,0.0954755682530354,0.0599157603837053,0.148557805137165,"GSE210616_GSM6433609"
"GSE210616_GSM6433609_AATTCATAAGGGATCT-1",0.0648056604997175,0.117589459263003,0.0237669536057808,0.0233749428806799,0.104293834474438,0.38782446505342,0.148153034119625,0.0050468908476473,0.125144759255688,"GSE210616_GSM6433609"
"GSE210616_GSM6433609_AATTGAACGCTCTGGT-1",0.0462221429828307,0.0582015709814859,0.0231340468467385,0.0806474991948576,0.187098893455709,0.239632592061699,0.142455155739607,0.0508927669790052,0.171715331758067,"GSE210616_GSM6433609"
"GSE210616_GSM6433609_ACAAATGGTAGTGTTT-1",0.0452397599670921,0.0818948281548825,0.0182541330764574,0.0566143236640923,0.179771758992025,0.325938596597481,0.12057438141918,0.00852867594746483,0.163183542181324,"GSE210616_GSM6433609"
"GSE210616_GSM6433609_ACAACAGCATGAGCTA-1",0.0658162701808407,0.0582654489560184,0.0196350400414627,0.0890423048998636,0.231036520656311,0.170175587353114,0.111775758028346,0.0538567415902936,0.200396328293749,"GSE210616_GSM6433609"
"GSE210616_GSM6433609_ACAACGGTCCCTGCGA-1",0.0474101158727864,0.0732041152353656,0.0174758223018137,0.139172101458817,0.171644438364003,0.237601236732893,0.103433831633682,0.0250604563397715,0.184997882060867,"GSE210616_GSM6433609"
"GSE210616_GSM6433609_ACAAGCAGTGCCTAGC-1",0.0764865839621575,0.0675009006305843,0.020465309571992,0.0607879443925424,0.173906943265437,0.227364111774568,0.10465451139191,0.0418470852157356,0.226986609795073,"GSE210616_GSM6433609"
"GSE210616_GSM6433609_ACAAGGACAAGAGGTT-1",0.0448979206071323,0.119232291146602,0.0376990289940879,0.0981822204897771,0.178573578386837,0.333578714313075,0.082746994946624,0.0229548396270625,0.0821344114888031,"GSE210616_GSM6433609"
"GSE210616_GSM6433609_ACAAGGGCAGGCTCTG-1",0.044264051888653,0.155363341043662,0.0356594486319718,0.0714458371819291,0.225294072906751,0.247585572005257,0.0663083622339515,0.0291356441225366,0.124943669985288,"GSE210616_GSM6433609"
"GSE210616_GSM6433609_ACAATCCATTTAAACC-1",0.0442098427251345,0.0831695927918272,0.02189159386184,0.0200038971416972,0.0965964188271108,0.43041758430646,0.129393677736552,0.0460080219104596,0.128309370698918,"GSE210616_GSM6433609"
"GSE210616_GSM6433609_ACAATTTAGGAGGCTC-1",0.0269071890193639,0.081070009184637,0.0169280692559839,0.110473176626612,0.0975073461306068,0.295996400989587,0.164294714564493,0.0364982132438287,0.170324880984888,"GSE210616_GSM6433609"
"GSE210616_GSM6433609_ACAATTTGAGCAGTGG-1",0.00689096472827491,0.248238418216399,0.00131391806663864,0.00708020855815357,0.00471404056021795,0.446320450045885,0.0132752277898899,0.258264226629683,0.0139025454048588,"GSE210616_GSM6433609"
"GSE210616_GSM6433609_ACACAAAGACGGGTGG-1",0.0112026722417002,0.317690574896608,0.0133951389765313,0.0246850807156631,0.0242208735536637,0.336597694404416,0.0290515698291898,0.207540375443588,0.0356160199386402,"GSE210616_GSM6433609"
"GSE210616_GSM6433609_ACACCCAGCATGCAGC-1",0.0566953099437244,0.0601705123578731,0.0114544319151948,0.116809983508067,0.173135892032436,0.205073734687484,0.120751515782301,0.0759582759582655,0.179950343814654,"GSE210616_GSM6433609"
"GSE210616_GSM6433609_ACACCCGAGAAATCCG-1",0.0374993148569307,0.0851571721226253,0.0332990996418252,0.0391537976008182,0.0630476172285468,0.394264651129377,0.0939250253202121,0.0771383721300407,0.176514949969624,"GSE210616_GSM6433609"
"GSE210616_GSM6433609_ACACCTTAAGTAGGGC-1",0.0332963640055379,0.0791872497461753,0.0211674078728878,0.0870034349787735,0.110986942426448,0.221313521212483,0.104845207344398,0.0698362512793762,0.27236362113392,"GSE210616_GSM6433609"
"GSE210616_GSM6433609_ACACGAGACTCCTTCT-1",0.0165548937756597,0.181589977954793,0.0113982376317969,0.0415114206563916,0.05647594379884,0.518642315250588,0.0772027943634929,0.0217074147575942,0.0749170018108433,"GSE210616_GSM6433609"
"GSE210616_GSM6433609_ACACGGGAACTTAGGG-1",0.0662029443165258,0.105921963156387,0.0392258590689449,0.0255868903277461,0.147163738986169,0.420491019220923,0.0577752462512138,0.050913413400197,0.0867189252718945,"GSE210616_GSM6433609"
"GSE210616_GSM6433609_ACACTCCAATGTCACT-1",0.0517524734988651,0.0758587675399952,0.0223894065761946,0.0926492745215615,0.132220044654376,0.296980825986572,0.189164512101914,0.0217345425664781,0.117250152554043,"GSE210616_GSM6433609"
"GSE210616_GSM6433609_ACAGGTGGAGGTGAGG-1",0.0484487538942736,0.0598923505092615,0.0127924067551892,0.0438495586799834,0.224374037301239,0.248138542318016,0.0845322266243362,0.031639653088373,0.246332470829328,"GSE210616_GSM6433609"
"GSE210616_GSM6433609_ACATAATAAGGCGGTG-1",0.0322922824055466,0.0698341209226021,0.0161529720890368,0.0295349402143749,0.0519529196327011,0.530415322967029,0.100727567983585,0.00586270925576343,0.163227164529361,"GSE210616_GSM6433609"
"GSE210616_GSM6433609_ACATCGATCGTTTACC-1",0.0265224370894081,0.0720125917780892,0.020350598121185,0.0434886272770926,0.128612735344766,0.470640961032619,0.0816448120105882,0.0305830793836674,0.126144157962585,"GSE210616_GSM6433609"
"GSE210616_GSM6433609_ACATCGTATGCAATGG-1",0.0435748405584822,0.0623694169482063,0.0208030374792157,0.0791083894647458,0.31527843378443,0.14932701186959,0.101461486058008,0.0423314909294842,0.185745892907838,"GSE210616_GSM6433609"
"GSE210616_GSM6433609_ACCAAGAACGCGTGTC-1",0.0656388828499749,0.167541551587034,0.0717306769340508,0.0513613815458179,0.0756995332072302,0.318632532378449,0.0503569053112919,0.086968061613538,0.112070474572614,"GSE210616_GSM6433609"
"GSE210616_GSM6433609_ACCACAAGTTTCTATC-1",0.0428311608093067,0.0993002982301929,0.0115488715672191,0.0578683010968612,0.11975568227348,0.439933385649039,0.106293109760979,0.00617332375738459,0.116295866855538,"GSE210616_GSM6433609"
"GSE210616_GSM6433609_ACCACGTGCAGCTATA-1",0.0419891069144164,0.0736985145182688,0.0111273102813441,0.114350069895552,0.130735289652287,0.319354907655089,0.131300444960426,0.0579702038531919,0.119474152269425,"GSE210616_GSM6433609"
"GSE210616_GSM6433609_ACCATATCCGCAATAA-1",0.0569004394236929,0.110473555385711,0.0184896825793322,0.0320879020185545,0.154729111594931,0.279239311136362,0.115514722025686,0.0608921962012553,0.171673079634475,"GSE210616_GSM6433609"
"GSE210616_GSM6433609_ACCATCGTATATGGTA-1",0.0318143645023808,0.0848027658190221,0.0207359666120528,0.0464484998796802,0.0983510322296843,0.364748363482113,0.09621665252452,0.114964097534446,0.1419182574161,"GSE210616_GSM6433609"
"GSE210616_GSM6433609_ACCCAACGCCCGTGGC-1",0.0523251624030965,0.113959089589002,0.0152849157012072,0.173876555210083,0.14715041026518,0.235981936105564,0.103339493010518,0.0202275881441411,0.137854849571209,"GSE210616_GSM6433609"
"GSE210616_GSM6433609_ACCCACCTACATGCTC-1",0.0509542585121821,0.0991702083768597,0.0200445381035093,0.024837803383759,0.11817174833389,0.295070753736091,0.196592454176624,0.00975719191670876,0.185401043460375,"GSE210616_GSM6433609"
"GSE210616_GSM6433609_ACCCATCTTGAGGGTA-1",0.0177242958722976,0.0722293638150417,0.0240381266788846,0.0661413026919314,0.129836740513648,0.436886457365868,0.077651147871517,0.0719460169309549,0.103546548259857,"GSE210616_GSM6433609"
"GSE210616_GSM6433609_ACCCGGATGACGCATC-1",0.0647505625791615,0.10469580907042,0.0314572319954504,0.0910833453174795,0.203526723295053,0.246638205730183,0.122457467512968,0.0120178106489124,0.123372843850372,"GSE210616_GSM6433609"
"GSE210616_GSM6433609_ACCCGGTTACACTTCC-1",0.0281997948771337,0.0741432319776956,0.0211843505139491,0.0139542999910291,0.0659242755386883,0.499444080260652,0.0935737339625664,0.0689904846556851,0.134585748222601,"GSE210616_GSM6433609"
"GSE210616_GSM6433609_ACCCTATAGGACTGAG-1",0.0202741022704355,0.11041505208758,0.0130157957596989,0.02800735455039,0.0498453386898422,0.316770468935887,0.0547695504198629,0.333688828141327,0.0732135091449762,"GSE210616_GSM6433609"
"GSE210616_GSM6433609_ACCCTCCCTTGCTATT-1",0.0135097287909732,0.0968196347982292,0.0184054786069008,0.0178022969804322,0.0186039874946554,0.74503540884671,0.0513529513253864,0.00529064936308813,0.0331798637936254,"GSE210616_GSM6433609"
"GSE210616_GSM6433609_ACCGACTGAGTCCCAC-1",0.0400151715992367,0.0688254816605226,0.0211274454539358,0.0864528084493909,0.200048432081289,0.266210703427577,0.137595040432097,0.0125298881444636,0.167195028751487,"GSE210616_GSM6433609"
"GSE210616_GSM6433609_ACCGATGGTAGCATCG-1",0.0543485286220786,0.110023758267893,0.0290001041603881,0.0623565371981633,0.188217247055042,0.307684307046264,0.0828160049368503,0.065048120131967,0.100505392581354,"GSE210616_GSM6433609"
"GSE210616_GSM6433609_ACCTAATCGACTTCCT-1",0.0625356455656403,0.0715846457725978,0.0199898658474562,0.0511078594698233,0.175831241651758,0.303819558946431,0.104699178447125,0.00211936797315573,0.208312636326013,"GSE210616_GSM6433609"
"GSE210616_GSM6433609_ACGAAATGGGCGGCAC-1",0.0200205256806643,0.0846593537672238,0.00647669957803808,0.0293394905706423,0.278282665086351,0.21864813572196,0.0569944773289675,0.251415552473555,0.0541630997925978,"GSE210616_GSM6433609"
"GSE210616_GSM6433609_ACGAGTACGGATGCCC-1",0.0278729497908407,0.0679876301055944,0.0131777300562943,0.101215480419422,0.163733182419709,0.365010343877226,0.103479832412066,0.0166092370341677,0.140913613884679,"GSE210616_GSM6433609"
"GSE210616_GSM6433609_ACGATACATAGAACTA-1",0.0239190434756178,0.216750218600545,0.0118189329385981,0.0101186222524648,0.00805479913339839,0.589777845585901,0.0477493284583484,0.0311935083699892,0.060617701185137,"GSE210616_GSM6433609"
"GSE210616_GSM6433609_ACGATCATACATAGAG-1",0.0490120783352327,0.118227078305468,0.017150334801427,0.00888502267219125,0.0338679623398499,0.460087773789016,0.13771650505879,0.061642152821568,0.113411091876457,"GSE210616_GSM6433609"
"GSE210616_GSM6433609_ACGATCATCTTGTAAA-1",0.010746340838064,0.268283853979958,0.0128877326402673,0.0205044475483696,0.0694869476944371,0.55226972961792,0.0198369988602354,0.0286181714020662,0.0173657774186826,"GSE210616_GSM6433609"
"GSE210616_GSM6433609_ACGATGCATATGTTAT-1",0.0338022440108189,0.0770637259772853,0.0144265267013133,0.0467695083211841,0.138337115876459,0.334699961346451,0.109721879340358,0.0451303109625008,0.200048727463629,"GSE210616_GSM6433609"
"GSE210616_GSM6433609_ACGCAATCACTACAGC-1",0.00878858053801829,0.104512636523857,0.0110917785125847,0.00334611372000703,0.00659919457976612,0.813953291474049,0.0156189941509756,0.00241591622026123,0.0336734942804821,"GSE210616_GSM6433609"
"GSE210616_GSM6433609_ACGCATTCGTGAGTAC-1",0.0454293061353641,0.0761711519955327,0.0211016740618038,0.0500383355054401,0.208437941220452,0.276494345213304,0.108406075098895,0.00924670816039572,0.204674462608812,"GSE210616_GSM6433609"
"GSE210616_GSM6433609_ACGCCGCTAGACGACC-1",0.0195923792370938,0.107102318500027,0.0208199960218685,0.0553069088186462,0.0848419625598447,0.410164870070515,0.100463733176651,0.085103572147273,0.11660425946808,"GSE210616_GSM6433609"
"GSE210616_GSM6433609_ACGCGAAGTCAGACGA-1",0.0396319792920154,0.0590056738099247,0.0126653901535507,0.0675808512430986,0.376741858075123,0.161705642701431,0.0914817054260565,0.0547671287844637,0.136419770514336,"GSE210616_GSM6433609"
"GSE210616_GSM6433609_ACGCGCTACACAGGGT-1",0.0110910274902341,0.279770024003818,0.0068929710214247,0.0117712088009429,0.00456673127573831,0.278146925021266,0.00266444833183767,0.402783137663985,0.00231352639075332,"GSE210616_GSM6433609"
"GSE210616_GSM6433609_ACGCGGGCCAAGGACA-1",0.0437995027912615,0.0724334548144689,0.0226898458452635,0.0883883792471423,0.277207832202116,0.170542377380724,0.103626548697079,0.0290149968888653,0.19229706213308,"GSE210616_GSM6433609"
"GSE210616_GSM6433609_ACGCTAGTGATACACT-1",0.0519457800246306,0.280659944001043,0.0744349672424573,0.0100220652520362,0.0131192215911589,0.487803915804024,0.0272284570325308,0.0228284783474177,0.0319571707047009,"GSE210616_GSM6433609"
"GSE210616_GSM6433609_ACGGAATTTAGCAAAT-1",0.0417491283018004,0.144344921759901,0.0322263798411134,0.0539063992864417,0.127463177391131,0.300884568412835,0.091098845530376,0.0751904278822898,0.133136151594111,"GSE210616_GSM6433609"
"GSE210616_GSM6433609_ACGTAGATTGCTGATG-1",0.0458570285932635,0.12010030851005,0.0204197650933114,0.0592341860097627,0.270592114384439,0.264503852001182,0.0847427362058385,0.016299128154711,0.118250881047442,"GSE210616_GSM6433609"
"GSE210616_GSM6433609_ACGTGCGCCTCGTGCA-1",0.0631185761291644,0.109201017893176,0.0736160350117431,0.0652679294015099,0.204076622578288,0.183636461889793,0.0682213498759952,0.0773681041115838,0.155493903108747,"GSE210616_GSM6433609"
"GSE210616_GSM6433609_ACGTTAATGTCGAAGA-1",0.0577958841199775,0.0779983630934416,0.0214384028787668,0.108548755073588,0.196100004818094,0.229811100525116,0.121063921411426,0.0449146900788633,0.142328878000726,"GSE210616_GSM6433609"
"GSE210616_GSM6433609_ACGTTATTGGTCACTC-1",0.0364020804732196,0.10489611562571,0.0291952455433917,0.169465677721262,0.0885277592499423,0.289108695699717,0.1199042788723,0.0560889430280289,0.106411203786428,"GSE210616_GSM6433609"
"GSE210616_GSM6433609_ACTACCAGCTCTCTGG-1",0.0340895967954044,0.0597624572187224,0.01545467555987,0.134445859612642,0.202317106002915,0.148569969483449,0.0676329507212416,0.0649660986819932,0.272761285923762,"GSE210616_GSM6433609"
"GSE210616_GSM6433609_ACTCAATAAAGGCACG-1",0.0741042817893415,0.121352516061669,0.0271614263911845,0.0309746456240535,0.0504738419970211,0.49276339259623,0.0708398352162402,0.0276381157417681,0.104691944582492,"GSE210616_GSM6433609"
"GSE210616_GSM6433609_ACTCCCGAATTCGTTT-1",0.00341914875224291,0.300911821452169,0.00305009986206147,0.0179629272645984,0.00392607473595,0.490268530566196,0.00343561700271801,0.172142385827335,0.00488339453672848,"GSE210616_GSM6433609"
"GSE210616_GSM6433609_ACTCCCTAGAATAGTA-1",0.0376210366440405,0.0544392228265727,0.00693463035682631,0.145329655081661,0.272663841146984,0.170464437140222,0.083696295671516,0.0625982842987181,0.16625259683346,"GSE210616_GSM6433609"
"GSE210616_GSM6433609_ACTCGATGTATTTCAT-1",0.0395409180342637,0.0677868223713905,0.0185037537817771,0.0469631604233172,0.124401842381907,0.333180466289956,0.118402076738573,0.0411753722879205,0.210045587690894,"GSE210616_GSM6433609"
"GSE210616_GSM6433609_ACTCGTCAGTAATCCC-1",0.0422724930940807,0.112534430887796,0.00970825332973897,0.0223017344039812,0.0827562143755764,0.404886663594288,0.160504009848351,0.0522837448830414,0.112752455583146,"GSE210616_GSM6433609"
"GSE210616_GSM6433609_ACTCTCTGACTTAGGT-1",0.0385330813935669,0.0978103518498898,0.0330515437002941,0.04607221865942,0.0902001055580936,0.381649459285918,0.121763243941041,0.0557065951121987,0.135213400499577,"GSE210616_GSM6433609"
"GSE210616_GSM6433609_ACTCTTGTATAGTAAC-1",0.0594660052584291,0.143708674273673,0.0455780357469794,0.0620469456719429,0.122268607975129,0.360610867892779,0.0679109498947455,0.0706134440557807,0.0677964692305413,"GSE210616_GSM6433609"
"GSE210616_GSM6433609_ACTGAATGGCGAAAGT-1",0.0394472593576415,0.0681880154997264,0.0133685318453498,0.00952381453352653,0.05310906288645,0.499106291522886,0.159566383295981,0.0486547418596147,0.109035899198825,"GSE210616_GSM6433609"
"GSE210616_GSM6433609_ACTGCCGTCGTAACTC-1",0.061878746876962,0.127369571814375,0.01697084161542,0.0226293351108944,0.111468702306577,0.436113164831537,0.057153454894098,0.0368590135478277,0.129557169002309,"GSE210616_GSM6433609"
"GSE210616_GSM6433609_ACTGTACGATACACAT-1",0.0518705740041045,0.0954722128016172,0.0241753399378149,0.0374195129189852,0.0858304694054235,0.416970006860302,0.142269144149286,0.0296883076619949,0.116304432260471,"GSE210616_GSM6433609"
"GSE210616_GSM6433609_ACTGTAGCACTTTGGA-1",0.0417409655201266,0.0856175767462383,0.0187287727494573,0.0868062320435702,0.255979093887355,0.189073854379235,0.0794442882690222,0.0365090348970878,0.206100181507908,"GSE210616_GSM6433609"
"GSE210616_GSM6433609_ACTGTCCAGGATTATA-1",0.0501912191709348,0.0973645097903466,0.016927354377408,0.0442673499928475,0.170130579148425,0.319568874131561,0.10895601459261,0.0478148015739638,0.144779297221903,"GSE210616_GSM6433609"
"GSE210616_GSM6433609_ACTGTCTTCTTTAGAA-1",0.0616875630768715,0.0611477210238046,0.0174214716162544,0.0465565775271969,0.165245909848011,0.333365560030698,0.12043078561397,0.0240862032312756,0.170058208031918,"GSE210616_GSM6433609"
"GSE210616_GSM6433609_ACTGTGCTAGTAGATC-1",0.00392462376120105,0.172326685365074,0.00447941966076656,0.000817471633696383,0.000627114582016153,0.8034619898173,0.00834054232542301,0.000731509664014031,0.00529064319050904,"GSE210616_GSM6433609"
"GSE210616_GSM6433609_ACTTAGTACGACAAGA-1",0.00243183634974575,0.357337419288938,0.00197030081244522,0.00127221055831539,0.00039694817033033,0.618821815264149,0.00201750682960367,0.0119715727516553,0.00378038997481784,"GSE210616_GSM6433609"
"GSE210616_GSM6433609_ACTTATACTTACCCGG-1",0.0203806765899996,0.162873397623048,0.0249461163432843,0.0199684719894984,0.0425439599680921,0.529483921642141,0.0548932987243847,0.0977782328198863,0.0471319242996658,"GSE210616_GSM6433609"
"GSE210616_GSM6433609_ACTTATTAGGATCGGT-1",0.019531318252263,0.255236588017784,0.00947297354961262,0.0428120489567815,0.0749079807649892,0.27494051372253,0.0334059258355607,0.227034010514729,0.0626586403857499,"GSE210616_GSM6433609"
"GSE210616_GSM6433609_ACTTCGCCATACGCAC-1",0.0375548156025039,0.10550581137218,0.0145217708909801,0.0542682501273606,0.217466003707671,0.340943597457355,0.0882255147678548,0.0140041737897587,0.127510062284336,"GSE210616_GSM6433609"
"GSE210616_GSM6433609_ACTTGACTCCCTCTTT-1",0.0449341991057585,0.0717831868971024,0.0156450691127946,0.0677900232664429,0.0949757089662255,0.412670660043411,0.103013473068264,0.0606281934961809,0.12855948604382,"GSE210616_GSM6433609"
"GSE210616_GSM6433609_ACTTGGGACCCGGTGG-1",0.0344476095362287,0.0621508378437279,0.0130594598496299,0.0755118764672463,0.350531369407491,0.165077223762981,0.0832141912587669,0.0265700371137707,0.189437394760158,"GSE210616_GSM6433609"
"GSE210616_GSM6433609_ACTTTACCCTCATGAA-1",0.00228713508271751,0.418628102985043,0.00214090447074688,0.0230101818609041,0.0163848306341888,0.464229484205153,0.00563083212470702,0.0618958532972505,0.00579267533928937,"GSE210616_GSM6433609"
"GSE210616_GSM6433609_ACTTTCCTATAGCTTC-1",0.0542297272777434,0.0897609088372657,0.0333625528716699,0.0855255940606149,0.237090718656536,0.29970636471734,0.0798666847463647,0.00473968152086812,0.115717767311597,"GSE210616_GSM6433609"
"GSE210616_GSM6433609_AGAACGTGGTACATTC-1",0.0333391096193,0.141321326879858,0.0165311350578495,0.0544585263035856,0.0615908616682283,0.34885299040832,0.0796799406578298,0.166806744692174,0.097419364712855,"GSE210616_GSM6433609"
"GSE210616_GSM6433609_AGAAGAGCGCCGTTCC-1",0.0894917120719804,0.127352392074148,0.0116999944952137,0.436013226647991,0.152860892648868,0.155587043922698,0.0249150713213783,6.31521573051551e-05,0.00201651466041642,"GSE210616_GSM6433609"
"GSE210616_GSM6433609_AGAAGGTTGCCGAATT-1",0.0312988914167192,0.111441556193993,0.0243045561114926,0.0410769662368676,0.100117225313934,0.416544612417348,0.0999230893236043,0.0467441049004077,0.128548998085633,"GSE210616_GSM6433609"
"GSE210616_GSM6433609_AGAATTATGGATTCGA-1",0.00178719084396378,0.424076861074028,0.00713300819496606,0.0236012875004875,0.0276586076223344,0.447296113240586,0.00630554323779471,0.061006965227196,0.00113442305864387,"GSE210616_GSM6433609"
"GSE210616_GSM6433609_AGAATTGTTTGACATA-1",0.00719814887239757,0.156378864454633,0.0030399957961111,0.0279029044702903,0.0161992109137748,0.400237315949399,0.0129218313308564,0.35671183639695,0.019409891815587,"GSE210616_GSM6433609"
"GSE210616_GSM6433609_AGACAGCTCAGAATCC-1",0.0166097940836995,0.277710307353619,0.0134884640409118,0.00793081502472919,0.00924389562017327,0.44145407746718,0.0358239552124242,0.168822817649423,0.0289158735478397,"GSE210616_GSM6433609"
"GSE210616_GSM6433609_AGACCATGGGATACAA-1",0.0487518235786959,0.0769695115218278,0.0239884293945344,0.032405519275223,0.11229731707249,0.32510018803208,0.108918543549122,0.0547970964318412,0.216771571144185,"GSE210616_GSM6433609"
"GSE210616_GSM6433609_AGACCCGCCCTCCTCG-1",0.00809767527543317,0.143646224734693,0.0251500423972804,0.000408733884841832,0.000678389742032767,0.699394755543494,0.0181343226644402,0.0629365690931959,0.0415532866645886,"GSE210616_GSM6433609"
"GSE210616_GSM6433609_AGACTAGCCTTCCAGA-1",0.0492616320848481,0.102254329426494,0.0203510358181974,0.0326875804659973,0.0516300652079473,0.380492352799211,0.0612842442362593,0.11130902149635,0.190729738464695,"GSE210616_GSM6433609"
"GSE210616_GSM6433609_AGAGAACCGTCTAGGA-1",0.0606196212721357,0.137210077208588,0.0192069577857207,0.0363355806171834,0.21576336462459,0.314988970144945,0.0423081975748452,0.083220319043157,0.0903469117288346,"GSE210616_GSM6433609"
"GSE210616_GSM6433609_AGAGCAGTTATGAGAC-1",0.0500837003471995,0.074169408820724,0.0211756645214445,0.0551624623782773,0.0862687397346408,0.396885879812955,0.117266531175244,0.0132977917108255,0.18568982149869,"GSE210616_GSM6433609"
"GSE210616_GSM6433609_AGAGCGGGCTAATCAT-1",0.0308572262619356,0.180034801420593,0.00795195454836955,0.0507592565401033,0.0990527261954878,0.440242470705796,0.0811679240969356,0.0188803110450562,0.0910533291857227,"GSE210616_GSM6433609"
"GSE210616_GSM6433609_AGAGCGTACAAGCTCG-1",0.0363594468977364,0.0818559656874246,0.0150848413365008,0.0516474768588117,0.0687626021640515,0.526899687331708,0.0801411149304704,0.0124401041987774,0.126808760594519,"GSE210616_GSM6433609"
"GSE210616_GSM6433609_AGATAACTTCAGGGCC-1",0.0378625014683446,0.060900726208162,0.0159414957125158,0.110460243849557,0.189803054862392,0.260444688499648,0.102806305213554,0.0693691913464467,0.15241179283938,"GSE210616_GSM6433609"
"GSE210616_GSM6433609_AGATACGACTTCATAT-1",0.00874390190755294,0.232588347049582,0.00803218257353611,0.00178809707329196,0.00309742844385467,0.713835899731612,0.00867594218724674,0.0137486548711704,0.0094895461621531,"GSE210616_GSM6433609"
"GSE210616_GSM6433609_AGATACTCAAGATCGA-1",0.0565657506486363,0.102445348536598,0.0229820201684891,0.0310418625624963,0.0958329442380922,0.373224674652424,0.129212293401868,0.0376395674311427,0.151055538360253,"GSE210616_GSM6433609"
"GSE210616_GSM6433609_AGATCGTGCATAAGAT-1",0.036838752748999,0.0753359996066206,0.0145786158799157,0.0711823595998706,0.188555566684295,0.405895331284401,0.11293948865804,0.0244995917224182,0.0701742938154402,"GSE210616_GSM6433609"
"GSE210616_GSM6433609_AGATCTCAGGTGTGAT-1",0.0365408003425777,0.0702196127970102,0.0170273176290444,0.0788657936872613,0.145696620683781,0.375999900486054,0.120372012066546,0.0251657168259847,0.130112225481741,"GSE210616_GSM6433609"
"GSE210616_GSM6433609_AGATGACTCGCCCACG-1",0.0325159881331735,0.064168775890395,0.0164005063708555,0.0387763529148859,0.10905960452632,0.38924814491567,0.108614471282686,0.0706482055397265,0.170567950426287,"GSE210616_GSM6433609"
