"","Endothelial","CAFs","PVL","B-cells","T-cells","Myeloid","Normal Epithelial","Plasmablasts","Cancer Epithelial","sid"
"Human_Breast_Andersson_10142021_ST_E1_10x10",0.0199714793622854,0.0218440037353064,0.00448614381144092,0.000849623573584317,0.0036095256588706,0.0592965265570147,0.0177769986523752,0.816387190828432,0.0557785078206908,"Human_Breast_Andersson_10142021_ST_E1"
"Human_Breast_Andersson_10142021_ST_E1_10x11",0.024340214019178,0.047137729349273,0.00343496211146964,0.00222039285633206,0.00484477130996191,0.0676554774234053,0.00936025378935795,0.784956912415429,0.056049286725593,"Human_Breast_Andersson_10142021_ST_E1"
"Human_Breast_Andersson_10142021_ST_E1_10x12",0.00999171842417975,0.0261276078933343,0.00671329920141053,0.000861941869735335,0.00159460684380072,0.0336775101792571,0.0040064604763248,0.880397552279377,0.0366293028325809,"Human_Breast_Andersson_10142021_ST_E1"
"Human_Breast_Andersson_10142021_ST_E1_10x13",0.0180050058036871,0.0368129941067392,0.00434354319424283,0.0102157389059583,0.0364953276641679,0.0734695805242061,0.00816625352764474,0.764618419338386,0.0478731369349675,"Human_Breast_Andersson_10142021_ST_E1"
"Human_Breast_Andersson_10142021_ST_E1_10x14",0.00449410381513949,0.0203932079990342,0.00564484507828814,0.000200585144353844,0.00035937148112541,0.0904691391156593,0.000987160641041274,0.872376419578489,0.00507516714686934,"Human_Breast_Andersson_10142021_ST_E1"
"Human_Breast_Andersson_10142021_ST_E1_10x15",0.0651083282173695,0.0221661608765875,0.00593937541193035,0.000765146422531501,0.0012965748969525,0.0358110060160651,0.0174702760931719,0.777410428734508,0.0740327033308831,"Human_Breast_Andersson_10142021_ST_E1"
"Human_Breast_Andersson_10142021_ST_E1_10x16",0.00497186312588652,0.0170861931069539,0.00320369968868155,0.000759975053822026,0.00411410256218662,0.0661312842310449,0.0598758680897446,0.666741322511579,0.177115691630101,"Human_Breast_Andersson_10142021_ST_E1"
"Human_Breast_Andersson_10142021_ST_E1_10x17",0.000866103380563164,0.00671003659642388,0.000391833400870769,2.92371468300678e-05,0.000107219768999074,0.015949768703554,0.0251483552830537,0.746858231347668,0.203939214372037,"Human_Breast_Andersson_10142021_ST_E1"
"Human_Breast_Andersson_10142021_ST_E1_10x18",0.00250067510931499,0.0138784342561151,0.00188549353122506,1.83792663706562e-05,6.1078970985449e-05,0.0119687150577483,0.0160766717865257,0.926893899242474,0.0267166527792406,"Human_Breast_Andersson_10142021_ST_E1"
"Human_Breast_Andersson_10142021_ST_E1_10x19",0.018709945950146,0.033869678850712,0.00938640309697436,0.0011744933874236,0.00508677442751323,0.0186940720603719,0.00294201147890558,0.858611414678303,0.05152520606965,"Human_Breast_Andersson_10142021_ST_E1"
"Human_Breast_Andersson_10142021_ST_E1_10x20",0.00240093529567746,0.0048444116138287,0.000343878476226594,9.41740530928209e-06,6.41708718539792e-05,0.00325269148280354,0.00111247627526793,0.983619195901165,0.00435282267786718,"Human_Breast_Andersson_10142021_ST_E1"
"Human_Breast_Andersson_10142021_ST_E1_10x21",0.0138292215445709,0.0260759012153646,0.00266731160726624,0.000182284410586202,0.000328213855492168,0.0152708606114763,0.0239075668287204,0.879141930264432,0.0385967096620907,"Human_Breast_Andersson_10142021_ST_E1"
"Human_Breast_Andersson_10142021_ST_E1_10x22",0.0560198353481604,0.07099513552362,0.0221610676146538,0.0501726153914986,0.0296794514604148,0.137893663404432,0.0249788195811307,0.56503769187561,0.0430617198004802,"Human_Breast_Andersson_10142021_ST_E1"
"Human_Breast_Andersson_10142021_ST_E1_10x23",0.080509229940844,0.0177734079490334,0.0196771249288304,0.000842956230532963,0.00189129435099884,0.102542824769216,0.0167954588892288,0.643451828171781,0.116515874769534,"Human_Breast_Andersson_10142021_ST_E1"
"Human_Breast_Andersson_10142021_ST_E1_10x24",0.0244915212115772,0.0236195287335791,0.00247273728674001,0.000204488724354206,0.00102269892079705,0.0182366763650414,0.018607450315261,0.828131433644165,0.0832134647984853,"Human_Breast_Andersson_10142021_ST_E1"
"Human_Breast_Andersson_10142021_ST_E1_10x25",0.0869081648112085,0.0261879113353217,0.00891869822925207,0.00224503512169651,0.0103490753023818,0.0915114893077726,0.0211146918140251,0.681655792010763,0.071109142067578,"Human_Breast_Andersson_10142021_ST_E1"
"Human_Breast_Andersson_10142021_ST_E1_10x26",0.00499406307222002,0.0196066494762863,0.0166604487742367,0.000158185316657325,0.00018926946003896,0.0369894924693521,0.00334014588064406,0.808606928591647,0.109454816958918,"Human_Breast_Andersson_10142021_ST_E1"
"Human_Breast_Andersson_10142021_ST_E1_10x27",0.0512561092835917,0.0102411122168473,0.00118512108113815,0.00035547694843646,0.00685915019573967,0.0561483753498865,0.0166522818230293,0.729199065807959,0.128103307293372,"Human_Breast_Andersson_10142021_ST_E1"
"Human_Breast_Andersson_10142021_ST_E1_10x3",0.0138660275336827,0.0130089060050057,0.00345155376973361,0.000586474981961239,0.00136476838485175,0.039397495065604,0.0135042579412772,0.676831029679876,0.237989486638008,"Human_Breast_Andersson_10142021_ST_E1"
"Human_Breast_Andersson_10142021_ST_E1_10x4",0.0226355804495629,0.0228214428896419,0.00643866086424387,0.00117264797632582,0.00274118703101734,0.0713546569195843,0.00440808303832389,0.782764419206607,0.0856633216246926,"Human_Breast_Andersson_10142021_ST_E1"
"Human_Breast_Andersson_10142021_ST_E1_10x5",0.0183432493356125,0.0325215452712529,0.00372398893136371,0.00106018392477058,0.00563122125195252,0.0502959866958022,0.0170548935692648,0.806952972745683,0.0644159582742983,"Human_Breast_Andersson_10142021_ST_E1"
"Human_Breast_Andersson_10142021_ST_E1_10x6",0.00846696058986334,0.0303741875051964,0.00779193427803822,0.000390598629221466,0.00216110302707778,0.057455028434083,0.0174953717469095,0.761337091350189,0.114527724439421,"Human_Breast_Andersson_10142021_ST_E1"
"Human_Breast_Andersson_10142021_ST_E1_10x7",0.0310173173667865,0.0424210496264098,0.00694184106359085,0.00216733542174886,0.00908952601469109,0.100074267433646,0.0267368819468733,0.733472295056247,0.0480794860700059,"Human_Breast_Andersson_10142021_ST_E1"
"Human_Breast_Andersson_10142021_ST_E1_10x8",0.028101782021484,0.0334110077876835,0.00840205273911367,0.00217667369105562,0.00156301265394721,0.0829141724040371,0.00506365158828401,0.783731618430751,0.0546360286836438,"Human_Breast_Andersson_10142021_ST_E1"
"Human_Breast_Andersson_10142021_ST_E1_10x9",0.0201064635907749,0.0449873779952896,0.0197611173144724,0.000619250515459645,0.00312178473753401,0.0993816488029786,0.00311612835066794,0.774403867555627,0.0345023611371955,"Human_Breast_Andersson_10142021_ST_E1"
"Human_Breast_Andersson_10142021_ST_E1_11x10",0.0427712484809996,0.0355786862674194,0.00898163233585819,0.00228267471746775,0.00513721863852974,0.0739565411632577,0.032479955383826,0.652957070992642,0.145854972019999,"Human_Breast_Andersson_10142021_ST_E1"
"Human_Breast_Andersson_10142021_ST_E1_11x12",0.0230746749478763,0.0142983241442927,0.00708611681145516,0.00672713231793734,0.0100386821388125,0.064291608260736,0.0123960722856687,0.806896004188179,0.0551913849050423,"Human_Breast_Andersson_10142021_ST_E1"
"Human_Breast_Andersson_10142021_ST_E1_11x13",0.00257383182537636,0.0257433897003751,0.00252475308100772,0.00283892704644983,0.00449257660255397,0.0414449951508386,0.016320287035817,0.839434225759449,0.0646270137981321,"Human_Breast_Andersson_10142021_ST_E1"
"Human_Breast_Andersson_10142021_ST_E1_11x14",0.00753684781145016,0.0258863461523504,0.000861841628157785,0.000168149917408691,0.000766613234215556,0.00732032684888808,0.00307256353926835,0.942229876949921,0.0121574339183399,"Human_Breast_Andersson_10142021_ST_E1"
"Human_Breast_Andersson_10142021_ST_E1_11x15",0.0212661405062489,0.0400577407754099,0.00512562161904775,0.0289896212326555,0.0438156093748678,0.0943652623571918,0.0183304322245142,0.701032428939777,0.0470171429702872,"Human_Breast_Andersson_10142021_ST_E1"
"Human_Breast_Andersson_10142021_ST_E1_11x16",0.00800487988468985,0.0333072090235323,0.00719810247363859,0.00115826178887832,0.00331499777913718,0.0445938604620971,0.0127976574476836,0.786915287425402,0.102709743714941,"Human_Breast_Andersson_10142021_ST_E1"
"Human_Breast_Andersson_10142021_ST_E1_11x17",0.0103087488966335,0.0305536814587617,0.0124281016885555,0.000322657695797877,0.00279016731866784,0.0261556253927232,0.00721328042530214,0.872290161618925,0.0379375755046335,"Human_Breast_Andersson_10142021_ST_E1"
"Human_Breast_Andersson_10142021_ST_E1_11x18",0.00774369545522534,0.0249978078846074,0.00431879307882248,6.57634994462468e-05,0.000192884073320238,0.0210988811602182,0.00724263624518417,0.906082671841261,0.0282568667619149,"Human_Breast_Andersson_10142021_ST_E1"
"Human_Breast_Andersson_10142021_ST_E1_11x19",0.00908005929650526,0.0386108008334219,0.00116400478984092,0.000260051314643325,0.00166681866509424,0.0185111879880551,0.00524644527836944,0.900157793207745,0.0253028386263243,"Human_Breast_Andersson_10142021_ST_E1"
"Human_Breast_Andersson_10142021_ST_E1_11x20",0.00765357463260361,0.0373822999153715,0.00763939325712535,0.000207049998505988,0.000823396272055137,0.0409385483870538,0.0145748489198855,0.861074772641686,0.0297061159757133,"Human_Breast_Andersson_10142021_ST_E1"
"Human_Breast_Andersson_10142021_ST_E1_11x21",0.00810199803968777,0.0544221235987695,0.0096245675971996,3.94331702602952e-05,0.000510639988450984,0.0580577324223078,0.00878591293189168,0.801969608972292,0.0584879832791404,"Human_Breast_Andersson_10142021_ST_E1"
"Human_Breast_Andersson_10142021_ST_E1_11x22",0.00098236151015952,0.0466988968084301,0.00691183332270586,0.000158343129403441,0.000479313715097855,0.00969330171566752,0.00821514814117178,0.839234987236258,0.0876258144211063,"Human_Breast_Andersson_10142021_ST_E1"
"Human_Breast_Andersson_10142021_ST_E1_11x23",0.0344324004744234,0.0108379056855873,0.00551472399915939,0.00457312464538827,0.00579482982188662,0.0885048539181602,0.00398785773251261,0.785839017700247,0.060515286022635,"Human_Breast_Andersson_10142021_ST_E1"
"Human_Breast_Andersson_10142021_ST_E1_11x24",0.0146814178152476,0.0162300169773971,0.00075937220195354,0.000830392704965819,0.00201454830457095,0.160262348122713,0.00369904150695129,0.665421229726355,0.136101632639845,"Human_Breast_Andersson_10142021_ST_E1"
"Human_Breast_Andersson_10142021_ST_E1_11x25",0.00660755912119717,0.0351247980252145,0.00533020727801562,0.00077518772064242,0.00201586980543623,0.0426043464985513,0.00682944796905761,0.80348995672342,0.0972226268584652,"Human_Breast_Andersson_10142021_ST_E1"
"Human_Breast_Andersson_10142021_ST_E1_11x26",0.0694606457096451,0.0501923670897618,0.00800677868429367,0.00347139709767333,0.00660055829305683,0.152965083855265,0.0403688960204975,0.527647777620119,0.141286495629688,"Human_Breast_Andersson_10142021_ST_E1"
"Human_Breast_Andersson_10142021_ST_E1_11x27",0.0270757570917012,0.010190976955653,0.00113937654667159,0.00188216568625247,0.00149660083383995,0.111744337141558,0.0308405015025674,0.690508182366243,0.125122101875513,"Human_Breast_Andersson_10142021_ST_E1"
"Human_Breast_Andersson_10142021_ST_E1_11x28",0.0100033472979158,0.0213418403283636,0.0212646893170441,0.000922354821575997,0.00102013690046652,0.0609800894574687,0.0154516680154959,0.810816293178642,0.0581995806830271,"Human_Breast_Andersson_10142021_ST_E1"
"Human_Breast_Andersson_10142021_ST_E1_11x3",0.0119423542793447,0.0262054451736268,0.0101186763686689,0.00319581464798855,0.00448486788548933,0.0666774466950254,0.0114084308651468,0.726104483829858,0.139862480254851,"Human_Breast_Andersson_10142021_ST_E1"
"Human_Breast_Andersson_10142021_ST_E1_11x4",0.0365624816425782,0.0225613446353544,0.00589862034335761,0.000784058801298259,0.00367202072257518,0.0571865319733957,0.0114021618521893,0.795471031003722,0.0664617490255293,"Human_Breast_Andersson_10142021_ST_E1"
"Human_Breast_Andersson_10142021_ST_E1_11x5",0.00956429186367837,0.0278046327723514,0.0101216948702503,0.00052807211372415,0.00136129669975656,0.0424282707496954,0.00798009504446016,0.832379391323563,0.0678322545625208,"Human_Breast_Andersson_10142021_ST_E1"
"Human_Breast_Andersson_10142021_ST_E1_11x6",0.00221919249064997,0.0164973772659159,0.000730517338295576,0.000981783034141309,0.00377620849796968,0.0395958662579921,0.0313594847933832,0.669156040435678,0.235683529885975,"Human_Breast_Andersson_10142021_ST_E1"
"Human_Breast_Andersson_10142021_ST_E1_11x7",0.0113363372063479,0.0302928336118771,0.0198476443149844,0.00106590856901022,0.00129111282760102,0.041177848100847,0.00579107268082503,0.829272646647642,0.0599245960408647,"Human_Breast_Andersson_10142021_ST_E1"
"Human_Breast_Andersson_10142021_ST_E1_11x8",0.00562318350034483,0.0122769659224189,0.00140789776371584,0.00139885720263637,0.00465867984188252,0.0344160143918201,0.0258699851696473,0.748286649271609,0.166061766935925,"Human_Breast_Andersson_10142021_ST_E1"
"Human_Breast_Andersson_10142021_ST_E1_11x9",0.0140098153014348,0.0405197952506009,0.00434212638018223,0.00084071827314868,0.00131716777303006,0.0934215003232696,0.00475178273404125,0.704754785372073,0.13604230859222,"Human_Breast_Andersson_10142021_ST_E1"
"Human_Breast_Andersson_10142021_ST_E1_12x10",0.00420324920669546,0.0106022726581229,0.00641540942995707,0.000204199304158638,0.00024582515128273,0.0398639099208442,0.0074550493225469,0.794443723505987,0.136566361500405,"Human_Breast_Andersson_10142021_ST_E1"
"Human_Breast_Andersson_10142021_ST_E1_12x11",0.00829113180061545,0.0401248689556387,0.00314504176491052,0.00441907571488127,0.0041111259703617,0.0584705903534016,0.0152390265140013,0.734512482505681,0.131686656420509,"Human_Breast_Andersson_10142021_ST_E1"
"Human_Breast_Andersson_10142021_ST_E1_12x12",0.0290644270637865,0.0308266796480063,0.0128899336570287,0.00126401608951162,0.00776257131961738,0.0732646621288252,0.00446211581719514,0.728680071157838,0.111785523118191,"Human_Breast_Andersson_10142021_ST_E1"
"Human_Breast_Andersson_10142021_ST_E1_12x13",0.008788058204129,0.0445367957750822,0.00703219595965995,0.00047878664396441,0.00242405532565243,0.0503141259466089,0.00592938004339285,0.807728290582536,0.0727683115189746,"Human_Breast_Andersson_10142021_ST_E1"
"Human_Breast_Andersson_10142021_ST_E1_12x14",0.00918276249076509,0.0152538440292389,0.00386718378975141,7.53616759906204e-05,0.00156908660037728,0.0463949570489918,0.00807945530449945,0.891447016872912,0.0241303321874738,"Human_Breast_Andersson_10142021_ST_E1"
"Human_Breast_Andersson_10142021_ST_E1_12x15",0.00307368386275122,0.0351091914712923,0.00693025799091196,0.000466219316706128,0.00192031067067199,0.0295666057565683,0.00233961353861575,0.893572024402181,0.0270220929903016,"Human_Breast_Andersson_10142021_ST_E1"
"Human_Breast_Andersson_10142021_ST_E1_12x16",0.0258228788560919,0.0194888576489093,0.00452832885811707,0.0146706457652467,0.0131293696460526,0.0979488568897367,0.0146243204502455,0.763000840204714,0.0467859016808862,"Human_Breast_Andersson_10142021_ST_E1"
"Human_Breast_Andersson_10142021_ST_E1_12x17",0.0139300714154857,0.0370660375360955,0.00483857909156186,0.000212961795785352,0.000237275103343144,0.0154587998476532,0.00887550997670977,0.871676455175732,0.0477043100576338,"Human_Breast_Andersson_10142021_ST_E1"
"Human_Breast_Andersson_10142021_ST_E1_12x18",0.00884103296096116,0.0406210063568995,0.0220758306595947,0.000408265080390125,0.000422896702315813,0.0657635985541144,0.00374360933197218,0.815282459056414,0.0428413012973382,"Human_Breast_Andersson_10142021_ST_E1"
"Human_Breast_Andersson_10142021_ST_E1_12x19",0.0173189925237401,0.03931046319614,0.00506678762924334,7.66480654589203e-05,0.000620622270774948,0.0208178443732628,0.00506301788458589,0.883894655377682,0.0278309686791126,"Human_Breast_Andersson_10142021_ST_E1"
"Human_Breast_Andersson_10142021_ST_E1_12x20",0.0114294542760134,0.0187733251294767,0.00632449813104427,0.000803461621037524,0.0025488297799431,0.0228053739592031,0.00352618754692172,0.890287643636276,0.0435012259200845,"Human_Breast_Andersson_10142021_ST_E1"
"Human_Breast_Andersson_10142021_ST_E1_12x21",0.0269865000585636,0.0212464204646004,0.00492896217260765,0.0093224704600011,0.0161601816362271,0.138565597944037,0.0507317900114309,0.627303086089358,0.104754991163175,"Human_Breast_Andersson_10142021_ST_E1"
"Human_Breast_Andersson_10142021_ST_E1_12x22",0.044428558171802,0.0607458561682636,0.024627955969693,0.00645615850043437,0.013582482695487,0.122274006204382,0.0215048360520182,0.600930335245168,0.105449810992752,"Human_Breast_Andersson_10142021_ST_E1"
"Human_Breast_Andersson_10142021_ST_E1_12x23",0.0127528436929064,0.0052578848914411,0.00236546067507803,0.00848782969245572,0.00194790110949647,0.0691900707117614,0.00809616620965992,0.80171676422159,0.0901850787956112,"Human_Breast_Andersson_10142021_ST_E1"
"Human_Breast_Andersson_10142021_ST_E1_12x24",0.00498880036564738,0.0772584199822803,0.0120073126109754,0.00242589860254112,0.0186122900277204,0.105781088657694,0.01720841331229,0.613910593790626,0.147807182650226,"Human_Breast_Andersson_10142021_ST_E1"
"Human_Breast_Andersson_10142021_ST_E1_12x25",0.055369344267697,0.0593285245858766,0.0395002435648584,0.0566399391009925,0.034162988355885,0.129490439375771,0.0178826314884019,0.476963000075503,0.130662889185014,"Human_Breast_Andersson_10142021_ST_E1"
"Human_Breast_Andersson_10142021_ST_E1_12x26",0.0147396934706372,0.0741947995177771,0.0159588307838988,0.021751787271636,0.0294531230923948,0.0677924884312028,0.0388888973688236,0.551841606115391,0.185378773948239,"Human_Breast_Andersson_10142021_ST_E1"
"Human_Breast_Andersson_10142021_ST_E1_12x27",0.0145563580316233,0.0471553475221862,0.00573495790040088,0.00255483435990472,0.00495007197398809,0.159097961513432,0.012542264677182,0.707766116514425,0.0456420875068576,"Human_Breast_Andersson_10142021_ST_E1"
"Human_Breast_Andersson_10142021_ST_E1_12x28",0.0145100641241143,0.0529665339807886,0.00881789071194551,0.000895261988982994,0.0012483373019645,0.12555361246613,0.0149881425200394,0.665641564210416,0.115378592695619,"Human_Breast_Andersson_10142021_ST_E1"
"Human_Breast_Andersson_10142021_ST_E1_12x4",0.00676448114471521,0.0212815544324206,0.00598765886053537,0.001197724522328,0.00107458447437798,0.0304838173870365,0.0060970111879446,0.7228942457876,0.204218922203042,"Human_Breast_Andersson_10142021_ST_E1"
"Human_Breast_Andersson_10142021_ST_E1_12x5",0.0315275150616634,0.0443695865787471,0.0122061477788313,0.00202737251492232,0.0126047628449138,0.0756317565370376,0.0188068516501022,0.617443818228066,0.185382188805716,"Human_Breast_Andersson_10142021_ST_E1"
"Human_Breast_Andersson_10142021_ST_E1_12x6",0.00690554846743679,0.0167649543698135,0.00344413606531945,0.000530562386094195,0.00287563009173981,0.0513253854211462,0.0127396796853092,0.670062500121118,0.235351603392023,"Human_Breast_Andersson_10142021_ST_E1"
"Human_Breast_Andersson_10142021_ST_E1_12x7",0.0028184851063789,0.0268938334629194,0.00990018633281878,3.11353761059846e-05,7.86584423385524e-05,0.00661786996954989,0.000847443288452571,0.945109368699624,0.00770301932181165,"Human_Breast_Andersson_10142021_ST_E1"
"Human_Breast_Andersson_10142021_ST_E1_12x8",0.0221750323431646,0.0490205766119176,0.0111376855654829,0.00108151656381862,0.00163907979021622,0.066452717671204,0.00571593773458934,0.791124333630171,0.0516531200894362,"Human_Breast_Andersson_10142021_ST_E1"
"Human_Breast_Andersson_10142021_ST_E1_12x9",0.0262533446538443,0.0512050095909866,0.0162172244324332,0.00359879908087496,0.00713004998860973,0.0760722584802018,0.0543090297678842,0.683482425978814,0.0817318580263515,"Human_Breast_Andersson_10142021_ST_E1"
"Human_Breast_Andersson_10142021_ST_E1_13x10",0.0058361748731766,0.00989978079955604,0.00446320237588606,0.00125271038533522,0.00392014325170919,0.0161649303418099,0.0179695667915956,0.709036231631903,0.231457259549028,"Human_Breast_Andersson_10142021_ST_E1"
"Human_Breast_Andersson_10142021_ST_E1_13x11",0.00172825611622848,0.0148410613848697,0.00152927893141703,0.000422393863234192,0.00125555382881972,0.0255242138653002,0.0100958194738809,0.626299717112696,0.318303705423553,"Human_Breast_Andersson_10142021_ST_E1"
"Human_Breast_Andersson_10142021_ST_E1_13x12",0.00526574915199502,0.0111653285047249,0.00161310261618327,0.000245026968481724,0.00130148967679812,0.0614731577448768,0.00640970360095423,0.773350885981824,0.139175555754162,"Human_Breast_Andersson_10142021_ST_E1"
"Human_Breast_Andersson_10142021_ST_E1_13x13",0.0132042180367761,0.0359460436087608,0.00268542184255251,0.00255341686376068,0.0116601379259518,0.0700498276037432,0.00416510358851561,0.77491288201892,0.0848229485110197,"Human_Breast_Andersson_10142021_ST_E1"
"Human_Breast_Andersson_10142021_ST_E1_13x14",0.00615651869657975,0.0255312651167765,0.00280444106178517,0.000300438352960191,0.0017047955817617,0.0530162274873851,0.0145547397157226,0.87926928783385,0.016662286153179,"Human_Breast_Andersson_10142021_ST_E1"
"Human_Breast_Andersson_10142021_ST_E1_13x15",0.00425310940850862,0.0206299590593014,0.0055658562351599,0.000648804134934654,0.00185530100960404,0.0363688675619954,0.0118308824344828,0.905359106146061,0.0134881140099525,"Human_Breast_Andersson_10142021_ST_E1"
"Human_Breast_Andersson_10142021_ST_E1_13x16",0.000873999281732105,0.0404637408321871,0.00184702934659698,0.000522136378836624,0.00057414331153037,0.0803959287605158,0.0058816092117506,0.835015818481006,0.0344255943958445,"Human_Breast_Andersson_10142021_ST_E1"
"Human_Breast_Andersson_10142021_ST_E1_13x17",0.00677682011759211,0.0296194625783886,0.0117814348727102,8.20850827454539e-05,0.00100320536573735,0.067681158647794,0.00477228025792437,0.849666720570253,0.0286168325068551,"Human_Breast_Andersson_10142021_ST_E1"
"Human_Breast_Andersson_10142021_ST_E1_13x18",0.0244480856920447,0.0306894547885379,0.0150615431782022,0.000873651270942047,0.000785287074776074,0.0386144486206451,0.00709474253673952,0.850164059969925,0.0322687268681876,"Human_Breast_Andersson_10142021_ST_E1"
"Human_Breast_Andersson_10142021_ST_E1_13x19",0.0171719669140445,0.0323341963233928,0.0056556315880841,0.000286155293423328,0.00209814359607931,0.0673255113763334,0.004645755316474,0.801407906782233,0.0690747328099357,"Human_Breast_Andersson_10142021_ST_E1"
"Human_Breast_Andersson_10142021_ST_E1_13x20",0.0201381466032459,0.0302581667965727,0.00571428898272116,0.000235940153697375,0.00104497608681344,0.0886593123677597,0.00980021632316804,0.789365192019586,0.0547837606664354,"Human_Breast_Andersson_10142021_ST_E1"
"Human_Breast_Andersson_10142021_ST_E1_13x21",0.00751281135695003,0.0186818358940691,0.00444235760487219,0.00147938680360196,0.00127302288208283,0.0340871741650244,0.00803317818253003,0.876928386041051,0.0475618470698181,"Human_Breast_Andersson_10142021_ST_E1"
"Human_Breast_Andersson_10142021_ST_E1_13x22",0.0109737553382536,0.0372091858644473,0.00591105616036986,0.00261851463161527,0.00342437335083686,0.0269582404486382,0.0449103617593512,0.72840307925445,0.139591433192038,"Human_Breast_Andersson_10142021_ST_E1"
"Human_Breast_Andersson_10142021_ST_E1_13x23",0.00278214726095369,0.0416838106647747,0.022871582383755,0.000374688483913453,0.000323322156557575,0.0792896771958819,0.0015817314736922,0.793862765234902,0.0572302751455691,"Human_Breast_Andersson_10142021_ST_E1"
"Human_Breast_Andersson_10142021_ST_E1_13x24",0.00654422162480927,0.0221854352581106,0.00143659309846127,0.00588658277555947,0.00737406137828084,0.0183445204019501,0.0361116462514923,0.761120946871015,0.140995992340321,"Human_Breast_Andersson_10142021_ST_E1"
"Human_Breast_Andersson_10142021_ST_E1_13x25",0.0320175085973816,0.0227554500847663,0.00964633391512555,0.00215796339785714,0.00800762261033321,0.0824864886294964,0.00636644145792504,0.70837490265707,0.128187288650045,"Human_Breast_Andersson_10142021_ST_E1"
"Human_Breast_Andersson_10142021_ST_E1_13x26",0.0331049087939418,0.0262745806552908,0.00568068615087184,0.00423827163707614,0.0100928791214614,0.0535724290215036,0.0194016010931422,0.77827767733818,0.069356966188532,"Human_Breast_Andersson_10142021_ST_E1"
"Human_Breast_Andersson_10142021_ST_E1_13x27",0.0920967730795751,0.0461852196762023,0.00676560995331222,0.0143070128841183,0.0304463917482229,0.170574153886314,0.0167607654074105,0.560203512690482,0.0626605606743624,"Human_Breast_Andersson_10142021_ST_E1"
"Human_Breast_Andersson_10142021_ST_E1_13x28",0.00783788526611828,0.0148523262861968,0.00322908135434814,0.000529421679402795,0.000962619692725005,0.16538707419978,0.00888294894900526,0.638829269679999,0.159489372892424,"Human_Breast_Andersson_10142021_ST_E1"
"Human_Breast_Andersson_10142021_ST_E1_13x29",0.0373852727702003,0.0411969089461719,0.0201161126213562,0.00376507997139631,0.0102373696051815,0.156362512896495,0.0292769080543926,0.582513252316543,0.119146582818262,"Human_Breast_Andersson_10142021_ST_E1"
"Human_Breast_Andersson_10142021_ST_E1_13x4",0.00687113668437102,0.0463669697861162,0.0130083967047657,0.00136690557241384,0.00463086721764426,0.0783533509244077,0.00747170249302707,0.686764157338399,0.155166513278856,"Human_Breast_Andersson_10142021_ST_E1"
"Human_Breast_Andersson_10142021_ST_E1_13x5",0.0127236062406188,0.046024066622337,0.00637553510622922,0.00464274129776401,0.00691370675391622,0.076073025945564,0.0120353952775454,0.739172120191646,0.0960398025643797,"Human_Breast_Andersson_10142021_ST_E1"
"Human_Breast_Andersson_10142021_ST_E1_13x6",0.00299078361537758,0.0225683112517442,0.00326483318211333,0.000859787548934502,0.00331050198825697,0.0600398799805178,0.00425516196754404,0.774839531939024,0.127871208526488,"Human_Breast_Andersson_10142021_ST_E1"
"Human_Breast_Andersson_10142021_ST_E1_13x7",0.0315522879789709,0.0323918901559399,0.029193288231722,0.00125813702187167,0.00276631389375217,0.0496410478526581,0.0192141053737268,0.801480533650068,0.0325023958412905,"Human_Breast_Andersson_10142021_ST_E1"
"Human_Breast_Andersson_10142021_ST_E1_13x8",0.0255215880573762,0.0397432852026124,0.011629866767397,0.00373073787156709,0.0231167311588595,0.149978301378581,0.00975785359558009,0.667725480838246,0.0687961551297808,"Human_Breast_Andersson_10142021_ST_E1"
"Human_Breast_Andersson_10142021_ST_E1_13x9",0.00907090966404014,0.034529267793854,0.00539450249939306,0.00183759413236992,0.00531056327308306,0.13152442245462,0.0106034655905671,0.716153227004776,0.0855760475872968,"Human_Breast_Andersson_10142021_ST_E1"
"Human_Breast_Andersson_10142021_ST_E1_14x10",0.00187985438691313,0.0256990047090037,0.00135749610407279,0.00189349837928576,0.000948794450479549,0.0192044433136195,0.00537349582161814,0.761597718340498,0.182045694494509,"Human_Breast_Andersson_10142021_ST_E1"
"Human_Breast_Andersson_10142021_ST_E1_14x11",0.00532010645010569,0.0173103358191654,0.00223343720942718,0.00214939562455354,0.00178629678896825,0.0236562101267599,0.0101195189803579,0.741488720120384,0.195935978880278,"Human_Breast_Andersson_10142021_ST_E1"
"Human_Breast_Andersson_10142021_ST_E1_14x12",0.00518933430782037,0.0145502232121073,0.0136274420325918,0.00865076303343817,0.0149030102940787,0.0340331566034798,0.0175663564767001,0.795894262959965,0.0955854510798189,"Human_Breast_Andersson_10142021_ST_E1"
"Human_Breast_Andersson_10142021_ST_E1_14x13",0.0200702611736545,0.0697372513311702,0.011574701412709,0.0111421544411597,0.00283393725715843,0.0903735185095141,0.0186661147907424,0.666913471490721,0.10868858959317,"Human_Breast_Andersson_10142021_ST_E1"
"Human_Breast_Andersson_10142021_ST_E1_14x14",0.00661153827769574,0.0181666570364382,0.0031526019284143,9.56115800194727e-05,0.00649398673650044,0.028308593293672,0.0102274736786393,0.866161655854013,0.0607818816146078,"Human_Breast_Andersson_10142021_ST_E1"
"Human_Breast_Andersson_10142021_ST_E1_14x15",0.0107833726685635,0.022998986903561,0.011184805304522,0.0118512316977498,0.0225364975501915,0.0662293515242987,0.0609763386166907,0.77220051089487,0.0212389048395533,"Human_Breast_Andersson_10142021_ST_E1"
"Human_Breast_Andersson_10142021_ST_E1_14x16",0.00617279720188954,0.0290174313503616,0.00812631532767504,0.00036276867413459,0.000552110373858197,0.0338012630964524,0.0052795440452149,0.907069024143224,0.00961874578718938,"Human_Breast_Andersson_10142021_ST_E1"
"Human_Breast_Andersson_10142021_ST_E1_14x17",0.00178024385948333,0.0208408269908707,0.00126870866194781,5.60513925350343e-05,0.000316312663568344,0.00511298243484494,0.00368266397390225,0.959378356999378,0.00756385302347008,"Human_Breast_Andersson_10142021_ST_E1"
"Human_Breast_Andersson_10142021_ST_E1_14x18",0.0111352440880001,0.0353872128350951,0.00319157943936987,0.00019626493936985,0.000478075239556394,0.0216408621368175,0.0130396438955339,0.887054842543343,0.0278762748829141,"Human_Breast_Andersson_10142021_ST_E1"
"Human_Breast_Andersson_10142021_ST_E1_14x19",0.0140643685307936,0.0391694773207019,0.0255204706636343,0.00158673534639795,0.00920093630169968,0.0852986298635097,0.0185281865201792,0.769973124710515,0.0366580707425689,"Human_Breast_Andersson_10142021_ST_E1"
"Human_Breast_Andersson_10142021_ST_E1_14x20",0.0106201181814208,0.00928553312607359,0.00527391387449098,0.00400334905906511,0.00453474856690806,0.0728630819368583,0.0137730984802564,0.82335222650022,0.0562939302747072,"Human_Breast_Andersson_10142021_ST_E1"
"Human_Breast_Andersson_10142021_ST_E1_14x21",0.00932892163518022,0.0164093357720911,0.00120447985482463,0.000175592216832186,0.00154002045800537,0.0571409045948106,0.0113589431046266,0.816373005809108,0.0864687965545213,"Human_Breast_Andersson_10142021_ST_E1"
"Human_Breast_Andersson_10142021_ST_E1_14x22",0.00770229778068981,0.0340571094974384,0.00518518520927988,0.000443537497995493,0.00101254281376727,0.0331696595339589,0.0234383670598661,0.846095818545832,0.0488954820611722,"Human_Breast_Andersson_10142021_ST_E1"
"Human_Breast_Andersson_10142021_ST_E1_14x23",0.0350742071584633,0.0211996959756332,0.0371924584519584,0.00326945207831282,0.00913824235676141,0.0412642188428557,0.0230111646677275,0.775138713721744,0.0547118467465436,"Human_Breast_Andersson_10142021_ST_E1"
"Human_Breast_Andersson_10142021_ST_E1_14x24",0.0036254257933537,0.00614180579306265,0.000638269080293134,0.00200064340977351,0.00345674185057595,0.0338920925447761,0.00522880949717338,0.909588361527932,0.0354278505030593,"Human_Breast_Andersson_10142021_ST_E1"
"Human_Breast_Andersson_10142021_ST_E1_14x25",0.00811987660858839,0.0113435103625041,0.0020418562030161,0.00474381652986113,0.00153936183389301,0.0778256129455365,0.0195773586212154,0.761145940659097,0.113662666236288,"Human_Breast_Andersson_10142021_ST_E1"
"Human_Breast_Andersson_10142021_ST_E1_14x26",0.0234843861685962,0.0126509291230474,0.00818910913026789,0.0024542550519962,0.00215868760491034,0.0820974284840916,0.00474284982217782,0.810955414787515,0.0532669398273975,"Human_Breast_Andersson_10142021_ST_E1"
"Human_Breast_Andersson_10142021_ST_E1_14x27",0.00500338198613227,0.0237973326904558,0.00763066243153966,0.00388387135312769,0.00432702456828932,0.0256557132488474,0.0271986355469627,0.759621464823791,0.142881913350854,"Human_Breast_Andersson_10142021_ST_E1"
"Human_Breast_Andersson_10142021_ST_E1_14x28",0.0261147449979983,0.0506012738832842,0.0167638775652608,0.00337072080654532,0.0246192000657183,0.100697914600511,0.0217395095521386,0.643986906944583,0.112105851583961,"Human_Breast_Andersson_10142021_ST_E1"
"Human_Breast_Andersson_10142021_ST_E1_14x29",0.0201708619411745,0.0335726676451895,0.0166655086119486,0.0177312304759155,0.0645318165598513,0.0637173991645046,0.0377038835108786,0.648087675874339,0.0978189562161983,"Human_Breast_Andersson_10142021_ST_E1"
"Human_Breast_Andersson_10142021_ST_E1_14x30",0.00346210034468129,0.041373852493275,0.00839069521497181,0.00295428827539679,0.00206519365555801,0.107910066467762,0.0518240057247131,0.574846429739446,0.207173368084196,"Human_Breast_Andersson_10142021_ST_E1"
"Human_Breast_Andersson_10142021_ST_E1_14x5",0.00293121099659037,0.0307505964338554,0.0025262140462809,0.00026247519548196,0.000453759559183024,0.0484012275780013,0.0015855573247988,0.856058603587508,0.0570303552783002,"Human_Breast_Andersson_10142021_ST_E1"
"Human_Breast_Andersson_10142021_ST_E1_14x6",0.00703833397267418,0.0105106954607289,0.00433935755005309,0.00118469606032234,0.00398993041258671,0.0236347265243237,0.0228102571231736,0.775075520989336,0.151416481906801,"Human_Breast_Andersson_10142021_ST_E1"
"Human_Breast_Andersson_10142021_ST_E1_14x7",0.00256063753300797,0.0105800572759661,0.00128593880870529,0.00931060555680428,0.0056826528958028,0.0347454561415592,0.0267058867718187,0.651752534328642,0.257376230687693,"Human_Breast_Andersson_10142021_ST_E1"
"Human_Breast_Andersson_10142021_ST_E1_14x8",0.0571399357778026,0.043099330498396,0.0113375360775032,0.00472506301019206,0.00680495805030433,0.0901968674808876,0.0104298999458539,0.679585104649275,0.0966813045097854,"Human_Breast_Andersson_10142021_ST_E1"
"Human_Breast_Andersson_10142021_ST_E1_14x9",0.0129446056327205,0.0712245006386659,0.0320391402979885,0.000315388641622101,0.000524749338898953,0.12453743171425,0.00458386253425796,0.65374470209742,0.100085619104176,"Human_Breast_Andersson_10142021_ST_E1"
"Human_Breast_Andersson_10142021_ST_E1_15x10",0.045148684193969,0.030061936298434,0.0102636261052404,0.0080001584424754,0.0128696949617287,0.106907603987463,0.0521415037326836,0.651380720107364,0.0832260721706419,"Human_Breast_Andersson_10142021_ST_E1"
"Human_Breast_Andersson_10142021_ST_E1_15x11",0.00674360830981999,0.0257703875844221,0.0106842215301098,0.000347897681971974,0.000871728443974557,0.0913261491998226,0.00913546735195985,0.784012188473323,0.0711083514245966,"Human_Breast_Andersson_10142021_ST_E1"
"Human_Breast_Andersson_10142021_ST_E1_15x12",0.00395940206981663,0.0167972967061751,0.00213666555814496,0.000734031692710435,0.00173445311215984,0.100836515330999,0.00154107842223289,0.74629528849216,0.125965268615601,"Human_Breast_Andersson_10142021_ST_E1"
"Human_Breast_Andersson_10142021_ST_E1_15x13",0.00890570903953189,0.0200480425767796,0.0259812454570777,0.000223516591704059,0.000235702191338757,0.0377395919324476,0.00579825262932213,0.816671917357758,0.0843960222240403,"Human_Breast_Andersson_10142021_ST_E1"
"Human_Breast_Andersson_10142021_ST_E1_15x14",0.00654055153688463,0.0114810728306484,0.00668252043557056,0.000317942502328571,0.0016358708987642,0.0543579243889661,0.00378851076490707,0.848221571785021,0.0669740348569093,"Human_Breast_Andersson_10142021_ST_E1"
"Human_Breast_Andersson_10142021_ST_E1_15x15",0.00257722526107618,0.0343113335845141,0.000470288354133849,0.00359433127146007,0.0029166042035876,0.0600675040943448,0.00644668042623238,0.830700719008322,0.0589153137963288,"Human_Breast_Andersson_10142021_ST_E1"
"Human_Breast_Andersson_10142021_ST_E1_15x16",0.0169246027235843,0.0401272769480875,0.0106089503013449,5.67379097377974e-05,0.000885505114238304,0.0593355035612294,0.0048310022238622,0.84952669277506,0.0177037284428552,"Human_Breast_Andersson_10142021_ST_E1"
"Human_Breast_Andersson_10142021_ST_E1_15x17",0.0168878771654773,0.049026456874623,0.00354725830053557,0.000126200305032826,0.000317638908396277,0.132201695614599,0.00195441513173389,0.77532004871748,0.0206184089821228,"Human_Breast_Andersson_10142021_ST_E1"
"Human_Breast_Andersson_10142021_ST_E1_15x18",0.00512753992209086,0.0133292648802764,0.009762905907471,1.5468482300666e-05,4.46250086417541e-05,0.031391949378811,0.00290133639317372,0.922052197799116,0.0153747122281185,"Human_Breast_Andersson_10142021_ST_E1"
"Human_Breast_Andersson_10142021_ST_E1_15x19",0.0111569304834036,0.0476343413706375,0.00894161236815734,0.00412009219819027,0.00448307390162952,0.110105587163673,0.0149078150348074,0.767266886625871,0.0313836608536303,"Human_Breast_Andersson_10142021_ST_E1"
"Human_Breast_Andersson_10142021_ST_E1_15x20",0.0145056306499103,0.0235705018438955,0.0188186554262334,0.0001051959319555,0.00045989322807164,0.021345797570936,0.00600331404023531,0.891746620308675,0.0234443910000877,"Human_Breast_Andersson_10142021_ST_E1"
"Human_Breast_Andersson_10142021_ST_E1_15x21",0.0088226945071872,0.0153769539216124,0.00180576982177442,0.000170502263033323,0.000615493877679619,0.00326998689508554,0.00862996500231987,0.915363380372104,0.0459452533392035,"Human_Breast_Andersson_10142021_ST_E1"
"Human_Breast_Andersson_10142021_ST_E1_15x22",0.00337513707372387,0.0251098196971816,0.0158717180917339,0.00022439865573479,0.000472113281603761,0.126203441554428,0.0183102383992867,0.759766193085415,0.0506669401608927,"Human_Breast_Andersson_10142021_ST_E1"
"Human_Breast_Andersson_10142021_ST_E1_15x23",0.00117214379330782,0.00787810134155779,0.000741683392201919,0.000638253277833016,0.00352986270178078,0.0243468366121451,0.00182824750602835,0.897473259178993,0.0623916121961523,"Human_Breast_Andersson_10142021_ST_E1"
"Human_Breast_Andersson_10142021_ST_E1_15x24",0.0177958750342222,0.0460033606875021,0.0201329044861888,0.00138298038285259,0.00374910417721829,0.107351015590426,0.00975614195570291,0.706580398244851,0.0872482194410364,"Human_Breast_Andersson_10142021_ST_E1"
"Human_Breast_Andersson_10142021_ST_E1_15x25",0.0101680637013898,0.0150655006028922,0.00181935497478133,0.000200266392840533,0.0028314775153528,0.0415764844581182,0.00908519195773383,0.856052985439764,0.0632006749571271,"Human_Breast_Andersson_10142021_ST_E1"
"Human_Breast_Andersson_10142021_ST_E1_15x26",0.00763470631266494,0.0140753650281613,0.00479068922635887,0.000524720120184949,0.0035150428209833,0.151960858249277,0.0388035804125854,0.656386518450918,0.122308519378865,"Human_Breast_Andersson_10142021_ST_E1"
"Human_Breast_Andersson_10142021_ST_E1_15x27",0.0561741742259454,0.0400181848515731,0.00609336660348044,0.00091989721159581,0.00262449016420242,0.150066234777393,0.0185788877099995,0.655524532747856,0.070000231707954,"Human_Breast_Andersson_10142021_ST_E1"
"Human_Breast_Andersson_10142021_ST_E1_15x28",0.00184693988269846,0.00948315669057716,0.000908586178310661,0.000245424757287387,0.000401638572985065,0.0179311614387288,0.00997966681971729,0.888074379643106,0.0711290460165887,"Human_Breast_Andersson_10142021_ST_E1"
"Human_Breast_Andersson_10142021_ST_E1_15x29",0.0219519936141438,0.0174573255836133,0.00857517105087486,0.00136363931052475,0.0210652498842767,0.099623755278003,0.00445963907872991,0.708188946543509,0.117314279656325,"Human_Breast_Andersson_10142021_ST_E1"
"Human_Breast_Andersson_10142021_ST_E1_15x30",0.0120299882994004,0.0348609282988093,0.0171483420899307,0.0045364702859179,0.00301729476917587,0.0486030270549854,0.0729818836890919,0.663606000050672,0.143216065462016,"Human_Breast_Andersson_10142021_ST_E1"
"Human_Breast_Andersson_10142021_ST_E1_15x6",0.00260788534406451,0.0152888476302273,0.00084486838059756,0.000460197546034523,0.00112961702587666,0.01005034836048,0.0100755948533928,0.759831188556256,0.19971145230307,"Human_Breast_Andersson_10142021_ST_E1"
"Human_Breast_Andersson_10142021_ST_E1_15x7",0.00812838574509641,0.00718331344028084,0.0017702892047442,0.00170362466094342,0.00303171360824445,0.0285093451284511,0.0200494082084059,0.759850682594226,0.169773237409608,"Human_Breast_Andersson_10142021_ST_E1"
"Human_Breast_Andersson_10142021_ST_E1_15x9",0.0500202879664382,0.029556608184447,0.0121107955751662,0.0054261965493578,0.00768926478023754,0.113153130360498,0.00697085743173512,0.684001971466279,0.091070887685841,"Human_Breast_Andersson_10142021_ST_E1"
"Human_Breast_Andersson_10142021_ST_E1_16x10",0.0104612524398206,0.0203717116385664,0.0135583052770061,0.00553036860075413,0.0103958962289122,0.0657190633715856,0.0206638643297689,0.766258863330837,0.0870406747827495,"Human_Breast_Andersson_10142021_ST_E1"
"Human_Breast_Andersson_10142021_ST_E1_16x11",0.0218554132509098,0.0163721100939312,0.00361986497685819,0.00275292656383811,0.00753419148416674,0.0293090328346141,0.00436976665121103,0.871354729591885,0.0428319645525856,"Human_Breast_Andersson_10142021_ST_E1"
"Human_Breast_Andersson_10142021_ST_E1_16x12",0.0219460125184768,0.0181172426162907,0.00443662114449612,0.00158073359939889,0.00596190480249078,0.100065305883149,0.00800013486275873,0.783717687225819,0.0561743573471199,"Human_Breast_Andersson_10142021_ST_E1"
