"","Endothelial","CAFs","PVL","B-cells","T-cells","Myeloid","Normal Epithelial","Plasmablasts","Cancer Epithelial","sid"
"Human_Breast_Andersson_10142021_ST_D4_10x10",0.0154995657323952,0.299274737052715,0.0494347027487363,0.0546311831415443,0.00901541897656666,0.150345639748516,0.0725142628106656,0.110629417564308,0.238655072224552,"Human_Breast_Andersson_10142021_ST_D4"
"Human_Breast_Andersson_10142021_ST_D4_10x11",0.0712747408733137,0.246390785830152,0.121078795038679,0.0847167831224248,0.0711919710999909,0.139125685398503,0.0376300634780957,0.128167735246402,0.100423439912438,"Human_Breast_Andersson_10142021_ST_D4"
"Human_Breast_Andersson_10142021_ST_D4_10x12",0.00550383896942971,0.338675600980307,0.0373002938032035,0.015065178656014,0.00343935141061144,0.105595052128624,0.0517085778350193,0.232833911870404,0.209878194346387,"Human_Breast_Andersson_10142021_ST_D4"
"Human_Breast_Andersson_10142021_ST_D4_10x13",0.0268672924312288,0.339913480128995,0.0551825169490936,0.0328800817164465,0.0121753857451786,0.143096519456603,0.0215832115824282,0.184962076683834,0.183339435306193,"Human_Breast_Andersson_10142021_ST_D4"
"Human_Breast_Andersson_10142021_ST_D4_10x14",0.0173335440447852,0.403374876182891,0.0746768793358557,0.00367043159735463,0.00306875737021962,0.145295025878205,0.0311100345801329,0.0929221084171475,0.228548342593408,"Human_Breast_Andersson_10142021_ST_D4"
"Human_Breast_Andersson_10142021_ST_D4_10x15",0.0287860827961954,0.201091578011083,0.0292386743077429,0.0863193740054555,0.0220106092226137,0.0583658198571218,0.0829576143480806,0.0658702079015469,0.42536003955016,"Human_Breast_Andersson_10142021_ST_D4"
"Human_Breast_Andersson_10142021_ST_D4_10x16",0.0139744293284872,0.422462215665804,0.0516711649678488,0.0213988308087709,0.00588912916213653,0.143013912845868,0.0626466231298556,0.135602228487644,0.143341465603585,"Human_Breast_Andersson_10142021_ST_D4"
"Human_Breast_Andersson_10142021_ST_D4_10x17",0.0117489357030492,0.28130541915188,0.0227137282112678,0.0544612745610891,0.0497496754832903,0.0598075948613902,0.0306227759769005,0.103553920092476,0.386036675958657,"Human_Breast_Andersson_10142021_ST_D4"
"Human_Breast_Andersson_10142021_ST_D4_10x18",0.0223782711160177,0.218659886024323,0.116031470960606,0.00463609047747738,0.00320155732886315,0.109868828098676,0.0588309968963353,0.0627502724733787,0.403642626624323,"Human_Breast_Andersson_10142021_ST_D4"
"Human_Breast_Andersson_10142021_ST_D4_10x19",0.0451886696871803,0.256920603685224,0.0645013480081678,0.0333345980009933,0.0251459700628803,0.0626652400592607,0.0548810961590895,0.0610508638571453,0.396311610480058,"Human_Breast_Andersson_10142021_ST_D4"
"Human_Breast_Andersson_10142021_ST_D4_10x20",0.0293323899757078,0.297136031064845,0.0942823559883562,0.0301869441934377,0.0204647105680956,0.0643201550958151,0.0523466919265737,0.0151338380218527,0.396796883165316,"Human_Breast_Andersson_10142021_ST_D4"
"Human_Breast_Andersson_10142021_ST_D4_10x21",0.0284965650591284,0.228362427565567,0.133323935511488,0.0299467977709414,0.0448550795108986,0.0530603036504772,0.0645221159105177,0.0267169519688225,0.390715823052159,"Human_Breast_Andersson_10142021_ST_D4"
"Human_Breast_Andersson_10142021_ST_D4_10x22",0.0260460273229835,0.233688557871483,0.145931347419327,0.0194379971387983,0.0157234305662513,0.0559337308630232,0.056193328624834,0.0896405817242247,0.357404998469075,"Human_Breast_Andersson_10142021_ST_D4"
"Human_Breast_Andersson_10142021_ST_D4_10x23",0.0459261339635917,0.247318078392538,0.09316188128186,0.052211155811712,0.0234471046981914,0.0678194259756907,0.0675521455900916,0.0776172071496109,0.324946867136714,"Human_Breast_Andersson_10142021_ST_D4"
"Human_Breast_Andersson_10142021_ST_D4_10x24",0.0206509342821932,0.226029981229362,0.110175252717631,0.00978922296865513,0.00494890451030008,0.126893909255944,0.0591079074482915,0.0983746389732153,0.344029248614408,"Human_Breast_Andersson_10142021_ST_D4"
"Human_Breast_Andersson_10142021_ST_D4_10x25",0.0111933770318703,0.330770909459887,0.0230876727567598,0.0154528038776733,0.00453968059689952,0.207100839287671,0.0350144270855122,0.17264632362945,0.200193966274276,"Human_Breast_Andersson_10142021_ST_D4"
"Human_Breast_Andersson_10142021_ST_D4_10x26",0.00162362995786333,0.296289964161323,0.122119540166248,0.000873340567251997,0.000492142979981584,0.145496743494465,0.032760541924411,0.166764222147766,0.233579874600689,"Human_Breast_Andersson_10142021_ST_D4"
"Human_Breast_Andersson_10142021_ST_D4_10x27",0.00969116793307631,0.276720531808651,0.119288090440605,0.00734569542431297,0.00568059809874602,0.122088395401144,0.0594771017741304,0.225967043832414,0.17374137528692,"Human_Breast_Andersson_10142021_ST_D4"
"Human_Breast_Andersson_10142021_ST_D4_11x10",0.023793069506843,0.377374599462762,0.042375263066993,0.165650924840844,0.109563105064724,0.0854374497709759,0.016513082743303,0.00245659012891946,0.176835915414636,"Human_Breast_Andersson_10142021_ST_D4"
"Human_Breast_Andersson_10142021_ST_D4_11x11",0.0157074952304129,0.302904910581171,0.0723632124289261,0.0150847005665262,0.00380504977645225,0.0948988347207004,0.0607564192585433,0.296734069982012,0.137745307455256,"Human_Breast_Andersson_10142021_ST_D4"
"Human_Breast_Andersson_10142021_ST_D4_11x12",0.0491293636319752,0.336724268649483,0.0398049978282037,0.00729539878165015,0.0029267597063366,0.371622799558062,0.020855699846296,0.00463191982720464,0.167008792170788,"Human_Breast_Andersson_10142021_ST_D4"
"Human_Breast_Andersson_10142021_ST_D4_11x13",0.0165587509961643,0.382218868962538,0.0506343276778837,0.0149506091368891,0.0234747243187,0.128011181270742,0.0336023732697414,0.11037802593216,0.240171138435182,"Human_Breast_Andersson_10142021_ST_D4"
"Human_Breast_Andersson_10142021_ST_D4_11x14",0.0129028536927256,0.369948707202323,0.0935657358994417,0.0294955868731186,0.0266848940382312,0.132235936639202,0.0498255138426789,0.0934410617381425,0.191899710074136,"Human_Breast_Andersson_10142021_ST_D4"
"Human_Breast_Andersson_10142021_ST_D4_11x15",0.00644123189272554,0.346247805410942,0.0492865274908677,0.00621651557636832,0.00165517795653625,0.119255429468163,0.0230222164188837,0.280864895418646,0.167010200366868,"Human_Breast_Andersson_10142021_ST_D4"
"Human_Breast_Andersson_10142021_ST_D4_11x16",0.00825883701386484,0.312931397213423,0.0892321119589854,0.00594834801570635,0.00185541666354398,0.158162731820763,0.0422077975217623,0.205311198920603,0.176092160871348,"Human_Breast_Andersson_10142021_ST_D4"
"Human_Breast_Andersson_10142021_ST_D4_11x18",0.0127576292519081,0.219318802196117,0.031338543741427,0.0367721211608512,0.0260154794081826,0.059331924335095,0.121797369716156,0.150835735785554,0.34183239440471,"Human_Breast_Andersson_10142021_ST_D4"
"Human_Breast_Andersson_10142021_ST_D4_11x19",0.0153820525737068,0.233964778325877,0.0452259071936016,0.0374697220814227,0.0129830593610529,0.0627396651607875,0.0750359076420717,0.152944804993093,0.364254102668387,"Human_Breast_Andersson_10142021_ST_D4"
"Human_Breast_Andersson_10142021_ST_D4_11x20",0.0389360346109258,0.313593843923122,0.0237934729304656,0.0291154881012666,0.0055107194892882,0.143449188002429,0.0529888605276079,0.20584111812134,0.186771274293555,"Human_Breast_Andersson_10142021_ST_D4"
"Human_Breast_Andersson_10142021_ST_D4_11x21",0.0225488696278059,0.284048591748676,0.0717840322165989,0.0654188870504995,0.0344273551782362,0.0864984282397079,0.0813880801134309,0.0909436720852285,0.262942083739817,"Human_Breast_Andersson_10142021_ST_D4"
"Human_Breast_Andersson_10142021_ST_D4_11x22",0.018950737007119,0.229913865365317,0.16864035364207,0.0224044288025512,0.00811048535596875,0.0626987979605633,0.0813584507412456,0.0649103031448844,0.34301257798028,"Human_Breast_Andersson_10142021_ST_D4"
"Human_Breast_Andersson_10142021_ST_D4_11x23",0.0202713841847435,0.276638826329171,0.0780496985064134,0.0233086795590727,0.0146804665300275,0.121759583745162,0.0360593767688915,0.140935598709847,0.288296385666671,"Human_Breast_Andersson_10142021_ST_D4"
"Human_Breast_Andersson_10142021_ST_D4_11x24",0.00425582633959185,0.327371946655842,0.110327852087846,0.0394741002286375,0.0228165852711936,0.161816304471236,0.0472360363651689,0.144432431177826,0.142268917402658,"Human_Breast_Andersson_10142021_ST_D4"
"Human_Breast_Andersson_10142021_ST_D4_11x25",0.0457917028348092,0.296701072455929,0.0689459597551254,0.00224895189144461,0.001205327047421,0.118294963883881,0.0273349732080308,0.264133386058018,0.175343662865342,"Human_Breast_Andersson_10142021_ST_D4"
"Human_Breast_Andersson_10142021_ST_D4_11x26",0.0303738489835967,0.363258741927693,0.0687864444959112,0.00474615458028313,0.000925231116064651,0.24569358419437,0.037040072610056,0.147205519475102,0.101970402616924,"Human_Breast_Andersson_10142021_ST_D4"
"Human_Breast_Andersson_10142021_ST_D4_11x27",0.0207859844738052,0.268222497357253,0.0760016011207792,0.0052624212941031,0.00369987260844318,0.197972731598183,0.0285909331962635,0.225841404267948,0.173622554083221,"Human_Breast_Andersson_10142021_ST_D4"
"Human_Breast_Andersson_10142021_ST_D4_12x10",0.0367582548793704,0.314556668442611,0.0684558718161076,0.0551127639490594,0.0169863641641288,0.104209565929538,0.0419587693377765,0.212645033689578,0.149316707791831,"Human_Breast_Andersson_10142021_ST_D4"
"Human_Breast_Andersson_10142021_ST_D4_12x11",0.0389637938626559,0.416163474576795,0.0279005831162913,0.124740068496966,0.0319284079065608,0.193208064063066,0.0405057925058028,0.0320256559952485,0.094564159476614,"Human_Breast_Andersson_10142021_ST_D4"
"Human_Breast_Andersson_10142021_ST_D4_12x12",0.0153599934658613,0.290321594657149,0.0730562905035881,0.0675159947072767,0.0398152164476839,0.170353124190865,0.0415292899134198,0.198218117761287,0.10383037835287,"Human_Breast_Andersson_10142021_ST_D4"
"Human_Breast_Andersson_10142021_ST_D4_12x13",0.0177183808791823,0.395272723956503,0.0493914619592891,0.0462141965090187,0.0555387274544427,0.15370927360369,0.0165834232045019,0.0968838488112905,0.168687963622082,"Human_Breast_Andersson_10142021_ST_D4"
"Human_Breast_Andersson_10142021_ST_D4_12x14",0.0194007882057635,0.387808352072829,0.0175706221108068,0.0139450529831051,0.00938920615197305,0.0468597381246875,0.0373066956368662,0.192806391163246,0.274913153550722,"Human_Breast_Andersson_10142021_ST_D4"
"Human_Breast_Andersson_10142021_ST_D4_12x15",0.00616146350948442,0.274805437000158,0.110422834020188,0.0183628717725886,0.00656713262365505,0.0627287276347654,0.0668278576121358,0.170672918765619,0.283450757061406,"Human_Breast_Andersson_10142021_ST_D4"
"Human_Breast_Andersson_10142021_ST_D4_12x16",0.0101768460230667,0.246637499371295,0.0432585727357839,0.00786076500838103,0.0101064556153844,0.0605392513788202,0.0950889517092918,0.187710307147502,0.338621351010475,"Human_Breast_Andersson_10142021_ST_D4"
"Human_Breast_Andersson_10142021_ST_D4_12x17",0.0161302258647781,0.261152176465399,0.0640014031093789,0.00940463712144011,0.00499965872092258,0.09300198308233,0.0409988089085019,0.372616657686148,0.137694449041102,"Human_Breast_Andersson_10142021_ST_D4"
"Human_Breast_Andersson_10142021_ST_D4_12x18",0.00880814175422642,0.232719204785534,0.0381152695535798,0.0226890822439486,0.00898978223036415,0.0785284342541055,0.0686131741716148,0.215565991963647,0.325970919042979,"Human_Breast_Andersson_10142021_ST_D4"
"Human_Breast_Andersson_10142021_ST_D4_12x19",0.0199898676200027,0.268355999475192,0.084429605521894,0.0275208043327189,0.0151754670237808,0.0417327746718834,0.0706524334562705,0.14567310597425,0.326469941924008,"Human_Breast_Andersson_10142021_ST_D4"
"Human_Breast_Andersson_10142021_ST_D4_12x20",0.00994294316156516,0.307496166245602,0.0575177573004829,0.0210210656715106,0.0102750351368792,0.10848053944427,0.0833424754129013,0.0917958236017717,0.310128194025017,"Human_Breast_Andersson_10142021_ST_D4"
"Human_Breast_Andersson_10142021_ST_D4_12x21",0.00908564079164711,0.32590987541998,0.16177463471822,0.021217083080238,0.0118098104573166,0.184645340070389,0.026385633388386,0.119204698316892,0.139967283756932,"Human_Breast_Andersson_10142021_ST_D4"
"Human_Breast_Andersson_10142021_ST_D4_12x22",0.0113150064559644,0.315014529370268,0.219992511447515,0.0264355604295308,0.0148347273369963,0.142431152818301,0.0313938083843729,0.0733940944978793,0.165188609259172,"Human_Breast_Andersson_10142021_ST_D4"
"Human_Breast_Andersson_10142021_ST_D4_12x23",0.0149996991469979,0.321989000484437,0.14532877635501,0.0115353429096279,0.0028280437818034,0.20088397316765,0.0302467820024276,0.172039681891054,0.100148700260993,"Human_Breast_Andersson_10142021_ST_D4"
"Human_Breast_Andersson_10142021_ST_D4_12x24",0.012451735431353,0.342852986649207,0.149238061400109,0.00149616630626858,0.00125149618728684,0.182583147988697,0.0214166589146326,0.2238698387724,0.0648399083500474,"Human_Breast_Andersson_10142021_ST_D4"
"Human_Breast_Andersson_10142021_ST_D4_12x25",0.00546342840132407,0.36277133427724,0.0649812505152784,0.00508870977555464,0.00171577786962895,0.322122357694296,0.0067086114652349,0.18069459250433,0.0504539374971139,"Human_Breast_Andersson_10142021_ST_D4"
"Human_Breast_Andersson_10142021_ST_D4_12x26",0.0227626146147837,0.318256095265321,0.146464731862042,0.0144784512172263,0.0113136726981458,0.199117748954877,0.0202494747596679,0.161729687598912,0.105627523029024,"Human_Breast_Andersson_10142021_ST_D4"
"Human_Breast_Andersson_10142021_ST_D4_12x27",0.245481070831013,0.200402424695136,0.140759319717933,0.0217026951988541,0.012533979860016,0.212673406066575,0.00881849598119666,0.0839111943199391,0.0737174133293367,"Human_Breast_Andersson_10142021_ST_D4"
"Human_Breast_Andersson_10142021_ST_D4_13x10",0.00789757003223911,0.255533609822908,0.0120715812464682,0.174342120549766,0.171167907973045,0.0497501413180315,0.0596384938769376,0.0147169145063617,0.254881660674243,"Human_Breast_Andersson_10142021_ST_D4"
"Human_Breast_Andersson_10142021_ST_D4_13x11",0.0755451624623604,0.290005646673685,0.0315967109147559,0.182273900119799,0.0564827027158087,0.160493014749895,0.0207091875198785,0.105878647994152,0.0770150268496656,"Human_Breast_Andersson_10142021_ST_D4"
"Human_Breast_Andersson_10142021_ST_D4_13x12",0.0222171509283785,0.351834558687798,0.0406238116978698,0.0821722001345937,0.133773120449214,0.209142736569166,0.00923053548381182,0.109661959989798,0.0413439260593717,"Human_Breast_Andersson_10142021_ST_D4"
"Human_Breast_Andersson_10142021_ST_D4_13x13",0.0249962401686424,0.326685450078779,0.0358946112680542,0.115148493575195,0.0552703752466937,0.163610904773863,0.0712447124852932,0.0715887579880739,0.135560454415405,"Human_Breast_Andersson_10142021_ST_D4"
"Human_Breast_Andersson_10142021_ST_D4_13x14",0.0200112946854305,0.327700934665701,0.0605763061100331,0.0200161792222205,0.0160248236111885,0.0846547236143719,0.069497280224332,0.186260788904049,0.215257668962673,"Human_Breast_Andersson_10142021_ST_D4"
"Human_Breast_Andersson_10142021_ST_D4_13x15",0.0141313988365573,0.304659627545824,0.0423806247424326,0.0545061268670967,0.0245079743259568,0.0580165434092425,0.0502753244621281,0.214188089748028,0.237334290062733,"Human_Breast_Andersson_10142021_ST_D4"
"Human_Breast_Andersson_10142021_ST_D4_13x16",0.0305205472244962,0.246044765235525,0.0399680800341694,0.0266386293614178,0.0403889477138182,0.0439325773763181,0.0671963407001555,0.147281985289608,0.358028127064493,"Human_Breast_Andersson_10142021_ST_D4"
"Human_Breast_Andersson_10142021_ST_D4_13x17",0.0124130437077332,0.347395950303375,0.0299212804695483,0.0186605001657853,0.00966041203493201,0.0876036741159527,0.0346426273484866,0.177573773689288,0.282128738164899,"Human_Breast_Andersson_10142021_ST_D4"
"Human_Breast_Andersson_10142021_ST_D4_13x18",0.0134377763199169,0.262996328494346,0.0631834494424908,0.0203861039421528,0.00719402831414243,0.0744593276488633,0.0583576812993973,0.119513959536314,0.380471345002376,"Human_Breast_Andersson_10142021_ST_D4"
"Human_Breast_Andersson_10142021_ST_D4_13x19",0.0198434408053864,0.368669790094018,0.0510840194273052,0.036074201896746,0.0190613373770533,0.0774059803466535,0.0409859211171165,0.190579791813328,0.196295517122393,"Human_Breast_Andersson_10142021_ST_D4"
"Human_Breast_Andersson_10142021_ST_D4_13x20",0.00888316438147787,0.382894501653314,0.109980819166979,0.0336049311283423,0.00689577557829934,0.0829127073998243,0.024485808176762,0.158257354364102,0.1920849381509,"Human_Breast_Andersson_10142021_ST_D4"
"Human_Breast_Andersson_10142021_ST_D4_13x21",0.0133933393402737,0.273113395357089,0.153346184565777,0.0134695891375072,0.013447418400784,0.252021925499144,0.0167506475912366,0.176854117116118,0.0876033829920702,"Human_Breast_Andersson_10142021_ST_D4"
"Human_Breast_Andersson_10142021_ST_D4_13x22",0.0154047831029701,0.62341040869777,0.038009362187812,0.0587745540603939,0.00492036784147982,0.190697359596145,0.0038688786814812,0.0482152253554345,0.0166990604765126,"Human_Breast_Andersson_10142021_ST_D4"
"Human_Breast_Andersson_10142021_ST_D4_13x23",0.000845994726743871,0.334317291164167,0.204882624733202,0.00367650509342705,0.00103225864352138,0.259746475290324,0.00285102696620915,0.179929165505745,0.0127186578766605,"Human_Breast_Andersson_10142021_ST_D4"
"Human_Breast_Andersson_10142021_ST_D4_13x24",0.00131623272273975,0.352305531078358,0.15807475951388,0.00500796986994238,0.00211797338484919,0.199554392017046,0.0148245141711755,0.223038071650143,0.043760555591865,"Human_Breast_Andersson_10142021_ST_D4"
"Human_Breast_Andersson_10142021_ST_D4_13x25",0.0106750050988053,0.213362187448472,0.162056649106102,0.00274626094877357,0.0011196198494976,0.147776461265988,0.00717343836678354,0.338830814002795,0.116259563912782,"Human_Breast_Andersson_10142021_ST_D4"
"Human_Breast_Andersson_10142021_ST_D4_13x26",0.0490291768162318,0.233547890137115,0.105638478731223,0.0832032458874033,0.031502583876546,0.124433245722831,0.0318770422070389,0.169419499629868,0.171348836991744,"Human_Breast_Andersson_10142021_ST_D4"
"Human_Breast_Andersson_10142021_ST_D4_13x27",0.0525625987053509,0.420270477458999,0.0705171053698853,0.00325320793958691,0.00280802719039505,0.224879992447188,0.0105435878691739,0.144680640946641,0.0704843620727798,"Human_Breast_Andersson_10142021_ST_D4"
"Human_Breast_Andersson_10142021_ST_D4_14x10",0.0773275140363978,0.218139788040751,0.0394372184926273,0.0697807901013052,0.0436972183459409,0.143073979920036,0.0550782909543727,0.133446204946138,0.220018995162431,"Human_Breast_Andersson_10142021_ST_D4"
"Human_Breast_Andersson_10142021_ST_D4_14x11",0.0371559524472464,0.343815345890797,0.0665483112263316,0.0379226905495977,0.00844998323539868,0.27572464546861,0.0241508496531084,0.0912967667233264,0.114935454805584,"Human_Breast_Andersson_10142021_ST_D4"
"Human_Breast_Andersson_10142021_ST_D4_14x12",0.031070168420206,0.280527720568782,0.0441433354414421,0.0891306789757875,0.0146785200878954,0.252676725946511,0.0150840359295594,0.143118719850982,0.129570094778834,"Human_Breast_Andersson_10142021_ST_D4"
"Human_Breast_Andersson_10142021_ST_D4_14x13",0.0247136717311086,0.306650552247832,0.0143121109413321,0.0219974185422218,0.0651373133283181,0.110271505001036,0.062810507709503,0.131659127761227,0.262447792737422,"Human_Breast_Andersson_10142021_ST_D4"
"Human_Breast_Andersson_10142021_ST_D4_14x14",0.0129418896974224,0.247409626395082,0.0630068374705101,0.0830513115319556,0.038747604980217,0.0532928812665074,0.0763204769548442,0.0907487369630022,0.33448063474046,"Human_Breast_Andersson_10142021_ST_D4"
"Human_Breast_Andersson_10142021_ST_D4_14x15",0.0216815238142109,0.410262639146327,0.0606724090770515,0.0176955106341727,0.00775636218242769,0.0524466681037446,0.0484172174346358,0.0939696374275234,0.287098032179906,"Human_Breast_Andersson_10142021_ST_D4"
"Human_Breast_Andersson_10142021_ST_D4_14x16",0.0137365575975439,0.275708878893201,0.0289607715729059,0.0123833597186876,0.0126087760547661,0.0366702089764614,0.0803831701292802,0.175415318303238,0.364132958753917,"Human_Breast_Andersson_10142021_ST_D4"
"Human_Breast_Andersson_10142021_ST_D4_14x17",0.0173338415496219,0.244880999565393,0.0455639258169775,0.0300415152402807,0.0241110223508497,0.0577872380162653,0.0827947452020473,0.29011305733699,0.207373654921575,"Human_Breast_Andersson_10142021_ST_D4"
"Human_Breast_Andersson_10142021_ST_D4_14x18",0.0367977212783622,0.285441685398454,0.0949751161318154,0.00964322375023631,0.0046034777769274,0.120644433898549,0.0700926195681826,0.120947532421282,0.256854189776191,"Human_Breast_Andersson_10142021_ST_D4"
"Human_Breast_Andersson_10142021_ST_D4_14x19",0.0247667773344759,0.238818319438272,0.0788044788255621,0.0275959816090831,0.0151953018479866,0.0675932265577194,0.130412856464592,0.0407941949566363,0.376018862965672,"Human_Breast_Andersson_10142021_ST_D4"
"Human_Breast_Andersson_10142021_ST_D4_14x20",0.0153336574024,0.24185339331664,0.123474504232383,0.0193817295975906,0.0197550183478535,0.0996883823851551,0.0691119710802727,0.0638448187081058,0.347556524929599,"Human_Breast_Andersson_10142021_ST_D4"
"Human_Breast_Andersson_10142021_ST_D4_14x21",0.00598504067936786,0.488398558058325,0.0326286344500499,0.00699242426295658,0.00655588557908444,0.166680801414818,0.0129234457238253,0.190375481454214,0.0894597283773593,"Human_Breast_Andersson_10142021_ST_D4"
"Human_Breast_Andersson_10142021_ST_D4_14x22",0.0243540543976929,0.269775216910997,0.15614867000778,0.0288540988159345,0.00196843135236616,0.23395187419579,0.0193827543050079,0.208234403252593,0.057330496761837,"Human_Breast_Andersson_10142021_ST_D4"
"Human_Breast_Andersson_10142021_ST_D4_14x23",0.00412645527414615,0.38256784489587,0.0548825555020383,0.0210371320586819,0.00281143527948074,0.187511609038127,0.0156174384376299,0.280471926927044,0.0509736025869822,"Human_Breast_Andersson_10142021_ST_D4"
"Human_Breast_Andersson_10142021_ST_D4_14x24",0.000750663725499547,0.179396693079038,0.343338934383315,0.0571142770374153,0.00148626931152048,0.200668960348518,0.0120407319084916,0.164391842405639,0.0408116278005626,"Human_Breast_Andersson_10142021_ST_D4"
"Human_Breast_Andersson_10142021_ST_D4_14x25",0.00870435253932944,0.30224316664948,0.18064409545296,0.0374856666831982,0.00428643780542127,0.24029280141294,0.0106853159808692,0.183381423189322,0.0322767402864795,"Human_Breast_Andersson_10142021_ST_D4"
"Human_Breast_Andersson_10142021_ST_D4_14x26",0.00230433803914178,0.318424854219091,0.0847386292485323,0.00555869216980186,0.00151386344356913,0.203780260197418,0.00910405647123825,0.220368016497443,0.154207289713765,"Human_Breast_Andersson_10142021_ST_D4"
"Human_Breast_Andersson_10142021_ST_D4_14x27",0.0228446332219001,0.275717069849185,0.0985140333422933,0.00378767659814812,0.000457208026001255,0.314319015158621,0.00586083714991729,0.179206282294953,0.0992932443589815,"Human_Breast_Andersson_10142021_ST_D4"
"Human_Breast_Andersson_10142021_ST_D4_15x10",0.0113358733452983,0.296899368033514,0.0165764992255918,0.0294504146876204,0.0149926573789845,0.179299296460383,0.103333110157384,0.0592293100675679,0.288883470643655,"Human_Breast_Andersson_10142021_ST_D4"
"Human_Breast_Andersson_10142021_ST_D4_15x11",0.00301278118484049,0.279285808152108,0.0324421694375622,0.265685581489345,0.0514071452062004,0.148129917940006,0.0164958741740884,0.0853469840892515,0.118193738326598,"Human_Breast_Andersson_10142021_ST_D4"
"Human_Breast_Andersson_10142021_ST_D4_15x12",0.0155179618246595,0.305808205136695,0.0722076147044824,0.219881202251073,0.05099010104679,0.221098842797284,0.0142126439735336,0.051690060055945,0.0485933682095378,"Human_Breast_Andersson_10142021_ST_D4"
"Human_Breast_Andersson_10142021_ST_D4_15x13",0.0141187028179106,0.252827508305495,0.0171138004441938,0.15998605027549,0.0954761554445217,0.242173061321304,0.0147416232522217,0.103107003469527,0.100456094669335,"Human_Breast_Andersson_10142021_ST_D4"
"Human_Breast_Andersson_10142021_ST_D4_15x14",0.0726022165647412,0.238603821853193,0.0754273138640822,0.018395536637947,0.0206605250133014,0.0653465907090366,0.0765624451930644,0.142919228257289,0.289482321907345,"Human_Breast_Andersson_10142021_ST_D4"
"Human_Breast_Andersson_10142021_ST_D4_15x15",0.0141287740643354,0.218038243366818,0.0377787277602038,0.0189577453813626,0.0185689622412967,0.0976720912100986,0.0636428045080212,0.212311155609357,0.318901495858507,"Human_Breast_Andersson_10142021_ST_D4"
"Human_Breast_Andersson_10142021_ST_D4_15x16",0.0160609679489877,0.216993869123554,0.0757719035700099,0.027487184356774,0.0270477901083393,0.0687995592782637,0.0705857528692004,0.123759553419198,0.373493419325673,"Human_Breast_Andersson_10142021_ST_D4"
"Human_Breast_Andersson_10142021_ST_D4_15x17",0.0119634822635205,0.289858236782771,0.0272307011925456,0.0238462769596096,0.0160434200922189,0.0628517931587192,0.0573881771025492,0.162890411544684,0.347927500903381,"Human_Breast_Andersson_10142021_ST_D4"
"Human_Breast_Andersson_10142021_ST_D4_15x18",0.0143227049691013,0.204827341419184,0.0346837061753377,0.0511906961033133,0.0472513160447544,0.0834100617467235,0.0906137339199443,0.065929142821155,0.407771296800486,"Human_Breast_Andersson_10142021_ST_D4"
"Human_Breast_Andersson_10142021_ST_D4_15x19",0.018115265315887,0.307858686638837,0.0760830710145842,0.0172098447116596,0.00972703259869446,0.096408496563873,0.073436820016859,0.0996365693037815,0.301524213835825,"Human_Breast_Andersson_10142021_ST_D4"
"Human_Breast_Andersson_10142021_ST_D4_15x20",0.00267540326356025,0.276688542427484,0.172689916258307,0.00959603393734105,0.00238583724624639,0.127018543709878,0.0249185832049661,0.20604242379757,0.177984716154648,"Human_Breast_Andersson_10142021_ST_D4"
"Human_Breast_Andersson_10142021_ST_D4_15x21",0.0054696605380763,0.227829465133961,0.121039818531623,0.0182622928206508,0.00331056825581397,0.282469664024146,0.0153829920130183,0.270252162491517,0.0559833761911932,"Human_Breast_Andersson_10142021_ST_D4"
"Human_Breast_Andersson_10142021_ST_D4_15x22",0.0430138144522439,0.283968313632641,0.103194675805431,0.081085742458779,0.00225475286883997,0.146186056919587,0.0144488858396513,0.217403137566577,0.10844462045625,"Human_Breast_Andersson_10142021_ST_D4"
"Human_Breast_Andersson_10142021_ST_D4_15x23",0.0241647759381602,0.198204664966218,0.287226667425318,0.0456239830436492,0.0250774022339457,0.200117735116338,0.0120956454077096,0.189792495547669,0.0176966303209919,"Human_Breast_Andersson_10142021_ST_D4"
"Human_Breast_Andersson_10142021_ST_D4_15x24",0.0102681975260471,0.288561167240971,0.196135454608255,0.0341870059314632,0.0303589302072153,0.245943565779298,0.0014563764946378,0.177972232645072,0.0151170695670406,"Human_Breast_Andersson_10142021_ST_D4"
"Human_Breast_Andersson_10142021_ST_D4_15x25",0.00295501348627728,0.426536367506405,0.039645393190503,0.0401259520993581,0.0123230912501126,0.264435056295966,0.00306917383247303,0.167089455550911,0.0438204967879939,"Human_Breast_Andersson_10142021_ST_D4"
"Human_Breast_Andersson_10142021_ST_D4_15x26",0.00415571629691763,0.333033611042479,0.118438413564362,0.00522502409622366,0.00130768978421785,0.285264562570156,0.0258353549508829,0.1636130811928,0.0631265465019616,"Human_Breast_Andersson_10142021_ST_D4"
"Human_Breast_Andersson_10142021_ST_D4_15x27",0.00581531759444257,0.264756932305807,0.161209583479734,0.0128335575976904,0.0160064263252313,0.282875758729071,0.0281600194728639,0.0880646598839149,0.140277744611245,"Human_Breast_Andersson_10142021_ST_D4"
"Human_Breast_Andersson_10142021_ST_D4_16x10",0.161905935940093,0.210207335735407,0.0763782314295152,0.026177253344741,0.0356086644376033,0.155846202529974,0.00589582730313933,0.152202677373699,0.175777871905829,"Human_Breast_Andersson_10142021_ST_D4"
"Human_Breast_Andersson_10142021_ST_D4_16x11",0.0512205074815964,0.26570396197854,0.0436841607435344,0.127734482180657,0.0633238689495726,0.260217880605497,0.0375168260935424,0.0557786132753058,0.0948196986917543,"Human_Breast_Andersson_10142021_ST_D4"
"Human_Breast_Andersson_10142021_ST_D4_16x12",0.0144033375512527,0.330793746350977,0.0294973223513554,0.188279139156231,0.014591077470095,0.28790620847294,0.0137857413027181,0.110878330169047,0.00986509717538362,"Human_Breast_Andersson_10142021_ST_D4"
"Human_Breast_Andersson_10142021_ST_D4_16x13",0.0431118611836367,0.247464743882003,0.180862177423902,0.0547390602706583,0.0119393856131404,0.17415101743815,0.0290258003791328,0.115091598736527,0.143614355072849,"Human_Breast_Andersson_10142021_ST_D4"
"Human_Breast_Andersson_10142021_ST_D4_16x14",0.00989237973486955,0.224718088418497,0.0301534005717805,0.00388817990773477,0.00259429928678243,0.122369821823321,0.039103442683393,0.375478527343729,0.191801860229892,"Human_Breast_Andersson_10142021_ST_D4"
"Human_Breast_Andersson_10142021_ST_D4_16x15",0.0161840506857104,0.311393223594999,0.0193801709204548,0.0783684578254365,0.0769194598511215,0.140954663675185,0.0337907292053815,0.158208680170431,0.16480056407128,"Human_Breast_Andersson_10142021_ST_D4"
"Human_Breast_Andersson_10142021_ST_D4_16x16",0.0093792834369993,0.301371059364774,0.00971064153193761,0.0738036733355476,0.0122704506908677,0.070639004511021,0.15292073049655,0.0115283693209273,0.358376787311376,"Human_Breast_Andersson_10142021_ST_D4"
"Human_Breast_Andersson_10142021_ST_D4_16x17",0.0147852661295553,0.233018126792651,0.0666375447520936,0.0595328414086565,0.0300121810515146,0.0633234352315565,0.13181597105313,0.082090294501218,0.318784339079624,"Human_Breast_Andersson_10142021_ST_D4"
"Human_Breast_Andersson_10142021_ST_D4_16x18",0.0237073429641583,0.178454840622458,0.106364455460038,0.00830812425196103,0.00634012330751263,0.169382468394267,0.0349068218696942,0.218378057135784,0.254157765994127,"Human_Breast_Andersson_10142021_ST_D4"
"Human_Breast_Andersson_10142021_ST_D4_16x19",0.013481063971521,0.231136531362376,0.0299055782246867,0.0277214557401508,0.0216267866516163,0.107684489811391,0.104058074439196,0.126231669054586,0.338154350744477,"Human_Breast_Andersson_10142021_ST_D4"
"Human_Breast_Andersson_10142021_ST_D4_16x20",0.0115796265078078,0.29222173841176,0.0334406785748088,0.100141018720588,0.0189872558950416,0.221079451450209,0.00811520254569937,0.170559771196783,0.143875256697302,"Human_Breast_Andersson_10142021_ST_D4"
"Human_Breast_Andersson_10142021_ST_D4_16x21",0.0245274008841959,0.275529460777994,0.121083870261849,0.0148904393429735,0.00482394332216252,0.3328168593901,0.0135214854610309,0.121181675519762,0.091624865039933,"Human_Breast_Andersson_10142021_ST_D4"
"Human_Breast_Andersson_10142021_ST_D4_16x22",0.000637855738900106,0.296678731693802,0.147172052903273,0.0158587959029921,0.00517948244268364,0.237511021399833,0.0154937500072677,0.192850173769737,0.0886181361415106,"Human_Breast_Andersson_10142021_ST_D4"
"Human_Breast_Andersson_10142021_ST_D4_16x23",0.0377444245135816,0.273853325600935,0.222615670842217,0.0361977536600662,0.0641885414572334,0.224595283167491,0.0125732566377912,0.0886927295388196,0.0395390145818656,"Human_Breast_Andersson_10142021_ST_D4"
"Human_Breast_Andersson_10142021_ST_D4_16x24",0.0349632966153832,0.373546228670112,0.0898321129810813,0.0113005345285171,0.00741264860938782,0.2388935340168,0.00522736997140816,0.190625344054071,0.0481989305532397,"Human_Breast_Andersson_10142021_ST_D4"
"Human_Breast_Andersson_10142021_ST_D4_16x25",0.00437053725387848,0.231682032993718,0.0357134258526492,0.0113415522986107,0.00638182797621146,0.173905761031574,0.0413212552308541,0.376573791694592,0.118709815667912,"Human_Breast_Andersson_10142021_ST_D4"
"Human_Breast_Andersson_10142021_ST_D4_16x26",0.00188245860543492,0.264791501435969,0.127483027028443,0.00299800202730656,0.00169395901140627,0.280923083605446,0.0211041798229304,0.15311118543809,0.146012603024972,"Human_Breast_Andersson_10142021_ST_D4"
"Human_Breast_Andersson_10142021_ST_D4_16x27",0.00844060507139449,0.269534140424349,0.127422931460223,0.0152799758220627,0.00282902763165415,0.227225762320168,0.0275609273985217,0.093358036880686,0.22834859299094,"Human_Breast_Andersson_10142021_ST_D4"
"Human_Breast_Andersson_10142021_ST_D4_17x10",0.0189408120571491,0.238192734573048,0.114430805689648,0.00986087633330119,0.084743145876024,0.0864214540942552,0.018924769097634,0.318363380260054,0.110122022018886,"Human_Breast_Andersson_10142021_ST_D4"
"Human_Breast_Andersson_10142021_ST_D4_17x11",0.0463048086958409,0.238504692746248,0.135758460581731,0.353781634710836,0.0342384122618963,0.104469550762971,0.00420501388546881,0.0248786572938031,0.0578587690612053,"Human_Breast_Andersson_10142021_ST_D4"
"Human_Breast_Andersson_10142021_ST_D4_17x12",0.0608502845007783,0.368253585022951,0.0577096518432327,0.115794335725737,0.0126565407700271,0.226428908790651,0.0546889850966859,0.0206578836209168,0.0829598246290208,"Human_Breast_Andersson_10142021_ST_D4"
"Human_Breast_Andersson_10142021_ST_D4_17x13",0.0136256811196739,0.194138225122747,0.136784390200718,0.0195891079578593,0.00605761878657615,0.300209616935429,0.0176811970680537,0.179744984975186,0.132169177833756,"Human_Breast_Andersson_10142021_ST_D4"
"Human_Breast_Andersson_10142021_ST_D4_17x15",0.00202196840142823,0.316504333583651,0.0130741282037993,0.212021902361917,0.046440384919221,0.149483633030907,0.0108366497919771,0.0218771986082731,0.227739801098826,"Human_Breast_Andersson_10142021_ST_D4"
"Human_Breast_Andersson_10142021_ST_D4_17x16",0.00916554916499409,0.230070551849415,0.0338063667622122,0.169740075965927,0.0707835363792083,0.134046996725616,0.0318084058232746,0.0950363121008123,0.22554220522854,"Human_Breast_Andersson_10142021_ST_D4"
"Human_Breast_Andersson_10142021_ST_D4_17x17",0.0202471893459567,0.248926098452363,0.0299605072839,0.10132336132095,0.0664308957176386,0.169381540633032,0.0414340111657149,0.100235480451385,0.222060915629059,"Human_Breast_Andersson_10142021_ST_D4"
"Human_Breast_Andersson_10142021_ST_D4_17x18",0.0233409028355934,0.234917242600473,0.128760442249566,0.0191074858058389,0.0145900102931927,0.208414329317224,0.0229457643068661,0.206768000918538,0.141155821672708,"Human_Breast_Andersson_10142021_ST_D4"
"Human_Breast_Andersson_10142021_ST_D4_17x19",0.0061086222939389,0.23687913155897,0.178037465914905,0.0638409685800054,0.0125806157496438,0.239072369739506,0.0374671326309915,0.081314373929358,0.144699319602681,"Human_Breast_Andersson_10142021_ST_D4"
"Human_Breast_Andersson_10142021_ST_D4_17x20",0.0125969839981577,0.279908023969723,0.129840698190707,0.0116455029531316,0.00565637537465667,0.232234796354877,0.014291013039018,0.177988227175024,0.135838378944704,"Human_Breast_Andersson_10142021_ST_D4"
"Human_Breast_Andersson_10142021_ST_D4_17x21",0.0122416196549968,0.29889631999805,0.0541246547477103,0.00939183139293291,0.0322694434817239,0.192588842185495,0.0247597025029709,0.309541931709242,0.0661856543268791,"Human_Breast_Andersson_10142021_ST_D4"
"Human_Breast_Andersson_10142021_ST_D4_17x22",0.00987316288922812,0.252213141216683,0.0722294480537566,0.0379669946369385,0.00802149311273052,0.289960635755985,0.0156859643665759,0.210936535971856,0.103112623996247,"Human_Breast_Andersson_10142021_ST_D4"
"Human_Breast_Andersson_10142021_ST_D4_17x23",0.0452130250086422,0.274271895887086,0.100517549956357,0.0439941680708689,0.0535605509037701,0.2987628908361,0.0100865414605913,0.131131952889567,0.042461424987018,"Human_Breast_Andersson_10142021_ST_D4"
"Human_Breast_Andersson_10142021_ST_D4_17x24",0.00589625719434544,0.217305022934818,0.0930300303777356,0.0708220728688908,0.0166770117121281,0.278594384429795,0.0247526482577221,0.143289081438124,0.14963349078644,"Human_Breast_Andersson_10142021_ST_D4"
"Human_Breast_Andersson_10142021_ST_D4_17x25",0.00580925773712642,0.199316087329047,0.205715037869832,0.00605689068058627,0.00587651370676007,0.145323551188442,0.0465716748005248,0.202954443024313,0.18237654366337,"Human_Breast_Andersson_10142021_ST_D4"
"Human_Breast_Andersson_10142021_ST_D4_17x26",0.0131828439360123,0.244886836519522,0.0765529926839968,0.00569068036060248,0.00199285804669328,0.0733549653514461,0.0354795206797396,0.288064596116578,0.260794706305409,"Human_Breast_Andersson_10142021_ST_D4"
"Human_Breast_Andersson_10142021_ST_D4_17x27",0.020301064759649,0.155581148169415,0.105659876039752,0.00353123094081904,0.00284330145174666,0.0694061500400454,0.0952950163153927,0.280552210199929,0.266830002083251,"Human_Breast_Andersson_10142021_ST_D4"
"Human_Breast_Andersson_10142021_ST_D4_18x11",0.00184003767700147,0.111869377732243,0.226696168063774,0.0963475493558682,0.0417927475078558,0.0724364313523374,0.00987421193851244,0.295612231590432,0.143531244781975,"Human_Breast_Andersson_10142021_ST_D4"
"Human_Breast_Andersson_10142021_ST_D4_18x12",0.00311960691004355,0.170671662055204,0.218681063871392,0.0395349824030196,0.00382412493549513,0.334974287361334,0.0229200709036718,0.127904685586336,0.0783695159735037,"Human_Breast_Andersson_10142021_ST_D4"
"Human_Breast_Andersson_10142021_ST_D4_18x13",0.0158150991174721,0.389862932509299,0.135737637654589,0.00765578468907953,0.00939338048298428,0.189608944901046,0.0318551449412652,0.0583132140248999,0.161757861679365,"Human_Breast_Andersson_10142021_ST_D4"
"Human_Breast_Andersson_10142021_ST_D4_18x14",0.0224460574556473,0.238803724675514,0.0059420378268754,0.279105877964179,0.0536479680578195,0.141770598311033,0.00812483240915522,0.177346482804786,0.0728124204949916,"Human_Breast_Andersson_10142021_ST_D4"
"Human_Breast_Andersson_10142021_ST_D4_18x15",0.112490511711228,0.191681303579543,0.0764935685656148,0.019010108503443,0.015854326918764,0.311826665482003,0.0758337930682334,0.00158131918154981,0.195228402989621,"Human_Breast_Andersson_10142021_ST_D4"
"Human_Breast_Andersson_10142021_ST_D4_18x16",0.057496222811219,0.202547312019383,0.0400336637470474,0.243504521370148,0.189142497052164,0.195174654916544,0.0188970410004727,0.00417171060854115,0.0490323764744804,"Human_Breast_Andersson_10142021_ST_D4"
"Human_Breast_Andersson_10142021_ST_D4_18x17",0.00599567770696279,0.137690879201384,0.0141140224871291,0.143930006249711,0.129069343283362,0.231285085826835,0.0058969100498762,0.252187056492415,0.0798310187023249,"Human_Breast_Andersson_10142021_ST_D4"
"Human_Breast_Andersson_10142021_ST_D4_18x18",0.0162894996589591,0.198005216413048,0.0542486781406515,0.106891218922551,0.0576258560138927,0.202397552136054,0.0191197666591399,0.195582153962797,0.149840058092906,"Human_Breast_Andersson_10142021_ST_D4"
"Human_Breast_Andersson_10142021_ST_D4_18x19",0.0277522948315255,0.158777402158288,0.0761125859488676,0.00856201640306293,0.00876637509103891,0.193478624509929,0.0042598066428109,0.39933372782988,0.122957166584596,"Human_Breast_Andersson_10142021_ST_D4"
"Human_Breast_Andersson_10142021_ST_D4_18x21",0.00598988891899378,0.344025321558741,0.0319044489725968,0.156006005157241,0.0100462959812518,0.243859561443325,0.0169486060076825,0.0985507270598803,0.0926691449002873,"Human_Breast_Andersson_10142021_ST_D4"
"Human_Breast_Andersson_10142021_ST_D4_18x22",0.0272289699844506,0.306266113109367,0.036935565153383,0.0103142984262717,0.00176091082190718,0.218033018708684,0.00745037157840554,0.361891448120058,0.0301193040974742,"Human_Breast_Andersson_10142021_ST_D4"
"Human_Breast_Andersson_10142021_ST_D4_18x23",0.00592390162019499,0.3560154227317,0.0237638400600142,0.0320210545706776,0.016282089184193,0.305569972760745,0.00109928490272388,0.242695036161647,0.016629398008104,"Human_Breast_Andersson_10142021_ST_D4"
"Human_Breast_Andersson_10142021_ST_D4_18x24",0.0175964503603478,0.232915110614611,0.0785367670849813,0.0303485204174933,0.0294107666106741,0.215977155476844,0.01658057388898,0.192224636156242,0.186410019389827,"Human_Breast_Andersson_10142021_ST_D4"
"Human_Breast_Andersson_10142021_ST_D4_18x25",0.00467743537188138,0.132280953675134,0.0826082339601445,0.0203637895672453,0.00753397093865501,0.0916591255558751,0.0565886208621872,0.356141870182599,0.248145999886279,"Human_Breast_Andersson_10142021_ST_D4"
"Human_Breast_Andersson_10142021_ST_D4_18x26",0.00619386396875614,0.154905679180208,0.0458201533071637,0.0185300047617906,0.00749065845601011,0.230503196062321,0.0515268738275004,0.30622483644027,0.178804733995981,"Human_Breast_Andersson_10142021_ST_D4"
