"","Endothelial","CAFs","PVL","B-cells","T-cells","Myeloid","Normal Epithelial","Plasmablasts","Cancer Epithelial","sid"
"Human_Breast_Stahl_07012016_ST_Layer3_21.91x8.945",0.00566807157265168,0.00910448785556779,0.0288864812950252,0.00360701596340838,0.00163784699080622,0.00696863742610454,0.202561777343197,0.333341237379583,0.408224444173656,"Human_Breast_Stahl_07012016_ST_Layer3"
"Human_Breast_Stahl_07012016_ST_Layer3_23.14x9.057",0.00932506318014608,0.073905481106872,0.00398780685525261,0.000252140345025138,0.0010798301229076,0.0564141528891098,0.155329629398953,0.541958676669082,0.157747219432652,"Human_Breast_Stahl_07012016_ST_Layer3"
"Human_Breast_Stahl_07012016_ST_Layer3_16.94x9.036",0.122314644021459,0.152786837133815,0.0464982974881291,0.108352356326472,0.0190343888051194,0.00274981566805146,0.192611306011716,0.27161743817461,0.0840349163706282,"Human_Breast_Stahl_07012016_ST_Layer3"
"Human_Breast_Stahl_07012016_ST_Layer3_15.08x9.052",0.0158915161363697,0.163121114681393,0.0382682649525541,0.0287362505598171,0.0192580542603215,0.189402944804186,0.0925455468606496,0.204521459138427,0.248254848606282,"Human_Breast_Stahl_07012016_ST_Layer3"
"Human_Breast_Stahl_07012016_ST_Layer3_15.923x9.062",0.421249576997305,0.283606251862254,0.0700771954209111,0.000202066818391752,0.00196856575445609,0.0203938611377823,0.0227386260863533,0.0566182520673412,0.123145603855206,"Human_Breast_Stahl_07012016_ST_Layer3"
"Human_Breast_Stahl_07012016_ST_Layer3_21.953x9.917",0.0172923508146193,0.469693022721831,0.266514998199892,0.000984799651726031,0.00226882956569818,0.00101783722578585,0.00645851960633477,0.221484532940495,0.0142851092736175,"Human_Breast_Stahl_07012016_ST_Layer3"
"Human_Breast_Stahl_07012016_ST_Layer3_23.217x10.031",0.00619521116828241,0.217970674863907,0.0049428090295321,0.00190722154531837,0.0079476232289341,0.0333080702607893,0.182537681255224,0.332952045782082,0.21223866286593,"Human_Breast_Stahl_07012016_ST_Layer3"
"Human_Breast_Stahl_07012016_ST_Layer3_15.066x10.026",0.0137148912948329,0.256433116453774,0.182927908113602,0.0181624373656163,0.00465989695073884,0.0746869809450805,0.0896200599845674,0.0495455277414016,0.310249181150386,"Human_Breast_Stahl_07012016_ST_Layer3"
"Human_Breast_Stahl_07012016_ST_Layer3_17.975x10.023",0.0344169934547901,0.140263112934419,0.402767670824615,0.00125921043135478,0.00087762639919116,0.0183141084688129,0.039374023777273,0.330517958566628,0.0322092951429171,"Human_Breast_Stahl_07012016_ST_Layer3"
"Human_Breast_Stahl_07012016_ST_Layer3_13.997x10.029",0.00352188700851185,0.0948535732341789,0.0670950527117039,4.08692511734843e-05,0.000306777487584124,0.256715485553721,0.0941466203867962,0.304827477166996,0.178492257199334,"Human_Breast_Stahl_07012016_ST_Layer3"
"Human_Breast_Stahl_07012016_ST_Layer3_13.067x10.032",0.0664971697680523,0.22039623852736,0.020463823351014,0.00681188382525147,0.00353538519873936,0.339389124018038,0.0735654515148353,0.0276633879141823,0.241677535882527,"Human_Breast_Stahl_07012016_ST_Layer3"
"Human_Breast_Stahl_07012016_ST_Layer3_18.905x10.014",0.278992357233207,0.355511072621322,0.261548419218463,0.00173186877624998,0.000202116880729993,0.0236848116267421,0.0169617361173711,0.0568075785865174,0.00456003893939783,"Human_Breast_Stahl_07012016_ST_Layer3"
"Human_Breast_Stahl_07012016_ST_Layer3_16.978x10.032",0.0755089681007627,0.476876822952338,0.060935322822902,0.026551128859604,0.0152680008264671,0.0548047666150686,0.14157564020202,0.0494949156971056,0.0989844339237319,"Human_Breast_Stahl_07012016_ST_Layer3"
"Human_Breast_Stahl_07012016_ST_Layer3_16.035x10.042",0.0347839366048165,0.22766052983288,0.0858327191250668,0.00844521139823895,0.0179333828951661,0.106645126527334,0.189611262056042,0.144437047791012,0.184650783769443,"Human_Breast_Stahl_07012016_ST_Layer3"
"Human_Breast_Stahl_07012016_ST_Layer3_20.064x10.029",0.0110970433024079,0.0225396861883389,0.0256156251746384,0.00157064158172766,0.00333188601243938,0.0298465100104434,0.257019429049684,0.164318200776215,0.484660977904105,"Human_Breast_Stahl_07012016_ST_Layer3"
"Human_Breast_Stahl_07012016_ST_Layer3_18.988x10.882",0.0235336887635641,0.0190738218982372,0.222515494973584,0.00851460264641225,0.031502850288905,0.0983975944756568,0.187456846732889,0.155481507309582,0.253523592911169,"Human_Breast_Stahl_07012016_ST_Layer3"
"Human_Breast_Stahl_07012016_ST_Layer3_21.894x10.882",0.013181424653196,0.0507878787439562,0.0442080171550158,0.000596068042357737,0.00140519782739208,0.0531766359828631,0.215671046505312,0.155972603865958,0.46500112722395,"Human_Breast_Stahl_07012016_ST_Layer3"
"Human_Breast_Stahl_07012016_ST_Layer3_10.9x10.966",0.0234800611865321,0.0966915751215884,0.00674800195798461,0.0369629126541503,0.0743499439341623,0.0638248677210647,0.197413364187415,0.132642481564006,0.367886791673097,"Human_Breast_Stahl_07012016_ST_Layer3"
"Human_Breast_Stahl_07012016_ST_Layer3_20.978x10.96",0.00144692429085057,0.00186351304891575,0.00187244890549927,0.00086897584097254,0.00188745486526273,0.0233718779788662,0.398005185262212,0.0799909331940784,0.490692686613342,"Human_Breast_Stahl_07012016_ST_Layer3"
"Human_Breast_Stahl_07012016_ST_Layer3_20.026x10.981",0.0565888591135989,0.248538176297149,0.0691094637162152,0.0143070953279365,0.00657091052664246,0.0522294391068173,0.20832873069446,0.106735801601275,0.237591523615906,"Human_Breast_Stahl_07012016_ST_Layer3"
"Human_Breast_Stahl_07012016_ST_Layer3_23.144x11.007",0.057607111763069,0.394875149121524,0.122512326034475,0.00610685693034569,0.0294527012126302,0.105350197327987,0.0169263702675038,0.232767747638895,0.0344015397035717,"Human_Breast_Stahl_07012016_ST_Layer3"
"Human_Breast_Stahl_07012016_ST_Layer3_9.878x11.025",0.160606170709825,0.0799634330866055,0.393011902838847,0.00111520039400121,0.00241401018084274,0.0152080290068542,0.129348875185434,0.0791166739273244,0.139215704670266,"Human_Breast_Stahl_07012016_ST_Layer3"
"Human_Breast_Stahl_07012016_ST_Layer3_17.961x10.997",0.015247497843019,0.0401367659301698,0.445831152755957,7.25283357940813e-05,0.000818038953521567,0.217527958899476,0.0683226962869373,0.140290134606563,0.071753226388563,"Human_Breast_Stahl_07012016_ST_Layer3"
"Human_Breast_Stahl_07012016_ST_Layer3_12.097x11.03",0.0864486499226366,0.203911360158622,0.537007882985322,0.00234238820911449,0.000417190378752384,0.00261400540805472,0.0716418106094946,0.000224702410833609,0.0953920099171695,"Human_Breast_Stahl_07012016_ST_Layer3"
"Human_Breast_Stahl_07012016_ST_Layer3_16.945x11.013",0.0436070033763943,0.294227039878729,0.0164484503874043,0.0419461624467303,0.01180936941953,0.115112260784702,0.133726349279148,0.143622792036103,0.199500572391259,"Human_Breast_Stahl_07012016_ST_Layer3"
"Human_Breast_Stahl_07012016_ST_Layer3_12.988x11.02",0.00522428742792427,0.0913265160700047,0.295843106845202,0.0136979930830097,0.0304344618886104,0.110325777401969,0.108335580462641,0.241282681934571,0.103529594886068,"Human_Breast_Stahl_07012016_ST_Layer3"
"Human_Breast_Stahl_07012016_ST_Layer3_14.049x11.02",0.0017158116296063,0.114164058111116,0.0282563524495166,0.00345469016213013,0.00288881149340966,0.235641081665993,0.21576337486798,0.198880159222361,0.199235660397888,"Human_Breast_Stahl_07012016_ST_Layer3"
"Human_Breast_Stahl_07012016_ST_Layer3_14.97x11.039",0.0318569219144199,0.489590826459337,0.00219739738817286,0.00225735881271964,0.00091394600613814,0.0171641070414104,0.105759327417612,0.0332528169347686,0.317007298025422,"Human_Breast_Stahl_07012016_ST_Layer3"
"Human_Breast_Stahl_07012016_ST_Layer3_15.996x11.029",0.00758720666263804,0.291041150387195,0.148970019473419,0.00597351976622058,0.0103311097446649,0.0151703974095453,0.111132730821924,0.222669464021857,0.187124401712535,"Human_Breast_Stahl_07012016_ST_Layer3"
"Human_Breast_Stahl_07012016_ST_Layer3_21.902x11.876",0.00217379422768914,0.00101976356087769,0.000952910588868647,0.00053581138874667,0.000460495151816079,0.0144599407115654,0.416583832110523,0.151501760159812,0.412311692100101,"Human_Breast_Stahl_07012016_ST_Layer3"
"Human_Breast_Stahl_07012016_ST_Layer3_10.819x11.906",0.035666096140994,0.13252840657959,0.00812112976742177,0.0784694191963498,0.0221833827978813,0.0252548337879846,0.315611528071713,0.181085994589682,0.201079209068384,"Human_Breast_Stahl_07012016_ST_Layer3"
"Human_Breast_Stahl_07012016_ST_Layer3_20.127x11.949",0.0669295878632225,0.341336847136793,0.0361940131258458,0.0139259210818967,0.0338152187420364,0.143190788785911,0.0530869779058399,0.159998271776035,0.15152237358242,"Human_Breast_Stahl_07012016_ST_Layer3"
"Human_Breast_Stahl_07012016_ST_Layer3_18.948x11.982",0.0262383962156435,0.188083704003232,0.00487791462872429,0.00619150841286626,0.00148897476695698,0.00146809361607919,0.242152181669997,0.351413147625088,0.178086079061413,"Human_Breast_Stahl_07012016_ST_Layer3"
"Human_Breast_Stahl_07012016_ST_Layer3_9.918x11.98",0.00211246488019221,0.0701246118802179,0.347555518275957,0.000125302417365372,0.000299393297125911,0.23098436449744,0.175049376210023,0.0570433341336539,0.116705634408024,"Human_Breast_Stahl_07012016_ST_Layer3"
"Human_Breast_Stahl_07012016_ST_Layer3_12.1x12.027",0.192927762719479,0.107404321456032,0.243171297403923,0.000529202418460559,0.00285923772539421,0.128309802841996,0.06248767452438,0.0683907462641015,0.193919954646234,"Human_Breast_Stahl_07012016_ST_Layer3"
"Human_Breast_Stahl_07012016_ST_Layer3_14.008x12.005",0.0334956397190963,0.267764514173501,0.143653715049305,0.00369435092626413,0.0272154809740961,0.0466738310802189,0.308221218342557,0.020499675270312,0.148781574464649,"Human_Breast_Stahl_07012016_ST_Layer3"
"Human_Breast_Stahl_07012016_ST_Layer3_13.051x12.001",0.000565186730230804,0.301741286749407,0.22268871263955,6.44600208504153e-06,5.27936191250291e-05,0.0708830805820385,0.0771221113909795,0.0860135901234131,0.240926792163171,"Human_Breast_Stahl_07012016_ST_Layer3"
"Human_Breast_Stahl_07012016_ST_Layer3_9.026x12.0",0.0245547620087201,0.0930086064254704,0.19401766220941,0.166729519165947,0.0694697228870242,0.164898020390973,0.0409455441649639,0.130779966160155,0.115596196587338,"Human_Breast_Stahl_07012016_ST_Layer3"
"Human_Breast_Stahl_07012016_ST_Layer3_17.966x11.997",0.00292891238492584,0.00841225865352402,0.00681762248113154,0.000797624307581007,0.00324195783949064,0.040283854121605,0.144562574874496,0.2877935795209,0.505161615816346,"Human_Breast_Stahl_07012016_ST_Layer3"
"Human_Breast_Stahl_07012016_ST_Layer3_15.034x12.009",0.0659142198110163,0.267908244888589,0.234910396687672,0.00500515201225999,0.0039027049753094,0.0988454350957908,0.0757526126430308,0.00104961379849363,0.246711620087839,"Human_Breast_Stahl_07012016_ST_Layer3"
"Human_Breast_Stahl_07012016_ST_Layer3_20.959x12.004",0.0366832169458914,0.543657295034898,0.0599760372784187,0.0129678077998174,0.0106427476299641,0.0165915130789025,0.0906586958787638,0.135186644348734,0.09363604200461,"Human_Breast_Stahl_07012016_ST_Layer3"
"Human_Breast_Stahl_07012016_ST_Layer3_16.994x12.015",0.026282069083543,0.197908048616319,0.247244799501099,0.00712149547511086,0.00407080320156402,0.15025858791991,0.114148499372638,0.105445053147727,0.147520643682089,"Human_Breast_Stahl_07012016_ST_Layer3"
"Human_Breast_Stahl_07012016_ST_Layer3_23.198x12.041",0.016535922776069,0.170121822667478,0.0595013110031974,0.012080611801093,0.00399440994097351,0.0378454024527817,0.211825579095743,0.321603685464734,0.16649125479793,"Human_Breast_Stahl_07012016_ST_Layer3"
"Human_Breast_Stahl_07012016_ST_Layer3_21.916x12.895",0.00190688770116586,0.00223066708827973,0.00432418860696457,0.00141632035359931,0.0016176115212498,0.0531919161426473,0.247909740410369,0.174171630171598,0.513231038004127,"Human_Breast_Stahl_07012016_ST_Layer3"
"Human_Breast_Stahl_07012016_ST_Layer3_10.894x12.913",0.00864045600589258,0.248237812251994,0.0782217404399531,0.00358705174343569,0.00170953527118895,0.00739068438694939,0.233745093874914,0.0276338882929978,0.390833737732675,"Human_Breast_Stahl_07012016_ST_Layer3"
"Human_Breast_Stahl_07012016_ST_Layer3_20.061x12.953",0.00574847565549944,0.155604434461848,0.0108409986532878,0.00192874272422367,0.00248864600987692,0.0364617296064099,0.120402455375917,0.522027441678191,0.144497075834747,"Human_Breast_Stahl_07012016_ST_Layer3"
"Human_Breast_Stahl_07012016_ST_Layer3_17.915x12.951",0.00419856883631292,0.140548841424494,0.0210775148916114,0.00751596533111687,0.00524145809036104,0.0631219165382593,0.209007932591058,0.123030172219289,0.426257630077497,"Human_Breast_Stahl_07012016_ST_Layer3"
"Human_Breast_Stahl_07012016_ST_Layer3_20.979x12.956",0.0621907517322747,0.230833826970127,0.0972124756398768,0.068090492504885,0.0379062642824019,0.258862742180363,0.058163932653784,0.029192923392101,0.157546590644187,"Human_Breast_Stahl_07012016_ST_Layer3"
"Human_Breast_Stahl_07012016_ST_Layer3_9.041x12.957",0.00287607480051688,0.129946026669583,0.175107691153849,8.46453213367522e-05,0.000178236218089824,0.185606104749763,0.228730762115523,0.043757750218833,0.233712708752506,"Human_Breast_Stahl_07012016_ST_Layer3"
"Human_Breast_Stahl_07012016_ST_Layer3_18.989x12.975",0.0121493992535819,0.0710106434680182,0.324696363517868,0.0020434388876178,0.00371554264903488,0.0907006950956052,0.0805571393758065,0.321769087897255,0.0933576898552125,"Human_Breast_Stahl_07012016_ST_Layer3"
"Human_Breast_Stahl_07012016_ST_Layer3_23.191x13.006",0.00266143846027259,0.00519355762070162,0.00430247899775339,0.00395403359372466,0.00478603292679544,0.0478855354904734,0.30598294462588,0.0617408214041446,0.563493156880254,"Human_Breast_Stahl_07012016_ST_Layer3"
"Human_Breast_Stahl_07012016_ST_Layer3_5.921x12.991",0.00393885600175937,0.095408128551694,0.0544281711469814,0.0804000071251261,0.0543996680632941,0.00540920395120276,0.370016504689315,0.116479639663507,0.219519820807121,"Human_Breast_Stahl_07012016_ST_Layer3"
"Human_Breast_Stahl_07012016_ST_Layer3_17.002x12.98",0.0138170234994255,0.28685968083946,0.0224976839663075,0.00285756936459838,0.00125859833559604,0.304942713748094,0.139681447066013,0.041735608049304,0.186349675131201,"Human_Breast_Stahl_07012016_ST_Layer3"
"Human_Breast_Stahl_07012016_ST_Layer3_12.111x13.017",0.0504196473113835,0.253329198025274,0.365471069514642,0.00237503751597087,0.00214211383747088,0.0943816635543363,0.0215484061065193,0.112796766099599,0.0975360980348029,"Human_Breast_Stahl_07012016_ST_Layer3"
"Human_Breast_Stahl_07012016_ST_Layer3_9.873x12.989",0.153925622550783,0.13495754324513,0.192595528469245,0.0102508985856422,0.0180157359937741,0.0376698814903569,0.11439093106651,0.169255621006109,0.16893823759245,"Human_Breast_Stahl_07012016_ST_Layer3"
"Human_Breast_Stahl_07012016_ST_Layer3_14.008x12.992",0.0417709205977175,0.162067388584903,0.00474284788194807,0.000155051368443001,0.00019695723539812,0.0134364711646586,0.159132833645708,0.515086151724754,0.10341137779647,"Human_Breast_Stahl_07012016_ST_Layer3"
"Human_Breast_Stahl_07012016_ST_Layer3_6.944x13.003",0.164455577930443,0.102484818371154,0.00934859597124672,0.161363960846477,0.0187388522848875,0.0524141945017314,0.257119108688649,0.00333487620966169,0.23074001519575,"Human_Breast_Stahl_07012016_ST_Layer3"
"Human_Breast_Stahl_07012016_ST_Layer3_7.853x12.993",0.0277581876520216,0.108103547396537,0.482099725133449,0.00152120562436837,0.00422321093275282,0.079831015881202,0.00651891964276327,0.253300716211177,0.0366434715257287,"Human_Breast_Stahl_07012016_ST_Layer3"
"Human_Breast_Stahl_07012016_ST_Layer3_13.028x13.006",0.0157522888826678,0.200705007158064,0.148280139137525,0.0122513062593711,0.00749575431974499,0.10769313220278,0.0473186310747574,0.275223926525349,0.18527981443974,"Human_Breast_Stahl_07012016_ST_Layer3"
"Human_Breast_Stahl_07012016_ST_Layer3_15.982x13.007",0.00640023034183416,0.582573179304527,0.00574095491319703,0.00514933186367667,0.011525905200659,0.0391868007315825,0.125311191042946,0.0366668155707453,0.187445591030832,"Human_Breast_Stahl_07012016_ST_Layer3"
"Human_Breast_Stahl_07012016_ST_Layer3_24.049x13.007",0.0159528262371553,0.221153669368807,0.0823158590794355,0.044648216924067,0.0259652840797629,0.110523484373873,0.0682595924309478,0.158179351118663,0.273001716387288,"Human_Breast_Stahl_07012016_ST_Layer3"
"Human_Breast_Stahl_07012016_ST_Layer3_14.974x13.011",0.00524040187653202,0.181945775453571,0.053312015908476,0.00255017318663661,0.00165529566827018,0.304190033544571,0.135093675837928,0.14368653830042,0.172326090223596,"Human_Breast_Stahl_07012016_ST_Layer3"
"Human_Breast_Stahl_07012016_ST_Layer3_21.935x13.915",0.102654594807645,0.150574025030851,0.150742905017612,0.00477489895153707,0.0148686593964407,0.0467192968273099,0.192824026793349,0.0197780173440617,0.317063575831194,"Human_Breast_Stahl_07012016_ST_Layer3"
"Human_Breast_Stahl_07012016_ST_Layer3_10.832x13.965",0.00144418794988831,0.225244636715655,0.0408845419342447,0.00977743336528659,0.00142535900077497,0.00935662182316488,0.219532103184059,0.271806441026275,0.220528675000652,"Human_Breast_Stahl_07012016_ST_Layer3"
"Human_Breast_Stahl_07012016_ST_Layer3_6.93x13.988",0.042314051079504,0.126227306810908,0.0275203425342861,0.315900818758818,0.061864686662289,0.096935055194203,0.046116757888415,0.216358772579011,0.0667622084925655,"Human_Breast_Stahl_07012016_ST_Layer3"
"Human_Breast_Stahl_07012016_ST_Layer3_24.104x13.985",0.0237986978962721,0.322403047482115,0.236013966496741,0.00559834058769981,0.0118834478474828,0.211366146774277,0.0856770566858496,0.0368180611494361,0.0664412350801271,"Human_Breast_Stahl_07012016_ST_Layer3"
"Human_Breast_Stahl_07012016_ST_Layer3_23.158x14.011",0.0128160535450316,0.0464001032349757,0.0740862232808283,0.00323595607669333,0.00307245387062854,0.0462466543870877,0.285064913151897,0.143940175873719,0.385137466579139,"Human_Breast_Stahl_07012016_ST_Layer3"
"Human_Breast_Stahl_07012016_ST_Layer3_20.957x14.0",0.0423322096586883,0.381468096939013,0.0556270737880856,0.000850805244341416,0.00205530727201877,0.123667165371174,0.0777425942949998,0.253692020915015,0.0625647265166653,"Human_Breast_Stahl_07012016_ST_Layer3"
"Human_Breast_Stahl_07012016_ST_Layer3_20.128x14.004",0.0160899683156555,0.205072937711724,0.219164412749708,0.023896183117024,0.0229015539361514,0.0542169360064717,0.061055351001564,0.276206875219312,0.121395781942389,"Human_Breast_Stahl_07012016_ST_Layer3"
"Human_Breast_Stahl_07012016_ST_Layer3_7.919x14.027",0.0460245464158485,0.0291431223110328,0.0689315710635648,0.184501909597411,0.326461501906159,0.00380981020042283,0.193680888104026,0.0710525570218352,0.0763940933797002,"Human_Breast_Stahl_07012016_ST_Layer3"
"Human_Breast_Stahl_07012016_ST_Layer3_9.023x14.02",0.156196648142839,0.20922567973363,0.303743799879949,0.0795839073774273,0.0266549610247537,0.102413354906232,0.0585856230433095,0.0182783985039228,0.0453176273879374,"Human_Breast_Stahl_07012016_ST_Layer3"
"Human_Breast_Stahl_07012016_ST_Layer3_9.925x14.03",0.0256408876791965,0.0466121409249935,0.251406745825396,0.00678251508289938,0.0164240886464828,0.275635475534891,0.115805566409462,0.00138784835530579,0.260304731541373,"Human_Breast_Stahl_07012016_ST_Layer3"
"Human_Breast_Stahl_07012016_ST_Layer3_18.991x14.062",0.0229753592685375,0.193822594220055,0.234802785856878,0.00657200995734682,0.00752991466616268,0.174929209914222,0.0550148469303948,0.11653461819675,0.187818660989653,"Human_Breast_Stahl_07012016_ST_Layer3"
"Human_Breast_Stahl_07012016_ST_Layer3_16.994x14.048",0.00244095335304536,0.403436125513011,0.00259290532813163,0.000182650848978224,0.000156771839077466,0.0713911683929404,0.197897108851277,0.00434417003083096,0.317558145842708,"Human_Breast_Stahl_07012016_ST_Layer3"
"Human_Breast_Stahl_07012016_ST_Layer3_12.095x14.069",0.0254381955826443,0.129307529316194,0.0499087328333059,0.0349935380501416,0.000618978085837565,0.299001129979161,0.0598168569116413,0.303493286887815,0.0974217523532599,"Human_Breast_Stahl_07012016_ST_Layer3"
"Human_Breast_Stahl_07012016_ST_Layer3_16.007x14.051",0.0022671909710671,0.182919022133755,0.0170986233176492,0.0156323550474389,0.0151441379563572,0.149678722566952,0.161216425909611,0.153454664870744,0.302588857226425,"Human_Breast_Stahl_07012016_ST_Layer3"
"Human_Breast_Stahl_07012016_ST_Layer3_14.956x14.063",0.00253922898329388,0.380729081636641,0.00073604990122146,0.0012196307469375,0.000500336933113622,0.0224071252978466,0.261332819999838,0.075762624570441,0.254773101930667,"Human_Breast_Stahl_07012016_ST_Layer3"
"Human_Breast_Stahl_07012016_ST_Layer3_17.917x14.067",0.00406632835511318,0.182077703422905,0.0130458277866194,0.000126207225119384,9.84744857537368e-05,0.170707977223107,0.077735868836162,0.443806738333636,0.108334874331585,"Human_Breast_Stahl_07012016_ST_Layer3"
"Human_Breast_Stahl_07012016_ST_Layer3_14.041x14.078",0.0167700537891967,0.188705566322176,0.00395497277679517,0.000101875659630927,0.000333497248705835,0.230303839617578,0.0512486118593625,0.273105093164549,0.235476489562005,"Human_Breast_Stahl_07012016_ST_Layer3"
"Human_Breast_Stahl_07012016_ST_Layer3_13.071x14.093",0.00017375476177896,0.107045635252072,0.60598502879052,3.59596689265605e-05,0.000408677679992593,0.161314820701133,0.0338568193502274,0.000727389783692771,0.0904519140116564,"Human_Breast_Stahl_07012016_ST_Layer3"
"Human_Breast_Stahl_07012016_ST_Layer3_21.958x14.851",0.0130526219255101,0.169134242003887,0.102264924006098,0.0105678637928493,0.0287325700455351,0.119387144757008,0.201162721330417,0.202294743622797,0.1534031685159,"Human_Breast_Stahl_07012016_ST_Layer3"
"Human_Breast_Stahl_07012016_ST_Layer3_10.862x14.892",0.0363075304439104,0.0793669188593596,0.192282038040349,0.00442133559580666,0.0160398499798243,0.0663103482889995,0.162122179007494,0.221843103377193,0.221306696407063,"Human_Breast_Stahl_07012016_ST_Layer3"
"Human_Breast_Stahl_07012016_ST_Layer3_20.916x14.963",0.00763419996314084,0.377781962803703,0.182655587551495,0.00239665164045841,0.0163448467818304,0.040936408462094,0.134169206012454,0.0114366505271756,0.226644486257648,"Human_Breast_Stahl_07012016_ST_Layer3"
"Human_Breast_Stahl_07012016_ST_Layer3_7.879x14.978",0.0103637844622928,0.283693341033635,0.214807511024444,0.0343257085310814,0.0100152017845753,0.0590208222463039,0.269731669507981,0.0459721904626788,0.0720697709470081,"Human_Breast_Stahl_07012016_ST_Layer3"
"Human_Breast_Stahl_07012016_ST_Layer3_9.063x14.976",0.0146093434748353,0.200343848983972,0.0550775334226525,0.0125952654860391,0.0141460600661608,0.0438582950288079,0.243970405599135,0.178355507698796,0.237043740239602,"Human_Breast_Stahl_07012016_ST_Layer3"
"Human_Breast_Stahl_07012016_ST_Layer3_17.977x14.973",0.00104469622840176,0.154986906365893,0.254447687771741,0.0037912114911384,0.00803767065311198,0.0283220757892342,0.335910767121773,0.0277625591112511,0.185696425467455,"Human_Breast_Stahl_07012016_ST_Layer3"
"Human_Breast_Stahl_07012016_ST_Layer3_6.959x14.974",0.0200978187311141,0.0712265939003656,0.543491432413392,0.000427508267620907,0.000267945876442585,0.219506464774482,0.0151890638545609,0.0201751854630539,0.109617986718967,"Human_Breast_Stahl_07012016_ST_Layer3"
"Human_Breast_Stahl_07012016_ST_Layer3_16.934x14.977",0.29045616247465,0.100049560670995,0.332672607246546,0.0101408316091759,0.00288215822545742,0.0238879854951865,0.0595790377086874,0.0939415377135375,0.0863901188557643,"Human_Breast_Stahl_07012016_ST_Layer3"
"Human_Breast_Stahl_07012016_ST_Layer3_9.914x14.989",0.0442816271036625,0.303478366160476,0.0204725310806259,0.00738390361458823,0.00129932006564333,0.0544174223876649,0.123582537543378,0.150973833427898,0.294110458616062,"Human_Breast_Stahl_07012016_ST_Layer3"
"Human_Breast_Stahl_07012016_ST_Layer3_12.111x15.026",0.000948470612667596,0.456743784484004,0.00131667939163108,0.00547677567255439,0.00070885513215519,0.023573785836311,0.170418945671115,0.0747180951362408,0.266094608063321,"Human_Breast_Stahl_07012016_ST_Layer3"
"Human_Breast_Stahl_07012016_ST_Layer3_15.998x14.998",0.0149926404658043,0.0911128127109034,0.0915727091452754,0.00375271378990905,0.00814275931830659,0.0459980873050759,0.0982508328899444,0.301973176958607,0.344204267416174,"Human_Breast_Stahl_07012016_ST_Layer3"
"Human_Breast_Stahl_07012016_ST_Layer3_20.093x14.993",0.00643829129987612,0.123974545723346,0.384801436102988,0.00368430800830733,0.00468317112011245,0.12770704995022,0.181337629560699,0.0121285494336764,0.155245018800775,"Human_Breast_Stahl_07012016_ST_Layer3"
"Human_Breast_Stahl_07012016_ST_Layer3_13.006x15.009",0.00986517999114832,0.0855190529475626,0.199972942343797,0.0174751209429815,0.0262412921770424,0.0746261749993753,0.0979659456140894,0.173633360406227,0.314700930577777,"Human_Breast_Stahl_07012016_ST_Layer3"
"Human_Breast_Stahl_07012016_ST_Layer3_23.164x15.021",0.0419549007216611,0.550157668474832,0.112108992988256,0.00919490898790289,0.0106516514800371,0.0589835451959676,0.00405801344878055,0.190251464114982,0.0226388545875808,"Human_Breast_Stahl_07012016_ST_Layer3"
"Human_Breast_Stahl_07012016_ST_Layer3_15.045x15.019",0.00586646364910694,0.0509110896112274,0.0221261767524764,0.00311643378299256,0.00803191128259171,0.101697982322418,0.226983151418299,0.211149498230683,0.370117292950206,"Human_Breast_Stahl_07012016_ST_Layer3"
"Human_Breast_Stahl_07012016_ST_Layer3_24.129x15.047",0.035826597111577,0.311686228474889,0.0907055643839892,0.0123265030073118,0.0402462859412399,0.199896402653759,0.0687299142241267,0.175078438467028,0.0655040657360792,"Human_Breast_Stahl_07012016_ST_Layer3"
"Human_Breast_Stahl_07012016_ST_Layer3_21.922x15.879",0.00540368677301806,0.343538485965128,0.259758829845806,0.0128992052972455,0.0158437178058882,0.0598954276961463,0.0871144727851929,0.0599746610489529,0.155571512782622,"Human_Breast_Stahl_07012016_ST_Layer3"
"Human_Breast_Stahl_07012016_ST_Layer3_10.82x15.892",0.00497690133272288,0.124396063117064,0.43363897806028,0.000629337184026857,0.00321467032160835,0.0913822766668742,0.0748639450772035,0.143069423090933,0.123828405149287,"Human_Breast_Stahl_07012016_ST_Layer3"
"Human_Breast_Stahl_07012016_ST_Layer3_20.983x15.932",0.0978300647408446,0.27188200323311,0.0235390390168237,0.00437322029479736,0.00224431267573885,0.0429393149940743,0.147861286609436,0.148571019458856,0.260759738976318,"Human_Breast_Stahl_07012016_ST_Layer3"
"Human_Breast_Stahl_07012016_ST_Layer3_20.018x15.941",0.0323086925711886,0.205797272039834,0.0512798075486945,0.00387697804232008,0.00402812335484829,0.094329964582162,0.238351367861452,0.0674139803405473,0.302613813658954,"Human_Breast_Stahl_07012016_ST_Layer3"
"Human_Breast_Stahl_07012016_ST_Layer3_18.999x15.959",0.108561025559566,0.260656076387433,0.0300446494233934,0.074574645575173,0.0163248391447585,0.0257375863272296,0.141563413204535,0.162873078819297,0.179664685558615,"Human_Breast_Stahl_07012016_ST_Layer3"
"Human_Breast_Stahl_07012016_ST_Layer3_9.026x15.958",0.0746245258825342,0.167882259520225,0.0972170271879419,0.00493253411685082,0.00680250416717488,0.0560699053008203,0.140256948794792,0.112301317398007,0.339912977631655,"Human_Breast_Stahl_07012016_ST_Layer3"
"Human_Breast_Stahl_07012016_ST_Layer3_9.953x15.949",0.0572177979933183,0.0562854730161353,0.102902683183451,0.000438654591064107,0.0021383203662197,0.14448942733727,0.175801086199945,0.268696408092356,0.19203014922024,"Human_Breast_Stahl_07012016_ST_Layer3"
"Human_Breast_Stahl_07012016_ST_Layer3_6.959x15.959",0.276918041329896,0.209431436584709,0.189739254149767,0.00181536337767225,0.00222591601135793,0.0442103109438944,0.151585843342868,0.0377873815009726,0.0862864527588631,"Human_Breast_Stahl_07012016_ST_Layer3"
"Human_Breast_Stahl_07012016_ST_Layer3_23.189x15.998",0.0120660284076449,0.491170024527687,0.014870501329456,0.0181333421912596,0.0165421617442161,0.139297197591059,0.09643122248128,0.0725343306563797,0.138955191071017,"Human_Breast_Stahl_07012016_ST_Layer3"
"Human_Breast_Stahl_07012016_ST_Layer3_24.114x15.977",0.143543340559665,0.300853476597586,0.229016067161172,0.00762226019611571,0.0155082955274641,0.0398346923873116,0.14760569417787,0.0151434310166138,0.100872742376202,"Human_Breast_Stahl_07012016_ST_Layer3"
"Human_Breast_Stahl_07012016_ST_Layer3_17.014x15.978",0.0340517528591852,0.127371064544075,0.0690181945370649,0.0169732153798123,0.0143998745748724,0.0247643841181094,0.105965695228631,0.32849547804642,0.27896034071183,"Human_Breast_Stahl_07012016_ST_Layer3"
"Human_Breast_Stahl_07012016_ST_Layer3_18.005x15.962",0.261105476412905,0.279063681075652,0.0405765213380046,0.0121929644009436,0.0108125238822586,0.0811971192173537,0.062582857584978,0.167707237958403,0.0847616181295012,"Human_Breast_Stahl_07012016_ST_Layer3"
"Human_Breast_Stahl_07012016_ST_Layer3_7.903x15.978",0.0270402620419828,0.186824185013845,0.0389004417775886,0.068763603797546,0.0475844237850562,0.0232017532137814,0.464988998843444,0.0529862867603479,0.0897100447664079,"Human_Breast_Stahl_07012016_ST_Layer3"
"Human_Breast_Stahl_07012016_ST_Layer3_13.996x15.98",0.0451717428951574,0.168975956008531,0.0890792239742969,0.101962586213114,0.0477739804433629,0.102138039597332,0.172037995022826,0.0753061033054735,0.197554372539906,"Human_Breast_Stahl_07012016_ST_Layer3"
"Human_Breast_Stahl_07012016_ST_Layer3_13.07x15.984",0.00134850680881037,0.116168290468192,0.00450210660676655,0.000767340546889376,0.000174902064556804,0.178626358485457,0.0749052847214513,0.538883605137664,0.0846236051602127,"Human_Breast_Stahl_07012016_ST_Layer3"
"Human_Breast_Stahl_07012016_ST_Layer3_12.074x16.014",0.00479939064112115,0.336806092903715,0.00352278884471765,0.00655096257660432,0.00572030893988057,0.231473955825817,0.097230828259109,0.006547819961981,0.307347852047054,"Human_Breast_Stahl_07012016_ST_Layer3"
"Human_Breast_Stahl_07012016_ST_Layer3_15.03x15.989",0.0121538147699164,0.0239883240572758,0.0118374970292373,0.0192361234731041,0.0152107207715464,0.0184462103575537,0.266745463895836,0.105099749554659,0.527282096090871,"Human_Breast_Stahl_07012016_ST_Layer3"
"Human_Breast_Stahl_07012016_ST_Layer3_15.978x15.997",0.076772370995621,0.0885940566892427,0.106434177742885,0.00819499470362491,0.0029522927300113,0.168104073503052,0.0402513840526461,0.200686389523999,0.308010260058919,"Human_Breast_Stahl_07012016_ST_Layer3"
"Human_Breast_Stahl_07012016_ST_Layer3_21.927x16.898",0.00369943005218141,0.371883963558627,0.0276247290193354,0.0342835253992159,0.0192683295252335,0.444077073093107,0.0150781927658979,0.0568862533976005,0.0271985031888013,"Human_Breast_Stahl_07012016_ST_Layer3"
"Human_Breast_Stahl_07012016_ST_Layer3_10.885x16.933",0.00946089917953537,0.0877853188553956,0.0400930627185561,0.042512938646764,0.0264104391212373,0.192260138571039,0.17968796978092,0.00735290498912376,0.414436328137429,"Human_Breast_Stahl_07012016_ST_Layer3"
"Human_Breast_Stahl_07012016_ST_Layer3_16.992x16.963",0.192942550893945,0.154456992716253,0.273544641229432,0.0189713675871216,0.00924760199825798,0.0660372712314099,0.101178136548901,0.038044432260187,0.145577005534492,"Human_Breast_Stahl_07012016_ST_Layer3"
"Human_Breast_Stahl_07012016_ST_Layer3_20.917x16.977",0.0157482498940239,0.222354688026787,0.114231581095087,0.00490269322521682,0.00114752025098352,0.0916811453629524,0.0585012823878379,0.396910165319681,0.0945226744374306,"Human_Breast_Stahl_07012016_ST_Layer3"
"Human_Breast_Stahl_07012016_ST_Layer3_7.915x16.987",0.129072608294673,0.258714968217049,0.111846619101717,0.022626065043731,0.0167717054650823,0.102180168292995,0.251945751914472,0.0228409719383408,0.0840011417319403,"Human_Breast_Stahl_07012016_ST_Layer3"
"Human_Breast_Stahl_07012016_ST_Layer3_17.949x16.989",0.0939216045453831,0.285987581359745,0.21104417740757,0.0359213712875137,0.015757639298487,0.140285974323848,0.0566227374342217,0.127925132194451,0.0325337821487808,"Human_Breast_Stahl_07012016_ST_Layer3"
"Human_Breast_Stahl_07012016_ST_Layer3_6.938x16.995",0.0143146295670391,0.0443041745584858,0.232079727616398,0.0368716571838611,0.0640931290222887,0.0560085031906771,0.307572280725567,0.0263500144467017,0.218405883688982,"Human_Breast_Stahl_07012016_ST_Layer3"
"Human_Breast_Stahl_07012016_ST_Layer3_9.017x16.991",0.0941598899944974,0.1389671041909,0.00403136861471031,0.0117445329121442,0.00760305978928453,0.0853964094481724,0.340441072708226,0.0509055913328306,0.266750971009234,"Human_Breast_Stahl_07012016_ST_Layer3"
"Human_Breast_Stahl_07012016_ST_Layer3_23.18x17.007",0.0624870022507466,0.230262145141317,0.0856493252601575,0.105373919531192,0.0426681167418369,0.103591730930652,0.0185619181777547,0.333950052135872,0.017455789830471,"Human_Breast_Stahl_07012016_ST_Layer3"
"Human_Breast_Stahl_07012016_ST_Layer3_9.863x17.005",0.00827455335173455,0.110972897803599,0.428862860610334,0.0304435679632388,0.00323986572130016,0.175558741382365,0.0801590757712598,0.0192327323856916,0.143255705010477,"Human_Breast_Stahl_07012016_ST_Layer3"
"Human_Breast_Stahl_07012016_ST_Layer3_18.975x17.013",0.0256649608223487,0.195564210690343,0.091487018524195,0.00529441791034504,0.016789454473419,0.0952761182802167,0.305603817756477,0.0122415702086572,0.252078431333999,"Human_Breast_Stahl_07012016_ST_Layer3"
"Human_Breast_Stahl_07012016_ST_Layer3_20.097x17.006",0.0762758042913896,0.183941316882421,0.0229517182555709,0.028887841203878,0.0187443915211622,0.120742300247542,0.089599013032011,0.411353132767686,0.0475044817983393,"Human_Breast_Stahl_07012016_ST_Layer3"
"Human_Breast_Stahl_07012016_ST_Layer3_14.012x17.029",0.00275013989793277,0.0784181895305077,0.0439331591459867,0.00231507296491515,0.00120987454578961,0.0676038362746477,0.197043599051601,0.171691144872159,0.435034983716461,"Human_Breast_Stahl_07012016_ST_Layer3"
"Human_Breast_Stahl_07012016_ST_Layer3_15.974x17.027",0.0439420555790538,0.0767110603649231,0.0300442329715252,0.0107495464434913,0.00958122406034784,0.196131051343422,0.143216429917652,0.0402446873092766,0.449379712010308,"Human_Breast_Stahl_07012016_ST_Layer3"
"Human_Breast_Stahl_07012016_ST_Layer3_12.101x17.058",0.0122417506898292,0.159613601787721,0.00531063639810493,0.00433741401854903,0.0167780607259039,0.171635581069761,0.122589583119931,0.318702284274132,0.188791087916067,"Human_Breast_Stahl_07012016_ST_Layer3"
"Human_Breast_Stahl_07012016_ST_Layer3_13.035x17.042",0.0243485575606523,0.0368275525869013,0.0520574803076202,0.00521245193001281,0.00722484618111844,0.0363569475056404,0.0829699450082248,0.00605278880813146,0.748949430111698,"Human_Breast_Stahl_07012016_ST_Layer3"
"Human_Breast_Stahl_07012016_ST_Layer3_14.987x17.052",0.00830828031791382,0.0166256283218722,0.0181181002264885,0.0103492561116855,0.00851202255065485,0.0343610481222951,0.156430223160831,0.188387308804207,0.558908132384052,"Human_Breast_Stahl_07012016_ST_Layer3"
"Human_Breast_Stahl_07012016_ST_Layer3_24.028x17.067",0.0517347510090378,0.460311688922977,0.0924157226295007,0.0122111200796111,0.00363583920650595,0.00907570190150745,0.00262497841783745,0.364110042595451,0.00388015523757104,"Human_Breast_Stahl_07012016_ST_Layer3"
"Human_Breast_Stahl_07012016_ST_Layer3_21.899x17.873",0.00552257700589329,0.207310297955757,0.0280209853497826,0.00353248794997386,0.00127280946896451,0.0406464866771801,0.250561782085891,0.159785051425448,0.303347522081111,"Human_Breast_Stahl_07012016_ST_Layer3"
"Human_Breast_Stahl_07012016_ST_Layer3_10.866x17.897",0.0683765501394639,0.291103015411442,0.0435312931400909,0.00107645506521842,0.00239437828189938,0.0182051211132291,0.344705122605709,0.0637628118757244,0.166845252367223,"Human_Breast_Stahl_07012016_ST_Layer3"
"Human_Breast_Stahl_07012016_ST_Layer3_17.916x17.958",0.0286893029083928,0.257458780592122,0.15295390126477,0.0126783862886579,0.0142411054571012,0.126562707355009,0.0938435442718069,0.168703144830364,0.144869127031776,"Human_Breast_Stahl_07012016_ST_Layer3"
"Human_Breast_Stahl_07012016_ST_Layer3_20.961x17.942",0.00929723345713244,0.0957685095172472,0.0417203234234944,0.296902611414883,0.034051956981726,0.324386654846681,0.0392383018271237,0.138246826903221,0.0203875816284904,"Human_Breast_Stahl_07012016_ST_Layer3"
"Human_Breast_Stahl_07012016_ST_Layer3_9.938x17.97",0.0868921824063351,0.0393521457600483,0.400917536687072,0.000715425363206006,0.000256194097098997,0.279910097425967,0.084440717999866,8.92188994344007e-05,0.107426481360972,"Human_Breast_Stahl_07012016_ST_Layer3"
"Human_Breast_Stahl_07012016_ST_Layer3_17.001x17.975",0.0188495477118538,0.3289506716155,0.00688369542400133,0.00120027450558773,0.00261018085730008,0.205295308763019,0.213860345222992,0.00996685742469917,0.212383118475047,"Human_Breast_Stahl_07012016_ST_Layer3"
"Human_Breast_Stahl_07012016_ST_Layer3_20.089x17.971",0.664873586827603,0.262770338596194,0.0309635904985108,0.0128992536092673,0.00542847407090695,0.0215455741522707,0.000414392599031475,0.000926343125264745,0.000178446520950213,"Human_Breast_Stahl_07012016_ST_Layer3"
"Human_Breast_Stahl_07012016_ST_Layer3_8.973x17.982",0.0261700866047775,0.0655923617996061,0.153959659324166,0.0121208738172696,0.005770059762435,0.00878123375872699,0.485131233297419,0.154889970566559,0.0875845210690404,"Human_Breast_Stahl_07012016_ST_Layer3"
"Human_Breast_Stahl_07012016_ST_Layer3_7.965x17.985",0.073712538974247,0.0442372483984547,0.200643615790194,0.084318908444303,0.0185156141509742,0.0349932871400273,0.389497572665618,0.0115779457119829,0.1425032687242,"Human_Breast_Stahl_07012016_ST_Layer3"
"Human_Breast_Stahl_07012016_ST_Layer3_6.875x18.004",0.0205484894147251,0.30152368076775,0.0438132610717328,0.0064603827212645,0.0139797891606404,0.259015563722028,0.149734657414024,0.040918773733566,0.164005401994269,"Human_Breast_Stahl_07012016_ST_Layer3"
"Human_Breast_Stahl_07012016_ST_Layer3_18.978x18.003",0.0720513515942243,0.19228492393579,0.0561961830035869,0.0358796688462682,0.00756578778931972,0.438860625593203,0.0232464813368848,0.125474844271298,0.0484401336294257,"Human_Breast_Stahl_07012016_ST_Layer3"
"Human_Breast_Stahl_07012016_ST_Layer3_13.987x18.01",0.0452172290698402,0.083008223151712,0.434659709534204,0.00712756440353773,0.0224814274512662,0.0410190191460325,0.10919654608584,0.105843351357052,0.151446929800516,"Human_Breast_Stahl_07012016_ST_Layer3"
"Human_Breast_Stahl_07012016_ST_Layer3_15.009x18.014",0.0527207015019732,0.291726277723815,0.0561875751029822,0.00548015326063794,0.00594582249985672,0.270815393720077,0.0431570721977183,0.136210946030917,0.137756057962024,"Human_Breast_Stahl_07012016_ST_Layer3"
"Human_Breast_Stahl_07012016_ST_Layer3_15.985x18.016",0.150728996782946,0.210531442378772,0.0480499518979751,0.0058194655573505,0.00537596553919258,0.163179450131861,0.0909769510220383,0.116478537188777,0.208859239501089,"Human_Breast_Stahl_07012016_ST_Layer3"
"Human_Breast_Stahl_07012016_ST_Layer3_23.173x18.023",0.0947950016587912,0.651177872061828,0.0255373640278644,0.00808833864428271,0.0204911620440517,0.126106098088966,0.0215427346576967,0.0044924436132881,0.0477689852032308,"Human_Breast_Stahl_07012016_ST_Layer3"
"Human_Breast_Stahl_07012016_ST_Layer3_13.073x18.017",0.00110528794050552,0.0247198197189663,0.0100441729048599,8.58949478408131e-05,0.00187871929211679,0.0860004394865959,0.288030056755965,0.208938137391389,0.379197471561761,"Human_Breast_Stahl_07012016_ST_Layer3"
"Human_Breast_Stahl_07012016_ST_Layer3_12.092x18.053",0.0250046147530235,0.20520850838383,0.0676605877940287,0.000107800325982416,0.00121279123243693,0.00743560202825838,0.0814688614764776,0.322819771739019,0.289081462266944,"Human_Breast_Stahl_07012016_ST_Layer3"
"Human_Breast_Stahl_07012016_ST_Layer3_24.036x18.03",0.0470204468965768,0.262372613652995,0.223800243009689,0.00661788438978965,0.0233882123793833,0.0528348406754308,0.080935802624842,0.169994806239821,0.133035150131472,"Human_Breast_Stahl_07012016_ST_Layer3"
"Human_Breast_Stahl_07012016_ST_Layer3_21.909x18.845",0.0301710043297341,0.299582203747763,0.020257501248053,0.105077379285803,0.113987235916208,0.222081475725955,0.0490316587984649,0.0960269615510974,0.0637845793969207,"Human_Breast_Stahl_07012016_ST_Layer3"
"Human_Breast_Stahl_07012016_ST_Layer3_9.006x18.925",0.0236610327704993,0.174288647397335,0.156575421403676,0.00925269552904287,0.0141091558876532,0.0280389696892504,0.519392454549637,0.0326790590506759,0.0420025637222301,"Human_Breast_Stahl_07012016_ST_Layer3"
