"","Endothelial","CAFs","PVL","B-cells","T-cells","Myeloid","Normal Epithelial","Plasmablasts","Cancer Epithelial","sid"
"Human_Breast_Wu_06052021_Visium_CID4465_AGCTTATAGAGACCTG-1",0.0110758161147348,0.543624778120391,0.0428573660882979,0.0137246389407964,0.00304751205347421,0.216230326770724,0.00793060923989978,0.0937157277279405,0.0677932249437417,"Human_Breast_Wu_06052021_Visium_CID4465"
"Human_Breast_Wu_06052021_Visium_CID4465_AACTAGCGTATCGCAC-1",0.014116563325408,0.488702869643075,0.0396249694409229,0.0227254564167178,0.00885709987463629,0.153927068110668,0.00824036722484679,0.139315577798073,0.124490028165652,"Human_Breast_Wu_06052021_Visium_CID4465"
"Human_Breast_Wu_06052021_Visium_CID4465_AACTTTAGCTGCTGAG-1",0.0286771616870458,0.468518901964361,0.105508703310526,0.0209442888168695,0.0057786205958212,0.238492183413187,0.00476259772531303,0.0594578244823577,0.0678597180045181,"Human_Breast_Wu_06052021_Visium_CID4465"
"Human_Breast_Wu_06052021_Visium_CID4465_CCCAAGACAGAGTATG-1",0.0124713873900708,0.38021763893407,0.0172058084232467,0.00368859937838455,0.00404221401125355,0.219159560560714,0.00772872007603028,0.0635438438966478,0.291942227329582,"Human_Breast_Wu_06052021_Visium_CID4465"
"Human_Breast_Wu_06052021_Visium_CID4465_GGCATCAACGAGCACG-1",0.066266817460949,0.388317615831965,0.16832904824564,0.00546922810674789,0.00319824710859503,0.270493685793874,0.00248003145126709,0.059216310467087,0.0362290155338754,"Human_Breast_Wu_06052021_Visium_CID4465"
"Human_Breast_Wu_06052021_Visium_CID4465_ATGCATTCCGTGATGG-1",0.0196576815104896,0.345909366068683,0.021995494140497,0.00360159069429083,0.00679920454819117,0.232005006661516,0.0286746070199318,0.038213462475542,0.303143586880858,"Human_Breast_Wu_06052021_Visium_CID4465"
"Human_Breast_Wu_06052021_Visium_CID4465_TTATAGATGCACATTA-1",0.0119894016419183,0.400225942932329,0.0319357977111941,0.0357488908072099,0.0241857941765647,0.23480724348042,0.0239528782051513,0.0591620678100153,0.177991983235197,"Human_Breast_Wu_06052021_Visium_CID4465"
"Human_Breast_Wu_06052021_Visium_CID4465_GAACCATCTGGGAGAC-1",0.0325153107927591,0.407842869919838,0.0628343064221659,0.0253261286740734,0.00560632226097414,0.324308839993495,0.00636801206306164,0.0595441012260045,0.0756541086476278,"Human_Breast_Wu_06052021_Visium_CID4465"
"Human_Breast_Wu_06052021_Visium_CID4465_TGCTATACAAACGGAC-1",0.0104979410579686,0.330899408006958,0.0288757401108037,0.00834402961614953,0.00859158183983829,0.282122033442719,0.0200562302541808,0.0602041083782972,0.250408927293085,"Human_Breast_Wu_06052021_Visium_CID4465"
"Human_Breast_Wu_06052021_Visium_CID4465_ACTTGCCATATTGTAC-1",0.017833248513137,0.402833461627519,0.019727297675035,0.0469614982883687,0.0305680414466086,0.256146397937407,0.0123194895727261,0.0401651063909921,0.173445458548206,"Human_Breast_Wu_06052021_Visium_CID4465"
"Human_Breast_Wu_06052021_Visium_CID4465_TATTCCGGCAGTCCTA-1",0.0184475617161918,0.505342654842495,0.0307644255759134,0.0115543783641217,0.00324337490948093,0.224544906163809,0.00396210545068589,0.121010560448857,0.0811300325284445,"Human_Breast_Wu_06052021_Visium_CID4465"
"Human_Breast_Wu_06052021_Visium_CID4465_GACGGACCGCGTTCCT-1",0.0344001391178885,0.324167030709881,0.0635584688214337,0.0647611069358779,0.0425797711772939,0.120068246344583,0.0139204730742595,0.0442176825962478,0.292327081222534,"Human_Breast_Wu_06052021_Visium_CID4465"
"Human_Breast_Wu_06052021_Visium_CID4465_ATGTGTAGTTTAGTCA-1",0.078451183192301,0.40437803229601,0.181116542583699,0.0580128055629256,0.00267788221623775,0.130724807278781,0.00211248321414184,0.118340677007099,0.024185586648804,"Human_Breast_Wu_06052021_Visium_CID4465"
"Human_Breast_Wu_06052021_Visium_CID4465_AAGTTTACTAATGGCA-1",6.98994536011681e-05,0.345197023049217,0.00401964186763901,2.66494158558538e-05,9.66390053565486e-07,0.0405370982301122,8.76626513983128e-06,0.610098649327434,4.13060009475995e-05,"Human_Breast_Wu_06052021_Visium_CID4465"
"Human_Breast_Wu_06052021_Visium_CID4465_GATTGACACTCTGCTC-1",0.0105346498689526,0.24666258003262,0.0262311721038565,0.00598404565173167,0.00638638143417338,0.18867782533361,0.024930246360664,0.297876475769572,0.19271662344482,"Human_Breast_Wu_06052021_Visium_CID4465"
"Human_Breast_Wu_06052021_Visium_CID4465_ACCGTTCCCGCTCTGA-1",0.00354630989818104,0.447659718567275,0.0302709155959217,0.00136891910459789,0.00132684789268692,0.213980868834716,0.00634100606905592,0.188759135861623,0.106746278175942,"Human_Breast_Wu_06052021_Visium_CID4465"
"Human_Breast_Wu_06052021_Visium_CID4465_CATTCACTGACAGCTA-1",0.00837755567073173,0.470774265175827,0.043733336923228,0.00195356558076226,0.00110855648394845,0.154190026005281,0.00425575399213968,0.249562687944325,0.0660442522237573,"Human_Breast_Wu_06052021_Visium_CID4465"
"Human_Breast_Wu_06052021_Visium_CID4465_CATGAACCTCTTATCA-1",0.000334830104040518,0.332742241511701,0.00172832918208147,0.0012918124772347,3.18667834297998e-05,0.0513610970048872,0.000209796811991546,0.611809719232354,0.000490306892279128,"Human_Breast_Wu_06052021_Visium_CID4465"
"Human_Breast_Wu_06052021_Visium_CID4465_AATAAGTCCTCGAGAC-1",0.000347634165465435,0.21022469350413,0.00250017574341628,7.24290855353896e-06,8.73608482065859e-07,0.0172173978444201,6.3864425712474e-06,0.769648425669665,4.71701132966764e-05,"Human_Breast_Wu_06052021_Visium_CID4465"
"Human_Breast_Wu_06052021_Visium_CID4465_CTACGAACTAGGTCGA-1",0.00998399073612956,0.412910920657073,0.0134204503680237,0.0344933017257626,0.0213170892258497,0.169448617621404,0.0143459797856966,0.16890636226352,0.155173287616541,"Human_Breast_Wu_06052021_Visium_CID4465"
"Human_Breast_Wu_06052021_Visium_CID4465_CACTACTCAGTTCTGT-1",0.00596525267729352,0.504757176132861,0.00767724890194822,0.00619978632196267,0.00226437947151135,0.335869811985065,0.00448288343832258,0.0272478575741116,0.105535603496924,"Human_Breast_Wu_06052021_Visium_CID4465"
"Human_Breast_Wu_06052021_Visium_CID4465_CATTTATCGTTCAAGA-1",0.000256944670001423,0.741152772416721,0.00239099001680646,0.000868368058149893,0.000648989914812204,0.221751559641634,7.62126033296694e-05,0.0316126323753358,0.00124153030320932,"Human_Breast_Wu_06052021_Visium_CID4465"
"Human_Breast_Wu_06052021_Visium_CID4465_TAGAAACCACTAAGTA-1",0.0020941794237016,0.741817126067197,0.0072324033311684,0.0103482886958996,0.00423087039782381,0.123454635236771,0.00471966845118201,0.0900619808184778,0.0160408475777789,"Human_Breast_Wu_06052021_Visium_CID4465"
"Human_Breast_Wu_06052021_Visium_CID4465_TCGTATTTCGTCCGGA-1",0.0109638956567527,0.35084588916024,0.0173196486621334,0.00215000187797842,0.00133832276521571,0.216984087749612,0.0168091311749765,0.0764458877690093,0.307143135184082,"Human_Breast_Wu_06052021_Visium_CID4465"
"Human_Breast_Wu_06052021_Visium_CID4465_CCATCTTGTTCACAAT-1",0.0109674596067057,0.43679773494837,0.0738840797649656,0.0114795188977997,0.0045663494779597,0.228584338806734,0.0127807144807891,0.0973834302246515,0.123556373792025,"Human_Breast_Wu_06052021_Visium_CID4465"
"Human_Breast_Wu_06052021_Visium_CID4465_TGGCGGTGTGCGATTG-1",0.0038990913001664,0.46617499574836,0.0149108236847548,0.00398941112021316,0.000940696555944189,0.203542210472889,0.00486296259465411,0.266849630023285,0.0348301784997334,"Human_Breast_Wu_06052021_Visium_CID4465"
"Human_Breast_Wu_06052021_Visium_CID4465_ATCCTGCTGCAGATAG-1",0.010472006053679,0.426060266547553,0.0274745169596917,0.00945126561617865,0.0078179576918703,0.265439326705395,0.0140597121965934,0.170828415532159,0.0683965326968795,"Human_Breast_Wu_06052021_Visium_CID4465"
"Human_Breast_Wu_06052021_Visium_CID4465_TTATGCGTCCCGGTCC-1",0.00327294291351069,0.574069330912379,0.0234812477375087,0.012051673480881,0.00143009037987187,0.214860063319759,0.00611945367784366,0.119480126150119,0.0452350714281269,"Human_Breast_Wu_06052021_Visium_CID4465"
"Human_Breast_Wu_06052021_Visium_CID4465_CATAATGAGCGGGCGA-1",0.00530086350408338,0.550277579320765,0.018000980117366,0.013586362219818,0.00616337679848584,0.266275782436882,0.00826971886159702,0.0507087744999262,0.0814165622410769,"Human_Breast_Wu_06052021_Visium_CID4465"
"Human_Breast_Wu_06052021_Visium_CID4465_AGACATAGATCCTTCC-1",0.0080564808278202,0.475278257496432,0.0336243073837077,0.00971632675423607,0.0028349078749335,0.258308096248701,0.0113688062970946,0.0989282426427879,0.101884574474287,"Human_Breast_Wu_06052021_Visium_CID4465"
"Human_Breast_Wu_06052021_Visium_CID4465_GGTGAAACCGGGAATG-1",0.00466274256698665,0.431781072112424,0.0291798149772092,0.00644335870960537,0.0039985391748938,0.275861464959067,0.0100935923638481,0.10069585557303,0.137283559562935,"Human_Breast_Wu_06052021_Visium_CID4465"
"Human_Breast_Wu_06052021_Visium_CID4465_AACTGGTGTGGGCCTT-1",0.00276290470613877,0.469937884969105,0.0431790324433583,0.0117347033220331,0.000824892025195888,0.152569226522921,0.00496803795329701,0.291003433390649,0.0230198846673027,"Human_Breast_Wu_06052021_Visium_CID4465"
"Human_Breast_Wu_06052021_Visium_CID4465_GTAGCGCTGTTGTAGT-1",0.0143991041148971,0.538169035501164,0.070141005131246,0.00759630998097047,0.00155702865597901,0.194376385887629,0.00299568473391324,0.140668628071799,0.0300968179224022,"Human_Breast_Wu_06052021_Visium_CID4465"
"Human_Breast_Wu_06052021_Visium_CID4465_TTGTTTGTGTAAATTC-1",0.0228744632611747,0.429902417763232,0.0649571229844668,0.00691364461992221,0.00772996040530973,0.229249359553966,0.00686683735802764,0.116081364045676,0.115424830008225,"Human_Breast_Wu_06052021_Visium_CID4465"
"Human_Breast_Wu_06052021_Visium_CID4465_GGATCAAAGGACGAGG-1",0.00927775497316018,0.360279128854565,0.0151406244755227,0.00864379839104929,0.00411933415687865,0.376296519203457,0.00862849491073463,0.0435734829222475,0.174040862112385,"Human_Breast_Wu_06052021_Visium_CID4465"
"Human_Breast_Wu_06052021_Visium_CID4465_CGTAGCGCCGACGTTG-1",0.00698045654243121,0.431285248150723,0.0250731185445143,0.0116771608680665,0.00246384226021129,0.383893133777314,0.00411713041509031,0.082685743453335,0.0518241659883138,"Human_Breast_Wu_06052021_Visium_CID4465"
"Human_Breast_Wu_06052021_Visium_CID4465_CAAGTGAACTTTGGTT-1",0.00724031375505873,0.424729823192239,0.0217013569723968,0.034690059517875,0.00671200418163646,0.331264647721474,0.00782918342250474,0.0754648217329165,0.0903677895038987,"Human_Breast_Wu_06052021_Visium_CID4465"
"Human_Breast_Wu_06052021_Visium_CID4465_GTAGACAACCGATGAA-1",0.0740858030548902,0.394064095952427,0.170402126248315,0.0596677258924368,0.00324526543252029,0.188373795068488,0.00292077040148816,0.0909487022380246,0.0162917157114104,"Human_Breast_Wu_06052021_Visium_CID4465"
"Human_Breast_Wu_06052021_Visium_CID4465_CAATGGTCGGCCTGGG-1",0.0121321758312129,0.41385094990655,0.0287623806324331,0.0140317671390944,0.00936263835043946,0.22432334061885,0.00587524829738994,0.0682239383913408,0.223437560832689,"Human_Breast_Wu_06052021_Visium_CID4465"
"Human_Breast_Wu_06052021_Visium_CID4465_ACAGATTAGGTTAGTG-1",0.0402821549329329,0.49612683588852,0.0813080793765412,0.04809962290381,0.0028767520800317,0.185176167970979,0.00150063216128648,0.127244274941194,0.0173854797447042,"Human_Breast_Wu_06052021_Visium_CID4465"
"Human_Breast_Wu_06052021_Visium_CID4465_GTTATCACCTTCTGAA-1",0.014729997604475,0.476773395484409,0.223693567293122,0.00111815207664794,0.000171124082751935,0.205472542302235,0.000804159855802712,0.0701031504969733,0.00713391080358351,"Human_Breast_Wu_06052021_Visium_CID4465"
"Human_Breast_Wu_06052021_Visium_CID4465_TGGTATCGGTCTGTAT-1",0.0798267225874315,0.34967801547482,0.227134116551828,0.0360938280551157,0.00236047661623429,0.122782737917807,0.00308020935422261,0.171061581391597,0.00798231205094385,"Human_Breast_Wu_06052021_Visium_CID4465"
"Human_Breast_Wu_06052021_Visium_CID4465_GGAATAACCTCAAGAA-1",0.00558348781632809,0.449891697605488,0.0468507202113421,0.0042538242210906,0.00134014680654205,0.258584551997241,0.00221336543199531,0.212226545282888,0.0190556606270849,"Human_Breast_Wu_06052021_Visium_CID4465"
"Human_Breast_Wu_06052021_Visium_CID4465_ATTATCTCGACAGATC-1",0.00970047362696048,0.28466947702012,0.0278459366750233,0.0491109761882482,0.0103449697437021,0.280892586814661,0.013103485780532,0.186556182203275,0.137775911947478,"Human_Breast_Wu_06052021_Visium_CID4465"
"Human_Breast_Wu_06052021_Visium_CID4465_CCGAGGGATGTTAGGC-1",0.00884543653576222,0.330176844471078,0.018446408170991,0.0154769592908524,0.00750666813433825,0.175144158499559,0.0159057168230179,0.301728059887776,0.126769748186625,"Human_Breast_Wu_06052021_Visium_CID4465"
"Human_Breast_Wu_06052021_Visium_CID4465_TGAGATCAAATACTCA-1",0.00102628267088917,0.405931303549158,0.0314457436246555,0.0133247465397191,0.00165415453122026,0.24212974522469,0.00815992367262052,0.248071293030824,0.0482568071562235,"Human_Breast_Wu_06052021_Visium_CID4465"
"Human_Breast_Wu_06052021_Visium_CID4465_AAACGAAGAACATACC-1",0.0130329479002844,0.224900946642876,0.0377809121108864,0.00884255950373324,0.0100737848746826,0.21432393037786,0.0465515377595497,0.172559935146492,0.271933445683636,"Human_Breast_Wu_06052021_Visium_CID4465"
"Human_Breast_Wu_06052021_Visium_CID4465_CTGGTCCTAACTTGGC-1",0.00337960973301914,0.440176348285949,0.0121371782467555,0.000612236564577526,0.000472124836769358,0.206175372878643,0.0321717236934866,0.181246347137259,0.123629058623541,"Human_Breast_Wu_06052021_Visium_CID4465"
"Human_Breast_Wu_06052021_Visium_CID4465_TGCACGAGTCGGCAGC-1",0.00304490427146307,0.507524374784578,0.0687833091090339,0.000906944782069929,0.000436188223649796,0.154096415229061,0.00436063486032475,0.226418640351084,0.0344285883887353,"Human_Breast_Wu_06052021_Visium_CID4465"
"Human_Breast_Wu_06052021_Visium_CID4465_ATAGTCTTTGACGTGC-1",0.00565694249461941,0.421247934102824,0.0248594145822912,0.00371034658738905,0.000588438464578964,0.197414792144886,0.0132657815735962,0.260039050662649,0.0732172993871658,"Human_Breast_Wu_06052021_Visium_CID4465"
"Human_Breast_Wu_06052021_Visium_CID4465_TGGAGCTAAAGTTCCC-1",0.00226061194404803,0.340396076175405,0.0316852093798966,0.00465646927212625,0.000619897504204606,0.163902137645281,0.00689565967644979,0.419245228909997,0.0303387094925911,"Human_Breast_Wu_06052021_Visium_CID4465"
"Human_Breast_Wu_06052021_Visium_CID4465_GGGTGGTCCAGCCTGT-1",0.0601516677386027,0.341227377322406,0.144794520212975,0.00787729509720833,0.000714223881637692,0.109552763387834,0.00141655395378996,0.32844508494411,0.00582051346143597,"Human_Breast_Wu_06052021_Visium_CID4465"
"Human_Breast_Wu_06052021_Visium_CID4465_CATGCATGGAGACCCT-1",4.97337007913701e-05,0.198429464790451,0.000329061739587637,1.67832672166289e-05,5.62800453050741e-07,0.0190526017172246,4.90456834916885e-06,0.782069317126992,4.75702889350869e-05,"Human_Breast_Wu_06052021_Visium_CID4465"
"Human_Breast_Wu_06052021_Visium_CID4465_ACACGGCACTATGCAT-1",0.0602738866751431,0.361180385069073,0.141298962370544,0.00650703153473815,0.00136818880906268,0.187050351116389,0.000538539739198068,0.235222514589712,0.00656014009614062,"Human_Breast_Wu_06052021_Visium_CID4465"
"Human_Breast_Wu_06052021_Visium_CID4465_CCCTGGTATGGGCGGC-1",0.00627640856903999,0.376323601819417,0.0184568769837992,0.00994627043427864,0.000694851075758348,0.158879408088515,0.00258595335975451,0.411768293642191,0.0150683360272466,"Human_Breast_Wu_06052021_Visium_CID4465"
"Human_Breast_Wu_06052021_Visium_CID4465_GGAGGATTGAAAGGAG-1",0.0026501311863244,0.46448434808502,0.00666451706367983,0.00407922500252315,0.00229655753808496,0.248570202317424,0.00199175435406499,0.247648919784053,0.0216143446688251,"Human_Breast_Wu_06052021_Visium_CID4465"
"Human_Breast_Wu_06052021_Visium_CID4465_CCGCTGGTGCCATTCA-1",0.00865514396085732,0.388949207953981,0.00837592488977778,0.0468718571020315,0.0126801405304818,0.178397260519307,0.0195993031932417,0.16184710182687,0.174624060023452,"Human_Breast_Wu_06052021_Visium_CID4465"
"Human_Breast_Wu_06052021_Visium_CID4465_GTTAGAGTGTGCCGCT-1",0.00154142608613125,0.577847497896485,0.0255079497519815,0.00286291559536087,0.000351315556438844,0.290445028590941,0.00142635940986123,0.0806652532952907,0.01935225381751,"Human_Breast_Wu_06052021_Visium_CID4465"
"Human_Breast_Wu_06052021_Visium_CID4465_TCGGAATGACCATCAA-1",0.00101242481736518,0.672666433356408,0.00613814050722144,0.00179835782136434,0.000365744426602135,0.266652986810336,0.000818960632819182,0.0366440756704604,0.0139028759574229,"Human_Breast_Wu_06052021_Visium_CID4465"
"Human_Breast_Wu_06052021_Visium_CID4465_TTCAATTAGCCATAAT-1",0.00916986148183731,0.287693700371453,0.00131448084281802,6.96544948855941e-05,9.89914562179449e-05,0.35924617668368,0.0632056813059348,0.0681149055764892,0.211086547786684,"Human_Breast_Wu_06052021_Visium_CID4465"
"Human_Breast_Wu_06052021_Visium_CID4465_GATGTGTTGTCACAAG-1",0.00269827220496795,0.597659340875896,0.073288514743657,0.00148342028379646,0.000805922056577542,0.221124184062505,0.00210544165089421,0.0587953443333756,0.0420395597883309,"Human_Breast_Wu_06052021_Visium_CID4465"
"Human_Breast_Wu_06052021_Visium_CID4465_TCTTTCTCTTAAGGAG-1",0.00417277669661261,0.565226434288327,0.0208377768333588,0.00175916996251946,0.00033444502779103,0.274712934831618,0.00641121125453181,0.0742788944380319,0.05226635666721,"Human_Breast_Wu_06052021_Visium_CID4465"
"Human_Breast_Wu_06052021_Visium_CID4465_ACCCTTTAGTTCTCCA-1",0.00573807536923474,0.541989683180872,0.0187177121418316,0.00162563591856044,0.00174127884813952,0.22307383895135,0.00882234733740783,0.0622407186198724,0.136050709632732,"Human_Breast_Wu_06052021_Visium_CID4465"
"Human_Breast_Wu_06052021_Visium_CID4465_ACCACAACTCAGAACA-1",0.003422067632787,0.765946949764061,0.0101100435819161,0.0157336238274959,0.0011622794153183,0.115552593198437,0.00141229614765842,0.0678504172783939,0.0188097291539325,"Human_Breast_Wu_06052021_Visium_CID4465"
"Human_Breast_Wu_06052021_Visium_CID4465_TATGATAAATCTAACG-1",0.0107683787002633,0.290724723518316,0.0256341793405691,0.00229080162878875,0.00569951204074717,0.312428683471805,0.00862076164490142,0.190685596858452,0.153147362796157,"Human_Breast_Wu_06052021_Visium_CID4465"
"Human_Breast_Wu_06052021_Visium_CID4465_GATCCTCTTGCGCTTA-1",0.0142232548307604,0.359940508708561,0.0602034156611321,0.0108799604902778,0.00964903632019991,0.173200228410042,0.00870096030854379,0.269723707647943,0.093478927622541,"Human_Breast_Wu_06052021_Visium_CID4465"
"Human_Breast_Wu_06052021_Visium_CID4465_GGTGATTTCATCTTGT-1",0.011756651449628,0.378171726624275,0.0115758966733037,0.00158806289700479,0.00067806760119136,0.359541919898071,0.0291877783749848,0.0192916419840183,0.188208254497523,"Human_Breast_Wu_06052021_Visium_CID4465"
"Human_Breast_Wu_06052021_Visium_CID4465_CACCCTTTCCTCGCTC-1",0.0124091079265911,0.426608375892439,0.0627211195373583,0.00184407353553449,0.0034176716276682,0.260026414044077,0.0139882181843143,0.124116686681422,0.0948683325705956,"Human_Breast_Wu_06052021_Visium_CID4465"
"Human_Breast_Wu_06052021_Visium_CID4465_CAACTTGTAGTGGGCA-1",0.00641271236800997,0.495772205073147,0.0164448831369012,0.000398714152587875,0.000181472136808777,0.352249415272138,0.00524860299850852,0.0803674760607599,0.0429245188011385,"Human_Breast_Wu_06052021_Visium_CID4465"
"Human_Breast_Wu_06052021_Visium_CID4465_AATATCAAGGTCGGAT-1",0.0183694745652929,0.489199670955608,0.0274027742504332,0.0101810120326625,0.00118966006723242,0.323361331695647,0.0136409125762524,0.0465496446572552,0.0701055191996163,"Human_Breast_Wu_06052021_Visium_CID4465"
"Human_Breast_Wu_06052021_Visium_CID4465_ACTCAGACCTGCTTCT-1",0.0153177174451738,0.374935843768418,0.00974127174407206,0.00466133922361372,0.00800758858309187,0.235929934336897,0.0228554222824739,0.0720534449234225,0.256497437692837,"Human_Breast_Wu_06052021_Visium_CID4465"
"Human_Breast_Wu_06052021_Visium_CID4465_TTGGAGTCTCCCTTCT-1",0.00422148967109136,0.572141534663693,0.0287214093764138,0.000746029563272037,0.000800325383398493,0.233562589241636,0.00279989013076298,0.139134746468314,0.0178719855014189,"Human_Breast_Wu_06052021_Visium_CID4465"
"Human_Breast_Wu_06052021_Visium_CID4465_GGATACTCATGAATTG-1",0.0033558324678705,0.559261359552629,0.0340788443514107,0.0010957455290733,0.000517954602016039,0.240941541103553,0.0143133920528675,0.109717128792088,0.0367182015484922,"Human_Breast_Wu_06052021_Visium_CID4465"
"Human_Breast_Wu_06052021_Visium_CID4465_TGGGCACAAACAGAAC-1",0.00141687330037858,0.609482163200963,0.0281936697936798,0.00606738155898059,9.07610541670444e-05,0.231728776299809,0.000556240158989263,0.1153698895937,0.00709424503933174,"Human_Breast_Wu_06052021_Visium_CID4465"
"Human_Breast_Wu_06052021_Visium_CID4465_GAGCCACGGTAGTAGG-1",0.00201450288472273,0.574427823453996,0.0145818813509343,0.00195042253307986,0.000347726779675257,0.231953684859988,0.00485608040995579,0.132094057016167,0.0377738207114805,"Human_Breast_Wu_06052021_Visium_CID4465"
"Human_Breast_Wu_06052021_Visium_CID4465_TCGATAGGCTAGTCGC-1",0.00449567662472887,0.522955001350065,0.0305536079740075,0.0148591765187952,0.00252357364723608,0.226476389405509,0.00471831995072092,0.168293025531918,0.0251252289970199,"Human_Breast_Wu_06052021_Visium_CID4465"
"Human_Breast_Wu_06052021_Visium_CID4465_TAACCGCCCGCAGTGC-1",0.000152007792914234,0.581442212012587,0.00228728431771636,0.000331417146041706,8.18928007494041e-05,0.226169702358605,3.65016114020288e-05,0.188838428200002,0.000660553759982725,"Human_Breast_Wu_06052021_Visium_CID4465"
"Human_Breast_Wu_06052021_Visium_CID4465_GCCTATTTGCTACACA-1",0.00228492076914427,0.522145292630368,0.00830370442573598,0.0102628420633989,0.00291243396030538,0.196791562338793,0.00118362561754066,0.240384528389395,0.0157310898053188,"Human_Breast_Wu_06052021_Visium_CID4465"
"Human_Breast_Wu_06052021_Visium_CID4465_TTGACGATTCAGCACG-1",0.000523314258190199,0.514928399411973,0.0101698626408659,0.000872899947867969,0.00016883550620897,0.161347116507186,0.000230845422895189,0.309299487787037,0.00245923851777523,"Human_Breast_Wu_06052021_Visium_CID4465"
"Human_Breast_Wu_06052021_Visium_CID4465_TTAAACCGGTAGCGAC-1",0.0079830766807276,0.416840642624147,0.0172317908163625,0.0241236356413943,0.0100565228083126,0.222512749697153,0.0100866550406887,0.168509527649028,0.122655399042187,"Human_Breast_Wu_06052021_Visium_CID4465"
"Human_Breast_Wu_06052021_Visium_CID4465_ACCGAAAGGGCCCTGC-1",0.00158361118063582,0.536652756554433,0.0140756711094936,0.001008229780825,6.27288887821108e-05,0.184385305787688,0.000316267896789238,0.261131997208464,0.000783431592889598,"Human_Breast_Wu_06052021_Visium_CID4465"
"Human_Breast_Wu_06052021_Visium_CID4465_ACGTTCCGCGCTCCGT-1",0.0673494729488869,0.420331688540325,0.128224852650935,0.0344584324741456,0.00248033766869246,0.169048469437602,0.00262435020230697,0.158480615377291,0.0170017806998149,"Human_Breast_Wu_06052021_Visium_CID4465"
"Human_Breast_Wu_06052021_Visium_CID4465_ATACCAGGCTAATAGA-1",0.0132763257876861,0.499615292688285,0.102680823360412,0.0129258497719905,0.000788296910544788,0.130311376550295,0.000897705127810697,0.235419765806624,0.00408456399635255,"Human_Breast_Wu_06052021_Visium_CID4465"
"Human_Breast_Wu_06052021_Visium_CID4465_CGGCTTTGTATGATAA-1",0.0040508722436505,0.427230682415069,0.0225239334183628,0.00119143152792296,3.10364005484094e-05,0.0811006839575623,8.64330884744843e-05,0.463244898751052,0.000540028197357465,"Human_Breast_Wu_06052021_Visium_CID4465"
"Human_Breast_Wu_06052021_Visium_CID4465_CTTGACCCGAAAGATA-1",0.0675104724729187,0.351211738704096,0.180123166042927,0.00328933121853524,0.000679127415948997,0.050169405587568,0.00050974896912615,0.344384785660019,0.00212222392886065,"Human_Breast_Wu_06052021_Visium_CID4465"
"Human_Breast_Wu_06052021_Visium_CID4465_CGCAGAAACATTTGCG-1",0.172782734844022,0.39623383111216,0.244439426701771,0.0019223493239184,0.000181630578685031,0.0865114770875988,0.000698029435052796,0.0961380968229423,0.00109242409384879,"Human_Breast_Wu_06052021_Visium_CID4465"
"Human_Breast_Wu_06052021_Visium_CID4465_GACCCGTCGCCGGCTA-1",0.0411998017534914,0.307207158643473,0.0819711849152176,0.0110802531661191,0.000121307530655578,0.0941340285627904,0.000303502771585409,0.462618036388263,0.00136472626840468,"Human_Breast_Wu_06052021_Visium_CID4465"
"Human_Breast_Wu_06052021_Visium_CID4465_AATCGGGACACTACGA-1",0.0023399928585386,0.495173046165638,0.0272973325712016,0.00264158231408426,0.000134056065516563,0.207809836685986,0.00172183725194121,0.250366725138298,0.0125155909487963,"Human_Breast_Wu_06052021_Visium_CID4465"
"Human_Breast_Wu_06052021_Visium_CID4465_GTCACAAAGTTTCCAA-1",0.00177391816063848,0.430679154936216,0.00679743317436356,0.0209947932513215,0.00204715990820884,0.218744675647818,0.0177495037039325,0.161520178678466,0.139693182539036,"Human_Breast_Wu_06052021_Visium_CID4465"
"Human_Breast_Wu_06052021_Visium_CID4465_TATATTCGCGTCGATA-1",0.00901417124162497,0.330547949883275,0.010836498202369,0.0140957541338514,0.00405106546069268,0.250924669501758,0.0129279470407232,0.225811398518151,0.141790546017554,"Human_Breast_Wu_06052021_Visium_CID4465"
"Human_Breast_Wu_06052021_Visium_CID4465_CCTCCCGACAATCCCT-1",0.0181253827300261,0.332053411312869,0.0751639939026001,0.00613312007790787,0.0119966762367114,0.248639803593973,0.0164238656636976,0.0603026536221555,0.231161092860059,"Human_Breast_Wu_06052021_Visium_CID4465"
"Human_Breast_Wu_06052021_Visium_CID4465_CGACATGCGATCTTCT-1",0.00906234993835977,0.473762882854254,0.0300307197593119,0.0046649636046812,0.00142031397303984,0.248392355866837,0.0128811497041575,0.142987956708278,0.0767973075910811,"Human_Breast_Wu_06052021_Visium_CID4465"
"Human_Breast_Wu_06052021_Visium_CID4465_AACACGACTGTACTGA-1",0.00920817191670283,0.506996536883829,0.0382639458858558,0.00469266638963144,0.00269478323280901,0.243901635099254,0.00985176510775789,0.133915358872589,0.0504751366115718,"Human_Breast_Wu_06052021_Visium_CID4465"
"Human_Breast_Wu_06052021_Visium_CID4465_CCCAACCACACTAACA-1",0.0122277564718905,0.365051624510652,0.0288486473699732,0.00819032278497726,0.0068513712194857,0.177950967349378,0.02281216200293,0.136538093001175,0.241529055289538,"Human_Breast_Wu_06052021_Visium_CID4465"
"Human_Breast_Wu_06052021_Visium_CID4465_CACCGCCGACCAGCGA-1",0.00380089185489753,0.428019516621534,0.0265627160444825,0.0476214332857001,0.00506932043586211,0.235580200648362,0.00598155121504474,0.193971755636834,0.0533926142572826,"Human_Breast_Wu_06052021_Visium_CID4465"
"Human_Breast_Wu_06052021_Visium_CID4465_TGGTATCGCATCCCAA-1",0.0431258177759337,0.354595322738996,0.132616262540231,0.0248202551448973,0.00281116111883817,0.220399122462129,0.0029225431808835,0.20183685140123,0.0168726636368617,"Human_Breast_Wu_06052021_Visium_CID4465"
"Human_Breast_Wu_06052021_Visium_CID4465_CAGAGTGATTTAACGT-1",0.0252628161339177,0.313423243010215,0.0258102007836357,0.0403824404744729,0.00267336523754661,0.24911390424588,0.0023203934603099,0.319324622880373,0.021689013773649,"Human_Breast_Wu_06052021_Visium_CID4465"
"Human_Breast_Wu_06052021_Visium_CID4465_AACCCTGGTGGAACCA-1",0.00902372780964729,0.26147014184265,0.00828009599436914,0.0177022638708562,0.00197546905029756,0.293390115024223,0.00248044480479973,0.387910162571049,0.0177675790321078,"Human_Breast_Wu_06052021_Visium_CID4465"
"Human_Breast_Wu_06052021_Visium_CID4465_GTCAGTTGTGCTCGTT-1",0.00073861153061894,0.433479747694392,0.00268168672119084,0.00293908498141039,0.000276318739502673,0.163886097257704,0.00168397442443075,0.387195753652076,0.00711872499867434,"Human_Breast_Wu_06052021_Visium_CID4465"
"Human_Breast_Wu_06052021_Visium_CID4465_ATTGACGTAACTCGGT-1",0.00741182724531994,0.382059434140775,0.014454305188559,0.0028698082094252,0.00544412077167619,0.30877977159528,0.0123284591823345,0.0658993291107751,0.200752944555854,"Human_Breast_Wu_06052021_Visium_CID4465"
"Human_Breast_Wu_06052021_Visium_CID4465_GATGTCGGTCAACTGC-1",0.0167706855345932,0.346870674019039,0.0133886235413339,0.0121109073626728,0.00735948341371209,0.292827221385083,0.0280760159852018,0.0585646441206736,0.224031744637691,"Human_Breast_Wu_06052021_Visium_CID4465"
"Human_Breast_Wu_06052021_Visium_CID4465_AGGGCAGCGGCGTGGT-1",0.00174080958440894,0.614958360852874,0.00951115624250918,0.0141159373959088,0.000989176746533043,0.252838390028148,0.00419447248029459,0.0555099623369579,0.046141734332366,"Human_Breast_Wu_06052021_Visium_CID4465"
"Human_Breast_Wu_06052021_Visium_CID4465_ACATCGTTAACCTAGT-1",0.00299790825233994,0.597219811048023,0.0384055862206672,0.0064636288858755,0.00124685361730802,0.278677003805865,0.00267102707008275,0.0505914993666021,0.0217266817332371,"Human_Breast_Wu_06052021_Visium_CID4465"
"Human_Breast_Wu_06052021_Visium_CID4465_TCCATTGTGACCTCGT-1",4.46361490870776e-05,0.658960316494609,0.0102246488067415,0.000195047645458044,1.69098492812491e-05,0.171959684001516,0.000112050288015426,0.156920385978433,0.00156632078685873,"Human_Breast_Wu_06052021_Visium_CID4465"
"Human_Breast_Wu_06052021_Visium_CID4465_TGTTTAATACTTCATC-1",0.000762592445211125,0.589819406009761,0.0140245488832523,0.00400941056126637,0.000553926023921472,0.299319077202884,0.000991385558095591,0.0787347444942748,0.0117849088213334,"Human_Breast_Wu_06052021_Visium_CID4465"
"Human_Breast_Wu_06052021_Visium_CID4465_TTGCTGGCCGGGCTTC-1",0.00557530379574434,0.582205454530464,0.0124112134805685,0.00257449245271821,0.00153491579484482,0.219130596635459,0.0077742297149913,0.0956939143763149,0.0730998792188944,"Human_Breast_Wu_06052021_Visium_CID4465"
"Human_Breast_Wu_06052021_Visium_CID4465_CATATTATTTGCCCTA-1",0.00404101916197489,0.501520464851046,0.0243195844724915,0.0152380027122741,0.000565562210961693,0.194725122860864,0.00113705055313848,0.253636957664483,0.0048162355127654,"Human_Breast_Wu_06052021_Visium_CID4465"
"Human_Breast_Wu_06052021_Visium_CID4465_CTGCCTAGCCACCAAG-1",0.00574631084650241,0.43240521769645,0.0181630252793937,0.0160929213089797,0.000705313211006475,0.0660587109103057,0.00129408186551559,0.455867081331099,0.00366733755074759,"Human_Breast_Wu_06052021_Visium_CID4465"
"Human_Breast_Wu_06052021_Visium_CID4465_ACGAGATATTTGCTTA-1",0.150012297683567,0.300946071111554,0.289403053872335,0.000844777262141238,6.42858415606659e-05,0.0749176795121915,0.000265881187987252,0.182633574724046,0.000912378804618692,"Human_Breast_Wu_06052021_Visium_CID4465"
"Human_Breast_Wu_06052021_Visium_CID4465_GACTACAATTGCTCGT-1",0.0325698215847206,0.320742222499331,0.0983008872693296,0.0039386480800417,0.000426809971389584,0.142719528873149,0.00101377419040399,0.39342288284073,0.006865424690904,"Human_Breast_Wu_06052021_Visium_CID4465"
"Human_Breast_Wu_06052021_Visium_CID4465_AACGTGATGAAGGACA-1",0.00703974488402212,0.391085665631976,0.00903907835298714,0.0517717773741097,0.000354882254054646,0.0819104989477189,0.000903446726998376,0.454304525128756,0.00359038069937771,"Human_Breast_Wu_06052021_Visium_CID4465"
"Human_Breast_Wu_06052021_Visium_CID4465_ACTCTCTTATACACGA-1",0.00999201758408339,0.559475496576714,0.0837028022195946,0.00389288579970503,9.59978444927048e-05,0.10938654370281,0.000278428426398733,0.230863048397074,0.00231277944912719,"Human_Breast_Wu_06052021_Visium_CID4465"
"Human_Breast_Wu_06052021_Visium_CID4465_CGCATCATGGCTTCAG-1",0.0290948786847107,0.434578852911378,0.216899947319774,0.00334325456482595,0.000339849488300833,0.220839274659167,0.000845506978739858,0.0886815970807132,0.00537683831239026,"Human_Breast_Wu_06052021_Visium_CID4465"
"Human_Breast_Wu_06052021_Visium_CID4465_CGAGTGCTATAGTTCG-1",0.0172709036830339,0.324705859923281,0.0157457300249151,0.00752710312117301,0.00509511427688083,0.203114325607719,0.0281468238991242,0.113457059715169,0.284937079748704,"Human_Breast_Wu_06052021_Visium_CID4465"
"Human_Breast_Wu_06052021_Visium_CID4465_GTACTGCATGAAGCGT-1",0.0250220797021616,0.378814190321616,0.036411378956213,0.00210537740295707,0.00380881057084419,0.192690364980485,0.0436206429807423,0.0362678959594794,0.281259259125501,"Human_Breast_Wu_06052021_Visium_CID4465"
"Human_Breast_Wu_06052021_Visium_CID4465_GTAACTTGCGGCAGTC-1",0.0171622748631289,0.37690927262826,0.0576881319698123,0.00469166285726744,0.00200313765195613,0.265419530585731,0.0163790503252203,0.123490442063761,0.136256497054862,"Human_Breast_Wu_06052021_Visium_CID4465"
"Human_Breast_Wu_06052021_Visium_CID4465_GAATCGCCGGACACGG-1",0.00889974795929464,0.41807844644475,0.0764208374582828,0.0444858881868521,0.0113743760971886,0.265677453614932,0.0143507939592547,0.0739327272526003,0.0867797290268446,"Human_Breast_Wu_06052021_Visium_CID4465"
"Human_Breast_Wu_06052021_Visium_CID4465_GGGAGTAATGGCTGGC-1",0.00171262964663346,0.592557916150904,0.0159874441356043,0.000298724043175354,0.000165064021737934,0.29969219085204,0.000707265024163809,0.0556344879463785,0.0332442781793625,"Human_Breast_Wu_06052021_Visium_CID4465"
"Human_Breast_Wu_06052021_Visium_CID4465_CATGAACCGACATTTG-1",0.0272815624103617,0.374360219347982,0.0382691579558849,0.0112871224395049,0.00526506125464103,0.206718899428728,0.0252789169492712,0.0485548685691976,0.262984191644428,"Human_Breast_Wu_06052021_Visium_CID4465"
"Human_Breast_Wu_06052021_Visium_CID4465_TCTGTCATACAAGAGC-1",0.00126640862187475,0.496515684847653,0.0152179922712229,0.00217459157573566,0.00121641112937376,0.296585445394755,0.00253971351970652,0.164859746956171,0.0196240056835082,"Human_Breast_Wu_06052021_Visium_CID4465"
"Human_Breast_Wu_06052021_Visium_CID4465_GTCGTCAATTATAAGG-1",0.0146099778752178,0.472060477987184,0.0113239842801679,0.00801481974392136,0.00603359797690685,0.288012660229854,0.0119238680518651,0.108499453991916,0.0795211598629667,"Human_Breast_Wu_06052021_Visium_CID4465"
"Human_Breast_Wu_06052021_Visium_CID4465_TAAAGAGCCCGAAACC-1",0.00177513260924454,0.590003185342836,0.011452122423694,0.000558997081395393,0.000151085767667561,0.323093918959489,0.00170410832673037,0.050849774084354,0.0204116754045888,"Human_Breast_Wu_06052021_Visium_CID4465"
"Human_Breast_Wu_06052021_Visium_CID4465_GTACTGAGGTCGTAAC-1",0.00587049182442588,0.427127743779369,0.0240604975891308,0.000723183499005827,0.000664594040422476,0.284077829334779,0.00270788930653858,0.230119227482337,0.0246485431439915,"Human_Breast_Wu_06052021_Visium_CID4465"
"Human_Breast_Wu_06052021_Visium_CID4465_AAAGACCCAAGTCGCG-1",0.00109073705803102,0.596875564740181,0.0254921684980194,0.0035683536217616,0.000171260421977003,0.264837276477806,0.000627037107355206,0.103804743708853,0.00353285836601681,"Human_Breast_Wu_06052021_Visium_CID4465"
"Human_Breast_Wu_06052021_Visium_CID4465_CGTCAGTGCGCACAAG-1",1.58275233455962e-06,0.30810827183095,0.000131816645584132,5.20599122936053e-08,5.16034842637868e-09,0.0519612101698667,4.26250251209821e-08,0.639796680485461,3.38270517712513e-07,"Human_Breast_Wu_06052021_Visium_CID4465"
"Human_Breast_Wu_06052021_Visium_CID4465_TGTATCCTTATTCCAT-1",0.0029695758704709,0.563266280922207,0.0128531545602433,0.00065523516905684,0.000187177304681269,0.276508529464564,0.000569477129897032,0.13926667563361,0.00372389394526914,"Human_Breast_Wu_06052021_Visium_CID4465"
"Human_Breast_Wu_06052021_Visium_CID4465_ATTCTCGTCTCTTTAG-1",0.000356726236450995,0.561215104895363,0.0279650513789197,0.000424768988507579,3.99030936068527e-05,0.195927821050605,0.000837180260931188,0.211731801450457,0.00150164264515911,"Human_Breast_Wu_06052021_Visium_CID4465"
"Human_Breast_Wu_06052021_Visium_CID4465_AAAGTCACTGATGTAA-1",0.000287612176633911,0.484645964682892,0.00435089588625244,9.29502032321503e-05,8.03280261863405e-06,0.191493910942872,3.30485148828692e-05,0.318931670564982,0.000155914225633603,"Human_Breast_Wu_06052021_Visium_CID4465"
"Human_Breast_Wu_06052021_Visium_CID4465_TGTCTACAGTTTCTGT-1",0.000499922511235854,0.372628551210916,0.00538422178981683,3.9378917740792e-05,9.84274534097392e-07,0.114519944880498,7.1108949180552e-05,0.506624906813015,0.000230980653062691,"Human_Breast_Wu_06052021_Visium_CID4465"
"Human_Breast_Wu_06052021_Visium_CID4465_TTAACGTCGCAAGACC-1",0.00047459931073391,0.338062216868178,0.0092244551220299,0.000146971135021449,3.22557063892654e-06,0.0984120355319499,2.49328595600358e-06,0.553600671305798,7.33318696932051e-05,"Human_Breast_Wu_06052021_Visium_CID4465"
"Human_Breast_Wu_06052021_Visium_CID4465_CTATGTCTATTGAAAC-1",0.0150096220133516,0.433319410932571,0.105377174921764,0.0111949978591224,0.000801136331990761,0.17103122146986,0.00096775806622655,0.253752059797286,0.00854661860782793,"Human_Breast_Wu_06052021_Visium_CID4465"
"Human_Breast_Wu_06052021_Visium_CID4465_TCGGGTGAAACTGCTA-1",0.05422262716934,0.513302358174666,0.109534167119181,0.00679337385067012,0.000136727352483923,0.216848569338731,0.000370220821403721,0.096091515891193,0.00270044028233105,"Human_Breast_Wu_06052021_Visium_CID4465"
"Human_Breast_Wu_06052021_Visium_CID4465_TGTCCCGACATAGCAC-1",0.0966723520456489,0.528662734689886,0.149089221182469,0.00683503735320668,0.000393672935411778,0.14311092653641,0.00021853269109509,0.0699446286466642,0.00507289391920859,"Human_Breast_Wu_06052021_Visium_CID4465"
"Human_Breast_Wu_06052021_Visium_CID4465_ACAGCATAGAGCCAGT-1",0.0458177422227501,0.421877631377448,0.166309310147749,0.0165419077115232,0.000833489368513726,0.312938963521013,0.000509856475960885,0.0308040464365965,0.00436705273844556,"Human_Breast_Wu_06052021_Visium_CID4465"
"Human_Breast_Wu_06052021_Visium_CID4465_ATATTCCCACAGGTCA-1",0.0212479909231843,0.366414556745479,0.0411136746082192,0.0726341208762804,0.0109391194154682,0.220019368606985,0.0150700397628367,0.120566589550333,0.131994539511215,"Human_Breast_Wu_06052021_Visium_CID4465"
"Human_Breast_Wu_06052021_Visium_CID4465_TTGGATCGACTTCTGG-1",0.00553412663163641,0.404396200096694,0.0233666477822145,0.00795368693912019,0.00442162323440937,0.174787253560502,0.0201941760365861,0.132705094161121,0.226641191557717,"Human_Breast_Wu_06052021_Visium_CID4465"
"Human_Breast_Wu_06052021_Visium_CID4465_CACCATCGGAGGAGAC-1",0.0176738242762984,0.306590414261611,0.0365483073255985,0.0495706972692584,0.0231666312503898,0.204685172686694,0.0304336407307584,0.0450460708277092,0.286285241371683,"Human_Breast_Wu_06052021_Visium_CID4465"
"Human_Breast_Wu_06052021_Visium_CID4465_TCGTTCGTTATTATGT-1",0.014593079932773,0.259736775848966,0.0119670688646455,0.00369988055715262,0.0120277525182654,0.191007915209178,0.0241463773999701,0.0947043613734828,0.388116788295567,"Human_Breast_Wu_06052021_Visium_CID4465"
"Human_Breast_Wu_06052021_Visium_CID4465_CTTAACTTCGAAGTAC-1",0.0144662013857231,0.425816939629946,0.0393297073637858,0.0132025315053399,0.00478937585859026,0.226594295824067,0.018117081471444,0.104825301492868,0.152858565468236,"Human_Breast_Wu_06052021_Visium_CID4465"
"Human_Breast_Wu_06052021_Visium_CID4465_GCACAAGTGTCGGAAG-1",0.00473408106713297,0.430763626941758,0.0292128735755772,0.0236342707651869,0.00616418850721062,0.227200243200936,0.0178931202204201,0.0925787463405235,0.167818849381255,"Human_Breast_Wu_06052021_Visium_CID4465"
"Human_Breast_Wu_06052021_Visium_CID4465_TACCAGCTAGGTTTAA-1",0.0105233908964278,0.420031863263951,0.0488038099464151,0.01006752033629,0.00282882984769214,0.269934235845445,0.0110236033003575,0.0736212365764702,0.153165509986951,"Human_Breast_Wu_06052021_Visium_CID4465"
"Human_Breast_Wu_06052021_Visium_CID4465_ACGTACAGATTTCTCT-1",0.00394934001714316,0.505208246536093,0.0263008010037726,0.00517125181218079,0.00190522368415542,0.242897216924498,0.00403498719322026,0.154330897929642,0.056202034899295,"Human_Breast_Wu_06052021_Visium_CID4465"
"Human_Breast_Wu_06052021_Visium_CID4465_AATTTGGTTCCAAAGA-1",0.00803251161952001,0.367631193887708,0.0115563216997869,0.00439388117943761,0.00623796709619216,0.197753636320004,0.0134871602975333,0.0177269725681471,0.373180355331671,"Human_Breast_Wu_06052021_Visium_CID4465"
"Human_Breast_Wu_06052021_Visium_CID4465_GTAAGGATTTGTCGGA-1",0.0302507902824377,0.347163929355886,0.110645211722863,0.0164948752796644,0.00453380531271934,0.353107271088629,0.00491132485258041,0.0976750440251064,0.0352177480801127,"Human_Breast_Wu_06052021_Visium_CID4465"
"Human_Breast_Wu_06052021_Visium_CID4465_CATCATCTACCCGGAC-1",0.00736508996838176,0.465319831965287,0.0339278397447483,0.00495508557355108,0.00229656006635658,0.384425096026759,0.00542261044929536,0.0661898686049377,0.0300980176006836,"Human_Breast_Wu_06052021_Visium_CID4465"
