"","Endothelial","CAFs","PVL","B-cells","T-cells","Myeloid","Normal Epithelial","Plasmablasts","Cancer Epithelial","sid"
"GSE210616_GSM6433587_AAACAGAGCGACTCCT-1",0.0586683576439236,0.0328911836952273,0.0175512015290173,0.137654363827204,0.254017815461134,0.113341423508314,0.193427867045866,0.00753755260492916,0.184910234684384,"GSE210616_GSM6433587"
"GSE210616_GSM6433587_AAACCGGGTAGGTACC-1",0.0903062188726576,0.0341940971560577,0.0142144628136054,0.0782503163111046,0.137602767168202,0.170938690631226,0.229258022382305,0.0135651754949854,0.231670249169857,"GSE210616_GSM6433587"
"GSE210616_GSM6433587_AAACCGTTCGTCCAGG-1",0.0895159626969059,0.0378839407954473,0.00867726803408271,0.0135224783535713,0.0606608597866783,0.204926321379381,0.368045377266457,0.0153233168701721,0.201444474817305,"GSE210616_GSM6433587"
"GSE210616_GSM6433587_AAACCTCATGAAGTTG-1",0.0960433496668264,0.0364178581974185,0.0182188827238681,0.130214590128481,0.223257962204343,0.119766463318502,0.120564081984491,0.00576921503788432,0.249747596738185,"GSE210616_GSM6433587"
"GSE210616_GSM6433587_AAACGAGACGGTTGAT-1",0.0780430115552439,0.198811311596611,0.032804581349364,0.285342605049546,0.314118887659218,0.0478284660157886,0.0253754047056047,0.00120839226684724,0.0164673398017779,"GSE210616_GSM6433587"
"GSE210616_GSM6433587_AAACTCGTGATATAAG-1",0.0794457786109562,0.0234848207444992,0.00540732966559646,0.158653753307178,0.210438866348444,0.0594409071052711,0.214360214517171,0.0110670952797779,0.237701234421106,"GSE210616_GSM6433587"
"GSE210616_GSM6433587_AAACTGCTGGCTCCAA-1",0.0691396926667057,0.0326333734007942,0.00696969206723155,0.0583616416791378,0.105326167119078,0.24953480959242,0.364753128380569,0.0024135490094556,0.110867946084608,"GSE210616_GSM6433587"
"GSE210616_GSM6433587_AAACTTGCAAACGTAT-1",0.0895137168196185,0.0235914310855263,0.017425450718493,0.170820384907681,0.242501711679889,0.0741689646961037,0.158415588476033,0.00549952639454239,0.218063225222112,"GSE210616_GSM6433587"
"GSE210616_GSM6433587_AAAGACTGGGCGCTTT-1",0.0709263850748348,0.0364386252786361,0.0190730838618877,0.064081558198397,0.171083312016456,0.12764449032909,0.29767380585392,0.00207506855606072,0.211003670830718,"GSE210616_GSM6433587"
"GSE210616_GSM6433587_AAAGCTTGCCTACATA-1",0.0954621486000301,0.0525275677844663,0.010493096496366,0.264900859045906,0.31105860409328,0.0115822487805077,0.129563096669712,0.00312694638828828,0.121285432141444,"GSE210616_GSM6433587"
"GSE210616_GSM6433587_AAAGGGATGTAGCAAG-1",0.0872835485670593,0.0243377359870128,0.00784836805675705,0.195966212944327,0.226766005579877,0.0586110398438461,0.211709481032016,0.00199520689624821,0.185482401092856,"GSE210616_GSM6433587"
"GSE210616_GSM6433587_AAAGGGCAGCTTGAAT-1",0.0624905211612639,0.199970609545051,0.0262412216683822,0.021993956815453,0.105677731470494,0.167614257744291,0.2106889493029,0.00300686202690035,0.202315890265263,"GSE210616_GSM6433587"
"GSE210616_GSM6433587_AAAGTAGCATTGCTCA-1",0.0787440815124184,0.059088867051208,0.0349755650700352,0.10422890498442,0.105360360597393,0.152136420853661,0.187437922725549,0.0078211157100678,0.270206761495247,"GSE210616_GSM6433587"
"GSE210616_GSM6433587_AAAGTGTGATTTATCT-1",0.00869059662338252,0.204159009649568,0.00141242393931814,0.268576184461828,0.424155009587321,0.061827619475088,0.0158462324315136,0.00254910314422671,0.0127838206877545,"GSE210616_GSM6433587"
"GSE210616_GSM6433587_AAAGTTGACTCCCGTA-1",0.0612342935009918,0.041576895476825,0.0105838642871458,0.216046417132784,0.18165471933072,0.0979391726806636,0.21421943343836,0.00197367011645733,0.174771534036053,"GSE210616_GSM6433587"
"GSE210616_GSM6433587_AAATAACCATACGGGA-1",0.0774667375740709,0.0241028058808598,0.0132793319730673,0.140878654996423,0.199256337445134,0.0927957318778727,0.279859457146642,0.00167179906654653,0.170689144039384,"GSE210616_GSM6433587"
"GSE210616_GSM6433587_AAATAAGGTAGTGCCC-1",0.0609238130170995,0.0337594184931146,0.00862368904394189,0.283441884811315,0.299734898094035,0.0474425063840438,0.109738262041881,0.00165776697939645,0.154677761135172,"GSE210616_GSM6433587"
"GSE210616_GSM6433587_AAATACCTATAAGCAT-1",0.08005746065155,0.0335741913271809,0.0172727285251584,0.118057507825834,0.18141029063866,0.147205743298045,0.223209376765356,0.00133422076369319,0.197878480204523,"GSE210616_GSM6433587"
"GSE210616_GSM6433587_AAATAGCTTAGACTTT-1",0.0100983966392884,0.490182540601803,0.0148415181977431,0.0850530396177697,0.157271528186223,0.042121703182627,0.0365580096738437,0.12699479174673,0.0368784721539732,"GSE210616_GSM6433587"
"GSE210616_GSM6433587_AAATCGTGTACCACAA-1",0.0580489935566337,0.361225908673312,0.0164403275321186,0.0791346884737908,0.199546245573331,0.134795529646197,0.0905498171071787,0.00575232456088905,0.0545061648765492,"GSE210616_GSM6433587"
"GSE210616_GSM6433587_AAATGATTCGATCAGC-1",0.0425433553396916,0.0203173783655016,0.00323715724385687,0.312454054338616,0.208848392753365,0.0451929361603328,0.18651987860516,0.000320901428122312,0.180565945765354,"GSE210616_GSM6433587"
"GSE210616_GSM6433587_AAATGGCATGTCTTGT-1",0.0819459412187582,0.0332664862086926,0.0265737607871343,0.154764314000262,0.332594643610015,0.0600132495163517,0.119303497520218,0.0138772074741959,0.177660899664372,"GSE210616_GSM6433587"
"GSE210616_GSM6433587_AAATTAACGGGTAGCT-1",0.116145083453783,0.0464309861256091,0.020598945095827,0.0893722410684138,0.248014992751186,0.0888446528171544,0.227157800274167,0.002896686668195,0.160538611745665,"GSE210616_GSM6433587"
"GSE210616_GSM6433587_AAATTACCTATCGATG-1",0.0685630953193123,0.0194966416302643,0.0128170991079263,0.326611311185472,0.209074206485566,0.0537876336105269,0.123231451715082,0.00254162465630886,0.183876936289542,"GSE210616_GSM6433587"
"GSE210616_GSM6433587_AAATTCCAGGTCCAAA-1",0.0112228060398659,0.257535982919738,0.011191059373178,0.11988353486063,0.221665454520667,0.0457672415652391,0.0231558632529517,0.25916543647142,0.0504126209963106,"GSE210616_GSM6433587"
"GSE210616_GSM6433587_AAATTGATAGTCCTTT-1",0.167154274474902,0.0902269633019688,0.0778823520432295,0.0478701971336191,0.108747407342175,0.270669376166492,0.148707874718888,0.00290538835681384,0.0858361664619119,"GSE210616_GSM6433587"
"GSE210616_GSM6433587_AAATTTGCGGGTGTGG-1",0.0763417343071897,0.0772338542370403,0.012671215844037,0.0947030415002735,0.178438155486605,0.110029199683697,0.275139769844078,0.00272904517205065,0.172713983925029,"GSE210616_GSM6433587"
"GSE210616_GSM6433587_AACAACTGGTAGTTGC-1",0.0857679179270344,0.0393948321644448,0.0146937702039335,0.215791423600092,0.145693614605371,0.100557695774318,0.172532634158326,0.00676527950930737,0.218802832057173,"GSE210616_GSM6433587"
"GSE210616_GSM6433587_AACAATTACTCTACGC-1",0.0758918322055845,0.0423922056220161,0.0111935924739458,0.146875723199493,0.120022134884397,0.108275712692987,0.309656835814845,0.00234172734379059,0.183350235762941,"GSE210616_GSM6433587"
"GSE210616_GSM6433587_AACACGAGACGCGGCC-1",0.0782876440280292,0.0222064850654606,0.024772588810572,0.207386014324913,0.204593002769226,0.0718823510109758,0.169229332398934,0.0101156547234245,0.211526926868464,"GSE210616_GSM6433587"
"GSE210616_GSM6433587_AACAGGAAATCGAATA-1",0.0433576182580753,0.0937682551640841,0.0105456795545172,0.115114471199118,0.475905021896849,0.124507784183266,0.0525494037287445,0.0168020400385293,0.0674497259768158,"GSE210616_GSM6433587"
"GSE210616_GSM6433587_AACAGGATGGGCCGCG-1",0.0794622274511811,0.0485801152724631,0.0185723360311255,0.166005307444826,0.257662266313053,0.09267736478504,0.156695714951721,0.001611041277361,0.17873362647323,"GSE210616_GSM6433587"
"GSE210616_GSM6433587_AACATATCAACTGGTG-1",0.0535828281788189,0.0377204545761193,0.00626486669677615,0.104265621635714,0.202043462754969,0.166872388385307,0.204709583361312,0.00993778318353908,0.214603011227444,"GSE210616_GSM6433587"
"GSE210616_GSM6433587_AACCAAGACTTCTCTG-1",0.0872253389716357,0.038819052118694,0.0130681158270818,0.0672871403692866,0.20253909563962,0.139791539890336,0.246607205795378,0.00367103790673515,0.200991473481232,"GSE210616_GSM6433587"
"GSE210616_GSM6433587_AACCCTACTGTCAATA-1",0.143713534382314,0.133876965754435,0.0659305309860247,0.198708544626569,0.196012440615458,0.0413694704348795,0.098192370280252,0.00107592604952982,0.121120216870537,"GSE210616_GSM6433587"
"GSE210616_GSM6433587_AACCGAGCTTGGTCAT-1",0.0751597140557492,0.147439848522772,0.0186403175516675,0.19886251302297,0.288755324267565,0.0804645048902874,0.0744844145685097,0.0155491384237545,0.100644224696724,"GSE210616_GSM6433587"
"GSE210616_GSM6433587_AACCTGTCACGGAATT-1",0.0663703588674388,0.0383028878376897,0.0113330021150795,0.209108775696729,0.273152844710586,0.0552377326336733,0.131823866702293,0.00310618479482084,0.211564346641689,"GSE210616_GSM6433587"
"GSE210616_GSM6433587_AACCTTTACGACGTCT-1",0.0775131333980888,0.0256701836670151,0.00764694285632881,0.13670573746518,0.156726274326463,0.0844442662345035,0.318323268299586,0.00514482323460057,0.187825370518234,"GSE210616_GSM6433587"
"GSE210616_GSM6433587_AACGATAGAAGGGCCG-1",0.0787256508099416,0.0312961970861978,0.0176319115702905,0.126149837332682,0.277090228243461,0.0961254160914108,0.102381962836574,0.00645281932440683,0.264145976705036,"GSE210616_GSM6433587"
"GSE210616_GSM6433587_AACGATATGTCAACTG-1",0.0704545439903275,0.0301652320574412,0.0110471061467629,0.184528185270273,0.241070865623239,0.0862552608255332,0.171750520160103,0.00426913839875752,0.200459147527563,"GSE210616_GSM6433587"
"GSE210616_GSM6433587_AACGCATGATCTGGGT-1",0.106756796541705,0.134214813052389,0.0293092303515949,0.249100599915838,0.192399513868131,0.0486941773489213,0.116714440576142,0.0102636526877758,0.112546775657502,"GSE210616_GSM6433587"
"GSE210616_GSM6433587_AACGCGGTCTCCAGCC-1",0.0838551291464111,0.0328538680840626,0.0136521406099382,0.13322983933483,0.208312992079329,0.0789967639012418,0.20611937203275,0.00482202132018173,0.238157873491256,"GSE210616_GSM6433587"
"GSE210616_GSM6433587_AACGGCCATCTCCGGT-1",0.0756944079396104,0.0351905751264907,0.0134355401336847,0.0730803608977488,0.1398466077976,0.182849511602667,0.251769550709314,0.00360806547599095,0.224525380316894,"GSE210616_GSM6433587"
"GSE210616_GSM6433587_AACGTACTGTGGGTAC-1",0.0995358664313488,0.0294019489496808,0.019731192814114,0.0825019771239979,0.100975945166442,0.151179349249828,0.310032238298363,0.00608439370099089,0.200557088265235,"GSE210616_GSM6433587"
"GSE210616_GSM6433587_AACGTCAGACTAGTGG-1",0.0877385966230954,0.0263740279747164,0.0122380830921669,0.126006071634365,0.209144025535653,0.130694025942137,0.207643940615546,0.00832352585117916,0.19183770273114,"GSE210616_GSM6433587"
"GSE210616_GSM6433587_AACGTGCGAAAGTCTC-1",0.0611773491622772,0.0337952552268621,0.00870321911812986,0.227763362057233,0.151283945564522,0.0680794885627307,0.274021654131726,0.00103339631658645,0.174142329859933,"GSE210616_GSM6433587"
"GSE210616_GSM6433587_AACTCAAGTTAATTGC-1",0.0672502632561807,0.0329214758410046,0.0161086819172278,0.121103508998794,0.187494511360215,0.125191592452916,0.224201647442558,0.0029109715472241,0.222817347183879,"GSE210616_GSM6433587"
"GSE210616_GSM6433587_AACTCTCAATAGAGCG-1",0.0478169785066124,0.0312316781309653,0.0138241859213852,0.278634632615559,0.276899379639439,0.0517038251714108,0.154690706972147,0.00821221914029042,0.136986393902191,"GSE210616_GSM6433587"
"GSE210616_GSM6433587_AACTCTCAGTGTGCTC-1",0.0801565800456402,0.0322984623699399,0.0105040338126619,0.0412026948539043,0.0837087894217197,0.184275224755825,0.387179288596962,0.00745163757361773,0.173223288569729,"GSE210616_GSM6433587"
"GSE210616_GSM6433587_AACTGATATTAGGCCT-1",0.0319530844761475,0.0686042718371837,0.0128445372778031,0.136436332721928,0.505582735990843,0.177192006247173,0.0232343705485381,0.00751746543093204,0.0366351954694513,"GSE210616_GSM6433587"
"GSE210616_GSM6433587_AACTGGGTCCCGACGT-1",0.0770195711504208,0.0308030714666834,0.0123992140565039,0.155903913099615,0.177962698929424,0.0803307523072525,0.306925462174494,0.00120943568965554,0.157445881125951,"GSE210616_GSM6433587"
"GSE210616_GSM6433587_AACTTGCCCGTATGCA-1",0.101400259405714,0.0482891171823676,0.0130803079586075,0.0917361505494904,0.199602862497469,0.133047438586016,0.260155084310191,0.00186358585954048,0.150825193650604,"GSE210616_GSM6433587"
"GSE210616_GSM6433587_AACTTTCTCGATCATG-1",0.0711136404677643,0.0185873256107825,0.00631991023550341,0.282175371205198,0.217898803956836,0.0261005444726324,0.173233135627079,0.00359215596061258,0.200979112463592,"GSE210616_GSM6433587"
"GSE210616_GSM6433587_AAGACTGCAAGCTACT-1",0.0724510584983858,0.0360083331832609,0.00730057507632665,0.126806256491871,0.189426173307565,0.0993225108006447,0.258750503527053,0.000573525523412697,0.20936106359148,"GSE210616_GSM6433587"
"GSE210616_GSM6433587_AAGAGATGAATCGGTA-1",0.0812974787271376,0.0561898257450866,0.0111210304981765,0.149990369229697,0.163206367862408,0.108295593324976,0.23167860930558,0.00431289421644986,0.193907831090489,"GSE210616_GSM6433587"
"GSE210616_GSM6433587_AAGAGCTCTTTATCGG-1",0.0976466953732961,0.102553269183059,0.0352293422978453,0.226948225584851,0.333455641203088,0.0723741230710626,0.0519727053804582,0.00747485335334193,0.0723451445529978,"GSE210616_GSM6433587"
"GSE210616_GSM6433587_AAGAGGATGTACGCGA-1",0.0895635515074358,0.0312950686232623,0.00826373931651842,0.0375282176359765,0.10202730084926,0.187216508411489,0.325829218680728,0.00232994664898102,0.215946448326349,"GSE210616_GSM6433587"
"GSE210616_GSM6433587_AAGAGGCATGGATCGC-1",0.0558123781484221,0.0663715774366202,0.0137778529095493,0.283061312561572,0.252176456424516,0.0451620406322342,0.120846330958336,0.0153541585783487,0.147437892350401,"GSE210616_GSM6433587"
"GSE210616_GSM6433587_AAGATTGGCGGAACGT-1",0.0802170865965814,0.0379714668717005,0.0274098795893704,0.217910752106906,0.303406760185791,0.0700283854116133,0.11141443109596,0.0190261756452152,0.132615062496862,"GSE210616_GSM6433587"
"GSE210616_GSM6433587_AAGCTCGTGCCAAGTC-1",0.0858971669579365,0.0324707145891159,0.00724155209561691,0.0591892169620572,0.202410115794631,0.111220235959647,0.270206036940928,0.00144780042783165,0.229917160272236,"GSE210616_GSM6433587"
"GSE210616_GSM6433587_AAGGAGCGGTTGGTGC-1",0.0905115825256941,0.0359498544837091,0.0232549632326232,0.137919810999835,0.177445988688911,0.112456320702438,0.127334264556619,0.0117621497283859,0.283365065081786,"GSE210616_GSM6433587"
"GSE210616_GSM6433587_AAGGATCGATCGCTTG-1",0.0476626967253414,0.0519126139611363,0.0113487110158472,0.357173270964345,0.259859098429787,0.0304572414163417,0.0956697230869238,0.00478967790913828,0.141126966491139,"GSE210616_GSM6433587"
"GSE210616_GSM6433587_AAGGATGAGGGACCTC-1",0.110489119837398,0.0363648664741737,0.00299382468582452,0.0268175166826832,0.108208446763308,0.143905776877742,0.32903844108538,0.00116238757695289,0.241019620016538,"GSE210616_GSM6433587"
"GSE210616_GSM6433587_AAGGCGCGTAAAGCTT-1",0.0853243080143877,0.0340673000445176,0.0107144476019182,0.155999326557248,0.0949356886694467,0.136057975739241,0.208518356157892,0.00400979888480249,0.270372798330546,"GSE210616_GSM6433587"
"GSE210616_GSM6433587_AAGGCTGTGCTCATCG-1",0.0602629187413097,0.314952757553814,0.0384204570037977,0.0880943564403031,0.164155621229481,0.125169497253289,0.0849425574935737,0.00733184547588703,0.116669988808545,"GSE210616_GSM6433587"
"GSE210616_GSM6433587_AAGGGACAGATTCTGT-1",0.0683148485668453,0.0748255789085401,0.0103664085851375,0.238631177926685,0.255551920234237,0.143670613234191,0.101075671071428,0.00723691850934861,0.100326862963589,"GSE210616_GSM6433587"
"GSE210616_GSM6433587_AAGGTATCCTAATATA-1",0.0998867980747645,0.0379749179502775,0.0104081940443565,0.0884460962219543,0.1056165830932,0.0993419544860922,0.396626664336497,0.00257376514601991,0.159125026646838,"GSE210616_GSM6433587"
"GSE210616_GSM6433587_AAGGTGATAAACCAGC-1",0.101823589563282,0.134174886843778,0.0463270611301361,0.0620292992098151,0.248292218105947,0.240270035975621,0.0864456793822647,0.00259446321661526,0.0780427665725411,"GSE210616_GSM6433587"
"GSE210616_GSM6433587_AAGTAGTGACGCGAGG-1",0.0832252550699831,0.0474009044624183,0.0136869707508056,0.0640803129899758,0.15280336134113,0.178996767758841,0.201566452270951,0.00299360497627029,0.255246370379625,"GSE210616_GSM6433587"
"GSE210616_GSM6433587_AAGTGACGACCGAATT-1",0.0843160332303731,0.0344188189916002,0.0216278277853953,0.145146569638108,0.185524106082186,0.0820548625313033,0.198981927728362,0.00657776182379382,0.241352092188878,"GSE210616_GSM6433587"
"GSE210616_GSM6433587_AAGTGCGTTAGAATCT-1",0.0879086444540319,0.0424620427292981,0.0188222279047014,0.050007967033209,0.193379969604795,0.18144550308678,0.201905039379318,0.0135834821248142,0.210485123683054,"GSE210616_GSM6433587"
"GSE210616_GSM6433587_AAGTTCAGTCTGCGTA-1",0.0498557739549357,0.0295704532908499,0.0106353032178162,0.443696781723702,0.194401659976242,0.0310830143370872,0.121560603093653,0.00426452377606107,0.114931886629652,"GSE210616_GSM6433587"
"GSE210616_GSM6433587_AAGTTCGGCCAACAGG-1",0.121955870874263,0.0538545773650178,0.021634774540893,0.0743137842691234,0.128647862179428,0.172403318500734,0.197858765047951,0.000567154920202319,0.228763892302388,"GSE210616_GSM6433587"
"GSE210616_GSM6433587_AATAACAACGCTCGGC-1",0.0819634044196423,0.0392332953299889,0.0159949672030672,0.113211525706904,0.124522439154712,0.145934289535207,0.167631567826515,0.00530265041629542,0.306205860407669,"GSE210616_GSM6433587"
"GSE210616_GSM6433587_AATAACACTAGAACAA-1",0.082773004590473,0.0330930739434541,0.00821302279690098,0.0589189783315095,0.113770954310744,0.191266728240425,0.276736646694772,0.00694523616354655,0.228282354928175,"GSE210616_GSM6433587"
"GSE210616_GSM6433587_AATAGAACAGAGTGGC-1",0.0850266910228159,0.0330343767065103,0.0072690414302617,0.0559661064031448,0.104934462670512,0.180111351709081,0.31607664566966,0.00225173902623398,0.21532958536178,"GSE210616_GSM6433587"
"GSE210616_GSM6433587_AATATCGAGGGTTCTC-1",0.0642354004921272,0.0366635336225711,0.0103092243956781,0.0959275088330428,0.172090453673529,0.176018204537435,0.213789361575121,0.005242103892597,0.225724208977898,"GSE210616_GSM6433587"
"GSE210616_GSM6433587_AATATTGGAGTATTGA-1",0.061825362968488,0.0358258315376473,0.0130516487114588,0.0950167576124502,0.165682382819727,0.103194207235938,0.301371806569001,0.00338857903326378,0.220643423512026,"GSE210616_GSM6433587"
"GSE210616_GSM6433587_AATCGCCTCAGCGCCA-1",0.113608467719553,0.241265043154018,0.0448773904407234,0.0995438194079262,0.244564177853552,0.103971603344856,0.0892231182728492,0.0032422503665229,0.0597041294399999,"GSE210616_GSM6433587"
"GSE210616_GSM6433587_AATCTATGCCGGAGCC-1",0.0622797826646843,0.0176090128224591,0.00590593225393744,0.283959666107293,0.256626414801081,0.02756996832479,0.138964135671169,0.00427131632076663,0.202813771033819,"GSE210616_GSM6433587"
"GSE210616_GSM6433587_AATCTGCGTTGGGACG-1",0.0637642757932872,0.0323507451635908,0.0110036591258949,0.140575783301054,0.346717384710556,0.0777200229957856,0.178652634174623,0.00997196720120719,0.139243527534,"GSE210616_GSM6433587"
"GSE210616_GSM6433587_AATGACAGCAATGTCT-1",0.0738842523348523,0.0548799819722784,0.025476475616539,0.0762405382589649,0.200665897311135,0.108520159797918,0.197851469360567,0.0277622026165219,0.234719022731224,"GSE210616_GSM6433587"
"GSE210616_GSM6433587_AATGACGTAGGATGTC-1",0.0632849117658347,0.0481147606900867,0.00778843720747842,0.134754534281361,0.323159002093655,0.117972636237333,0.23301607422733,0.000780546736784452,0.0711290967601367,"GSE210616_GSM6433587"
"GSE210616_GSM6433587_AATGATGATACGCTAT-1",0.0607524794879906,0.0309468041794242,0.00838327512281884,0.209192406935906,0.278566272219447,0.0789524903553443,0.196058136504549,0.00285947183375292,0.134288663360767,"GSE210616_GSM6433587"
"GSE210616_GSM6433587_AATGATGCGACTCCTG-1",0.0758756277789286,0.0211694124681548,0.0113671950537235,0.103806004496598,0.346457164847569,0.0643586841357685,0.150869857011018,0.00118777406120113,0.224908280147039,"GSE210616_GSM6433587"
"GSE210616_GSM6433587_AATGCAACCGGGTACC-1",0.0813744188340845,0.0220122052125961,0.012280280482562,0.130100552101136,0.165929735571183,0.130662665605147,0.275402654590175,0.00258292582024328,0.179654561782873,"GSE210616_GSM6433587"
"GSE210616_GSM6433587_AATGCACCAAGCAATG-1",0.0865212561936295,0.154309155162375,0.0181987321234906,0.289491049838584,0.154363715102969,0.110253875412668,0.0813966047247697,0.0044077973347564,0.101057814106758,"GSE210616_GSM6433587"
"GSE210616_GSM6433587_AATGGTCCACCGTTCA-1",0.0614070271569428,0.0408300447217685,0.0179516205599216,0.0973610913617359,0.189069102717916,0.1302193052694,0.191222471221849,0.00191651539354264,0.270022821596923,"GSE210616_GSM6433587"
"GSE210616_GSM6433587_AATGGTTCTCACAAGC-1",0.100723538574584,0.162285230581271,0.0429955378182798,0.0624531874106601,0.079474654646792,0.175077589617185,0.157042798845572,0.00306702152919525,0.216880440976461,"GSE210616_GSM6433587"
"GSE210616_GSM6433587_AATGTGCCCGAGGTGT-1",0.0747219067234757,0.0422337316130836,0.0232993631529889,0.0958064097612014,0.133419914681704,0.262538688444582,0.164226172743157,0.0109651942417672,0.19278861863804,"GSE210616_GSM6433587"
"GSE210616_GSM6433587_AATTAAAGGTCGGCGT-1",0.0304327531753503,0.146167156567795,0.00828651205813593,0.152381360971726,0.261458566915443,0.269206727147077,0.0375827473314372,0.0240934534525784,0.0703907223804567,"GSE210616_GSM6433587"
"GSE210616_GSM6433587_AATTCATAAGGGATCT-1",0.0870290765262303,0.0417609942742678,0.0110756204818887,0.212197481705383,0.167598331807288,0.087475723433279,0.261071980906576,0.00316030273736458,0.128630488127723,"GSE210616_GSM6433587"
"GSE210616_GSM6433587_AATTCTAGAGTTAGGC-1",0.054547323378536,0.0355721748815776,0.00579938593849615,0.0450730785977269,0.184940967990289,0.424474839097864,0.104555814420272,0.00375723546803962,0.141279180227199,"GSE210616_GSM6433587"
"GSE210616_GSM6433587_AATTGAACGCTCTGGT-1",0.0936049837527732,0.0339040940960028,0.00360869145103253,0.00816238613714213,0.0607608565040216,0.202192175068227,0.402315472462226,0.00108898555270959,0.194362354975865,"GSE210616_GSM6433587"
"GSE210616_GSM6433587_ACAAATGGTAGTGTTT-1",0.0849980809175612,0.0224926541933971,0.0063453532033879,0.0758161881141967,0.149833931444191,0.133439950288813,0.304529111027697,0.0203540835997917,0.202190647210964,"GSE210616_GSM6433587"
"GSE210616_GSM6433587_ACAACAGCATGAGCTA-1",0.0696408580555864,0.0429056864456477,0.0190647963497957,0.209273309345199,0.224942386629087,0.0603938460674841,0.206274104668698,0.000385867990593377,0.167119144447909,"GSE210616_GSM6433587"
"GSE210616_GSM6433587_ACAAGCAGTGCCTAGC-1",0.0899178479757078,0.062618379438387,0.0123836556411502,0.0938762708875815,0.113963192948819,0.156109194013953,0.255046383431093,0.00248981684305203,0.213595258820256,"GSE210616_GSM6433587"
"GSE210616_GSM6433587_ACAAGGACAAGAGGTT-1",0.0812504170446613,0.0504417434979354,0.0107747319618966,0.0697653563670573,0.1850565540393,0.160138698500648,0.219881550081693,0.00639118530824485,0.216299763198563,"GSE210616_GSM6433587"
"GSE210616_GSM6433587_ACAAGGGCAGGCTCTG-1",0.083611121998362,0.0668820656956857,0.00528994748364423,0.0156141434420896,0.0862658061758752,0.235103453874588,0.408669368544604,0.0116584136516467,0.0869056791335047,"GSE210616_GSM6433587"
"GSE210616_GSM6433587_ACAATAGTCGTACGTT-1",0.0673851836340644,0.0324611460553662,0.0180259062416284,0.170992868611875,0.222683162380782,0.0612426737369913,0.180024069545314,0.0142891309368758,0.232895858857103,"GSE210616_GSM6433587"
"GSE210616_GSM6433587_ACAATCCATTTAAACC-1",0.0716656626200482,0.035791501744261,0.02347471089324,0.0822668188406434,0.17125844237021,0.155200160290127,0.194680692613584,0.00711757940237465,0.258544431225511,"GSE210616_GSM6433587"
"GSE210616_GSM6433587_ACAATTTGAGCAGTGG-1",0.0779245740222224,0.0713409610318988,0.0130412338782907,0.154674228023698,0.181537933618151,0.117159174333353,0.219223882609324,0.00345305914323144,0.16164495333983,"GSE210616_GSM6433587"
"GSE210616_GSM6433587_ACACACCAGGACCAGT-1",0.0794645861325462,0.0440049606539568,0.0165074085249685,0.230669571704657,0.241888673596291,0.0954753014016047,0.168534819897159,0.00481322990393813,0.118641448184878,"GSE210616_GSM6433587"
"GSE210616_GSM6433587_ACACCACATAATTAGC-1",0.0500055349933481,0.0314459201720276,0.0126113636750635,0.226896057025669,0.288056824980752,0.0438228439631375,0.156220820573837,0.000934337998025664,0.19000629661814,"GSE210616_GSM6433587"
"GSE210616_GSM6433587_ACACCCGAGAAATCCG-1",0.0811039260468967,0.0361771930108745,0.0139637794614574,0.0403551496944768,0.107995797720385,0.205494911302362,0.297273761931678,0.00460792637661616,0.213027554455253,"GSE210616_GSM6433587"
"GSE210616_GSM6433587_ACACCTTAAGTAGGGC-1",0.0612036584031045,0.0326229590240323,0.0185808893012138,0.120700728292844,0.196171740449377,0.132380893956353,0.184415773548024,0.00896928962353643,0.244954067401515,"GSE210616_GSM6433587"
"GSE210616_GSM6433587_ACACCTTACTACTTGC-1",0.0539876124390421,0.0355359696005796,0.0147601841005677,0.268840370881706,0.282171471600871,0.0773705002615195,0.0958730442694496,0.00365319596063622,0.167807650885629,"GSE210616_GSM6433587"
"GSE210616_GSM6433587_ACACGAGACTCCTTCT-1",0.0744916214673359,0.031498484680791,0.0145715432292444,0.162868447558265,0.224707194727044,0.0875526517801697,0.203180004870243,0.00541680655834078,0.195713245128566,"GSE210616_GSM6433587"
"GSE210616_GSM6433587_ACACGGGAACTTAGGG-1",0.0694837742607234,0.0244478720351687,0.00981955228010983,0.140807345318581,0.182260624514139,0.0991670738849551,0.271228321725526,0.00051597594746905,0.202269460033328,"GSE210616_GSM6433587"
"GSE210616_GSM6433587_ACACTGATCAAGGTGT-1",0.0690216276101644,0.0303146053183686,0.0119810653973573,0.119854285246442,0.204205787790122,0.110236847620845,0.274214976448477,0.00999619032358092,0.170174614244644,"GSE210616_GSM6433587"
"GSE210616_GSM6433587_ACAGAACTGAGAACAA-1",0.111896812718096,0.0570361845836326,0.045374574473681,0.129937836009438,0.287081411109664,0.12971518023445,0.102217950598049,0.0215677964126693,0.115172253860321,"GSE210616_GSM6433587"
"GSE210616_GSM6433587_ACAGCGCACCCGCAGC-1",0.0694290451875271,0.0331391211571163,0.00946599664950691,0.114810311363256,0.25436942011294,0.0749346570144921,0.246396643829987,0.00346961001819021,0.193985194666984,"GSE210616_GSM6433587"
"GSE210616_GSM6433587_ACAGGTGGAGGTGAGG-1",0.0750044332413128,0.0354247455075697,0.0100460831976667,0.0738402593830793,0.0965392172880425,0.178531563068472,0.303575719111148,0.00911499079158948,0.21792298841112,"GSE210616_GSM6433587"
"GSE210616_GSM6433587_ACATAATAAGGCGGTG-1",0.12177222707795,0.0381195445125314,0.009042646951171,0.0850795232159805,0.168625204507541,0.172972145319433,0.222724082137201,0.00368356351806448,0.177981062760129,"GSE210616_GSM6433587"
"GSE210616_GSM6433587_ACATCCTGGTAACTGT-1",0.23763160322687,0.200739432037511,0.0368005482683916,0.103528357207531,0.0903867138264586,0.103299845761634,0.11357582455296,0.00214770511229482,0.111889970006349,"GSE210616_GSM6433587"
"GSE210616_GSM6433587_ACATCGATCGTTTACC-1",0.105293623532219,0.0415636546317622,0.0184582550411569,0.10114580823257,0.214678018218595,0.130988932492689,0.162954829641531,0.00285302366548277,0.222063854543994,"GSE210616_GSM6433587"
"GSE210616_GSM6433587_ACATCGGTCAGCCGCG-1",0.141492130805378,0.111947824964381,0.0337151805949559,0.0392916220891574,0.0809371394692848,0.144234998995398,0.259925017454524,0.00956129273191729,0.178894792895004,"GSE210616_GSM6433587"
"GSE210616_GSM6433587_ACATCGTATGCAATGG-1",0.10754689099782,0.0625587051616192,0.00316827166285769,0.0199403790172878,0.0495330311788172,0.169781907688185,0.456542816523478,0.00254711800950073,0.128380879760434,"GSE210616_GSM6433587"
"GSE210616_GSM6433587_ACATGGCGCCAAAGTA-1",0.0890382980862175,0.0297124998360474,0.00511633979875927,0.021827752398553,0.0571353398872241,0.262694751831003,0.265352930471601,0.00768048405669116,0.261441603633904,"GSE210616_GSM6433587"
"GSE210616_GSM6433587_ACCAAGAACGCGTGTC-1",0.0658353004622696,0.037520190348022,0.045013094557281,0.0754768874197055,0.116674389959464,0.178075784699693,0.192543178901069,0.0100623547859336,0.278798818866562,"GSE210616_GSM6433587"
"GSE210616_GSM6433587_ACCACAAGTTTCTATC-1",0.0999698718326474,0.0303086320947314,0.00791755228108177,0.0751977884601998,0.194429422093383,0.161190174802162,0.219181227068121,0.00308599407962238,0.208719337288051,"GSE210616_GSM6433587"
"GSE210616_GSM6433587_ACCACCAATGTAACAA-1",0.0563596667563104,0.0221199096922573,0.00551517581929457,0.210492490987789,0.210231717379864,0.0740014872639743,0.225200533677019,0.00250649861340497,0.193572519810086,"GSE210616_GSM6433587"
"GSE210616_GSM6433587_ACCACCCTCTCTTCTA-1",0.086331257135008,0.174021485432271,0.0296734066066945,0.248452598680198,0.147014915565485,0.0468804915119761,0.12772020281751,0.00157886154700686,0.13832678070385,"GSE210616_GSM6433587"
"GSE210616_GSM6433587_ACCATATCCGCAATAA-1",0.0304992084482133,0.180916036024028,0.00648519864712169,0.231511589437118,0.26867909979711,0.137559545572169,0.0337450736897612,0.0767365575312888,0.0338676908531908,"GSE210616_GSM6433587"
"GSE210616_GSM6433587_ACCATCGTATATGGTA-1",0.0950356856110531,0.0515253370244926,0.0182291763797227,0.0869780341778504,0.127560891574161,0.126434285531291,0.257886410464757,0.00659800663460087,0.229752172602071,"GSE210616_GSM6433587"
"GSE210616_GSM6433587_ACCCAACGCCCGTGGC-1",0.0953835263254624,0.0666557897385269,0.00859217091090298,0.129226986110059,0.171084680035349,0.114708634572625,0.232830510801572,0.0154470498783386,0.166070651627164,"GSE210616_GSM6433587"
"GSE210616_GSM6433587_ACCCACCTACATGCTC-1",0.0719982500758453,0.0627271749727677,0.0220855088798696,0.0791101585334294,0.15018050755182,0.214737966259363,0.165675680807398,0.00563544917034389,0.227849303749162,"GSE210616_GSM6433587"
"GSE210616_GSM6433587_ACCCATCTTGAGGGTA-1",0.0917665781634701,0.0318620221092274,0.0099285953963095,0.0731699941160873,0.0987781364117664,0.159694105464151,0.302984596369023,0.002777188099646,0.229038783870319,"GSE210616_GSM6433587"
"GSE210616_GSM6433587_ACCCGGATGACGCATC-1",0.0916081584191289,0.0291389224272408,0.00768577063927754,0.259238649542921,0.154781908240745,0.0641544021583672,0.168610537152177,0.00442343300413808,0.220358218416005,"GSE210616_GSM6433587"
"GSE210616_GSM6433587_ACCCGGTTACACTTCC-1",0.0770264091895571,0.0751000459857665,0.015824357901881,0.331365815466142,0.404170513872475,0.0540543143704574,0.0132654054294768,0.00851798266681617,0.0206751551174284,"GSE210616_GSM6433587"
"GSE210616_GSM6433587_ACCCTGGTAACGCCCT-1",0.0919968930685053,0.0232137872927289,0.00843944112972643,0.305031232537484,0.202660453365188,0.0261544554991388,0.170456930813235,0.000381865243450274,0.171664941050543,"GSE210616_GSM6433587"
"GSE210616_GSM6433587_ACCGACTGAGTCCCAC-1",0.0754452738613752,0.0349297402059946,0.0094914500182414,0.213084604021037,0.235225385247028,0.0686803761155411,0.217451601251224,0.00548641460636134,0.140205154673197,"GSE210616_GSM6433587"
"GSE210616_GSM6433587_ACCGATGGTAGCATCG-1",0.0641019402359118,0.0430534662885555,0.00924927947251171,0.317733659464732,0.280708049515157,0.0426572430615659,0.108767489374881,0.0134264373941958,0.120302435192491,"GSE210616_GSM6433587"
"GSE210616_GSM6433587_ACCTAAGTACCTTTCA-1",0.0641325967587162,0.0559350353560999,0.0196040214216287,0.0552705782015609,0.371666006315444,0.11590644809921,0.176928735302718,0.00300231144749967,0.137554267097123,"GSE210616_GSM6433587"
"GSE210616_GSM6433587_ACCTAATCGACTTCCT-1",0.0619514723678548,0.0471103242113004,0.0130291738236392,0.0856948595290388,0.207541420523563,0.130506656757881,0.209000747016308,0.00452970717042515,0.240635638599989,"GSE210616_GSM6433587"
"GSE210616_GSM6433587_ACCTACAGTATGTGGT-1",0.0352689226438688,0.103771551113269,0.0215146611981114,0.45022163276572,0.293450101181872,0.0162503903179302,0.0418375216604533,0.0162920110370945,0.0213932080816794,"GSE210616_GSM6433587"
"GSE210616_GSM6433587_ACCTCCGTTATTCACC-1",0.0581443450557435,0.0377717780303308,0.0120535599813382,0.310434535844151,0.217620514479156,0.0468147344596014,0.130812627953496,0.00875043213763011,0.177597472058553,"GSE210616_GSM6433587"
"GSE210616_GSM6433587_ACGAAATGGGCGGCAC-1",0.0712786695167382,0.0369692784976709,0.0143428331572468,0.0854629359578892,0.237944642055886,0.113137919444083,0.227985058777342,0.00157241913092285,0.211306243462222,"GSE210616_GSM6433587"
"GSE210616_GSM6433587_ACGAGTACGGATGCCC-1",0.0471169948860802,0.0237598197246581,0.0074467153471275,0.292758661273552,0.233731042814917,0.0557859116482906,0.132177594945389,0.0037946524521851,0.203428606907802,"GSE210616_GSM6433587"
"GSE210616_GSM6433587_ACGATACATAGAACTA-1",0.06461786925633,0.0556687473106807,0.0159815753113886,0.267702000349858,0.199982640629259,0.0900000447970677,0.171357960946924,0.0312501723970201,0.103438989001471,"GSE210616_GSM6433587"
"GSE210616_GSM6433587_ACGATCATACATAGAG-1",0.0785148563121278,0.0257313488947468,0.0153537544577958,0.279747428613994,0.18560331043221,0.040745457451533,0.1531305675835,0.00395396118143496,0.217219315072657,"GSE210616_GSM6433587"
"GSE210616_GSM6433587_ACGATCATCTTGTAAA-1",0.138003442764657,0.163882953345527,0.300524227105987,0.0835533054532934,0.0927644015494398,0.0390045250926326,0.0158672001223947,0.144296150379268,0.0221037941868009,"GSE210616_GSM6433587"
"GSE210616_GSM6433587_ACGATGCATATGTTAT-1",0.0741759179896016,0.0358021953102518,0.0201500322064063,0.110387473181762,0.17890500858537,0.148175015192376,0.218225351387462,0.000825926540877251,0.213353079605892,"GSE210616_GSM6433587"
"GSE210616_GSM6433587_ACGCAATCACTACAGC-1",0.0681458500916726,0.0186467428418828,0.00844716252267204,0.303926475161335,0.285807230207012,0.0316370870548679,0.12533682345364,0.00568995506621798,0.1523626736007,"GSE210616_GSM6433587"
"GSE210616_GSM6433587_ACGCATTCGTGAGTAC-1",0.0932396649411328,0.03438822963009,0.00656625906503913,0.11467654242755,0.165723626334607,0.109509648019008,0.244680308812818,0.0149175253607069,0.216298195409048,"GSE210616_GSM6433587"
"GSE210616_GSM6433587_ACGCCAGATGATTTCT-1",0.0799469987743393,0.0429592313751831,0.018012835610459,0.184216239356926,0.175823354881637,0.105671987903233,0.216768647151866,0.00366865862607402,0.172932046320283,"GSE210616_GSM6433587"
"GSE210616_GSM6433587_ACGCCGCTAGACGACC-1",0.0855894266719122,0.0296613292221756,0.00369058172466115,0.0441910410332929,0.109651347342448,0.133452920027472,0.387279914977515,0.00603272056157307,0.20045071843895,"GSE210616_GSM6433587"
"GSE210616_GSM6433587_ACGCGAAGTCAGACGA-1",0.0860773303673855,0.0222485007808318,0.0129569548074227,0.104291905515236,0.241829291656779,0.183107445386054,0.219349243570737,0.000584490938597563,0.129554836976957,"GSE210616_GSM6433587"
"GSE210616_GSM6433587_ACGCGCTACACAGGGT-1",0.0877609224990336,0.0367352241412245,0.0105383729112301,0.0751196849771879,0.0966657276487159,0.131988165270459,0.323004358079274,0.00277526356674709,0.235412280906128,"GSE210616_GSM6433587"
"GSE210616_GSM6433587_ACGCGGGCCAAGGACA-1",0.07953987831519,0.0377632700666772,0.00759979105035007,0.158869262486189,0.196259951103128,0.0905397854908297,0.283360642745407,0.00588274577717478,0.140184672965054,"GSE210616_GSM6433587"
"GSE210616_GSM6433587_ACGCTAGTGATACACT-1",0.0545135132730237,0.0285063052166716,0.00922213390580605,0.196463503886772,0.140058168763564,0.268754795274002,0.146940025403878,0.000596007611487617,0.154945546664795,"GSE210616_GSM6433587"
"GSE210616_GSM6433587_ACGGGAGTGTCGGCCC-1",0.0971975436669144,0.0354217214333686,0.0252318790284996,0.0997014331534347,0.161265327209845,0.111409926034936,0.235198548865073,0.0171925340653472,0.217381086542582,"GSE210616_GSM6433587"
"GSE210616_GSM6433587_ACGGGCGTATGCGACA-1",0.0620887341746312,0.0129337580933096,0.00622872011096976,0.359547877661371,0.171638780534296,0.0193328024551726,0.18403390257946,0.00209899737255475,0.182096427018235,"GSE210616_GSM6433587"
"GSE210616_GSM6433587_ACGTAGATTGCTGATG-1",0.0853107713910743,0.0256591943897409,0.0058155770429901,0.200050313349448,0.163275817885737,0.0812022451645188,0.282989681412092,0.00300370718210091,0.152692692182298,"GSE210616_GSM6433587"
"GSE210616_GSM6433587_ACGTATTACTCCGATC-1",0.0788755706134979,0.0358431930746849,0.00479871102943337,0.295827916059226,0.201490635533584,0.0377537762202654,0.204492424859832,0.00364513740269381,0.137272635206782,"GSE210616_GSM6433587"
"GSE210616_GSM6433587_ACGTGCGCCTCGTGCA-1",0.0684639524213714,0.0325292645454932,0.0273223208649642,0.241614725460208,0.279567018241101,0.0656359652071051,0.100986960444062,0.0105971498146231,0.173282643001072,"GSE210616_GSM6433587"
"GSE210616_GSM6433587_ACGTTAATGTCGAAGA-1",0.111805161786484,0.0447695759297284,0.00495774915892399,0.10898682233697,0.124283957978528,0.115272796965826,0.315064787396133,0.000965910430961677,0.173893238016445,"GSE210616_GSM6433587"
"GSE210616_GSM6433587_ACGTTAGATTTGCCCG-1",0.0841308061720395,0.0425170818561255,0.0114555493084006,0.035673146457043,0.123215419827411,0.182413960710134,0.274631966914311,0.00248343106422178,0.243478637690314,"GSE210616_GSM6433587"
"GSE210616_GSM6433587_ACGTTCGCAATCAATT-1",0.0121438274952491,0.195899891524806,0.00627977022470936,0.221435948520583,0.243862876700359,0.0827785313666442,0.0354611393423874,0.175318132243759,0.0268198825815034,"GSE210616_GSM6433587"
"GSE210616_GSM6433587_ACGTTTAGTTGTGATC-1",0.118570313830141,0.0554844034362741,0.0472993156741002,0.143040110464261,0.231604225676583,0.121039896728616,0.0865668217623597,0.0093662455787388,0.187028666848926,"GSE210616_GSM6433587"
"GSE210616_GSM6433587_ACTACCAGCTCTCTGG-1",0.0811722099271676,0.034408397013898,0.0190297050353778,0.167638538417824,0.144052386713416,0.130224450172053,0.171276502185707,0.00560888571816157,0.246588924816395,"GSE210616_GSM6433587"
"GSE210616_GSM6433587_ACTATCCAGGGCATGG-1",0.0533645562943314,0.0599481499859744,0.00816281468774537,0.217548945202654,0.313778353284377,0.0691605132611063,0.103221461796534,0.00282596135396054,0.171989244133318,"GSE210616_GSM6433587"
"GSE210616_GSM6433587_ACTATTCGTCCGTGGT-1",0.116580008469716,0.0827564420155656,0.0224744748559891,0.0821799817716522,0.152031214881748,0.15352559581941,0.159671883610023,0.0135396760005207,0.217240722575376,"GSE210616_GSM6433587"
"GSE210616_GSM6433587_ACTCAATAAAGGCACG-1",0.0772618209252836,0.0760004572000684,0.0113871181118731,0.213428597752715,0.287323715159292,0.109424965926964,0.109337070364368,0.00292044665866992,0.112915807900766,"GSE210616_GSM6433587"
"GSE210616_GSM6433587_ACTCCCGAATTCGTTT-1",0.065901523289235,0.0494506644802626,0.00880559390101947,0.291707883151292,0.24439928424015,0.0679620080283798,0.0939303645391155,0.014469262199842,0.163373416170704,"GSE210616_GSM6433587"
"GSE210616_GSM6433587_ACTCCCGTAGACTAGG-1",0.0740055285782394,0.0285528504080167,0.0102323354501053,0.118482831630315,0.26685392117048,0.0718400658440489,0.164301819676687,0.00348416528473258,0.262246481957376,"GSE210616_GSM6433587"
"GSE210616_GSM6433587_ACTCCCTAGAATAGTA-1",0.0586764170689264,0.030703281726789,0.0123171883583987,0.16666172663774,0.229701694040222,0.178713894039229,0.160383782053008,0.00386878262738258,0.158973233448304,"GSE210616_GSM6433587"
"GSE210616_GSM6433587_ACTCGTAACCCGTCCT-1",0.249478383905833,0.049432042363179,0.063153912849556,0.0130858113593565,0.152640547313092,0.138329251697848,0.129485230834863,0.00894485212754805,0.195449967548725,"GSE210616_GSM6433587"
"GSE210616_GSM6433587_ACTCGTCAGTAATCCC-1",0.0797283280625195,0.20662798756066,0.0268553632100133,0.220760557450303,0.178161722049918,0.085971238402046,0.0952808287210627,0.00539332806012489,0.101220646483353,"GSE210616_GSM6433587"
"GSE210616_GSM6433587_ACTCTCTGACTTAGGT-1",0.0631695027200033,0.053184793910953,0.00855920341196214,0.195488084672271,0.241276564009012,0.118113533450763,0.168453152051344,0.011660874109367,0.140094291664324,"GSE210616_GSM6433587"
"GSE210616_GSM6433587_ACTCTTCAGCTCCCGC-1",0.0538162884969737,0.0295802692176066,0.00643492346193972,0.325025361937007,0.282336497075574,0.0484303088524134,0.129992029150432,0.00223600694304846,0.122148314865006,"GSE210616_GSM6433587"
