"","Endothelial","CAFs","PVL","B-cells","T-cells","Myeloid","Normal Epithelial","Plasmablasts","Cancer Epithelial","sid"
"GSE210616_GSM6433607_AAACAGCTTTCAGAAG-1",0.00487786863736506,0.444426318039731,0.0135604818883431,0.181434050839923,0.102001864203216,0.0744997511422984,0.0597080572065819,0.0112998687979495,0.108191739244593,"GSE210616_GSM6433607"
"GSE210616_GSM6433607_AAACAGGGTCTATATT-1",0.00728538938816119,0.129055982773792,0.0512206735585029,0.0742437428416374,0.140714913140168,0.199384480578759,0.0219202103920509,0.230575015648898,0.145599591678031,"GSE210616_GSM6433607"
"GSE210616_GSM6433607_AAACCGGGTAGGTACC-1",0.0140602021166281,0.0102242198101426,0.0118310243707263,0.49269404937524,0.169464289175961,0.0447943627327374,0.0620213058216417,8.78541508859362e-05,0.194822692446037,"GSE210616_GSM6433607"
"GSE210616_GSM6433607_AAACCTCATGAAGTTG-1",0.0124959571730077,0.0185110174466407,0.00319281067133745,0.585713364040009,0.125416851247395,0.00981967098986855,0.0799987954073618,0.000113279800883817,0.164738253223496,"GSE210616_GSM6433607"
"GSE210616_GSM6433607_AAACGAAGAACATACC-1",0.0175629637238458,0.0178873202894056,0.00760173910385832,0.417021081692049,0.208243442331084,0.0218758716690142,0.0558671011700264,0.00525779342626188,0.248682686594456,"GSE210616_GSM6433607"
"GSE210616_GSM6433607_AAACGAGACGGTTGAT-1",0.0148625791537141,0.0396276653057124,0.0119223314967758,0.458909167014938,0.136757415551528,0.0254988409215961,0.0833794964315229,0.0815593927948659,0.147483111329347,"GSE210616_GSM6433607"
"GSE210616_GSM6433607_AAACTGCTGGCTCCAA-1",0.00900645926544169,0.0333310645606376,0.01489896477714,0.373113120734907,0.183032229983527,0.128116611378547,0.120255964139892,0.00203373373795412,0.136211851421953,"GSE210616_GSM6433607"
"GSE210616_GSM6433607_AAACTTGCAAACGTAT-1",0.0179949270246795,0.0347565502078517,0.00838572073824324,0.432535140045691,0.174452463092808,0.0417828050215631,0.0689734838872669,0.00104773951882244,0.220071170463074,"GSE210616_GSM6433607"
"GSE210616_GSM6433607_AAAGACCCAAGTCGCG-1",0.0106608479161767,0.0104326290442144,0.00987973312765517,0.57923586273185,0.133599865425764,0.0104609995792902,0.0923118157525188,0.00129868582778204,0.152119560594749,"GSE210616_GSM6433607"
"GSE210616_GSM6433607_AAAGACTGGGCGCTTT-1",0.0178020265170373,0.024454932308413,0.00395109980150526,0.41798746434935,0.206342562628092,0.0238785861993323,0.0633392575202498,0.00189509651143541,0.240348974164586,"GSE210616_GSM6433607"
"GSE210616_GSM6433607_AAAGGGATGTAGCAAG-1",0.0201691608378432,0.0130223488041814,0.00527931183351141,0.497805665038965,0.171754717553584,0.0327295941315692,0.0839299110105434,0.000517807881946714,0.174791482907856,"GSE210616_GSM6433607"
"GSE210616_GSM6433607_AAAGGGCAGCTTGAAT-1",0.0202464704234568,0.0119028495887856,0.00514990315970802,0.508357626979016,0.169872676285435,0.0168049023466466,0.096680733636695,0.00099013930419347,0.169994698276065,"GSE210616_GSM6433607"
"GSE210616_GSM6433607_AAAGTCACTGATGTAA-1",0.010699098878373,0.0391262414544966,0.00591237960918355,0.524667589332561,0.120462942228384,0.0312448070199582,0.0894043432764225,0.052966755094298,0.125515843106323,"GSE210616_GSM6433607"
"GSE210616_GSM6433607_AAAGTCGACCCTCAGT-1",0.00931920591167129,0.0126270787549561,0.00457053380309002,0.520806238657762,0.119142588031873,0.0306838708996842,0.0773188346071332,0.000160735236641291,0.22537091409719,"GSE210616_GSM6433607"
"GSE210616_GSM6433607_AAAGTGTGATTTATCT-1",0.0159137955673461,0.0105773827712715,0.00600684245527678,0.554518399994432,0.143548041595513,0.0404298157435347,0.0965472411686931,0.000444521009080989,0.132013959694853,"GSE210616_GSM6433607"
"GSE210616_GSM6433607_AAATAACCATACGGGA-1",0.016268039081687,0.0113750148324169,0.00599934428572264,0.54645777981447,0.16014681692074,0.00887113053894544,0.0914752227231952,0.000642792541678106,0.158763859261146,"GSE210616_GSM6433607"
"GSE210616_GSM6433607_AAATACCTATAAGCAT-1",0.00750909399852135,0.0179579714673775,0.00263885940045842,0.481148584505732,0.114647699387409,0.154354088927566,0.0607348516995819,0.00189517736196237,0.159113673251391,"GSE210616_GSM6433607"
"GSE210616_GSM6433607_AAATCGTGTACCACAA-1",0.0187020662515236,0.0155210491053226,0.0137409687696506,0.415532467096926,0.135736041776718,0.0611810812260263,0.150904055469573,0.00450789992388408,0.184174370380376,"GSE210616_GSM6433607"
"GSE210616_GSM6433607_AAATGCTCGTTACGTT-1",0.0142235580467818,0.0139536988364064,0.00548217421996564,0.435414005206747,0.153305199873391,0.0544993837382151,0.0695128569382266,0.000823881172574402,0.252785241967692,"GSE210616_GSM6433607"
"GSE210616_GSM6433607_AAATGGCATGTCTTGT-1",0.0275950891924495,0.0220928962828897,0.011238344090795,0.385784978078117,0.193326057722316,0.0469018045291024,0.0844125207258888,0.00168994853205694,0.226958360846385,"GSE210616_GSM6433607"
"GSE210616_GSM6433607_AAATGGCCCGTGCCCT-1",0.0171898664700544,0.0175827230872887,0.0167791569620556,0.566937750614229,0.114308896564263,0.0192596003709401,0.0858178674482048,0.0314585716972137,0.130665566785751,"GSE210616_GSM6433607"
"GSE210616_GSM6433607_AAATGGTCAATGTGCC-1",0.00746615029638559,0.0199934343769379,0.00583933576454086,0.501948169953086,0.160075188231692,0.0246596365693371,0.0975738939219203,0.0373299730597035,0.145114217826396,"GSE210616_GSM6433607"
"GSE210616_GSM6433607_AAATGTATCTTATCCC-1",0.0148987218433515,0.0191821914186519,0.0028292782550814,0.418770285349347,0.222154410559084,0.021576252873003,0.123683313904643,0.00148304630971693,0.175422499487122,"GSE210616_GSM6433607"
"GSE210616_GSM6433607_AAATTAACGGGTAGCT-1",0.0191083896427675,0.0137515818418365,0.00884391544897601,0.499979588941267,0.172348996453126,0.0205174629061735,0.0628456048679451,0.00247408723033231,0.200130372667576,"GSE210616_GSM6433607"
"GSE210616_GSM6433607_AAATTAATAAGCGCGA-1",0.0215264849120652,0.0153642482888908,0.0105481525213403,0.421920223324971,0.222933614463195,0.00869021242595247,0.127642395119283,0.00340847466429504,0.167966194280008,"GSE210616_GSM6433607"
"GSE210616_GSM6433607_AAATTACACGACTCTG-1",0.0244846805390816,0.0233045417454614,0.01244124604562,0.363795983989104,0.225946866320427,0.0282744555909532,0.0993597489915806,0.00164464824246011,0.220747828535312,"GSE210616_GSM6433607"
"GSE210616_GSM6433607_AAATTTGCGGGTGTGG-1",0.00922250755756502,0.014142786887533,0.00518881987605092,0.500230385449737,0.177142793294323,0.032291670371239,0.0729457666811173,0.00177372931743377,0.187061540565001,"GSE210616_GSM6433607"
"GSE210616_GSM6433607_AACAACTGGTAGTTGC-1",0.0195977356034039,0.0292493719728129,0.00725363265513366,0.454846685352188,0.16707596142704,0.0512111143037983,0.0774781344194142,0.00112646401877383,0.192160900247436,"GSE210616_GSM6433607"
"GSE210616_GSM6433607_AACAATTACTCTACGC-1",0.0135235081852275,0.0107497692181457,0.00557486450943266,0.568613692944542,0.1533947027166,0.00935124002542768,0.0827554349040666,9.83036912484127e-05,0.155938483805309,"GSE210616_GSM6433607"
"GSE210616_GSM6433607_AACACGACTGTACTGA-1",0.0182005860079337,0.00790731518349505,0.00720159478550651,0.529906018095629,0.161264278818418,0.00728932333802958,0.0779270566113553,0.00338968266659811,0.186914144493035,"GSE210616_GSM6433607"
"GSE210616_GSM6433607_AACACGAGACGCGGCC-1",0.048521389446973,0.0524544372619516,0.0350429922874191,0.450387980133241,0.162156058796262,0.028291750170537,0.0632770690911056,0.0156671334679621,0.144201189344549,"GSE210616_GSM6433607"
"GSE210616_GSM6433607_AACACGCGGCCGCGAA-1",0.0124604372779327,0.027706420389488,0.00875091750730833,0.433141757137766,0.173841291590442,0.0565862133177664,0.0663366261170606,0.0171700277434203,0.204006308918815,"GSE210616_GSM6433607"
"GSE210616_GSM6433607_AACAGGAAATCGAATA-1",0.0169419101224196,0.0141969051769512,0.00924369288358922,0.509740771107426,0.171822478034247,0.00749514285745724,0.0638165741599902,0.00149107456126741,0.205251451096652,"GSE210616_GSM6433607"
"GSE210616_GSM6433607_AACAGGATGGGCCGCG-1",0.00939646486217701,0.0105803396453756,0.00312834051903376,0.56759423486179,0.129911072611694,0.0193565232915556,0.0491436063288407,0.000880048575905889,0.210009369303628,"GSE210616_GSM6433607"
"GSE210616_GSM6433607_AACCAAGACTTCTCTG-1",0.049725273458969,0.0553811562909128,0.0235668389717104,0.445607514998874,0.143731263629498,0.0700494834026574,0.0588661079277677,0.0286475720482658,0.124424789271346,"GSE210616_GSM6433607"
"GSE210616_GSM6433607_AACCATGGGATCGCTA-1",0.00955325554241757,0.0133304617025371,0.00524622940642865,0.466091850905648,0.15875300439926,0.0376991803482986,0.0775325488664389,0.00223011496819227,0.229563353860778,"GSE210616_GSM6433607"
"GSE210616_GSM6433607_AACCCAGAGACGGAGA-1",0.00645868531701297,0.0373965478225062,0.00806950131651782,0.405427934896811,0.156864820792065,0.0804467517227428,0.0774974182049121,0.0060730802133875,0.221765259714045,"GSE210616_GSM6433607"
"GSE210616_GSM6433607_AACCCTGGTGGAACCA-1",0.0180112546081317,0.0113632574967742,0.00794232540497972,0.519668054646299,0.15484928500623,0.012557087625115,0.0846408393561017,0.00259500150494147,0.188372894351427,"GSE210616_GSM6433607"
"GSE210616_GSM6433607_AACCGAGCTTGGTCAT-1",0.0181955343327574,0.0180665092392458,0.00683525201666578,0.498134293164706,0.183126776852129,0.0179732116952459,0.056070236626487,0.00574414853325096,0.195854037539512,"GSE210616_GSM6433607"
"GSE210616_GSM6433607_AACCGCTAAGGGATGC-1",0.0248572131041412,0.0686019729286629,0.0192889015989063,0.312184854583325,0.158594908279847,0.138781526220753,0.0738444371595798,0.00321593865920052,0.200630247465584,"GSE210616_GSM6433607"
"GSE210616_GSM6433607_AACCGTTGTGTTTGCT-1",0.0141666204243618,0.012745557138367,0.010450212440353,0.552354283231718,0.134958875839655,0.00706803917617503,0.10647041944673,0.00242931687118567,0.159356675431454,"GSE210616_GSM6433607"
"GSE210616_GSM6433607_AACGATAGAAGGGCCG-1",0.0190801447487668,0.0147636558630348,0.00795665730632812,0.537307920725422,0.156691620576628,0.0133022440374225,0.0994081496154875,0.00307660319126566,0.148413003935644,"GSE210616_GSM6433607"
"GSE210616_GSM6433607_AACGATATGTCAACTG-1",0.0145633677755431,0.00859875159716027,0.00583098398234644,0.568418315449893,0.141939039847223,0.00625466223985015,0.0789945657166961,0.00058858225745083,0.174811731133837,"GSE210616_GSM6433607"
"GSE210616_GSM6433607_AACGCGAACGGCAACA-1",0.0100410250231529,0.00545635767074109,0.00521247332150112,0.583847406615712,0.140374198354842,0.00545254301128661,0.0695916003658882,0.000571202372975374,0.179453193263901,"GSE210616_GSM6433607"
"GSE210616_GSM6433607_AACGCGGTCTCCAGCC-1",0.021453366662449,0.0129909230250918,0.0044880219822705,0.495481732054742,0.157084764218134,0.0250149893951713,0.10456806480914,0.000242608084028488,0.178675529768973,"GSE210616_GSM6433607"
"GSE210616_GSM6433607_AACGGCCATCTCCGGT-1",0.00910795123071543,0.0239334877840271,0.0106312506062113,0.412503414356628,0.138948190471065,0.0527743324517831,0.177471233717485,0.00149986212635365,0.173130277255731,"GSE210616_GSM6433607"
"GSE210616_GSM6433607_AACGTACTGTGGGTAC-1",0.00323790172903663,0.0108951530318975,0.00402890802130279,0.462266359033002,0.157274684606292,0.0473462242079483,0.094429756880658,0.00299550666645991,0.217525505823404,"GSE210616_GSM6433607"
"GSE210616_GSM6433607_AACGTCAGACTAGTGG-1",0.0110108989870863,0.00942224757765017,0.00536119883409512,0.546122909095531,0.165234602737842,0.017040387979766,0.089142201033402,0.0020398215280215,0.154625732226606,"GSE210616_GSM6433607"
"GSE210616_GSM6433607_AACGTGATGAAGGACA-1",0.0157984249239357,0.0179369704812344,0.00763668674686519,0.534551344975066,0.145932824841797,0.00988574319707,0.0730077320470147,0.00511962469278508,0.190130648094232,"GSE210616_GSM6433607"
"GSE210616_GSM6433607_AACGTGCGAAAGTCTC-1",0.0122815475243823,0.0401524561375716,0.00718898840511042,0.360791461298902,0.166919453446614,0.0750208654512221,0.0797557419876553,0.0373532763890919,0.22053620935945,"GSE210616_GSM6433607"
"GSE210616_GSM6433607_AACGTTATCAGCACCT-1",0.0141074408344111,0.0234325587195816,0.0116451345400036,0.417735631279104,0.203791556151221,0.0266509323256921,0.0640746955258064,0.000485990512307081,0.238076060111873,"GSE210616_GSM6433607"
"GSE210616_GSM6433607_AACTAGCGTATCGCAC-1",0.0146331172955753,0.0273884444743182,0.0076627346028157,0.563306598966385,0.158601367845035,0.028189109585708,0.0665103958969204,0.000939801573297081,0.132768429759945,"GSE210616_GSM6433607"
"GSE210616_GSM6433607_AACTCAAGTTAATTGC-1",0.0242483610140231,0.00638539310290638,0.00606114262412439,0.539308145893099,0.163309171507449,0.0123895992605811,0.112808060446012,0.000642477367635005,0.13484764878417,"GSE210616_GSM6433607"
"GSE210616_GSM6433607_AACTCGATGGCGCAGT-1",0.0130040283843747,0.0100261029810032,0.00441208028358284,0.467006219851159,0.175013945158833,0.0330230117735987,0.0881727350787145,0.009006600405123,0.200335276083611,"GSE210616_GSM6433607"
"GSE210616_GSM6433607_AACTGATATTAGGCCT-1",0.0210711880345344,0.0128734143055895,0.00924732024237761,0.568550966508895,0.14638975059164,0.00844861156333533,0.0674745994595038,0.00456571005239838,0.161378439241727,"GSE210616_GSM6433607"
"GSE210616_GSM6433607_AACTGGGTCCCGACGT-1",0.0134436931143686,0.0085924102789197,0.00996822820548816,0.585337631931141,0.147590384863542,0.00647952477126989,0.0911446121684886,0.000979721288174028,0.136463793378608,"GSE210616_GSM6433607"
"GSE210616_GSM6433607_AACTGGTGTGGGCCTT-1",0.0119400285803794,0.0484022958800574,0.0146982336686633,0.302234569655256,0.209061751837026,0.106799454746428,0.0959752753884774,0.000367253951103877,0.210521136292609,"GSE210616_GSM6433607"
"GSE210616_GSM6433607_AACTTCTGCGTCTATC-1",0.0137730312958138,0.00887065614192591,0.00795751750851315,0.518108535309177,0.16462537347288,0.0139405179717455,0.0722751203222408,0.00135759800159189,0.199091649976112,"GSE210616_GSM6433607"
"GSE210616_GSM6433607_AACTTGCCCGTATGCA-1",0.0152802319633994,0.00946780201721404,0.00794908120229521,0.510019038534145,0.156396085116686,0.0157261734903318,0.079790592279661,0.00238463860421002,0.202986356792058,"GSE210616_GSM6433607"
"GSE210616_GSM6433607_AACTTGCGTTCTCGCG-1",0.0168268980369887,0.012052259881324,0.00488666310345188,0.53414310050147,0.162963296892034,0.0110367627410702,0.080520983510204,0.00295117258947058,0.174618862743987,"GSE210616_GSM6433607"
"GSE210616_GSM6433607_AACTTTACGGGAGCTT-1",0.0200223493118664,0.00946070789689832,0.00376575039788067,0.482910932237962,0.170795718113978,0.0380957991771017,0.0996372419895248,5.57196652080517e-05,0.17525578120958,"GSE210616_GSM6433607"
"GSE210616_GSM6433607_AACTTTAGCTGCTGAG-1",0.0567632125630345,0.0491075400511748,0.0198895540661258,0.248337425358277,0.357925022587334,0.0887268286791318,0.0318312952374825,0.0378891987022337,0.109529922755206,"GSE210616_GSM6433607"
"GSE210616_GSM6433607_AAGAAGGATCAGTTAG-1",0.0278641493665224,0.028746528082254,0.00729523060195827,0.515700099216142,0.141832007985667,0.0204977183684892,0.0917636680228837,0.00712777282563508,0.159172825530449,"GSE210616_GSM6433607"
"GSE210616_GSM6433607_AAGACTAACCCGTTGT-1",0.0163336995125523,0.00896480334810798,0.00530326129052557,0.625565400561205,0.110356831952948,0.0132201250342984,0.0458924244397416,0.000272404571200219,0.174091049289421,"GSE210616_GSM6433607"
"GSE210616_GSM6433607_AAGACTGCAAGCTACT-1",0.0172387262097457,0.0232420146206442,0.00974505005453375,0.447972553866313,0.163643581375462,0.0766002225006774,0.0959063219314233,0.00275244190168271,0.162899087539517,"GSE210616_GSM6433607"
"GSE210616_GSM6433607_AAGAGATGAATCGGTA-1",0.0123204147133613,0.0151309053041423,0.00729599034696868,0.474551358223102,0.181102258616903,0.0220116017489487,0.0715656067813703,0.00154984943963997,0.214472014825563,"GSE210616_GSM6433607"
"GSE210616_GSM6433607_AAGAGCTCTTTATCGG-1",0.0134050695849483,0.0110142556901191,0.00721918188815277,0.563278456172684,0.133193107770123,0.013506249030678,0.0941336887291372,0.00155208937788738,0.162697901756271,"GSE210616_GSM6433607"
"GSE210616_GSM6433607_AAGAGGATGTACGCGA-1",0.0182014566914263,0.0409637486570114,0.0105757862900255,0.112208589880151,0.210130205391247,0.187498844554785,0.11548533183941,0.00626220755465058,0.298673829141293,"GSE210616_GSM6433607"
"GSE210616_GSM6433607_AAGAGGCATGGATCGC-1",0.0137454528007753,0.0227111973044109,0.00585384754180334,0.475764139165518,0.122074837657423,0.0490033755591502,0.127501984155544,0.0254409181503851,0.15790424766499,"GSE210616_GSM6433607"
"GSE210616_GSM6433607_AAGATTGGCGGAACGT-1",0.030646148043324,0.0245392443554364,0.0180781204564416,0.377955645137677,0.231934190704005,0.0590011751059025,0.0731203240519023,0.00151835758350004,0.183206794561811,"GSE210616_GSM6433607"
"GSE210616_GSM6433607_AAGCTAGATCGAGTAA-1",0.0170519916504131,0.0237273251291428,0.00790593696719505,0.347557380363371,0.155232599099858,0.123479495291657,0.156488100728259,0.00115195015530291,0.167405220614801,"GSE210616_GSM6433607"
"GSE210616_GSM6433607_AAGCTCGTGCCAAGTC-1",0.0389435516177998,0.0285794298752394,0.0180982414152225,0.423166986684002,0.184188261499389,0.0252414988226742,0.0907510311693006,0.0251259239855418,0.16590507493083,"GSE210616_GSM6433607"
"GSE210616_GSM6433607_AAGGAGCGGTTGGTGC-1",0.0206417263222964,0.0190001297579531,0.00666266455385273,0.412221006885652,0.232403477093295,0.0401193703899087,0.0825239608046944,0.0018139494013708,0.184613714790977,"GSE210616_GSM6433607"
"GSE210616_GSM6433607_AAGGATGAGGGACCTC-1",0.024942312617934,0.0168428268136136,0.0101797895573338,0.503992128212103,0.159327374357572,0.0367021817731514,0.0799937455551831,0.00224016647597016,0.165779474637139,"GSE210616_GSM6433607"
"GSE210616_GSM6433607_AAGGCGCGTAAAGCTT-1",0.0184652484701951,0.0102756971614473,0.00291955807650075,0.614732381504347,0.13139281605105,0.00671817011588836,0.0726641366463806,0.000138196648061124,0.14269379532613,"GSE210616_GSM6433607"
"GSE210616_GSM6433607_AAGGCTGTGCTCATCG-1",0.0162010040561658,0.0128448454225302,0.00693364267766223,0.475129667541989,0.172637212703735,0.0270131184507134,0.110760342708776,0.00283405334384233,0.175646113094586,"GSE210616_GSM6433607"
"GSE210616_GSM6433607_AAGGGACAGATTCTGT-1",0.0161779689858164,0.0219837069484499,0.0101265687182903,0.364478812353524,0.191431929864581,0.10326661007475,0.099695711098876,0.00052179300841614,0.192316898947296,"GSE210616_GSM6433607"
"GSE210616_GSM6433607_AAGGTATCCTAATATA-1",0.0170801397776718,0.0142635139101502,0.0107650768819684,0.509328538645346,0.193468845894778,0.0191710795246938,0.0650455948897808,0.00119498353775966,0.169682226937851,"GSE210616_GSM6433607"
"GSE210616_GSM6433607_AAGGTGATAAACCAGC-1",0.0261016416848498,0.0186094680682688,0.0102648689313597,0.415074568903844,0.163045816073878,0.0547914912316557,0.120863384877027,0.00476840264745511,0.186480357581661,"GSE210616_GSM6433607"
"GSE210616_GSM6433607_AAGTAGAAGACCGGGT-1",0.0115876484343458,0.00977437952438887,0.00337760253448176,0.568529638800951,0.141129546611175,0.00761901381368106,0.0903573732983466,0.000559953722711881,0.167064843259918,"GSE210616_GSM6433607"
"GSE210616_GSM6433607_AAGTAGTGACGCGAGG-1",0.0203836732008137,0.00976634395989059,0.00537210885580665,0.502734842574087,0.160113860082452,0.0313603509619017,0.0923220136022413,0.00099590742631698,0.17695089933649,"GSE210616_GSM6433607"
"GSE210616_GSM6433607_AAGTCTTCTGTGGCCT-1",0.0251139878760801,0.0231185087423608,0.00540809834187365,0.393286671751618,0.21046362198904,0.0552573082576983,0.0849126942563753,0.0104260787103922,0.192013030074561,"GSE210616_GSM6433607"
"GSE210616_GSM6433607_AAGTGACGACCGAATT-1",0.0134484703998046,0.0418325623713527,0.00602642130011413,0.368010294261952,0.204540642595118,0.0311924846694246,0.0777459750751223,0.00316053033402565,0.254042618993086,"GSE210616_GSM6433607"
"GSE210616_GSM6433607_AAGTGCAAAGGTAGAC-1",0.0370736416721123,0.0285351254287632,0.00709764811485902,0.495732083659839,0.115809272613345,0.0586051479699956,0.0745842034702694,0.0142807391869049,0.168282137883913,"GSE210616_GSM6433607"
"GSE210616_GSM6433607_AAGTGCGTTAGAATCT-1",0.0197845933054514,0.0129267252011293,0.006413450698078,0.412908029232526,0.195585984396608,0.0546479034163628,0.120092501540589,0.000553228788676506,0.177087583420579,"GSE210616_GSM6433607"
"GSE210616_GSM6433607_AAGTGTTTGGAGACGG-1",0.0138705464692022,0.0183505279479395,0.00725486073073709,0.436820429428817,0.0992141080115249,0.199001032594065,0.101329433187842,0.000426298909902716,0.12373276271997,"GSE210616_GSM6433607"
"GSE210616_GSM6433607_AAGTTCGGCCAACAGG-1",0.0095476532236924,0.0621546521782933,0.00690127648030222,0.427353015588988,0.0986375826060815,0.12945269674567,0.109718189840985,0.00290333278623716,0.153331600549751,"GSE210616_GSM6433607"
"GSE210616_GSM6433607_AAGTTTACTAATGGCA-1",0.0107439362063272,0.0278019536951026,0.0285306509503314,0.414295379885074,0.163988454884424,0.0458504490970511,0.0722177178069911,0.00164663872509684,0.234924818749602,"GSE210616_GSM6433607"
"GSE210616_GSM6433607_AATAACAACGCTCGGC-1",0.0120105905507897,0.0110939863429817,0.00776572969506471,0.564971906700003,0.142475860184324,0.00772439338080187,0.0580189244884887,0.00097676867272522,0.194961839984821,"GSE210616_GSM6433607"
"GSE210616_GSM6433607_AATAAGTCCTCGAGAC-1",0.0199822381982302,0.0148115177963813,0.011286306031843,0.430300421134227,0.176839742288428,0.0121287854484193,0.0832349727642948,0.00236770840434687,0.249048307933829,"GSE210616_GSM6433607"
"GSE210616_GSM6433607_AATACAATGTTTCAGG-1",0.0179040021338045,0.0109405234067349,0.00997165390636531,0.476750241333908,0.190780882397862,0.0303112988050454,0.0577135210103354,0.00223000026723361,0.203397876738711,"GSE210616_GSM6433607"
"GSE210616_GSM6433607_AATAGAATCTGTTTCA-1",0.0271237665165268,0.028796876153435,0.0102182807155699,0.355153110477053,0.172649065872154,0.0864560459954285,0.119232077059631,0.00229512481035016,0.198075652399852,"GSE210616_GSM6433607"
"GSE210616_GSM6433607_AATAGTCGCGAGTCGG-1",0.0146002526502237,0.0330634741413522,0.00613273264707476,0.461603222495785,0.177154367239629,0.0439968863149822,0.066708764433675,0.0143515755522853,0.182388724524993,"GSE210616_GSM6433607"
"GSE210616_GSM6433607_AATATCAAGGTCGGAT-1",0.0152470269698012,0.0168291794038969,0.00886510180282638,0.472291817847318,0.121723554826906,0.0690120217209294,0.0740589721871132,0.00293524670248559,0.219037078538723,"GSE210616_GSM6433607"
"GSE210616_GSM6433607_AATATTGGAGTATTGA-1",0.0166866157552129,0.0302969993985413,0.0117569060043924,0.459911920117984,0.156119581232225,0.0373156775136628,0.0876758317010715,0.00915187033737295,0.191084597939537,"GSE210616_GSM6433607"
"GSE210616_GSM6433607_AATCCAAGGGCCTGAG-1",0.0153899601914777,0.0663410840755916,0.00667776895599635,0.498482099726994,0.116260586543131,0.0373637146357832,0.0698052425998836,0.0583872043901075,0.131292338881035,"GSE210616_GSM6433607"
"GSE210616_GSM6433607_AATCCATGCAAGGGTG-1",0.0189250091359596,0.0214580957715889,0.00596665915910885,0.430347353986365,0.181385112165851,0.0512456775631956,0.0833317261689049,0.000921215897060442,0.206419150151966,"GSE210616_GSM6433607"
"GSE210616_GSM6433607_AATCGCCTCAGCGCCA-1",0.0160545884702901,0.0219756417926474,0.00798952443407946,0.443105037519598,0.182293992015106,0.0367638915336802,0.0977838657579131,0.00510296564892285,0.188930492827763,"GSE210616_GSM6433607"
"GSE210616_GSM6433607_AATCGGGACACTACGA-1",0.0234645203157705,0.0215765952215427,0.00905066404945962,0.436226366676586,0.184881464608423,0.0210714841204545,0.0695890799772594,0.0150369574720121,0.219102867558493,"GSE210616_GSM6433607"
"GSE210616_GSM6433607_AATCTCTACTGTGGTT-1",0.0137191555617431,0.0214545633587843,0.00396191956523992,0.572894434774258,0.136857528844522,0.0119724423420111,0.129809365584363,0.000298741861623413,0.109031848107455,"GSE210616_GSM6433607"
"GSE210616_GSM6433607_AATGACAGCAATGTCT-1",0.019758813039136,0.00955858227003734,0.00303550275500527,0.558368400779946,0.109259678463802,0.017071526513677,0.140789903384043,0.000456258275444344,0.141701334518909,"GSE210616_GSM6433607"
"GSE210616_GSM6433607_AATGACGTAGGATGTC-1",0.0225879313044613,0.0194469322903722,0.0103906589898822,0.410985468879115,0.17473569726939,0.0744716340326728,0.0786267340988116,0.0252047876707787,0.183550155464516,"GSE210616_GSM6433607"
"GSE210616_GSM6433607_AATGACTGTCAGCCGG-1",0.013110971288595,0.00930547348951472,0.00541157112478194,0.557754678008946,0.144888041593464,0.0179765608946366,0.0890280997262929,0.000440817417271546,0.162083786456498,"GSE210616_GSM6433607"
"GSE210616_GSM6433607_AATGAGTTCGCATATG-1",0.00696238062648205,0.0242048070332502,0.00877975472107836,0.430347899006084,0.188769800809924,0.0349616862900164,0.0911670306112763,0.000195745524936831,0.214610895376952,"GSE210616_GSM6433607"
"GSE210616_GSM6433607_AATGATGATACGCTAT-1",0.0292522445253738,0.0192272596990342,0.0144889986005787,0.36837661393373,0.231404983891904,0.0662236360767898,0.0907799636573942,0.00139309606918163,0.178853203546013,"GSE210616_GSM6433607"
"GSE210616_GSM6433607_AATGCAACCGGGTACC-1",0.0188136421587713,0.0156764852473011,0.00887571305240132,0.452931396040401,0.166492677152966,0.0885883685755048,0.0849571159594957,0.000466619887172987,0.163197981925986,"GSE210616_GSM6433607"
"GSE210616_GSM6433607_AATGGTCCACCGTTCA-1",0.00710690721644934,0.00743472420159373,0.00533017642166266,0.632972519987449,0.121133409161337,0.0104916926424287,0.0960341928984934,0.000695307071830897,0.118801070398755,"GSE210616_GSM6433607"
"GSE210616_GSM6433607_AATGGTTCTCACAAGC-1",0.0139189200451114,0.0148353174820465,0.00556974735636335,0.558612132353426,0.144326160806573,0.0143285301478019,0.109867387848847,0.00333982358664377,0.135201980373187,"GSE210616_GSM6433607"
"GSE210616_GSM6433607_AATTAAAGGTCGGCGT-1",0.00917023911045295,0.0239130038528088,0.00738504069504644,0.434798296809649,0.137132564977656,0.0978604958532686,0.0645108736364575,0.0605787325614767,0.164650752503183,"GSE210616_GSM6433607"
"GSE210616_GSM6433607_AATTACTCGTACGCTC-1",0.0200806838504629,0.0126835138876518,0.00903771601368624,0.543844530384923,0.116349435296116,0.038893483302326,0.114539427177207,0.000106178285661227,0.144465031801966,"GSE210616_GSM6433607"
"GSE210616_GSM6433607_AATTAGCGCTGCAGCG-1",0.0160929829020296,0.0163446757483497,0.00704449839527449,0.492338357072232,0.138527603035416,0.0727194916332387,0.138874421951227,0.0011904628734974,0.116867506388735,"GSE210616_GSM6433607"
"GSE210616_GSM6433607_AATTCTAGAGTTAGGC-1",0.0107372207970415,0.0598818931889171,0.0101110399362044,0.269484380615658,0.19270638908063,0.189762522683265,0.0713610790367649,0.0631340755401884,0.132821399121331,"GSE210616_GSM6433607"
"GSE210616_GSM6433607_AATTGAACGCTCTGGT-1",0.0168297337651261,0.0198050601536851,0.00873770224670715,0.469322938159424,0.178671694823959,0.0354450652628145,0.078195869160089,0.0124990035158338,0.180492932912361,"GSE210616_GSM6433607"
"GSE210616_GSM6433607_AATTTGGTTCCAAAGA-1",0.0204504140013905,0.0166486990194911,0.00988891549561726,0.475277014675466,0.167123881502751,0.0104549002355332,0.0895272216907227,0.00469010354687582,0.205938849832153,"GSE210616_GSM6433607"
"GSE210616_GSM6433607_ACAAATCGCACCGAAT-1",0.0100171738096551,0.0252298374289529,0.00583802938593663,0.322763915971978,0.118731493511335,0.241993243275526,0.128538781286478,0.00148405755688345,0.145403467773255,"GSE210616_GSM6433607"
"GSE210616_GSM6433607_ACAAATGGTAGTGTTT-1",0.0196366821663016,0.0174205998939565,0.00908331481685124,0.433898435743206,0.205605788640715,0.0413940306464821,0.0712495479425962,0.003061859301284,0.198649740848608,"GSE210616_GSM6433607"
"GSE210616_GSM6433607_ACAACAGCATGAGCTA-1",0.0230250220260547,0.0259247600623091,0.00919438149421152,0.344752765962747,0.202325195380717,0.0483298620516924,0.118377572454066,0.00199166479778974,0.226078775770413,"GSE210616_GSM6433607"
"GSE210616_GSM6433607_ACAACGGTCCCTGCGA-1",0.0136511266051606,0.0138332324204084,0.00620622779725258,0.567423644684025,0.149074851994985,0.00462108396900972,0.066839054430786,0.00033066846227486,0.178020109636098,"GSE210616_GSM6433607"
"GSE210616_GSM6433607_ACAAGCAGTGCCTAGC-1",0.0177762872386271,0.0279864051703742,0.0102061927287624,0.571965524284284,0.113483778257747,0.0328298593259421,0.0662145140289665,0.00592178470548689,0.15361565425981,"GSE210616_GSM6433607"
"GSE210616_GSM6433607_ACAAGCTATATGGAAG-1",0.02272559472569,0.0238745916945903,0.00762949601116071,0.403554897473558,0.202859029215285,0.0397810708108208,0.0568255558764452,0.0250636162208113,0.217686147971638,"GSE210616_GSM6433607"
"GSE210616_GSM6433607_ACAAGGAAATCCGCCC-1",0.0219721105366319,0.0205593362982545,0.00533204721300458,0.42262959411674,0.168091522486958,0.0816533983718347,0.130021579243601,0.000304921267279186,0.149435490465696,"GSE210616_GSM6433607"
"GSE210616_GSM6433607_ACAAGGACAAGAGGTT-1",0.0196808937843007,0.0223608216091781,0.00757294948451511,0.432372351497553,0.176637324438372,0.0629861565392414,0.0802237110623249,0.00786674267337814,0.190299048911136,"GSE210616_GSM6433607"
"GSE210616_GSM6433607_ACAAGGGCAGGCTCTG-1",0.0240675948066539,0.0138984744504029,0.00447362093765222,0.392611834794613,0.176142008002211,0.0565000001902618,0.127928068713651,0.00046665510375958,0.203911743000794,"GSE210616_GSM6433607"
"GSE210616_GSM6433607_ACAATAGTCGTACGTT-1",0.0155714180343058,0.0557886537766683,0.0179596633184292,0.0903917024239115,0.29232134720349,0.143255809983012,0.0791652688922092,0.035426806572198,0.270119329795777,"GSE210616_GSM6433607"
"GSE210616_GSM6433607_ACAATCCATTTAAACC-1",0.0229834162660146,0.0139619613741226,0.00620483724527718,0.500995716135114,0.16583481002889,0.0122430504712029,0.0856004658781602,0.000944704114333865,0.191231038486885,"GSE210616_GSM6433607"
"GSE210616_GSM6433607_ACAATTTAGGAGGCTC-1",0.0133631879467398,0.0208170052096599,0.00405972482080125,0.457937152410569,0.139859993530944,0.0302769910745894,0.119743175133312,0.0489567463032258,0.164986023570159,"GSE210616_GSM6433607"
"GSE210616_GSM6433607_ACAATTTGAGCAGTGG-1",0.0153213294532568,0.0131280407805344,0.00685293968642333,0.511459723868362,0.171003683346494,0.0157850262928528,0.0875294562517768,0.00159056984047987,0.17732923047982,"GSE210616_GSM6433607"
"GSE210616_GSM6433607_ACACAAAGACGGGTGG-1",0.015179415965593,0.0249255937819937,0.00746107272433702,0.493938416891004,0.145163084024348,0.0668997732106839,0.0828734432779194,0.0027346939714943,0.160824506152627,"GSE210616_GSM6433607"
"GSE210616_GSM6433607_ACACACCAGGACCAGT-1",0.023969061671737,0.0282333486998388,0.0105864034730281,0.466748865417436,0.135434032772873,0.0525004804021411,0.0797776734343686,0.010281575241939,0.192468558886638,"GSE210616_GSM6433607"
"GSE210616_GSM6433607_ACACACTTTCTACACG-1",0.0134173326744078,0.0145886449497395,0.0133400731516435,0.550188159097275,0.148083391000145,0.0177069121664686,0.0471898242491671,0.00431338076980833,0.191172281941345,"GSE210616_GSM6433607"
"GSE210616_GSM6433607_ACACATTGACGCAACA-1",0.0316985258312718,0.0224828349265026,0.0110499011795476,0.376122284888275,0.169264261675186,0.0556969699286928,0.0752815748638109,0.00132928145772557,0.257074365248988,"GSE210616_GSM6433607"
"GSE210616_GSM6433607_ACACCCAGCATGCAGC-1",0.0177833769505311,0.0133376570002012,0.00916479729723646,0.512668359319064,0.164651782085153,0.0140893741490146,0.0982886298320054,0.00110920907895273,0.168906814287842,"GSE210616_GSM6433607"
"GSE210616_GSM6433607_ACACCCGAGAAATCCG-1",0.0136482583463991,0.0143895617808096,0.00258967372688822,0.565540231623178,0.140472781874065,0.0222778816750871,0.0663091016892746,0.00074316990438416,0.174029339379914,"GSE210616_GSM6433607"
"GSE210616_GSM6433607_ACACCGAGCGCTCTTT-1",0.017126011075424,0.0298732802933664,0.00870246631228769,0.486887331261458,0.173195424121492,0.0382242940786422,0.109430882420137,0.00108255245797885,0.135477757979214,"GSE210616_GSM6433607"
"GSE210616_GSM6433607_ACACCTTAAGTAGGGC-1",0.0138585301824948,0.0154745535769268,0.00564308339282334,0.552350704301837,0.144090209640489,0.0292715034409525,0.109817546700955,0.000346789946896571,0.129147078816625,"GSE210616_GSM6433607"
"GSE210616_GSM6433607_ACACGAGACTCCTTCT-1",0.0221508194902405,0.0210156843887373,0.0107099461697959,0.390523971748732,0.188878418997951,0.0526838777110662,0.140358448510417,0.00396962574838747,0.169709207234673,"GSE210616_GSM6433607"
"GSE210616_GSM6433607_ACACGGCACTATGCAT-1",0.0141602637506993,0.00747861818799987,0.00635245647414356,0.522371990845509,0.146782678713921,0.008095166251744,0.0616366031436797,0.000732937207523774,0.23238928542478,"GSE210616_GSM6433607"
"GSE210616_GSM6433607_ACACGGGAACTTAGGG-1",0.0214296730921191,0.0149267746932648,0.00645992780525768,0.48227889024747,0.193383876556231,0.0333113029539318,0.0765672325410835,0.000961828874978329,0.170680493235664,"GSE210616_GSM6433607"
"GSE210616_GSM6433607_ACACTCCAATGTCACT-1",0.0182445690588371,0.0143583353603892,0.00551002354998223,0.514714134399432,0.165057286620926,0.0198341499466375,0.0846430614336592,0.00153152792123459,0.176106911708902,"GSE210616_GSM6433607"
"GSE210616_GSM6433607_ACAGATTAGGTTAGTG-1",0.0125735465595909,0.105452222538943,0.0112321384825056,0.203152653892551,0.141696485734387,0.327060845172447,0.0662401968083646,0.0103402249963181,0.122251685814893,"GSE210616_GSM6433607"
"GSE210616_GSM6433607_ACAGCATAGAGCCAGT-1",0.0131490961424462,0.0339248035785126,0.00926789548137548,0.446972074671817,0.165364227125188,0.0274696360805771,0.102139507724164,0.00421343938943076,0.19749931980649,"GSE210616_GSM6433607"
"GSE210616_GSM6433607_ACAGCGCACCCGCAGC-1",0.0196185063742919,0.0103741876198573,0.00733744635194282,0.551609947226207,0.152097121538832,0.00624645715037349,0.0679089490300632,0.00118586573969884,0.183621518968733,"GSE210616_GSM6433607"
"GSE210616_GSM6433607_ACAGTAATACAACTTG-1",0.0544330719005468,0.160246804194134,0.0358661562638474,0.4044226001768,0.12266093791701,0.0233133218739558,0.0405588018786957,0.0802132006816027,0.0782851051134089,"GSE210616_GSM6433607"
"GSE210616_GSM6433607_ACATAATAAGGCGGTG-1",0.0179930654862782,0.0130688826436826,0.0120781573102964,0.520579762420874,0.167225685979609,0.0121952364784575,0.0956696510286529,0.00186983921660079,0.159319719435548,"GSE210616_GSM6433607"
"GSE210616_GSM6433607_ACATCAGCTGGGACGC-1",0.0152734392997374,0.0251689220437789,0.00501289202175016,0.357490413520008,0.203508036236024,0.0513068671769698,0.102602978713508,0.000558509692859383,0.239077941295364,"GSE210616_GSM6433607"
"GSE210616_GSM6433607_ACATCGATCGTTTACC-1",0.00667885997524613,0.0435525183452235,0.010336292358394,0.377231768360419,0.124376022397501,0.076263726378647,0.107488954650013,0.0674120152820373,0.186659842252519,"GSE210616_GSM6433607"
"GSE210616_GSM6433607_ACATCGGTCAGCCGCG-1",0.0223906344574383,0.0122063334746904,0.0104094534414842,0.437328852671578,0.201442100957264,0.0380207188629344,0.11529790402569,0.00852648602282548,0.154377516086095,"GSE210616_GSM6433607"
"GSE210616_GSM6433607_ACATCGTATGCAATGG-1",0.0208444221788148,0.0188891611085286,0.0129632664015956,0.408255509202058,0.200120092708484,0.0482012029233138,0.07894241305067,0.00622218500074422,0.205561747425791,"GSE210616_GSM6433607"
"GSE210616_GSM6433607_ACATCGTTAACCTAGT-1",0.0122514920390932,0.00986884016634249,0.004968806067796,0.54353943078591,0.157377502422095,0.0043318544559106,0.0962198453577503,0.000604859814151739,0.170837368890951,"GSE210616_GSM6433607"
"GSE210616_GSM6433607_ACATCTCAACGCGTAA-1",0.024832675190023,0.0272903200099527,0.0174455748707214,0.392107728453818,0.194394365542958,0.0313888619325123,0.0775954095846346,0.00102658198427672,0.233918482431103,"GSE210616_GSM6433607"
"GSE210616_GSM6433607_ACATGGCTCAATTTAG-1",0.00954055402838346,0.00482873703935229,0.00175064134372555,0.666753980876037,0.0939284045671094,0.00270531152222348,0.106590385863687,6.67261561913923e-05,0.113835258603291,"GSE210616_GSM6433607"
"GSE210616_GSM6433607_ACATTAGTTTATATCC-1",0.0139978426133236,0.0314774618813426,0.0102192240666357,0.266797138437054,0.142017562962187,0.223078382904681,0.157946559524105,0.00335975540078871,0.151106072209883,"GSE210616_GSM6433607"
"GSE210616_GSM6433607_ACCAAACTAGAAATCC-1",0.016645149117842,0.0176440411812298,0.0105305737143503,0.523088797607228,0.120643071595194,0.0264434769599236,0.100400900591815,0.00101851544098443,0.183585473791432,"GSE210616_GSM6433607"
"GSE210616_GSM6433607_ACCAAGAACGCGTGTC-1",0.0170351774583588,0.016358586910301,0.00544426299079421,0.549709683043691,0.135630389218409,0.0101047188415189,0.0983724790886666,0.000977890895696569,0.166366811552564,"GSE210616_GSM6433607"
"GSE210616_GSM6433607_ACCACAACTCAGAACA-1",0.0201523028549217,0.0203154207206111,0.015083576515031,0.412193742184555,0.180418692215512,0.0501370081077037,0.0673336228522962,0.00346772502354084,0.230897909525828,"GSE210616_GSM6433607"
"GSE210616_GSM6433607_ACCACAAGTTTCTATC-1",0.0158897402989119,0.0136974120504291,0.00661061655596243,0.539609488970652,0.160670861847919,0.0105770162065174,0.105824126503861,0.00115658465420825,0.145964152911539,"GSE210616_GSM6433607"
"GSE210616_GSM6433607_ACCACGTGCAGCTATA-1",0.0242980468292675,0.0209929333612007,0.00706808009696965,0.403872471316196,0.182947434131352,0.0917437678207819,0.0797984432826023,0.00121996033455442,0.188058862827075,"GSE210616_GSM6433607"
"GSE210616_GSM6433607_ACCACTGTTCAAGAAG-1",0.0180603838473327,0.0321693829140712,0.00934184747484521,0.407931274918696,0.168163999410027,0.0700317761853424,0.132760391087482,0.00137900024284714,0.160161943919357,"GSE210616_GSM6433607"
"GSE210616_GSM6433607_ACCAGACCATAACAAC-1",0.00670562344595317,0.0405656711923644,0.0224561493214934,0.45305213788085,0.159466957639958,0.0229230953822986,0.0982864806750462,0.0749033189304512,0.121640565531585,"GSE210616_GSM6433607"
"GSE210616_GSM6433607_ACCAGCCCGGTCTTTG-1",0.0178735975442081,0.0100447394099971,0.00909841858277948,0.489576163032084,0.163039945963988,0.0167225112411834,0.0668899575991281,0.000518574675237746,0.226236091951394,"GSE210616_GSM6433607"
"GSE210616_GSM6433607_ACCATATCCGCAATAA-1",0.0203385189517651,0.0165564986274858,0.0111481355974938,0.430036674691749,0.155801171712038,0.0414071293173445,0.101399043491477,0.000352983107555666,0.222959844503091,"GSE210616_GSM6433607"
"GSE210616_GSM6433607_ACCATCCGCCAACTAG-1",0.0482494593600625,0.0995635253063548,0.0431576303574326,0.379155218602374,0.204265641588524,0.0443088123310066,0.0615513300037684,0.00143429029490897,0.118314092155568,"GSE210616_GSM6433607"
"GSE210616_GSM6433607_ACCATCGTATATGGTA-1",0.0284503116283743,0.0127491828998915,0.00983522695370508,0.463126511189147,0.199847577458393,0.0103059428266173,0.0679331550592004,0.000748045177282853,0.207004046807389,"GSE210616_GSM6433607"
"GSE210616_GSM6433607_ACCATTAAGGGTGTCA-1",0.016714848750088,0.0380382997786762,0.00279385930310198,0.433054464210736,0.183993923447047,0.0155226533750022,0.151898802010776,0.0738617993710144,0.0841213497535587,"GSE210616_GSM6433607"
"GSE210616_GSM6433607_ACCCAACGCCCGTGGC-1",0.0158896215611146,0.0321513649938798,0.00662062319347807,0.319271003088943,0.164504625019827,0.0890066108243722,0.0871177006476215,0.0517683571563602,0.233670093514404,"GSE210616_GSM6433607"
"GSE210616_GSM6433607_ACCCACCTACATGCTC-1",0.012011619977267,0.0368972049773965,0.00665302770763218,0.481302377268478,0.132812477785323,0.0477952234685537,0.0505245645684626,0.108250955419058,0.123752548827829,"GSE210616_GSM6433607"
"GSE210616_GSM6433607_ACCCATCTTGAGGGTA-1",0.0150583709644008,0.017055323016142,0.0126546749612223,0.390086912770885,0.20768957123652,0.0445553935706244,0.0983751512055025,0.000790872830606047,0.213733729444097,"GSE210616_GSM6433607"
"GSE210616_GSM6433607_ACCCGGTTACACTTCC-1",0.00957406881048361,0.0138796486981656,0.00160942583841192,0.36275399133432,0.127963479835127,0.183654153434976,0.092132041708701,0.00208561795946644,0.206347572380348,"GSE210616_GSM6433607"
"GSE210616_GSM6433607_ACCCTATAGGACTGAG-1",0.0175518438796525,0.0136880934325589,0.0106974697670373,0.476250394684714,0.166790253057955,0.0152763863744098,0.108967084768573,0.000500029405331675,0.190278444629767,"GSE210616_GSM6433607"
"GSE210616_GSM6433607_ACCCTCCCTTGCTATT-1",0.0243785633224369,0.0123833476200928,0.00937352477513812,0.407466430845926,0.175877781626328,0.0380133677124985,0.132202928104669,0.00151638161784528,0.198787674375064,"GSE210616_GSM6433607"
