"","Endothelial","CAFs","PVL","B-cells","T-cells","Myeloid","Normal Epithelial","Plasmablasts","Cancer Epithelial","sid"
"Human_Breast_Andersson_10142021_ST_B3_10x15",0.18294450417682,0.386309588674536,0.014368351609375,0.139181319034478,0.0562207440040681,0.10328357950087,0.0922724212874927,0.000541187176577366,0.0248783045357829,"Human_Breast_Andersson_10142021_ST_B3"
"Human_Breast_Andersson_10142021_ST_B3_10x16",0.10081745473572,0.0551061766372949,0.124834190141417,0.00148097700039211,0.00470656603788639,0.0964419426682572,0.0069129279431986,0.556467649086027,0.053232115749806,"Human_Breast_Andersson_10142021_ST_B3"
"Human_Breast_Andersson_10142021_ST_B3_10x17",0.0798814625205828,0.2074937917284,0.10444040351092,0.0636517961231014,0.00427086583413066,0.0217703186230453,0.197103520268937,0.158218232152326,0.163169609238556,"Human_Breast_Andersson_10142021_ST_B3"
"Human_Breast_Andersson_10142021_ST_B3_10x18",0.04452339370229,0.144155884736275,0.0764787812667168,0.0305646620085593,0.0082922227773004,0.167888710808804,0.0970201152875311,0.234126985354566,0.196949244057957,"Human_Breast_Andersson_10142021_ST_B3"
"Human_Breast_Andersson_10142021_ST_B3_10x19",0.0779912364915406,0.151263280730404,0.0165490867320305,0.000476229028141039,0.000206285507177845,0.0400935645081828,0.0326940132229674,0.514753455198912,0.165972848580644,"Human_Breast_Andersson_10142021_ST_B3"
"Human_Breast_Andersson_10142021_ST_B3_10x20",0.0213778198487197,0.345451520766364,0.0241850679433126,0.00133263612121564,0.00423326035364505,0.238564561982599,0.00576856234513156,0.32188687160021,0.0371996990388023,"Human_Breast_Andersson_10142021_ST_B3"
"Human_Breast_Andersson_10142021_ST_B3_10x21",0.00524577272749019,0.0646715139034944,0.00458858053883714,0.00962852892726488,0.000617413178864209,0.10667081843669,0.12206090001362,0.664434437425888,0.0220820348478511,"Human_Breast_Andersson_10142021_ST_B3"
"Human_Breast_Andersson_10142021_ST_B3_10x22",0.0823334978389407,0.079279134624208,0.00284510381353053,5.79245314665956e-05,0.000628427010395215,0.00676529042040986,0.0542012836224537,0.749549769863106,0.0243395682754895,"Human_Breast_Andersson_10142021_ST_B3"
"Human_Breast_Andersson_10142021_ST_B3_10x23",0.0410304500562241,0.093645784095798,0.0229440520783605,0.00211368748604223,0.00533737355450634,0.103775575626716,0.052359749821618,0.560707298102044,0.118086029178691,"Human_Breast_Andersson_10142021_ST_B3"
"Human_Breast_Andersson_10142021_ST_B3_10x24",0.0758645727929178,0.0636458013257466,0.0299470155773605,0.0261768643031842,0.0138771547940013,0.101968379379364,0.107935653737211,0.309455051422529,0.271129506667685,"Human_Breast_Andersson_10142021_ST_B3"
"Human_Breast_Andersson_10142021_ST_B3_10x25",0.0409262106445402,0.241280861252197,0.0734235461751397,0.0837106737226446,0.0923284690210709,0.242087496662847,0.0695791787680075,0.0758252117566921,0.0808383519968605,"Human_Breast_Andersson_10142021_ST_B3"
"Human_Breast_Andersson_10142021_ST_B3_10x26",0.00440326567372691,0.227898200733169,0.00130340370544921,0.124447501256489,0.0368885558856479,0.0470279218424304,0.0393443058929729,0.298404315314636,0.22028252969548,"Human_Breast_Andersson_10142021_ST_B3"
"Human_Breast_Andersson_10142021_ST_B3_10x27",0.0709201838456903,0.153732358465579,0.022254458551986,0.12884677731627,0.0638904469049843,0.169662751617058,0.0167383233480511,0.226632764909568,0.147321935040812,"Human_Breast_Andersson_10142021_ST_B3"
"Human_Breast_Andersson_10142021_ST_B3_10x28",0.0245015259155105,0.104455459962179,0.0101449659283643,0.374903661648879,0.0967521660599716,0.104285814577012,0.0131611316386059,0.220017836118123,0.0517774381513545,"Human_Breast_Andersson_10142021_ST_B3"
"Human_Breast_Andersson_10142021_ST_B3_10x29",0.0296751643942869,0.0666935895856985,0.0086628503966556,0.104523511595052,0.141519798565352,0.0868351558079051,0.0525477563126945,0.317169648889884,0.192372524452472,"Human_Breast_Andersson_10142021_ST_B3"
"Human_Breast_Andersson_10142021_ST_B3_10x30",0.0284168318059256,0.0472435810140272,0.0171375953931086,0.0204928496602489,0.0364583777399728,0.150096944947044,0.0595388618747418,0.199153266802869,0.441461690762063,"Human_Breast_Andersson_10142021_ST_B3"
"Human_Breast_Andersson_10142021_ST_B3_10x31",0.036760432398866,0.0386875054769063,0.0153855121667591,0.0116663461559374,0.00979945869291469,0.160826934420314,0.0395230725765783,0.387765811991072,0.299584926120652,"Human_Breast_Andersson_10142021_ST_B3"
"Human_Breast_Andersson_10142021_ST_B3_10x32",0.0230671458231006,0.0789422245690768,0.0280166613896049,0.0358266109506375,0.030127109493878,0.192997353060003,0.0613563685281487,0.336435967441088,0.213230558744462,"Human_Breast_Andersson_10142021_ST_B3"
"Human_Breast_Andersson_10142021_ST_B3_11x16",0.00911615643662666,0.117637572351608,0.141841550303567,0.000702300279318812,0.00358731794070038,0.0303866713389854,0.1283162687331,0.545346620145143,0.0230655424709517,"Human_Breast_Andersson_10142021_ST_B3"
"Human_Breast_Andersson_10142021_ST_B3_11x18",0.111339151859924,0.187708530384793,0.00184563456809794,0.0022018970364043,0.00183178818755752,0.18816648542491,0.0951140840481233,0.330339650154327,0.0814527783358617,"Human_Breast_Andersson_10142021_ST_B3"
"Human_Breast_Andersson_10142021_ST_B3_11x19",0.0603849005662252,0.105768331854886,0.0374029752174014,0.000942792167482289,0.0020839498537015,0.0641778669803875,0.0335056291981617,0.576831716568869,0.118901837592885,"Human_Breast_Andersson_10142021_ST_B3"
"Human_Breast_Andersson_10142021_ST_B3_11x20",0.00759001779119095,0.0534476215619363,0.102928070685042,9.26273712019579e-05,0.00121031893515451,0.0667738890635112,0.0658346230965092,0.659387342001978,0.0427354894934755,"Human_Breast_Andersson_10142021_ST_B3"
"Human_Breast_Andersson_10142021_ST_B3_11x21",0.00637758255379867,0.104959476260935,0.00745700442550309,0.00363136539866235,0.00967995390855102,0.0959937637890981,0.108999536316892,0.500852661296543,0.162048656050017,"Human_Breast_Andersson_10142021_ST_B3"
"Human_Breast_Andersson_10142021_ST_B3_11x22",0.0722151567332341,0.104344449403139,0.0317786327911473,0.022638638866174,0.00940093299562876,0.139075856507689,0.0219374000524782,0.337495425741147,0.261113506909363,"Human_Breast_Andersson_10142021_ST_B3"
"Human_Breast_Andersson_10142021_ST_B3_11x23",0.0727389178007397,0.156507706838548,0.00919629111351313,0.00944541300005185,0.0036086271707869,0.0942025478089539,0.0213016124335334,0.387957544496198,0.245041339337676,"Human_Breast_Andersson_10142021_ST_B3"
"Human_Breast_Andersson_10142021_ST_B3_11x24",0.0641075628279143,0.212817197019685,0.031787228879757,0.0223649965417854,0.010587740006101,0.241786375869868,0.0708068614132113,0.22015749909275,0.125584538348928,"Human_Breast_Andersson_10142021_ST_B3"
"Human_Breast_Andersson_10142021_ST_B3_11x25",0.0438619819421936,0.257716636025436,0.0028368195284803,0.013131613421108,0.00648526824950807,0.107475902155404,0.0748621551793648,0.368384781836068,0.125244841662438,"Human_Breast_Andersson_10142021_ST_B3"
"Human_Breast_Andersson_10142021_ST_B3_11x26",0.106484270875916,0.238207046747087,0.00458961342804558,0.0311979175863705,0.00568079968822405,0.146021882103499,0.018749864969298,0.402838448857074,0.0462301557444854,"Human_Breast_Andersson_10142021_ST_B3"
"Human_Breast_Andersson_10142021_ST_B3_11x27",0.0860350255806374,0.148294361220061,0.00282308183928209,0.19914325694822,0.171871515077538,0.146256151457821,0.0115210296095672,0.204757424784851,0.0292981534820229,"Human_Breast_Andersson_10142021_ST_B3"
"Human_Breast_Andersson_10142021_ST_B3_11x28",0.0211889881592948,0.101117647487197,0.00274903624356846,0.101915499049025,0.011688372020067,0.192500463236246,0.026866145820432,0.457584210557182,0.0843896374269887,"Human_Breast_Andersson_10142021_ST_B3"
"Human_Breast_Andersson_10142021_ST_B3_11x29",0.0340770386794237,0.074663985914851,0.00896865395735617,0.147063048868474,0.0334839421831091,0.13984572748093,0.0436385676030351,0.31924080475816,0.19901823055466,"Human_Breast_Andersson_10142021_ST_B3"
"Human_Breast_Andersson_10142021_ST_B3_11x30",0.014954353691761,0.087363747256743,0.0343738567654282,0.0362065155621788,0.0347766791890011,0.207000022618667,0.0265730382356809,0.33130441675816,0.22744736992238,"Human_Breast_Andersson_10142021_ST_B3"
"Human_Breast_Andersson_10142021_ST_B3_11x31",0.0564178548660037,0.0834140222676492,0.0393254340895705,0.0286892878031817,0.0148502946426553,0.216046496336963,0.0552356914887085,0.333024083423343,0.172996835081926,"Human_Breast_Andersson_10142021_ST_B3"
"Human_Breast_Andersson_10142021_ST_B3_12x16",0.0839763137079488,0.106897345727566,0.188103887058746,0.092342668481665,0.0145448345799564,0.260828581013939,0.0187686728693054,0.0821651996644572,0.152372496896417,"Human_Breast_Andersson_10142021_ST_B3"
"Human_Breast_Andersson_10142021_ST_B3_12x17",0.0449121232244114,0.0966210951369355,0.292851533497595,0.0294491726231551,0.00402651907454851,0.254981177668808,0.00945236781651934,0.0619882092672332,0.205717801690794,"Human_Breast_Andersson_10142021_ST_B3"
"Human_Breast_Andersson_10142021_ST_B3_12x18",0.0543069228358363,0.0575324584153308,0.244896733721611,0.000796853729164652,0.00108778687527829,0.156763984227142,0.00974904461504372,0.314136376586424,0.160729838994168,"Human_Breast_Andersson_10142021_ST_B3"
"Human_Breast_Andersson_10142021_ST_B3_12x19",0.374675373571527,0.233550301761388,0.1112290092106,0.0323623000155225,0.00231835428087162,0.00458913048849763,0.0389697248076787,0.0866096238499507,0.115696182013964,"Human_Breast_Andersson_10142021_ST_B3"
"Human_Breast_Andersson_10142021_ST_B3_12x20",0.0861566827314085,0.132164237530426,0.0550778550988078,0.0811292131262963,0.0494641253327889,0.105665948567432,0.0388286986293108,0.320375457652301,0.131137781331229,"Human_Breast_Andersson_10142021_ST_B3"
"Human_Breast_Andersson_10142021_ST_B3_12x21",0.006155331496708,0.066431967491118,0.120089007075375,0.00976337281379605,0.00185363008494567,0.0859134487857168,0.0110326260345683,0.636903757817375,0.0618568584003976,"Human_Breast_Andersson_10142021_ST_B3"
"Human_Breast_Andersson_10142021_ST_B3_12x22",0.00715227739797283,0.187063114738439,0.00304314725179514,0.0185059708477682,0.0678101952624975,0.0299904069524385,0.030124603903205,0.509269501652159,0.147040781993725,"Human_Breast_Andersson_10142021_ST_B3"
"Human_Breast_Andersson_10142021_ST_B3_12x23",0.0180436619508703,0.250525148278689,0.00627167909543917,0.00568973208072021,0.00403704658098988,0.122085075317773,0.0385830712794243,0.443241039164052,0.111523546252042,"Human_Breast_Andersson_10142021_ST_B3"
"Human_Breast_Andersson_10142021_ST_B3_12x24",0.179628748089865,0.109445245174486,0.0861555197138375,0.00381143399433499,0.00551573772009605,0.149252318517007,0.0775539664614115,0.214494299526174,0.174142730802788,"Human_Breast_Andersson_10142021_ST_B3"
"Human_Breast_Andersson_10142021_ST_B3_12x25",0.093420566760664,0.130911554491626,0.0315648665955318,0.0063673602522511,0.00374518440546373,0.100699504349347,0.0521145763546505,0.479899206573883,0.101277180216583,"Human_Breast_Andersson_10142021_ST_B3"
"Human_Breast_Andersson_10142021_ST_B3_12x26",0.0331543419124168,0.143043969449622,0.0187368293796926,0.0347579909590669,0.0280350206220864,0.12857116955718,0.050181009234814,0.437035960060052,0.126483708825069,"Human_Breast_Andersson_10142021_ST_B3"
"Human_Breast_Andersson_10142021_ST_B3_12x27",0.0444959624463288,0.0917193542647406,0.00712564186008531,0.255128656281901,0.217129607645122,0.0765398996527104,0.0491352603541366,0.129498900418046,0.129226717076929,"Human_Breast_Andersson_10142021_ST_B3"
"Human_Breast_Andersson_10142021_ST_B3_12x28",0.00845829859188697,0.159696944102867,0.0397828485038847,0.203064160355658,0.0355714808752089,0.120999152752581,0.0378693934425264,0.243564417370741,0.150993304004645,"Human_Breast_Andersson_10142021_ST_B3"
"Human_Breast_Andersson_10142021_ST_B3_12x29",0.00373122634095767,0.0986612393302077,0.00158793880623442,0.00934195220040652,0.0125976678129059,0.142292105280629,0.0352760590706962,0.543674282839964,0.152837528317998,"Human_Breast_Andersson_10142021_ST_B3"
"Human_Breast_Andersson_10142021_ST_B3_12x30",0.0132464784371181,0.0644314110499912,0.0270339595344765,0.0792367763378051,0.0376009440216119,0.221064866119323,0.050638574583273,0.307629159864167,0.199117830052235,"Human_Breast_Andersson_10142021_ST_B3"
"Human_Breast_Andersson_10142021_ST_B3_12x31",0.0202859288979446,0.0926399925922261,0.0146518532364158,0.00324737848939179,0.00616236093487911,0.111114071574416,0.0585367123290133,0.491943643582324,0.201418058363389,"Human_Breast_Andersson_10142021_ST_B3"
"Human_Breast_Andersson_10142021_ST_B3_13x17",0.0233828477648036,0.756588409758406,0.0045485304204927,0.00927572203492027,0.0319342204419792,0.0428389760279949,0.0892875225497661,0.0182306933600705,0.0239130776415663,"Human_Breast_Andersson_10142021_ST_B3"
"Human_Breast_Andersson_10142021_ST_B3_13x19",0.0220432296834426,0.512333764841681,0.0268434815689544,0.0118397817460453,0.000659968283702907,0.029482159906323,0.0572996815032716,0.0522908342059119,0.287207098260667,"Human_Breast_Andersson_10142021_ST_B3"
"Human_Breast_Andersson_10142021_ST_B3_13x20",0.0631820221448324,0.0216517370204441,0.0121297115615701,0.000354527061899072,0.00083788123610625,0.0690182541637085,0.00715621624392639,0.788471580860777,0.037198069706736,"Human_Breast_Andersson_10142021_ST_B3"
"Human_Breast_Andersson_10142021_ST_B3_13x21",0.00396165000094401,0.0661098370899473,0.00713761490268841,0.0659781757268525,0.17257820297246,0.23411842711654,0.0858828970566569,0.134946367267967,0.229286827865944,"Human_Breast_Andersson_10142021_ST_B3"
"Human_Breast_Andersson_10142021_ST_B3_13x22",0.0180206836135179,0.0963295350193342,0.023283598755101,0.18228616872701,0.018720219507302,0.216434120087411,0.00760159346590057,0.256241976942697,0.181082103881727,"Human_Breast_Andersson_10142021_ST_B3"
"Human_Breast_Andersson_10142021_ST_B3_13x23",0.0543665026275586,0.103664120121823,0.00843197251160337,0.0800411747732204,0.0148746058695394,0.171823464210396,0.0483356625985082,0.255346903815518,0.263115593471833,"Human_Breast_Andersson_10142021_ST_B3"
"Human_Breast_Andersson_10142021_ST_B3_13x24",0.0531215019034148,0.141118286860022,0.0199091531404676,0.0112211526005517,0.230396832727431,0.181713635760772,0.0225256860948989,0.268901596337635,0.0710921545748073,"Human_Breast_Andersson_10142021_ST_B3"
"Human_Breast_Andersson_10142021_ST_B3_13x25",0.0149946205012157,0.173288348848206,0.00364168201601094,0.0107211575015526,0.00987012320103664,0.078609054047954,0.0532537052232031,0.505820115973084,0.149801192687737,"Human_Breast_Andersson_10142021_ST_B3"
"Human_Breast_Andersson_10142021_ST_B3_13x26",0.0941939902677914,0.140044702705708,0.0654228088864204,0.02011830341862,0.00888169442211266,0.226606664093502,0.135518638717043,0.106744575439535,0.202468622049267,"Human_Breast_Andersson_10142021_ST_B3"
"Human_Breast_Andersson_10142021_ST_B3_13x27",0.0422514353395536,0.119284216020392,0.00803735080602187,0.0332830384060544,0.0175921180692381,0.172648420816791,0.24031060489323,0.257774220784686,0.108818594864034,"Human_Breast_Andersson_10142021_ST_B3"
"Human_Breast_Andersson_10142021_ST_B3_13x28",0.00697811177561029,0.097349774973456,0.0161754437613514,0.00339655886783013,0.0025612108858324,0.0214888400661757,0.487424091335658,0.3471348526242,0.0174911157098853,"Human_Breast_Andersson_10142021_ST_B3"
"Human_Breast_Andersson_10142021_ST_B3_13x29",0.00962874867308224,0.0636350185975333,0.0179113031489331,0.0204238538522009,0.0173568668784927,0.148137079950448,0.0134263292867805,0.43865465115823,0.2708261484543,"Human_Breast_Andersson_10142021_ST_B3"
"Human_Breast_Andersson_10142021_ST_B3_13x30",0.121545945848698,0.135594105029481,0.170620537155964,0.0116421589700658,0.0206065708200711,0.161718431463606,0.0204003904901989,0.218705576392675,0.13916628382924,"Human_Breast_Andersson_10142021_ST_B3"
"Human_Breast_Andersson_10142021_ST_B3_13x31",0.183145878077062,0.120216571756191,0.0518920996161431,0.00784863115388074,0.0105024797366425,0.181503702934611,0.0262732645338406,0.325484241231587,0.0931331309600419,"Human_Breast_Andersson_10142021_ST_B3"
"Human_Breast_Andersson_10142021_ST_B3_14x17",0.131842145681275,0.00779696668472319,0.00872102681036136,6.94410750888501e-05,0.0022294670231079,0.0325497719059992,0.0061009885655986,0.72088083400475,0.089809358249096,"Human_Breast_Andersson_10142021_ST_B3"
"Human_Breast_Andersson_10142021_ST_B3_14x20",0.154319574798131,0.0330300925323749,0.0575628628951852,0.000626677264924666,0.00626446786230959,0.0771605540675978,0.131791545124248,0.421503142491762,0.117741082963467,"Human_Breast_Andersson_10142021_ST_B3"
"Human_Breast_Andersson_10142021_ST_B3_14x21",0.0099344213481455,0.0958511093759614,0.0131747375425274,0.00262968447646343,0.00197432365767905,0.0714974818981717,0.0939153604280478,0.47567944287197,0.235343438401034,"Human_Breast_Andersson_10142021_ST_B3"
"Human_Breast_Andersson_10142021_ST_B3_14x22",0.0294553368779502,0.152134848118442,0.0249689348427761,0.0123459130160567,0.0235996278365904,0.103669894882639,0.031305182836951,0.500235220909676,0.122285040678919,"Human_Breast_Andersson_10142021_ST_B3"
"Human_Breast_Andersson_10142021_ST_B3_14x24",0.0202371847538434,0.330760802789175,0.0034829260091056,0.0386575696027824,0.14583761066429,0.212903862585866,0.0850184133264848,0.00772143361027317,0.155380196658179,"Human_Breast_Andersson_10142021_ST_B3"
"Human_Breast_Andersson_10142021_ST_B3_14x25",0.0492330252218845,0.236284257417607,0.0177921604965162,0.0503993868789345,0.037164129803032,0.122306635966552,0.16890362627657,0.283997614372309,0.0339191635665952,"Human_Breast_Andersson_10142021_ST_B3"
"Human_Breast_Andersson_10142021_ST_B3_14x26",0.0747567487687075,0.0570486478885361,0.0282652886695211,0.00629967809518962,0.0240531458528008,0.07639061474807,0.51534622941161,0.165509018169936,0.0523306283956281,"Human_Breast_Andersson_10142021_ST_B3"
"Human_Breast_Andersson_10142021_ST_B3_14x27",0.0991411691885467,0.0433452805610563,0.0188411046502749,0.00766716321551785,0.0196608930463298,0.116921577903714,0.574832858633255,0.0672616782618973,0.0523282745394086,"Human_Breast_Andersson_10142021_ST_B3"
"Human_Breast_Andersson_10142021_ST_B3_14x28",0.0200644352454893,0.0213134518722393,0.00244743002429177,0.00453573752083534,0.00469159339124552,0.0183868493890314,0.807898772471278,0.108861814076126,0.0117999160094635,"Human_Breast_Andersson_10142021_ST_B3"
"Human_Breast_Andersson_10142021_ST_B3_14x29",0.0650007386468335,0.089163636318604,0.0408599871114374,0.0493226584240673,0.0381933822874674,0.209464776178341,0.0456575252403465,0.20761022002937,0.254727075763533,"Human_Breast_Andersson_10142021_ST_B3"
"Human_Breast_Andersson_10142021_ST_B3_14x30",0.0399686749277145,0.107068113695187,0.137853671413118,0.0373516680722317,0.116173279854868,0.151754418743194,0.0769390556298327,0.280675302098108,0.0522158155657463,"Human_Breast_Andersson_10142021_ST_B3"
"Human_Breast_Andersson_10142021_ST_B3_14x31",0.0152150512526026,0.142529534701742,0.00471927651480239,0.00591439888216123,0.00251494528071027,0.283509945488923,0.0920253827998095,0.361582672496442,0.091988792582806,"Human_Breast_Andersson_10142021_ST_B3"
"Human_Breast_Andersson_10142021_ST_B3_15x17",0.00893192222542087,0.184488220862493,0.000222127845907251,0.01085132214733,0.00173327723707599,0.0186101595030505,0.0478438062632008,0.542643806624478,0.184675357291044,"Human_Breast_Andersson_10142021_ST_B3"
"Human_Breast_Andersson_10142021_ST_B3_15x18",0.166869672997444,0.199362642851283,0.000888005937295751,0.0845991872998392,0.3486286416423,0.0688936992246256,0.00621704918083571,0.0312103338243898,0.0933307670419861,"Human_Breast_Andersson_10142021_ST_B3"
"Human_Breast_Andersson_10142021_ST_B3_15x19",0.0473531895470134,0.147869175418036,0.0380711864371678,0.000589650753768681,0.000978438776159059,0.268997842761177,0.00559015542069568,0.472502189236063,0.0180481716499189,"Human_Breast_Andersson_10142021_ST_B3"
"Human_Breast_Andersson_10142021_ST_B3_15x20",0.000112427097338226,0.0161526740281819,0.0183143111388929,0.0322977488740391,0.022924146895038,0.00439885894240673,0.276270659737522,0.272410496050152,0.357118677236429,"Human_Breast_Andersson_10142021_ST_B3"
"Human_Breast_Andersson_10142021_ST_B3_15x21",0.0040162573008976,0.0349974793037336,0.129776735382586,0.00711353770405803,0.000796808240790566,0.105628012339277,0.0109458904089565,0.619370542002482,0.0873547373172192,"Human_Breast_Andersson_10142021_ST_B3"
"Human_Breast_Andersson_10142021_ST_B3_15x22",0.00326854415864506,0.0462043871769077,0.00242866175730447,0.00682969266975985,0.032383383937288,0.1733371238121,0.123849531015105,0.477265425051843,0.134433250421047,"Human_Breast_Andersson_10142021_ST_B3"
"Human_Breast_Andersson_10142021_ST_B3_15x23",0.0104778014992419,0.0868825059000263,0.011600319105634,0.0218555786750255,0.089675277270927,0.120939287487118,0.0275878296480295,0.580659273672863,0.0503221267411355,"Human_Breast_Andersson_10142021_ST_B3"
"Human_Breast_Andersson_10142021_ST_B3_15x24",0.00945151614708345,0.191324185702287,0.00641536563269745,0.027313828493324,0.0242718946886907,0.200429510443835,0.242844108484422,0.197767468086195,0.100182122321465,"Human_Breast_Andersson_10142021_ST_B3"
"Human_Breast_Andersson_10142021_ST_B3_15x25",0.0861853070175908,0.147183257478136,0.00509888126408366,0.00809374840239084,0.00460830786240183,0.0769994561244533,0.318107112536943,0.333100102199137,0.0206238271148634,"Human_Breast_Andersson_10142021_ST_B3"
"Human_Breast_Andersson_10142021_ST_B3_15x26",0.0364693589516123,0.197074693012475,0.0203634850682651,0.00776265914590206,0.00486493091635811,0.0334419068014374,0.309863625805372,0.329690242841669,0.0604690974569092,"Human_Breast_Andersson_10142021_ST_B3"
"Human_Breast_Andersson_10142021_ST_B3_15x27",0.197627203997994,0.181425626693581,0.0657367397213954,0.00357836724664132,0.00132885040682463,0.11675158302459,0.130875684029107,0.203479619753146,0.0991963251267197,"Human_Breast_Andersson_10142021_ST_B3"
"Human_Breast_Andersson_10142021_ST_B3_15x28",0.00588316932502496,0.0784169105413902,0.012864770345489,0.00165367462234653,0.00150128817025734,0.14153084864978,0.103366801522959,0.572378129698591,0.0824044071241618,"Human_Breast_Andersson_10142021_ST_B3"
"Human_Breast_Andersson_10142021_ST_B3_15x29",0.00762745769783858,0.0606516822474159,0.0038935919734608,0.0033555531525204,0.126230002565165,0.0651705249190832,0.136917030129022,0.454212460219005,0.14194169709649,"Human_Breast_Andersson_10142021_ST_B3"
"Human_Breast_Andersson_10142021_ST_B3_15x30",0.0836687493255607,0.139271622075731,0.0587363916970552,0.0103222619480667,0.00129934069295126,0.178735327546301,0.332574410349107,0.10014446347225,0.0952474328929781,"Human_Breast_Andersson_10142021_ST_B3"
"Human_Breast_Andersson_10142021_ST_B3_16x18",0.0650725753798834,0.0437753271603966,0.00502162572361159,9.8956665708964e-05,3.49576892845075e-05,0.10748549167259,0.00222644634365218,0.755934243287201,0.0203503760776714,"Human_Breast_Andersson_10142021_ST_B3"
"Human_Breast_Andersson_10142021_ST_B3_16x19",0.00853571651729228,0.0527379776487805,0.000605969578952224,0.048702708041061,0.00413955365813439,0.0937855514807661,0.128490821434005,0.470445805104768,0.192555896536241,"Human_Breast_Andersson_10142021_ST_B3"
"Human_Breast_Andersson_10142021_ST_B3_16x20",0.0426373799411061,0.053593185184265,0.00601270611934824,0.00217470004485704,0.00140227502808142,0.0995929564043799,0.241887454186418,0.350309306714475,0.202390036377069,"Human_Breast_Andersson_10142021_ST_B3"
"Human_Breast_Andersson_10142021_ST_B3_16x22",0.0677267866847855,0.0812038661879679,0.00246404878828674,0.0115981248666235,0.00912124260808528,0.294737226312839,0.0646400434715365,0.0713878315697426,0.397120829510133,"Human_Breast_Andersson_10142021_ST_B3"
"Human_Breast_Andersson_10142021_ST_B3_16x23",0.00431676550137517,0.0298097287748934,0.00448885078830147,0.00226970017788222,0.00017460252604563,0.107827962061675,0.0244880338164498,0.718950419713113,0.107673936640264,"Human_Breast_Andersson_10142021_ST_B3"
"Human_Breast_Andersson_10142021_ST_B3_16x25",0.143373452993607,0.174226117342277,0.146180649042192,0.0702263972799888,0.00347816957088017,0.207876988827907,0.0977760220143485,0.000445014868462825,0.156417188060336,"Human_Breast_Andersson_10142021_ST_B3"
"Human_Breast_Andersson_10142021_ST_B3_16x26",0.00403827718047455,0.0343683061783661,0.0764613790676885,0.135760293222146,0.149297945826289,0.0586755386550557,0.0200588104321003,0.423953745749904,0.0973857036879758,"Human_Breast_Andersson_10142021_ST_B3"
"Human_Breast_Andersson_10142021_ST_B3_16x27",0.167178921116304,0.0715709952960388,0.0716991263273454,0.00881641265135251,0.00272252281106688,0.198604796650802,0.0270237309083254,0.151776853972778,0.300606640265987,"Human_Breast_Andersson_10142021_ST_B3"
"Human_Breast_Andersson_10142021_ST_B3_16x28",0.0177037620796469,0.0930124226604844,0.042769106257321,0.029045862407508,0.0718579815544016,0.161945415879389,0.0706404057667368,0.421655752284571,0.0913692911099414,"Human_Breast_Andersson_10142021_ST_B3"
"Human_Breast_Andersson_10142021_ST_B3_16x29",0.19633762372789,0.0501218116403926,0.00295754492000028,0.00691952713165523,0.342513776796924,0.000507280901013491,0.0227490463092502,0.243477924094994,0.134415464477881,"Human_Breast_Andersson_10142021_ST_B3"
"Human_Breast_Andersson_10142021_ST_B3_16x30",0.0162476256620955,0.105934149917011,0.0058215648457157,0.0319585020198351,0.131478036843023,0.0448645778707526,0.192911541731478,0.383716014193039,0.0870679869170514,"Human_Breast_Andersson_10142021_ST_B3"
"Human_Breast_Andersson_10142021_ST_B3_17x22",0.00327221479399324,0.00409590269336208,0.0168535965363824,0.000504073456970079,0.00205871680286414,0.101160440902902,0.0671326018129026,0.528193684095712,0.276728768904911,"Human_Breast_Andersson_10142021_ST_B3"
"Human_Breast_Andersson_10142021_ST_B3_17x23",0.0064620072039959,0.0558915524836144,0.0202897917444411,0.00206137343174204,0.000650466906666082,0.205819362546793,0.0444623910143546,0.420156906877324,0.244206147791068,"Human_Breast_Andersson_10142021_ST_B3"
"Human_Breast_Andersson_10142021_ST_B3_17x25",0.00620089070701689,0.0521211285171396,0.0127598692465534,0.0020496555547364,0.00100488282185566,0.0349025780762748,0.0731445064058708,0.700329144174509,0.117487344496043,"Human_Breast_Andersson_10142021_ST_B3"
"Human_Breast_Andersson_10142021_ST_B3_17x26",0.0483662715504002,0.0450756159633773,0.0222868473463656,0.0365575650040609,0.0907688064094798,0.131215907310542,0.0870906636120746,0.48901548012225,0.0496228426814498,"Human_Breast_Andersson_10142021_ST_B3"
"Human_Breast_Andersson_10142021_ST_B3_17x27",0.0609178685582003,0.0117989621421055,0.00922659988798962,0.00116799247145932,0.040792072045798,0.113135397133786,0.0176943112108428,0.450790611929494,0.294476184620325,"Human_Breast_Andersson_10142021_ST_B3"
"Human_Breast_Andersson_10142021_ST_B3_17x28",0.00241410190552348,0.0849607750712351,0.00241698641522602,0.0121373338409646,0.00283067278386749,0.0703006713213647,0.0156225114765877,0.697554079630934,0.111762867554297,"Human_Breast_Andersson_10142021_ST_B3"
"Human_Breast_Andersson_10142021_ST_B3_17x29",0.0046463910287055,0.0746688229147189,0.0682761876611327,0.0153332510454841,0.0160427095394349,0.152621684048531,0.0331849400158773,0.534238716150905,0.100987297595211,"Human_Breast_Andersson_10142021_ST_B3"
"Human_Breast_Andersson_10142021_ST_B3_17x30",0.0169447522720585,0.142741927593952,0.0100010125120327,0.113876092204441,0.0114661601377415,0.250463512454857,0.105795128984137,0.174698252794593,0.174013161046187,"Human_Breast_Andersson_10142021_ST_B3"
"Human_Breast_Andersson_10142021_ST_B3_18x18",0.207887057832829,0.00926524430974017,0.00944155483242889,0.00270895592178064,0.162569591604651,0.0779051999853313,0.144769172209975,0.222705994854014,0.162747228449249,"Human_Breast_Andersson_10142021_ST_B3"
"Human_Breast_Andersson_10142021_ST_B3_18x19",0.000229007927098535,0.148048965037551,0.00010538632073852,0.00396815916782946,0.0264646528285926,0.00969087763565541,0.00525379009847325,0.72565451678803,0.0805846441960317,"Human_Breast_Andersson_10142021_ST_B3"
"Human_Breast_Andersson_10142021_ST_B3_18x22",0.0069533800562065,0.0354187214284465,0.0142377707408257,0.0081782020431511,0.0398564521454292,0.110287668684991,0.0942514444775804,0.512009873316272,0.178806487107098,"Human_Breast_Andersson_10142021_ST_B3"
"Human_Breast_Andersson_10142021_ST_B3_18x23",0.00010448359281855,0.0111464202684655,0.000431379527046709,0.00240912393663277,9.22243614480961e-05,0.0505982746965398,0.0223810654889639,0.857676845220424,0.0551601829076612,"Human_Breast_Andersson_10142021_ST_B3"
"Human_Breast_Andersson_10142021_ST_B3_18x24",0.0314336431616172,0.0464971770136414,0.00583066778550477,0.00163482243266359,0.0113119045402383,0.0207345424998056,0.0542792536728561,0.693733243029129,0.134544745864544,"Human_Breast_Andersson_10142021_ST_B3"
"Human_Breast_Andersson_10142021_ST_B3_18x25",0.0258680102207453,0.0770182543262288,0.0472046158111075,0.18372604981826,0.0312537140341693,0.0766392966328723,0.0614071548092613,0.260058048579783,0.236824855767572,"Human_Breast_Andersson_10142021_ST_B3"
"Human_Breast_Andersson_10142021_ST_B3_18x26",0.00575679630063006,0.0375589782706338,0.00750537170334645,0.00742958640247896,0.00276658088086377,0.290534235847174,0.22747275498306,5.45351174524928e-05,0.42092116049436,"Human_Breast_Andersson_10142021_ST_B3"
"Human_Breast_Andersson_10142021_ST_B3_18x27",0.00405141157917572,0.255507797601491,0.105469795113431,0.000441895341776452,0.026512507185504,0.233120959853119,0.102755903111563,0.000547850255595499,0.271591879958345,"Human_Breast_Andersson_10142021_ST_B3"
"Human_Breast_Andersson_10142021_ST_B3_18x28",0.0141786526752353,0.0297150723858287,0.0179368532359023,0.00921611586178278,0.00146023521494437,0.0742538574581594,0.0203544368685554,0.632578301865299,0.200306474434292,"Human_Breast_Andersson_10142021_ST_B3"
"Human_Breast_Andersson_10142021_ST_B3_18x30",0.00661323000589574,0.197396181423411,0.0684510582178479,0.0090359906458076,0.00132210218878393,0.246730488025334,0.0463096610500428,0.213236666854966,0.210904621587911,"Human_Breast_Andersson_10142021_ST_B3"
"Human_Breast_Andersson_10142021_ST_B3_19x19",0.00478343870728933,0.20030721223987,0.00183985243985831,0.00951649840808752,0.0260861380058369,0.190545665155719,0.244419973769149,0.00728296499926288,0.315218256274927,"Human_Breast_Andersson_10142021_ST_B3"
"Human_Breast_Andersson_10142021_ST_B3_19x23",0.0121891271795361,0.034169624564464,0.0279310858844788,0.00166262509301294,0.00551189391916948,0.108856766233348,0.0469121302135169,0.649992196649987,0.112774550262486,"Human_Breast_Andersson_10142021_ST_B3"
"Human_Breast_Andersson_10142021_ST_B3_19x24",0.0155391692680708,0.143151392537373,0.0228708181776536,0.00909006593802599,0.0237818590729321,0.0279772744652362,0.010707646922068,0.545615457553316,0.201266316065324,"Human_Breast_Andersson_10142021_ST_B3"
"Human_Breast_Andersson_10142021_ST_B3_19x25",0.00647332869061352,0.128473579686017,0.00970293074996819,0.00106746273201882,0.00835118270878554,0.00630271580488966,0.0358389643988295,0.481080951430542,0.322708883798336,"Human_Breast_Andersson_10142021_ST_B3"
"Human_Breast_Andersson_10142021_ST_B3_19x27",0.00756286883668968,0.118710321048074,0.0215171802723837,0.00137846058358869,0.0376575814750463,0.236248187419713,0.105257837741242,0.236955609105843,0.23471195351742,"Human_Breast_Andersson_10142021_ST_B3"
"Human_Breast_Andersson_10142021_ST_B3_19x28",0.00639926278028505,0.0442175640873193,0.00509770994310556,0.0130067035199425,0.0163583337533881,0.0564894623087875,0.100656248975321,0.515748910315044,0.242025804316808,"Human_Breast_Andersson_10142021_ST_B3"
"Human_Breast_Andersson_10142021_ST_B3_19x29",0.0200486934532061,0.0459811327649593,0.0715085930825813,0.07347662093512,0.0231286158452523,0.200639423598475,0.0470836957854199,0.386711636139294,0.131421588395691,"Human_Breast_Andersson_10142021_ST_B3"
"Human_Breast_Andersson_10142021_ST_B3_19x30",0.0222521202965506,0.160575298555759,0.0143109760136291,0.00179992865637615,0.0281060194898617,0.26620717349307,0.117865450500594,0.124906322527493,0.263976710466666,"Human_Breast_Andersson_10142021_ST_B3"
"Human_Breast_Andersson_10142021_ST_B3_20x19",0.000458367682769333,0.109157862069295,0.038933787426644,7.32371688565462e-05,0.000116445463705303,0.192583376160455,0.189100649056599,0.269257788042446,0.20031848692923,"Human_Breast_Andersson_10142021_ST_B3"
"Human_Breast_Andersson_10142021_ST_B3_20x20",0.0747331331983677,0.0500700025439514,0.0629653479679182,0.0203056374772822,0.00448774686597099,0.145741530037166,0.0588764674030045,0.430250315247834,0.152569819258506,"Human_Breast_Andersson_10142021_ST_B3"
"Human_Breast_Andersson_10142021_ST_B3_20x22",0.00840733602259831,0.143212272337206,0.0174335461072066,0.00206311686757045,0.00531697351645483,0.140778707330849,0.0867982617697622,0.363808180587538,0.232181605460814,"Human_Breast_Andersson_10142021_ST_B3"
"Human_Breast_Andersson_10142021_ST_B3_20x23",0.0778128039845398,0.146005153269044,0.0295828395279966,0.0847514178271441,0.0247239189237065,0.0834544386578478,0.034468165687909,0.179436438507921,0.33976482361389,"Human_Breast_Andersson_10142021_ST_B3"
"Human_Breast_Andersson_10142021_ST_B3_20x24",0.0247710233354587,0.0160823334075029,0.00906349910911597,0.00108482374140876,0.00253968654888847,0.153140190938294,0.0193330104873315,0.395860594946668,0.378124837485332,"Human_Breast_Andersson_10142021_ST_B3"
"Human_Breast_Andersson_10142021_ST_B3_20x25",0.0459138935706786,0.0634374744077879,0.0587315555725256,0.00758981246684957,0.00611595066583964,0.0740358035724527,0.00718388032358597,0.608148829225769,0.128842800194511,"Human_Breast_Andersson_10142021_ST_B3"
"Human_Breast_Andersson_10142021_ST_B3_20x26",0.0134249259388389,0.0770652128750746,0.0559262099105888,0.00379009426149209,0.00427211966051301,0.151066448033681,0.0670558488825725,0.383690874332705,0.243708266104534,"Human_Breast_Andersson_10142021_ST_B3"
"Human_Breast_Andersson_10142021_ST_B3_20x29",0.0717865956373006,0.0294428589746663,0.0900003357656453,0.00286037053477565,0.0727380891312687,0.114471809197827,0.0263914414049815,0.308215563518369,0.284092935835166,"Human_Breast_Andersson_10142021_ST_B3"
"Human_Breast_Andersson_10142021_ST_B3_21x21",0.0715753018907257,0.00670442998243265,0.0045440241529883,0.071203315862615,0.0200256201125383,0.149612559828145,0.0753098542446964,0.339366545893837,0.261658348032021,"Human_Breast_Andersson_10142021_ST_B3"
"Human_Breast_Andersson_10142021_ST_B3_21x22",0.013315001927631,0.0476928570132482,0.0271461403176125,0.0245835039695434,0.133745134651774,0.0546668706989539,0.0159933411471237,0.518301580136719,0.164555570137394,"Human_Breast_Andersson_10142021_ST_B3"
"Human_Breast_Andersson_10142021_ST_B3_21x23",0.146064907277931,0.0584387884260182,0.0272313002990778,0.0036181179681145,0.00226490154399866,0.309442884870073,0.0664362771812961,0.0915493670031845,0.294953455430306,"Human_Breast_Andersson_10142021_ST_B3"
"Human_Breast_Andersson_10142021_ST_B3_21x24",0.0110262821704769,0.118413568209956,0.072064678504268,0.0521105462355508,0.0134797258337343,0.195852127806084,0.0326258560152097,0.252915133534067,0.251512081690653,"Human_Breast_Andersson_10142021_ST_B3"
"Human_Breast_Andersson_10142021_ST_B3_21x25",0.0618492955127254,0.117740846522168,0.0161615911387326,0.00356646057522894,0.0215095787453975,0.0437668630678995,0.0343395431162496,0.56319014155415,0.137875679767449,"Human_Breast_Andersson_10142021_ST_B3"
"Human_Breast_Andersson_10142021_ST_B3_21x26",0.0156591262412759,0.0973449617541852,0.0606002268531247,0.00720187286944631,0.00304794573662883,0.163980733656747,0.126960414659882,0.231628352197602,0.293576366031107,"Human_Breast_Andersson_10142021_ST_B3"
"Human_Breast_Andersson_10142021_ST_B3_21x27",0.000676323687230622,0.0522133274867712,0.00217320526337945,0.00200399283168376,0.0786276648586246,0.199070154887543,0.10210680595174,0.0746051609852063,0.488523364047821,"Human_Breast_Andersson_10142021_ST_B3"
"Human_Breast_Andersson_10142021_ST_B3_21x28",0.0668100515167825,0.206367338527094,0.0155529375522686,0.0724803496380201,0.036462728762332,0.279756232248073,0.0235941872128187,0.00368271764057102,0.29529345690204,"Human_Breast_Andersson_10142021_ST_B3"
"Human_Breast_Andersson_10142021_ST_B3_21x29",0.0103492752152869,0.108107584497796,0.0105900820932898,0.104397383047042,0.0131360673346678,0.256951515590722,0.0635675757649709,0.075295208612337,0.357605307843887,"Human_Breast_Andersson_10142021_ST_B3"
"Human_Breast_Andersson_10142021_ST_B3_22x20",0.10657452723438,0.0827745885974704,0.00151041877605752,0.18436317482914,0.0564380414756598,0.0641815933829974,0.248612990173713,0.11419396068187,0.141350704848712,"Human_Breast_Andersson_10142021_ST_B3"
"Human_Breast_Andersson_10142021_ST_B3_22x21",0.00515101862785686,0.168466889824006,0.00642699496410331,0.00260825560930996,0.00765934236516387,0.0831251107911156,0.183923984408056,0.221227830380294,0.321410573030095,"Human_Breast_Andersson_10142021_ST_B3"
"Human_Breast_Andersson_10142021_ST_B3_22x23",0.000677439259424321,0.00980963368129992,0.00179215150663691,0.0262712460179962,0.00390885897661071,0.104713150780066,0.0439915982644303,0.495612876171502,0.313223045342034,"Human_Breast_Andersson_10142021_ST_B3"
"Human_Breast_Andersson_10142021_ST_B3_22x25",0.0176860751737818,0.015742681533461,0.00671504613582142,0.0122419009566972,0.0539499262411781,0.194139891795899,0.121822803259759,0.370523158984822,0.20717851591858,"Human_Breast_Andersson_10142021_ST_B3"
"Human_Breast_Andersson_10142021_ST_B3_22x26",0.00427395587653543,0.0127455441445682,0.00513490863516858,0.0105533026179582,0.00330233131525742,0.235329472750377,0.00904133145170298,0.42541171471873,0.294207438489702,"Human_Breast_Andersson_10142021_ST_B3"
"Human_Breast_Andersson_10142021_ST_B3_22x27",0.0235751084280255,0.286365776401666,0.00166619541537766,0.0179886323046059,0.00344483369182591,0.185995107630844,0.0106613112035851,0.188615647509396,0.281687387414674,"Human_Breast_Andersson_10142021_ST_B3"
"Human_Breast_Andersson_10142021_ST_B3_22x28",0.0457850772544933,0.0985220058347063,0.0588901124821653,0.020939680909407,0.0374399190497665,0.158997334857843,0.0360719567869997,0.391601089567556,0.151752823257063,"Human_Breast_Andersson_10142021_ST_B3"
"Human_Breast_Andersson_10142021_ST_B3_22x29",0.0106117789233117,0.0373926857408503,0.100800549984595,0.00320613915659983,0.00307319311942977,0.0626221659190799,0.0441721881314491,0.566608942701002,0.171512356323683,"Human_Breast_Andersson_10142021_ST_B3"
"Human_Breast_Andersson_10142021_ST_B3_23x22",0.00262270424798915,0.00324338037229379,0.0195257433442844,0.00359838738957655,0.00486786629655862,0.13952422934782,0.143431675970314,0.317814112462104,0.365371900569059,"Human_Breast_Andersson_10142021_ST_B3"
"Human_Breast_Andersson_10142021_ST_B3_23x23",0.0154455090824075,0.0595587812009983,0.0379146931859548,0.00522814405946993,0.0206875122642925,0.152997769104941,0.0813210669439579,0.260862988648105,0.365983535509872,"Human_Breast_Andersson_10142021_ST_B3"
"Human_Breast_Andersson_10142021_ST_B3_23x25",0.0789360359627872,0.11781622512891,0.0182902357476817,0.0250479591067149,0.0128849457907897,0.108233193446879,0.0230929240428443,0.471317444006463,0.14438103676693,"Human_Breast_Andersson_10142021_ST_B3"
"Human_Breast_Andersson_10142021_ST_B3_23x26",0.0972493544975757,0.0270484519568834,0.00654616445452999,0.00219826348949735,0.00149699281995864,0.0487290238081901,0.0161542396603101,0.576544837478978,0.224032671834077,"Human_Breast_Andersson_10142021_ST_B3"
"Human_Breast_Andersson_10142021_ST_B3_23x29",0.0628597535082421,0.0584473567318982,0.0553466591261655,0.0348083161889111,0.0199762836872532,0.159082677331402,0.038754355417807,0.284654960188838,0.286069637819483,"Human_Breast_Andersson_10142021_ST_B3"
