"","Endothelial","CAFs","PVL","B-cells","T-cells","Myeloid","Normal Epithelial","Plasmablasts","Cancer Epithelial","sid"
"Human_Breast_He_06222020_ST_BC23270_D2_23x20",0.0458660674259536,0.0852745808934855,0.0148449593665087,0.110205264028012,0.0183148548667742,0.070943739256618,0.135309462781186,0.42138490706393,0.0978561643175323,"Human_Breast_He_06222020_ST_BC23270_D2"
"Human_Breast_He_06222020_ST_BC23270_D2_23x21",0.0482394998634409,0.179547756245236,0.0216903376384012,0.0774393953955288,0.0160539975873325,0.105153766730539,0.0646958930021895,0.342346863029561,0.144832490507771,"Human_Breast_He_06222020_ST_BC23270_D2"
"Human_Breast_He_06222020_ST_BC23270_D2_23x23",0.0275040250479107,0.0708088357169232,0.0523036941205502,0.0522297451211485,0.0189036772095901,0.0389180666828145,0.0867648327570135,0.373451315216283,0.279115808127767,"Human_Breast_He_06222020_ST_BC23270_D2"
"Human_Breast_He_06222020_ST_BC23270_D2_23x24",0.0191107239400404,0.0888841487778501,0.0133608891610816,0.055215622725982,0.0135008680137913,0.028949847304568,0.0644942173821413,0.51686158906194,0.199622093632605,"Human_Breast_He_06222020_ST_BC23270_D2"
"Human_Breast_He_06222020_ST_BC23270_D2_24x19",0.0303662185698388,0.104311275506258,0.0512771504438052,0.0449678455514747,0.0120798946957232,0.036911942286945,0.0600290363720819,0.543175768687541,0.116880867886331,"Human_Breast_He_06222020_ST_BC23270_D2"
"Human_Breast_He_06222020_ST_BC23270_D2_25x13",0.0544292896658494,0.0732624123908538,0.015235337612934,0.0187569219159207,0.00453953278404818,0.0288424461084137,0.245249898232885,0.333630195364334,0.226053965924761,"Human_Breast_He_06222020_ST_BC23270_D2"
"Human_Breast_He_06222020_ST_BC23270_D2_18x26",0.034100378178193,0.144513737605332,0.0102691067044546,0.0350976491812062,0.0186357080455779,0.0955805122036348,0.0669697396313717,0.441547541141104,0.153285627309125,"Human_Breast_He_06222020_ST_BC23270_D2"
"Human_Breast_He_06222020_ST_BC23270_D2_18x27",0.0267982109106844,0.0490572529033849,0.0118477110513767,0.119854456145326,0.176082934505136,0.104865302154303,0.143541492951027,0.26388467192632,0.104067967452442,"Human_Breast_He_06222020_ST_BC23270_D2"
"Human_Breast_He_06222020_ST_BC23270_D2_18x24",0.0461400165719078,0.0783968526337681,0.0300058996634433,0.00215777897130526,0.0028383558268796,0.0864473551440944,0.134163717511564,0.464869368758292,0.154980654918745,"Human_Breast_He_06222020_ST_BC23270_D2"
"Human_Breast_He_06222020_ST_BC23270_D2_18x25",0.0195396617105858,0.0705674041882827,0.00867525197569597,0.171263984317346,0.0250440687307126,0.12142711002819,0.0648588937838934,0.282170934881644,0.23645269038365,"Human_Breast_He_06222020_ST_BC23270_D2"
"Human_Breast_He_06222020_ST_BC23270_D2_18x22",0.054435026812582,0.0849842553931585,0.0221663651455823,0.0901904241920499,0.0248401732785896,0.0856861953353786,0.076934986109477,0.376908986423646,0.183853587309536,"Human_Breast_He_06222020_ST_BC23270_D2"
"Human_Breast_He_06222020_ST_BC23270_D2_18x23",0.0324267009790104,0.103829758937408,0.0778145312274359,0.0750332922893041,0.0107770798223233,0.0582430945522187,0.0518327348067058,0.50890492008925,0.0811378872963434,"Human_Breast_He_06222020_ST_BC23270_D2"
"Human_Breast_He_06222020_ST_BC23270_D2_18x20",0.00755678033207889,0.101237159630978,0.0118500696138066,0.0222388377064627,0.00379469823706845,0.0317916563111884,0.0633451648432439,0.640261873632977,0.117923759692196,"Human_Breast_He_06222020_ST_BC23270_D2"
"Human_Breast_He_06222020_ST_BC23270_D2_18x21",0.0140939597274268,0.104407207816725,0.00490680888654664,0.0156809214106893,0.00586179375515543,0.063719643306431,0.100851904418086,0.591597549210276,0.0988802114686646,"Human_Breast_He_06222020_ST_BC23270_D2"
"Human_Breast_He_06222020_ST_BC23270_D2_25x14",0.0469271357584506,0.134271727155709,0.0225001767214,0.0486996267786071,0.00865522737240254,0.126018737760338,0.145511242246592,0.180689825896816,0.286726300309684,"Human_Breast_He_06222020_ST_BC23270_D2"
"Human_Breast_He_06222020_ST_BC23270_D2_8x23",0.0302116335063,0.083794434872887,0.00554263075667218,0.296400012248169,0.0927290970418601,0.0602984264548509,0.100118567803745,0.190842266313279,0.140062931002237,"Human_Breast_He_06222020_ST_BC23270_D2"
"Human_Breast_He_06222020_ST_BC23270_D2_8x20",0.139335950253815,0.0296801504305731,0.00745719192005395,0.159563966912014,0.068535103813777,0.039864480954633,0.0330530956811485,0.377862567092976,0.14464749294101,"Human_Breast_He_06222020_ST_BC23270_D2"
"Human_Breast_He_06222020_ST_BC23270_D2_8x21",0.0211824490226146,0.0308012335869316,0.015428191760417,0.22907593247784,0.056327911409627,0.0656045397035928,0.090716822974764,0.331852455862783,0.15901046320143,"Human_Breast_He_06222020_ST_BC23270_D2"
"Human_Breast_He_06222020_ST_BC23270_D2_22x14",0.0233391347149684,0.0732080830453846,0.0604746928143315,0.027398054940927,0.0168710754601604,0.054104181708193,0.18408743117739,0.13061577849463,0.429901567644015,"Human_Breast_He_06222020_ST_BC23270_D2"
"Human_Breast_He_06222020_ST_BC23270_D2_22x15",0.0375239487718755,0.0300078826559791,0.0413416402444828,0.03310366677646,0.0195114954139032,0.0555924654022571,0.234964627273276,0.0727499954943385,0.475204277967428,"Human_Breast_He_06222020_ST_BC23270_D2"
"Human_Breast_He_06222020_ST_BC23270_D2_23x19",0.0397057680355805,0.0985628604272391,0.0137976466739249,0.00820100350610641,0.00240556573951527,0.126032446829625,0.0327450773247082,0.555788501177817,0.122761130285484,"Human_Breast_He_06222020_ST_BC23270_D2"
"Human_Breast_He_06222020_ST_BC23270_D2_23x18",0.0263190407547889,0.0880800597052767,0.0428552031196128,0.0454083525171299,0.0261409482285191,0.0439260730754823,0.134689484647428,0.261044441811189,0.331536396140573,"Human_Breast_He_06222020_ST_BC23270_D2"
"Human_Breast_He_06222020_ST_BC23270_D2_23x13",0.0387504915797228,0.064365549913058,0.031237914771709,0.0228096610827751,0.0205445358035318,0.0276617488984194,0.139253957254409,0.282068269031001,0.373307871665375,"Human_Breast_He_06222020_ST_BC23270_D2"
"Human_Breast_He_06222020_ST_BC23270_D2_23x12",0.0240334526912666,0.164397671573836,0.0428600157354449,0.00542897577685432,0.001197817138885,0.0347172649917115,0.0143968182088845,0.642991843377872,0.0699761405052452,"Human_Breast_He_06222020_ST_BC23270_D2"
"Human_Breast_He_06222020_ST_BC23270_D2_23x15",0.0270112434560655,0.0314959206665274,0.0251267089957416,0.0808714183059044,0.0255450440299997,0.0181466877538209,0.195795322163142,0.23284493307703,0.363162721551768,"Human_Breast_He_06222020_ST_BC23270_D2"
"Human_Breast_He_06222020_ST_BC23270_D2_23x14",0.0160126196756599,0.0246732967008243,0.00602459817252039,0.00578410417938546,0.00887145312106752,0.0314411767755415,0.184819693376416,0.221596901582288,0.500776156416297,"Human_Breast_He_06222020_ST_BC23270_D2"
"Human_Breast_He_06222020_ST_BC23270_D2_23x17",0.0445696928508391,0.063851652265548,0.0298033346618797,0.0374317834731247,0.0076049901708878,0.0521184693945697,0.158017345672122,0.212891424755132,0.393711306755897,"Human_Breast_He_06222020_ST_BC23270_D2"
"Human_Breast_He_06222020_ST_BC23270_D2_23x16",0.0362903710995571,0.0454459478193363,0.0292809470520543,0.122619458778251,0.0179640768540244,0.0193801515000402,0.236593375443515,0.114939772709424,0.377485898743797,"Human_Breast_He_06222020_ST_BC23270_D2"
"Human_Breast_He_06222020_ST_BC23270_D2_8x22",0.053867467537317,0.0853859533095806,0.0446965129628634,0.210479790404814,0.0857880528843057,0.10007210028882,0.0951812713882203,0.167605962112654,0.156922889111426,"Human_Breast_He_06222020_ST_BC23270_D2"
"Human_Breast_He_06222020_ST_BC23270_D2_11x15",0.0422496997121042,0.0731417061601595,0.0370317097585856,0.0282317865115517,0.00714054472521396,0.0780755996671897,0.0724215399891801,0.418402459773783,0.243304953702232,"Human_Breast_He_06222020_ST_BC23270_D2"
"Human_Breast_He_06222020_ST_BC23270_D2_11x16",0.0190903736503837,0.0273730126693757,0.00889735923090486,0.0959510912318312,0.031608580985293,0.0369927923932061,0.0836646782475888,0.463802158147581,0.232619953443836,"Human_Breast_He_06222020_ST_BC23270_D2"
"Human_Breast_He_06222020_ST_BC23270_D2_11x17",0.0247239110517248,0.0523811521532507,0.0122984558542123,0.15384249418353,0.0373894244198538,0.03033939838141,0.139962264110547,0.353896578825074,0.195166321020397,"Human_Breast_He_06222020_ST_BC23270_D2"
"Human_Breast_He_06222020_ST_BC23270_D2_8x27",0.00298755133990292,0.104041044540542,0.0105862530837063,0.337452709121342,0.0283050354762498,0.0566918442336669,0.201635379670357,0.103914795565631,0.154385386968602,"Human_Breast_He_06222020_ST_BC23270_D2"
"Human_Breast_He_06222020_ST_BC23270_D2_8x24",0.0289644223473595,0.0385917945894815,0.0271613838402077,0.092728484050504,0.0408827715161572,0.0530843458860104,0.180013390450811,0.28382749893513,0.254745908384339,"Human_Breast_He_06222020_ST_BC23270_D2"
"Human_Breast_He_06222020_ST_BC23270_D2_8x25",0.0604595041841986,0.0416811204499305,0.0257462313086562,0.174269248420352,0.0398305957066824,0.0991054874179049,0.0708070027434115,0.30425284145381,0.183847968315054,"Human_Breast_He_06222020_ST_BC23270_D2"
"Human_Breast_He_06222020_ST_BC23270_D2_8x28",0.0490439184221799,0.107185709982026,0.0266342751508723,0.0953913882517609,0.0144836874899644,0.0899727463911135,0.033719686593087,0.421377296685313,0.162191291033683,"Human_Breast_He_06222020_ST_BC23270_D2"
"Human_Breast_He_06222020_ST_BC23270_D2_8x29",0.0191889413134703,0.0311152019656639,0.0252192490536248,0.365652848303593,0.0355387830404715,0.0432192156373847,0.0769874733907511,0.257074559117067,0.146003728177974,"Human_Breast_He_06222020_ST_BC23270_D2"
"Human_Breast_He_06222020_ST_BC23270_D2_11x18",0.0211440026164638,0.0344459704723927,0.0215263523515935,0.248695635698356,0.0586275444815611,0.0300040723107919,0.164846859202549,0.170643487763468,0.250066075102825,"Human_Breast_He_06222020_ST_BC23270_D2"
"Human_Breast_He_06222020_ST_BC23270_D2_11x19",0.0361469372738546,0.0282855080456186,0.0146741318652063,0.343460033374264,0.0807524362963363,0.0294261984012087,0.0557738086877702,0.250072847524235,0.161408098531506,"Human_Breast_He_06222020_ST_BC23270_D2"
"Human_Breast_He_06222020_ST_BC23270_D2_17x14",0.0292515849073209,0.0721413795712691,0.0117239014605963,0.128894135974208,0.0228749521984081,0.0507812364358851,0.0411801513205837,0.568108358737776,0.0750442993939531,"Human_Breast_He_06222020_ST_BC23270_D2"
"Human_Breast_He_06222020_ST_BC23270_D2_17x15",0.0231171904067304,0.0313460287220725,0.0312714944341227,0.117188469645292,0.0443384885127046,0.0490587569301288,0.181145388970642,0.326151491972463,0.196382690405844,"Human_Breast_He_06222020_ST_BC23270_D2"
"Human_Breast_He_06222020_ST_BC23270_D2_17x16",0.0656892493407821,0.0752253294070805,0.0499469137734634,0.16082936405198,0.0502831860732664,0.0550580138211631,0.109036344621204,0.166343659951084,0.267587938959977,"Human_Breast_He_06222020_ST_BC23270_D2"
"Human_Breast_He_06222020_ST_BC23270_D2_17x17",0.0183168277112189,0.103762238289911,0.0394715336234786,0.082581043999722,0.0137801731841724,0.0438319804989741,0.104138487641343,0.399107034276765,0.195010680774416,"Human_Breast_He_06222020_ST_BC23270_D2"
"Human_Breast_He_06222020_ST_BC23270_D2_26x18",0.00962318241216714,0.157054482895495,0.0162077537497143,0.0288741287200659,0.013044129404662,0.134192512302605,0.0888035806225992,0.325379892039936,0.226820337852756,"Human_Breast_He_06222020_ST_BC23270_D2"
"Human_Breast_He_06222020_ST_BC23270_D2_26x19",0.0418427355644533,0.0786713645903664,0.016041727335879,0.015713922047404,0.00650159794553618,0.13800946979945,0.0792953136524799,0.3988833156582,0.225040553406232,"Human_Breast_He_06222020_ST_BC23270_D2"
"Human_Breast_He_06222020_ST_BC23270_D2_26x16",0.0237696124377454,0.127825423133059,0.0385671460844772,0.0308475018737937,0.0138294411325666,0.0360774966342408,0.0913155746531129,0.440962586025725,0.196805218025279,"Human_Breast_He_06222020_ST_BC23270_D2"
"Human_Breast_He_06222020_ST_BC23270_D2_26x17",0.0108917852279438,0.135569227741216,0.0436105742708941,0.0474335746746245,0.013399535641453,0.0572738274855097,0.124178928870132,0.347557925297439,0.220084620790787,"Human_Breast_He_06222020_ST_BC23270_D2"
"Human_Breast_He_06222020_ST_BC23270_D2_17x18",0.0332159254780114,0.0766293860670034,0.0296370931670369,0.0122686544173326,0.0046458959109672,0.136242826321538,0.0849249030746916,0.340605908295738,0.281829407267681,"Human_Breast_He_06222020_ST_BC23270_D2"
"Human_Breast_He_06222020_ST_BC23270_D2_26x15",0.0659723125004692,0.11723722205715,0.0239638276642169,0.0260235310218532,0.00387267068945564,0.0328104660574001,0.121944085987021,0.354475689250815,0.25370019477162,"Human_Breast_He_06222020_ST_BC23270_D2"
"Human_Breast_He_06222020_ST_BC23270_D2_17x19",0.00992576943774108,0.12518447354211,0.0123244898810788,0.0112094554568684,0.00244628363926799,0.0103442146687663,0.0916980391404713,0.585626314570994,0.151240959662702,"Human_Breast_He_06222020_ST_BC23270_D2"
"Human_Breast_He_06222020_ST_BC23270_D2_10x26",0.0340045774156522,0.0177170838096796,0.0207741397762925,0.0846920415495918,0.0400667711363947,0.0124941309319958,0.177291868660755,0.451469658698857,0.161489728020782,"Human_Breast_He_06222020_ST_BC23270_D2"
"Human_Breast_He_06222020_ST_BC23270_D2_10x27",0.0325526002399653,0.0589966242752617,0.0320584638337639,0.117653706217445,0.0331361251248215,0.0434155459946395,0.0608871604059157,0.417683810538906,0.203615963369282,"Human_Breast_He_06222020_ST_BC23270_D2"
"Human_Breast_He_06222020_ST_BC23270_D2_10x24",0.0460020669564172,0.123589966453706,0.0275950558993541,0.038167350139177,0.132480529980053,0.0494441639280294,0.0836342911122845,0.182967566047412,0.316119009483567,"Human_Breast_He_06222020_ST_BC23270_D2"
"Human_Breast_He_06222020_ST_BC23270_D2_10x25",0.00695431959905544,0.102773820915265,0.0166753936527049,0.025083229723725,0.0265798499227588,0.143546470780197,0.15406490717763,0.185253877505182,0.339068130723483,"Human_Breast_He_06222020_ST_BC23270_D2"
"Human_Breast_He_06222020_ST_BC23270_D2_10x22",0.117200457484547,0.0551009479846601,0.0635271101321733,0.249039763527342,0.0387910789604062,0.0572719494519746,0.043113788556423,0.129945954383298,0.246008949519176,"Human_Breast_He_06222020_ST_BC23270_D2"
"Human_Breast_He_06222020_ST_BC23270_D2_10x23",0.0308480357520673,0.0502418044877383,0.0168866942915314,0.14538502714603,0.113186366208595,0.0638094479088694,0.172196551355063,0.192366575265219,0.215079497584886,"Human_Breast_He_06222020_ST_BC23270_D2"
"Human_Breast_He_06222020_ST_BC23270_D2_10x20",0.0419754295215556,0.025928635101271,0.0126212261131695,0.498155296077095,0.219558152625628,0.0298771662735191,0.0359715559260899,0.0782718874249504,0.0576406509367217,"Human_Breast_He_06222020_ST_BC23270_D2"
"Human_Breast_He_06222020_ST_BC23270_D2_10x28",0.0502966226014919,0.0413341302381943,0.0438711879950716,0.274282046303755,0.0183191924157797,0.126134069283453,0.0868082576790753,0.183361722071432,0.175592771411748,"Human_Breast_He_06222020_ST_BC23270_D2"
"Human_Breast_He_06222020_ST_BC23270_D2_10x29",0.0314936588009672,0.0447789179003422,0.024519929487142,0.242418070528075,0.100722572005858,0.112597244880177,0.104175895358875,0.214072350621639,0.125221360416925,"Human_Breast_He_06222020_ST_BC23270_D2"
"Human_Breast_He_06222020_ST_BC23270_D2_14x23",0.0873452503454834,0.105582423007311,0.0607045717789203,0.0779483536814093,0.0358770162273984,0.085953961121776,0.0655836536109649,0.216170312007606,0.264834458219131,"Human_Breast_He_06222020_ST_BC23270_D2"
"Human_Breast_He_06222020_ST_BC23270_D2_13x23",0.065132258056062,0.0410932531442785,0.0269164803839419,0.0842294233165114,0.293127626890745,0.0869691535948371,0.0142883794675611,0.195659551052501,0.192583874093563,"Human_Breast_He_06222020_ST_BC23270_D2"
"Human_Breast_He_06222020_ST_BC23270_D2_21x17",0.00470188873997113,0.00897615188599515,0.0507770254314335,0.00364790554965432,0.000235340023752598,0.00495932748764462,0.0286178141636614,0.849268982772559,0.0488155639453285,"Human_Breast_He_06222020_ST_BC23270_D2"
"Human_Breast_He_06222020_ST_BC23270_D2_21x16",0.0285642444060049,0.0757738256171542,0.0149036783095668,0.0208193019512968,0.00721735135541339,0.0412734517151384,0.129203905513608,0.46660173992941,0.215642501202407,"Human_Breast_He_06222020_ST_BC23270_D2"
"Human_Breast_He_06222020_ST_BC23270_D2_21x15",0.0513644088006773,0.0388856987857973,0.0424168321315491,0.0474982425930157,0.01134212421568,0.0752395115065967,0.0764381155501712,0.215770898260799,0.441044168155713,"Human_Breast_He_06222020_ST_BC23270_D2"
"Human_Breast_He_06222020_ST_BC23270_D2_21x14",0.0220315298629647,0.0683372577946665,0.0363306128016178,0.036018675819015,0.0245653764232294,0.0568016317620841,0.194244763220428,0.115811225800242,0.445858926515753,"Human_Breast_He_06222020_ST_BC23270_D2"
"Human_Breast_He_06222020_ST_BC23270_D2_21x13",0.0141839273232258,0.0343459114922368,0.0179474527539252,0.140818168393443,0.0570372892647097,0.0130479527166127,0.215751232244915,0.222544839411396,0.284323226399536,"Human_Breast_He_06222020_ST_BC23270_D2"
"Human_Breast_He_06222020_ST_BC23270_D2_21x12",0.0143084939036644,0.0464418412697875,0.0152660844309269,0.0358253438118439,0.00506752596403778,0.0167731193681748,0.174980272005924,0.496807988297906,0.194529330947734,"Human_Breast_He_06222020_ST_BC23270_D2"
"Human_Breast_He_06222020_ST_BC23270_D2_21x19",0.0172800735558625,0.0732283247994074,0.0617762539345518,0.0147436820196347,0.00424353430807335,0.0545607558898143,0.191650523991331,0.381911926426689,0.200604925074636,"Human_Breast_He_06222020_ST_BC23270_D2"
"Human_Breast_He_06222020_ST_BC23270_D2_21x18",0.0643916259757747,0.0814921171604463,0.0161607231894057,0.0120758655256636,0.00474461261121341,0.0141355831468404,0.086697829383311,0.354572572633577,0.365729070373768,"Human_Breast_He_06222020_ST_BC23270_D2"
"Human_Breast_He_06222020_ST_BC23270_D2_9x25",0.025088350561734,0.0264824992132617,0.00897802770070145,0.256337698099032,0.0915675330129633,0.101820156016659,0.0658227766805355,0.25076950305229,0.173133455662823,"Human_Breast_He_06222020_ST_BC23270_D2"
"Human_Breast_He_06222020_ST_BC23270_D2_9x24",0.0306531714591042,0.0286328064281518,0.0129261251008553,0.215617428118577,0.0824408584476135,0.125703513299523,0.145758195599092,0.17884328360348,0.179424617943604,"Human_Breast_He_06222020_ST_BC23270_D2"
"Human_Breast_He_06222020_ST_BC23270_D2_9x27",0.0147064467831189,0.0906872869905894,0.0393690137075114,0.0583261029538749,0.0624956611792253,0.0469625750917649,0.131251314882109,0.218597159908042,0.337604438503764,"Human_Breast_He_06222020_ST_BC23270_D2"
"Human_Breast_He_06222020_ST_BC23270_D2_9x26",0.0134347720889934,0.014826196900415,0.0207169107748138,0.0776023317529792,0.0154263567758014,0.0623761916979486,0.279351185270176,0.274330267924926,0.241935786813947,"Human_Breast_He_06222020_ST_BC23270_D2"
"Human_Breast_He_06222020_ST_BC23270_D2_9x21",0.0547022297247375,0.06910714466958,0.0197185360241271,0.185236682290195,0.0188754689251087,0.101975382432974,0.0517361378018611,0.318256584836086,0.18039183329533,"Human_Breast_He_06222020_ST_BC23270_D2"
"Human_Breast_He_06222020_ST_BC23270_D2_9x20",0.0302467907027797,0.0356115289805927,0.00732201594504713,0.30901177441355,0.0671892002429224,0.0798705030869216,0.0455479871733529,0.341975364195729,0.0832248352591043,"Human_Breast_He_06222020_ST_BC23270_D2"
"Human_Breast_He_06222020_ST_BC23270_D2_9x23",0.0164620373412786,0.0227017157997987,0.0187722562217582,0.262018902193359,0.041135189517226,0.0847469432700359,0.304114062557288,0.0431100325429495,0.206938860556305,"Human_Breast_He_06222020_ST_BC23270_D2"
"Human_Breast_He_06222020_ST_BC23270_D2_9x22",0.0348665140306952,0.0475588354218617,0.0175042428987465,0.264574864174002,0.0470631426035614,0.0531122960983032,0.0510556545969933,0.336065552043819,0.148198898132017,"Human_Breast_He_06222020_ST_BC23270_D2"
"Human_Breast_He_06222020_ST_BC23270_D2_12x24",0.049266038013234,0.0896634001029423,0.0132760767989727,0.0611061584721324,0.049377529040814,0.170079538868567,0.0506231316897448,0.283535035058108,0.233073091955486,"Human_Breast_He_06222020_ST_BC23270_D2"
"Human_Breast_He_06222020_ST_BC23270_D2_12x25",0.173891025111205,0.043806770046549,0.0754884683323513,0.129175753365739,0.0382701970298535,0.109766119585191,0.0737602461873171,0.201427737772797,0.154413682568997,"Human_Breast_He_06222020_ST_BC23270_D2"
"Human_Breast_He_06222020_ST_BC23270_D2_12x26",0.0280215075997168,0.0616534338614426,0.0229926290555201,0.028040473810049,0.00408933846904198,0.169649650313187,0.11413499904417,0.327974409020322,0.24344355882655,"Human_Breast_He_06222020_ST_BC23270_D2"
"Human_Breast_He_06222020_ST_BC23270_D2_13x20",0.0311311503571279,0.0842949380439817,0.0127269032144521,0.107682206082582,0.0400455502699276,0.0669070252885474,0.212911687053011,0.201694372657499,0.242606167032871,"Human_Breast_He_06222020_ST_BC23270_D2"
"Human_Breast_He_06222020_ST_BC23270_D2_13x27",0.0385669922491512,0.11214286156791,0.0179978760587151,0.0618877452837698,0.0180502056072267,0.0530533507287429,0.114001761207613,0.41287092910718,0.171428278189692,"Human_Breast_He_06222020_ST_BC23270_D2"
"Human_Breast_He_06222020_ST_BC23270_D2_13x26",0.0496635026651627,0.0609907092978743,0.0177663689297287,0.00262486791221177,0.00606156164159544,0.0269157483794475,0.151418161482173,0.423353399144273,0.261205680547534,"Human_Breast_He_06222020_ST_BC23270_D2"
"Human_Breast_He_06222020_ST_BC23270_D2_13x25",0.0398626727496464,0.122588392016777,0.0268353319053138,0.108721721893304,0.0234751334167148,0.0750912726302173,0.082048572714575,0.350776589436723,0.170600313236729,"Human_Breast_He_06222020_ST_BC23270_D2"
"Human_Breast_He_06222020_ST_BC23270_D2_13x24",0.023180604324776,0.0540831042891276,0.0239233964842965,0.033108585908229,0.00841697668109138,0.205623279984267,0.184043479143038,0.300245603139447,0.167374970045727,"Human_Breast_He_06222020_ST_BC23270_D2"
"Human_Breast_He_06222020_ST_BC23270_D2_14x25",0.0445731012287845,0.0893587943391704,0.0388066109877618,0.183570456154453,0.0248428348634915,0.164119493745409,0.0749003853759912,0.264894832444928,0.11493349086001,"Human_Breast_He_06222020_ST_BC23270_D2"
"Human_Breast_He_06222020_ST_BC23270_D2_11x29",0.0249636268651724,0.0804009392678812,0.0244081374148336,0.109279548532955,0.0294185490268094,0.079240786340446,0.0937989549677334,0.335024800971777,0.223464656612392,"Human_Breast_He_06222020_ST_BC23270_D2"
"Human_Breast_He_06222020_ST_BC23270_D2_11x28",0.0270718211174267,0.0625471951068299,0.0173994622023019,0.184888417518676,0.0165802192024028,0.0824727262700926,0.142996395827774,0.170524424063387,0.29551933869111,"Human_Breast_He_06222020_ST_BC23270_D2"
"Human_Breast_He_06222020_ST_BC23270_D2_11x24",0.155180934645718,0.0690677210584348,0.0290190826768252,0.0915801770697686,0.0182599986311267,0.0165509846113,0.138255274627227,0.228079002323355,0.254006824356244,"Human_Breast_He_06222020_ST_BC23270_D2"
"Human_Breast_He_06222020_ST_BC23270_D2_11x27",0.0193204614871115,0.0424551961697767,0.0229001962788223,0.0667577743745053,0.00936705435171823,0.0499359799066282,0.139986556685523,0.237164881952193,0.412111898793722,"Human_Breast_He_06222020_ST_BC23270_D2"
"Human_Breast_He_06222020_ST_BC23270_D2_11x21",0.0298184847748103,0.0364019126192378,0.013157198523956,0.433713951317116,0.107086107340561,0.0608868405382584,0.0934760920730419,0.140289021126006,0.0851703916870123,"Human_Breast_He_06222020_ST_BC23270_D2"
"Human_Breast_He_06222020_ST_BC23270_D2_11x20",0.0477908408612001,0.030498042553866,0.0165684388526244,0.457038147819497,0.0815421086852431,0.0522294955303096,0.0728876722236443,0.117200630605975,0.12424462286764,"Human_Breast_He_06222020_ST_BC23270_D2"
"Human_Breast_He_06222020_ST_BC23270_D2_11x23",0.0153218597760584,0.089609872903097,0.00600231757759414,0.351574228815945,0.0258766203748367,0.0804291447028655,0.11050987271593,0.200069234191426,0.120606848942248,"Human_Breast_He_06222020_ST_BC23270_D2"
"Human_Breast_He_06222020_ST_BC23270_D2_11x22",0.045164783062922,0.121369852625923,0.00563109503894251,0.11705782056937,0.127265147710457,0.139317670501272,0.0892610454044977,0.168189286613871,0.186743298472744,"Human_Breast_He_06222020_ST_BC23270_D2"
"Human_Breast_He_06222020_ST_BC23270_D2_18x19",0.0438982411878804,0.0678847904492483,0.0500182557572333,0.0588550660310271,0.0120729782135929,0.0365390002185946,0.0994299784442465,0.343723712022343,0.287577977675834,"Human_Breast_He_06222020_ST_BC23270_D2"
"Human_Breast_He_06222020_ST_BC23270_D2_18x13",0.0108801827434769,0.088671340654098,0.0356101326284034,0.0867730593514161,0.069438738622155,0.109819715978772,0.0268063366753273,0.480767496646721,0.0912329966996301,"Human_Breast_He_06222020_ST_BC23270_D2"
"Human_Breast_He_06222020_ST_BC23270_D2_18x14",0.0140291309261441,0.073999813079553,0.00508451835726843,0.0116085569997278,0.00317858096682903,0.0559088876479334,0.060687313364724,0.600871330602117,0.174631868055703,"Human_Breast_He_06222020_ST_BC23270_D2"
"Human_Breast_He_06222020_ST_BC23270_D2_17x24",0.0345137802956276,0.0754025775567742,0.0207809063190507,0.0911787631831338,0.0513048170315496,0.0273367836428166,0.165169632753413,0.311950004739088,0.222362734478546,"Human_Breast_He_06222020_ST_BC23270_D2"
"Human_Breast_He_06222020_ST_BC23270_D2_14x17",0.0348132334767813,0.0224886318134085,0.0199177613301492,0.150223502807653,0.0300052061495461,0.0468623992751903,0.290163210074248,0.132148423649298,0.273377631423725,"Human_Breast_He_06222020_ST_BC23270_D2"
"Human_Breast_He_06222020_ST_BC23270_D2_24x14",0.0852932779609735,0.108498734749183,0.0895638652449869,0.017594302250465,0.0105645979998771,0.0418087716770958,0.0678992043385337,0.369090527957128,0.209686717821757,"Human_Breast_He_06222020_ST_BC23270_D2"
"Human_Breast_He_06222020_ST_BC23270_D2_24x15",0.0140084386675374,0.144036649774136,0.0401505085724633,0.0396463258279658,0.011941185569049,0.158107669684724,0.062571070782791,0.185631455109946,0.343906696011388,"Human_Breast_He_06222020_ST_BC23270_D2"
"Human_Breast_He_06222020_ST_BC23270_D2_24x16",0.0331447362441194,0.101588766053058,0.0185489573962441,0.0135217737453127,0.0013256602585857,0.0483691903451259,0.0678058806871122,0.466660987810661,0.249034047459781,"Human_Breast_He_06222020_ST_BC23270_D2"
"Human_Breast_He_06222020_ST_BC23270_D2_24x18",0.0121190217933773,0.0947461415037424,0.00698975147566176,0.00319800542572805,0.000851452185231766,0.00875443377870271,0.066705434984371,0.71002295998518,0.0966127988680048,"Human_Breast_He_06222020_ST_BC23270_D2"
"Human_Breast_He_06222020_ST_BC23270_D2_14x20",0.00908934389991593,0.0831470154137628,0.0189612254539363,0.0879463315489844,0.021530847455734,0.0392748357344994,0.133561563730707,0.362340716213179,0.244148120549281,"Human_Breast_He_06222020_ST_BC23270_D2"
"Human_Breast_He_06222020_ST_BC23270_D2_24x12",0.00925243432036057,0.0360130309849274,0.0267700088076529,0.00109355253568027,0.000136655267692173,0.0124920670621524,0.00374300420471799,0.9079323969156,0.00256684990121693,"Human_Breast_He_06222020_ST_BC23270_D2"
"Human_Breast_He_06222020_ST_BC23270_D2_28x19",0.0195057071634751,0.178030169907971,0.0299481329227215,0.0215161384133152,0.00851903368392683,0.123424088790935,0.0914380140153984,0.184256278283979,0.343362436818278,"Human_Breast_He_06222020_ST_BC23270_D2"
"Human_Breast_He_06222020_ST_BC23270_D2_24x13",0.0217662689634239,0.114275707308719,0.0361516623059016,0.0295895177161366,0.00954917626765812,0.0413549462497567,0.135134918964788,0.454787789244999,0.157390012978617,"Human_Breast_He_06222020_ST_BC23270_D2"
"Human_Breast_He_06222020_ST_BC23270_D2_12x15",0.0284550906633075,0.069764359944724,0.047453047909057,0.137467276571193,0.0260491777355554,0.0595181941477783,0.0909780925514087,0.377094087943003,0.163220672533973,"Human_Breast_He_06222020_ST_BC23270_D2"
"Human_Breast_He_06222020_ST_BC23270_D2_22x13",0.0198530564421795,0.0647129239287753,0.0203166511000498,0.0723930816803182,0.0367406491080075,0.107367649480681,0.176304854146099,0.231614258090965,0.270696876022924,"Human_Breast_He_06222020_ST_BC23270_D2"
"Human_Breast_He_06222020_ST_BC23270_D2_12x17",0.0572235359398261,0.0725517456101743,0.0254369307310062,0.0964487957559816,0.027723461826849,0.0888961115960065,0.144999120032008,0.179684984019186,0.307035314488962,"Human_Breast_He_06222020_ST_BC23270_D2"
"Human_Breast_He_06222020_ST_BC23270_D2_12x16",0.0243204196258054,0.0549729440253169,0.0111986061133732,0.0953891219732054,0.0199160935733099,0.0646166303292415,0.18160642241205,0.282481860337645,0.265497901610052,"Human_Breast_He_06222020_ST_BC23270_D2"
"Human_Breast_He_06222020_ST_BC23270_D2_22x17",0.066498946456413,0.0576385869373659,0.0321394768771058,0.0778207931638109,0.0138168267107231,0.0476723011952365,0.239158352383443,0.169234899917287,0.296019816358615,"Human_Breast_He_06222020_ST_BC23270_D2"
"Human_Breast_He_06222020_ST_BC23270_D2_22x18",0.0164627439422322,0.191533148457063,0.0190957558598452,0.0484729831988993,0.00910027530794864,0.0440504185631618,0.0853270965047007,0.350587901967129,0.235369676199019,"Human_Breast_He_06222020_ST_BC23270_D2"
"Human_Breast_He_06222020_ST_BC23270_D2_22x19",0.028961153395309,0.15191823323788,0.0296898463248381,0.0563604766585684,0.0144977152740217,0.0393602170820758,0.0949563696595735,0.467721233803591,0.116534754564143,"Human_Breast_He_06222020_ST_BC23270_D2"
"Human_Breast_He_06222020_ST_BC23270_D2_12x19",0.0327590120578426,0.0731253644450104,0.02660116197157,0.0671043178018089,0.0238208141567059,0.0414502437983355,0.101610027985402,0.433840299834371,0.199688757948954,"Human_Breast_He_06222020_ST_BC23270_D2"
"Human_Breast_He_06222020_ST_BC23270_D2_12x18",0.037824447416475,0.0520394464010269,0.0160954148115421,0.118376001880983,0.0136918179088529,0.0218111185542848,0.147794186241565,0.397877370581174,0.194490196204096,"Human_Breast_He_06222020_ST_BC23270_D2"
"Human_Breast_He_06222020_ST_BC23270_D2_9x18",0.00781065715506297,0.0736410393826711,0.00776485165137997,0.00825140892646425,0.0021782186192206,0.0332005104797965,0.0800410362663279,0.665269194009108,0.121843083509968,"Human_Breast_He_06222020_ST_BC23270_D2"
"Human_Breast_He_06222020_ST_BC23270_D2_9x19",0.0259345492338335,0.0524239751343091,0.0086375723393456,0.337947157054093,0.0108552076172882,0.0627469504333856,0.0355754081510601,0.39228618768468,0.0735929923520045,"Human_Breast_He_06222020_ST_BC23270_D2"
"Human_Breast_He_06222020_ST_BC23270_D2_8x19",0.0214100184953149,0.0892547543616335,0.0148616459409775,0.153027035863777,0.0506302583074417,0.00756053464105293,0.0529605751959957,0.48405733217595,0.126237845017857,"Human_Breast_He_06222020_ST_BC23270_D2"
"Human_Breast_He_06222020_ST_BC23270_D2_15x18",0.0120586953941349,0.0955293920195344,0.0315300163837044,0.0130116389829991,0.00375545520015598,0.0078322062234623,0.260762837264452,0.279774204753602,0.295745553777956,"Human_Breast_He_06222020_ST_BC23270_D2"
"Human_Breast_He_06222020_ST_BC23270_D2_15x19",0.0354179231916859,0.0668804171156433,0.0110556927606623,0.046414541400875,0.0171315536282738,0.0345007310514478,0.165095065065855,0.468678177078874,0.154825898706683,"Human_Breast_He_06222020_ST_BC23270_D2"
"Human_Breast_He_06222020_ST_BC23270_D2_15x13",0.013359899667271,0.0316452368102887,0.00193817012511792,0.748640539481435,0.0365511145633156,0.00984488480123362,0.00839886600533424,0.130223479743859,0.0193978088021443,"Human_Breast_He_06222020_ST_BC23270_D2"
"Human_Breast_He_06222020_ST_BC23270_D2_15x14",0.0180777857167788,0.0958354371483332,0.0060368514377893,0.138835044603916,0.0268642237085048,0.120873748681646,0.0223535582445021,0.526296779838659,0.044826570619871,"Human_Breast_He_06222020_ST_BC23270_D2"
"Human_Breast_He_06222020_ST_BC23270_D2_8x30",0.0235804729367996,0.0919746678600036,0.0272128378523127,0.325587105055787,0.0507996540717608,0.060199553669604,0.0465068355396277,0.193627426075455,0.18051144693865,"Human_Breast_He_06222020_ST_BC23270_D2"
"Human_Breast_He_06222020_ST_BC23270_D2_15x16",0.0570306047437047,0.0449522046499353,0.0330643270678714,0.12402080733415,0.0187027439280285,0.0481115437635711,0.199382666825072,0.119202410707808,0.355532690979858,"Human_Breast_He_06222020_ST_BC23270_D2"
"Human_Breast_He_06222020_ST_BC23270_D2_15x17",0.0594406302412902,0.0274463373793622,0.0106101645450419,0.0499336508846615,0.0368741997368536,0.0252354980847935,0.261475710626771,0.250284998780734,0.278698809720493,"Human_Breast_He_06222020_ST_BC23270_D2"
"Human_Breast_He_06222020_ST_BC23270_D2_25x17",0.0277782959699681,0.0375637533069124,0.0250157567903969,0.0537455663040186,0.0163470928608834,0.0492640689629167,0.123894155842988,0.366329375736019,0.300061934225897,"Human_Breast_He_06222020_ST_BC23270_D2"
"Human_Breast_He_06222020_ST_BC23270_D2_17x27",0.044596912488317,0.0658293563699649,0.0196919143995081,0.25190200371871,0.11153118913828,0.0477823969536199,0.0475664524448818,0.349706036896134,0.0613937375905844,"Human_Breast_He_06222020_ST_BC23270_D2"
"Human_Breast_He_06222020_ST_BC23270_D2_26x22",0.0484566559078338,0.122984818000602,0.050183703982443,0.0208289242510144,0.0067126037066651,0.0669360878855018,0.0938947655936617,0.421119007497227,0.168883433175051,"Human_Breast_He_06222020_ST_BC23270_D2"
"Human_Breast_He_06222020_ST_BC23270_D2_26x21",0.023700526840438,0.0699131566569184,0.0323447361620587,0.110374627390034,0.0503753533662261,0.112989993308308,0.0404122638866324,0.458413952054987,0.101475390334397,"Human_Breast_He_06222020_ST_BC23270_D2"
"Human_Breast_He_06222020_ST_BC23270_D2_26x20",0.0596476414347689,0.10611068024621,0.0285353705067707,0.0486755764635028,0.0191734698989956,0.0699972826088024,0.0554664353227418,0.346128937972232,0.266264605545975,"Human_Breast_He_06222020_ST_BC23270_D2"
"Human_Breast_He_06222020_ST_BC23270_D2_17x23",0.0306040428172192,0.10090643375421,0.0280435574943971,0.0797426786331516,0.0121724930498446,0.0708188247138012,0.129668408982166,0.405522741374117,0.142520819181093,"Human_Breast_He_06222020_ST_BC23270_D2"
"Human_Breast_He_06222020_ST_BC23270_D2_17x21",0.0607942217338969,0.0761595454671238,0.02015613643036,0.0998870744376636,0.0249831642816131,0.111660395556478,0.0861740557376529,0.348007996796719,0.172177409558493,"Human_Breast_He_06222020_ST_BC23270_D2"
"Human_Breast_He_06222020_ST_BC23270_D2_17x20",0.0216373398838428,0.0809512884685003,0.0275794154698486,0.0148024586563122,0.0034573803643192,0.0290941288813935,0.0567817769643922,0.609618745373897,0.156077465937494,"Human_Breast_He_06222020_ST_BC23270_D2"
"Human_Breast_He_06222020_ST_BC23270_D2_22x12",0.0196419500025888,0.0638435090258035,0.0209657838307848,0.0146692947166399,0.00685667170954919,0.0295174234171915,0.0722972535542728,0.510918790941345,0.261289322801825,"Human_Breast_He_06222020_ST_BC23270_D2"
"Human_Breast_He_06222020_ST_BC23270_D2_25x16",0.032680842332927,0.194142192687022,0.0337986605811342,0.0593510986858123,0.00500768899307992,0.129331693706275,0.0344026997545786,0.418351950077182,0.0929331731819885,"Human_Breast_He_06222020_ST_BC23270_D2"
"Human_Breast_He_06222020_ST_BC23270_D2_10x17",0.0506756033266918,0.0539444530400423,0.00461724536405115,0.128564100897513,0.0201607290321384,0.0347136769408287,0.0168870249490465,0.625010153333832,0.0654270131158568,"Human_Breast_He_06222020_ST_BC23270_D2"
"Human_Breast_He_06222020_ST_BC23270_D2_10x16",0.0529330402260274,0.104769906983189,0.0788897476265153,0.251253766307532,0.245576239588062,0.0448032699362585,0.0428707943264371,0.142398917427412,0.0365043175785667,"Human_Breast_He_06222020_ST_BC23270_D2"
"Human_Breast_He_06222020_ST_BC23270_D2_22x16",0.0311636682090505,0.0504601608059882,0.0235066290470424,0.0656779015911743,0.0160252517389653,0.0079826672769564,0.150866687908417,0.248708167929414,0.405608865492992,"Human_Breast_He_06222020_ST_BC23270_D2"
"Human_Breast_He_06222020_ST_BC23270_D2_10x19",0.0151872702318777,0.0265022717521103,0.0160749941949221,0.393313632537408,0.0433018433019985,0.0600916154713169,0.0774765675096089,0.233241514928478,0.13481029007228,"Human_Breast_He_06222020_ST_BC23270_D2"
"Human_Breast_He_06222020_ST_BC23270_D2_10x18",0.0120434579446309,0.0366430154181546,0.0319467820905227,0.165976151608654,0.00310997013895906,0.00341998530894236,0.028530345117936,0.626999302891348,0.0913309894808526,"Human_Breast_He_06222020_ST_BC23270_D2"
"Human_Breast_He_06222020_ST_BC23270_D2_24x24",0.0423681931112833,0.0312253379877952,0.0230171900080581,0.0206943907884605,0.0197923777253386,0.0461464778978774,0.0527772718279856,0.541707686073803,0.222271074579398,"Human_Breast_He_06222020_ST_BC23270_D2"
"Human_Breast_He_06222020_ST_BC23270_D2_24x21",0.0273126658130932,0.17540040798709,0.0347621885549187,0.0202439401298704,0.0171432242363968,0.0476172846818815,0.0655192119956584,0.401114220218412,0.210886856382679,"Human_Breast_He_06222020_ST_BC23270_D2"
"Human_Breast_He_06222020_ST_BC23270_D2_24x20",0.0406286567239042,0.0844199554414518,0.0157732824635021,0.0148821792634769,0.0119627618543637,0.0693499106738495,0.0853169452247028,0.55693054027093,0.120735768083819,"Human_Breast_He_06222020_ST_BC23270_D2"
"Human_Breast_He_06222020_ST_BC23270_D2_24x23",0.0383992023014342,0.123953140534109,0.0286145009163218,0.00688833259107115,0.00901293419031258,0.0600825116009191,0.0319217213741865,0.473339026369419,0.227788630122226,"Human_Breast_He_06222020_ST_BC23270_D2"
"Human_Breast_He_06222020_ST_BC23270_D2_13x30",0.0149653893187448,0.0646712965477519,0.00206955960562469,0.00111779007983434,0.00069923463480254,0.05084516341645,0.0673677981429049,0.520559764562436,0.277704003691451,"Human_Breast_He_06222020_ST_BC23270_D2"
"Human_Breast_He_06222020_ST_BC23270_D2_9x29",0.0382150995735965,0.0375178700005519,0.0158653575781372,0.351488237258256,0.120692802607024,0.111854519599607,0.0236672692681878,0.225028057916758,0.0756707861978809,"Human_Breast_He_06222020_ST_BC23270_D2"
"Human_Breast_He_06222020_ST_BC23270_D2_13x29",0.0141525226150005,0.0874273321007674,0.0334686672367703,0.0156770360715423,0.014482142499044,0.0643990301170581,0.0705828000477152,0.528069318960758,0.171741150351344,"Human_Breast_He_06222020_ST_BC23270_D2"
"Human_Breast_He_06222020_ST_BC23270_D2_13x28",0.038886760274265,0.0544438816150672,0.0287017087151677,0.0732592562165381,0.0117085214727467,0.0531269357465875,0.11619970525496,0.415675994733073,0.207997235971594,"Human_Breast_He_06222020_ST_BC23270_D2"
"Human_Breast_He_06222020_ST_BC23270_D2_25x22",0.03719327498897,0.0907901268285082,0.0101377455784408,0.0989185964767406,0.0262457906327307,0.0552570461546261,0.0595614211083632,0.472884952707968,0.149011045523652,"Human_Breast_He_06222020_ST_BC23270_D2"
"Human_Breast_He_06222020_ST_BC23270_D2_25x23",0.106270691522932,0.162369070367586,0.0294392675635248,0.00425796974679235,0.00428495318159357,0.0508597126235025,0.0942426440608491,0.367332792461549,0.180942898471671,"Human_Breast_He_06222020_ST_BC23270_D2"
"Human_Breast_He_06222020_ST_BC23270_D2_25x20",0.0336486443657586,0.135779061585681,0.0363394108549579,0.00488110349139985,0.00669797551652945,0.121972388914441,0.13394774549805,0.45244624899403,0.0742874207791524,"Human_Breast_He_06222020_ST_BC23270_D2"
"Human_Breast_He_06222020_ST_BC23270_D2_25x21",0.0286551790681765,0.0312945777476817,0.0212715172760989,0.0741654648935338,0.0301353515157232,0.0643970916340045,0.0661296781810989,0.553251242048008,0.130699897635674,"Human_Breast_He_06222020_ST_BC23270_D2"
"Human_Breast_He_06222020_ST_BC23270_D2_12x28",0.0180819170412359,0.0911063229954677,0.00498705127705973,0.0192368713050835,0.0061073629687918,0.0706492741681769,0.189266140496313,0.306714349581129,0.293850710166743,"Human_Breast_He_06222020_ST_BC23270_D2"
"Human_Breast_He_06222020_ST_BC23270_D2_12x29",0.0313672465589252,0.0537494164211344,0.0207336911401229,0.0367815496324265,0.0111770969683233,0.0718194242680743,0.109969390813904,0.402691202385612,0.261710981811478,"Human_Breast_He_06222020_ST_BC23270_D2"
"Human_Breast_He_06222020_ST_BC23270_D2_7x30",0.00384948904999363,0.0201851535172443,0.0130405224194547,0.299194481983345,0.0129745019205687,0.0807014729966354,0.112123549910855,0.284676340352709,0.173254487849194,"Human_Breast_He_06222020_ST_BC23270_D2"
