"","Endothelial","CAFs","PVL","B-cells","T-cells","Myeloid","Normal Epithelial","Plasmablasts","Cancer Epithelial","sid"
"Human_Breast_Andersson_10142021_ST_B2_10x17",0.14421832819076,0.00290842113919362,0.025647606063945,0.0154172780803439,0.0267254837525924,0.112476967851389,0.0228436703928231,0.635510221114084,0.0142520234148691,"Human_Breast_Andersson_10142021_ST_B2"
"Human_Breast_Andersson_10142021_ST_B2_10x18",0.120280085811116,0.0586599187660338,0.0149659229301096,0.0462710919588003,0.029229990528617,0.0629898734987017,0.0520047465763498,0.539420302334917,0.0761780675953546,"Human_Breast_Andersson_10142021_ST_B2"
"Human_Breast_Andersson_10142021_ST_B2_10x19",0.0676153893793705,0.0727112544622167,0.0325405211299021,0.492210419661583,0.165505322736707,0.0300818084717132,0.00811025732889563,0.016864530895734,0.114360495933879,"Human_Breast_Andersson_10142021_ST_B2"
"Human_Breast_Andersson_10142021_ST_B2_10x20",0.0865030411647335,0.105211570998595,0.0526863362257824,0.00791844764915395,0.00509684972634844,0.00454524549359411,0.126335450815156,0.392344256024416,0.21935880190222,"Human_Breast_Andersson_10142021_ST_B2"
"Human_Breast_Andersson_10142021_ST_B2_10x21",0.148989045397158,0.123841324010081,0.0445269481779714,0.00483427662546961,0.0271557814604273,0.0653684228032628,0.104681045035124,0.300370553507756,0.18023260298275,"Human_Breast_Andersson_10142021_ST_B2"
"Human_Breast_Andersson_10142021_ST_B2_10x22",0.105956837202811,0.0475811318556526,0.0355858242511877,0.0293748760049323,0.0344141546873561,0.15412719852838,0.0311632711971667,0.475426194595183,0.086370511677331,"Human_Breast_Andersson_10142021_ST_B2"
"Human_Breast_Andersson_10142021_ST_B2_10x23",0.0972316151519661,0.0312489529414203,0.0685316674245576,0.0273986800227374,0.157471514804242,0.145016987469449,0.122775979841364,0.210118933575508,0.140205668768755,"Human_Breast_Andersson_10142021_ST_B2"
"Human_Breast_Andersson_10142021_ST_B2_10x24",0.103530449175893,0.117928682700277,0.061398810904813,0.107251044021437,0.0511436368416533,0.222749807841698,0.0775090652502674,0.175711268694999,0.0827772345689621,"Human_Breast_Andersson_10142021_ST_B2"
"Human_Breast_Andersson_10142021_ST_B2_10x25",0.126711813659063,0.0474969001886467,0.0366415726661217,0.0664196510197083,0.145009843077443,0.121097186484821,0.0281247553250161,0.279808825736718,0.148689451842463,"Human_Breast_Andersson_10142021_ST_B2"
"Human_Breast_Andersson_10142021_ST_B2_10x26",0.146284544470415,0.0660155109494321,0.0901082615764167,0.0383491872394748,0.120499926241541,0.0424913715083796,0.0206939461163183,0.410622876797942,0.0649343751000813,"Human_Breast_Andersson_10142021_ST_B2"
"Human_Breast_Andersson_10142021_ST_B2_10x27",0.190494515393397,0.0672532152397096,0.0593553164968437,0.0514562627435991,0.0175600541581607,0.0789937021134781,0.0178136980380251,0.485010157072626,0.0320630787441607,"Human_Breast_Andersson_10142021_ST_B2"
"Human_Breast_Andersson_10142021_ST_B2_10x28",0.21448733213865,0.112464256747484,0.0344620729798632,0.0558290760598496,0.0713427999795355,0.0603149210331212,0.0466800120807384,0.386142741718069,0.0182767872626896,"Human_Breast_Andersson_10142021_ST_B2"
"Human_Breast_Andersson_10142021_ST_B2_10x29",0.157082643369524,0.0840897376375715,0.0671825448213466,0.227965171092495,0.0349990461157448,0.0829791874204757,0.0972680378097342,0.231979835223404,0.016453796509704,"Human_Breast_Andersson_10142021_ST_B2"
"Human_Breast_Andersson_10142021_ST_B2_10x30",0.117946584936121,0.0997901008165063,0.0546591589253986,0.0931709691331388,0.0397447576343149,0.0606770084758972,0.296704066678806,0.205941099000654,0.0313662543991626,"Human_Breast_Andersson_10142021_ST_B2"
"Human_Breast_Andersson_10142021_ST_B2_10x31",0.049373650276788,0.0320283267908377,0.0232457693177849,0.0119798991635097,0.0196715496152446,0.0866020137082855,0.365638629715716,0.340417074451662,0.0710430869601708,"Human_Breast_Andersson_10142021_ST_B2"
"Human_Breast_Andersson_10142021_ST_B2_10x32",0.104742742330463,0.0532180858421139,0.0690246839723928,0.0166227067485135,0.043666245935856,0.1565446329946,0.0389164417800397,0.452721698211565,0.0645427621844565,"Human_Breast_Andersson_10142021_ST_B2"
"Human_Breast_Andersson_10142021_ST_B2_11x18",0.092583562445064,0.043407638004296,0.0297943778530575,0.00450828625343602,0.00256576085720816,0.0861879030653833,0.0321316208486606,0.569049377135404,0.13977147353749,"Human_Breast_Andersson_10142021_ST_B2"
"Human_Breast_Andersson_10142021_ST_B2_11x19",0.169935673110227,0.0264714943157198,0.0314501703547774,0.125153097742166,0.0429030178200487,0.0793816878229901,0.0903527334034571,0.279930176542093,0.154421948888521,"Human_Breast_Andersson_10142021_ST_B2"
"Human_Breast_Andersson_10142021_ST_B2_11x20",0.0546849514885836,0.164856340058184,0.172710622492147,0.00318368835801439,0.0496146334432013,0.204305372409389,0.0176345293203827,0.247425761691545,0.0855841007385533,"Human_Breast_Andersson_10142021_ST_B2"
"Human_Breast_Andersson_10142021_ST_B2_11x21",0.168010849172957,0.0370602189956127,0.0206676734129121,0.00065444492671387,0.00183163341162509,0.0029823136632622,0.0471794797477832,0.678195300977329,0.0434180856918045,"Human_Breast_Andersson_10142021_ST_B2"
"Human_Breast_Andersson_10142021_ST_B2_11x22",0.152400682546958,0.0343388262363885,0.0159168294177908,0.00700887959373913,0.0242802895499314,0.10595535403455,0.0223757587156455,0.587058927569633,0.0506644523353637,"Human_Breast_Andersson_10142021_ST_B2"
"Human_Breast_Andersson_10142021_ST_B2_11x23",0.110479581795618,0.117115269823163,0.0674110379505561,0.0764771199300999,0.12364434884947,0.135325981708257,0.0782427868887788,0.240482093114957,0.050821779939101,"Human_Breast_Andersson_10142021_ST_B2"
"Human_Breast_Andersson_10142021_ST_B2_11x25",0.270417993920208,0.0905512670902199,0.0366815313522416,0.0173346633284433,0.175242874940366,0.144189663931457,0.0464716554846361,0.164244833286564,0.0548655166658636,"Human_Breast_Andersson_10142021_ST_B2"
"Human_Breast_Andersson_10142021_ST_B2_11x26",0.0809494528790708,0.0249644829075724,0.0661405087310328,0.30754358329037,0.0850338135058736,0.119436309566605,0.0210065081336874,0.210917647272219,0.0840076937135703,"Human_Breast_Andersson_10142021_ST_B2"
"Human_Breast_Andersson_10142021_ST_B2_11x27",0.0589885402215976,0.168648447513707,0.0904846810057285,0.0671230688802287,0.0452219113471597,0.115263068772366,0.0875070064109923,0.298139155933237,0.0686241199149833,"Human_Breast_Andersson_10142021_ST_B2"
"Human_Breast_Andersson_10142021_ST_B2_11x28",0.134675637240328,0.213106206389974,0.033743534854078,0.00615487054693416,0.0390745479294197,0.0643411445590733,0.0257610734482798,0.473897555612995,0.00924542941891811,"Human_Breast_Andersson_10142021_ST_B2"
"Human_Breast_Andersson_10142021_ST_B2_11x29",0.0868226225678194,0.132426636962493,0.0810967849751879,0.0243609975044578,0.0378808892123193,0.0916310125083152,0.285820229713332,0.23815945241366,0.0218013741424146,"Human_Breast_Andersson_10142021_ST_B2"
"Human_Breast_Andersson_10142021_ST_B2_11x30",0.0606774198192684,0.0855362787524952,0.037278490920515,0.0319944602369817,0.120028833182638,0.0845313175133603,0.427991959903754,0.12792114230584,0.0240400973651465,"Human_Breast_Andersson_10142021_ST_B2"
"Human_Breast_Andersson_10142021_ST_B2_11x31",0.188423324944861,0.165892697132782,0.0280060410180011,0.00288558898839319,0.0035137809826461,0.10910387829172,0.120400962666607,0.356812614976751,0.0249611109982394,"Human_Breast_Andersson_10142021_ST_B2"
"Human_Breast_Andersson_10142021_ST_B2_11x32",0.236027628517032,0.0432420257205005,0.0604531307556038,0.185543357847554,0.0815686067500513,0.0920802869273083,0.0807049023739455,0.11432150513175,0.106058555976254,"Human_Breast_Andersson_10142021_ST_B2"
"Human_Breast_Andersson_10142021_ST_B2_12x18",0.0315127676869388,0.0397685355815907,0.22293456967591,0.00891995234593691,0.00618481925234924,0.0101872476127656,0.0921263795174388,0.431893721282363,0.156472007044706,"Human_Breast_Andersson_10142021_ST_B2"
"Human_Breast_Andersson_10142021_ST_B2_12x19",0.0183645532119482,0.0470884787691497,0.0332502757069628,0.00136018050010998,0.0034849473915627,0.0239811941152248,0.0432763398783807,0.760323765529268,0.068870264897393,"Human_Breast_Andersson_10142021_ST_B2"
"Human_Breast_Andersson_10142021_ST_B2_12x20",0.00865633056010299,0.0214589162418097,0.216929928950592,0.363751874189099,0.148906519420572,0.0508932052534496,0.00911628313137705,0.00215227227424174,0.178134669978756,"Human_Breast_Andersson_10142021_ST_B2"
"Human_Breast_Andersson_10142021_ST_B2_12x22",0.0205044628272335,0.0243874442784557,0.0201042186961916,0.0186971483287554,0.0142057222905003,0.00570507686126815,0.0821541905260192,0.771242308200237,0.0429994279913387,"Human_Breast_Andersson_10142021_ST_B2"
"Human_Breast_Andersson_10142021_ST_B2_12x23",0.173741410984355,0.128515248199405,0.0405754778716241,0.0167579747904826,0.216802608918662,0.190982021685873,0.0652993333805532,0.0867241944750985,0.0806017296939456,"Human_Breast_Andersson_10142021_ST_B2"
"Human_Breast_Andersson_10142021_ST_B2_12x24",0.123626900760999,0.113392130491281,0.028172175584297,0.199646358245562,0.232723473344242,0.149236429726767,0.0371434308822921,0.0707784272740705,0.0452806736904888,"Human_Breast_Andersson_10142021_ST_B2"
"Human_Breast_Andersson_10142021_ST_B2_12x25",0.0507219703966092,0.0808079718294244,0.0134980121773451,0.234094626046836,0.316130498944816,0.132846733246446,0.00168129713870611,0.160770112990582,0.00944877722923494,"Human_Breast_Andersson_10142021_ST_B2"
"Human_Breast_Andersson_10142021_ST_B2_12x26",0.0503282015814916,0.126214081148925,0.0233121191916804,0.0383894492084253,0.088178632197248,0.0789357651280364,0.0157733363919688,0.561143023049766,0.0177253921024584,"Human_Breast_Andersson_10142021_ST_B2"
"Human_Breast_Andersson_10142021_ST_B2_12x27",0.189041075623781,0.11757869651959,0.0347463211592572,0.0222479978879603,0.0449941837396396,0.0850855934512461,0.127976536070847,0.361648790987581,0.0166808045600979,"Human_Breast_Andersson_10142021_ST_B2"
"Human_Breast_Andersson_10142021_ST_B2_12x28",0.0310739157849095,0.0171045728050468,0.016696821050192,0.0212066818440368,0.0228710890088673,0.040975630155789,0.69629800497789,0.139072727128137,0.0147005572451314,"Human_Breast_Andersson_10142021_ST_B2"
"Human_Breast_Andersson_10142021_ST_B2_12x29",0.0560027458937353,0.0700304218610566,0.0154260969620408,0.0111457667499065,0.0162133038793352,0.0554957080409473,0.298078921364408,0.435708867828892,0.0418981674196781,"Human_Breast_Andersson_10142021_ST_B2"
"Human_Breast_Andersson_10142021_ST_B2_12x30",0.188597457381821,0.13328496245641,0.0497373056479732,0.0279923077433901,0.0251144560610378,0.0940239358013558,0.065176848626571,0.335304904150204,0.0807678221312365,"Human_Breast_Andersson_10142021_ST_B2"
"Human_Breast_Andersson_10142021_ST_B2_12x31",0.164328991014714,0.135848969662564,0.0404971290586879,0.0106980238179415,0.0364532627884428,0.0971449454894179,0.0830950901729206,0.335575729275967,0.0963578587193446,"Human_Breast_Andersson_10142021_ST_B2"
"Human_Breast_Andersson_10142021_ST_B2_13x19",0.10045706557629,0.015936794815265,0.0389495812692818,0.00675509209588096,0.00701221499731513,0.0353894689174049,0.166031143791822,0.41531423812876,0.21415440040798,"Human_Breast_Andersson_10142021_ST_B2"
"Human_Breast_Andersson_10142021_ST_B2_13x22",0.250526780924945,0.00662455386218246,0.00931775516349432,0.00164254830182929,0.0287965368344763,0.00153456534056572,0.0183764381578656,0.548541906737894,0.134638914676747,"Human_Breast_Andersson_10142021_ST_B2"
"Human_Breast_Andersson_10142021_ST_B2_13x23",0.0600874354951952,0.0593301858144184,0.0662582218487065,0.243841650530384,0.172867650744816,0.120713536329778,0.132177251847948,0.0769149895045402,0.0678090778842134,"Human_Breast_Andersson_10142021_ST_B2"
"Human_Breast_Andersson_10142021_ST_B2_13x24",0.0811888883381875,0.0757037343619356,0.0720228763450443,0.0678678168549626,0.0519895475647217,0.08992041527917,0.0136639372536854,0.517000403348731,0.0306423806535614,"Human_Breast_Andersson_10142021_ST_B2"
"Human_Breast_Andersson_10142021_ST_B2_13x25",0.18985331844533,0.0662666623452307,0.0118527231264955,0.0789974555581944,0.361188129219214,0.178643545095662,0.0209346045722212,0.0673125527646322,0.0249510088730199,"Human_Breast_Andersson_10142021_ST_B2"
"Human_Breast_Andersson_10142021_ST_B2_13x26",0.0191372759791233,0.0535366148264932,0.0172293183404485,0.0357886142205209,0.0136155439390577,0.073372335589223,0.226666522769859,0.500784037971172,0.0598697363641033,"Human_Breast_Andersson_10142021_ST_B2"
"Human_Breast_Andersson_10142021_ST_B2_13x27",0.0563588759185314,0.0944087551640604,0.0353139177076492,0.00843239831090548,0.0105065263151841,0.0766297847142321,0.312905945852275,0.396636435942356,0.008807360074807,"Human_Breast_Andersson_10142021_ST_B2"
"Human_Breast_Andersson_10142021_ST_B2_13x28",0.27807306320656,0.220224612369256,0.00873000600553375,0.0354819917125364,0.0133764841211255,0.0284776629246706,0.15016453335824,0.240573981470752,0.0248976648313257,"Human_Breast_Andersson_10142021_ST_B2"
"Human_Breast_Andersson_10142021_ST_B2_13x29",0.0396732958062286,0.0804320963462314,0.064900092931192,0.0146557085895569,0.363890513403421,0.0338109252471444,0.0102264783932661,0.338203019186314,0.0542078700966456,"Human_Breast_Andersson_10142021_ST_B2"
"Human_Breast_Andersson_10142021_ST_B2_13x30",0.0582125155961376,0.154568725392189,0.0165023338853181,0.20579174396345,0.325701830607049,0.0383517574314355,0.0161378513383279,0.00117563000800113,0.183557611778092,"Human_Breast_Andersson_10142021_ST_B2"
"Human_Breast_Andersson_10142021_ST_B2_13x31",0.249185101491366,0.075887442957641,0.15674792170317,0.046552414262619,0.0564385197872629,0.0594668457437163,0.237219172276672,0.0202964669499015,0.0982061148276516,"Human_Breast_Andersson_10142021_ST_B2"
"Human_Breast_Andersson_10142021_ST_B2_14x19",0.0840581017966834,0.182198001357564,0.00685917807578377,0.00404293777038293,0.00172766341823519,0.00553805541102143,0.00181741736217837,0.661624976092816,0.0521336687153344,"Human_Breast_Andersson_10142021_ST_B2"
"Human_Breast_Andersson_10142021_ST_B2_14x20",0.0510817529611573,0.0895198319268082,0.0665577075786273,0.00838375251311161,0.569342149368745,0.0178767515886581,0.0583429496046015,0.0417079909152642,0.0971871135430269,"Human_Breast_Andersson_10142021_ST_B2"
"Human_Breast_Andersson_10142021_ST_B2_14x21",0.0883590926885654,0.0441794970765606,0.0609344214100601,0.200930397166579,0.231971060690022,0.0506052523249786,0.0564693679044994,0.237699882976347,0.0288510277623871,"Human_Breast_Andersson_10142021_ST_B2"
"Human_Breast_Andersson_10142021_ST_B2_14x22",0.234641162727692,0.00694544422531488,0.113718238808003,0.0699474140646534,0.316735062787541,0.0122936817741117,0.012250592069091,0.186206644427312,0.0472617591162811,"Human_Breast_Andersson_10142021_ST_B2"
"Human_Breast_Andersson_10142021_ST_B2_14x23",0.0630619826315771,0.0650648853223341,0.00662815692029503,0.0225161750020741,0.127734151272211,0.210656816635398,0.316552980287209,0.17868908881429,0.00909576311461138,"Human_Breast_Andersson_10142021_ST_B2"
"Human_Breast_Andersson_10142021_ST_B2_14x25",0.110244056712498,0.0351189417247708,0.00965969633177943,0.000367712674675694,0.725764478618908,0.0355714395749343,0.0218594571588851,0.00431706588588194,0.0570971513176666,"Human_Breast_Andersson_10142021_ST_B2"
"Human_Breast_Andersson_10142021_ST_B2_14x26",0.355746928353962,0.174807244564698,0.0170162491302983,0.0027373582339304,0.00360852625760563,0.0378673672697926,0.0323878158791893,0.289950615149386,0.0858778951611379,"Human_Breast_Andersson_10142021_ST_B2"
"Human_Breast_Andersson_10142021_ST_B2_14x27",0.157497165341695,0.0582642856127153,0.0315805753673423,0.0418761784389651,0.150859725611293,0.0931525532717296,0.181308495432674,0.0724126905430009,0.213048330380585,"Human_Breast_Andersson_10142021_ST_B2"
"Human_Breast_Andersson_10142021_ST_B2_14x28",0.0661637693789765,0.123831851911038,0.108941543462915,0.0634362481379296,0.112613700889212,0.0054909975006006,0.0305766882492797,0.451995054158671,0.0369501463113774,"Human_Breast_Andersson_10142021_ST_B2"
"Human_Breast_Andersson_10142021_ST_B2_14x29",0.048289461655366,0.0408990511782176,0.0251790806879052,0.383626806781312,0.187846500638199,0.0909036301790754,0.00855436142652633,0.166987864234741,0.0477132432186583,"Human_Breast_Andersson_10142021_ST_B2"
"Human_Breast_Andersson_10142021_ST_B2_14x30",0.0763189558525518,0.0500056074091941,0.0886609130074674,0.000855537159473785,0.000730382596411344,0.00477780624376366,0.0126765377581512,0.746565700536709,0.0194085594362781,"Human_Breast_Andersson_10142021_ST_B2"
"Human_Breast_Andersson_10142021_ST_B2_14x31",0.0758403182961481,0.0953999015846439,0.0555102288638431,0.0412335727045216,0.18698480149887,0.130047855223194,0.0274869894842342,0.363203640700438,0.0242926916441062,"Human_Breast_Andersson_10142021_ST_B2"
"Human_Breast_Andersson_10142021_ST_B2_15x20",0.0623026174904447,0.0127566110205016,0.00587351574750803,0.00157299036080295,0.000597051883938471,0.324159692990714,0.0830822392025668,0.384277640862293,0.12537764044123,"Human_Breast_Andersson_10142021_ST_B2"
"Human_Breast_Andersson_10142021_ST_B2_15x21",0.0221726448027678,0.0405159755509295,0.116426257702336,0.173897314871212,0.203138013457076,0.0673662439763015,0.0688350207769327,0.16169868670184,0.145949842160606,"Human_Breast_Andersson_10142021_ST_B2"
"Human_Breast_Andersson_10142021_ST_B2_15x22",0.0162856932930345,0.167553798709896,0.528886732823529,0.0148661378896992,0.0121670511950696,0.135037051111716,0.0175363713393846,0.028229193321517,0.079437970316155,"Human_Breast_Andersson_10142021_ST_B2"
"Human_Breast_Andersson_10142021_ST_B2_15x23",0.130733240384739,0.0215870642937965,0.320833347796087,0.0376797023354657,0.0111456830023546,0.158104374356976,0.0376683160102165,0.00115358684419133,0.281094684976174,"Human_Breast_Andersson_10142021_ST_B2"
"Human_Breast_Andersson_10142021_ST_B2_15x24",0.136044916106046,0.067467149879396,0.0307600652777237,0.0688896723967564,0.150626899508205,0.0874787054745825,0.17318349179386,0.206170838040432,0.079378261522999,"Human_Breast_Andersson_10142021_ST_B2"
"Human_Breast_Andersson_10142021_ST_B2_15x25",0.221094386719528,0.0123634874087788,0.0529907586288351,0.035051293534834,0.0693341828922869,0.00405579152079983,0.0619011336512816,0.487039478518635,0.0561694871250213,"Human_Breast_Andersson_10142021_ST_B2"
"Human_Breast_Andersson_10142021_ST_B2_15x27",0.239270224391204,0.0484813501894008,0.00160742428956283,0.0315589356727035,0.0564738808296593,0.00467489849925466,0.0253122229967091,0.486382328720398,0.106238734411108,"Human_Breast_Andersson_10142021_ST_B2"
"Human_Breast_Andersson_10142021_ST_B2_15x28",0.026500159911639,0.0965080731282861,0.0370796720297165,0.297626052556303,0.0526374635656471,0.108469687144451,0.127730479769736,0.00118348260805515,0.252264929286166,"Human_Breast_Andersson_10142021_ST_B2"
"Human_Breast_Andersson_10142021_ST_B2_15x29",0.287211352317331,0.0145230490101043,0.00506111770488354,0.00217177825872093,0.33232202073076,0.0206094440644988,0.00766499023884174,0.297832855125331,0.0326033925495293,"Human_Breast_Andersson_10142021_ST_B2"
"Human_Breast_Andersson_10142021_ST_B2_15x30",0.0227787321322852,0.0233713609880022,0.00319155482751153,0.0833522133896708,0.155185271007166,0.00326620356240967,0.02391433029054,0.550982939687831,0.133957394114584,"Human_Breast_Andersson_10142021_ST_B2"
"Human_Breast_Andersson_10142021_ST_B2_15x31",0.173671687238756,0.104467685299935,0.246495208998904,0.00445829201812382,0.0171809495884955,0.0405071640458348,0.0745321575874444,0.162800795724441,0.175886059498065,"Human_Breast_Andersson_10142021_ST_B2"
"Human_Breast_Andersson_10142021_ST_B2_16x22",0.14394041796607,0.0525493630718386,0.0761545706217691,0.0205694017803898,0.0337744063999586,0.0539029742513734,0.135449755991499,0.352532600374279,0.131126509542822,"Human_Breast_Andersson_10142021_ST_B2"
"Human_Breast_Andersson_10142021_ST_B2_16x24",0.00217806098405231,0.00369494480970165,0.00226712908694316,2.88335730047143e-05,7.28321305850168e-05,1.82780362170556e-06,0.101350386509001,0.84835357831925,0.04205240678384,"Human_Breast_Andersson_10142021_ST_B2"
"Human_Breast_Andersson_10142021_ST_B2_16x25",0.327444785235093,0.0996106664402657,0.13551415022476,0.0389106612192823,0.148867867800933,0.109457466152566,0.0763500923489242,0.0247428057896785,0.039101504788498,"Human_Breast_Andersson_10142021_ST_B2"
"Human_Breast_Andersson_10142021_ST_B2_16x26",0.04451941823358,0.0772430724917449,0.0801085987594351,0.119545711233914,0.11522645351519,0.130444706133408,0.0210966679075599,0.392637347266051,0.0191780244591168,"Human_Breast_Andersson_10142021_ST_B2"
"Human_Breast_Andersson_10142021_ST_B2_16x28",0.0449114227693397,0.0231835970801276,0.114661355467861,0.2248603661832,0.0424881025743892,0.0793533071142471,0.153536086747399,0.18447912551103,0.132526636552407,"Human_Breast_Andersson_10142021_ST_B2"
"Human_Breast_Andersson_10142021_ST_B2_16x29",0.156195715513217,0.0923038421609229,0.246419522851138,0.00147555479896622,0.219102909912115,0.150061203365778,0.0569306402070009,0.00858665216210732,0.0689239590287545,"Human_Breast_Andersson_10142021_ST_B2"
"Human_Breast_Andersson_10142021_ST_B2_16x30",0.064160462600264,0.0468892517664793,0.00895640350095647,0.0135053297645338,0.00154470249158347,0.290286645014684,0.00789750109658608,0.453817236192656,0.112942467572257,"Human_Breast_Andersson_10142021_ST_B2"
"Human_Breast_Andersson_10142021_ST_B2_16x31",0.231703504282468,0.0481156354708277,0.0615300792309177,0.309622028757413,0.190746797112584,0.0290247835094005,0.0338809648473235,0.010718029778379,0.0846581770106863,"Human_Breast_Andersson_10142021_ST_B2"
"Human_Breast_Andersson_10142021_ST_B2_17x21",0.0699045012818007,0.0328444375995885,0.0675892727202107,0.59871227393151,0.0273392878384076,0.0616064604411387,0.0515432854304869,0.00126984072073488,0.0891906400361229,"Human_Breast_Andersson_10142021_ST_B2"
"Human_Breast_Andersson_10142021_ST_B2_17x26",0.398050503937376,0.177302608680759,0.0693390634429805,0.0143408882148217,0.0521579704459356,0.0599210562970829,0.0973707129821435,0.00321506080351005,0.128302135195391,"Human_Breast_Andersson_10142021_ST_B2"
"Human_Breast_Andersson_10142021_ST_B2_17x27",0.0927479131552163,0.0560451829378452,0.119332854478337,0.108887188803468,0.116607000183638,0.236571483223296,0.0937641904964991,0.0142982735325875,0.161745913189114,"Human_Breast_Andersson_10142021_ST_B2"
"Human_Breast_Andersson_10142021_ST_B2_17x28",0.0985460049995796,0.0304656956845298,0.327342793268551,0.0581866072260682,0.0212400943711248,0.0465552883919243,0.14057247985419,0.0521427438230417,0.224948292380991,"Human_Breast_Andersson_10142021_ST_B2"
"Human_Breast_Andersson_10142021_ST_B2_17x29",0.151729892218746,0.0642298801216764,0.0810107529092756,0.210494067837965,0.035254957272721,0.100766686784178,0.18863816911382,0.0176482874629855,0.150227306278632,"Human_Breast_Andersson_10142021_ST_B2"
"Human_Breast_Andersson_10142021_ST_B2_17x30",0.0244264308273098,0.0266716231154903,0.00250918520951911,0.00117854919426365,0.00145880785957897,0.0893402149072897,0.0756904104627173,0.662320493769131,0.1164042846547,"Human_Breast_Andersson_10142021_ST_B2"
"Human_Breast_Andersson_10142021_ST_B2_18x22",0.0374280240662893,0.0781658555570504,0.178040645547464,0.134814655716422,0.00315971282988565,0.274617857066622,0.068120207455938,0.135735919183715,0.0899171225766141,"Human_Breast_Andersson_10142021_ST_B2"
"Human_Breast_Andersson_10142021_ST_B2_18x25",0.247807198016197,0.128603626632389,0.247077238100375,0.0217960128074563,0.0144471868597348,0.0166007152267914,0.0235642885887662,0.114695524399818,0.185408209368473,"Human_Breast_Andersson_10142021_ST_B2"
"Human_Breast_Andersson_10142021_ST_B2_18x26",0.511538600106029,0.15812422060415,0.0778295111044826,0.00369406415831691,0.0192942739104889,0.0128927729290168,0.0445223603071071,0.0258966683756507,0.146207528504757,"Human_Breast_Andersson_10142021_ST_B2"
"Human_Breast_Andersson_10142021_ST_B2_18x27",0.221222852835015,0.0898974104584499,0.00182368299796092,0.00253001292609262,0.539694546754251,0.0513327084039249,0.00896265630216527,0.000256527121305893,0.0842796022008346,"Human_Breast_Andersson_10142021_ST_B2"
"Human_Breast_Andersson_10142021_ST_B2_18x28",0.115868503565907,0.0548837243563385,0.0290316497196375,0.154900589289271,0.0908654827368477,0.077980058712932,0.0386509602579657,0.101115998709626,0.336703032651474,"Human_Breast_Andersson_10142021_ST_B2"
"Human_Breast_Andersson_10142021_ST_B2_18x29",0.0483609508791739,0.0205757430747082,0.0142328177552824,0.000310665465332861,0.000695605181723457,0.000218037451180596,0.0517596834312382,0.671985100329295,0.191861396432065,"Human_Breast_Andersson_10142021_ST_B2"
"Human_Breast_Andersson_10142021_ST_B2_18x30",0.178572656815507,0.128137242096796,0.00355782191848034,0.0115386443911849,0.0498054903716895,0.189822717885398,0.0437617089994864,0.00949063142904092,0.385313086092416,"Human_Breast_Andersson_10142021_ST_B2"
"Human_Breast_Andersson_10142021_ST_B2_18x31",0.114080792279256,0.103765419677884,0.00203969243612561,0.039398377287934,0.09873624940098,0.0172562843486292,0.0554409061298513,0.485004028431731,0.0842782500076083,"Human_Breast_Andersson_10142021_ST_B2"
"Human_Breast_Andersson_10142021_ST_B2_19x23",0.155295300095581,0.0273644200806568,0.021573484872433,0.011890805161533,0.0108449427291505,0.165326862488849,0.0104650763612443,0.401446042442847,0.195793065767705,"Human_Breast_Andersson_10142021_ST_B2"
"Human_Breast_Andersson_10142021_ST_B2_19x25",0.0291474351219889,0.0318957004641328,0.0387230889803199,0.0461556096355755,0.295793980510433,0.105164313268789,0.0680489425798718,0.194679097577859,0.19039183186103,"Human_Breast_Andersson_10142021_ST_B2"
"Human_Breast_Andersson_10142021_ST_B2_19x26",0.0193280826281487,0.0360283704570203,0.101008411594336,0.016483508870132,0.0191240279006446,0.0661045006647807,0.233353250019737,0.364848037555678,0.143721810309523,"Human_Breast_Andersson_10142021_ST_B2"
"Human_Breast_Andersson_10142021_ST_B2_19x27",0.13863644413943,0.016104947717067,0.0707964069488896,0.0196754725862093,0.0955270691655983,0.0287536263625157,0.0581316232534248,0.35661994470489,0.215754465121976,"Human_Breast_Andersson_10142021_ST_B2"
"Human_Breast_Andersson_10142021_ST_B2_19x29",0.178566492789075,0.0893911700902818,0.0155772293490209,0.0152194268814038,0.0451305945541035,0.0968496250121477,0.0918087302355482,0.256633027213432,0.210823703874987,"Human_Breast_Andersson_10142021_ST_B2"
"Human_Breast_Andersson_10142021_ST_B2_19x30",0.284854616682507,0.0145494693348996,0.00759054835589176,0.363056747469981,0.145325647805133,0.084589042183929,0.0522347503804387,0.0090349807549654,0.0387641970322547,"Human_Breast_Andersson_10142021_ST_B2"
"Human_Breast_Andersson_10142021_ST_B2_19x31",0.10615925559254,0.0707314492293091,0.0977505404998528,0.323208862172302,0.0727041414793518,0.0161447230535971,0.0570548179316997,0.160287380762838,0.0959588292785097,"Human_Breast_Andersson_10142021_ST_B2"
"Human_Breast_Andersson_10142021_ST_B2_20x23",0.0649734371417922,0.163148320401871,0.27695726912841,0.0689721925529989,0.083721328862362,0.0745019948463506,0.0372416671021552,0.000557240167179234,0.229926549796881,"Human_Breast_Andersson_10142021_ST_B2"
"Human_Breast_Andersson_10142021_ST_B2_20x24",0.0352016837623699,0.0241115432861733,0.0132076552381967,0.12602818179049,0.0314410894144409,0.0345030420075248,0.050421138481659,0.544527590715537,0.140558075303608,"Human_Breast_Andersson_10142021_ST_B2"
"Human_Breast_Andersson_10142021_ST_B2_20x27",0.0185047742959031,0.153271931304298,0.111203769275402,0.00890059319889147,0.0181962828454342,0.125913855470107,0.0572825575356448,0.00200112275133285,0.504725113322987,"Human_Breast_Andersson_10142021_ST_B2"
"Human_Breast_Andersson_10142021_ST_B2_20x28",0.0078052030800129,0.0300004605317102,0.0549630353979547,0.00851718930442648,0.0234163382890297,0.0104777529425455,0.0741232351054696,0.57990229018008,0.210794495168771,"Human_Breast_Andersson_10142021_ST_B2"
"Human_Breast_Andersson_10142021_ST_B2_20x29",0.366812497346978,0.0192757902847166,0.0103191464529489,0.000683463219133283,0.00138074811071917,0.00266820494470305,0.00705202823920548,0.460755637388571,0.131052484013024,"Human_Breast_Andersson_10142021_ST_B2"
"Human_Breast_Andersson_10142021_ST_B2_20x30",0.0334825985771483,0.306676139895641,0.000585776760710514,0.00308309951200356,0.000789636238531225,0.122209275730718,0.0153929030473093,0.502574989595118,0.0152055806428194,"Human_Breast_Andersson_10142021_ST_B2"
"Human_Breast_Andersson_10142021_ST_B2_20x31",0.402710086839918,0.089172346713462,0.181296974920533,0.00219966613672149,0.0357982926976572,0.0102680492356065,0.00538840632597234,0.162291490165173,0.110874686964957,"Human_Breast_Andersson_10142021_ST_B2"
"Human_Breast_Andersson_10142021_ST_B2_21x24",0.685037938476615,0.113094969735381,0.0754201004150093,0.0299244241777126,0.0102158520175411,0.0248077346917244,0.00288158846347086,0.0170849362920111,0.0415324557305353,"Human_Breast_Andersson_10142021_ST_B2"
"Human_Breast_Andersson_10142021_ST_B2_21x28",0.310377473928081,0.377909672448481,0.0314997373276877,0.0343119411142425,0.0241820166437704,0.075769305928301,0.048560715624345,0.00706992696080907,0.0903192100242823,"Human_Breast_Andersson_10142021_ST_B2"
"Human_Breast_Andersson_10142021_ST_B2_21x29",0.665362099486475,0.0736436422596556,0.0251193987494981,0.00182125750213071,0.0346968826158787,0.0382060949598041,0.0820846059208414,0.00431291357834159,0.0747531049273747,"Human_Breast_Andersson_10142021_ST_B2"
"Human_Breast_Andersson_10142021_ST_B2_21x30",0.0732164081848708,0.0875939891866908,0.278838425114549,0.0342820930391172,0.0951758155370019,0.00798399199227752,0.287418357127659,0.0186861202792898,0.116804799538544,"Human_Breast_Andersson_10142021_ST_B2"
"Human_Breast_Andersson_10142021_ST_B2_21x31",0.0745555616517141,0.133895097513247,0.0276875661374974,0.17654922615125,0.0417195903521673,0.0491074270756334,0.100085713377273,0.245137710795269,0.15126210694595,"Human_Breast_Andersson_10142021_ST_B2"
"Human_Breast_Andersson_10142021_ST_B2_22x24",0.464467637805832,0.101968611381808,0.00525940826256689,0.0441810479751924,0.0271455648599714,0.0410173037291249,0.0219748662743565,0.208227648320194,0.0857579113909535,"Human_Breast_Andersson_10142021_ST_B2"
"Human_Breast_Andersson_10142021_ST_B2_22x26",0.0430384634149899,0.0877702778060399,0.117774362628166,0.13106297449044,0.0962606299959638,0.151828542393644,0.00584452048636727,0.294685329865916,0.0717348989184736,"Human_Breast_Andersson_10142021_ST_B2"
"Human_Breast_Andersson_10142021_ST_B2_22x28",0.386033326554428,0.157643203850674,0.0772975935306513,0.00101143107099555,0.000844814222169288,0.00518761522842943,0.00428231258017137,0.358939325922572,0.00876037703990844,"Human_Breast_Andersson_10142021_ST_B2"
"Human_Breast_Andersson_10142021_ST_B2_22x29",0.330083430559843,0.0690679831987617,0.0291398636780346,0.00224502950046778,0.0724036936988005,0.0439284502257787,0.0944718244097531,0.323342839911242,0.0353168848173186,"Human_Breast_Andersson_10142021_ST_B2"
"Human_Breast_Andersson_10142021_ST_B2_22x30",0.314320225555275,0.0272037653759446,0.0195972044060023,0.0116692848786696,0.00743627682880334,0.0166577589173946,0.308452103325508,0.241148225852143,0.0535151548602592,"Human_Breast_Andersson_10142021_ST_B2"
"Human_Breast_Andersson_10142021_ST_B2_22x31",0.150035293430392,0.113230899400201,0.0770252137789867,0.244082608481462,0.00935704677430183,0.135882853918538,0.224399495129558,0.00474819096425324,0.0412383981223072,"Human_Breast_Andersson_10142021_ST_B2"
"Human_Breast_Andersson_10142021_ST_B2_23x29",0.47715221077581,0.112675238587593,0.0710472470856018,0.00323521434055032,0.000410262999724243,0.277585389454177,0.0357109221848536,0.00161539143691273,0.0205681231347772,"Human_Breast_Andersson_10142021_ST_B2"
"Human_Breast_Andersson_10142021_ST_B2_23x30",0.22363897312445,0.118852983691898,0.147941729304056,0.0153646932904624,0.0579384029204264,0.0495076031116817,0.242893289182728,0.0346591500827578,0.109203175291539,"Human_Breast_Andersson_10142021_ST_B2"
"Human_Breast_Andersson_10142021_ST_B2_24x30",0.0307145566243553,0.111077129292733,0.00830010461847842,0.0136631042614785,0.030587722217083,0.0405721154956752,0.00373607453775712,0.358799911805955,0.402549281146484,"Human_Breast_Andersson_10142021_ST_B2"
"Human_Breast_Andersson_10142021_ST_B2_24x31",0.189020551732403,0.0278641425240364,0.0279253817299147,0.235828833572297,0.0376127608146993,0.00551831512220693,0.173478418748475,0.106922372067707,0.19582922368826,"Human_Breast_Andersson_10142021_ST_B2"
"Human_Breast_Andersson_10142021_ST_B2_25x31",0.0332684650307067,0.0260042836500449,0.0749371622861789,0.0348133578111913,0.0378280881643096,0.0394401383749168,0.0742692099337015,0.371622988609833,0.307816306139117,"Human_Breast_Andersson_10142021_ST_B2"
"Human_Breast_Andersson_10142021_ST_B2_2x18",0.225272842377684,0.0677053239771702,0.127919476271847,0.13598825678445,0.07773233700265,0.134765775897634,0.0469475346998251,0.0862303880761886,0.0974380649125512,"Human_Breast_Andersson_10142021_ST_B2"
"Human_Breast_Andersson_10142021_ST_B2_2x19",0.228806164322807,0.0532771674565641,0.0852862731526603,0.0449028503744362,0.0127754354223974,0.0826157486063989,0.0756360062427075,0.354075309061146,0.0626250453608828,"Human_Breast_Andersson_10142021_ST_B2"
"Human_Breast_Andersson_10142021_ST_B2_2x20",0.204767104054442,0.0765965467304715,0.0497507375592793,0.00626127920633817,0.0451272431243308,0.0467948205365465,0.0801285909468548,0.427458117091776,0.0631155607499609,"Human_Breast_Andersson_10142021_ST_B2"
"Human_Breast_Andersson_10142021_ST_B2_2x21",0.110480609815688,0.0756847768377739,0.135884918866193,0.0900632406657486,0.0462505908779191,0.112105580534676,0.103635803949735,0.223510645970899,0.102383832481368,"Human_Breast_Andersson_10142021_ST_B2"
"Human_Breast_Andersson_10142021_ST_B2_2x22",0.103510430850341,0.0546641700867342,0.0845946058591057,0.0329418094221387,0.0833218541858109,0.106782051732889,0.0700540023997421,0.253486833967509,0.210644241495729,"Human_Breast_Andersson_10142021_ST_B2"
"Human_Breast_Andersson_10142021_ST_B2_2x23",0.0932891391136447,0.0309619833554425,0.0422758454922703,0.0278666320628159,0.0706277710189613,0.0999860169031698,0.0697826372795019,0.313463499313717,0.251746475460477,"Human_Breast_Andersson_10142021_ST_B2"
"Human_Breast_Andersson_10142021_ST_B2_2x24",0.0572187895689921,0.0241668944762656,0.0487858967557479,0.0207779052681274,0.0447858197558923,0.0296454184811956,0.0734094395873364,0.368535582614481,0.332674253491962,"Human_Breast_Andersson_10142021_ST_B2"
"Human_Breast_Andersson_10142021_ST_B2_2x25",0.0980781827434926,0.0239893913709578,0.0573722128825525,0.0401107950200067,0.0661789426059329,0.049498035030111,0.0512718168834098,0.34867850209986,0.264822121363677,"Human_Breast_Andersson_10142021_ST_B2"
"Human_Breast_Andersson_10142021_ST_B2_2x26",0.0867973639523826,0.0300729093860342,0.0600486334099165,0.0249626026737385,0.0836711400241176,0.0972215839063136,0.0631387171761883,0.257265727717963,0.296821321753345,"Human_Breast_Andersson_10142021_ST_B2"
"Human_Breast_Andersson_10142021_ST_B2_2x27",0.121297007710404,0.0382795111127878,0.0591515549190275,0.0505450205367054,0.0830598795248733,0.0485257034489206,0.0566499191864532,0.211427197079474,0.331064206481354,"Human_Breast_Andersson_10142021_ST_B2"
"Human_Breast_Andersson_10142021_ST_B2_2x28",0.0847390342330685,0.0584931297614399,0.0801609312235092,0.0388992160148049,0.0697377030020005,0.0583795141427707,0.0678123689049782,0.270073417946843,0.271704684770586,"Human_Breast_Andersson_10142021_ST_B2"
"Human_Breast_Andersson_10142021_ST_B2_2x29",0.0916317815354381,0.0291687243110477,0.0507071420362891,0.0646195602426606,0.0515081118845433,0.0574581697930124,0.0413589750129107,0.275042150848446,0.338505384335652,"Human_Breast_Andersson_10142021_ST_B2"
"Human_Breast_Andersson_10142021_ST_B2_2x30",0.120571654301428,0.0414858081378088,0.0593394663468498,0.0741051921272104,0.144916680608252,0.0917658818322757,0.0336370199888558,0.229834278031099,0.20434401862622,"Human_Breast_Andersson_10142021_ST_B2"
"Human_Breast_Andersson_10142021_ST_B2_2x31",0.120365197380618,0.0516777559410734,0.0493381171836103,0.0489257143882236,0.0789786173619069,0.183411431326041,0.0407253429065728,0.22344321678445,0.203134606727504,"Human_Breast_Andersson_10142021_ST_B2"
"Human_Breast_Andersson_10142021_ST_B2_2x32",0.139626602392157,0.0576396579525623,0.0687172681267951,0.0607291805197663,0.115724302055298,0.235742751041202,0.0388157587426178,0.139111727891403,0.143892751278199,"Human_Breast_Andersson_10142021_ST_B2"
"Human_Breast_Andersson_10142021_ST_B2_3x15",0.107841536023044,0.0641295229038533,0.0161824245045738,0.0314401582277356,0.0253566419881038,0.0412028888916825,0.0406086029519169,0.577794220829762,0.0954440036793279,"Human_Breast_Andersson_10142021_ST_B2"
"Human_Breast_Andersson_10142021_ST_B2_3x16",0.040369810028213,0.0864550042623567,0.145224810196309,0.0236863505497114,0.0208645404717254,0.059744916578319,0.130485674030678,0.380339111007467,0.11282978287522,"Human_Breast_Andersson_10142021_ST_B2"
"Human_Breast_Andersson_10142021_ST_B2_3x17",0.0665197703040169,0.0677969777992813,0.0372195065401252,0.00280420134043321,0.00736292894002991,0.0573881867803172,0.0147899913401761,0.686977306645788,0.059141130309832,"Human_Breast_Andersson_10142021_ST_B2"
"Human_Breast_Andersson_10142021_ST_B2_3x18",0.0801510919153709,0.0214018776407381,0.0239764951207223,0.0167900286064787,0.0470170522812179,0.03550546133231,0.090137464069196,0.536408884299961,0.148611644734005,"Human_Breast_Andersson_10142021_ST_B2"
"Human_Breast_Andersson_10142021_ST_B2_3x19",0.141687608398717,0.0541718286897191,0.0590915758092988,0.0236702435583225,0.0225524363323547,0.043997786964823,0.14910528069387,0.454713227019046,0.0510100125338492,"Human_Breast_Andersson_10142021_ST_B2"
"Human_Breast_Andersson_10142021_ST_B2_3x20",0.107181513311753,0.0605315834140872,0.133362438058037,0.0546479693269044,0.0959470539797183,0.107311049066351,0.0641426352436144,0.28601134742352,0.0908644101760138,"Human_Breast_Andersson_10142021_ST_B2"
"Human_Breast_Andersson_10142021_ST_B2_3x21",0.162172560202436,0.0592271994080743,0.0934917389454003,0.0163499726189643,0.0170974633747948,0.157965935489558,0.298037533712493,0.140538475177802,0.0551191210704772,"Human_Breast_Andersson_10142021_ST_B2"
"Human_Breast_Andersson_10142021_ST_B2_3x22",0.100377843172623,0.0607087502663272,0.0466237865254639,0.125629053492594,0.0764895316349082,0.0789702308963485,0.0519486649319936,0.331354513148143,0.127897625931598,"Human_Breast_Andersson_10142021_ST_B2"
"Human_Breast_Andersson_10142021_ST_B2_3x23",0.108959886045949,0.0555965977592945,0.0496000493080465,0.0890925622836015,0.104003906848772,0.132394999415934,0.028033881447713,0.27644519938863,0.15587291750206,"Human_Breast_Andersson_10142021_ST_B2"
"Human_Breast_Andersson_10142021_ST_B2_3x24",0.149932986751732,0.0388606626127207,0.0407398832707386,0.0670038941958431,0.140782212984936,0.157707258204029,0.0306478054217623,0.192612449626172,0.181712846932067,"Human_Breast_Andersson_10142021_ST_B2"
"Human_Breast_Andersson_10142021_ST_B2_3x25",0.0653906625910062,0.0237519350850734,0.0400376113255599,0.0353953151641854,0.0748064471030378,0.0305744621539595,0.0783566724978104,0.341420554271552,0.310266339807815,"Human_Breast_Andersson_10142021_ST_B2"
"Human_Breast_Andersson_10142021_ST_B2_3x26",0.0901761309864943,0.0473656935901151,0.0763708564375417,0.0486135523600053,0.0940232874745324,0.0732131240933255,0.0467113626034622,0.278319389482706,0.245206602971817,"Human_Breast_Andersson_10142021_ST_B2"
"Human_Breast_Andersson_10142021_ST_B2_3x27",0.0928119810497871,0.0409233807544499,0.0525140276281112,0.0853820227978632,0.111267689204,0.0576921744659663,0.0478686348331678,0.231716955716816,0.279823133549838,"Human_Breast_Andersson_10142021_ST_B2"
