"","Endothelial","CAFs","PVL","B-cells","T-cells","Myeloid","Normal Epithelial","Plasmablasts","Cancer Epithelial","sid"
"Human_Breast_He_06222020_ST_BC23287_C2_6x29",0.0143956879345877,0.0402576919064702,0.167195713063638,2.31830713445795e-07,2.45626790586574e-08,0.0023440095866347,0.000713480710790635,0.654648870196053,0.120444290208433,"Human_Breast_He_06222020_ST_BC23287_C2"
"Human_Breast_He_06222020_ST_BC23287_C2_23x22",0.00307842812460209,0.461707829350908,0.000276970347931424,1.1435380451892e-06,4.4395010792165e-07,0.0184745084273344,3.55700456368347e-05,0.000329294888070457,0.516095811327364,"Human_Breast_He_06222020_ST_BC23287_C2"
"Human_Breast_He_06222020_ST_BC23287_C2_23x23",0.0343027405425583,0.237138124431204,0.205924068663039,0.000193273996439752,0.000998265132238501,0.0207773025899767,0.0510916420794771,0.0607372910214187,0.388837291543647,"Human_Breast_He_06222020_ST_BC23287_C2"
"Human_Breast_He_06222020_ST_BC23287_C2_23x24",0.273317963388004,0.152446869163334,0.221958503812072,0.000276905373095362,2.4651504997274e-07,0.041933068354756,0.0018207010462165,0.127221498598209,0.181024243749263,"Human_Breast_He_06222020_ST_BC23287_C2"
"Human_Breast_He_06222020_ST_BC23287_C2_23x27",2.8868140475367e-09,1.77944537038996e-06,3.54197533633881e-08,1.00385978549297e-11,2.398123955175e-10,1.09823137484637e-12,0.000253421451687962,0.0224515929713907,0.977293167574034,"Human_Breast_He_06222020_ST_BC23287_C2"
"Human_Breast_He_06222020_ST_BC23287_C2_23x28",0.000148703785232289,9.14753166959705e-05,3.41601361116293e-05,5.01086694427178e-09,9.70081596661657e-09,1.41485445904276e-09,0.00309478709334098,0.000868658153465175,0.995762199388617,"Human_Breast_He_06222020_ST_BC23287_C2"
"Human_Breast_He_06222020_ST_BC23287_C2_20x21",0.000386662223679917,0.0224615816487116,0.0301596392277859,1.44102504967777e-08,9.32666830783369e-09,0.000802629197541375,0.00110144001944555,0.271035731755922,0.674052292189995,"Human_Breast_He_06222020_ST_BC23287_C2"
"Human_Breast_He_06222020_ST_BC23287_C2_20x20",0.000106438673895848,0.0801493005981497,0.000280321858882331,0.683203836326758,0.000506026862852062,3.41441254526128e-06,0.0140012723807306,0.00199252059267845,0.219756868293508,"Human_Breast_He_06222020_ST_BC23287_C2"
"Human_Breast_He_06222020_ST_BC23287_C2_20x22",0.00272135671760977,0.184906692832555,0.0965258860686244,0.000175263316383358,3.720970970332e-06,0.00631884037173848,0.0028562762311831,0.0536841167556618,0.652807846735274,"Human_Breast_He_06222020_ST_BC23287_C2"
"Human_Breast_He_06222020_ST_BC23287_C2_18x28",3.18579263828481e-06,0.00100388863612654,3.33747794490699e-07,1.2665501451425e-11,1.68578519973251e-10,3.51483219599488e-10,0.00016135143332352,0.215914317851189,0.782916922006201,"Human_Breast_He_06222020_ST_BC23287_C2"
"Human_Breast_He_06222020_ST_BC23287_C2_18x29",4.23687489915263e-06,0.000219102920515023,1.07070736223552e-05,1.79472166296983e-09,1.82818760609407e-09,3.99607016603181e-07,0.0161225763947484,0.240190802737032,0.743452170769257,"Human_Breast_He_06222020_ST_BC23287_C2"
"Human_Breast_He_06222020_ST_BC23287_C2_18x26",1.29220717017036e-05,0.0157648740105831,3.85107024905169e-05,2.52728526260395e-10,3.69660629440561e-09,1.28447201305749e-07,0.000157538571314755,0.173201806463392,0.810824215783982,"Human_Breast_He_06222020_ST_BC23287_C2"
"Human_Breast_He_06222020_ST_BC23287_C2_18x27",8.13625165694306e-08,0.000118726123110962,2.12077447832969e-07,2.03185096944642e-08,5.46334092818743e-07,2.32626682779837e-09,2.7560443514541e-06,0.000438382198356543,0.999439273215347,"Human_Breast_He_06222020_ST_BC23287_C2"
"Human_Breast_He_06222020_ST_BC23287_C2_18x24",0.117478117128388,0.122963404212596,0.0368614223333575,6.60812463224967e-09,6.65380816442573e-10,0.0813317610178474,0.0038552203158707,0.393414065299995,0.24409600241844,"Human_Breast_He_06222020_ST_BC23287_C2"
"Human_Breast_He_06222020_ST_BC23287_C2_18x25",0.00110107216264076,0.118728420003592,0.00346834128322804,1.33111948617475e-05,1.01937864974081e-06,0.0255064677819083,0.00916489994265232,0.0950526812121121,0.746963787040355,"Human_Breast_He_06222020_ST_BC23287_C2"
"Human_Breast_He_06222020_ST_BC23287_C2_18x22",0.000222794397793053,0.314297465845182,0.22567337160644,1.81437890384895e-12,2.54500748692433e-14,0.0590856059228386,0.125335962986785,1.53258954561743e-13,0.275384799238968,"Human_Breast_He_06222020_ST_BC23287_C2"
"Human_Breast_He_06222020_ST_BC23287_C2_18x23",0.157111743772856,0.243664109793815,0.014579191781118,8.902074140155e-06,4.60349200911832e-07,0.132215820875395,5.11687193592381e-05,0.00205096316524533,0.45031763946887,"Human_Breast_He_06222020_ST_BC23287_C2"
"Human_Breast_He_06222020_ST_BC23287_C2_18x20",0.000229908488976048,0.0656953461353353,0.0220913367992728,7.31977916122245e-07,5.37267328260912e-07,8.84560341317923e-07,5.01098962613016e-05,0.0587100466847054,0.853221098189863,"Human_Breast_He_06222020_ST_BC23287_C2"
"Human_Breast_He_06222020_ST_BC23287_C2_18x21",0.00248682430892156,0.525371898872005,0.000170836287449714,6.781757810004e-10,7.61990266214125e-09,2.96779443232286e-08,0.00546958059050574,0.0295032662429156,0.43699755572218,"Human_Breast_He_06222020_ST_BC23287_C2"
"Human_Breast_He_06222020_ST_BC23287_C2_23x25",0.00556639157021328,0.183249604865999,0.144798042896289,7.22959557882118e-08,6.20850107331656e-08,0.000967369525449087,0.0198617970664693,0.240500832464315,0.405055827230299,"Human_Breast_He_06222020_ST_BC23287_C2"
"Human_Breast_He_06222020_ST_BC23287_C2_5x16",0.00563988073195265,0.217475101271867,0.0985405148056657,3.14853733852124e-07,2.63599143086926e-11,0.345408558303313,0.0133645227864444,0.0518499024703716,0.267721204750292,"Human_Breast_He_06222020_ST_BC23287_C2"
"Human_Breast_He_06222020_ST_BC23287_C2_23x26",1.49057053651942e-05,0.100478884006894,0.00725748305195853,1.49021626502958e-12,2.80905655650823e-11,8.55885907531863e-09,0.000611799804489665,0.013051939227052,0.8785849796158,"Human_Breast_He_06222020_ST_BC23287_C2"
"Human_Breast_He_06222020_ST_BC23287_C2_23x29",6.38703141061178e-07,0.0204970436775983,5.9745341425108e-06,4.705158273262e-12,8.85997270023575e-11,1.529358443938e-08,0.0458476901656354,0.00178516996613303,0.93186346756646,"Human_Breast_He_06222020_ST_BC23287_C2"
"Human_Breast_He_06222020_ST_BC23287_C2_8x17",6.06804009610174e-07,0.000311587016415403,4.74408852638287e-06,6.41980267586744e-12,5.05774819183532e-10,7.72872237170531e-12,0.545037298364193,0.00111340059727716,0.453532362609655,"Human_Breast_He_06222020_ST_BC23287_C2"
"Human_Breast_He_06222020_ST_BC23287_C2_5x17",1.88641376505597e-07,0.042787034867631,0.00045819462591947,1.19328674574885e-05,7.41362879009969e-08,3.12775732292479e-11,0.123425332449193,0.337316109670927,0.49600113270993,"Human_Breast_He_06222020_ST_BC23287_C2"
"Human_Breast_He_06222020_ST_BC23287_C2_8x20",3.22504758126023e-07,0.0315095694144162,0.213669200168957,1.56795551560801e-16,8.93471854679038e-13,0.0965260208293209,0.0235968200066041,0.17645112210818,0.45824694496687,"Human_Breast_He_06222020_ST_BC23287_C2"
"Human_Breast_He_06222020_ST_BC23287_C2_11x17",1.18714751917853e-07,0.00150942866466783,7.0868212257966e-07,1.84430994794679e-12,1.25563573021774e-10,2.11862121035981e-08,0.265023004018552,1.37258216638433e-11,0.73346671859256,"Human_Breast_He_06222020_ST_BC23287_C2"
"Human_Breast_He_06222020_ST_BC23287_C2_8x26",0.000171332825332865,0.0832136009625901,0.0947795890799648,0.000103799225598878,2.06923787205281e-05,0.0332164366321414,0.306316435246549,0.0984301720142099,0.383747941634892,"Human_Breast_He_06222020_ST_BC23287_C2"
"Human_Breast_He_06222020_ST_BC23287_C2_8x24",6.44732261474039e-05,0.000651605877958456,4.67435211347815e-06,0.399472890132438,0.00127366773819334,1.70425512162294e-07,0.185735287633527,0.00111713870675379,0.411680091907356,"Human_Breast_He_06222020_ST_BC23287_C2"
"Human_Breast_He_06222020_ST_BC23287_C2_8x25",2.45598911451739e-05,0.208410012191503,1.39511101939905e-06,0.0138353611411504,1.43062458382987e-06,0.0172229263913988,0.110361553684848,0.268934863236087,0.381207897728264,"Human_Breast_He_06222020_ST_BC23287_C2"
"Human_Breast_He_06222020_ST_BC23287_C2_8x15",0.000103968158251871,0.0249112626558855,0.420395236792658,0.00711506402414055,9.92170084954642e-09,0.0658054849334779,0.0733242422302735,0.0729580011384975,0.335386730145115,"Human_Breast_He_06222020_ST_BC23287_C2"
"Human_Breast_He_06222020_ST_BC23287_C2_20x32",5.88123483526171e-05,0.00935735636699728,0.00915997624296254,1.72630324976545e-07,8.77615900741525e-08,4.34021671935658e-08,0.0082637984187057,0.222567495583832,0.750592257245068,"Human_Breast_He_06222020_ST_BC23287_C2"
"Human_Breast_He_06222020_ST_BC23287_C2_20x33",4.07307877739906e-05,0.000203573970237127,0.000303038642422531,3.41986447939889e-13,6.75825499361435e-11,2.34519813666713e-11,0.0819469149752974,0.00918083912577922,0.908324902407113,"Human_Breast_He_06222020_ST_BC23287_C2"
"Human_Breast_He_06222020_ST_BC23287_C2_20x30",2.84192809862725e-08,0.00320699460589227,5.30591592930765e-06,3.04651176744727e-10,2.33252001425862e-07,6.24844196045967e-09,0.00773454888273219,0.0453835776673114,0.943669304703759,"Human_Breast_He_06222020_ST_BC23287_C2"
"Human_Breast_He_06222020_ST_BC23287_C2_20x31",2.97283043881757e-13,8.34763114019748e-13,2.58179741725929e-14,6.59560631980774e-18,1.20690592709426e-16,2.41674097345778e-15,0.283923938477154,0.000279497809849189,0.715796563711837,"Human_Breast_He_06222020_ST_BC23287_C2"
"Human_Breast_He_06222020_ST_BC23287_C2_20x34",5.27660498525556e-06,0.011413590348497,6.2234152019442e-06,2.60244612487373e-09,1.42979027468395e-08,1.75811343929257e-07,0.178564615305553,0.158493129006327,0.651516972607743,"Human_Breast_He_06222020_ST_BC23287_C2"
"Human_Breast_He_06222020_ST_BC23287_C2_8x14",5.91323986048319e-13,4.99088711119052e-05,1.30491810837581e-07,7.63122506245136e-14,9.20320082209093e-15,9.69521688455181e-13,0.11837844571609,0.0844554165439449,0.797116098375396,"Human_Breast_He_06222020_ST_BC23287_C2"
"Human_Breast_He_06222020_ST_BC23287_C2_20x17",0.000261499703017189,2.00149078144114e-05,2.29132739161099e-06,0.836721777652006,0.00644068174532569,1.99806567813001e-14,0.148910218447994,2.88855178716195e-09,0.00764351332787862,"Human_Breast_He_06222020_ST_BC23287_C2"
"Human_Breast_He_06222020_ST_BC23287_C2_6x31",1.17891007450338e-05,0.199604934492339,0.0197533030896262,5.37850451268653e-08,1.97123792991292e-11,0.157125711502657,0.0216357469337709,0.330678884138782,0.271189576937322,"Human_Breast_He_06222020_ST_BC23287_C2"
"Human_Breast_He_06222020_ST_BC23287_C2_7x29",0.00041914731938018,0.00949855414371835,0.129985623498142,1.9474387388025e-06,1.00211695362713e-07,0.0187439709093353,0.0227768453281358,0.174195279281114,0.64437853186974,"Human_Breast_He_06222020_ST_BC23287_C2"
"Human_Breast_He_06222020_ST_BC23287_C2_13x17",5.79256298860635e-06,0.20275965189809,0.312859155040978,2.44373173604765e-05,1.73853677085119e-08,0.201307411929706,0.00482050912161138,7.70525440542558e-09,0.278223017038642,"Human_Breast_He_06222020_ST_BC23287_C2"
"Human_Breast_He_06222020_ST_BC23287_C2_8x22",4.42670879395319e-09,0.0784939314567323,3.78404598553088e-09,1.4157464120657e-15,1.09221144952327e-12,1.77305782284509e-13,0.382465468848103,0.295183956019117,0.243856635464022,"Human_Breast_He_06222020_ST_BC23287_C2"
"Human_Breast_He_06222020_ST_BC23287_C2_11x15",0.248472150121057,0.0919941664999469,0.0591269769636543,3.83250937361782e-14,1.4917129533298e-14,0.134593967205034,0.083897473358654,0.071888766116507,0.310026499735093,"Human_Breast_He_06222020_ST_BC23287_C2"
"Human_Breast_He_06222020_ST_BC23287_C2_8x21",5.53433189175228e-06,9.92785157595918e-05,1.93486738208016e-06,3.04783549875189e-15,1.58080233631577e-16,2.37033348532563e-05,0.305529346785906,0.185274788095031,0.509065414069172,"Human_Breast_He_06222020_ST_BC23287_C2"
"Human_Breast_He_06222020_ST_BC23287_C2_8x27",5.35783088972748e-09,0.0644104199103599,0.00257095496280212,5.74159970757393e-12,7.51515234707449e-10,6.09993346520568e-11,4.35347958347687e-10,0.374497595640608,0.558521022874795,"Human_Breast_He_06222020_ST_BC23287_C2"
"Human_Breast_He_06222020_ST_BC23287_C2_8x28",2.77279713632748e-05,0.133632469291239,0.00389021140416623,4.759753299263e-07,4.05987082335471e-08,0.145923152131887,0.0910193450029834,0.0116673650132766,0.613839212611046,"Human_Breast_He_06222020_ST_BC23287_C2"
"Human_Breast_He_06222020_ST_BC23287_C2_8x29",0.000429689411769216,0.125458955209753,0.140103323196897,0.00401973839042197,0.000293372876963576,0.157217993929082,0.0175126061716385,0.203128655826363,0.351835664987112,"Human_Breast_He_06222020_ST_BC23287_C2"
"Human_Breast_He_06222020_ST_BC23287_C2_11x18",0.000195452911360591,0.0907069266818034,0.0869027031710388,0.436738913391739,0.000462157025641035,9.17586127202557e-05,0.00839439331382616,7.954274892977e-06,0.376499740616978,"Human_Breast_He_06222020_ST_BC23287_C2"
"Human_Breast_He_06222020_ST_BC23287_C2_11x19",0.0180558118756345,0.314829158194258,3.31034503322934e-05,3.49187115456624e-14,2.68579467100362e-12,4.26768317403706e-13,0.0245925753609353,0.00188174104894446,0.640607610066748,"Human_Breast_He_06222020_ST_BC23287_C2"
"Human_Breast_He_06222020_ST_BC23287_C2_17x15",0.0881997818089431,0.172283736089618,0.337669475513106,2.15921726909088e-13,5.96191948046024e-08,0.139249644420095,0.0583401015993234,0.0757770621834119,0.128480138766092,"Human_Breast_He_06222020_ST_BC23287_C2"
"Human_Breast_He_06222020_ST_BC23287_C2_17x16",0.00244687428217521,0.333046447679266,0.0401601926766042,2.30144474162884e-07,9.03469134356321e-08,0.165917518004574,0.0362531427151303,0.00083721566428758,0.421338288486574,"Human_Breast_He_06222020_ST_BC23287_C2"
"Human_Breast_He_06222020_ST_BC23287_C2_17x14",0.18051825271792,0.155706773807306,0.221118852773786,0.00254533066905496,1.07057389465726e-05,0.00239981964156707,0.0447313484341202,0.211076760185081,0.181892156032218,"Human_Breast_He_06222020_ST_BC23287_C2"
"Human_Breast_He_06222020_ST_BC23287_C2_10x26",2.30007315986074e-06,0.0611935999900615,2.19821451142132e-06,1.90750122861605e-07,2.37293769268117e-08,3.86460757872959e-05,0.065589180982202,0.0309504046558988,0.842223455528879,"Human_Breast_He_06222020_ST_BC23287_C2"
"Human_Breast_He_06222020_ST_BC23287_C2_10x27",3.67259128404806e-05,0.194554417818274,7.34116680482353e-07,0.00424105057362421,4.84808027981603e-05,4.69426390316484e-05,0.350168472535542,1.24813870869316e-07,0.450903050787338,"Human_Breast_He_06222020_ST_BC23287_C2"
"Human_Breast_He_06222020_ST_BC23287_C2_10x24",2.39063275837281e-09,0.000733435409797248,0.133452955873952,5.56630355169209e-16,8.65710548108179e-13,5.73710922782036e-09,2.30749975167891e-06,0.00548414325635451,0.860327149831536,"Human_Breast_He_06222020_ST_BC23287_C2"
"Human_Breast_He_06222020_ST_BC23287_C2_10x25",5.63077806013057e-06,0.000787593533777913,0.330611618660388,1.96873739214433e-06,6.60671115466163e-07,0.00903470533134717,0.0146704427490555,0.103271604904808,0.541615774634056,"Human_Breast_He_06222020_ST_BC23287_C2"
"Human_Breast_He_06222020_ST_BC23287_C2_10x22",3.56929886340455e-11,0.00679504648003425,0.209491769334902,5.34913072701849e-21,1.50366380946667e-15,1.45177764300512e-12,0.00125128408593405,3.36618003688862e-11,0.782461900028322,"Human_Breast_He_06222020_ST_BC23287_C2"
"Human_Breast_He_06222020_ST_BC23287_C2_10x23",0.263964477316511,0.0558297114132568,0.0453159888736146,6.86005459860314e-08,2.5486567994495e-07,9.85484112523852e-05,9.4535279485892e-05,0.377015258367731,0.257681156871922,"Human_Breast_He_06222020_ST_BC23287_C2"
"Human_Breast_He_06222020_ST_BC23287_C2_10x20",0.197226479160255,0.132143409705468,0.000170146089843173,4.51457045989473e-11,4.81616944688083e-07,0.0170825875431623,2.13491357809085e-05,0.358567885192265,0.294787661511136,"Human_Breast_He_06222020_ST_BC23287_C2"
"Human_Breast_He_06222020_ST_BC23287_C2_10x21",0.138682460401584,0.0114408362393409,0.00357364774717761,9.74066953745655e-08,8.06135062054956e-07,0.0176953577118956,2.92658512161129e-05,0.613669588153859,0.214907940353169,"Human_Breast_He_06222020_ST_BC23287_C2"
"Human_Breast_He_06222020_ST_BC23287_C2_10x28",5.60417289917581e-06,0.0027066042941826,0.00101322127899796,7.25498941575297e-14,1.1043274415537e-10,1.49405304810677e-07,0.0015535727350162,0.256258682467645,0.738462165535449,"Human_Breast_He_06222020_ST_BC23287_C2"
"Human_Breast_He_06222020_ST_BC23287_C2_10x29",2.24052232960448e-08,2.30985625663652e-05,1.53855643541825e-08,1.53228156182056e-12,5.47321872622692e-11,9.68709547301236e-07,0.0531559559806372,0.0359269365345258,0.910893002365671,"Human_Breast_He_06222020_ST_BC23287_C2"
"Human_Breast_He_06222020_ST_BC23287_C2_7x16",0.000313804252140822,0.00500168141541354,2.44436144969133e-06,2.83650001503657e-09,7.63537243026386e-09,0.000227066880002162,0.00310029910516415,0.638617013315945,0.352737680198013,"Human_Breast_He_06222020_ST_BC23287_C2"
"Human_Breast_He_06222020_ST_BC23287_C2_7x17",0.00697166808116957,0.00223162356569548,0.0964966947904729,0.611497754778843,0.00296685960510482,6.66411056087203e-09,0.143709612865511,4.85628401541514e-06,0.136120923365077,"Human_Breast_He_06222020_ST_BC23287_C2"
"Human_Breast_He_06222020_ST_BC23287_C2_7x14",0.35534513763859,0.00688584221174628,0.0783524867783753,1.19507774233725e-10,5.53323032668213e-11,0.117164607845529,2.99828787916633e-05,0.332237153443119,0.109984789029008,"Human_Breast_He_06222020_ST_BC23287_C2"
"Human_Breast_He_06222020_ST_BC23287_C2_7x15",0.156643546616854,0.0694579920433302,6.65755328383638e-06,4.05990218706448e-07,1.53211963060549e-09,1.60114154076413e-07,0.339841961387739,1.63656801486358e-14,0.434049274762284,"Human_Breast_He_06222020_ST_BC23287_C2"
"Human_Breast_He_06222020_ST_BC23287_C2_7x13",0.152214409545583,0.153089613393697,0.000166399395223,8.29213268813289e-14,5.66692005500977e-11,0.000191319576676029,0.0518666347639112,0.448602254581006,0.193869368687151,"Human_Breast_He_06222020_ST_BC23287_C2"
"Human_Breast_He_06222020_ST_BC23287_C2_7x18",0.000133792594137204,0.0310150803270535,0.120318242136258,5.59044934925838e-11,8.89014000740041e-12,0.0895741891454679,0.00350276269407206,4.39422515842993e-09,0.755455928643992,"Human_Breast_He_06222020_ST_BC23287_C2"
"Human_Breast_He_06222020_ST_BC23287_C2_7x19",1.11993320406764e-07,4.0515015606665e-07,2.31675995242432e-09,0.00026849703977092,1.49491444974878e-07,2.43964386204173e-09,0.351143856345552,0.00881013383401699,0.639776841389335,"Human_Breast_He_06222020_ST_BC23287_C2"
"Human_Breast_He_06222020_ST_BC23287_C2_19x34",1.76499451254994e-07,0.00135062425259069,4.43916426633114e-06,7.49788631479322e-10,1.17203074165957e-08,2.31569980282789e-08,0.0820337163084048,0.102330272236801,0.814280735911392,"Human_Breast_He_06222020_ST_BC23287_C2"
"Human_Breast_He_06222020_ST_BC23287_C2_19x32",1.74951585931597e-07,0.00894551194720338,6.14844471606077e-06,1.24483520369477e-12,3.10076415204846e-11,5.16035843658993e-07,0.0438634967258719,0.147729810824241,0.799454341038285,"Human_Breast_He_06222020_ST_BC23287_C2"
"Human_Breast_He_06222020_ST_BC23287_C2_19x33",1.21052908121427e-07,2.70265125215844e-07,1.23969360004139e-07,1.63364011515486e-11,2.24989091251173e-10,7.80624226723834e-10,0.00741585800141967,0.090310322467869,0.902273303221368,"Human_Breast_He_06222020_ST_BC23287_C2"
"Human_Breast_He_06222020_ST_BC23287_C2_19x30",1.11181896993803e-07,1.75638982269792e-08,8.81757244713133e-07,3.39683559097553e-11,2.37983386320864e-10,2.59335371224133e-11,1.03998558567959e-05,0.163007858587234,0.836980730755984,"Human_Breast_He_06222020_ST_BC23287_C2"
"Human_Breast_He_06222020_ST_BC23287_C2_19x31",6.90226439764727e-07,0.000238660518423123,6.73654520930041e-07,1.86811366671661e-11,1.55611679562488e-11,1.37994948336828e-07,0.0135736646633659,0.0374871160387111,0.948699056869349,"Human_Breast_He_06222020_ST_BC23287_C2"
"Human_Breast_He_06222020_ST_BC23287_C2_21x17",2.50827686513182e-05,0.0250031987761496,0.00193923906700656,1.04594148744326e-12,5.47094127215684e-11,0.0730162894857635,1.80716073423018e-06,8.56738975161596e-05,0.899928708788423,"Human_Breast_He_06222020_ST_BC23287_C2"
"Human_Breast_He_06222020_ST_BC23287_C2_21x16",1.26303632449859e-07,0.1997630343007,5.81242384976127e-08,2.78642537967785e-12,2.50235600671656e-08,1.9912115044337e-11,0.258180702568202,0.164267614450598,0.377788439206371,"Human_Breast_He_06222020_ST_BC23287_C2"
"Human_Breast_He_06222020_ST_BC23287_C2_9x25",4.89292505130481e-10,3.72263384395494e-08,3.2301043415001e-12,1.96701183093695e-12,1.69807413311549e-11,4.07552211640345e-10,0.0193839375599306,0.159818486760421,0.820797537534287,"Human_Breast_He_06222020_ST_BC23287_C2"
"Human_Breast_He_06222020_ST_BC23287_C2_9x24",0.0037956081284128,0.180579274329646,0.0314196076938431,0.000837385066175908,7.51289579511675e-05,0.11130327545411,0.0858822216604495,0.0415933053564945,0.544514193352917,"Human_Breast_He_06222020_ST_BC23287_C2"
"Human_Breast_He_06222020_ST_BC23287_C2_13x29",1.81404587989567e-05,0.114638952991898,1.14646063376471e-05,3.6000915164842e-12,1.24744443293669e-11,0.00141642100464322,0.181352187086492,0.181594575772826,0.52096825806293,"Human_Breast_He_06222020_ST_BC23287_C2"
"Human_Breast_He_06222020_ST_BC23287_C2_13x28",3.78207301329609e-09,0.292730515437509,0.00579695636152878,7.34051123067974e-09,8.52567438822412e-09,9.68378521939337e-07,0.125385786565063,0.0781666970076223,0.497919056601496,"Human_Breast_He_06222020_ST_BC23287_C2"
"Human_Breast_He_06222020_ST_BC23287_C2_12x28",2.56432004154428e-08,0.15914976570535,0.000586251530588022,8.54358513680933e-13,1.54211186023386e-12,1.3633214213314e-08,0.00755265539685573,2.47328342429013e-09,0.832711285615112,"Human_Breast_He_06222020_ST_BC23287_C2"
"Human_Breast_He_06222020_ST_BC23287_C2_12x29",4.85257757742937e-10,8.06922178078992e-06,9.59922719934806e-10,1.22613450678071e-13,1.1944440910662e-11,7.60545089078592e-12,1.81418338787363e-06,0.000275706107030653,0.999714409022948,"Human_Breast_He_06222020_ST_BC23287_C2"
"Human_Breast_He_06222020_ST_BC23287_C2_9x23",3.7204669865946e-10,2.65761715590605e-07,5.84292213338725e-08,7.85414870217724e-19,3.41937920628563e-16,6.37146516401874e-15,0.0859747689143747,0.0321573905450749,0.88186751597756,"Human_Breast_He_06222020_ST_BC23287_C2"
"Human_Breast_He_06222020_ST_BC23287_C2_9x22",1.70019824965449e-07,0.143373463445256,0.0385339967036511,5.31304237331067e-09,1.17723992334853e-11,0.057124710911824,0.00453394473715929,0.0781919641617964,0.678241744695673,"Human_Breast_He_06222020_ST_BC23287_C2"
"Human_Breast_He_06222020_ST_BC23287_C2_13x23",0.000297797029653846,0.0914063028056676,0.317460350052672,1.93579207088945e-11,4.34527534389987e-08,0.000252259658580273,0.0427482018485244,0.162191604114786,0.385643441018004,"Human_Breast_He_06222020_ST_BC23287_C2"
"Human_Breast_He_06222020_ST_BC23287_C2_12x25",1.58145040691599e-07,0.223236214834692,0.000828546967105832,2.46229737117318e-06,1.80646135198654e-09,2.55590981703119e-12,0.054759313858229,0.00106234999953762,0.720110952089007,"Human_Breast_He_06222020_ST_BC23287_C2"
"Human_Breast_He_06222020_ST_BC23287_C2_12x26",8.33098049817473e-06,0.0925153115746207,6.40375779216369e-05,2.72331433792244e-10,3.70061516624325e-11,8.02268797979179e-06,0.000144158685627876,0.00118307259752993,0.906077065586484,"Human_Breast_He_06222020_ST_BC23287_C2"
"Human_Breast_He_06222020_ST_BC23287_C2_13x20",0.00306328195113321,0.0574852032276756,1.85599508737787e-06,4.83248620146407e-18,1.86280668422222e-16,4.71502858590092e-16,0.000927894556139651,0.817369451761145,0.121152312508819,"Human_Breast_He_06222020_ST_BC23287_C2"
"Human_Breast_He_06222020_ST_BC23287_C2_9x29",1.87509874748926e-05,0.0198436237375954,0.0306243738292428,1.99675109137925e-15,2.17186306766965e-13,9.66977255151733e-10,0.0077159759706462,2.9124109260702e-08,0.941797245383735,"Human_Breast_He_06222020_ST_BC23287_C2"
"Human_Breast_He_06222020_ST_BC23287_C2_13x26",0.0950679297218335,7.55495208985791e-05,7.57195504679507e-06,4.31435633586553e-11,1.58165310521828e-09,4.55253406963871e-11,0.00220406009191222,0.549973006759405,0.352671880280581,"Human_Breast_He_06222020_ST_BC23287_C2"
"Human_Breast_He_06222020_ST_BC23287_C2_13x25",0.0136292596271194,0.0775294140908486,0.00283153225989604,1.82577967420859e-12,1.18665147453993e-09,8.91490610143406e-11,6.81265672017513e-08,0.404307057864758,0.501702666753185,"Human_Breast_He_06222020_ST_BC23287_C2"
"Human_Breast_He_06222020_ST_BC23287_C2_12x23",2.62746062836843e-06,0.00951906143456899,0.0740168956183117,3.12644221069505e-08,4.87519320638127e-08,0.120293786980516,1.9071531086788e-07,5.32764875940577e-06,0.796162030125551,"Human_Breast_He_06222020_ST_BC23287_C2"
"Human_Breast_He_06222020_ST_BC23287_C2_13x21",0.0941914880585995,0.196556989276366,0.0589506767991029,1.80605410713507e-09,4.2794964651532e-11,1.13150666892633e-12,0.0007016062466216,0.21483417881171,0.43476505895762,"Human_Breast_He_06222020_ST_BC23287_C2"
"Human_Breast_He_06222020_ST_BC23287_C2_11x29",1.23434444462449e-07,1.50245149408686e-05,3.86432982992528e-07,2.32061091879424e-15,4.51535721230262e-13,8.67113893912534e-11,0.00016501722661485,0.00316831673265447,0.996651131571197,"Human_Breast_He_06222020_ST_BC23287_C2"
"Human_Breast_He_06222020_ST_BC23287_C2_11x28",1.63567590855075e-06,0.00129048731886372,0.00689735480777469,6.29829894784901e-12,1.29336127228438e-11,1.34648180172565e-07,0.0185602158622775,0.226791511185356,0.746458660482407,"Human_Breast_He_06222020_ST_BC23287_C2"
"Human_Breast_He_06222020_ST_BC23287_C2_14x31",2.10382128941092e-05,0.113862300198925,0.0318105305937805,1.24999493032914e-12,2.00105631817157e-12,5.30481632676636e-05,0.0591406378616363,0.466315699238371,0.328796745727875,"Human_Breast_He_06222020_ST_BC23287_C2"
"Human_Breast_He_06222020_ST_BC23287_C2_14x30",5.60358218720243e-06,0.179421612574442,0.000191199864822821,3.58959567638494e-11,5.90453911219684e-10,1.82542348637401e-05,0.103708540810498,0.0282271674180732,0.688427620888763,"Human_Breast_He_06222020_ST_BC23287_C2"
"Human_Breast_He_06222020_ST_BC23287_C2_14x32",3.62186274204501e-07,0.0808923450381108,1.36118169791826e-05,2.65377100117856e-10,3.10262549075714e-09,1.44304143666372e-05,0.000393602876507962,0.0333526362574106,0.885333008042348,"Human_Breast_He_06222020_ST_BC23287_C2"
"Human_Breast_He_06222020_ST_BC23287_C2_11x21",0.0125570640528024,0.065867050236236,0.2392945455111,5.54858559817094e-11,2.11845681528248e-10,4.44870705076556e-07,0.0355564384880532,0.468260433961757,0.178464022612015,"Human_Breast_He_06222020_ST_BC23287_C2"
"Human_Breast_He_06222020_ST_BC23287_C2_3x28",0.015275968483023,0.104991048225583,0.0200387765308871,3.18254075113357e-05,2.1692974902916e-06,2.55915167542527e-09,0.00183633407167079,0.489700093267396,0.368123782157287,"Human_Breast_He_06222020_ST_BC23287_C2"
"Human_Breast_He_06222020_ST_BC23287_C2_13x27",0.0563540481892836,0.0665202810217576,0.00495352886647175,7.11849302023015e-11,1.52015520665464e-09,0.00502046254186822,0.00257485503262906,0.182158428648761,0.682418394107889,"Human_Breast_He_06222020_ST_BC23287_C2"
"Human_Breast_He_06222020_ST_BC23287_C2_18x17",0.262167493819824,0.214104846126791,0.264392866996873,0.0186474670783541,0.00175909908213515,0.0153761627285724,0.136817110589619,1.54321199149374e-06,0.0867334103658409,"Human_Breast_He_06222020_ST_BC23287_C2"
"Human_Breast_He_06222020_ST_BC23287_C2_18x14",6.84203689605354e-08,0.211152142943829,1.16399271908142e-13,2.29124287880136e-16,2.30381285579287e-16,5.26363655926603e-05,0.00282079081858866,0.375429898341629,0.410544463109875,"Human_Breast_He_06222020_ST_BC23287_C2"
"Human_Breast_He_06222020_ST_BC23287_C2_11x14",0.0856098156717853,0.0636718180764307,0.637782127841775,8.76614266973117e-08,4.10236262786495e-07,0.0012147790105178,0.0125628719046605,0.0424032458896025,0.156754843707539,"Human_Breast_He_06222020_ST_BC23287_C2"
"Human_Breast_He_06222020_ST_BC23287_C2_13x24",1.68219755188224e-07,0.127955713406245,0.000122150602804592,0.208489964621588,4.63616940718348e-07,0.105954486727731,0.170849130352141,7.19473573885712e-08,0.386627850505437,"Human_Breast_He_06222020_ST_BC23287_C2"
"Human_Breast_He_06222020_ST_BC23287_C2_6x15",1.86730173090072e-07,0.042315488322274,0.00119501719526638,8.3686791728129e-08,1.93509754528658e-07,6.05623378681325e-05,0.0371767753021473,0.574913219001517,0.344338473914207,"Human_Breast_He_06222020_ST_BC23287_C2"
"Human_Breast_He_06222020_ST_BC23287_C2_6x14",3.26572037842167e-05,0.0765495646021213,0.000562225522731653,3.67414835252624e-08,1.26073251260927e-08,0.154465650218226,0.0239945059588538,0.0310504451949436,0.71334490195053,"Human_Breast_He_06222020_ST_BC23287_C2"
"Human_Breast_He_06222020_ST_BC23287_C2_6x17",0.000114795674544506,0.0101242622161077,9.94037188655797e-05,0.880931521412297,0.00325704838761541,1.85789379039695e-14,0.0805563136178989,2.35427837750781e-05,0.0248931121888777,"Human_Breast_He_06222020_ST_BC23287_C2"
"Human_Breast_He_06222020_ST_BC23287_C2_4x14",0.000121946632632099,0.0385219833461006,0.167801623085908,1.24220112789082e-17,6.0683701010484e-18,3.47181479448654e-12,0.0296352486882944,0.738776361022766,0.0251428372208265,"Human_Breast_He_06222020_ST_BC23287_C2"
"Human_Breast_He_06222020_ST_BC23287_C2_11x16",0.075167106115353,0.202369487105727,0.0274694239646232,5.9089410378378e-07,2.5720260850719e-09,0.0037465523320089,0.101104533176481,0.00013370233177561,0.590008601507901,"Human_Breast_He_06222020_ST_BC23287_C2"
"Human_Breast_He_06222020_ST_BC23287_C2_16x32",3.2681638866123e-07,0.00288087572673901,2.30088395302573e-06,1.21178477940376e-12,2.21179057774315e-11,1.79641214269929e-07,0.00169628359949678,0.160499793126059,0.83492024018282,"Human_Breast_He_06222020_ST_BC23287_C2"
"Human_Breast_He_06222020_ST_BC23287_C2_16x31",2.54898981101873e-05,0.000623608559069068,0.000200094389503316,8.52738635319017e-11,8.16940724755023e-10,6.1617656440469e-11,0.14449175634629,0.0925822256561076,0.762076824187087,"Human_Breast_He_06222020_ST_BC23287_C2"
"Human_Breast_He_06222020_ST_BC23287_C2_16x30",2.46158783474222e-08,0.0180617428478301,9.17066386612616e-06,1.05091023309535e-09,1.14277886815898e-09,8.12229264292624e-09,0.00859572263664819,0.123199592534661,0.850133736385135,"Human_Breast_He_06222020_ST_BC23287_C2"
"Human_Breast_He_06222020_ST_BC23287_C2_14x17",7.25176741400162e-11,0.00019078480826029,8.70241617291575e-10,2.93009110509992e-14,3.98839196396376e-10,0.0425359084106243,1.02056478294082e-07,4.6805985641765e-16,0.957273203383009,"Human_Breast_He_06222020_ST_BC23287_C2"
"Human_Breast_He_06222020_ST_BC23287_C2_4x13",1.2581608098865e-07,0.0392220196146854,2.24600657587729e-05,1.05697809693954e-20,1.20588631986505e-13,5.13169175968815e-17,1.42456171970477e-08,0.183412035872466,0.777343344385271,"Human_Breast_He_06222020_ST_BC23287_C2"
"Human_Breast_He_06222020_ST_BC23287_C2_4x17",0.0238938704598026,7.78679248378361e-10,0.594242808847794,1.73327973454437e-11,5.01917860558496e-12,0.000128656254928773,2.00519566349142e-05,0.00778361428753221,0.373930997392277,"Human_Breast_He_06222020_ST_BC23287_C2"
"Human_Breast_He_06222020_ST_BC23287_C2_4x16",0.00268487855636711,0.0234104592080494,0.00604902857071701,2.90237314067056e-10,3.46421497429908e-08,5.01167826770094e-06,0.0401971193464824,0.00597832551788745,0.921675142189842,"Human_Breast_He_06222020_ST_BC23287_C2"
"Human_Breast_He_06222020_ST_BC23287_C2_4x15",0.0283611539513118,0.0532318967961625,6.62858886737108e-06,1.4099259891637e-11,2.19572302124557e-09,3.47077955565702e-07,0.00727009864442618,0.287746761942167,0.623383110789287,"Human_Breast_He_06222020_ST_BC23287_C2"
"Human_Breast_He_06222020_ST_BC23287_C2_14x16",0.0392142835872761,0.0762630331364025,0.242546264292572,2.62482084676583e-08,2.15520925427546e-09,0.0186142496479133,0.0621285128465254,0.121410792940391,0.439822835145502,"Human_Breast_He_06222020_ST_BC23287_C2"
"Human_Breast_He_06222020_ST_BC23287_C2_17x21",0.00189812473362772,0.500934305485985,0.0082983857986245,4.88129848288823e-09,2.54224007746702e-10,0.15220788021359,0.0106448085582896,0.0862850875361483,0.239731402538212,"Human_Breast_He_06222020_ST_BC23287_C2"
"Human_Breast_He_06222020_ST_BC23287_C2_14x15",0.0557312516106646,0.109327362093962,0.0590184403788687,0.249063234931576,0.0477240530323223,0.0867782702052413,0.0209929073069029,0.274872656400642,0.0964918240398196,"Human_Breast_He_06222020_ST_BC23287_C2"
"Human_Breast_He_06222020_ST_BC23287_C2_14x21",0.0920692413243341,0.136692615389623,0.486811149313208,1.47405143014402e-12,1.70205066884184e-05,0.00572704195596407,0.00131283088598293,2.75671554557629e-09,0.277370097866011,"Human_Breast_He_06222020_ST_BC23287_C2"
"Human_Breast_He_06222020_ST_BC23287_C2_11x32",3.40122855435128e-05,0.023588517416003,4.40305231370718e-05,2.89080745914099e-08,9.28815393249296e-09,2.05697132008173e-06,0.0259521347073171,0.0922750499343902,0.85810415996606,"Human_Breast_He_06222020_ST_BC23287_C2"
"Human_Breast_He_06222020_ST_BC23287_C2_12x15",4.28588668173584e-05,0.188643282242877,0.230114256577112,4.63372774995977e-05,2.32018239185657e-09,0.00175696865008058,0.135316515161557,0.105608410764439,0.338471368139435,"Human_Breast_He_06222020_ST_BC23287_C2"
"Human_Breast_He_06222020_ST_BC23287_C2_12x14",3.13911420801572e-07,0.207569469973098,0.0423849972449851,0.227343386968519,2.72839547609507e-09,0.395917873064303,0.00587291352960204,1.3841229661225e-06,0.12090965845671,"Human_Breast_He_06222020_ST_BC23287_C2"
"Human_Breast_He_06222020_ST_BC23287_C2_12x16",0.0670445671420329,0.241472523597439,0.493994309447772,1.07354437074581e-10,1.9470138595266e-11,0.00406851332696975,0.0748297899558092,8.47374347062432e-11,0.118590296318415,"Human_Breast_He_06222020_ST_BC23287_C2"
"Human_Breast_He_06222020_ST_BC23287_C2_14x24",9.72507672442276e-06,0.0155848164907467,0.13157825902964,3.42623431532819e-07,5.0926642360848e-08,1.47201873085309e-06,0.417774424327864,0.000921408846629785,0.434129500659591,"Human_Breast_He_06222020_ST_BC23287_C2"
"Human_Breast_He_06222020_ST_BC23287_C2_14x25",1.74541662545113e-07,2.72576483296133e-05,0.0685600520073521,3.15151404791999e-09,2.63735691185032e-10,2.55150000273561e-06,0.0264158353962732,0.0179084199017074,0.887085705589423,"Human_Breast_He_06222020_ST_BC23287_C2"
"Human_Breast_He_06222020_ST_BC23287_C2_12x19",0.00179313088329583,0.0101149781958016,0.00302914870672741,3.75499609885271e-11,1.19009855136565e-09,4.29328194130656e-07,0.178332949646638,0.0943107696835932,0.712418592328102,"Human_Breast_He_06222020_ST_BC23287_C2"
"Human_Breast_He_06222020_ST_BC23287_C2_12x18",0.305982293003744,0.0501103085156189,0.0569008003772929,1.16648744861352e-11,1.80600414924063e-07,1.11683183837637e-06,0.0573168364533447,0.0695367480442524,0.460151716161829,"Human_Breast_He_06222020_ST_BC23287_C2"
"Human_Breast_He_06222020_ST_BC23287_C2_5x13",1.85412073977582e-08,0.0987484218023716,0.0879807940654398,1.13421032932822e-14,5.3515729584332e-13,1.21705690729508e-08,0.691274206223215,0.0270601784205297,0.094936368776121,"Human_Breast_He_06222020_ST_BC23287_C2"
"Human_Breast_He_06222020_ST_BC23287_C2_9x18",0.0729299346466157,0.116745364508907,0.000683121603328201,4.80226128932196e-08,8.57648356416637e-10,0.30812546499922,0.00371297331510884,9.00260820402091e-06,0.497794089438355,"Human_Breast_He_06222020_ST_BC23287_C2"
"Human_Breast_He_06222020_ST_BC23287_C2_9x19",0.00330123803842488,0.136741381189769,0.259681455535257,1.24049753626656e-09,9.87158426457489e-09,3.35819972989206e-05,0.117475207674696,2.25822044405849e-08,0.482767101870268,"Human_Breast_He_06222020_ST_BC23287_C2"
"Human_Breast_He_06222020_ST_BC23287_C2_8x19",3.13327845551857e-05,0.130005128023747,0.318976654267222,1.99208798198325e-08,4.7608888099374e-11,0.0776832543794384,0.114682287137664,0.143634744875494,0.21498657856339,"Human_Breast_He_06222020_ST_BC23287_C2"
"Human_Breast_He_06222020_ST_BC23287_C2_5x28",2.00585646587623e-07,0.0629590122050751,2.69385056255054e-06,3.35294077567622e-05,4.0216903704533e-05,0.000497327570827932,0.169337830703659,3.96008623629175e-10,0.767129188376759,"Human_Breast_He_06222020_ST_BC23287_C2"
"Human_Breast_He_06222020_ST_BC23287_C2_14x14",0.056935567140017,0.186851938413746,6.78973023823772e-05,9.49420861068984e-07,8.03439275810343e-05,0.284144492081192,0.00330540615040161,0.453265630246932,0.0153477753168869,"Human_Breast_He_06222020_ST_BC23287_C2"
"Human_Breast_He_06222020_ST_BC23287_C2_14x18",0.0331513260129212,0.0811201905752595,0.0210593333341738,2.83816583734044e-11,2.26687439172537e-09,0.000390640698463515,6.45066534715849e-05,0.0253449232630584,0.838869077167396,"Human_Breast_He_06222020_ST_BC23287_C2"
"Human_Breast_He_06222020_ST_BC23287_C2_5x30",0.000813231072418397,0.229589161046843,0.0828640830342787,1.90514128333398e-14,1.00542436766381e-12,1.76946068370709e-06,0.0594153439456728,8.1165967655256e-12,0.627316411430962,"Human_Breast_He_06222020_ST_BC23287_C2"
"Human_Breast_He_06222020_ST_BC23287_C2_9x15",9.04906335350627e-06,0.0986126372680407,0.372622290365512,0.00265114741793108,0.00201446825254418,4.14540728654847e-13,0.340535454804215,0.000118391774591196,0.183436561053398,"Human_Breast_He_06222020_ST_BC23287_C2"
"Human_Breast_He_06222020_ST_BC23287_C2_15x18",0.000874687471175477,0.0146911511557428,0.329312878237046,1.50187373771984e-08,1.01919613748454e-05,0.00582328212921001,0.136034890651142,0.379552051996032,0.133700851379539,"Human_Breast_He_06222020_ST_BC23287_C2"
"Human_Breast_He_06222020_ST_BC23287_C2_15x19",5.40931133637459e-16,1.31302793712638e-11,2.49720765880893e-08,6.46781989747742e-06,1.91572708488451e-06,4.19234173993488e-12,7.59474050507522e-08,3.14366063792333e-16,0.999991515516213,"Human_Breast_He_06222020_ST_BC23287_C2"
"Human_Breast_He_06222020_ST_BC23287_C2_15x13",0.0325373057663222,0.0620707579419541,0.272279720154092,2.12859624411763e-08,4.5425478566471e-07,0.00568580869258022,0.000205054894431163,0.306552994705818,0.320667882304054,"Human_Breast_He_06222020_ST_BC23287_C2"
"Human_Breast_He_06222020_ST_BC23287_C2_15x14",0.0123067845331263,0.165413391110585,0.0981704528366702,2.91906380054185e-07,1.81711175445813e-10,0.378417061268027,0.000187080339154349,0.345452121440702,5.28163836431704e-05,"Human_Breast_He_06222020_ST_BC23287_C2"
"Human_Breast_He_06222020_ST_BC23287_C2_15x15",0.363196006741239,0.176558544473925,0.0538668987493506,0.000966114102143041,0.00302581059743153,0.0480434383530059,0.0765013665344529,0.0199609658389948,0.257880854609458,"Human_Breast_He_06222020_ST_BC23287_C2"
"Human_Breast_He_06222020_ST_BC23287_C2_15x16",0.115039081812289,0.332632725960153,0.00677263231178572,1.57136230795075e-05,2.34207925371452e-07,0.0721010911524973,0.000219755662988761,0.144913210836907,0.328305554432374,"Human_Breast_He_06222020_ST_BC23287_C2"
"Human_Breast_He_06222020_ST_BC23287_C2_17x29",4.74737580258329e-08,0.000178500062535287,3.74837985536654e-08,2.67499097153238e-11,6.30488020136877e-11,5.15650061988763e-10,0.002794754364479,0.00249355377831502,0.994533106231665,"Human_Breast_He_06222020_ST_BC23287_C2"
"Human_Breast_He_06222020_ST_BC23287_C2_17x28",1.28822200386737e-08,0.000150186494359312,2.23340103097247e-06,1.46504621731706e-11,2.96204621258405e-11,1.24562854103306e-08,0.0354534132175986,0.073455555833006,0.890938585671229,"Human_Breast_He_06222020_ST_BC23287_C2"
"Human_Breast_He_06222020_ST_BC23287_C2_17x26",0.00231666500039554,0.031704427262107,0.00622256589520936,4.91315333306934e-07,1.15317502687176e-07,4.12933652735201e-09,0.00264933041044212,0.118326400171856,0.838780000497817,"Human_Breast_He_06222020_ST_BC23287_C2"
"Human_Breast_He_06222020_ST_BC23287_C2_17x25",0.000902473390542445,0.148594393996702,0.000171129114368818,1.04261765516306e-12,1.13749623541731e-10,3.73093833863019e-08,0.00435190026804272,0.119560509206292,0.726419556599876,"Human_Breast_He_06222020_ST_BC23287_C2"
"Human_Breast_He_06222020_ST_BC23287_C2_17x24",0.0107193159936884,0.24969388924832,0.0144593258356438,6.97557853421705e-10,5.30766303507873e-11,0.156590424337047,0.407902172951871,0.0343550425157408,0.126279828367055,"Human_Breast_He_06222020_ST_BC23287_C2"
