"","Endothelial","CAFs","PVL","B-cells","T-cells","Myeloid","Normal Epithelial","Plasmablasts","Cancer Epithelial","sid"
"Human_Breast_Andersson_10142021_ST_A6_10x16",0.0273840807556907,0.0165216166822108,0.00733975260492087,0.0289454476292641,0.00700700831615307,0.0103461445973185,0.0121836183797657,0.143737599909158,0.746534731125519,"Human_Breast_Andersson_10142021_ST_A6"
"Human_Breast_Andersson_10142021_ST_A6_10x17",0.0497748271658151,0.100750114169094,0.0245782376810752,0.0527863714540594,0.0330880921721242,0.0173716496915381,0.0109431734333371,0.106658317041072,0.604049217191885,"Human_Breast_Andersson_10142021_ST_A6"
"Human_Breast_Andersson_10142021_ST_A6_10x18",0.0926696397875401,0.0954584726633688,0.0357308895063522,0.017530477242922,0.0244344637435829,0.0184585490948509,0.00785673635007333,0.250477463965729,0.457383307645581,"Human_Breast_Andersson_10142021_ST_A6"
"Human_Breast_Andersson_10142021_ST_A6_10x19",0.0274090281026504,0.119285551291504,0.0141948749175685,0.00362921106196692,0.00301701414206926,0.0306454428814037,0.00323766535047221,0.27315707534826,0.525424136904105,"Human_Breast_Andersson_10142021_ST_A6"
"Human_Breast_Andersson_10142021_ST_A6_10x20",0.148768186332346,0.0681518342763042,0.0195245450825943,0.0142713186570396,0.0355634570114485,0.0956141276449232,0.00556209918875618,0.0558205240014054,0.556723907805183,"Human_Breast_Andersson_10142021_ST_A6"
"Human_Breast_Andersson_10142021_ST_A6_10x21",0.0483503227321791,0.027512315829419,0.00823156820282504,0.0110762399510831,0.00762768592236899,0.0104636194235947,0.00791331796775688,0.143192899407724,0.735632030563049,"Human_Breast_Andersson_10142021_ST_A6"
"Human_Breast_Andersson_10142021_ST_A6_10x22",0.0477315376271034,0.137541353992282,0.0516155082412659,0.00922526886201328,0.02439651216872,0.0516470232684525,0.00664058254045071,0.286510311508576,0.384691901791136,"Human_Breast_Andersson_10142021_ST_A6"
"Human_Breast_Andersson_10142021_ST_A6_10x23",0.13753987905934,0.143730580942652,0.0442099000716354,0.0214135162464051,0.0232290499680978,0.0588541314568703,0.00536022948706697,0.112041053522238,0.453621659245695,"Human_Breast_Andersson_10142021_ST_A6"
"Human_Breast_Andersson_10142021_ST_A6_10x24",0.141675463202544,0.132561228923121,0.0673812697966892,0.0169248689593119,0.0338962993784057,0.0578945456968796,0.0127863669010208,0.164672499606386,0.372207457535641,"Human_Breast_Andersson_10142021_ST_A6"
"Human_Breast_Andersson_10142021_ST_A6_10x25",0.150304625821476,0.0650514233302197,0.0355603554099848,0.0259806090426188,0.0482985677530861,0.0482188202089994,0.012242951922993,0.276595845852981,0.33774680065764,"Human_Breast_Andersson_10142021_ST_A6"
"Human_Breast_Andersson_10142021_ST_A6_10x26",0.0582558361683539,0.0432816719652172,0.0159240637336344,0.0152886184821472,0.0308719262454955,0.0220218492615279,0.00290758971911615,0.1341077151712,0.677340729253308,"Human_Breast_Andersson_10142021_ST_A6"
"Human_Breast_Andersson_10142021_ST_A6_10x27",0.0505146308486338,0.102946021062753,0.0149651880075853,0.0383821338754801,0.0264576079024001,0.0275232020529896,0.00386609681251487,0.0869312297144332,0.64841388972321,"Human_Breast_Andersson_10142021_ST_A6"
"Human_Breast_Andersson_10142021_ST_A6_10x28",0.0965344673969759,0.100110184760914,0.0299095715305258,0.0480670732371761,0.0142376693949633,0.057763964709462,0.0148111172755253,0.0663036762833801,0.572262275411078,"Human_Breast_Andersson_10142021_ST_A6"
"Human_Breast_Andersson_10142021_ST_A6_10x29",0.0827147530644811,0.107841648983315,0.032450110639614,0.024434968670772,0.0233535581667148,0.0317885870578612,0.0168586938677858,0.296906914991552,0.383650764557904,"Human_Breast_Andersson_10142021_ST_A6"
"Human_Breast_Andersson_10142021_ST_A6_10x30",0.0787966163834932,0.115010035159972,0.0238867306518454,0.0401917176164182,0.0214027029086695,0.0812744860963845,0.00742790554064202,0.119731624345404,0.512278181297171,"Human_Breast_Andersson_10142021_ST_A6"
"Human_Breast_Andersson_10142021_ST_A6_10x31",0.0674767670216571,0.120490591442017,0.0177501614686359,0.0166457649009552,0.0348038363118735,0.0367958981509087,0.00759514196767275,0.0164724314386461,0.681969407297633,"Human_Breast_Andersson_10142021_ST_A6"
"Human_Breast_Andersson_10142021_ST_A6_11x15",0.0622257574863509,0.0261506375152989,0.0250346754697573,0.017061628569569,0.0226943235787102,0.0307119040552815,0.00299934538454299,0.057793710772374,0.755328017168115,"Human_Breast_Andersson_10142021_ST_A6"
"Human_Breast_Andersson_10142021_ST_A6_11x16",0.0308061091692655,0.0211172441108977,0.0253155260154519,0.0106655995390306,0.0200776060475665,0.00725891219428866,0.00716873109975922,0.34125114965941,0.53633912216433,"Human_Breast_Andersson_10142021_ST_A6"
"Human_Breast_Andersson_10142021_ST_A6_11x18",0.0209819461241154,0.0663521678545273,0.0240419480912389,0.00470116323310056,0.00897943227575385,0.0187386196458152,0.0105218929275571,0.213315850340438,0.632366979507453,"Human_Breast_Andersson_10142021_ST_A6"
"Human_Breast_Andersson_10142021_ST_A6_11x19",0.268007574962326,0.0754718615973743,0.106098189825109,0.0120408317774113,0.0172734695748108,0.0374272619957837,0.00709155047660647,0.114740604505488,0.36184865528509,"Human_Breast_Andersson_10142021_ST_A6"
"Human_Breast_Andersson_10142021_ST_A6_11x20",0.0494349379007275,0.100474066703709,0.00394444156977024,0.0071625852786107,0.00565126496158315,0.0205825212465289,0.00671198775908722,0.0897253279137057,0.716312866666277,"Human_Breast_Andersson_10142021_ST_A6"
"Human_Breast_Andersson_10142021_ST_A6_11x21",0.0538694416775029,0.0688591815889517,0.0390163658255479,0.0208127508977107,0.0461810043069355,0.0233552724732971,0.014491843284148,0.135893328739699,0.597520811206208,"Human_Breast_Andersson_10142021_ST_A6"
"Human_Breast_Andersson_10142021_ST_A6_11x22",0.0188421967934039,0.0225641101257049,0.00415388460368702,0.00238460383777091,0.00405134072140445,0.00594937194112601,0.00844227675750254,0.0844497635888523,0.849162451630548,"Human_Breast_Andersson_10142021_ST_A6"
"Human_Breast_Andersson_10142021_ST_A6_11x23",0.147485481371189,0.0738704200549194,0.0519075061925939,0.0380333272504283,0.0191969711846908,0.0430349590675359,0.00740188318054796,0.194112107718649,0.424957343979446,"Human_Breast_Andersson_10142021_ST_A6"
"Human_Breast_Andersson_10142021_ST_A6_11x24",0.0370516201527624,0.0382006704897031,0.0243247329755086,0.0154446117612744,0.0167346307531526,0.0170682306214799,0.00871359393892543,0.328798717685855,0.513663191621338,"Human_Breast_Andersson_10142021_ST_A6"
"Human_Breast_Andersson_10142021_ST_A6_11x25",0.203472786295277,0.0751088210006716,0.0284913192913309,0.0238139122925705,0.0372646537644821,0.0528627102660762,0.0149945977227776,0.162636273286099,0.401354926080715,"Human_Breast_Andersson_10142021_ST_A6"
"Human_Breast_Andersson_10142021_ST_A6_11x26",0.105730346935914,0.0388390880615014,0.0117820567832565,0.0278081957792311,0.0199566312046443,0.0237792909820353,0.0126505519946644,0.303504754406926,0.455949083851826,"Human_Breast_Andersson_10142021_ST_A6"
"Human_Breast_Andersson_10142021_ST_A6_11x27",0.0844142590021932,0.0946344653935466,0.0179749806663555,0.0479310092999098,0.0218263077887434,0.0851990670164656,0.00752873798578634,0.0598924228215445,0.580598750025455,"Human_Breast_Andersson_10142021_ST_A6"
"Human_Breast_Andersson_10142021_ST_A6_11x28",0.0513308020896113,0.058070500674377,0.0147531557715811,0.0275611835112466,0.0283945142913607,0.0291249972378326,0.0161206628021388,0.322085812324781,0.452558371297071,"Human_Breast_Andersson_10142021_ST_A6"
"Human_Breast_Andersson_10142021_ST_A6_11x29",0.112148858037493,0.105363358510139,0.059964837829597,0.014767952478611,0.0120798558620047,0.059240403129729,0.0103019681937203,0.252914527459072,0.373218238499634,"Human_Breast_Andersson_10142021_ST_A6"
"Human_Breast_Andersson_10142021_ST_A6_11x30",0.0962501319010966,0.112443855948468,0.041918344859299,0.0245379420281093,0.0482098927808871,0.049308016591604,0.00758333299599615,0.142679192845413,0.477069290049127,"Human_Breast_Andersson_10142021_ST_A6"
"Human_Breast_Andersson_10142021_ST_A6_12x15",0.0921080376810443,0.0225278829765783,0.0687145806436406,0.015700886844855,0.00862755974989235,0.0032632551452002,0.00322940866496525,0.00542346467863996,0.780404923615184,"Human_Breast_Andersson_10142021_ST_A6"
"Human_Breast_Andersson_10142021_ST_A6_12x16",0.0497513458668485,0.0241886243388153,0.0146868812952308,0.0241963470235703,0.0151030272814496,0.0135522280931135,0.00700748572187966,0.23146540807565,0.620048652303442,"Human_Breast_Andersson_10142021_ST_A6"
"Human_Breast_Andersson_10142021_ST_A6_12x17",0.066133554928745,0.0794574075851033,0.023136032180444,0.0219414181145832,0.0253905530396886,0.0218956870156779,0.0221569249317228,0.112953861045195,0.62693456115884,"Human_Breast_Andersson_10142021_ST_A6"
"Human_Breast_Andersson_10142021_ST_A6_12x18",0.0174357211813593,0.0381917749746823,0.0119311866119592,0.0100683269945987,0.00777596352469185,0.00429140976665778,0.00370373408485901,0.174382879760102,0.73221900310109,"Human_Breast_Andersson_10142021_ST_A6"
"Human_Breast_Andersson_10142021_ST_A6_12x19",0.0537829528342993,0.0542885468684667,0.0229330878152687,0.0101581270930055,0.0192481232807314,0.0462250923702115,0.0168124953998262,0.198240888904978,0.578310685433213,"Human_Breast_Andersson_10142021_ST_A6"
"Human_Breast_Andersson_10142021_ST_A6_12x20",0.0389062466489216,0.0641078693802044,0.0332311439914917,0.0137233108912544,0.0129332335019091,0.0483215833352226,0.00664204058283535,0.174237088406477,0.607897483261683,"Human_Breast_Andersson_10142021_ST_A6"
"Human_Breast_Andersson_10142021_ST_A6_12x21",0.0388889969105973,0.0307792214004115,0.0147621387891509,0.0192333399557871,0.0135757362495651,0.0335184938065202,0.0164663208790933,0.232880828675308,0.599894923333567,"Human_Breast_Andersson_10142021_ST_A6"
"Human_Breast_Andersson_10142021_ST_A6_12x22",0.118688069648691,0.0299944106354082,0.0259101510871863,0.0188602384367376,0.036984080048205,0.0256062140631584,0.00553375420224295,0.280775111430521,0.457647970447849,"Human_Breast_Andersson_10142021_ST_A6"
"Human_Breast_Andersson_10142021_ST_A6_12x23",0.172154259974336,0.0649581140090634,0.0292600957713209,0.0359858717955513,0.0533264932370941,0.0453867984976264,0.00848685558434246,0.175686540340977,0.414754970789689,"Human_Breast_Andersson_10142021_ST_A6"
"Human_Breast_Andersson_10142021_ST_A6_12x24",0.0362133970294712,0.0421807983865164,0.0220790087690825,0.0165978742155428,0.01208099570703,0.0113471089225475,0.0126847254206089,0.339240082352768,0.507576009196433,"Human_Breast_Andersson_10142021_ST_A6"
"Human_Breast_Andersson_10142021_ST_A6_12x25",0.0984758693244784,0.076288027992441,0.0371185967576251,0.0202978064656474,0.0307744449811544,0.0218620184622728,0.0177951910499962,0.166456565849237,0.530931479117148,"Human_Breast_Andersson_10142021_ST_A6"
"Human_Breast_Andersson_10142021_ST_A6_12x26",0.0461952566610167,0.0180481462058692,0.0100979456267259,0.0210738613734518,0.0113282491569627,0.0067557387590163,0.0141018444542621,0.13039103040925,0.742007927353445,"Human_Breast_Andersson_10142021_ST_A6"
"Human_Breast_Andersson_10142021_ST_A6_12x27",0.020016175143899,0.0248805282880862,0.0146453139712741,0.0198447752915295,0.0123813767087183,0.00515614210744457,0.00855935371168296,0.23166420980312,0.662852124974245,"Human_Breast_Andersson_10142021_ST_A6"
"Human_Breast_Andersson_10142021_ST_A6_12x28",0.066772597797716,0.0599563429485839,0.0184980681155572,0.0256309022434806,0.0310867418173726,0.029510789820077,0.00799056579442343,0.0357776382695975,0.724776353193192,"Human_Breast_Andersson_10142021_ST_A6"
"Human_Breast_Andersson_10142021_ST_A6_12x29",0.0178016996665692,0.0477976205947897,0.0164095917430934,0.037767798556774,0.0140579080524904,0.0263888556249039,0.00537455778943846,0.414657152820453,0.419744815151488,"Human_Breast_Andersson_10142021_ST_A6"
"Human_Breast_Andersson_10142021_ST_A6_12x30",0.0133795610270896,0.0793757477838959,0.00967367621842959,0.0420371378263105,0.0318413750557365,0.0565950067174363,0.0105635820055816,0.18925113282793,0.567282780537591,"Human_Breast_Andersson_10142021_ST_A6"
"Human_Breast_Andersson_10142021_ST_A6_12x31",0.178650218982251,0.0659393941192831,0.0383128485921927,0.0305748528341773,0.0507860950080226,0.0473920544139726,0.0149813843832868,0.212810431762487,0.360552719904327,"Human_Breast_Andersson_10142021_ST_A6"
"Human_Breast_Andersson_10142021_ST_A6_13x14",0.0541346172532329,0.0183805192538926,0.00649421860540318,0.0127880546506884,0.0118699681908,0.00523069821386555,0.0100883497758166,0.240211284888229,0.640802289168072,"Human_Breast_Andersson_10142021_ST_A6"
"Human_Breast_Andersson_10142021_ST_A6_13x15",0.0476978436017584,0.0267403767056682,0.0114644927654677,0.0129808805261286,0.0110076819640522,0.0137162253116879,0.0140804736637003,0.255455167649152,0.606856857812385,"Human_Breast_Andersson_10142021_ST_A6"
"Human_Breast_Andersson_10142021_ST_A6_13x16",0.0470896895778318,0.0522500924052098,0.040133789300662,0.00973798192452638,0.00951689714915113,0.0104458102376827,0.00943979753359171,0.236712908180589,0.584673033690755,"Human_Breast_Andersson_10142021_ST_A6"
"Human_Breast_Andersson_10142021_ST_A6_13x17",0.0883475664883733,0.0431706973650233,0.0349680102170846,0.0124447986316763,0.041842439831633,0.0282522955165936,0.0119288267065208,0.119854970652298,0.619190394590797,"Human_Breast_Andersson_10142021_ST_A6"
"Human_Breast_Andersson_10142021_ST_A6_13x18",0.205109064657648,0.100690750971222,0.129375910159337,0.0372790505989061,0.026666940210302,0.0273263305724159,0.00612489816808704,0.0749540933706961,0.392472961291386,"Human_Breast_Andersson_10142021_ST_A6"
"Human_Breast_Andersson_10142021_ST_A6_13x19",0.0208518230212605,0.0566293960491321,0.0113529127827312,0.00376961259675938,0.0091232533224876,0.00930089739001128,0.00642190966067945,0.101764147702088,0.78078604747485,"Human_Breast_Andersson_10142021_ST_A6"
"Human_Breast_Andersson_10142021_ST_A6_13x20",0.0925285246606705,0.0478486427810203,0.0088253400081361,0.0125132026505319,0.00855004480254506,0.0207354801561924,0.00464629502268012,0.131614432251541,0.672738037666682,"Human_Breast_Andersson_10142021_ST_A6"
"Human_Breast_Andersson_10142021_ST_A6_13x21",0.108730151111489,0.0690114202962398,0.0265751491320569,0.00745329537231534,0.0305711690171612,0.0390561668603057,0.00883912130472697,0.118105907073662,0.591657619832043,"Human_Breast_Andersson_10142021_ST_A6"
"Human_Breast_Andersson_10142021_ST_A6_13x22",0.0725030207465043,0.0586385634136632,0.0359930958714619,0.0122126803599791,0.0137311821284976,0.0435491944449291,0.00619831043781358,0.372611094585831,0.38456285801132,"Human_Breast_Andersson_10142021_ST_A6"
"Human_Breast_Andersson_10142021_ST_A6_13x23",0.0845852180978661,0.0483390589164265,0.0201569965025921,0.00527739792271877,0.00818560686627433,0.0187007405090716,0.00483721954576707,0.0475004401483949,0.762417321490889,"Human_Breast_Andersson_10142021_ST_A6"
"Human_Breast_Andersson_10142021_ST_A6_13x24",0.060821613680453,0.0360319131449569,0.0224528325064978,0.0319128036403456,0.0276082877531704,0.0220288605290765,0.0112706978722045,0.19150125369677,0.596371737176526,"Human_Breast_Andersson_10142021_ST_A6"
"Human_Breast_Andersson_10142021_ST_A6_13x25",0.094312760828442,0.0340819973017514,0.00974347134102169,0.0128201499261444,0.0300968070352952,0.00874057800593207,0.0274506076301994,0.27603756368236,0.506716064248854,"Human_Breast_Andersson_10142021_ST_A6"
"Human_Breast_Andersson_10142021_ST_A6_13x26",0.0580288041022175,0.063077738140887,0.0271334930120903,0.0321671899317793,0.031760228770711,0.0581234435182584,0.00666989572396961,0.169946992123139,0.553092214676948,"Human_Breast_Andersson_10142021_ST_A6"
"Human_Breast_Andersson_10142021_ST_A6_13x27",0.0822606504760603,0.0293339986363297,0.0495422440448722,0.0366026431928716,0.0215747434689739,0.0143042960958638,0.0117108734314769,0.197902207302942,0.556768343350609,"Human_Breast_Andersson_10142021_ST_A6"
"Human_Breast_Andersson_10142021_ST_A6_13x28",0.045511081875942,0.0308795357441166,0.0125234351141377,0.0218710188292247,0.0261572642458357,0.0196107346160862,0.0176043601529355,0.114538258797494,0.711304310624228,"Human_Breast_Andersson_10142021_ST_A6"
"Human_Breast_Andersson_10142021_ST_A6_13x29",0.129079864141198,0.123175619843808,0.0259266223388917,0.0677720018810652,0.0366046586373908,0.1107933512141,0.00608982183954969,0.141008621859048,0.359549438244949,"Human_Breast_Andersson_10142021_ST_A6"
"Human_Breast_Andersson_10142021_ST_A6_13x30",0.122302974208118,0.0904774663593071,0.0250096418098527,0.0350882444894264,0.205420613818018,0.119112236248553,0.0141391604428147,0.074998188107684,0.313451474516226,"Human_Breast_Andersson_10142021_ST_A6"
"Human_Breast_Andersson_10142021_ST_A6_14x15",0.0457057983177195,0.0179812200630562,0.0272469545340012,0.026283548806634,0.0304636345617343,0.0178024881158865,0.00844552471543308,0.23913708608592,0.586933744799615,"Human_Breast_Andersson_10142021_ST_A6"
"Human_Breast_Andersson_10142021_ST_A6_14x16",0.0581589666780796,0.0444235507444371,0.0431568927491543,0.0335098335227703,0.0131416279143309,0.0135638998341477,0.00924200869526994,0.096291165185877,0.688512054675933,"Human_Breast_Andersson_10142021_ST_A6"
"Human_Breast_Andersson_10142021_ST_A6_14x17",0.0425006718806538,0.0139190347625542,0.011069268977371,0.00732940900973186,0.013471912935844,0.0191833289790239,0.029755505288935,0.365357464374797,0.497413403791089,"Human_Breast_Andersson_10142021_ST_A6"
"Human_Breast_Andersson_10142021_ST_A6_14x18",0.0975509131100106,0.0591546387640342,0.0344803239049241,0.00712574647490858,0.00913848997312444,0.0251307427398633,0.00853799227445978,0.312738738573445,0.44614241418523,"Human_Breast_Andersson_10142021_ST_A6"
"Human_Breast_Andersson_10142021_ST_A6_14x19",0.0806606518786392,0.0539818094158025,0.0237496484571492,0.00776732315918926,0.011804726378212,0.0273098443324353,0.0113639463597409,0.144981538475094,0.638380511543738,"Human_Breast_Andersson_10142021_ST_A6"
"Human_Breast_Andersson_10142021_ST_A6_14x20",0.0953724662550124,0.0689216094276034,0.0260295468703059,0.0096475147335688,0.0287082027226285,0.0286051821174519,0.0160271181860726,0.19397069416442,0.532717665522937,"Human_Breast_Andersson_10142021_ST_A6"
"Human_Breast_Andersson_10142021_ST_A6_14x21",0.125041070772226,0.0829486163283123,0.027768944957292,0.0110222740676051,0.0484589158199444,0.0366915479994034,0.0116460415772562,0.101685894579067,0.554736693898893,"Human_Breast_Andersson_10142021_ST_A6"
"Human_Breast_Andersson_10142021_ST_A6_14x22",0.085675239672721,0.0335783370926465,0.0248354892697597,0.0299397205084347,0.0272125222644898,0.0449507271323249,0.0171498820187582,0.119813462048053,0.616844619992812,"Human_Breast_Andersson_10142021_ST_A6"
"Human_Breast_Andersson_10142021_ST_A6_14x23",0.0801486951370895,0.0664372383905022,0.00859487085504962,0.0204514208940469,0.00902250799326192,0.0221897364602825,0.0049113110657656,0.307251407243976,0.480992811960025,"Human_Breast_Andersson_10142021_ST_A6"
"Human_Breast_Andersson_10142021_ST_A6_14x24",0.0448373809311557,0.0398640725381552,0.00794644700034278,0.00540321326372895,0.0173120118878823,0.00755383445789379,0.0065766188764169,0.19307458922759,0.677431831816834,"Human_Breast_Andersson_10142021_ST_A6"
"Human_Breast_Andersson_10142021_ST_A6_14x25",0.0616452961086227,0.0375230974094509,0.0415886683463925,0.0239702291231482,0.0541459678143571,0.0216463025972677,0.0125031308389629,0.23419165596687,0.512785651794928,"Human_Breast_Andersson_10142021_ST_A6"
"Human_Breast_Andersson_10142021_ST_A6_14x26",0.0253733186126415,0.0112823808205272,0.0104108405100728,0.00868888836510217,0.0106613488782966,0.00980739189065572,0.0120204889996275,0.418110626506559,0.493644715416517,"Human_Breast_Andersson_10142021_ST_A6"
"Human_Breast_Andersson_10142021_ST_A6_14x27",0.0207684048392028,0.0431298786105565,0.00819206245798816,0.0177400684205208,0.0155399410561196,0.0170927577343406,0.00833889164844218,0.371361830470358,0.497836164762471,"Human_Breast_Andersson_10142021_ST_A6"
"Human_Breast_Andersson_10142021_ST_A6_14x28",0.0408675776382268,0.0796183318625885,0.0185896436256354,0.0177777435231343,0.034840603359103,0.0630360879325311,0.011912308645879,0.189628293407995,0.543729410004907,"Human_Breast_Andersson_10142021_ST_A6"
"Human_Breast_Andersson_10142021_ST_A6_14x29",0.0904048903546162,0.113917076677761,0.0204626782746722,0.010110241903371,0.0199907696074664,0.0674218618533978,0.00547528767879654,0.286832089263431,0.385385104386488,"Human_Breast_Andersson_10142021_ST_A6"
"Human_Breast_Andersson_10142021_ST_A6_14x30",0.14145422259299,0.037879939979991,0.0118100121717384,0.0155751129402695,0.0157498136885442,0.0472069214389106,0.00787358132408498,0.16835371108881,0.554096684774661,"Human_Breast_Andersson_10142021_ST_A6"
"Human_Breast_Andersson_10142021_ST_A6_15x14",0.0362968191423886,0.0408474453943704,0.0142479934344053,0.0117021419523229,0.0180463199568814,0.00334783861344535,0.0148817042752406,0.201465400641157,0.659164336589789,"Human_Breast_Andersson_10142021_ST_A6"
"Human_Breast_Andersson_10142021_ST_A6_15x15",0.0889695348826182,0.0696018661442603,0.0137918011892127,0.0123105586219937,0.0221741291503535,0.0232971987637943,0.0161415578149429,0.0952625764127132,0.658450777020111,"Human_Breast_Andersson_10142021_ST_A6"
"Human_Breast_Andersson_10142021_ST_A6_15x16",0.0588348202817085,0.0190834510342074,0.0130851670490953,0.0268816152232092,0.0112043396988663,0.0170154680690148,0.0175670379512339,0.158693516535229,0.677634584157436,"Human_Breast_Andersson_10142021_ST_A6"
"Human_Breast_Andersson_10142021_ST_A6_15x17",0.0954274737612234,0.0780072116141097,0.0282026166895067,0.00595724123528658,0.0138206869755312,0.021146297115263,0.0139959276751107,0.033777519530206,0.709665025403763,"Human_Breast_Andersson_10142021_ST_A6"
"Human_Breast_Andersson_10142021_ST_A6_15x18",0.0563098602430403,0.0477331792534462,0.0531620021073745,0.0172865307884128,0.0313586868877884,0.0407781712203932,0.0257619395833634,0.0965575316183569,0.631052098297824,"Human_Breast_Andersson_10142021_ST_A6"
"Human_Breast_Andersson_10142021_ST_A6_15x19",0.0945750173818637,0.0843171175038507,0.0443392507146545,0.0116760740971305,0.0067320175262405,0.0345679203898438,0.00987570935391307,0.298241609377692,0.415675283654811,"Human_Breast_Andersson_10142021_ST_A6"
"Human_Breast_Andersson_10142021_ST_A6_15x20",0.0836538160591552,0.0594613200135939,0.027945866069076,0.0414807319330023,0.0310728620223816,0.0941790006632367,0.0127346234321679,0.112038856719295,0.537432923088092,"Human_Breast_Andersson_10142021_ST_A6"
"Human_Breast_Andersson_10142021_ST_A6_15x21",0.0201661814964384,0.0514150629844272,0.0116457843645148,0.00564793145796407,0.00368093157262061,0.0154504319247123,0.00383624901384417,0.197997650149162,0.690159777036317,"Human_Breast_Andersson_10142021_ST_A6"
"Human_Breast_Andersson_10142021_ST_A6_15x22",0.0642373383874767,0.0439055336060062,0.0153197820313001,0.069249737693968,0.063575496074027,0.0410053719509608,0.0101002160214942,0.193401873826454,0.499204650408313,"Human_Breast_Andersson_10142021_ST_A6"
"Human_Breast_Andersson_10142021_ST_A6_15x23",0.0989068972355482,0.0576087121727075,0.030130087806248,0.0260247047056993,0.0427891779677802,0.0208644576342992,0.00436731209067259,0.170971286668963,0.548337363718082,"Human_Breast_Andersson_10142021_ST_A6"
"Human_Breast_Andersson_10142021_ST_A6_15x24",0.11058166895289,0.0762545383633036,0.0325821124518406,0.00736872811144962,0.0106197890753355,0.0222441158388667,0.00743403678979687,0.282086818805091,0.450828191611426,"Human_Breast_Andersson_10142021_ST_A6"
"Human_Breast_Andersson_10142021_ST_A6_15x25",0.0463322723875075,0.0624569313349853,0.00807864566746682,0.0139276510282428,0.0162279606236951,0.0130225527889995,0.00701582457535092,0.2301329569219,0.602805204671852,"Human_Breast_Andersson_10142021_ST_A6"
"Human_Breast_Andersson_10142021_ST_A6_15x26",0.046137744554952,0.0269463553103009,0.00993612545144834,0.00994086516254761,0.0095303874822915,0.0131110649293179,0.00538221699310104,0.271428541394528,0.607586698721512,"Human_Breast_Andersson_10142021_ST_A6"
"Human_Breast_Andersson_10142021_ST_A6_15x27",0.0557347910408816,0.0200231083427736,0.0185293056268701,0.0134468932524169,0.0125104326276595,0.0132500795193228,0.00483123796990923,0.31227804887975,0.549396102740417,"Human_Breast_Andersson_10142021_ST_A6"
"Human_Breast_Andersson_10142021_ST_A6_15x28",0.0237805443325488,0.0326525433930959,0.00924111652064948,0.0413225080085736,0.0746474081672434,0.0180004986235792,0.00557089329632677,0.24826809248881,0.546516395169172,"Human_Breast_Andersson_10142021_ST_A6"
"Human_Breast_Andersson_10142021_ST_A6_15x29",0.0817591825439539,0.0374264194749684,0.0311079940721551,0.0369307423648579,0.0594616687118054,0.0254066782062175,0.0163902376815559,0.154166908641116,0.55735016830337,"Human_Breast_Andersson_10142021_ST_A6"
"Human_Breast_Andersson_10142021_ST_A6_15x30",0.0693658849097066,0.029354562912669,0.00733567657868094,0.00950001411082313,0.0276321917621519,0.046344341777756,0.0100037725617793,0.0529751583814934,0.74748839700494,"Human_Breast_Andersson_10142021_ST_A6"
"Human_Breast_Andersson_10142021_ST_A6_16x14",0.127059111049668,0.0238960800020221,0.0261021969533804,0.0178704662959485,0.0275762482119867,0.0559151504387483,0.0186656227153141,0.0490427902455126,0.65387233408742,"Human_Breast_Andersson_10142021_ST_A6"
"Human_Breast_Andersson_10142021_ST_A6_16x15",0.100338288718657,0.0229403287520145,0.027608028033001,0.0812277581056854,0.0571336463894272,0.0159832766430141,0.0258413921169432,0.123709319547991,0.545217961693267,"Human_Breast_Andersson_10142021_ST_A6"
"Human_Breast_Andersson_10142021_ST_A6_16x16",0.137938836277529,0.0129418522551321,0.0252499409553777,0.0292652986436634,0.0296528943121976,0.0107349082848002,0.0242983841212466,0.328331210330808,0.401586674819245,"Human_Breast_Andersson_10142021_ST_A6"
"Human_Breast_Andersson_10142021_ST_A6_16x17",0.0406428282660745,0.0365322936898182,0.0115608530906718,0.0119974898311945,0.00509556046425736,0.00825905791463906,0.00757831845118634,0.309043104765865,0.569290493526293,"Human_Breast_Andersson_10142021_ST_A6"
"Human_Breast_Andersson_10142021_ST_A6_16x18",0.0968475987265523,0.0694941405538702,0.037362965649647,0.03028732491538,0.0164115226936925,0.0190053670000336,0.0121598849771322,0.0125625932493148,0.705868602234378,"Human_Breast_Andersson_10142021_ST_A6"
"Human_Breast_Andersson_10142021_ST_A6_16x19",0.041003770959032,0.0600868019480071,0.036569616498485,0.0109459576528974,0.0324063529954218,0.0135452811984545,0.012193079464084,0.0452619032650999,0.747987236018518,"Human_Breast_Andersson_10142021_ST_A6"
"Human_Breast_Andersson_10142021_ST_A6_16x20",0.11589728809999,0.0544795320003582,0.0234131374494535,0.00715601611010141,0.0140791412329413,0.0348038017664588,0.00456244495990997,0.26794774668059,0.477660891700197,"Human_Breast_Andersson_10142021_ST_A6"
"Human_Breast_Andersson_10142021_ST_A6_16x21",0.0618783784267707,0.0587361253061868,0.0246751198161792,0.0219461548031091,0.0369541461534549,0.0183733661003068,0.0371519643887832,0.117638505095472,0.622646239909737,"Human_Breast_Andersson_10142021_ST_A6"
"Human_Breast_Andersson_10142021_ST_A6_16x22",0.0525016140323173,0.0325738377922855,0.024721841917187,0.0165738612124161,0.0232859070383126,0.0164174002572034,0.017330508222481,0.313286740605249,0.503308288922548,"Human_Breast_Andersson_10142021_ST_A6"
"Human_Breast_Andersson_10142021_ST_A6_16x23",0.0897761251896699,0.0690241493229685,0.0133880202007757,0.0214884793614645,0.0168878141813218,0.0149829538183496,0.0138779366261267,0.125691191772868,0.634883329526455,"Human_Breast_Andersson_10142021_ST_A6"
"Human_Breast_Andersson_10142021_ST_A6_16x24",0.0446768378290117,0.0938453857523798,0.0404078629157185,0.0205825357333467,0.0306028536241133,0.0370190964986489,0.00736205136269723,0.297899330080527,0.427604046203557,"Human_Breast_Andersson_10142021_ST_A6"
"Human_Breast_Andersson_10142021_ST_A6_16x25",0.050022131387287,0.0698050609184408,0.0233207964363785,0.0171463685284783,0.0235853087816243,0.0238296033202453,0.0250851945818121,0.382434367104551,0.384771168941183,"Human_Breast_Andersson_10142021_ST_A6"
"Human_Breast_Andersson_10142021_ST_A6_16x26",0.0751257225394875,0.0880936435426877,0.0106797264090769,0.0307210066620881,0.0307314355446448,0.0313968668664781,0.0210325675385548,0.134819933757664,0.577399097139318,"Human_Breast_Andersson_10142021_ST_A6"
"Human_Breast_Andersson_10142021_ST_A6_16x27",0.0397052391529614,0.0231747145657149,0.0120505295861942,0.0309795848893526,0.0159548957735327,0.00949018638052994,0.00966539835887745,0.320540627932208,0.538438823360629,"Human_Breast_Andersson_10142021_ST_A6"
"Human_Breast_Andersson_10142021_ST_A6_16x28",0.0735582918344515,0.0254623238475968,0.0121423635588249,0.0288297126736392,0.0541752700628724,0.0195986855866914,0.0120164601687945,0.250851349408779,0.52336554285835,"Human_Breast_Andersson_10142021_ST_A6"
"Human_Breast_Andersson_10142021_ST_A6_16x29",0.102336512212652,0.0362048051204338,0.0254257614653923,0.0321387881870677,0.0298253127620653,0.0321956115426437,0.0333886175065931,0.0477118852669343,0.660772705936218,"Human_Breast_Andersson_10142021_ST_A6"
"Human_Breast_Andersson_10142021_ST_A6_16x30",0.0767289401118235,0.0463973310017202,0.0185487264734547,0.0273627219687157,0.0334026486137414,0.0243105130548214,0.0094693804802649,0.122027693105807,0.641752045189651,"Human_Breast_Andersson_10142021_ST_A6"
"Human_Breast_Andersson_10142021_ST_A6_17x15",0.120206046297826,0.088609498682424,0.0453441052139567,0.0177396506546195,0.0359168573689259,0.0431873451156151,0.017436122514859,0.098049656098523,0.533510718053251,"Human_Breast_Andersson_10142021_ST_A6"
"Human_Breast_Andersson_10142021_ST_A6_17x16",0.0270823809014764,0.046951997651928,0.00721189792867979,0.0130565181181322,0.0124147577985638,0.0229746825113833,0.0113699617913331,0.270655647229558,0.588282156068946,"Human_Breast_Andersson_10142021_ST_A6"
"Human_Breast_Andersson_10142021_ST_A6_17x17",0.0658440344206842,0.046936890484705,0.0341862625363227,0.0219267334308249,0.0104144818116883,0.0252767230948903,0.0064710382145126,0.226233189568237,0.562710646438135,"Human_Breast_Andersson_10142021_ST_A6"
"Human_Breast_Andersson_10142021_ST_A6_17x18",0.0460251977144632,0.0432478962801793,0.0156950129233828,0.00967809283368741,0.0140459444651957,0.0280826291925437,0.00966295617398544,0.0876010035539243,0.745961266862638,"Human_Breast_Andersson_10142021_ST_A6"
"Human_Breast_Andersson_10142021_ST_A6_17x19",0.0330091930360317,0.0290357772847636,0.0135054807709713,0.0148035750141068,0.0341734146710599,0.0299805816480623,0.011447988878575,0.0755376983632935,0.758506290333136,"Human_Breast_Andersson_10142021_ST_A6"
"Human_Breast_Andersson_10142021_ST_A6_17x20",0.151114016977732,0.0588428538301599,0.0133402027785679,0.014108315862821,0.025270137711338,0.0283850979609973,0.0226078202138278,0.109912808700852,0.576418745963705,"Human_Breast_Andersson_10142021_ST_A6"
"Human_Breast_Andersson_10142021_ST_A6_17x21",0.076184113937037,0.0344096978882771,0.0251805014632874,0.0532965520035621,0.0477736643023786,0.0233897873197025,0.0154146095497583,0.118839750002211,0.605511323533786,"Human_Breast_Andersson_10142021_ST_A6"
"Human_Breast_Andersson_10142021_ST_A6_17x22",0.108878258839065,0.0475361805101851,0.0121024623469045,0.0189335288789512,0.0347174892441842,0.017939486646892,0.0115005788865355,0.345442039988555,0.402949974658728,"Human_Breast_Andersson_10142021_ST_A6"
"Human_Breast_Andersson_10142021_ST_A6_17x23",0.0563326439363254,0.0284179899615455,0.01438553723755,0.0339094464980865,0.0234397679392494,0.014290593849343,0.0166820893916612,0.140519826244353,0.672022104941887,"Human_Breast_Andersson_10142021_ST_A6"
"Human_Breast_Andersson_10142021_ST_A6_17x24",0.113734645908793,0.03255377000441,0.0290682700273455,0.0682073672177909,0.0429214011099873,0.0354395947999171,0.0202801593772245,0.0970748201450258,0.560719971409506,"Human_Breast_Andersson_10142021_ST_A6"
"Human_Breast_Andersson_10142021_ST_A6_17x25",0.0497396306909012,0.0268013297984618,0.0100970618797232,0.0130621726527545,0.00946473993936752,0.00344810187090168,0.00936119666424498,0.356475558947116,0.521550207556529,"Human_Breast_Andersson_10142021_ST_A6"
"Human_Breast_Andersson_10142021_ST_A6_17x26",0.0357141337599307,0.0859661035083732,0.0277593247894744,0.0127584073561325,0.0113086514064976,0.0273514480485936,0.0130321766248102,0.0730164699196195,0.713093284586568,"Human_Breast_Andersson_10142021_ST_A6"
"Human_Breast_Andersson_10142021_ST_A6_17x27",0.0609059500904055,0.0576793867558797,0.023397761628181,0.0218420077335892,0.0163293858967667,0.0234363460298264,0.016692423300898,0.107892409043214,0.67182432952124,"Human_Breast_Andersson_10142021_ST_A6"
"Human_Breast_Andersson_10142021_ST_A6_17x28",0.0821539607929718,0.0805988689187424,0.0365930324106902,0.00755667582263099,0.00552321065661108,0.0329495282909817,0.00790249671112775,0.250668985334389,0.496053241061855,"Human_Breast_Andersson_10142021_ST_A6"
"Human_Breast_Andersson_10142021_ST_A6_17x29",0.0818625365050636,0.0735324348704223,0.0512344309229465,0.0331200714069217,0.026772639482433,0.0361032778342641,0.00308575150784393,0.222677677261775,0.47161118020833,"Human_Breast_Andersson_10142021_ST_A6"
"Human_Breast_Andersson_10142021_ST_A6_17x30",0.0929915881408305,0.0432331861993649,0.0398802043429778,0.04606071627999,0.0380463028769945,0.0187202977436322,0.0116337849110707,0.0907835654134898,0.61865035409165,"Human_Breast_Andersson_10142021_ST_A6"
"Human_Breast_Andersson_10142021_ST_A6_18x14",0.0165861909055578,0.014578237339908,0.00947298065997747,0.00673052074530451,0.0075325527235363,0.0649154418342117,0.0132043362697565,0.0152483808125912,0.851731358709157,"Human_Breast_Andersson_10142021_ST_A6"
"Human_Breast_Andersson_10142021_ST_A6_18x15",0.0451913232734065,0.0180281257415985,0.0120020476289279,0.0425963777348803,0.0349239808497985,0.0139099298488871,0.00336732032873754,0.0291019624938844,0.800878932099879,"Human_Breast_Andersson_10142021_ST_A6"
"Human_Breast_Andersson_10142021_ST_A6_18x16",0.0163606698380922,0.00360695601558127,0.00239482386269125,0.00339310708958521,0.00643946185025294,0.00317874411927793,0.00792349793156703,0.387861902845644,0.568840836447308,"Human_Breast_Andersson_10142021_ST_A6"
"Human_Breast_Andersson_10142021_ST_A6_18x17",0.0323125288550304,0.0254617570832615,0.012238053201736,0.00833256776081243,0.018750876679995,0.0137491711587296,0.013793335125019,0.0738341523447464,0.80152755779067,"Human_Breast_Andersson_10142021_ST_A6"
"Human_Breast_Andersson_10142021_ST_A6_18x18",0.0747524802049669,0.0697628844873259,0.0267937109072277,0.0074711405180004,0.0161921461750283,0.0253767503548615,0.0097814776838918,0.238099562437473,0.531769847231224,"Human_Breast_Andersson_10142021_ST_A6"
"Human_Breast_Andersson_10142021_ST_A6_18x19",0.11601949108352,0.062959116280335,0.0198777266923275,0.0152068402677492,0.0172108606258332,0.0288828091668105,0.0190691663400669,0.155789416249061,0.564984573294296,"Human_Breast_Andersson_10142021_ST_A6"
"Human_Breast_Andersson_10142021_ST_A6_18x21",0.139105759543454,0.0672939563460747,0.0427901113308703,0.0171171769135774,0.0276941868517769,0.031324825999535,0.0099694573818999,0.15138817327354,0.513316352359272,"Human_Breast_Andersson_10142021_ST_A6"
"Human_Breast_Andersson_10142021_ST_A6_18x22",0.0540843339755085,0.066741705738272,0.0130918652072474,0.0160264382500695,0.0144495614164063,0.0175171070143731,0.00904229773828616,0.301643063933269,0.507403626726568,"Human_Breast_Andersson_10142021_ST_A6"
"Human_Breast_Andersson_10142021_ST_A6_18x23",0.0408199421281182,0.0459539945947005,0.0203278080853486,0.0134365412114794,0.0237935691848622,0.0174211136575531,0.0122236160920962,0.284067602584265,0.541955812461577,"Human_Breast_Andersson_10142021_ST_A6"
"Human_Breast_Andersson_10142021_ST_A6_18x24",0.0752671177607413,0.0613542730032443,0.0256311189126077,0.0313835782667117,0.0196690439343422,0.0141722805517282,0.00874979029647363,0.21285840655437,0.550914390719781,"Human_Breast_Andersson_10142021_ST_A6"
"Human_Breast_Andersson_10142021_ST_A6_18x25",0.124209860713034,0.0509304270352076,0.0230937508806349,0.0366032235768908,0.0671861881950734,0.0162381960122528,0.0132363882197321,0.191375923460771,0.477126041906403,"Human_Breast_Andersson_10142021_ST_A6"
"Human_Breast_Andersson_10142021_ST_A6_18x26",0.0833122742378672,0.052640222850521,0.0348168292724343,0.0657548774926374,0.081380301704035,0.0322738665022255,0.0170341565515205,0.204954040305552,0.427833431083207,"Human_Breast_Andersson_10142021_ST_A6"
"Human_Breast_Andersson_10142021_ST_A6_18x27",0.18074045421116,0.0969547122815025,0.0767876594761489,0.0244361203026419,0.0351366281688196,0.0242304427490799,0.0193012136468605,0.153910344544103,0.388502424619683,"Human_Breast_Andersson_10142021_ST_A6"
"Human_Breast_Andersson_10142021_ST_A6_18x28",0.0496523757984423,0.0337308382414373,0.0259082742856051,0.0190104527012549,0.0334543867153143,0.0137772796676839,0.0126638308303984,0.134110103803739,0.677692457956125,"Human_Breast_Andersson_10142021_ST_A6"
"Human_Breast_Andersson_10142021_ST_A6_18x29",0.034746055198989,0.0570173510756799,0.0239672956717675,0.0147462625193182,0.0134085971914104,0.0152329343684037,0.0062100078734957,0.085152521744248,0.749518974356688,"Human_Breast_Andersson_10142021_ST_A6"
"Human_Breast_Andersson_10142021_ST_A6_18x30",0.0805817219613179,0.026910330514946,0.0145239940398791,0.0191369267812522,0.0412748624712634,0.0131856697952504,0.00720634161146057,0.282421024108346,0.514759128716285,"Human_Breast_Andersson_10142021_ST_A6"
"Human_Breast_Andersson_10142021_ST_A6_19x14",0.00194177042231577,0.000930420470073161,0.00264212960568456,0.000467673841395882,0.000624413073901319,0.00119026707635303,0.000213831379863246,0.000532107077209977,0.991457387053203,"Human_Breast_Andersson_10142021_ST_A6"
"Human_Breast_Andersson_10142021_ST_A6_19x15",0.0304817817799275,0.018051188252407,0.00916658844333298,0.0148292584286529,0.0136432525953966,0.00811584181877734,0.0116379549746318,0.0915373416365567,0.802536792070317,"Human_Breast_Andersson_10142021_ST_A6"
"Human_Breast_Andersson_10142021_ST_A6_19x16",0.0750550855924684,0.0952573713522694,0.0338312296633372,0.032808100123958,0.0664025606617003,0.0343394697950375,0.023885729098969,0.03564758186844,0.60277287184382,"Human_Breast_Andersson_10142021_ST_A6"
"Human_Breast_Andersson_10142021_ST_A6_19x17",0.0736819287614938,0.0613023809510982,0.0205579313117358,0.0438200379340753,0.0378165539848151,0.0171458937604934,0.0116443330002108,0.0671787956186918,0.666852144677386,"Human_Breast_Andersson_10142021_ST_A6"
"Human_Breast_Andersson_10142021_ST_A6_19x18",0.0405544426039534,0.0480887017854178,0.0170331592196501,0.0120680848639501,0.0163871544908516,0.0113694846363962,0.0146617703796104,0.15224202580526,0.68759517621491,"Human_Breast_Andersson_10142021_ST_A6"
"Human_Breast_Andersson_10142021_ST_A6_19x19",0.0550688158397382,0.0200163356380445,0.0189146986165475,0.0210928882273003,0.0168088586496185,0.0168539000612191,0.0131460121859477,0.109222783446375,0.72887570733521,"Human_Breast_Andersson_10142021_ST_A6"
"Human_Breast_Andersson_10142021_ST_A6_19x20",0.114203563759347,0.0524129564635642,0.0278707618023681,0.0276042563658002,0.0382995313946004,0.0322349542501403,0.0128793304877309,0.129049650265455,0.565444995210994,"Human_Breast_Andersson_10142021_ST_A6"
"Human_Breast_Andersson_10142021_ST_A6_19x21",0.0786852538051537,0.0435536002836004,0.0140432829739375,0.0198337783354733,0.035576778572771,0.029071011765502,0.0234788690667223,0.1068826520376,0.64887477315924,"Human_Breast_Andersson_10142021_ST_A6"
"Human_Breast_Andersson_10142021_ST_A6_19x22",0.04452032976268,0.0545613101594138,0.0271707272320923,0.0434602569763722,0.0506942653942525,0.021306154167071,0.0195059835406046,0.0744525394627954,0.664328433304718,"Human_Breast_Andersson_10142021_ST_A6"
