"","Endothelial","CAFs","PVL","Plasmablasts","T-cells","Myeloid","Cancer Epithelial","Normal Epithelial","B-cells","sid"
"Human_Breast_Wu_06052021_Visium_CID4535_AACATTGGTCAGCCGT-1",0.0424655729684667,0.144662543395541,0.00980038333920746,0.0267200550909407,0.00974229388651267,0.217820786479339,0.533692832096334,0.00278600726559116,0.0123095254780667,"Human_Breast_Wu_06052021_Visium_CID4535"
"Human_Breast_Wu_06052021_Visium_CID4535_CATCGAATGGATCTCT-1",0.0225578603507581,0.0945745689517939,0.0105311353610802,0.00750102829394318,0.0128352129665524,0.186824617222048,0.632336124494038,0.0222102296359553,0.0106292227238304,"Human_Breast_Wu_06052021_Visium_CID4535"
"Human_Breast_Wu_06052021_Visium_CID4535_GCGTCCAGCTCGTGGC-1",0.00459528423283129,0.0544083498312721,0.00341546074409172,0.0627729550945733,0.00353071528970838,0.110852594681884,0.749876741042753,0.00373826317016926,0.0068096359127167,"Human_Breast_Wu_06052021_Visium_CID4535"
"Human_Breast_Wu_06052021_Visium_CID4535_CCAAAGTCCCGCTAAC-1",0.00570354150183622,0.0887623567811839,0.00355221832258297,0.0302729752427827,0.0017790837263345,0.116019600261148,0.748246664176947,0.00127462827202295,0.00438893171516233,"Human_Breast_Wu_06052021_Visium_CID4535"
"Human_Breast_Wu_06052021_Visium_CID4535_GTTACGGCCCGACTGC-1",0.00683127721907477,0.0308680834856102,0.00309023834503899,0.0130895352507567,0.00567976574526778,0.0361805970639018,0.89805276387506,0.000613129000061867,0.00559461001522772,"Human_Breast_Wu_06052021_Visium_CID4535"
"Human_Breast_Wu_06052021_Visium_CID4535_TAGTGAGAAGTGGTTG-1",0.0125365001072533,0.0520974808421081,0.00412336662978344,0.0351934996871996,0.00742248059201683,0.0873972358993386,0.777707263674506,0.00548082935764561,0.0180413432101488,"Human_Breast_Wu_06052021_Visium_CID4535"
"Human_Breast_Wu_06052021_Visium_CID4535_AAACAATCTACTAGCA-1",0.00146523349907534,0.0297623275287801,0.00109563597505973,0.00472975550913634,0.00104048833765597,0.0561286354603784,0.90397420763618,0.00132074525577481,0.000482970797959788,"Human_Breast_Wu_06052021_Visium_CID4535"
"Human_Breast_Wu_06052021_Visium_CID4535_ATAAACCATTGGACGG-1",0.00837643709829943,0.0487605444959654,0.00300339393986577,0.0133588755978277,0.00194196421257461,0.091855113104468,0.828002960841403,0.00314320135036998,0.00155750935922638,"Human_Breast_Wu_06052021_Visium_CID4535"
"Human_Breast_Wu_06052021_Visium_CID4535_TCTGTGGCTACATTTC-1",0.0173000563867121,0.085064002171685,0.018761658813637,0.0104756298311877,0.00238333375134377,0.101295770819728,0.757036092445734,0.00308424494922741,0.00459921083074576,"Human_Breast_Wu_06052021_Visium_CID4535"
"Human_Breast_Wu_06052021_Visium_CID4535_CACGACTAAAGTTCTG-1",0.00854010610055015,0.0431851484121449,0.00131441828947907,0.0253334798257138,0.00316039359668196,0.107623161574858,0.804137356254436,0.00451939838420944,0.00218653756192635,"Human_Breast_Wu_06052021_Visium_CID4535"
"Human_Breast_Wu_06052021_Visium_CID4535_AGAGGTATCTCGGTCC-1",0.0040705978444703,0.0549450226429787,0.000956032340526394,0.00210513251498141,0.00110742061151513,0.0613232425854708,0.869904441164031,0.00450371390079303,0.00108439639523269,"Human_Breast_Wu_06052021_Visium_CID4535"
"Human_Breast_Wu_06052021_Visium_CID4535_GCCGGAAACACATCTT-1",0.017900157184246,0.068395523060406,0.0127998308958107,0.0434946325383491,0.00484223390019268,0.163461811607713,0.682821997416256,0.00143926731627893,0.00484454608074796,"Human_Breast_Wu_06052021_Visium_CID4535"
"Human_Breast_Wu_06052021_Visium_CID4535_ACCAGGAGTGTGATCT-1",0.0214037114758572,0.0635086362524622,0.00848445708176592,0.104427603547294,0.00676110548221445,0.0236754278120963,0.745307579943288,0.00626291407028412,0.0201685643347385,"Human_Breast_Wu_06052021_Visium_CID4535"
"Human_Breast_Wu_06052021_Visium_CID4535_AAGGAGAACTTATAAG-1",0.11426628137806,0.0788753290136678,0.018469275214317,0.00657673995912348,0.00637445991875407,0.268901401521394,0.465294497859653,0.00519838912974631,0.0360436260052832,"Human_Breast_Wu_06052021_Visium_CID4535"
"Human_Breast_Wu_06052021_Visium_CID4535_GTATCGGGACGAGCTG-1",0.00583043030254966,0.054895188593181,0.00236672617076522,0.00500462637628192,0.00122212859369088,0.189359077696962,0.734206204316709,0.00385677615551529,0.00325884179434469,"Human_Breast_Wu_06052021_Visium_CID4535"
"Human_Breast_Wu_06052021_Visium_CID4535_CCTGTGCATAGGAGAC-1",0.00309605765539801,0.0922650417242559,0.000939750334701174,0.000915900542519289,0.000520815875338503,0.267239894598614,0.633690517731058,0.000761315179570828,0.000570706358543926,"Human_Breast_Wu_06052021_Visium_CID4535"
"Human_Breast_Wu_06052021_Visium_CID4535_CATACGGGTGCATGAT-1",0.00973987012264163,0.0859729768667095,0.0063084799767165,0.0107177132839885,0.00193299531376904,0.168277385934701,0.707844293128482,0.00533970948903501,0.00386657588395777,"Human_Breast_Wu_06052021_Visium_CID4535"
"Human_Breast_Wu_06052021_Visium_CID4535_CCACTAAACTGAATCG-1",0.0061153748537016,0.0926316976563016,0.00410356000162875,0.034464969019854,0.00251647651255499,0.133165857337791,0.716394240126908,0.00620552147677854,0.00440230301448149,"Human_Breast_Wu_06052021_Visium_CID4535"
"Human_Breast_Wu_06052021_Visium_CID4535_AAATTGCGGCGGTTCT-1",0.0206000070130618,0.0744627700096947,0.0207270470296276,0.0369434494380579,0.0337409514161844,0.133307517494476,0.588425963301059,0.010022992706219,0.0817693015916199,"Human_Breast_Wu_06052021_Visium_CID4535"
"Human_Breast_Wu_06052021_Visium_CID4535_AGTCCAGCGGGTACGT-1",0.00660082818409189,0.035956261070428,0.00255843780940772,0.0200072412594468,0.00495163139641057,0.0808115813764311,0.842280650918404,0.00237474777579441,0.00445862020958578,"Human_Breast_Wu_06052021_Visium_CID4535"
"Human_Breast_Wu_06052021_Visium_CID4535_CATTCAGGTCAGTGCG-1",0.017905592153071,0.100477393432086,0.00243387980166574,0.144180799437662,0.00250062102324897,0.169772398106283,0.549923620282538,0.00757917907565502,0.00522651668779,"Human_Breast_Wu_06052021_Visium_CID4535"
"Human_Breast_Wu_06052021_Visium_CID4535_AATCAGACTGCAGGAC-1",0.0105930610381613,0.0869138392519744,0.189331170452617,0.0146820799995547,0.00626073801435965,0.134485554209589,0.516733644143496,0.0146072117113635,0.0263927011788844,"Human_Breast_Wu_06052021_Visium_CID4535"
"Human_Breast_Wu_06052021_Visium_CID4535_AAGACTAACCCGTTGT-1",0.0375939428820918,0.0521579780456394,0.0667538403964984,0.00480934371992139,0.00868761882142039,0.151094150169142,0.577799746477397,0.00986912206983417,0.0912342574180552,"Human_Breast_Wu_06052021_Visium_CID4535"
"Human_Breast_Wu_06052021_Visium_CID4535_TCACTATCGTGCAATC-1",0.00717226926739946,0.074341544395821,0.0078234702256494,0.046154657380816,0.00291012955404376,0.15563360086043,0.692653198939968,0.00612806836459066,0.00718306101128247,"Human_Breast_Wu_06052021_Visium_CID4535"
"Human_Breast_Wu_06052021_Visium_CID4535_TATGATTCTGCTTGGT-1",0.00777874274007908,0.0787190586613332,0.00495164375038554,0.0328882528882417,0.00135651717146083,0.193993443475333,0.67256396130766,0.00503382247376791,0.00271455753173906,"Human_Breast_Wu_06052021_Visium_CID4535"
"Human_Breast_Wu_06052021_Visium_CID4535_TAAGATTTAGCGGGAG-1",0.00440786249103408,0.0361003543733295,0.00293819275592161,0.00561760931945181,0.00208750153039006,0.045081480899395,0.899361140169956,0.0021880715027907,0.00221778695773155,"Human_Breast_Wu_06052021_Visium_CID4535"
"Human_Breast_Wu_06052021_Visium_CID4535_TTACGGTGTCACCGAG-1",0.0089615700377926,0.0564387011428802,0.00547165977399178,0.0369461054350892,0.00281579430726742,0.103317736948856,0.777415165547472,0.00406470509648571,0.00456856171016519,"Human_Breast_Wu_06052021_Visium_CID4535"
"Human_Breast_Wu_06052021_Visium_CID4535_CTACACTAGCTTGTTC-1",0.0057333400508233,0.0434198679045779,0.00370629818684092,0.0135689307932964,0.00125841432637122,0.0671944099654261,0.855993698511219,0.00605709913081696,0.00306794113062774,"Human_Breast_Wu_06052021_Visium_CID4535"
"Human_Breast_Wu_06052021_Visium_CID4535_TGAGCAGTCGTGAAGT-1",0.0039929714799618,0.0585758421646704,0.00125674873324834,0.00942264275510729,0.00100843000519483,0.113034986544073,0.810254422621065,0.00174689568234992,0.000707060014329578,"Human_Breast_Wu_06052021_Visium_CID4535"
"Human_Breast_Wu_06052021_Visium_CID4535_CGCTGAGGACGTCCAA-1",0.0101155522623718,0.0538205395931114,0.00459556205570595,0.0347198870913158,0.00393063096667812,0.0815219638307159,0.79307974695517,0.0072435097049251,0.010972607540006,"Human_Breast_Wu_06052021_Visium_CID4535"
"Human_Breast_Wu_06052021_Visium_CID4535_GTGTATGACTTTAAAG-1",0.00575980314520749,0.0600031167015499,0.00220037116939588,0.0166240793086913,0.00294496853609423,0.11342399949675,0.793841236693949,0.00186067516235525,0.00334174978600785,"Human_Breast_Wu_06052021_Visium_CID4535"
"Human_Breast_Wu_06052021_Visium_CID4535_CTAAACGGGTGTAATC-1",0.00681726495951949,0.0426681657560999,0.00268513184497947,0.00722464764529183,0.00102014793242474,0.0980933440297863,0.838349341171953,0.00216087634743747,0.000981080312507654,"Human_Breast_Wu_06052021_Visium_CID4535"
"Human_Breast_Wu_06052021_Visium_CID4535_TGTACTGTGCCAAAGT-1",0.0115026456302565,0.0509721254254703,0.00420127465670034,0.0262979161146274,0.00638194847275176,0.081188181082687,0.804687361047381,0.00491014730584779,0.00985840026427818,"Human_Breast_Wu_06052021_Visium_CID4535"
"Human_Breast_Wu_06052021_Visium_CID4535_GGCCACAAGCGATGGC-1",0.00471025445047189,0.0466480906277523,0.00242731493288477,0.0152083536029541,0.00226377175987083,0.0704790176964152,0.85279236077544,0.0034955631825202,0.00197527297169071,"Human_Breast_Wu_06052021_Visium_CID4535"
"Human_Breast_Wu_06052021_Visium_CID4535_GTCAATTGTACTGAAG-1",0.00706877077258977,0.0412704807330313,0.00412599721307856,0.0137527125863393,0.00216965662697753,0.0905273718838818,0.835291800919722,0.00217230919398706,0.00362090007039267,"Human_Breast_Wu_06052021_Visium_CID4535"
"Human_Breast_Wu_06052021_Visium_CID4535_AGGGACAGCACGGCGG-1",0.00717669729631821,0.0579094478915369,0.00281811796738127,0.0384519970878523,0.00864197999280876,0.0885020010166302,0.777531557295381,0.00658354309262632,0.0123846583594646,"Human_Breast_Wu_06052021_Visium_CID4535"
"Human_Breast_Wu_06052021_Visium_CID4535_AGCTTATAGAGACCTG-1",0.0064983860487622,0.0412031025982396,0.00311471834416488,0.0233022739509974,0.00696543264812933,0.0682042269107439,0.825605773652867,0.011526839686776,0.0135792461593203,"Human_Breast_Wu_06052021_Visium_CID4535"
"Human_Breast_Wu_06052021_Visium_CID4535_AACTAGCGTATCGCAC-1",0.00787609532902116,0.0487658042165298,0.00229976505652281,0.0206548062366133,0.00269491643935391,0.111130069729084,0.800255826444289,0.00197226623981635,0.00435045030877029,"Human_Breast_Wu_06052021_Visium_CID4535"
"Human_Breast_Wu_06052021_Visium_CID4535_AACTTTAGCTGCTGAG-1",0.00901413228802672,0.042978408422859,0.00330078514651549,0.0497901952936536,0.00839312401172357,0.077534767393204,0.795238524370376,0.00366036190536094,0.0100897011682813,"Human_Breast_Wu_06052021_Visium_CID4535"
"Human_Breast_Wu_06052021_Visium_CID4535_CCCAAGACAGAGTATG-1",0.00829267172732364,0.0362726574489533,0.00128639417315878,0.0109608531383337,0.00393477376087643,0.0273577791382887,0.898927759355795,0.0077707203055893,0.00519639095168105,"Human_Breast_Wu_06052021_Visium_CID4535"
"Human_Breast_Wu_06052021_Visium_CID4535_GGCATCAACGAGCACG-1",0.00507003317894068,0.053392051584882,0.00440426164998956,0.0117875960550871,0.00173340468000693,0.0757466527532714,0.838975762631415,0.00329442692461427,0.00559581054179285,"Human_Breast_Wu_06052021_Visium_CID4535"
"Human_Breast_Wu_06052021_Visium_CID4535_ATGCATTCCGTGATGG-1",0.0124847234354235,0.0813995052838039,0.00559706777876294,0.0115267706455562,0.000641284743548576,0.115180620078982,0.771343817539406,0.000986183796405603,0.00084002669811136,"Human_Breast_Wu_06052021_Visium_CID4535"
"Human_Breast_Wu_06052021_Visium_CID4535_TTATAGATGCACATTA-1",0.00543534321315675,0.0616856445683908,0.0032668222371009,0.00717732531536593,0.00223263168362457,0.0955128036861089,0.819924247403381,0.00248190494903795,0.00228327694383308,"Human_Breast_Wu_06052021_Visium_CID4535"
"Human_Breast_Wu_06052021_Visium_CID4535_GAACCATCTGGGAGAC-1",0.00715266924517318,0.0675791553832947,0.00602247785022374,0.0277550792739989,0.0025532021288691,0.158504207835747,0.718955591338631,0.00428521957227113,0.00719239737179127,"Human_Breast_Wu_06052021_Visium_CID4535"
"Human_Breast_Wu_06052021_Visium_CID4535_TGCTATACAAACGGAC-1",0.0232193715600564,0.0679592451090313,0.00386390800146477,0.0439482456673504,0.0171524600746592,0.12915591131922,0.66447111113151,0.0102946284923678,0.03993511864434,"Human_Breast_Wu_06052021_Visium_CID4535"
"Human_Breast_Wu_06052021_Visium_CID4535_ACTTGCCATATTGTAC-1",0.00464091587721761,0.0478688150062729,0.00403927262994366,0.0273131264273546,0.0111825532802057,0.0623162862017515,0.788283114275826,0.010671996947159,0.0436839193542687,"Human_Breast_Wu_06052021_Visium_CID4535"
"Human_Breast_Wu_06052021_Visium_CID4535_CAATTTGACCGGGAAG-1",0.00239993996655344,0.0318153121243686,0.00135640435295162,0.00608811968971234,0.00170782865470297,0.0715356052524036,0.8741051376681,0.00964188449143603,0.00134976779977154,"Human_Breast_Wu_06052021_Visium_CID4535"
"Human_Breast_Wu_06052021_Visium_CID4535_TCTGACTGTAATGGTT-1",0.00356760695990023,0.0526008901249929,0.00302415055305041,0.0122851483958243,0.00179271092840793,0.171741312889862,0.749544428911773,0.00285390272939991,0.00258984850678933,"Human_Breast_Wu_06052021_Visium_CID4535"
"Human_Breast_Wu_06052021_Visium_CID4535_TTCATAGCCTTGTAAC-1",0.0027118488847088,0.0299987265898699,0.00166192031244699,0.0070372019202408,0.000915320225462017,0.108402903681472,0.846946550065724,0.0010056286700401,0.00131989965003604,"Human_Breast_Wu_06052021_Visium_CID4535"
"Human_Breast_Wu_06052021_Visium_CID4535_TGGAAACGGAGTGAAC-1",0.00283570890474867,0.058237639965016,0.00208465549189354,0.0290235358253085,0.00104176460739161,0.0743638801602237,0.829108146018144,0.00184369142559564,0.00146097760167832,"Human_Breast_Wu_06052021_Visium_CID4535"
"Human_Breast_Wu_06052021_Visium_CID4535_ATCGCACGATTGTTCA-1",0.0052441606687867,0.0753302933923636,0.00444827902139224,0.0181976137349749,0.00176565160298205,0.184914357653444,0.699087633087705,0.00617786239204926,0.00483414844630268,"Human_Breast_Wu_06052021_Visium_CID4535"
"Human_Breast_Wu_06052021_Visium_CID4535_CGCCACCCGCATTAAC-1",0.0117313668532358,0.0537757877177514,0.00287659332519469,0.00942244719280535,0.00482804926425474,0.143826566705327,0.763122701890736,0.00547634087643292,0.00494014617426205,"Human_Breast_Wu_06052021_Visium_CID4535"
"Human_Breast_Wu_06052021_Visium_CID4535_TGGACCACGGCGTTGA-1",0.00777404568549835,0.0657816346303732,0.00223339218751187,0.00665126552817469,0.00146707587269608,0.180878109446357,0.72855612641142,0.00452363823023057,0.002134712007738,"Human_Breast_Wu_06052021_Visium_CID4535"
"Human_Breast_Wu_06052021_Visium_CID4535_GTATATGTTACGGCGG-1",0.0172256731813742,0.120834950177627,0.0131467850682204,0.0233748252398343,0.00676685654571714,0.164605685345032,0.631590337205899,0.00571973473894701,0.0167351524973488,"Human_Breast_Wu_06052021_Visium_CID4535"
"Human_Breast_Wu_06052021_Visium_CID4535_GTATTCTTACCGTGCT-1",0.0237889408292154,0.0659630276305908,0.00764198397231001,0.0405276724989426,0.00643048380784684,0.131706988976087,0.6836146418822,0.0194208977122596,0.0209053626905482,"Human_Breast_Wu_06052021_Visium_CID4535"
"Human_Breast_Wu_06052021_Visium_CID4535_TTCAGAGTAACCTGAC-1",0.00922339384491997,0.090627459783184,0.00492677453287486,0.0422654264349648,0.00278467233111483,0.147782694593508,0.693774349892931,0.00595181509527128,0.00266341349123151,"Human_Breast_Wu_06052021_Visium_CID4535"
"Human_Breast_Wu_06052021_Visium_CID4535_GCGGTAACCCAAATGA-1",0.015180025102365,0.0784187850297854,0.0044413176092714,0.0208887737311657,0.00435225433986657,0.16274554861167,0.700681342527305,0.00641863546685928,0.00687331758171161,"Human_Breast_Wu_06052021_Visium_CID4535"
"Human_Breast_Wu_06052021_Visium_CID4535_CTACGTGTTGCCACCA-1",0.00341500321658757,0.0441446170103645,0.00309507650288047,0.0410190817483728,0.00164928445667332,0.13056347610623,0.769349354167106,0.00370460959060754,0.00305949720117777,"Human_Breast_Wu_06052021_Visium_CID4535"
"Human_Breast_Wu_06052021_Visium_CID4535_CTAGATAAACTCCTCG-1",0.00682152083900763,0.0299957357231036,0.00263626949311508,0.0174191712844367,0.00373337564717338,0.0801711922997165,0.851555950646638,0.00395770689351639,0.00370907717329206,"Human_Breast_Wu_06052021_Visium_CID4535"
"Human_Breast_Wu_06052021_Visium_CID4535_TCCATTAGTTGGATAG-1",0.0219803354986599,0.0451356977293386,0.00539749376778929,0.0114099852694143,0.00571530714993459,0.0430377432640024,0.852465510378392,0.0102319812823598,0.00462594566010905,"Human_Breast_Wu_06052021_Visium_CID4535"
"Human_Breast_Wu_06052021_Visium_CID4535_CTGGCTCCTGCGGGAT-1",0.0113713826234809,0.0615140816642839,0.00416088701010603,0.0173213532412092,0.0129329880894944,0.153865810336568,0.707944124565576,0.00230428727493629,0.028585085194345,"Human_Breast_Wu_06052021_Visium_CID4535"
"Human_Breast_Wu_06052021_Visium_CID4535_CGATATTAGCCGCAGG-1",0.0233883717317192,0.0662666790288944,0.0179766726192126,0.0370839181262144,0.0350312316527579,0.118535360154777,0.607260195177962,0.0209032086311089,0.0735543628773532,"Human_Breast_Wu_06052021_Visium_CID4535"
"Human_Breast_Wu_06052021_Visium_CID4535_AGCGTCTGAACCCGCA-1",0.0150646230438597,0.0450731865736956,0.00342585210669261,0.0108034166227899,0.00553883602963855,0.0612522026198871,0.839069489369931,0.00855442298106489,0.0112179706524404,"Human_Breast_Wu_06052021_Visium_CID4535"
"Human_Breast_Wu_06052021_Visium_CID4535_GATGTCCGGATCACAT-1",0.0181037129953488,0.080872560687269,0.00556549909723446,0.0196796886457467,0.00378588851281266,0.137760201168153,0.713526253711347,0.00562608263446621,0.0150801125476223,"Human_Breast_Wu_06052021_Visium_CID4535"
"Human_Breast_Wu_06052021_Visium_CID4535_GGTCACGTTAGATTCA-1",0.00428651181371221,0.0477677061928061,0.00194169034218888,0.0117192602603187,0.00121117201980331,0.122616528847307,0.807873285005742,0.00157446359357932,0.00100938192454215,"Human_Breast_Wu_06052021_Visium_CID4535"
"Human_Breast_Wu_06052021_Visium_CID4535_TTAAGGATACGGAGGT-1",0.00329179494105789,0.0419056311603132,0.00177919761070086,0.0165106250621611,0.000847386092773939,0.0995652951682188,0.83483533997488,0.000722374622834592,0.000542355367060113,"Human_Breast_Wu_06052021_Visium_CID4535"
"Human_Breast_Wu_06052021_Visium_CID4535_GTGCGGGACCATCGGC-1",0.00455749224755637,0.0439584599940517,0.00173358091811717,0.00932721349519608,0.000658196683253231,0.0748368656415447,0.86203692054791,0.00162959180232794,0.00126167867004322,"Human_Breast_Wu_06052021_Visium_CID4535"
"Human_Breast_Wu_06052021_Visium_CID4535_CCATCTTGTTCACAAT-1",0.00563881091883969,0.0560246131575139,0.0041578025685084,0.022315463318407,0.00228453152548417,0.0968558625440556,0.809921236594607,0.00116265421361196,0.00163902515897214,"Human_Breast_Wu_06052021_Visium_CID4535"
"Human_Breast_Wu_06052021_Visium_CID4535_TCCGAGAAGGCTAAGC-1",0.00972936121247118,0.061651645679865,0.00336470646104545,0.0450532782866807,0.00419022212932371,0.0864543796390881,0.778027041339315,0.00360062754076161,0.00792873771144902,"Human_Breast_Wu_06052021_Visium_CID4535"
"Human_Breast_Wu_06052021_Visium_CID4535_TGGCGGTGTGCGATTG-1",0.0113055845116224,0.073695477203201,0.00547119778331371,0.015625615668024,0.00454367320596686,0.103979204325566,0.775438461884068,0.00347768032159008,0.00646310509664828,"Human_Breast_Wu_06052021_Visium_CID4535"
"Human_Breast_Wu_06052021_Visium_CID4535_ATCCTGCTGCAGATAG-1",0.00985159755879215,0.0608621112174275,0.0028835729014637,0.00815667468949236,0.00642679333467057,0.0582931117993752,0.844667140758981,0.00281733765470666,0.00604166008509092,"Human_Breast_Wu_06052021_Visium_CID4535"
"Human_Breast_Wu_06052021_Visium_CID4535_TTATGCGTCCCGGTCC-1",0.010231593350957,0.0363864327136637,0.00205631137056616,0.016624195554822,0.00652654278944675,0.0631176978282071,0.851418129616237,0.00548643018522036,0.00815266659087964,"Human_Breast_Wu_06052021_Visium_CID4535"
"Human_Breast_Wu_06052021_Visium_CID4535_CATAATGAGCGGGCGA-1",0.00865329969042696,0.0373414081832437,0.00246194261493314,0.0249071748610115,0.00285605956215404,0.0362379004239649,0.881174462125456,0.00347568594034029,0.00289206659846901,"Human_Breast_Wu_06052021_Visium_CID4535"
"Human_Breast_Wu_06052021_Visium_CID4535_AGACATAGATCCTTCC-1",0.021009335665036,0.0987856149912011,0.0072056010401409,0.0452652401226801,0.00618001189277238,0.0895894951697984,0.688407687883891,0.0113325458348034,0.0322244673996765,"Human_Breast_Wu_06052021_Visium_CID4535"
"Human_Breast_Wu_06052021_Visium_CID4535_GGTGAAACCGGGAATG-1",0.0152708800200788,0.068954518606132,0.00634485010142142,0.00985345795788959,0.00218666541291634,0.0836988907460061,0.809044747318846,0.00198688043360543,0.0026591094031045,"Human_Breast_Wu_06052021_Visium_CID4535"
"Human_Breast_Wu_06052021_Visium_CID4535_AACTGGTGTGGGCCTT-1",0.0149057494187032,0.0700224667123351,0.01069918231537,0.0280365152344869,0.0103843194796375,0.0697919339907288,0.779670910454992,0.0062870769761695,0.0102018454175768,"Human_Breast_Wu_06052021_Visium_CID4535"
"Human_Breast_Wu_06052021_Visium_CID4535_GTAGCGCTGTTGTAGT-1",0.00275491541670114,0.0370746180064924,0.00158210658975084,0.0060534585756728,0.000939947391707339,0.0776822766710549,0.871726454410086,0.000744244827861793,0.00144197811067288,"Human_Breast_Wu_06052021_Visium_CID4535"
"Human_Breast_Wu_06052021_Visium_CID4535_TTGTTTGTGTAAATTC-1",0.00634840041807767,0.0456440751485268,0.0020486539191555,0.0154222002775807,0.00672409496068615,0.0628111771853291,0.852038895674067,0.00255713597401155,0.0064053664425657,"Human_Breast_Wu_06052021_Visium_CID4535"
"Human_Breast_Wu_06052021_Visium_CID4535_GGATCAAAGGACGAGG-1",0.0177401275514647,0.0636769088303662,0.00541843004137768,0.0323673761629741,0.0088363186730377,0.119398406051172,0.735828508252307,0.00539176007907424,0.0113421643582269,"Human_Breast_Wu_06052021_Visium_CID4535"
"Human_Breast_Wu_06052021_Visium_CID4535_CAAGTGAACTTTGGTT-1",0.0180494216913104,0.0413653617440728,0.00381741988627007,0.037770456832005,0.0146101438276711,0.0917472954191798,0.733283048043087,0.0103818402192572,0.0489750123371469,"Human_Breast_Wu_06052021_Visium_CID4535"
"Human_Breast_Wu_06052021_Visium_CID4535_ATCGTCCAATCGAGTC-1",0.00212837247449707,0.115756950226871,0.00110270642294133,0.0059835791993018,0.000518302967101493,0.253312985818667,0.616510356426184,0.00444303666530762,0.000243709799128233,"Human_Breast_Wu_06052021_Visium_CID4535"
"Human_Breast_Wu_06052021_Visium_CID4535_ACATGGCTCAATTTAG-1",0.00379614079935219,0.0496579791475615,0.0025392286628524,0.0261745169187585,0.0061634305080091,0.107741936821189,0.789489004780951,0.00766231220664219,0.0067754501546835,"Human_Breast_Wu_06052021_Visium_CID4535"
"Human_Breast_Wu_06052021_Visium_CID4535_AGGCCCAGTGACTGGT-1",0.00706465673269331,0.07230199272609,0.0116583918199341,0.023443555108542,0.00155157641938695,0.166782641102941,0.71365730448905,0.00159722775137499,0.00194265384998837,"Human_Breast_Wu_06052021_Visium_CID4535"
"Human_Breast_Wu_06052021_Visium_CID4535_GCTTCCAGCTTAGATT-1",0.0109560025924793,0.108473438852314,0.00434057752616755,0.0230887941283464,0.000988993960033478,0.134943814871433,0.710944050590719,0.00444587720441107,0.00181845027409647,"Human_Breast_Wu_06052021_Visium_CID4535"
"Human_Breast_Wu_06052021_Visium_CID4535_TGCTTGAAACCATGCA-1",0.0115896098609209,0.0801362374676128,0.00413257359194775,0.022684889730025,0.00167871672917958,0.0995343490852217,0.773934356729918,0.00381188611330322,0.0024973806918713,"Human_Breast_Wu_06052021_Visium_CID4535"
"Human_Breast_Wu_06052021_Visium_CID4535_CAATATTGGACTAGTG-1",0.0137468434151337,0.0628332688634052,0.00885077259568471,0.0144893583237173,0.00202184360791264,0.202134739546702,0.69064705136406,0.0031734150924936,0.002102707190891,"Human_Breast_Wu_06052021_Visium_CID4535"
"Human_Breast_Wu_06052021_Visium_CID4535_CGTGCTGGCCTAGTCG-1",0.0123391398711147,0.0402316732792732,0.00426975473982788,0.03346013589892,0.00431412547790697,0.0999667114306886,0.786530725716356,0.00332547092151299,0.0155622626643997,"Human_Breast_Wu_06052021_Visium_CID4535"
"Human_Breast_Wu_06052021_Visium_CID4535_CCTGCGATAGAACTGT-1",0.00475792508162799,0.0774771579024613,0.00393664162780261,0.00550191483085603,0.000828107141440596,0.185806450366212,0.71672429249772,0.00290437373862096,0.00206313681325833,"Human_Breast_Wu_06052021_Visium_CID4535"
"Human_Breast_Wu_06052021_Visium_CID4535_GGGTAATGCTGTGTTT-1",0.0115014399133107,0.0918966871954149,0.0106410425762997,0.0107037585873067,0.00167035519516972,0.116493232902874,0.731151080562192,0.013367708731464,0.0125746943359678,"Human_Breast_Wu_06052021_Visium_CID4535"
"Human_Breast_Wu_06052021_Visium_CID4535_AACGCGAACGGCAACA-1",0.0141940234083322,0.0744116882683098,0.00505682912651193,0.0305553857350992,0.00846160512140663,0.172954187541327,0.665609995683942,0.00723173612170387,0.021524548993367,"Human_Breast_Wu_06052021_Visium_CID4535"
"Human_Breast_Wu_06052021_Visium_CID4535_TGTCGGCATGGTGGAA-1",0.00669109051680025,0.084442532443575,0.00498145087621245,0.0202755146611006,0.00839293951546095,0.1216483793933,0.745610522643289,0.00205083677789857,0.0059067331723632,"Human_Breast_Wu_06052021_Visium_CID4535"
"Human_Breast_Wu_06052021_Visium_CID4535_AGCGTACGAGAGCTAG-1",0.0132299033991589,0.0533163579413929,0.00513715536383458,0.0254443647558385,0.0035525878605359,0.148057948499279,0.742553881513719,0.00304367944121133,0.00566412122502989,"Human_Breast_Wu_06052021_Visium_CID4535"
"Human_Breast_Wu_06052021_Visium_CID4535_ATACTCTCGCCACTCT-1",0.0112372496505727,0.0858144553717295,0.00493824794530022,0.00728795487905424,0.0131475545668354,0.1799951486652,0.669305164489639,0.00673639937526401,0.0215378250564045,"Human_Breast_Wu_06052021_Visium_CID4535"
"Human_Breast_Wu_06052021_Visium_CID4535_AATCCATGCAAGGGTG-1",0.00946249495556879,0.0551343730029572,0.00502552647613835,0.0292937652015822,0.00367697674553828,0.170436180184123,0.718952722273582,0.00237571281864511,0.00564224834186476,"Human_Breast_Wu_06052021_Visium_CID4535"
"Human_Breast_Wu_06052021_Visium_CID4535_TTAAACAGAGTCCCGC-1",0.00987535387605781,0.060796947971277,0.007642633514195,0.0410231051695247,0.0101839096046651,0.16100358787227,0.691007074234245,0.00576867724453803,0.0126987105132274,"Human_Breast_Wu_06052021_Visium_CID4535"
"Human_Breast_Wu_06052021_Visium_CID4535_CCACAGCTGAAATCAT-1",0.0124416979173424,0.0725897264322305,0.00889784732616162,0.0199338381756872,0.0141933751769619,0.163345926336569,0.688111101946851,0.00351357394767427,0.0169729127405226,"Human_Breast_Wu_06052021_Visium_CID4535"
"Human_Breast_Wu_06052021_Visium_CID4535_CGGTTCCGGCTTCTTG-1",0.00742102352159691,0.0737093386412502,0.00253771462997856,0.0117539102438711,0.0045694580306157,0.122248783444801,0.766048195146561,0.00188837971985576,0.0098231966214699,"Human_Breast_Wu_06052021_Visium_CID4535"
"Human_Breast_Wu_06052021_Visium_CID4535_GACGTGAGACTCCATG-1",0.0175021119834738,0.0571558475100363,0.00638123598776911,0.123020340115716,0.0581336116734555,0.113773635156555,0.506468191642804,0.0165446679077226,0.101020358022468,"Human_Breast_Wu_06052021_Visium_CID4535"
"Human_Breast_Wu_06052021_Visium_CID4535_TCGTTGGCTCGTCAAT-1",0.00491849609504392,0.0770348783622138,0.00204464168421788,0.0185672249737845,0.00225709080570508,0.193166387318923,0.695285543556215,0.00310181665177307,0.00362392055212362,"Human_Breast_Wu_06052021_Visium_CID4535"
"Human_Breast_Wu_06052021_Visium_CID4535_GGTGAACGGGCTAGCC-1",0.024550310081706,0.0950044945112037,0.00719933266982086,0.0579696306861757,0.0287391629517971,0.205751801763175,0.502260727124592,0.0141480856220666,0.0643764545894632,"Human_Breast_Wu_06052021_Visium_CID4535"
"Human_Breast_Wu_06052021_Visium_CID4535_GCACTGTGCAAATGTA-1",0.0130377227614969,0.0596225008986725,0.00735391853482672,0.0312036187642641,0.009599118630953,0.0993060715951234,0.750525927770025,0.00976296460372126,0.0195881564409171,"Human_Breast_Wu_06052021_Visium_CID4535"
"Human_Breast_Wu_06052021_Visium_CID4535_ACGAGAACCCATCACG-1",0.015053565933186,0.0602207578087143,0.00453672601554147,0.0517993589376416,0.0221519408464648,0.196063473698988,0.561909033923987,0.0122188907596688,0.076046252075807,"Human_Breast_Wu_06052021_Visium_CID4535"
"Human_Breast_Wu_06052021_Visium_CID4535_CCAGCTACGCCTCATA-1",0.0225196908050364,0.0825281446862542,0.00425948123489768,0.041068446836577,0.00646617596816527,0.185670037030372,0.634537691718393,0.00977493887067658,0.0131753928496278,"Human_Breast_Wu_06052021_Visium_CID4535"
"Human_Breast_Wu_06052021_Visium_CID4535_TCCCGGTCAGGAATTT-1",0.00619049474846576,0.0504324675257477,0.00402484904818733,0.022486642664952,0.00759397443928486,0.124972485165577,0.772249208469278,0.00323255823378425,0.00881731970472325,"Human_Breast_Wu_06052021_Visium_CID4535"
"Human_Breast_Wu_06052021_Visium_CID4535_TCGCATTCAATGACTT-1",0.00669952785416156,0.0500135120190619,0.00391820967032433,0.00782221831269471,0.00145152194974825,0.116056168779298,0.810037232216184,0.00263077206527883,0.0013708371332484,"Human_Breast_Wu_06052021_Visium_CID4535"
"Human_Breast_Wu_06052021_Visium_CID4535_CTGGTTCAACGCATCA-1",0.00623002739565484,0.0613398994022496,0.00288284785846353,0.019439318134255,0.00346363673406196,0.133929154057226,0.760155449840854,0.00587708907306285,0.00668257750417233,"Human_Breast_Wu_06052021_Visium_CID4535"
"Human_Breast_Wu_06052021_Visium_CID4535_GGTGATTTCATCTTGT-1",0.00991060707914632,0.0679847684613424,0.00412555377445142,0.0167103575571136,0.00332782120227991,0.149969949892115,0.7411749397422,0.0041772042528724,0.00261879803847964,"Human_Breast_Wu_06052021_Visium_CID4535"
"Human_Breast_Wu_06052021_Visium_CID4535_CACCCTTTCCTCGCTC-1",0.00385858143625208,0.0424142124954472,0.00157637291858102,0.0118028650728803,0.00126582124822661,0.102186688318991,0.833279249123072,0.00242632241600334,0.00118988697054647,"Human_Breast_Wu_06052021_Visium_CID4535"
"Human_Breast_Wu_06052021_Visium_CID4535_CAACTTGTAGTGGGCA-1",0.00323566811871156,0.0267794569836546,0.00172296900894107,0.0073731102499597,0.00455140718760794,0.0464799611806006,0.901902528068217,0.002363618561084,0.00559128064122392,"Human_Breast_Wu_06052021_Visium_CID4535"
"Human_Breast_Wu_06052021_Visium_CID4535_AATATCAAGGTCGGAT-1",0.00428344461756356,0.0454128875483913,0.00226748457182374,0.0100837031014171,0.00191060126329229,0.0686015831941632,0.86150747576436,0.00385342380118984,0.00207939613779865,"Human_Breast_Wu_06052021_Visium_CID4535"
"Human_Breast_Wu_06052021_Visium_CID4535_ACTCAGACCTGCTTCT-1",0.012370042566466,0.0729820911868129,0.00568492853659677,0.0272437106082791,0.00560706228121347,0.105023532893784,0.751034315365856,0.00734358092042643,0.0127107356405649,"Human_Breast_Wu_06052021_Visium_CID4535"
"Human_Breast_Wu_06052021_Visium_CID4535_TTGGAGTCTCCCTTCT-1",0.00614593150199997,0.0848301213898515,0.00250429503091887,0.0204056653768355,0.00194669900799671,0.120413661706761,0.757038258416399,0.00371129574511118,0.00300407182412616,"Human_Breast_Wu_06052021_Visium_CID4535"
"Human_Breast_Wu_06052021_Visium_CID4535_GGATACTCATGAATTG-1",0.00587918983694584,0.0438995376578628,0.00292624459071841,0.0109028251243494,0.00366878390634093,0.0552871397409108,0.869847705589068,0.00351089435163139,0.00407767920217241,"Human_Breast_Wu_06052021_Visium_CID4535"
"Human_Breast_Wu_06052021_Visium_CID4535_TGGGCACAAACAGAAC-1",0.0162445307981539,0.0630685968044232,0.0046501095262056,0.0253702501456278,0.00351546836418325,0.102231299744333,0.769687053674544,0.00559769600636373,0.00963499493616599,"Human_Breast_Wu_06052021_Visium_CID4535"
"Human_Breast_Wu_06052021_Visium_CID4535_GAGCCACGGTAGTAGG-1",0.00856872994576033,0.0568708391889373,0.00430485289555299,0.0329487192097913,0.00774681586998298,0.12289445075139,0.734695636038772,0.00741510645529921,0.0245548496445137,"Human_Breast_Wu_06052021_Visium_CID4535"
"Human_Breast_Wu_06052021_Visium_CID4535_TCGATAGGCTAGTCGC-1",0.0181364573231842,0.0581463616199694,0.00528044027267234,0.0220058156035845,0.00337961550186648,0.12501670014266,0.758089655011968,0.00234109347509086,0.00760386104900442,"Human_Breast_Wu_06052021_Visium_CID4535"
"Human_Breast_Wu_06052021_Visium_CID4535_TAACCGCCCGCAGTGC-1",0.00765065511335283,0.0407657578026293,0.00188529304037888,0.0242541254060856,0.00980111919472945,0.099841885935667,0.766180696856164,0.00525696098804793,0.0443635056629452,"Human_Breast_Wu_06052021_Visium_CID4535"
"Human_Breast_Wu_06052021_Visium_CID4535_GCCTATTTGCTACACA-1",0.0161603369388818,0.0478865288554125,0.00506179406432579,0.0200625887212119,0.00620805675514416,0.095109324280396,0.770419768868857,0.00662914669186615,0.0324624548239043,"Human_Breast_Wu_06052021_Visium_CID4535"
"Human_Breast_Wu_06052021_Visium_CID4535_TGGATAGAGTAACAGA-1",0.00803806500966496,0.0659593373626215,0.00529106781676398,0.0160909796635285,0.00278751719625705,0.17764637704396,0.700748723065048,0.0196068760315734,0.00383105681058252,"Human_Breast_Wu_06052021_Visium_CID4535"
"Human_Breast_Wu_06052021_Visium_CID4535_TCACAGATCCTCAAAC-1",0.000747612003815105,0.0349372316083152,0.00115765660990872,0.0036494503976926,0.000273219882686909,0.165948365901554,0.791362663278205,0.00166069122574525,0.00026310909207793,"Human_Breast_Wu_06052021_Visium_CID4535"
"Human_Breast_Wu_06052021_Visium_CID4535_AGAGCTACGAAAGCAT-1",0.0224212721612023,0.110831187664012,0.00347484073619895,0.0233082986609725,0.00710681741551515,0.215645164974184,0.601789754347979,0.00829705089751209,0.00712561314242416,"Human_Breast_Wu_06052021_Visium_CID4535"
"Human_Breast_Wu_06052021_Visium_CID4535_TGCGTGATTGGGTGTC-1",0.0278076698427908,0.0845846854521936,0.0187363129167708,0.0311900629919545,0.00894911432483281,0.149309698235712,0.649133478860057,0.00710604671112453,0.0231829306645636,"Human_Breast_Wu_06052021_Visium_CID4535"
"Human_Breast_Wu_06052021_Visium_CID4535_CACATGTTTGGACATG-1",0.00902538988398338,0.100647157105656,0.0183925947842186,0.0726408929792037,0.00334431371134808,0.126725466632445,0.658780653746819,0.00618146988903922,0.00426206126728748,"Human_Breast_Wu_06052021_Visium_CID4535"
"Human_Breast_Wu_06052021_Visium_CID4535_TTCGCATCCGGAAGCA-1",0.00421297364005138,0.0457017450733688,0.0020784211274857,0.00912153306679382,0.00103987513198258,0.101914772988837,0.830171869004275,0.00356159424740462,0.00219721571980113,"Human_Breast_Wu_06052021_Visium_CID4535"
"Human_Breast_Wu_06052021_Visium_CID4535_CCCTAGTGTCAGGTGT-1",0.0176455526732266,0.084576284485632,0.00799212593360149,0.0276015027222814,0.00410777934420383,0.0970693982560339,0.748530463955587,0.00675465222660984,0.00572224040282359,"Human_Breast_Wu_06052021_Visium_CID4535"
"Human_Breast_Wu_06052021_Visium_CID4535_TTACCGCCTTAGGGAA-1",0.0125345139620313,0.0595785336059244,0.00208552565574965,0.0136175705101449,0.00232957389828011,0.140017144331268,0.761672924414868,0.0063704094097439,0.00179380421198943,"Human_Breast_Wu_06052021_Visium_CID4535"
"Human_Breast_Wu_06052021_Visium_CID4535_CCAGTCCATTATTCGA-1",0.00671447668593414,0.0625331429797334,0.00349252303270722,0.016782407918211,0.00244830642117985,0.17488641952442,0.713400969926775,0.0132747391172715,0.00646701439376768,"Human_Breast_Wu_06052021_Visium_CID4535"
"Human_Breast_Wu_06052021_Visium_CID4535_CGTAAACGCTTGAGTG-1",0.0143600755443866,0.0627310041065134,0.00578368736980104,0.0269705010751208,0.00670838813531112,0.134226402255811,0.730832124569891,0.00900338086294116,0.00938443608022343,"Human_Breast_Wu_06052021_Visium_CID4535"
"Human_Breast_Wu_06052021_Visium_CID4535_ATTCCTTCCAGGCGGT-1",0.00590163400182145,0.0584309085451485,0.00750468782550165,0.0108362342176029,0.00139893385490833,0.115116102075506,0.784380955324763,0.00833116200287535,0.0080993821518731,"Human_Breast_Wu_06052021_Visium_CID4535"
"Human_Breast_Wu_06052021_Visium_CID4535_TTCCTTTCTGTGTTGC-1",0.010142772002643,0.0589575041494867,0.00569415801581872,0.0200812597463597,0.00293950079425957,0.214317831557262,0.672619195566617,0.00721365559085482,0.00803412257669838,"Human_Breast_Wu_06052021_Visium_CID4535"
"Human_Breast_Wu_06052021_Visium_CID4535_AGTTGACATCGGCTGG-1",0.0304905939660861,0.0690053894584498,0.0158493997788469,0.0421156984958905,0.010452278969355,0.143903041841163,0.644288178005244,0.0130286641328508,0.030866755352114,"Human_Breast_Wu_06052021_Visium_CID4535"
"Human_Breast_Wu_06052021_Visium_CID4535_AACTCGATGGCGCAGT-1",0.00871783391795372,0.0447370039314856,0.00757662652928567,0.0131601934496703,0.0082906515348079,0.135861705073217,0.749910822333894,0.0058406236173304,0.0259045396123552,"Human_Breast_Wu_06052021_Visium_CID4535"
"Human_Breast_Wu_06052021_Visium_CID4535_GATAAGGCAGATGCAA-1",0.0192788789180266,0.107287567307511,0.00691326181003867,0.0246385415390743,0.0149139789288309,0.267836701603727,0.491837356544187,0.0142149293220694,0.0530787840265346,"Human_Breast_Wu_06052021_Visium_CID4535"
"Human_Breast_Wu_06052021_Visium_CID4535_GGCTGGCTAGCTTAAA-1",0.00663103949944712,0.0325370222660245,0.00480635268167008,0.0114400812164928,0.00844308942845399,0.121863296037076,0.802303098805775,0.00501001209146789,0.00696600797359226,"Human_Breast_Wu_06052021_Visium_CID4535"
"Human_Breast_Wu_06052021_Visium_CID4535_CCTCATGCAGCTACGA-1",0.0108532356595356,0.101513306155671,0.00643771557440406,0.0206125353886588,0.00338831691995116,0.232800726279244,0.612982653793955,0.00301018818380007,0.00840132204478066,"Human_Breast_Wu_06052021_Visium_CID4535"
"Human_Breast_Wu_06052021_Visium_CID4535_GACGCCTGTTGCAGGG-1",0.0155926746004754,0.0801133645247788,0.0187332254838671,0.0301335849964116,0.00702525257367854,0.159507273209694,0.659596629973512,0.00775855211994207,0.0215394425176412,"Human_Breast_Wu_06052021_Visium_CID4535"
"Human_Breast_Wu_06052021_Visium_CID4535_TAATTAGATGGATATG-1",0.018878573060868,0.0550461048402632,0.00795339877397879,0.0451322097065347,0.00651268718305023,0.145693616128727,0.696920435674783,0.0100293142259095,0.0138336604058858,"Human_Breast_Wu_06052021_Visium_CID4535"
"Human_Breast_Wu_06052021_Visium_CID4535_GAGGGCATCGCGTATC-1",0.0172631305189297,0.0675813509698484,0.00701205649530663,0.0139559384383852,0.00783555504882875,0.193455710649567,0.677035250077546,0.00756079878627405,0.00830020901531434,"Human_Breast_Wu_06052021_Visium_CID4535"
"Human_Breast_Wu_06052021_Visium_CID4535_CTTGTGAGTCTTTGAC-1",0.00594068922475443,0.0805241543117483,0.00210091995320388,0.0202624709739265,0.00167298685771446,0.175939438132836,0.705967284287883,0.00354608804298491,0.0040459682149488,"Human_Breast_Wu_06052021_Visium_CID4535"
"Human_Breast_Wu_06052021_Visium_CID4535_TCAACACATTGGGTAA-1",0.00535960383859883,0.0608222714696902,0.00641112435530139,0.045378467279347,0.0032648389113646,0.124845105747256,0.743280314160036,0.00546352625297024,0.00517474798543542,"Human_Breast_Wu_06052021_Visium_CID4535"
"Human_Breast_Wu_06052021_Visium_CID4535_ACTGTATACGCGAGCA-1",0.00591555577901144,0.0847811651980337,0.00566711885306029,0.0272624297529275,0.00150506469561093,0.156720875250484,0.704815305851158,0.00526765193246109,0.00806483268725282,"Human_Breast_Wu_06052021_Visium_CID4535"
"Human_Breast_Wu_06052021_Visium_CID4535_GTGAAACGTGCTCCAC-1",0.00717770043313456,0.0485242186565645,0.00278108153733407,0.00753882526901209,0.00416276717487179,0.0990803497693178,0.82224504355106,0.00370998737755659,0.00478002623114848,"Human_Breast_Wu_06052021_Visium_CID4535"
"Human_Breast_Wu_06052021_Visium_CID4535_CGAGTGCTATAGTTCG-1",0.0167882390071083,0.0957950209463424,0.0126224875823199,0.0110973045755926,0.0108308515799705,0.164846218111126,0.662679791181429,0.00306093835380356,0.0222791486623081,"Human_Breast_Wu_06052021_Visium_CID4535"
"Human_Breast_Wu_06052021_Visium_CID4535_GTACTGCATGAAGCGT-1",0.0183687528718423,0.0648219960915629,0.0079951809158364,0.0345959723987543,0.0128814340607545,0.14913613275596,0.68931614722532,0.00798902976256827,0.0148953539174012,"Human_Breast_Wu_06052021_Visium_CID4535"
