"","Endothelial","CAFs","PVL","B-cells","T-cells","Myeloid","Normal Epithelial","Plasmablasts","Cancer Epithelial","sid"
"GSE203612_GSM6177599_AAACACCAATAACTGC-1",0.0035920260552504,0.00769557780394759,0.15200007296203,0.0131373578145282,0.00554428514810667,0.306921970461944,0.00481992228867469,0.0171376901720809,0.489151097293438,"GSE203612_GSM6177599"
"GSE203612_GSM6177599_AAACAGTGTTCCTGGG-1",8.06110425739459e-05,0.104603850088935,0.000100658495192472,6.41166680662798e-07,1.96590606373818e-06,0.296932869200072,0.0280358463841172,0.00396818766214139,0.566275370054223,"GSE203612_GSM6177599"
"GSE203612_GSM6177599_AAACATTTCCCGGATT-1",0.0676651228363812,0.110014966246628,0.0216351542103905,0.00731359580344962,0.0156345879901878,0.247571984155077,0.000281251813691157,5.52411997438203e-06,0.52987781282422,"GSE203612_GSM6177599"
"GSE203612_GSM6177599_AAACCGGGTAGGTACC-1",0.163662557986278,0.164984842605346,0.267244278217161,0.00134493902538361,0.0226986994567246,0.286131314177389,0.0214472969566447,0.00610496911621763,0.0663811024588551,"GSE203612_GSM6177599"
"GSE203612_GSM6177599_AAACCGTTCGTCCAGG-1",0.00770599702763004,0.0204356238387093,0.0495777282526144,0.00163193929285214,0.0205621776002482,0.244973226747422,0.000483429783313503,0.00168806625868278,0.652941811198527,"GSE203612_GSM6177599"
"GSE203612_GSM6177599_AAACCTAAGCAGCCGG-1",0.026206185940333,0.0736176408993303,0.0381401064138633,0.127242825004557,0.540610575456873,0.138397665163542,0.00323210065875414,4.1247684397874e-05,0.0525116527783506,"GSE203612_GSM6177599"
"GSE203612_GSM6177599_AAACGAAGAACATACC-1",0.0233671525635218,0.196004100222787,0.0243249759474118,0.068640693555383,0.0126566058478484,0.282084279557847,0.059145137093616,0.000309763840642315,0.333467291370943,"GSE203612_GSM6177599"
"GSE203612_GSM6177599_AAACGAGACGGTTGAT-1",2.9241300828746e-07,1.87608342751934e-07,5.63650337968987e-07,4.27124775477549e-07,7.38491790070712e-06,1.98076753643173e-06,1.62142115025444e-08,2.16389399215362e-06,0.999986983409895,"GSE203612_GSM6177599"
"GSE203612_GSM6177599_AAACGGGCGTACGGGT-1",0.498045100676206,0.0506969179023185,0.11963684021892,0.00255077703731025,0.0120530623246345,0.138184963801207,0.00968776012633795,0.00111806767427172,0.168026510238795,"GSE203612_GSM6177599"
"GSE203612_GSM6177599_AAACGGTTGCGAACTG-1",0.00224836580035798,0.0407083440877256,0.0041300898503201,0.116643189216729,0.0999671773868769,0.0348661684902119,0.0251628889670167,0.0442553151096375,0.632018461091124,"GSE203612_GSM6177599"
"GSE203612_GSM6177599_AAACTCGGTTCGCAAT-1",0.114882317150087,0.0737113286118275,0.203034558013706,0.0142054041623098,0.0507547841376899,0.182669307281518,3.93686809707365e-05,0.000160383079367109,0.360542548882523,"GSE203612_GSM6177599"
"GSE203612_GSM6177599_AAACTGCTGGCTCCAA-1",5.1378770217687e-06,5.12536307161938e-06,1.59521712727898e-05,6.1616245514105e-06,8.46793965853642e-05,0.000348644962116172,8.73199292262944e-07,1.67842768720235e-05,0.999516641129216,"GSE203612_GSM6177599"
"GSE203612_GSM6177599_AAACTTAATTGCACGC-1",0.000903819404180992,0.103280576747084,3.93156543509507e-05,9.19633160195669e-07,0.00266264888201944,0.187021802372607,0.000639536325716576,0.0397480853486517,0.665703295632229,"GSE203612_GSM6177599"
"GSE203612_GSM6177599_AAAGGCCCTATAATAC-1",0.105615791993836,0.0445671051304273,0.449842876716985,0.000278178415344981,0.00310789887748658,0.0958722926151,0.00969024991769207,0.0389670923052768,0.252058514027851,"GSE203612_GSM6177599"
"GSE203612_GSM6177599_AAAGGCTACGGACCAT-1",0.145726460474776,0.145475003431645,0.130831286717738,0.067876415519967,0.0202923937795634,0.122072267823586,0.125896113921391,0.108931672776148,0.132898385555185,"GSE203612_GSM6177599"
"GSE203612_GSM6177599_AAAGGCTCTCGCGCCG-1",0.0187888972064267,0.101630723601718,0.0145723819171622,0.129411925896678,0.282377855407746,0.150077439509712,0.00738662535617942,0.098826018792531,0.196928132311847,"GSE203612_GSM6177599"
"GSE203612_GSM6177599_AAAGGGATGTAGCAAG-1",3.30935172134348e-06,9.31771275054466e-06,8.66730410109264e-06,3.89802957914647e-06,5.83414881728248e-05,0.000165575644736199,6.89589216826626e-06,3.50856973423708e-05,0.999708908879428,"GSE203612_GSM6177599"
"GSE203612_GSM6177599_AAAGTAGCATTGCTCA-1",0.000649870103063986,0.0804042383797064,0.00173711542225854,8.83375570964443e-06,0.000227762784620377,0.234395760075235,0.00590736376509351,0.156507272821597,0.520161782892716,"GSE203612_GSM6177599"
"GSE203612_GSM6177599_AAAGTCACTGATGTAA-1",0.00395184073155548,0.0341532483576202,0.00609486409460688,0.19503162459599,0.359222478253615,0.178092434548396,0.047824061260125,8.93503618292566e-05,0.175540097796262,"GSE203612_GSM6177599"
"GSE203612_GSM6177599_AAAGTGTGATTTATCT-1",0.0332622212433363,0.00730745988033144,0.0342868958059823,0.000575865040001899,0.00371634663535066,0.124252996981244,0.000663679449876751,0.00583815191378874,0.790096383050088,"GSE203612_GSM6177599"
"GSE203612_GSM6177599_AAATACCTATAAGCAT-1",0.00313270054554087,0.0301896893108628,0.00528919165342345,0.117692254626551,0.340948727508564,0.156533706267667,0.000658744269503385,0.0300638028530207,0.315491182964866,"GSE203612_GSM6177599"
"GSE203612_GSM6177599_AAATAGGGTGCTATTG-1",4.48559237097169e-06,3.01394118877306e-06,1.39089449874942e-05,2.93860091150232e-06,5.85685222317596e-05,1.16266228448e-05,2.77677324024187e-06,0.000276371292910257,0.999626309709314,"GSE203612_GSM6177599"
"GSE203612_GSM6177599_AAATCCGATACACGCC-1",0.000314713157313152,0.000816151413259253,0.000750784762167855,2.42495342341189e-05,0.000527697848719778,0.000951993935341223,2.22883473511224e-05,0.000374478098182538,0.996217642903431,"GSE203612_GSM6177599"
"GSE203612_GSM6177599_AAATCGTGTACCACAA-1",0.00044592935957073,0.159563247635992,0.00351588498396447,0.000707294055358436,0.00407678584946716,0.0613879049737348,3.43455517908644e-06,0.0441759047439508,0.726123613842783,"GSE203612_GSM6177599"
"GSE203612_GSM6177599_AAATCTAGCCCTGCTA-1",0.000103309537622313,0.0796232579143665,0.00031690661246074,5.5280095223866e-05,0.000442380198661977,0.0938091105982357,0.00087574349612269,5.07162993752851e-05,0.824723295247931,"GSE203612_GSM6177599"
"GSE203612_GSM6177599_AAATCTGCCCGCGTCC-1",0.00200122747282662,0.152633960662126,0.0231919797551853,6.66010668121184e-06,0.000171503574556466,0.303695954261421,0.198609168054236,0.176037617811737,0.14365192830123,"GSE203612_GSM6177599"
"GSE203612_GSM6177599_AAATGGCATGTCTTGT-1",0.00363914128334013,0.13578761854015,0.0282909942555093,0.0134679930203341,0.0128241970527197,0.192982212608505,0.0664460523327273,0.276389097704301,0.270172693202413,"GSE203612_GSM6177599"
"GSE203612_GSM6177599_AAATGGTCAATGTGCC-1",0.0214817659697549,0.237150343191367,0.0142693537859233,0.0534116004080307,0.115791055603773,0.457129913673869,0.01575000195774,0.0259354458904137,0.059080519519129,"GSE203612_GSM6177599"
"GSE203612_GSM6177599_AAATTAACGGGTAGCT-1",0.0057669939513929,0.150006114590703,0.0205954481176833,0.00173834140275054,0.00185183773127624,0.446004505927225,0.00614211595862971,0.183684170532466,0.184210471787873,"GSE203612_GSM6177599"
"GSE203612_GSM6177599_AAATTACCTATCGATG-1",0.00177702676216791,0.10672650244825,0.0422231979388843,0.0128555521044691,0.0207835126497931,0.0262489961326594,8.51154755232071e-05,2.41360477390087e-05,0.789275960440514,"GSE203612_GSM6177599"
"GSE203612_GSM6177599_AAATTGATAGTCCTTT-1",0.097367798466957,0.0909388864206207,0.0298820876139554,0.000161674647377688,0.00101049747620595,0.200639249342599,0.00560180959747051,1.27364682825133e-05,0.574385259966531,"GSE203612_GSM6177599"
"GSE203612_GSM6177599_AAATTTGCGGGTGTGG-1",0.140572311446627,0.321916155517595,0.1477999813704,0.000681412690047895,0.00234838555715533,0.095598334839469,0.00562003292445487,0.00865708398806863,0.276806301666182,"GSE203612_GSM6177599"
"GSE203612_GSM6177599_AACAACTGGTAGTTGC-1",0.0689881934742708,0.0987318424950747,0.0449798958503616,0.0831159308848915,0.499972547519537,0.151424832762687,0.00147601320971433,0.0448352789676106,0.00647546483585213,"GSE203612_GSM6177599"
"GSE203612_GSM6177599_AACAATACATTGTCGA-1",0.231881280767524,0.122057479301734,0.205834222134007,0.20576268975202,0.0937710450184495,0.0647205006868116,0.00609109407378793,0.0345443015637,0.0353373867019654,"GSE203612_GSM6177599"
"GSE203612_GSM6177599_AACACACGCTCGCCGC-1",0.00725224456407595,0.0254161732429157,0.00572333695762987,0.253109507478333,0.566028503557031,0.046409245860632,0.00042487653854266,0.013601034316845,0.082035077483995,"GSE203612_GSM6177599"
"GSE203612_GSM6177599_AACACGACTGTACTGA-1",0.0608420527712067,0.0425707557160867,0.0688175760978609,0.0531616493320632,0.373445722352452,0.162863979890312,0.0244810805921615,0.122056814914708,0.0917603683331491,"GSE203612_GSM6177599"
"GSE203612_GSM6177599_AACAGCTGTGTGGCAA-1",0.00104764658091337,0.1156808174382,0.0778748523940551,1.46576735438727e-06,0.000356701484430136,0.124510012015818,0.0240574013539153,0.315545611409302,0.340925491556011,"GSE203612_GSM6177599"
"GSE203612_GSM6177599_AACAGGAAATCGAATA-1",4.55060598655453e-05,2.77994754460881e-05,4.09840717660617e-05,0.000132642397757351,0.000241656109371847,0.000385080864368635,0.000386420363107066,0.000675180537752078,0.998064730120565,"GSE203612_GSM6177599"
"GSE203612_GSM6177599_AACATTGAAGTTGATC-1",0.337550064639011,0.0766152017340662,0.321237741354001,2.56108430334387e-05,0.000527770666227456,0.0138970539805991,0.00114499267374163,0.194785146564732,0.0542164175445893,"GSE203612_GSM6177599"
"GSE203612_GSM6177599_AACATTGTGACTCGAG-1",0.0495461089409786,0.04444076336019,0.111793834419067,0.000141727435921102,0.0024067666592553,0.337418218986253,0.0187836023050611,0.0987690950946502,0.336699882798624,"GSE203612_GSM6177599"
"GSE203612_GSM6177599_AACCATAGGGTTGAAC-1",0.501147600110106,0.0298896608266702,0.0247117760948372,0.0341148621808445,0.0228965637972584,0.0278439046656808,0.0131745677245448,3.08352567099264e-07,0.346220756247491,"GSE203612_GSM6177599"
"GSE203612_GSM6177599_AACCCATCCCATGATC-1",0.000191988275395721,0.00085763098084645,0.01539278571254,4.34983311706527e-06,2.60879814107116e-05,0.313071322513089,0.000848284532653943,0.0267728422399098,0.642834707931037,"GSE203612_GSM6177599"
"GSE203612_GSM6177599_AACCCGACAACCCGTG-1",0.0149403580009322,0.0879534861932055,0.0224984445585569,0.00321972140285324,0.000629289575055301,0.294994098936935,0.00899510740106416,0.118955906603283,0.447813587328115,"GSE203612_GSM6177599"
"GSE203612_GSM6177599_AACCCGCTGTATTCCA-1",0.0142753714917023,0.11055109487153,0.0428506305346193,0.00899989933654706,0.0116529722862325,0.109012239768452,0.0141084419858961,0.102008113961526,0.586541235763495,"GSE203612_GSM6177599"
"GSE203612_GSM6177599_AACCCTGGTGGAACCA-1",0.00544195672242983,0.129416427775557,0.0766401172908959,0.00205346082945393,0.0103310975182223,0.160244248177243,0.0488800303212628,0.315623506499919,0.251369154865016,"GSE203612_GSM6177599"
"GSE203612_GSM6177599_AACCGAGCTTGGTCAT-1",7.78194084831475e-07,2.04758950709093e-06,4.35962885305239e-06,1.40805818267124e-05,6.34540144323595e-05,1.4680465724602e-05,1.24080190659582e-05,4.80160582196158e-05,0.999840175448286,"GSE203612_GSM6177599"
"GSE203612_GSM6177599_AACCGCTAAGGGATGC-1",0.000665584634634419,0.0312663453048844,0.00725802630008561,0.000346235976974474,0.00110372782391524,0.0084727112244556,8.27642916626681e-05,0.0116376889700653,0.939166915473322,"GSE203612_GSM6177599"
"GSE203612_GSM6177599_AACCGTTGTGTTTGCT-1",0.0166641760724204,0.0486907550465855,0.0490913566913798,0.00214131869352152,0.00260108135945722,0.337665888348378,0.299626474451972,0.00301713836147104,0.240501810974815,"GSE203612_GSM6177599"
"GSE203612_GSM6177599_AACCTCGCTTTAGCCC-1",0.0187998602471622,0.00956960507658837,0.0267490103487355,0.214775944912167,0.663988600465259,0.0505362912736302,0.0116216589607225,0.000746035367096519,0.00321299334863916,"GSE203612_GSM6177599"
"GSE203612_GSM6177599_AACCTTTAAATACGGT-1",0.00761120865534897,0.00911968927098858,0.00685836824485066,0.109600570932287,0.451080075570248,0.279693454839639,0.00124809043515954,0.10329874711551,0.0314897949359673,"GSE203612_GSM6177599"
"GSE203612_GSM6177599_AACGATAATGCCGTAG-1",0.00465997653726467,0.0149498056189808,0.0266836630870347,2.24703777201716e-05,9.41800096874407e-05,0.145467547443225,0.0034820457754105,0.00199977263715285,0.802640538513524,"GSE203612_GSM6177599"
"GSE203612_GSM6177599_AACGATAGAAGGGCCG-1",0.000585790421016003,0.0169072346725308,0.000809668405151376,0.15484216051203,0.112968834805871,0.264532270035523,0.128800361416072,9.8960072915679e-05,0.32045471965889,"GSE203612_GSM6177599"
"GSE203612_GSM6177599_AACGATATGTCAACTG-1",0.00474330330362922,0.317292630303081,0.0247467243454715,0.000174529756303722,0.000306375377533967,0.0981907737325746,0.0437602252635348,0.015105461009928,0.495679976907943,"GSE203612_GSM6177599"
"GSE203612_GSM6177599_AACGCGACCTTGGGCG-1",0.0127841262547697,0.137831110452518,0.0288206951571183,2.1114575968209e-05,0.00042900366701333,0.374510573538516,0.00620532411969526,5.49223662353606e-05,0.439343129868166,"GSE203612_GSM6177599"
"GSE203612_GSM6177599_AACGCGGTCTCCAGCC-1",0.00150401101495014,0.0013234107459594,0.00758051399280848,0.00307452653491078,0.00495910230473875,0.0119739414908986,0.00196030554930247,0.00168116577636017,0.965943022590071,"GSE203612_GSM6177599"
"GSE203612_GSM6177599_AACGCTGTTGCTGAAA-1",0.0131607424264303,0.0123807071920879,0.0196851362411609,0.000254534517617057,0.00618987980276364,0.187465453360624,0.00206530963894198,0.0022504987089958,0.756547738111378,"GSE203612_GSM6177599"
"GSE203612_GSM6177599_AACGGACGTACGTATA-1",0.0560598115641819,0.0753041627659518,0.0997994166709363,0.0262413958951011,0.303786961862807,0.202894605360392,0.163230417340331,0.00387390590312998,0.06880932263717,"GSE203612_GSM6177599"
"GSE203612_GSM6177599_AACGGCCATCTCCGGT-1",7.79006068796001e-05,0.0100680198499984,0.00199628973305931,8.576554644017e-07,3.03916841021948e-05,0.0674732039754032,0.00020647239568623,0.00269790424408608,0.917448959855321,"GSE203612_GSM6177599"
"GSE203612_GSM6177599_AACGTACTGTGGGTAC-1",0.225729413434961,0.0469822072395464,0.0135044219501265,0.190911085921256,0.284623529361832,0.0932260418875512,0.00164659621065342,0.000258820625851586,0.143117883368221,"GSE203612_GSM6177599"
"GSE203612_GSM6177599_AACGTCAGACTAGTGG-1",0.00627343897981318,0.0869162550698076,0.058507828697894,0.193257821087479,0.146695211088281,0.0529716317218236,0.0252614390838583,0.0415481919848675,0.388568182286176,"GSE203612_GSM6177599"
"GSE203612_GSM6177599_AACGTGCGAAAGTCTC-1",0.0062888730389609,0.0618476423406246,0.0114512569593072,0.0106182920146429,0.114389649584832,0.190535619106798,0.000913259192584508,0.398621863528467,0.205333544233782,"GSE203612_GSM6177599"
"GSE203612_GSM6177599_AACTAGGCTTGGGTGT-1",0.09775739030084,0.0873387976803212,0.148768807159921,0.0158394382945986,0.0844293249935725,0.183862633144163,0.0127414101897861,0.122050042868003,0.247212155368795,"GSE203612_GSM6177599"
"GSE203612_GSM6177599_AACTCAAGTTAATTGC-1",0.156028249747157,0.033735657209697,0.0697637034908917,0.130859922023058,0.4646862797487,0.118821444198355,0.00327324575413548,0.0112995880082421,0.0115319098197639,"GSE203612_GSM6177599"
"GSE203612_GSM6177599_AACTCCAGAGCGTGTT-1",0.000766557530543353,0.0333296200834709,0.0235729169513713,0.0207781355411758,0.0164019471653847,0.0154588780621234,0.00107276129448728,0.0026839299591659,0.885935253412277,"GSE203612_GSM6177599"
"GSE203612_GSM6177599_AACTCTCAGTGTGCTC-1",0.35067071515976,0.0509940764735368,0.316571488555944,0.0106275876308949,0.0195496278579712,0.0175686750146774,0.0074852123962797,0.0521681054505303,0.174364511460406,"GSE203612_GSM6177599"
"GSE203612_GSM6177599_AACTGATATTAGGCCT-1",0.00017458485110682,0.00166661723930491,0.00285313209716927,0.000234680128831916,0.00107147993956015,0.000732641994947891,0.000948661965604531,0.00595110071781032,0.986367101065664,"GSE203612_GSM6177599"
"GSE203612_GSM6177599_AACTGGGTCCCGACGT-1",9.52610771697587e-05,0.000455717902083571,0.000130013592627439,7.60977568274141e-05,0.000410612439568815,0.0115966230160256,0.00870104922649295,9.19277036099207e-05,0.978442697285595,"GSE203612_GSM6177599"
"GSE203612_GSM6177599_AACTGGTGTGGGCCTT-1",0.00420057783464859,0.0912174899096755,0.00954308689307327,0.000584069645769961,0.00203681181337285,0.206131222024003,0.0185014530955353,0.00074650110263527,0.667038787681287,"GSE203612_GSM6177599"
"GSE203612_GSM6177599_AAGAAAGTTTGATGGG-1",0.2847613253261,0.425809127449889,0.232462392539694,0.0020956832303588,0.000455344051285982,0.0211798392002625,0.00524393641570295,4.39294839303894e-06,0.0279879588383123,"GSE203612_GSM6177599"
"GSE203612_GSM6177599_AAGACCCAACTGAACA-1",0.0123685007411038,0.115787308093963,0.015729361284933,0.379297228834082,0.0602391659525581,0.132070639597666,0.0734214375450241,0.0480349558939348,0.163051402056735,"GSE203612_GSM6177599"
"GSE203612_GSM6177599_AAGACTGCAAGCTACT-1",0.00983403695130898,0.11549086567785,0.0590731702333191,0.0779632786702436,0.507988762625721,0.158037200922053,0.00343290410628272,0.0218460867551789,0.0463336940580422,"GSE203612_GSM6177599"
"GSE203612_GSM6177599_AAGAGCTCTTTATCGG-1",4.63441339958355e-05,0.000200188522687906,0.000191783560198349,1.31915463510975e-06,4.12566500195833e-05,1.38790394605908e-05,2.60016910024674e-07,0.000158109747615115,0.999346859174478,"GSE203612_GSM6177599"
"GSE203612_GSM6177599_AAGAGGATGTACGCGA-1",3.87332647804658e-07,9.85801523860964e-07,7.65883996260259e-07,7.33327073579755e-07,2.31681364163354e-05,2.28727030733627e-05,6.14490967760927e-07,5.1455566446928e-05,0.999899016757854,"GSE203612_GSM6177599"
"GSE203612_GSM6177599_AAGAGGCATGGATCGC-1",5.31781175273314e-05,5.51061748052944e-05,8.18063186622517e-05,0.00100648106168672,0.00221007679464835,0.00216731484791229,0.000132590900231762,0.000499401104394865,0.993794044680131,"GSE203612_GSM6177599"
"GSE203612_GSM6177599_AAGATGGCACCGGACC-1",0.0198953755971979,0.264824148286429,0.170614223960613,1.32917943611645e-06,4.34215659067984e-05,0.242523083408698,0.00681098397248041,1.52657913225934e-05,0.295272168237917,"GSE203612_GSM6177599"
"GSE203612_GSM6177599_AAGATTGGCGGAACGT-1",0.175004147698145,0.191414148726332,0.299854912961738,1.22642524638343e-05,1.71127164387529e-05,0.113909879568902,0.000253749114675412,0.00663409127082794,0.212899693690478,"GSE203612_GSM6177599"
"GSE203612_GSM6177599_AAGCACCCTGCGTATC-1",0.112620107537223,0.0528743683082169,0.103034751960311,0.00149038109381632,0.0157288603262579,0.365475606718317,0.00316285546030773,0.0650999202664248,0.280513148329125,"GSE203612_GSM6177599"
"GSE203612_GSM6177599_AAGCATACTCTCCTGA-1",0.00599044516236428,0.0930024156073085,0.0161367598936761,0.12432350119813,0.433433125880334,0.166987439139692,0.00387365775420854,0.0395188902090073,0.11673376515528,"GSE203612_GSM6177599"
"GSE203612_GSM6177599_AAGCCACTTGCAGGTA-1",0.0842869684588197,0.104593000874413,0.0688457575919977,5.14264463003321e-05,0.00112279330424028,0.299982320680739,0.000691983819262957,0.0930319642829471,0.34739378454128,"GSE203612_GSM6177599"
"GSE203612_GSM6177599_AAGCCGCCGTGAAATC-1",0.000405093699886371,0.195486331796864,0.00186912763845908,0.0024182946243789,0.0075893996087742,0.206514190359394,0.0009472404695001,2.22334785061416e-06,0.584768098454892,"GSE203612_GSM6177599"
"GSE203612_GSM6177599_AAGCGCAGGGCTTTGA-1",0.0576182962180611,0.195243895565077,0.0612797307744625,0.0205336504948147,0.0279901310438317,0.121404860370636,0.012323760371144,0.0162297548190149,0.487375920342957,"GSE203612_GSM6177599"
"GSE203612_GSM6177599_AAGCGTCCCTCATCGA-1",0.102130585626464,0.24475899791176,0.128441941074702,0.00110716963551138,0.0499775906870952,0.236493712633472,0.000381579560383425,6.00301191944722e-05,0.236648392751418,"GSE203612_GSM6177599"
"GSE203612_GSM6177599_AAGCTAGATCGAGTAA-1",0.000239732821138031,0.0102109146814254,0.00371671391646053,2.69939457447693e-05,0.000389740954206844,0.126242724732321,0.00269843786426183,0.00132824013133779,0.855146500953104,"GSE203612_GSM6177599"
"GSE203612_GSM6177599_AAGCTCGTGCCAAGTC-1",4.70238342546276e-05,0.000161104839388309,0.000226224873636426,4.65392661024256e-05,0.000237926456680944,0.000900302037958219,1.27203711490615e-06,0.000175156649516962,0.998204450005347,"GSE203612_GSM6177599"
"GSE203612_GSM6177599_AAGCTCTTTCATGGTG-1",0.018904055899243,0.124266626066651,0.0380494337508971,0.00129827644648614,0.0522866845414371,0.663053922653408,0.0123846061730055,0.00795473653118746,0.0818016579376854,"GSE203612_GSM6177599"
"GSE203612_GSM6177599_AAGGAGAACTTATAAG-1",0.148631960087795,0.205844127581454,0.163467370989439,0.000239857957463897,0.00345138865482324,0.26451782999803,0.10842565725558,0.0384527351885079,0.0669690722869077,"GSE203612_GSM6177599"
"GSE203612_GSM6177599_AAGGAGCGGTTGGTGC-1",0.0183516290013378,0.0654520643893792,0.0281130038334265,0.0199403687381675,0.0339180568382669,0.110094180863654,0.0116922482077602,0.00272223653946694,0.709716211588541,"GSE203612_GSM6177599"
"GSE203612_GSM6177599_AAGGATGAGGGACCTC-1",0.239125659809525,0.161241632090867,0.384934186945714,0.0617463110340403,0.0329244015692983,0.00198496015095533,0.00117445047872289,0.0873042095217748,0.0295641883991019,"GSE203612_GSM6177599"
"GSE203612_GSM6177599_AAGGCTGTGCTCATCG-1",1.63976667956509e-06,2.68906399262321e-05,1.77223785158309e-05,5.03701624848514e-06,4.38438235627648e-05,0.000113372591652533,2.75249915086925e-07,0.000217363446108036,0.999573855087391,"GSE203612_GSM6177599"
"GSE203612_GSM6177599_AAGGGAACGACTGGCT-1",0.00493107846634331,0.312706169245147,0.10534527358924,0.000149680072588259,0.000561883764789006,0.10322018800283,0.0907582944424108,0.00525914852846165,0.377068283888189,"GSE203612_GSM6177599"
"GSE203612_GSM6177599_AAGGGACTATGCATTC-1",0.0350508780318136,0.0135053742924429,0.0163245008073337,0.00369347839210277,0.16345175821437,0.267058944399794,0.000738129169145905,0.0947450151501693,0.405431921542829,"GSE203612_GSM6177599"
"GSE203612_GSM6177599_AAGGTATCCTAATATA-1",0.39655058526633,0.0997016199329777,0.244039608174155,0.0187087247391501,0.0745076516988844,0.0298597148000207,0.0168030499175184,0.00822280212809313,0.111606243342871,"GSE203612_GSM6177599"
"GSE203612_GSM6177599_AAGGTGATAAACCAGC-1",0.00528042007149675,0.227337978230081,0.00284090902321221,0.124308719156883,0.176299225135537,0.053244430995195,0.000469782778408708,0.0873976661012943,0.322820868507893,"GSE203612_GSM6177599"
"GSE203612_GSM6177599_AAGTAGAAGACCGGGT-1",0.000227629124241238,0.000633613971552244,0.000659738085411419,0.0017400815377923,0.00557376332820648,0.0310714649473003,0.00592415493286974,0.0046212510985224,0.949548302974104,"GSE203612_GSM6177599"
"GSE203612_GSM6177599_AAGTGAGTCGGGTTTA-1",0.0862296765484422,0.0499064972308471,0.0915341905588556,0.0025012761772137,0.00974025712058122,0.149797237868599,0.154456762730859,0.00335304610312954,0.452481055661472,"GSE203612_GSM6177599"
"GSE203612_GSM6177599_AAGTGCGTTAGAATCT-1",0.00100636173699221,0.221884271972035,0.00979447952218183,0.0001040508388475,0.000729944624774039,0.182711256132407,0.00531864254432718,0.0150647236441214,0.563386268984314,"GSE203612_GSM6177599"
"GSE203612_GSM6177599_AAGTGCTTCTCTATTG-1",0.189609094770897,0.065629313562423,0.0872686567498984,0.0950927552885476,0.00624850078021667,0.164049394551982,0.217006705176234,0.0121383943292444,0.162957184790557,"GSE203612_GSM6177599"
"GSE203612_GSM6177599_AAGTGTTTGGAGACGG-1",2.09760886935257e-05,1.57061132845429e-05,4.43597399951166e-05,1.43040859357772e-06,5.68951822202947e-05,6.60376039741735e-05,4.74939200317244e-07,8.82426619474363e-05,0.999705877262091,"GSE203612_GSM6177599"
"GSE203612_GSM6177599_AAGTTCACTCCAAGCT-1",0.0932932996906936,0.00194230975009842,0.149057659942643,0.186469488361861,0.289579470785276,0.0153657687304626,0.00187975119429139,0.0243654958898041,0.23804675565487,"GSE203612_GSM6177599"
"GSE203612_GSM6177599_AAGTTCGGCCAACAGG-1",0.018062146924391,0.142651993839856,0.138538203057543,0.0612135948177762,0.191211967356812,0.215391936628389,0.00737391471778568,0.0306219399992862,0.194934302658161,"GSE203612_GSM6177599"
"GSE203612_GSM6177599_AAGTTTACTAATGGCA-1",0.0430434315242386,0.0546504757321806,0.00970828517918338,0.247566994912914,0.504249237572051,0.0439663122253349,0.0118786392235983,0.046609355618422,0.0383272680120767,"GSE203612_GSM6177599"
"GSE203612_GSM6177599_AAGTTTATGGGCCCAA-1",0.0179032434403997,0.21811340631241,0.0128649386803843,0.0210815783239192,0.0132845929960641,0.224513738544323,0.0434856544579425,0.000674926837032948,0.448077920407525,"GSE203612_GSM6177599"
"GSE203612_GSM6177599_AATAACAACGCTCGGC-1",0.0519847099417226,0.100062964514361,0.135052054311532,0.00662369525800823,0.0148596530013003,0.194202787465133,0.0581316179086149,0.267692208022871,0.171390309576457,"GSE203612_GSM6177599"
"GSE203612_GSM6177599_AATAACACTAGAACAA-1",0.0003823514716442,0.0946533711177068,0.00471224533330897,0.000185136152062866,0.00390010122696912,0.13192956223648,0.000139873473312479,0.219337909641044,0.544759449347472,"GSE203612_GSM6177599"
"GSE203612_GSM6177599_AATAAGTCCTCGAGAC-1",0.0966492939826465,0.176419442296882,0.214915263707938,0.00124681946369835,0.00553001362769746,0.175710348729557,0.17591135483049,0.00133833210171766,0.152279131259373,"GSE203612_GSM6177599"
"GSE203612_GSM6177599_AATACCGGAGGGCTGT-1",0.379849918628473,0.307347919522356,0.0509875797378152,0.00118733206920282,0.00524675969941763,0.089903071980757,0.0561115375641253,0.00421039599436427,0.105155484803489,"GSE203612_GSM6177599"
"GSE203612_GSM6177599_AATAGAACAGAGTGGC-1",0.0521565340896568,0.0324976647057707,0.0102203369379726,0.218283280848356,0.280969441010602,0.171017626871296,0.00387296321429984,0.167062768042403,0.0639193842796425,"GSE203612_GSM6177599"
"GSE203612_GSM6177599_AATAGAATCTGTTTCA-1",2.30242396469767e-06,2.99212474736816e-06,7.17360294739621e-06,5.85510727489812e-05,0.000322861812874927,5.1446162006037e-05,1.38153350222735e-06,8.27098459766565e-05,0.999470581421232,"GSE203612_GSM6177599"
"GSE203612_GSM6177599_AATAGGCACGACCCTT-1",0.0882270221355732,0.00537881683831721,0.15893506795375,0.00401116857460545,0.0672540686401515,0.310044147557149,0.000291277703733312,0.000175166891679052,0.365683263705042,"GSE203612_GSM6177599"
"GSE203612_GSM6177599_AATAGTCCGTCCCGAC-1",6.0114489884134e-06,7.77514460525212e-06,1.7328131826602e-05,3.16350866505608e-05,0.000231342391938178,0.000636179619294351,0.000144713710492557,1.80840091924376e-05,0.998906930457012,"GSE203612_GSM6177599"
"GSE203612_GSM6177599_AATCAGGTTTCATTTA-1",0.166930794703417,0.118529175983871,0.704540305633265,4.09605438756526e-06,3.65721015119989e-05,0.00360593316840951,0.00211479651772117,0.000476896248981376,0.00376142958843483,"GSE203612_GSM6177599"
"GSE203612_GSM6177599_AATCATGTAAAGACTC-1",0.158251612234166,0.129024600278693,0.111233649427183,0.0143379750580649,0.0272133728734217,0.0460697498088521,0.0141457066141285,0.000203497795345732,0.499519835910146,"GSE203612_GSM6177599"
"GSE203612_GSM6177599_AATCCCGCTCAGAGCC-1",0.00456945410729897,0.113049273048263,0.0220316808058205,0.00829711076130857,0.0523766879155519,0.238706953770355,0.0108071172165602,0.00295125310143077,0.547210469273411,"GSE203612_GSM6177599"
"GSE203612_GSM6177599_AATCGCCTCAGCGCCA-1",0.0725123924072941,0.0591737561798554,0.0489838132372598,0.115413195741255,0.287628624391524,0.332658325592535,0.00343526924354508,0.0163512764039514,0.0638433468027802,"GSE203612_GSM6177599"
"GSE203612_GSM6177599_AATCGGGACACTACGA-1",0.0163739406090931,0.150132532387697,0.00719820253512031,0.14508208291702,0.420028792615908,0.139939165943933,0.0231041504295316,0.0483283640408431,0.0498127685208537,"GSE203612_GSM6177599"
"GSE203612_GSM6177599_AATCGTGAGCCGAGCA-1",0.0348281878767469,0.0472957634602706,0.01627469489163,0.0338701709844387,0.540927307860131,0.138848228925683,0.000160113513742186,4.48773262110462e-05,0.187750655161146,"GSE203612_GSM6177599"
"GSE203612_GSM6177599_AATGACAGCAATGTCT-1",0.0351427997447877,0.470679044808574,0.0890096598372323,0.0090293819590828,0.00284553285039632,0.182829931169264,0.00622685080140778,0.0290601176256802,0.175176681203575,"GSE203612_GSM6177599"
"GSE203612_GSM6177599_AATGACGTAGGATGTC-1",0.000956305678758805,0.0242716801758423,0.00369758742422405,0.0216705383724821,0.0344726325158841,0.198237021591181,0.0013433891476003,0.00198019440374321,0.713370650690284,"GSE203612_GSM6177599"
"GSE203612_GSM6177599_AATGACTGTCAGCCGG-1",0.115662461971394,0.025493581779856,0.0128373382220869,0.100121671404808,0.421838071135437,0.106666640636484,0.00222975935168914,0.0151769894935136,0.199973486004732,"GSE203612_GSM6177599"
"GSE203612_GSM6177599_AATGATGATACGCTAT-1",0.535177622251423,0.22123972236048,0.167711224784113,5.00047655002384e-05,0.00732181540372962,0.0130036068828608,0.000221643220604977,0.00345398362662603,0.0518203767046622,"GSE203612_GSM6177599"
"GSE203612_GSM6177599_AATGCAACCGGGTACC-1",0.000692145677274449,0.267964820790489,0.0050495602115244,0.0141427175640629,0.017439631813995,0.119929466740625,0.00178468458061804,0.00267752909945427,0.570319443521956,"GSE203612_GSM6177599"
"GSE203612_GSM6177599_AATGTATGGCACTGTA-1",0.0805825972718153,0.0441323090145678,0.0281714029643598,3.8789212203244e-06,2.96293260331251e-05,0.280439642081364,0.000876189429216686,0.240773590719398,0.324990760272025,"GSE203612_GSM6177599"
"GSE203612_GSM6177599_AATGTGCCCGAGGTGT-1",0.00537431878871877,0.0910837390829163,0.0161181187174224,2.53993049181928e-05,0.000829723409926507,0.0239311109625276,0.00279062722688918,0.00361646995786037,0.856230492548821,"GSE203612_GSM6177599"
"GSE203612_GSM6177599_AATGTGCTAATCTGAG-1",0.272339047083056,0.00874097296460892,0.696315259076573,0.00124126864405905,0.00155472955669201,0.0124195739157412,0.000731906475017735,0.000444646340781487,0.00621259594346995,"GSE203612_GSM6177599"
"GSE203612_GSM6177599_AATTAAAGGTCGGCGT-1",0.0106739382252186,0.711968680922748,0.0218245067680913,0.0327543455460267,0.0296096851134368,0.0794427120981232,0.034303266623677,0.000111575882718906,0.079311288819959,"GSE203612_GSM6177599"
"GSE203612_GSM6177599_AATTAACGGATTTCCA-1",0.0131413742317832,0.19687355850288,0.018786371149777,0.0271575501789369,0.0484580111908129,0.150353241914649,0.031716122688676,0.0316310676669879,0.481882702475497,"GSE203612_GSM6177599"
"GSE203612_GSM6177599_AATTAGCGCTGCAGCG-1",0.00068045667720047,0.00874197315825505,4.80093493713702e-05,0.0028205844233997,0.00803227054101684,0.257989424315398,0.0549192275861966,0.00058601416352818,0.666182039785634,"GSE203612_GSM6177599"
"GSE203612_GSM6177599_AATTCATAAGGGATCT-1",0.555613005167917,0.09007382737095,0.310256735853146,0.000458235995004172,0.000117642526179073,0.0351616177588321,0.00233105986652091,4.38070785917805e-05,0.00594406838285851,"GSE203612_GSM6177599"
"GSE203612_GSM6177599_AATTCATTGTCATGCA-1",0.000268109415706413,0.0768333343303021,0.00755986033057549,5.30123697588094e-06,0.00013223211961142,0.123208263043475,0.000500613133036113,0.136727720991636,0.654764565398681,"GSE203612_GSM6177599"
"GSE203612_GSM6177599_AATTCCAAGCATGTAC-1",0.00815040519955006,0.047576808211913,0.00654691121623187,0.492211842295339,0.401119470479055,0.0168734633599194,0.00310126365814943,0.00418474784572578,0.0202350877341163,"GSE203612_GSM6177599"
"GSE203612_GSM6177599_AATTCGATTCGAGGAT-1",0.0263808066255819,0.105366216222402,0.0238607419071498,0.0182836358134454,0.337627563246524,0.252982259950006,0.00268163418311505,0.169928158828008,0.0628889832237682,"GSE203612_GSM6177599"
"GSE203612_GSM6177599_AATTCTAGAGTTAGGC-1",0.00129445827247176,0.00448620702493259,0.0031000980481782,0.0011017211542928,0.0102005124020503,0.220205618887672,0.00132503585434499,0.0306982859420423,0.727588062414015,"GSE203612_GSM6177599"
"GSE203612_GSM6177599_AATTGAACGCTCTGGT-1",0.00813600974109948,0.0378410128906749,0.020162753187459,0.0913719979666326,0.0989129964246013,0.14727337003391,0.00231710726776422,0.148841613914838,0.445143138573021,"GSE203612_GSM6177599"
"GSE203612_GSM6177599_AATTGCGTGGATTACA-1",0.000236888280287352,0.0353151085701307,0.277341085595974,8.00364120558275e-06,0.000242460624769373,0.116978406183763,0.0110563796381335,0.0912927433592953,0.467528924106441,"GSE203612_GSM6177599"
"GSE203612_GSM6177599_AATTTGGTTCCAAAGA-1",0.0459738678561134,0.102069075098079,0.080093072818541,0.00239839132804342,0.00892976257218811,0.313060862501135,0.338352631451535,0.0202160473522494,0.0889062890221154,"GSE203612_GSM6177599"
"GSE203612_GSM6177599_ACAAACCATGCGTCCT-1",0.011838325944987,0.00881853701711599,0.174196007236713,5.59885757875598e-07,1.6898798275746e-05,0.373983143745727,0.0017141597427255,0.00129765636203441,0.428134711266663,"GSE203612_GSM6177599"
"GSE203612_GSM6177599_ACAAACTCCATCAGAG-1",0.0740035115534412,0.0973642369902499,0.0614604465037768,0.135615370505388,0.0423417282639181,0.161737810396217,0.155840832764933,0.091542405339996,0.180093657682081,"GSE203612_GSM6177599"
"GSE203612_GSM6177599_ACAAAGCATGACCTAG-1",0.157984940310938,0.117147563401827,0.0519652052304717,7.70302974944304e-05,0.0355052291860149,0.00562722583378792,0.000346254009244302,0.000251761635595069,0.631094790094627,"GSE203612_GSM6177599"
"GSE203612_GSM6177599_ACAAATCGCACCGAAT-1",0.0306878802831521,0.17627215960308,0.0734059379034514,0.00041895240450657,0.00414817315495418,0.287279900309765,0.00110201011518839,0.258339812031562,0.168345174194341,"GSE203612_GSM6177599"
"GSE203612_GSM6177599_ACAAATGGTAGTGTTT-1",1.78546143151089e-05,5.22641939365453e-05,9.00578442235008e-05,0.000231891889307647,0.00162005662521037,0.000427906721955309,2.16390519147197e-05,0.0012179240561871,0.99632040500295,"GSE203612_GSM6177599"
"GSE203612_GSM6177599_ACAACAGCATGAGCTA-1",0.00755554856790465,0.12179036885397,0.00263692394875874,4.68234891019096e-05,0.000104961048579869,0.139705361154232,0.00928905569796873,0.000715759627997616,0.718155197611487,"GSE203612_GSM6177599"
"GSE203612_GSM6177599_ACAAGGAAATCCGCCC-1",0.000199817861769034,0.00261595645378806,0.000804303270763351,0.000145675048590758,0.00188446680986644,0.168803650417367,0.000118437280815169,0.00146134190957154,0.823966350947469,"GSE203612_GSM6177599"
"GSE203612_GSM6177599_ACAAGGACAAGAGGTT-1",0.000719515336858991,0.344736607028316,0.000919167592987587,0.0699897177087098,0.00735730398061334,0.136871249155397,0.00106231072592226,0.232926203303778,0.205417925167417,"GSE203612_GSM6177599"
"GSE203612_GSM6177599_ACAAGGATGCTTTAGG-1",0.472569834496064,0.0937594598539119,0.0403351331792054,0.0549152248039843,0.091028973397147,0.0906709675672676,0.00164612298355946,0.0742057713279682,0.0808685123908919,"GSE203612_GSM6177599"
"GSE203612_GSM6177599_ACAAGGGCAGGCTCTG-1",0.00530422288312411,0.0516320730773583,0.00730293999977302,0.138033698916712,0.108301577242208,0.160119524293997,0.000105322316684988,0.0898063753363488,0.439394265933794,"GSE203612_GSM6177599"
"GSE203612_GSM6177599_ACAAGTAATTGTAAGG-1",0.115861658491292,0.125062120890639,0.139022902247649,0.00543922308102636,0.00510351110924568,0.139816133249864,0.325137124744173,0.000964971383854568,0.143592354802257,"GSE203612_GSM6177599"
"GSE203612_GSM6177599_ACAATCCATTTAAACC-1",0.0537912815249536,0.078684929662111,0.234004817223526,0.00514544440957114,0.0257708877336715,0.221039747127834,0.00818804904740181,0.0552627147305851,0.318112128540346,"GSE203612_GSM6177599"
"GSE203612_GSM6177599_ACAATCGATCTTTATA-1",0.0130563359554606,0.0408306590254219,0.0176722848554018,0.127801891559311,0.558917286085013,0.148644855234477,0.0172951613633699,0.0243738813192539,0.0514076446022917,"GSE203612_GSM6177599"
"GSE203612_GSM6177599_ACAATGAATACGGAGA-1",0.0180077226300009,0.522403073220931,0.00933557084301979,0.00184990753345815,0.00386509215810295,0.0105708177422512,0.00483805814774091,0.000102439149313951,0.429027318575182,"GSE203612_GSM6177599"
"GSE203612_GSM6177599_ACAATTGTGTCTCTTT-1",8.97844466991211e-05,0.00119452211955852,0.000376672294256478,8.46399871146729e-05,0.00117366139968063,0.000258465551844575,0.00483016069877347,0.000277433533297457,0.991714659968775,"GSE203612_GSM6177599"
"GSE203612_GSM6177599_ACAATTTGAGCAGTGG-1",0.0179607469823657,0.146762274384916,0.0340172432669799,0.0720399495270518,0.516724606880423,0.0877214962743897,0.00399872136229289,0.06355792282835,0.0572170384932314,"GSE203612_GSM6177599"
"GSE203612_GSM6177599_ACACAAAGACGGGTGG-1",8.78181722623194e-05,0.234857866367729,0.000424598591460138,0.0053641528062621,0.0092935143946603,0.400726685735006,0.000822848582608776,0.000227845685277435,0.348194669664734,"GSE203612_GSM6177599"
"GSE203612_GSM6177599_ACACACCAGGACCAGT-1",6.3897759005025e-05,0.000282178037012973,0.000659311199223923,0.000394574171886309,0.00349260271929559,0.00706325768650186,2.01267379229634e-05,0.000884305782391388,0.98713974590676,"GSE203612_GSM6177599"
"GSE203612_GSM6177599_ACACACTTTCTACACG-1",0.0154699145439381,0.0426092976451332,0.0571628101742393,0.00271475614318469,0.00205570275759817,0.0387568692867475,0.0698131326557466,0.00917986219360987,0.762237654599803,"GSE203612_GSM6177599"
"GSE203612_GSM6177599_ACACATGATCAAATCT-1",0.0023436123963059,0.0475570759653267,0.00857026626067549,4.33882704154069e-06,0.000102341586276592,0.205969415755254,0.000673234164911342,0.0046575449134514,0.730122170130757,"GSE203612_GSM6177599"
"GSE203612_GSM6177599_ACACCCAGCATGCAGC-1",0.0001089840554483,0.00751184804995112,0.00103757676229817,0.00021858966181348,0.00235273800340565,0.0188569580829677,0.000156323501544319,0.189423594167689,0.780333387714883,"GSE203612_GSM6177599"
"GSE203612_GSM6177599_ACACCGGTCTGACCGC-1",0.020507901745982,0.0120857575513254,0.000134716741250676,2.94699641459742e-06,4.66629547411542e-05,0.159534508614903,0.199534043484245,0.273429446620116,0.334724015291022,"GSE203612_GSM6177599"
"GSE203612_GSM6177599_ACACCTTAAGTAGGGC-1",0.440825347525222,0.0368660042019619,0.0907610517473745,0.0382559205607959,0.124744147149682,0.00845184481799929,0.0312127048890252,0.122995425059449,0.10588755404849,"GSE203612_GSM6177599"
"GSE203612_GSM6177599_ACACGAGACTCCTTCT-1",0.100423308090162,0.0726597013336996,0.0605240253398851,0.0340434274517902,0.0607790626698078,0.0942064329375227,0.0188049442350796,0.000646230148926041,0.557912867793127,"GSE203612_GSM6177599"
"GSE203612_GSM6177599_ACACGGCACTATGCAT-1",0.0316039480863535,0.121415825376606,0.0897779422333413,0.0128695959133336,0.0215770566085471,0.152287093182046,0.10043258971147,0.0163757075032102,0.453660241385092,"GSE203612_GSM6177599"
"GSE203612_GSM6177599_ACACGGGAACTTAGGG-1",0.111000796836492,0.116708263106167,0.0482515160792787,0.0772358712028191,0.199793788022082,0.369641225898779,0.0170977501206215,1.50639181511926e-05,0.0602557248156097,"GSE203612_GSM6177599"
"GSE203612_GSM6177599_ACACTGATCAAGGTGT-1",0.0263286062833233,0.147654145154804,0.00668399267437036,0.294947683621893,0.348040561949593,0.132047439170749,0.00265412487039443,0.00144198811567787,0.0402014581591955,"GSE203612_GSM6177599"
"GSE203612_GSM6177599_ACAGAACTGAGAACAA-1",0.00122901172390414,0.0478227978888547,0.00153265063006397,3.01537465580577e-05,0.00255248817356252,0.44741212717618,0.00327580656118194,9.35021593870074e-07,0.4961440290781,"GSE203612_GSM6177599"
"GSE203612_GSM6177599_ACAGATTAGGTTAGTG-1",0.0260172536388235,0.252262078880189,0.0266228174092998,0.21481720946548,0.264886977456099,0.120280074436426,0.053283927022756,0.0183802385259512,0.0234494231649751,"GSE203612_GSM6177599"
"GSE203612_GSM6177599_ACAGCATAGAGCCAGT-1",0.279763389297402,0.0822930913151165,0.0122676261120829,0.0291521942947471,0.239761937639362,0.0891028748987689,0.0352624128185707,0.104747508407404,0.127648965216546,"GSE203612_GSM6177599"
"GSE203612_GSM6177599_ACAGCGACATTCTCAT-1",0.00133441822140761,0.110854648607172,0.0504633085707679,5.03008323022274e-06,0.000138954142567403,0.186027627963972,0.00545184935504822,0.000348802506996336,0.645375360548838,"GSE203612_GSM6177599"
"GSE203612_GSM6177599_ACAGGCTTGCCCGACT-1",0.0106014347442501,0.019925568771405,0.0920447978457102,0.264563177410486,0.152605310637689,0.0557043143756346,0.0139614910768951,0.00771452128405881,0.382879383853871,"GSE203612_GSM6177599"
