"","Endothelial","CAFs","PVL","B-cells","T-cells","Myeloid","Normal Epithelial","Plasmablasts","Cancer Epithelial","sid"
"Human_Breast_Andersson_10142021_ST_C4_10x13",0.044032071746174,0.177480487888616,0.0380879154279464,0.0241006459751772,0.0374171235750902,0.0562988407047292,0.138581398683009,0.191952965137805,0.292048550861454,"Human_Breast_Andersson_10142021_ST_C4"
"Human_Breast_Andersson_10142021_ST_C4_10x14",0.0851114995667466,0.253365005233816,0.137735964653388,0.0104224268105685,0.0241152417888857,0.121110716309943,0.0331232014581129,0.113825015813946,0.221190928364593,"Human_Breast_Andersson_10142021_ST_C4"
"Human_Breast_Andersson_10142021_ST_C4_10x15",0.0700811334568911,0.208128601846368,0.12136068598026,0.00178227869917615,0.00369780044616559,0.106311685061306,0.0101670545953628,0.39853200098389,0.0799387589305803,"Human_Breast_Andersson_10142021_ST_C4"
"Human_Breast_Andersson_10142021_ST_C4_10x16",0.122728876876544,0.257536605501103,0.152684536233937,0.00834165733816579,0.00523708579728491,0.178320302220221,0.00869890296361982,0.187473973019105,0.0789780600500194,"Human_Breast_Andersson_10142021_ST_C4"
"Human_Breast_Andersson_10142021_ST_C4_10x17",0.0194812460760919,0.279945592626109,0.0712758624293827,0.00122747799984097,0.00449324112642613,0.269486338583419,0.0388685507100686,0.0768754267155296,0.238346263733132,"Human_Breast_Andersson_10142021_ST_C4"
"Human_Breast_Andersson_10142021_ST_C4_10x18",0.0327398869070275,0.23651562896449,0.0822874996361765,0.00816477194092438,0.00682265002891287,0.354069362194896,0.0266890217289827,0.134203679900491,0.118507498698099,"Human_Breast_Andersson_10142021_ST_C4"
"Human_Breast_Andersson_10142021_ST_C4_10x19",0.0143445574908475,0.238095387186779,0.0568026352689469,0.00342986639502121,0.00847673489627288,0.198530826082225,0.0776682566045199,0.280649928434549,0.122001807640838,"Human_Breast_Andersson_10142021_ST_C4"
"Human_Breast_Andersson_10142021_ST_C4_10x20",0.0281287427208925,0.158834426657888,0.0637003154069532,0.00920842865903555,0.0184392145060279,0.134441284036081,0.061303300879562,0.336849151134037,0.189095135999522,"Human_Breast_Andersson_10142021_ST_C4"
"Human_Breast_Andersson_10142021_ST_C4_11x13",0.0656394694650423,0.223124555791652,0.079269770464581,0.00626417180643881,0.0169722473047264,0.178120405280438,0.0943935515264456,0.0545449629141207,0.281670865446555,"Human_Breast_Andersson_10142021_ST_C4"
"Human_Breast_Andersson_10142021_ST_C4_11x14",0.0292982292633525,0.285601897060425,0.0899280226088276,0.0102426466481952,0.0164176412516584,0.112522592988047,0.0110002061789724,0.335912230950806,0.109076533049716,"Human_Breast_Andersson_10142021_ST_C4"
"Human_Breast_Andersson_10142021_ST_C4_11x15",0.25072242997148,0.179848584159919,0.140293589413073,0.00229445637971831,0.00565408774287619,0.119173520463596,0.00384788327968684,0.270823697956421,0.0273417506332296,"Human_Breast_Andersson_10142021_ST_C4"
"Human_Breast_Andersson_10142021_ST_C4_11x16",0.0184750069895095,0.250665869159939,0.137955415878362,0.0025645832785159,0.00282108897080886,0.210157492663383,0.0348489001002166,0.206917070829681,0.135594572129583,"Human_Breast_Andersson_10142021_ST_C4"
"Human_Breast_Andersson_10142021_ST_C4_11x18",0.0248678266481573,0.186740040681228,0.0362794474359351,0.0134812998452404,0.0145524093698782,0.0896579544112239,0.0881013896845628,0.144051404913321,0.402268227010453,"Human_Breast_Andersson_10142021_ST_C4"
"Human_Breast_Andersson_10142021_ST_C4_11x19",0.0203468393642723,0.140511150079548,0.0929465634999887,0.0020094791327372,0.00122513009998072,0.129122944877896,0.0124736365484291,0.548316134533729,0.0530481218634199,"Human_Breast_Andersson_10142021_ST_C4"
"Human_Breast_Andersson_10142021_ST_C4_11x20",0.0562498959083333,0.171961903287379,0.071996918519566,0.00348909649414173,0.00595455885318795,0.130705589945407,0.0519650632797639,0.269481160411664,0.238195813300557,"Human_Breast_Andersson_10142021_ST_C4"
"Human_Breast_Andersson_10142021_ST_C4_12x12",0.0701131095327789,0.23152038703057,0.0313715098288265,0.00698078032476902,0.0127211848809406,0.166698634955812,0.0801242981592082,0.171891972798623,0.228578122488472,"Human_Breast_Andersson_10142021_ST_C4"
"Human_Breast_Andersson_10142021_ST_C4_12x13",0.107872054288763,0.266391563415992,0.076608067939004,0.0012246836643924,0.00210605648880274,0.107108223199984,0.00787596292494469,0.363184953118838,0.0676284349592791,"Human_Breast_Andersson_10142021_ST_C4"
"Human_Breast_Andersson_10142021_ST_C4_12x14",0.289762825294948,0.179342901023897,0.0441147001363284,0.00961227423134134,0.00678059364483094,0.139446281167723,0.00560668523423424,0.316953268104618,0.00838047116207909,"Human_Breast_Andersson_10142021_ST_C4"
"Human_Breast_Andersson_10142021_ST_C4_12x15",0.0787118296059924,0.189844679831846,0.0726883301259491,0.00315670330899722,0.00621243996216357,0.0974882962182332,0.00772045237264644,0.520215831017191,0.0239614375569807,"Human_Breast_Andersson_10142021_ST_C4"
"Human_Breast_Andersson_10142021_ST_C4_12x16",0.0366542361006179,0.170618294555415,0.0569397951219858,0.0157393451125996,0.0378199849649542,0.0436652726116239,0.123527564035515,0.195111240414082,0.319924267083207,"Human_Breast_Andersson_10142021_ST_C4"
"Human_Breast_Andersson_10142021_ST_C4_12x17",0.0438752184966627,0.150487734693303,0.034528724056604,0.0180780396196655,0.0521811210467353,0.0422648637757663,0.0991212790273717,0.130938425650552,0.428524593633339,"Human_Breast_Andersson_10142021_ST_C4"
"Human_Breast_Andersson_10142021_ST_C4_12x18",0.0207415228264701,0.203014568430783,0.0418571905528537,0.00547941096315307,0.023647513261625,0.0750582041831781,0.0862499672888948,0.265111226524783,0.278840395968258,"Human_Breast_Andersson_10142021_ST_C4"
"Human_Breast_Andersson_10142021_ST_C4_12x19",0.0114617390840575,0.160601768678941,0.0510966292308742,0.00354416184928595,0.00462233797058023,0.0985266377642709,0.0272632377266963,0.549162090056159,0.0937213976391355,"Human_Breast_Andersson_10142021_ST_C4"
"Human_Breast_Andersson_10142021_ST_C4_12x20",0.0330015067954848,0.159118433566072,0.0944231686429033,0.00614377097231897,0.00388248643331716,0.131160446011945,0.0276599184318492,0.409792344691,0.13481792445511,"Human_Breast_Andersson_10142021_ST_C4"
"Human_Breast_Andersson_10142021_ST_C4_12x21",0.0199566954868409,0.130234160349146,0.051992107718321,0.0162578033065876,0.0185352304751628,0.0931848251101645,0.0755423492825286,0.347578249525758,0.246718578745491,"Human_Breast_Andersson_10142021_ST_C4"
"Human_Breast_Andersson_10142021_ST_C4_13x11",0.0532983076202598,0.254196412659009,0.0236664072949743,0.0037517910274933,0.0124378606987762,0.161472754257712,0.0715331819971653,0.310534474662843,0.109108809781767,"Human_Breast_Andersson_10142021_ST_C4"
"Human_Breast_Andersson_10142021_ST_C4_13x12",0.0179708377132262,0.273715376150148,0.129099122061931,0.0332226706201246,0.0198534834234682,0.12510501540532,0.0229082646069765,0.291627276992774,0.086497953026032,"Human_Breast_Andersson_10142021_ST_C4"
"Human_Breast_Andersson_10142021_ST_C4_13x13",0.0534691248933176,0.221300965035588,0.0602726275892461,0.0163340736674252,0.00969925148159166,0.223190452226844,0.00366679155928039,0.381670673296512,0.0303960402501947,"Human_Breast_Andersson_10142021_ST_C4"
"Human_Breast_Andersson_10142021_ST_C4_13x14",0.191862484314039,0.15582635946779,0.0974139386595858,0.0501157897038466,0.14100874682359,0.175943771211833,0.00472313318460609,0.168551990472109,0.0145537861626007,"Human_Breast_Andersson_10142021_ST_C4"
"Human_Breast_Andersson_10142021_ST_C4_13x15",0.0163404547641167,0.243596887358268,0.0711849487870505,0.00453116991968656,0.00583330715093067,0.15849700074442,0.01066450589629,0.459590685682589,0.029761039696649,"Human_Breast_Andersson_10142021_ST_C4"
"Human_Breast_Andersson_10142021_ST_C4_13x16",0.0311679026066526,0.173395857456543,0.0326686092012849,0.0133900551831428,0.0355888143131646,0.0641747047707714,0.0922158439980838,0.208985117278046,0.348413095192311,"Human_Breast_Andersson_10142021_ST_C4"
"Human_Breast_Andersson_10142021_ST_C4_13x17",0.0513396080844793,0.140835535465114,0.0405439072656568,0.0188775635865615,0.0423510953602216,0.0332122457068122,0.100353216482706,0.162357078443823,0.410129749604626,"Human_Breast_Andersson_10142021_ST_C4"
"Human_Breast_Andersson_10142021_ST_C4_13x18",0.0311912497916479,0.140379827688207,0.0309051041922238,0.00544969104016823,0.00477252181168462,0.0551915410587064,0.0350917092440766,0.603689040896249,0.0933293142770363,"Human_Breast_Andersson_10142021_ST_C4"
"Human_Breast_Andersson_10142021_ST_C4_13x19",0.0362033170575194,0.182912466644958,0.035038310028944,0.00825284815873347,0.0164352978610175,0.169374207820832,0.0621272764441203,0.279506259754234,0.210150016229642,"Human_Breast_Andersson_10142021_ST_C4"
"Human_Breast_Andersson_10142021_ST_C4_13x20",0.00571988317865726,0.22049536527294,0.0409772574418246,0.00969705062216796,0.00416183772617833,0.222419300799633,0.0257628879749215,0.36484065192134,0.105925765062338,"Human_Breast_Andersson_10142021_ST_C4"
"Human_Breast_Andersson_10142021_ST_C4_13x21",0.00941518353929448,0.156331231923695,0.0376147182318439,0.00504397476540654,0.00752328280011597,0.096062821894183,0.0577410361035214,0.479898168504107,0.150369582237832,"Human_Breast_Andersson_10142021_ST_C4"
"Human_Breast_Andersson_10142021_ST_C4_14x11",0.0178041612156867,0.178036921925857,0.0764951273263411,0.0094529903376266,0.0250439751410168,0.0457328457399117,0.163701362984559,0.212579579539941,0.27115303578906,"Human_Breast_Andersson_10142021_ST_C4"
"Human_Breast_Andersson_10142021_ST_C4_14x12",0.129277423333477,0.188494079187576,0.0507899454408198,0.00194253903210559,0.000643877372118697,0.442871014802109,0.00624916970694004,0.158251503258405,0.021480447866449,"Human_Breast_Andersson_10142021_ST_C4"
"Human_Breast_Andersson_10142021_ST_C4_14x13",0.0463387903969689,0.301624230076718,0.0689577025668173,0.0055310079608013,0.0082046907152628,0.154915153134406,0.0345853865213211,0.201819810896772,0.178023227730933,"Human_Breast_Andersson_10142021_ST_C4"
"Human_Breast_Andersson_10142021_ST_C4_14x14",0.0586404213250415,0.22824666114263,0.140238507672164,0.00886964405289543,0.0249353287127253,0.0840314212454117,0.0652094003145916,0.198720930100724,0.191107685433816,"Human_Breast_Andersson_10142021_ST_C4"
"Human_Breast_Andersson_10142021_ST_C4_14x15",0.00574086902692968,0.179472426839798,0.0796840438316185,0.00203316933432162,0.00273444581125047,0.216565686645802,0.0199682808653366,0.412350951288056,0.0814501263568875,"Human_Breast_Andersson_10142021_ST_C4"
"Human_Breast_Andersson_10142021_ST_C4_14x16",0.0213597317754413,0.209361185366377,0.0563339944683762,0.00389207520248947,0.00553358249690548,0.0923880824681105,0.0360772386117283,0.475320166476372,0.0997339431342002,"Human_Breast_Andersson_10142021_ST_C4"
"Human_Breast_Andersson_10142021_ST_C4_14x17",0.0375454186902358,0.23133468381561,0.0355537614047473,0.0120738797139908,0.0194067211320891,0.0464571517455703,0.0792006882383038,0.377349828384999,0.161077866874453,"Human_Breast_Andersson_10142021_ST_C4"
"Human_Breast_Andersson_10142021_ST_C4_14x18",0.0137992773279047,0.222370428259564,0.071598776180764,0.0161997245486819,0.0139209533740535,0.0683683926394259,0.0489856250238133,0.386350673645627,0.158406149000165,"Human_Breast_Andersson_10142021_ST_C4"
"Human_Breast_Andersson_10142021_ST_C4_14x19",0.0193277641279282,0.205595147204271,0.0296984350528183,0.00438658429757407,0.0144331658048682,0.133708246794124,0.0494431642453745,0.398407573954576,0.144999918518466,"Human_Breast_Andersson_10142021_ST_C4"
"Human_Breast_Andersson_10142021_ST_C4_14x20",0.00565544491811733,0.236733136533729,0.0345377537820112,0.0060533296302172,0.00354968228142119,0.177445876727027,0.0372920670603285,0.372863853250938,0.125868855816211,"Human_Breast_Andersson_10142021_ST_C4"
"Human_Breast_Andersson_10142021_ST_C4_14x21",0.00886265205136314,0.256883799821635,0.0407397970986533,0.00780150031002919,0.00810995056545037,0.190905865305645,0.0333023515615537,0.328965517989185,0.124428565296485,"Human_Breast_Andersson_10142021_ST_C4"
"Human_Breast_Andersson_10142021_ST_C4_14x22",0.0149805281984929,0.150143057679719,0.0605622331628189,0.00883165557263186,0.0100698513738144,0.205452423003136,0.0311386828224971,0.395663769171728,0.123157799015161,"Human_Breast_Andersson_10142021_ST_C4"
"Human_Breast_Andersson_10142021_ST_C4_15x10",0.033219201523529,0.278193035566738,0.0114047361554132,0.0406709045895178,0.018350561956247,0.0334629080555036,0.0754990165912076,0.355279119856915,0.153920515704929,"Human_Breast_Andersson_10142021_ST_C4"
"Human_Breast_Andersson_10142021_ST_C4_15x11",0.254094053410124,0.189039667076976,0.130821600377713,0.00690872137805158,0.00465349019192942,0.273972790183577,0.0132118189143052,0.0653878932938873,0.0619099651734375,"Human_Breast_Andersson_10142021_ST_C4"
"Human_Breast_Andersson_10142021_ST_C4_15x12",0.0295999875198314,0.151571325527521,0.0362095805994467,0.0146650325861652,0.0226623743546783,0.139261029574114,0.152752116846355,0.113999277919357,0.339279275072532,"Human_Breast_Andersson_10142021_ST_C4"
"Human_Breast_Andersson_10142021_ST_C4_15x13",0.0484353468299218,0.214545804992908,0.0400263803897704,0.00924267927748861,0.0164851703628954,0.116441932352718,0.0813290903105678,0.22895289719591,0.244540698287821,"Human_Breast_Andersson_10142021_ST_C4"
"Human_Breast_Andersson_10142021_ST_C4_15x14",0.0621782334652935,0.189382464827385,0.086797450674604,0.00958153014356024,0.00713712203422971,0.0739660506035403,0.0306910179291174,0.438994604422557,0.101271525899713,"Human_Breast_Andersson_10142021_ST_C4"
"Human_Breast_Andersson_10142021_ST_C4_15x15",0.00590419462547363,0.141205835811931,0.214730833823387,0.00283999111161692,0.00591871721773792,0.161210012491503,0.00613223094639564,0.363532588437853,0.0985255955341017,"Human_Breast_Andersson_10142021_ST_C4"
"Human_Breast_Andersson_10142021_ST_C4_15x16",0.0292972412976878,0.186532199037036,0.059495971546287,0.0104557116824566,0.0122850295908553,0.0861369557767628,0.0211233313473486,0.497441182982996,0.09723237673857,"Human_Breast_Andersson_10142021_ST_C4"
"Human_Breast_Andersson_10142021_ST_C4_15x17",0.022006068524846,0.154928859784691,0.081479209570675,0.00388930284653833,0.0163301451879708,0.13730177347124,0.0338007683288231,0.358120247390838,0.192143624894378,"Human_Breast_Andersson_10142021_ST_C4"
"Human_Breast_Andersson_10142021_ST_C4_15x18",0.023785081350294,0.176842561144011,0.0278941085509252,0.00854969398928549,0.00861413377884818,0.12773577466484,0.0406651422147498,0.423966270700161,0.161947233606886,"Human_Breast_Andersson_10142021_ST_C4"
"Human_Breast_Andersson_10142021_ST_C4_15x19",0.0320875638525178,0.197264168782696,0.0499725242288503,0.0126811968673268,0.0202321787640662,0.08702079481951,0.0964728462794871,0.209518862247239,0.294749864158306,"Human_Breast_Andersson_10142021_ST_C4"
"Human_Breast_Andersson_10142021_ST_C4_15x20",0.0178450359624964,0.155060334782084,0.0602994280915278,0.00398928103780178,0.00614176482916298,0.149950772697854,0.0432617418576126,0.379863867302192,0.183587773439269,"Human_Breast_Andersson_10142021_ST_C4"
"Human_Breast_Andersson_10142021_ST_C4_15x21",0.0250124663788006,0.158481272772226,0.0376882286031761,0.00622583534143946,0.0174506807834153,0.147806428167937,0.064594435179847,0.292763349861793,0.249977302911366,"Human_Breast_Andersson_10142021_ST_C4"
"Human_Breast_Andersson_10142021_ST_C4_15x22",0.0194207716756967,0.167681166739224,0.0437473482616867,0.0046899621496904,0.0114736944391077,0.163708793722523,0.0290328914367056,0.343962705107221,0.216282666468145,"Human_Breast_Andersson_10142021_ST_C4"
"Human_Breast_Andersson_10142021_ST_C4_16x10",0.0242401194121987,0.180188480162343,0.0403006954727979,0.00148512305100358,0.00161758209764459,0.339959460832635,0.0390461833398116,0.276882784921542,0.0962795707100237,"Human_Breast_Andersson_10142021_ST_C4"
"Human_Breast_Andersson_10142021_ST_C4_16x11",0.0197438228608704,0.208677002866123,0.045376661518888,0.00367374328431682,0.00256537327106845,0.333239587606305,0.0774709381011451,0.132123158157269,0.177129712334014,"Human_Breast_Andersson_10142021_ST_C4"
"Human_Breast_Andersson_10142021_ST_C4_16x12",0.0500338033590893,0.21181788753541,0.0811820174374505,0.0061955693269151,0.00228809345148945,0.0993953837653523,0.0368092095336366,0.278446390981505,0.233831644609152,"Human_Breast_Andersson_10142021_ST_C4"
"Human_Breast_Andersson_10142021_ST_C4_16x13",0.0433670696072401,0.118044548380297,0.0363041520712266,0.0076327740712706,0.0251557445858784,0.062934693257017,0.133674770982386,0.323231746009165,0.249654501035518,"Human_Breast_Andersson_10142021_ST_C4"
"Human_Breast_Andersson_10142021_ST_C4_16x14",0.00298867792304933,0.15396324992389,0.064183410203392,0.00628299570863408,0.00460803662565435,0.137654730342892,0.0188967270856885,0.551975633420312,0.0594465387664876,"Human_Breast_Andersson_10142021_ST_C4"
"Human_Breast_Andersson_10142021_ST_C4_16x15",0.0142365971669332,0.165345174417116,0.0850160853750156,0.00414979998140132,0.00186926741406923,0.0793741840182194,0.0320607579818899,0.522635206698703,0.0953129269466515,"Human_Breast_Andersson_10142021_ST_C4"
"Human_Breast_Andersson_10142021_ST_C4_16x16",0.0421717777696794,0.173316201818871,0.0968752337947643,0.0119048217009389,0.0175834009724659,0.119707183408627,0.0796334907524702,0.285288348548447,0.173519541233738,"Human_Breast_Andersson_10142021_ST_C4"
"Human_Breast_Andersson_10142021_ST_C4_16x17",0.037008432185544,0.117860794929336,0.0272839484810247,0.0199547460532686,0.02307222839408,0.0822096016782407,0.0675780081081683,0.405310373418991,0.219721866751347,"Human_Breast_Andersson_10142021_ST_C4"
"Human_Breast_Andersson_10142021_ST_C4_16x18",0.0219462744887606,0.162158768072175,0.0262813150598726,0.0153228579164167,0.0174376112025565,0.0991669813724524,0.0518483293099828,0.423644973591969,0.182192888985814,"Human_Breast_Andersson_10142021_ST_C4"
"Human_Breast_Andersson_10142021_ST_C4_16x19",0.0272952291052525,0.187710949911455,0.0471586091331117,0.00532162405047393,0.0150065913222514,0.142992279472684,0.0657669181992892,0.296572538698985,0.212175260106497,"Human_Breast_Andersson_10142021_ST_C4"
"Human_Breast_Andersson_10142021_ST_C4_16x20",0.0225888285979433,0.154255997747238,0.0183678325892342,0.0130086301594749,0.0319615211016537,0.180526105345134,0.0628591590544001,0.330509242733934,0.185922682670986,"Human_Breast_Andersson_10142021_ST_C4"
"Human_Breast_Andersson_10142021_ST_C4_16x21",0.0222217398514201,0.100909024730636,0.0392497554788861,0.0131934366001919,0.0169164997799497,0.128988924988488,0.0637233658887085,0.400991470390499,0.21380578229122,"Human_Breast_Andersson_10142021_ST_C4"
"Human_Breast_Andersson_10142021_ST_C4_16x22",0.0155246519505165,0.138887207236037,0.0278876278104118,0.00446611490882169,0.00356037097816807,0.17560585549924,0.0241915443389119,0.436362708906838,0.173513918371055,"Human_Breast_Andersson_10142021_ST_C4"
"Human_Breast_Andersson_10142021_ST_C4_16x23",0.0250585409606232,0.163527980643662,0.0562329664979997,0.00737761628206534,0.00912878742369388,0.193922017416149,0.0177590334808608,0.371509178507796,0.15548387878715,"Human_Breast_Andersson_10142021_ST_C4"
"Human_Breast_Andersson_10142021_ST_C4_17x10",0.0278954108092982,0.159158808235538,0.0727790205588466,0.00231443015893758,0.00514482942989626,0.0352215894501789,0.0760460346471102,0.393430779908832,0.228009096801362,"Human_Breast_Andersson_10142021_ST_C4"
"Human_Breast_Andersson_10142021_ST_C4_17x11",0.0180468624083272,0.166232206092513,0.0618370190256019,0.00164021104727368,0.0026188907211491,0.0334279511751596,0.0214033804271963,0.606951975319049,0.0878415037837305,"Human_Breast_Andersson_10142021_ST_C4"
"Human_Breast_Andersson_10142021_ST_C4_17x12",0.0314791857987654,0.175332912110692,0.0832665322009002,0.00368956645299081,0.00807204871333257,0.0903174999925552,0.0310749261745641,0.503312974442262,0.0734543541139376,"Human_Breast_Andersson_10142021_ST_C4"
"Human_Breast_Andersson_10142021_ST_C4_17x13",0.0312535218672026,0.153669277288787,0.0347943100787331,0.00663775399189057,0.0046100794956406,0.0788601139640419,0.0465771458454381,0.548531093366792,0.0950667041014738,"Human_Breast_Andersson_10142021_ST_C4"
"Human_Breast_Andersson_10142021_ST_C4_17x15",0.025164844466561,0.182465891237393,0.0406001542115017,0.00644636275594285,0.0152206097619756,0.0504686587927792,0.106682954327051,0.269025491061844,0.303925033384952,"Human_Breast_Andersson_10142021_ST_C4"
"Human_Breast_Andersson_10142021_ST_C4_17x16",0.0370475960040596,0.149305505390387,0.035066984864809,0.0199338918405429,0.0371273397451264,0.0497963243263378,0.150944488959085,0.22205794382715,0.298719925042502,"Human_Breast_Andersson_10142021_ST_C4"
"Human_Breast_Andersson_10142021_ST_C4_17x17",0.0358162267796416,0.137867187501843,0.0292501577094347,0.0169499260354232,0.0554485007292777,0.0623863781940305,0.141496423133785,0.203514707473227,0.317270492443338,"Human_Breast_Andersson_10142021_ST_C4"
"Human_Breast_Andersson_10142021_ST_C4_17x18",0.0356345291910155,0.168776669444723,0.0562134999680999,0.00907111176824548,0.0279810436962006,0.096298105217713,0.117442234421707,0.166245747317645,0.322337058974651,"Human_Breast_Andersson_10142021_ST_C4"
"Human_Breast_Andersson_10142021_ST_C4_17x19",0.0242773220220755,0.140349994601812,0.0687837027785597,0.0228856461590782,0.014178328014651,0.215159697475887,0.0569687368228396,0.231315059078578,0.226081513046519,"Human_Breast_Andersson_10142021_ST_C4"
"Human_Breast_Andersson_10142021_ST_C4_17x20",0.0154651234910051,0.109117435615685,0.0297833522249779,0.0059498275974135,0.0123746655504439,0.0964182162965278,0.0432966074318945,0.529934060989683,0.157660710802369,"Human_Breast_Andersson_10142021_ST_C4"
"Human_Breast_Andersson_10142021_ST_C4_17x21",0.0145681121190564,0.203970381982639,0.0333429027831322,0.00660674035457473,0.0122800535987771,0.135717559754213,0.0638542073222265,0.40627714052101,0.123382901564372,"Human_Breast_Andersson_10142021_ST_C4"
"Human_Breast_Andersson_10142021_ST_C4_17x22",0.0205962742974171,0.129445723607071,0.0411009601473846,0.0107600297559338,0.0128651372444377,0.0769102281879975,0.0674726689341895,0.393614115472661,0.247234862352908,"Human_Breast_Andersson_10142021_ST_C4"
"Human_Breast_Andersson_10142021_ST_C4_17x23",0.0110639561427754,0.128930599321015,0.0378313210605974,0.00430650424283822,0.00659124779256343,0.158551237497622,0.0580443398548603,0.372167192848915,0.222513601238813,"Human_Breast_Andersson_10142021_ST_C4"
"Human_Breast_Andersson_10142021_ST_C4_17x9",0.0385062044874942,0.255471486958032,0.1069768739407,0.0147880324531241,0.00783869447492924,0.166754181742479,0.0409433703320302,0.135195794963525,0.233525360647687,"Human_Breast_Andersson_10142021_ST_C4"
"Human_Breast_Andersson_10142021_ST_C4_18x10",0.0142388481931974,0.162551992996784,0.0154167357562754,0.000745845785747796,0.000543417784885911,0.0138651145433124,0.00304559143690832,0.782126901244205,0.00746555225868382,"Human_Breast_Andersson_10142021_ST_C4"
"Human_Breast_Andersson_10142021_ST_C4_18x11",0.0126914421395203,0.146709293104518,0.0583302266505941,0.00150836800341744,0.00425568654182648,0.0856469426034837,0.0374071004735818,0.494371509263916,0.159079431219142,"Human_Breast_Andersson_10142021_ST_C4"
"Human_Breast_Andersson_10142021_ST_C4_18x12",0.0381432740652307,0.0760260076299447,0.0464583310366523,0.00136430462182433,0.00289932143515802,0.0328013241972449,0.0578375615301246,0.506831180473972,0.237638695009848,"Human_Breast_Andersson_10142021_ST_C4"
"Human_Breast_Andersson_10142021_ST_C4_18x13",0.0351101919448919,0.128464421871652,0.0408348762581852,0.0310356313004452,0.0586648458409645,0.0449722062783447,0.110934678434114,0.125308457709717,0.424674690361686,"Human_Breast_Andersson_10142021_ST_C4"
"Human_Breast_Andersson_10142021_ST_C4_18x14",0.041305746880421,0.102437577921571,0.0243112706715975,0.0127456346002568,0.0346190035664545,0.0208352687984048,0.107118316501239,0.261315112175007,0.395312068885048,"Human_Breast_Andersson_10142021_ST_C4"
"Human_Breast_Andersson_10142021_ST_C4_18x15",0.0344667854118684,0.150893041099352,0.0586129792645302,0.00826482943408494,0.0138612292420513,0.0369253763704524,0.10160119774258,0.187297820560348,0.408076740874732,"Human_Breast_Andersson_10142021_ST_C4"
"Human_Breast_Andersson_10142021_ST_C4_18x16",0.0348544749557325,0.141042398087776,0.0514947902945268,0.0167014921256331,0.0440719296507745,0.0321997139547584,0.115105765928607,0.209820783813105,0.354708651189086,"Human_Breast_Andersson_10142021_ST_C4"
"Human_Breast_Andersson_10142021_ST_C4_18x17",0.0388100259275724,0.111587817730221,0.0254564431608685,0.0159592683600033,0.040970470791951,0.0442419922937766,0.132548921966759,0.186677477202182,0.403747582566666,"Human_Breast_Andersson_10142021_ST_C4"
"Human_Breast_Andersson_10142021_ST_C4_18x18",0.0388885421547335,0.168501937058199,0.023953490755514,0.0077817104994398,0.0241360814936918,0.0734614756735978,0.105737278857587,0.202512807300132,0.355026676207105,"Human_Breast_Andersson_10142021_ST_C4"
"Human_Breast_Andersson_10142021_ST_C4_18x19",0.0211271876981168,0.159271674205133,0.023722735487833,0.0215606313576899,0.0223666896107497,0.0968176404945669,0.135765335497839,0.243271996268087,0.276096109379984,"Human_Breast_Andersson_10142021_ST_C4"
"Human_Breast_Andersson_10142021_ST_C4_18x21",0.0352566076986728,0.139930264252574,0.0359595183805864,0.0153123441518576,0.037778168087363,0.0346662479131929,0.170874855570672,0.167221498675341,0.363000495269741,"Human_Breast_Andersson_10142021_ST_C4"
"Human_Breast_Andersson_10142021_ST_C4_18x22",0.0358310238881627,0.0942656365904492,0.0406369414767892,0.022785560489234,0.0263481544846048,0.0751306348558182,0.15533935136848,0.191152174802798,0.358510522043664,"Human_Breast_Andersson_10142021_ST_C4"
"Human_Breast_Andersson_10142021_ST_C4_18x9",0.0315755485881185,0.157680324706897,0.0321099159139234,0.0102682871141688,0.00431662966980606,0.110708412306296,0.0141314635178723,0.579927407425154,0.0592820107577638,"Human_Breast_Andersson_10142021_ST_C4"
"Human_Breast_Andersson_10142021_ST_C4_19x10",0.059291651334945,0.17547773698265,0.0425769467345378,0.00567921294604465,0.00560175713216968,0.0839958633482379,0.0762534445442764,0.425070534200702,0.126052852776437,"Human_Breast_Andersson_10142021_ST_C4"
"Human_Breast_Andersson_10142021_ST_C4_19x11",0.0153445858552291,0.0995275891415206,0.0310177735791214,0.00765459468888469,0.0299586653095341,0.0455945791815516,0.098628766625805,0.406357487189136,0.265915958429218,"Human_Breast_Andersson_10142021_ST_C4"
"Human_Breast_Andersson_10142021_ST_C4_19x12",0.0497285027659239,0.101617632023931,0.050965912986524,0.00847155666083575,0.0337043517813306,0.0514538531770441,0.109165106071067,0.235041880227524,0.359851204305819,"Human_Breast_Andersson_10142021_ST_C4"
"Human_Breast_Andersson_10142021_ST_C4_19x13",0.0604531004436481,0.117751593381551,0.032506348278348,0.020735230995619,0.0447743357018153,0.0499318971757917,0.192922450276367,0.139576571244379,0.341348472502482,"Human_Breast_Andersson_10142021_ST_C4"
"Human_Breast_Andersson_10142021_ST_C4_19x14",0.0399491490738671,0.0633273235177219,0.0263196137346215,0.0309547822377863,0.0453705180546694,0.0242978173551871,0.164851249603153,0.174215439690075,0.430714106732919,"Human_Breast_Andersson_10142021_ST_C4"
"Human_Breast_Andersson_10142021_ST_C4_19x15",0.0400784025331099,0.113476943996853,0.0325468694694689,0.0276026590713394,0.0526456732533057,0.0322624249654904,0.162446934655744,0.201754623081866,0.337185468972822,"Human_Breast_Andersson_10142021_ST_C4"
"Human_Breast_Andersson_10142021_ST_C4_19x16",0.0354652149404043,0.10238604395953,0.0476662702730256,0.00981074510844174,0.0353403460981277,0.0537597310405555,0.132288064198797,0.0941232507188847,0.489160333662234,"Human_Breast_Andersson_10142021_ST_C4"
"Human_Breast_Andersson_10142021_ST_C4_19x17",0.0413869228062658,0.0706426709064608,0.0279696140960456,0.0145933700984784,0.0410729568734374,0.0303150535150932,0.228980842341875,0.0961009330526339,0.44893763630971,"Human_Breast_Andersson_10142021_ST_C4"
"Human_Breast_Andersson_10142021_ST_C4_19x18",0.0403766454116475,0.129769487162837,0.03259148823474,0.0267954908064697,0.0328043330702326,0.0773669963117076,0.160709548670755,0.114388941262811,0.385197069068799,"Human_Breast_Andersson_10142021_ST_C4"
"Human_Breast_Andersson_10142021_ST_C4_19x19",0.0259306038631359,0.170584292437839,0.0270035452275442,0.020108764186152,0.0150757966782234,0.036122452926554,0.18869734414351,0.239310345004677,0.277166855532363,"Human_Breast_Andersson_10142021_ST_C4"
"Human_Breast_Andersson_10142021_ST_C4_19x20",0.0325329221314173,0.118972798513041,0.0358374376613215,0.0187488991069441,0.0261601392403611,0.0371237199641763,0.228728807414658,0.176389433450649,0.325505842517432,"Human_Breast_Andersson_10142021_ST_C4"
"Human_Breast_Andersson_10142021_ST_C4_19x21",0.0366807878997941,0.0498393854776618,0.033716397216461,0.0223549170340414,0.0247516849513198,0.0267424605566413,0.27457006870084,0.202751371185594,0.328592926977646,"Human_Breast_Andersson_10142021_ST_C4"
"Human_Breast_Andersson_10142021_ST_C4_19x22",0.0329815193513994,0.0662807686507001,0.0296314605231719,0.0111009277232928,0.0340885441866627,0.0182567190538469,0.202200169548471,0.182705483113834,0.422754407848621,"Human_Breast_Andersson_10142021_ST_C4"
"Human_Breast_Andersson_10142021_ST_C4_19x8",0.0189746792935787,0.174134848004437,0.0903049923204031,0.00201886161047779,0.00481701710209133,0.0470133243941927,0.0135153462874143,0.578329187017677,0.0708917439697286,"Human_Breast_Andersson_10142021_ST_C4"
"Human_Breast_Andersson_10142021_ST_C4_19x9",0.0305808431887402,0.141837592701288,0.0344033222775232,0.00853400205845641,0.0109638399821044,0.0464021992252324,0.0752270053745362,0.436576070752939,0.21547512443918,"Human_Breast_Andersson_10142021_ST_C4"
"Human_Breast_Andersson_10142021_ST_C4_20x10",0.0633176906282256,0.12043339573003,0.0667491451195601,0.00881731785959271,0.0149430718250651,0.0668902720092037,0.0746185266365506,0.329064260673099,0.255166319518673,"Human_Breast_Andersson_10142021_ST_C4"
"Human_Breast_Andersson_10142021_ST_C4_20x11",0.0385481491333678,0.121832634372426,0.0420289794358019,0.0123928180995039,0.0190363037355275,0.11186462585042,0.110723781540553,0.28573975708586,0.25783295074654,"Human_Breast_Andersson_10142021_ST_C4"
"Human_Breast_Andersson_10142021_ST_C4_20x12",0.0313355553221749,0.159367830050025,0.0946796614153397,0.0162642875860557,0.0202604551780754,0.0766810834995672,0.0791795867895297,0.230084448364714,0.292147091794519,"Human_Breast_Andersson_10142021_ST_C4"
"Human_Breast_Andersson_10142021_ST_C4_20x13",0.0751794023040642,0.135709127531259,0.0342541629190166,0.0139694316056736,0.0474333883623856,0.0642669392905048,0.171326670979547,0.144878572357002,0.312982304650548,"Human_Breast_Andersson_10142021_ST_C4"
"Human_Breast_Andersson_10142021_ST_C4_20x14",0.062006095613941,0.177908301075667,0.0478003716834642,0.0211102436055456,0.0320911780216491,0.0794285521602115,0.112667886631298,0.123298988997747,0.343688382210477,"Human_Breast_Andersson_10142021_ST_C4"
"Human_Breast_Andersson_10142021_ST_C4_20x15",0.0361301087654175,0.0462990966556864,0.016738627895717,0.0115671910833264,0.0373591258196892,0.0175574876278514,0.249485741668951,0.119181510578124,0.465681109905236,"Human_Breast_Andersson_10142021_ST_C4"
"Human_Breast_Andersson_10142021_ST_C4_20x16",0.035446706675108,0.134133779442212,0.0357102348316869,0.0220606099297548,0.0244194025693069,0.0602893180316883,0.109951758675847,0.176658437802446,0.401329752041949,"Human_Breast_Andersson_10142021_ST_C4"
"Human_Breast_Andersson_10142021_ST_C4_20x17",0.0289869922562543,0.111329785197539,0.0513148940671843,0.0302600174535308,0.0268512631780487,0.0286840953027471,0.167662965459854,0.127864145151725,0.427045841933118,"Human_Breast_Andersson_10142021_ST_C4"
"Human_Breast_Andersson_10142021_ST_C4_20x18",0.0289337486789599,0.110755996367867,0.0180808082192297,0.0225147370821543,0.0424554625355895,0.0509246576741036,0.23314800020345,0.147366363749789,0.345820225488858,"Human_Breast_Andersson_10142021_ST_C4"
"Human_Breast_Andersson_10142021_ST_C4_20x19",0.0150316302760749,0.0396699364501704,0.0184615115426679,0.00417714679112852,0.00831043077952246,0.0130759991902035,0.210199754469149,0.216040210450977,0.475033380050106,"Human_Breast_Andersson_10142021_ST_C4"
"Human_Breast_Andersson_10142021_ST_C4_20x20",0.0284002650162832,0.0716278914322748,0.0216365947133454,0.0107728278259051,0.019782165282287,0.013455204820628,0.295514633713074,0.177903810522569,0.360906606673633,"Human_Breast_Andersson_10142021_ST_C4"
"Human_Breast_Andersson_10142021_ST_C4_20x21",0.0244122653944982,0.0744136241716035,0.0289902606873092,0.00898723013310499,0.00873410761318729,0.0189784773798267,0.216642005717896,0.263035193293847,0.355806835608728,"Human_Breast_Andersson_10142021_ST_C4"
"Human_Breast_Andersson_10142021_ST_C4_20x8",0.0121212255582827,0.0862974147956842,0.0220291245207974,0.0194892565838787,0.0202882052888213,0.0303827677646542,0.0828466667263713,0.47715263402747,0.249392704734041,"Human_Breast_Andersson_10142021_ST_C4"
"Human_Breast_Andersson_10142021_ST_C4_20x9",0.0396176304198724,0.107211354331193,0.0223901497398785,0.0097503816736452,0.0103601547573223,0.0464551376815209,0.122216864797651,0.333197352231051,0.308800974367866,"Human_Breast_Andersson_10142021_ST_C4"
"Human_Breast_Andersson_10142021_ST_C4_21x10",0.056154640646306,0.168304127696046,0.0371375903142263,0.0928462637893956,0.200769765141837,0.0707072650997731,0.0280193568433782,0.251198829508738,0.0948621609602996,"Human_Breast_Andersson_10142021_ST_C4"
"Human_Breast_Andersson_10142021_ST_C4_21x11",0.0516316290348573,0.238501831864115,0.0455504751872504,0.0607877974412815,0.0568391059229945,0.195723704205024,0.0615260755267427,0.129267145453711,0.160172235364023,"Human_Breast_Andersson_10142021_ST_C4"
"Human_Breast_Andersson_10142021_ST_C4_21x12",0.0456256345929864,0.210377115132536,0.0283021162241677,0.0152096170919308,0.037160583426701,0.0774857282462976,0.124554808400712,0.25639615726372,0.204888239620949,"Human_Breast_Andersson_10142021_ST_C4"
"Human_Breast_Andersson_10142021_ST_C4_21x13",0.052301502601716,0.105178539326437,0.0382973705870689,0.021453879435445,0.0309511673455886,0.0799893533479265,0.144206570746641,0.287598089002708,0.240023527606469,"Human_Breast_Andersson_10142021_ST_C4"
"Human_Breast_Andersson_10142021_ST_C4_21x14",0.0331631891685224,0.142309279798023,0.0175600454473671,0.018780123041156,0.0412415011020393,0.0713201716200904,0.0897981360364486,0.30515658320011,0.280670970586243,"Human_Breast_Andersson_10142021_ST_C4"
"Human_Breast_Andersson_10142021_ST_C4_21x15",0.0325338858185911,0.0813038624201038,0.0256859322655648,0.0270835118079111,0.0359651472756312,0.0322141634815312,0.170485615771415,0.195183431383769,0.399544449775483,"Human_Breast_Andersson_10142021_ST_C4"
"Human_Breast_Andersson_10142021_ST_C4_21x16",0.0571897134970811,0.0728059574509268,0.0371378924008429,0.0138245022090014,0.0437198915737411,0.0387049809760921,0.142866188708125,0.161246998975563,0.432503874208627,"Human_Breast_Andersson_10142021_ST_C4"
"Human_Breast_Andersson_10142021_ST_C4_21x17",0.044244870436351,0.162427061073727,0.0188312970546203,0.0121475677320292,0.0181643836957764,0.142797575391479,0.0741515429935004,0.189414200925298,0.337821500697218,"Human_Breast_Andersson_10142021_ST_C4"
"Human_Breast_Andersson_10142021_ST_C4_21x18",0.0101252677637838,0.14849465240025,0.0420871516667809,0.0137108551422202,0.0136000843633241,0.0808829383776574,0.13592785712568,0.324759759486831,0.230411433673474,"Human_Breast_Andersson_10142021_ST_C4"
"Human_Breast_Andersson_10142021_ST_C4_21x19",0.0210605199520421,0.0781991719841574,0.0264502098020346,0.0187497004111008,0.0139348565744091,0.0279887424871836,0.0929547217077001,0.397989871466919,0.322672205614453,"Human_Breast_Andersson_10142021_ST_C4"
"Human_Breast_Andersson_10142021_ST_C4_21x20",0.0228407772695439,0.0639550036730029,0.02191247766998,0.0194868921254643,0.0340854209497126,0.0128679491807591,0.202131255399914,0.213861149897294,0.408859073834329,"Human_Breast_Andersson_10142021_ST_C4"
"Human_Breast_Andersson_10142021_ST_C4_21x8",0.0278879563411524,0.163783051992839,0.0667628655711081,0.0334575371241166,0.039921273142484,0.0582956933719169,0.0516779436182342,0.418800349325592,0.139413329512557,"Human_Breast_Andersson_10142021_ST_C4"
"Human_Breast_Andersson_10142021_ST_C4_21x9",0.0600681653709192,0.212513870396804,0.0446418291274376,0.0172184743215367,0.0190440421544947,0.100281745722099,0.0345371869928824,0.459837941198648,0.0518567447151784,"Human_Breast_Andersson_10142021_ST_C4"
"Human_Breast_Andersson_10142021_ST_C4_22x11",0.0314903321686981,0.139299893238935,0.0254667659249033,0.0251657200508453,0.139575793900483,0.102832502798917,0.0951683208004072,0.120599881396539,0.320400789720273,"Human_Breast_Andersson_10142021_ST_C4"
"Human_Breast_Andersson_10142021_ST_C4_22x12",0.0227698408474284,0.0937773264566832,0.0367626887348694,0.0308856591818071,0.047198945672018,0.034646797224511,0.149549109792345,0.180780067307197,0.403629564783141,"Human_Breast_Andersson_10142021_ST_C4"
"Human_Breast_Andersson_10142021_ST_C4_22x13",0.0645133976544197,0.102992253501937,0.0460644953029297,0.0277322015762804,0.0547889580493573,0.0681971815081108,0.153309064139896,0.15412884132475,0.32827360694232,"Human_Breast_Andersson_10142021_ST_C4"
"Human_Breast_Andersson_10142021_ST_C4_22x14",0.0429930967566087,0.135142372543958,0.0584584207357657,0.0256772528909067,0.0440494298492194,0.121731462989461,0.120629668338999,0.183243679851184,0.268074616043898,"Human_Breast_Andersson_10142021_ST_C4"
"Human_Breast_Andersson_10142021_ST_C4_22x15",0.0349773542432979,0.107898243532653,0.0520367989181914,0.026321384382473,0.0280141974759133,0.0494286224339291,0.148206430582491,0.212387800411668,0.340729168019383,"Human_Breast_Andersson_10142021_ST_C4"
"Human_Breast_Andersson_10142021_ST_C4_22x16",0.0400722317402856,0.0851297423921511,0.0427694335544273,0.0165664415027643,0.0585548322868433,0.0236155471808142,0.136980345783951,0.114711505801065,0.481599919757698,"Human_Breast_Andersson_10142021_ST_C4"
"Human_Breast_Andersson_10142021_ST_C4_22x17",0.0613308879479704,0.159025498198815,0.0823388870402698,0.0176944480626947,0.0210283452676324,0.137520661663918,0.0500032459894689,0.293674398095827,0.177383627733404,"Human_Breast_Andersson_10142021_ST_C4"
"Human_Breast_Andersson_10142021_ST_C4_22x18",0.0381277556232725,0.147694300289914,0.0986984532872778,0.010955389387266,0.0162229782957425,0.0934801704147993,0.0963084499578269,0.229156765605156,0.269355737138745,"Human_Breast_Andersson_10142021_ST_C4"
"Human_Breast_Andersson_10142021_ST_C4_22x19",0.020164524376079,0.139353786240134,0.0836878439605833,0.0068892235913116,0.00470926739476529,0.109449935098656,0.0689547664714233,0.375724073768743,0.191066579098304,"Human_Breast_Andersson_10142021_ST_C4"
"Human_Breast_Andersson_10142021_ST_C4_22x20",0.0360255176950383,0.122123677026029,0.0403848530559566,0.0098797764632995,0.0217209826132286,0.016223086970294,0.126595144877598,0.335976043928987,0.291070917369569,"Human_Breast_Andersson_10142021_ST_C4"
"Human_Breast_Andersson_10142021_ST_C4_23x15",0.0262332733063147,0.317274168329187,0.0232331037462326,0.0238554846458359,0.0254369680149943,0.114826270465193,0.0836000013537366,0.182550390050936,0.202990340087571,"Human_Breast_Andersson_10142021_ST_C4"
"Human_Breast_Andersson_10142021_ST_C4_23x16",0.0446448179077282,0.202558127671932,0.0680793745788665,0.035499103710445,0.109169924748485,0.106247655374204,0.0453028431601948,0.289467551313689,0.0990306015344554,"Human_Breast_Andersson_10142021_ST_C4"
"Human_Breast_Andersson_10142021_ST_C4_23x17",0.229600239143711,0.150674435303689,0.0285905065817309,0.0225483822404012,0.0734115420276499,0.130195293107693,0.0135704684179129,0.310649598528016,0.0407595346491951,"Human_Breast_Andersson_10142021_ST_C4"
