"","Endothelial","CAFs","PVL","B-cells","T-cells","Myeloid","Normal Epithelial","Plasmablasts","Cancer Epithelial","sid"
"GSE210616_GSM6433586_AAACAGAGCGACTCCT-1",0.0607185384698208,0.0404153364380159,0.0142870732767697,0.470821854959156,0.0904597889605216,0.0327194423420346,0.135193289058786,0.0025987139114357,0.15278596258346,"GSE210616_GSM6433586"
"GSE210616_GSM6433586_AAACGAGACGGTTGAT-1",0.0581718909565411,0.013815699584832,0.0121925981558044,0.540379110001217,0.100243101384137,0.0259278256334299,0.0786084099702844,0.00213548042757068,0.168525883886184,"GSE210616_GSM6433586"
"GSE210616_GSM6433586_AAACTCGTGATATAAG-1",0.033559005544217,0.0081691601389729,0.0129453178499037,0.647152320326439,0.0857623357536061,0.00729904718012765,0.0517792981183413,0.00331741580152225,0.150016099286871,"GSE210616_GSM6433586"
"GSE210616_GSM6433586_AAACTGCTGGCTCCAA-1",0.0270719637360694,0.213417856664183,0.0360692708381113,0.0698746362244354,0.056318537672614,0.136059221788323,0.263957928103338,0.0054295292717433,0.191801055701183,"GSE210616_GSM6433586"
"GSE210616_GSM6433586_AAAGCTTGCCTACATA-1",0.0168525930219221,0.00557137817390907,0.00553651967527432,0.712629299377589,0.0797081209380337,0.00222872656344648,0.0666039655040235,0.000563452036835891,0.110305944708966,"GSE210616_GSM6433586"
"GSE210616_GSM6433586_AAAGGGATGTAGCAAG-1",0.0791719022161596,0.00919106159748991,0.00566241623840318,0.520250730627293,0.0980810546431889,0.0146953607194802,0.125491726815195,0.00356818869740902,0.143887558445382,"GSE210616_GSM6433586"
"GSE210616_GSM6433586_AAAGTGTGATTTATCT-1",0.0597516660492864,0.0232115218077722,0.0195344301688427,0.409552317614759,0.154494996939736,0.0420495595608234,0.12729352571022,0.0012212190553779,0.162890763093182,"GSE210616_GSM6433586"
"GSE210616_GSM6433586_AAAGTTGACTCCCGTA-1",0.0504794794601563,0.00846411693243783,0.0099251084317196,0.602714174248655,0.067923628500133,0.0113084793695156,0.0901040506197854,0.00875922424100208,0.150321738196595,"GSE210616_GSM6433586"
"GSE210616_GSM6433586_AAATAACCATACGGGA-1",0.0584414831261821,0.0130413380200794,0.0160364067163606,0.368272180204037,0.141810436093308,0.0315282756604023,0.206454382746358,0.0143379012452009,0.150077596188071,"GSE210616_GSM6433586"
"GSE210616_GSM6433586_AAATAAGGTAGTGCCC-1",0.0221164243538652,0.0103939456560245,0.00559205419427405,0.648401547148077,0.105449419187747,0.00538643383804436,0.0804517335198168,0.00120287082976244,0.121005571272389,"GSE210616_GSM6433586"
"GSE210616_GSM6433586_AAATACCTATAAGCAT-1",0.0369030697395966,0.238873499031884,0.00795481059932097,0.0418396171451194,0.042736318354435,0.356259096037589,0.151003195122921,0.0134974971746277,0.110932896794506,"GSE210616_GSM6433586"
"GSE210616_GSM6433586_AAATAGCTTAGACTTT-1",0.0305366334858465,0.0124631493439202,0.0128823765932302,0.59482306357058,0.0987484633927532,0.0153761007233066,0.107016281670696,0.000367613772827763,0.12778631744684,"GSE210616_GSM6433586"
"GSE210616_GSM6433586_AAATCGTGTACCACAA-1",0.109765494198577,0.0551232525546425,0.0438235238782358,0.204502489513395,0.0736388858373686,0.0974006073265615,0.227415718573643,0.00247495351224332,0.185855074605332,"GSE210616_GSM6433586"
"GSE210616_GSM6433586_AAATGATTCGATCAGC-1",0.0214245696978416,0.0217102186699805,0.0113588934737803,0.487520695011886,0.0870990828428083,0.0229687273407452,0.149818169414082,0.0283537928508018,0.169745850698075,"GSE210616_GSM6433586"
"GSE210616_GSM6433586_AAATGGTCAATGTGCC-1",0.0427533527767868,0.00790558429156721,0.0056463096739276,0.621100468644497,0.0803898650501917,0.00934886621800963,0.0960287368768516,0.00242786766413496,0.134398948804034,"GSE210616_GSM6433586"
"GSE210616_GSM6433586_AAATTAACGGGTAGCT-1",0.0847539268634081,0.0853837188117802,0.0405511051516824,0.3782798813744,0.134758554182495,0.0625029484532743,0.0866234356325323,0.00815081722057702,0.118995612309851,"GSE210616_GSM6433586"
"GSE210616_GSM6433586_AAATTACACGACTCTG-1",0.0744352441166911,0.0103080717668557,0.00406451773752386,0.40533166780277,0.114730989174618,0.0372170064379545,0.197548523268708,0.00808875646018924,0.148275223234689,"GSE210616_GSM6433586"
"GSE210616_GSM6433586_AAATTACCTATCGATG-1",0.0617224867197873,0.0234892257085292,0.010767382230875,0.49480834155579,0.110592887938156,0.0253048072658573,0.12103395584227,0.014561555213446,0.137719357525289,"GSE210616_GSM6433586"
"GSE210616_GSM6433586_AAATTCCAGGTCCAAA-1",0.0399923581489512,0.0206690594801109,0.0213780585853025,0.559681191750409,0.125360455206034,0.0167625005662169,0.0816626346877504,0.00954033752186443,0.12495340405336,"GSE210616_GSM6433586"
"GSE210616_GSM6433586_AACAACTGGTAGTTGC-1",0.0764417980725514,0.0512447927461715,0.0168042586884884,0.136781101179308,0.0853809107688389,0.14396661328622,0.23116947786934,0.0996645899829114,0.15854645740617,"GSE210616_GSM6433586"
"GSE210616_GSM6433586_AACAGGATGGGCCGCG-1",0.0877050617455883,0.0668571802162133,0.0145366882603597,0.140373533958196,0.123858983602775,0.176296850071654,0.274629419434143,0.00110200446485384,0.114640278246218,"GSE210616_GSM6433586"
"GSE210616_GSM6433586_AACATATCAACTGGTG-1",0.0180533353158216,0.0259580941220474,0.0124850345858892,0.609239731353534,0.110645383719645,0.00793713286886722,0.0749956731037011,0.00751608205071478,0.133169532879779,"GSE210616_GSM6433586"
"GSE210616_GSM6433586_AACATCGATACGTCTA-1",0.0396693943661932,0.00917396647039038,0.0100255115009567,0.518054250658577,0.145330937315262,0.0237827426019993,0.0966420536705623,0.00908905608312669,0.148232087332932,"GSE210616_GSM6433586"
"GSE210616_GSM6433586_AACCCTACTGTCAATA-1",0.0376812177392897,0.0085923128227235,0.0151049551041894,0.64348630448344,0.0662345233070885,0.0120942487119017,0.063845243462796,0.00143236804602571,0.151528826322546,"GSE210616_GSM6433586"
"GSE210616_GSM6433586_AACCGAGCTTGGTCAT-1",0.0542421347451606,0.00814984186090475,0.0148580853861478,0.604250391446358,0.0908520134195051,0.00812122602909947,0.0680837142678595,0.0072890127006338,0.144153580144331,"GSE210616_GSM6433586"
"GSE210616_GSM6433586_AACCGCTAAGGGATGC-1",0.035716702705702,0.0124974557693675,0.0128348209286434,0.513602827527063,0.143837582816354,0.0363467231770051,0.0998776604423286,0.00194466206784173,0.143341564565695,"GSE210616_GSM6433586"
"GSE210616_GSM6433586_AACCTTTACGACGTCT-1",0.0497045622075815,0.006835872103252,0.00562059831159117,0.587378958239534,0.0748746124013955,0.00971658257122509,0.130509066724994,0.000963727748922203,0.134396019691505,"GSE210616_GSM6433586"
"GSE210616_GSM6433586_AACGATATGTCAACTG-1",0.0815196915130168,0.0451079710212253,0.0283560042632134,0.506659347288281,0.084472016625536,0.0211365444598439,0.0879951442921736,0.00834604143839746,0.136407239098312,"GSE210616_GSM6433586"
"GSE210616_GSM6433586_AACGCATGATCTGGGT-1",0.0316048033422602,0.0220577883825137,0.015728576372605,0.464336714615957,0.156635255097367,0.0208189364288018,0.102849766348043,0.00816453757281967,0.177803621839632,"GSE210616_GSM6433586"
"GSE210616_GSM6433586_AACGCGGTCTCCAGCC-1",0.0551243766666407,0.00583691177491664,0.0105906505279445,0.597316244797269,0.077247765746346,0.00837665618628926,0.111354278973931,0.00106372625428864,0.133089389072374,"GSE210616_GSM6433586"
"GSE210616_GSM6433586_AACGTGCGAAAGTCTC-1",0.083404356569421,0.0359884564335201,0.0393222632267279,0.375776103865998,0.137592734667679,0.0421301796855914,0.11717384508093,0.0129104756683415,0.155701584801791,"GSE210616_GSM6433586"
"GSE210616_GSM6433586_AACTCAAGTTAATTGC-1",0.0603155660698966,0.22078183489052,0.0380644979892612,0.204605157027683,0.12659190206007,0.0796196033162025,0.177448806935372,0.00916990683554277,0.0834027248754518,"GSE210616_GSM6433586"
"GSE210616_GSM6433586_AACTCCTAATCCCATG-1",0.0569511068447808,0.0199150089165765,0.00741688857336681,0.497943460954774,0.0804524515375103,0.0221687789331864,0.136447185789125,0.0589397054765749,0.119765412974105,"GSE210616_GSM6433586"
"GSE210616_GSM6433586_AACTCTCAATAGAGCG-1",0.0371375996069118,0.011611050270683,0.0126210587930668,0.573539816823432,0.121835253174718,0.0116353055282441,0.0760001090297684,0.00577225822587421,0.149847548547302,"GSE210616_GSM6433586"
"GSE210616_GSM6433586_AACTGGGTCCCGACGT-1",0.0625554830770407,0.00768892407559596,0.00989700804954479,0.58301749875735,0.0706837200727999,0.00822654958534023,0.115640568669399,0.00202469100950204,0.140265556703427,"GSE210616_GSM6433586"
"GSE210616_GSM6433586_AACTTGCCCGTATGCA-1",0.0788142687523716,0.065810921870687,0.0288855628465494,0.0160037337455257,0.0698960013420007,0.173897514912837,0.241655839746289,0.0599109101541792,0.26512524662956,"GSE210616_GSM6433586"
"GSE210616_GSM6433586_AAGACTGCAAGCTACT-1",0.0487160213870087,0.0680208384066654,0.0465463036536642,0.251035243183313,0.140126464192107,0.0904148708763482,0.130022906054177,0.0206684373815931,0.204448914865123,"GSE210616_GSM6433586"
"GSE210616_GSM6433586_AAGAGCTCTTTATCGG-1",0.0405314372644242,0.0216777442276153,0.0127565039014061,0.507866243814261,0.103738513452287,0.0336388800785818,0.109517738424175,0.00340857122744212,0.166864367609808,"GSE210616_GSM6433586"
"GSE210616_GSM6433586_AAGAGGCATGGATCGC-1",0.0396096916403386,0.0137470005393199,0.0100249761865747,0.509103273873593,0.108943945615676,0.0447604786689092,0.0907795576911908,0.00222148582819732,0.180809589956201,"GSE210616_GSM6433586"
"GSE210616_GSM6433586_AAGATTGGCGGAACGT-1",0.0595317538925152,0.0114396409413087,0.00694390715356226,0.621188448658395,0.092079840624358,0.00698098088756414,0.0753771330773751,0.0035124785144864,0.122945816250435,"GSE210616_GSM6433586"
"GSE210616_GSM6433586_AAGCGGCGTCATGGGT-1",0.0795063287643084,0.0291798857817152,0.032024672121156,0.253963478869434,0.155761265368935,0.0945360514881703,0.123876339947744,0.00124960015713391,0.229902377501404,"GSE210616_GSM6433586"
"GSE210616_GSM6433586_AAGCTCGTGCCAAGTC-1",0.0284491933519693,0.00948023440220043,0.0103086230517335,0.610666732318596,0.0992200495900731,0.00934610126561558,0.0800382743403794,0.00357680774199417,0.148913983937439,"GSE210616_GSM6433586"
"GSE210616_GSM6433586_AAGGAGCGGTTGGTGC-1",0.0339986407204121,0.0664805985401523,0.00506347737806148,0.170625121708925,0.0735464750316355,0.0845504260922519,0.448280598463245,0.0143831156215284,0.103071546443789,"GSE210616_GSM6433586"
"GSE210616_GSM6433586_AAGGATCGATCGCTTG-1",0.041098792860276,0.0569651954713111,0.0118698188599,0.23031630859005,0.0665158495750055,0.111092208220918,0.295941454857871,0.00159960850073682,0.184600763063931,"GSE210616_GSM6433586"
"GSE210616_GSM6433586_AAGGATGAGGGACCTC-1",0.0437832426528984,0.0123122046507509,0.0137715954517953,0.583579046235382,0.10429358532335,0.010428565430136,0.0815603530843392,0.00731522148752089,0.142956185683827,"GSE210616_GSM6433586"
"GSE210616_GSM6433586_AAGGCTGTGCTCATCG-1",0.0241112993254821,0.0520593448165837,0.0051885338314258,0.0920712449106425,0.0366337676894642,0.121939087391756,0.575964558932402,0.00228440739496226,0.0897477557072818,"GSE210616_GSM6433586"
"GSE210616_GSM6433586_AAGGGACAGATTCTGT-1",0.0572267639065126,0.0140121986646052,0.0195063439089436,0.544564056226039,0.100543166515842,0.0244187421917629,0.0865483041930739,0.0139044788954519,0.139275945497769,"GSE210616_GSM6433586"
"GSE210616_GSM6433586_AAGGTATCCTAATATA-1",0.0401409330497171,0.0118679840890386,0.0148597082149374,0.631438636435106,0.0865678295439698,0.0021586880676328,0.0957090034994199,0.0022062511544647,0.115050965945714,"GSE210616_GSM6433586"
"GSE210616_GSM6433586_AAGGTGATAAACCAGC-1",0.134724970043021,0.0678708646471718,0.0415665652593602,0.322029792626348,0.117561503064343,0.0539190187873755,0.112114275899229,0.00265723293771523,0.147555776735436,"GSE210616_GSM6433586"
"GSE210616_GSM6433586_AAGTAGTGACGCGAGG-1",0.0855640872512635,0.0467845320636294,0.0471468300331954,0.096310174839675,0.12505554391212,0.104110048110625,0.201784247593476,0.0484049273588428,0.244839608837174,"GSE210616_GSM6433586"
"GSE210616_GSM6433586_AAGTCAATTGTCGTCA-1",0.0177958029841327,0.00445320954954213,0.00498890620809766,0.706316946016334,0.0716169721248903,0.00207593042070999,0.0887157579377951,0.000480007505534459,0.103556467252964,"GSE210616_GSM6433586"
"GSE210616_GSM6433586_AAGTTCAGTCTGCGTA-1",0.0281365927490672,0.00960011060157368,0.00510884760890363,0.519900801237646,0.123710916854847,0.012406326050634,0.102476884018515,0.0753107398335664,0.123348781045246,"GSE210616_GSM6433586"
"GSE210616_GSM6433586_AATAGCTACCGCGTGC-1",0.0182083160171666,0.00582902780459963,0.00603518752950833,0.730103967653719,0.0569122731321503,0.00185241453127745,0.0713301580530442,0.0019200326818198,0.107808622596715,"GSE210616_GSM6433586"
"GSE210616_GSM6433586_AATATCGAGGGTTCTC-1",0.0135779968642317,0.00497393500304839,0.00418831142509431,0.75073827420871,0.0688834336037434,0.000888278625249371,0.0606798522517267,0.000515495869066235,0.0955544221491297,"GSE210616_GSM6433586"
"GSE210616_GSM6433586_AATCGCCTCAGCGCCA-1",0.0352613344622423,0.0234358034759007,0.0135040890018529,0.467626229409518,0.112686184646301,0.0400913069008928,0.102003678060328,0.00600175445359559,0.199389619589368,"GSE210616_GSM6433586"
"GSE210616_GSM6433586_AATCTATGCCGGAGCC-1",0.0251558491743501,0.0147069814857443,0.0150766310772837,0.573212343169775,0.156956782091448,0.00697810857877017,0.0449397950503276,0.00710905821084341,0.155864451161458,"GSE210616_GSM6433586"
"GSE210616_GSM6433586_AATCTGCGTTGGGACG-1",0.0541247150726487,0.011257614932046,0.00880416777596057,0.550063571341668,0.0981246314384372,0.0191756608457602,0.10601306093197,0.00408605800137569,0.148350519660134,"GSE210616_GSM6433586"
"GSE210616_GSM6433586_AATGACGTAGGATGTC-1",0.0160213131397773,0.00359810829582979,0.00529667128791791,0.757891508242427,0.0464466074406483,0.00141399520380487,0.0770711057578122,0.0018185620665587,0.0904421285652236,"GSE210616_GSM6433586"
"GSE210616_GSM6433586_AATGACTGTCAGCCGG-1",0.0214982486892987,0.0194881432510446,0.00206939018482416,0.449941396507387,0.0900846922076978,0.028768817286798,0.246179613799812,0.00280421340342177,0.139165484669716,"GSE210616_GSM6433586"
"GSE210616_GSM6433586_AATGATGATACGCTAT-1",0.0649900441824518,0.010393367509571,0.00403827017980328,0.468703242973635,0.12213670234002,0.0248998841343986,0.139747819476433,0.0119700233454975,0.15312064585819,"GSE210616_GSM6433586"
"GSE210616_GSM6433586_AATGATGCGACTCCTG-1",0.0174034036973749,0.00278120350065572,0.00338693795555988,0.764615899867178,0.0468559319383993,0.000461794763912115,0.0746974429535283,0.000461267186192008,0.0893361181371993,"GSE210616_GSM6433586"
"GSE210616_GSM6433586_AATGCAACCGGGTACC-1",0.0945254400677183,0.0184765219122149,0.0116410581611306,0.430098203902708,0.101054590166776,0.0333988612057975,0.14603743245016,0.00491924827484064,0.159848643858654,"GSE210616_GSM6433586"
"GSE210616_GSM6433586_AATGCACCAAGCAATG-1",0.0908786208374127,0.0157811705559475,0.00716798387202264,0.3716252834865,0.123810791027506,0.0276152073285908,0.199321314184828,0.0110101915620786,0.152789437145114,"GSE210616_GSM6433586"
"GSE210616_GSM6433586_AATTAAAGGTCGGCGT-1",0.0426768794435493,0.00902994563828237,0.00964039040116237,0.589034352159043,0.0982075380191529,0.0114866716560876,0.0773398714207136,0.00296545022350451,0.159618901038504,"GSE210616_GSM6433586"
"GSE210616_GSM6433586_AATTCATAAGGGATCT-1",0.0991633341423457,0.0152444602932341,0.00992021272576215,0.309978775117266,0.138109472949589,0.0429176835486633,0.190780801022099,0.0175248439122131,0.176360416288828,"GSE210616_GSM6433586"
"GSE210616_GSM6433586_AATTGAACGCTCTGGT-1",0.0404444262116006,0.00863062997106896,0.0108839556267663,0.579929744729531,0.0776257409940414,0.00957701145444317,0.132482522727421,0.00150586241679182,0.138920105868336,"GSE210616_GSM6433586"
"GSE210616_GSM6433586_AATTTGGGACATAGTA-1",0.0664255281829756,0.0208026671591841,0.0133451410086231,0.401211556791203,0.0709043053374544,0.0513750575291829,0.181169689955521,0.0578352665419513,0.136930787493904,"GSE210616_GSM6433586"
"GSE210616_GSM6433586_ACAAATGGTAGTGTTT-1",0.0408319010828483,0.00954047232333952,0.00931996919705918,0.563141193496771,0.0837973334790755,0.0185026619377987,0.14412731606004,0.00147161106217891,0.129267541360889,"GSE210616_GSM6433586"
"GSE210616_GSM6433586_ACAACAGCATGAGCTA-1",0.0582834315687636,0.0128030997847888,0.0180745623643333,0.59138979513299,0.103783619805861,0.00844590020668741,0.0625123472470003,0.00282801631851883,0.141879227571056,"GSE210616_GSM6433586"
"GSE210616_GSM6433586_ACAAGGACAAGAGGTT-1",0.0676401773581613,0.0315818414295543,0.0151992637541093,0.260446826189301,0.160479770758809,0.0713052686215176,0.214694138256558,0.00157062566622234,0.177082087965767,"GSE210616_GSM6433586"
"GSE210616_GSM6433586_ACAAGGGCAGGCTCTG-1",0.0392432663907143,0.020282412830119,0.0135161849990701,0.382741210875677,0.188537298121506,0.0446440281420369,0.0956203938151806,0.00841076516155814,0.207004439664138,"GSE210616_GSM6433586"
"GSE210616_GSM6433586_ACAATCCATTTAAACC-1",0.0902961891950499,0.0671378466679026,0.0350326334589321,0.0534008424466622,0.171471642298335,0.118880492952915,0.16743285366193,0.0252802326250598,0.271067266693214,"GSE210616_GSM6433586"
"GSE210616_GSM6433586_ACAATTTGAGCAGTGG-1",0.0530227588761445,0.025145877490635,0.0134945894767931,0.514490966561467,0.127289361779755,0.0214428823513494,0.0809570591364776,0.0140610500014743,0.150095454325905,"GSE210616_GSM6433586"
"GSE210616_GSM6433586_ACACAAAGACGGGTGG-1",0.0133943687417726,0.52072113126122,0.0742122807732518,0.139655742445212,0.0226764285390185,0.0779192094099134,0.0436075565600111,0.035360084117829,0.0724531981517715,"GSE210616_GSM6433586"
"GSE210616_GSM6433586_ACACACCAGGACCAGT-1",0.0451335065911064,0.0420476907536086,0.0171036933361321,0.213252635589477,0.130791771285427,0.128276787563456,0.180909171568079,0.00747921718888906,0.235005526123826,"GSE210616_GSM6433586"
"GSE210616_GSM6433586_ACACCACATAATTAGC-1",0.0250216802301506,0.00742740297504123,0.00828222655271881,0.609388948289836,0.10370000680288,0.0118211614765908,0.114723661530483,0.000930063234281317,0.118704848908019,"GSE210616_GSM6433586"
"GSE210616_GSM6433586_ACACCCAGCATGCAGC-1",0.0428444245715409,0.0468735331397604,0.0052521128166474,0.205107181067065,0.0790604060144644,0.0849293931923335,0.3891476663093,0.0263295513810757,0.120455731507812,"GSE210616_GSM6433586"
"GSE210616_GSM6433586_ACACCTTAAGTAGGGC-1",0.065340861508218,0.0414560844198815,0.0117026817509571,0.11649090778279,0.10108634767824,0.182762016176284,0.255619426183403,0.0476667021141157,0.177874972386111,"GSE210616_GSM6433586"
"GSE210616_GSM6433586_ACACCTTACTACTTGC-1",0.0384737492432941,0.0504155121500081,0.0012040622200395,0.0261253162278986,0.0194516582180041,0.0901143716477595,0.637099711820845,0.0163622488095391,0.120753369662612,"GSE210616_GSM6433586"
"GSE210616_GSM6433586_ACACGAGACTCCTTCT-1",0.0616878777951406,0.0239513014787192,0.0198627662943482,0.549805610509534,0.109945006254858,0.0157480186388414,0.0767325617845887,0.00766152369804346,0.134605333545926,"GSE210616_GSM6433586"
"GSE210616_GSM6433586_ACACGGGAACTTAGGG-1",0.0372925278217512,0.10501281400631,0.032932522043648,0.488029428443882,0.0882320997655935,0.0259239326378093,0.0798662290785933,0.0449051892966212,0.0978052569057925,"GSE210616_GSM6433586"
"GSE210616_GSM6433586_ACATAATAAGGCGGTG-1",0.0614448958921423,0.00950487785447472,0.0136827337885141,0.514386916163513,0.125103954189504,0.0151253957381053,0.0925280996921381,0.0137221252181845,0.154501001463424,"GSE210616_GSM6433586"
"GSE210616_GSM6433586_ACATCCTGGTAACTGT-1",0.021816451385471,0.00905997458644013,0.00802307819372448,0.645722850092703,0.101119551510148,0.00769488935689912,0.0812023073773182,0.00146751888636333,0.123893378610933,"GSE210616_GSM6433586"
"GSE210616_GSM6433586_ACATCGATCGTTTACC-1",0.0342697056721201,0.00894233648957494,0.00817425604687976,0.615060959102103,0.0885973841803574,0.0103652602227013,0.0875686698250876,0.00227750337774354,0.144743925083432,"GSE210616_GSM6433586"
"GSE210616_GSM6433586_ACATCGGTCAGCCGCG-1",0.0823117439495461,0.0567703894008609,0.0375008488833728,0.0726940322352683,0.125587202755781,0.140666271169192,0.149051238965817,0.0458548809365958,0.289563391703566,"GSE210616_GSM6433586"
"GSE210616_GSM6433586_ACATCGTATGCAATGG-1",0.017642614787222,0.00554937790864933,0.00578099802837202,0.707903950970251,0.0575512923452055,0.00603202542415795,0.10690009367057,0.00174312544799224,0.09089652141758,"GSE210616_GSM6433586"
"GSE210616_GSM6433586_ACATGGCGCCAAAGTA-1",0.0389700874033166,0.0162923332343498,0.0168864559692396,0.572427950431239,0.103063765862209,0.0190308244691347,0.0716541025866928,0.00253933282178341,0.159135147222036,"GSE210616_GSM6433586"
"GSE210616_GSM6433586_ACCAAACACCCAGCGA-1",0.0269766614431814,0.00766610759725249,0.00806749654956128,0.70386631078454,0.0541638981632474,0.00629404065459226,0.0695837473389226,0.00134021719092756,0.122041520277775,"GSE210616_GSM6433586"
"GSE210616_GSM6433586_ACCAACACCACACACT-1",0.0155702107688113,0.0181677210456916,0.00692467802494356,0.59724705151041,0.0581727754039652,0.0110291517843643,0.134577024625934,0.015397616639233,0.142913770196648,"GSE210616_GSM6433586"
"GSE210616_GSM6433586_ACCAAGAACGCGTGTC-1",0.0945113480855721,0.143863625043839,0.0570005464125525,0.141111746038258,0.0672769892140914,0.115163227793235,0.158705006875791,0.0362095419008092,0.186157968635852,"GSE210616_GSM6433586"
"GSE210616_GSM6433586_ACCACAAGTTTCTATC-1",0.0381405881976775,0.00647864625599795,0.00760353694617364,0.568999613931617,0.118246780293976,0.0109651829512603,0.118414254770376,0.0024829810632151,0.128668415589706,"GSE210616_GSM6433586"
"GSE210616_GSM6433586_ACCACCAATGTAACAA-1",0.0416971038863968,0.10160328326001,0.0490874887476042,0.352508926201682,0.111016323607877,0.0479657305795188,0.0960870724806137,0.0141618648078067,0.18587220642849,"GSE210616_GSM6433586"
"GSE210616_GSM6433586_ACCACCCTCTCTTCTA-1",0.0336046850510706,0.0106378915156491,0.0107986930729092,0.637081791011403,0.0945690855244969,0.00647608830326442,0.0500058321265516,0.00184966074024274,0.154976272654412,"GSE210616_GSM6433586"
"GSE210616_GSM6433586_ACCAGTGCCCGGTCAA-1",0.0792814977983429,0.0107935557788711,0.0079256172756305,0.459477802923583,0.126181505248464,0.0267392517728203,0.132187750148763,0.00241311082068952,0.154999908232835,"GSE210616_GSM6433586"
"GSE210616_GSM6433586_ACCATATCCGCAATAA-1",0.0420775687872068,0.016632892494808,0.0178623560650527,0.559809346450364,0.0980789708594015,0.0451764018121635,0.0882623919665841,0.00327462411353279,0.128825447450887,"GSE210616_GSM6433586"
"GSE210616_GSM6433586_ACCATCGTATATGGTA-1",0.0498768446764685,0.0742185472586273,0.0168858206020785,0.0304031340762315,0.165858165048294,0.169517578814161,0.433628575820101,0.00112924628403176,0.0584820874200065,"GSE210616_GSM6433586"
"GSE210616_GSM6433586_ACCCAACGCCCGTGGC-1",0.0495459780131828,0.0126862546733388,0.00830811438757401,0.634704209332746,0.0895085366330291,0.0070241581213035,0.0695078070590861,0.00493869282491479,0.123776248954824,"GSE210616_GSM6433586"
"GSE210616_GSM6433586_ACCCATCTTGAGGGTA-1",0.0648350717790794,0.136391037380338,0.0805628305438707,0.0398814136998398,0.166378780415117,0.146211002907199,0.11418578384172,0.0685613280441935,0.182992751388642,"GSE210616_GSM6433586"
"GSE210616_GSM6433586_ACCCGGATGACGCATC-1",0.0309359854401426,0.0110506943540643,0.0103514231278535,0.636783878980829,0.0979269503189541,0.00536289641949076,0.0673780374049894,0.000947072363988414,0.139263061589688,"GSE210616_GSM6433586"
"GSE210616_GSM6433586_ACCCGGTTACACTTCC-1",0.0226439497278219,0.156736124086387,0.0195103894458281,0.281719814902046,0.166795765958846,0.072600409633063,0.140402785475751,0.00273217920801845,0.136858581562239,"GSE210616_GSM6433586"
"GSE210616_GSM6433586_ACCCTGGTAACGCCCT-1",0.0380155375477572,0.0595995026168236,0.0199394475291161,0.551544151381336,0.0887002180135567,0.0254802274285886,0.0427472875719825,0.00486955309505281,0.169104074815786,"GSE210616_GSM6433586"
"GSE210616_GSM6433586_ACCGACTGAGTCCCAC-1",0.0473646589700438,0.0252401810702838,0.0127280594955427,0.559904385535549,0.0896830377990278,0.0136992488290296,0.102954358355756,0.00887002970728081,0.139556040237487,"GSE210616_GSM6433586"
"GSE210616_GSM6433586_ACCGATGGTAGCATCG-1",0.0364927841975288,0.00769323616600073,0.0067464638992463,0.635606776384065,0.0847490316998538,0.00802527998565746,0.0829495565876184,0.0012140051911032,0.136522865888927,"GSE210616_GSM6433586"
"GSE210616_GSM6433586_ACCGCGGTGGAAGTCG-1",0.0186299808336242,0.0303223524896722,0.000391893191807325,0.029567263364091,0.0181464179965004,0.0670595885769117,0.755173709728615,0.0145544036464975,0.0661543901722807,"GSE210616_GSM6433586"
"GSE210616_GSM6433586_ACCGGGCCTTTGTTGA-1",0.0316882052362755,0.00446913103282582,0.00590228483304345,0.607213494622744,0.082097928854836,0.00612123288818737,0.149005340095785,0.000413666964765943,0.113088715471536,"GSE210616_GSM6433586"
"GSE210616_GSM6433586_ACCTAATCGACTTCCT-1",0.0735593583653941,0.0768449458255423,0.0398466134715169,0.0858621130806484,0.130644499803187,0.0885574201181158,0.18821966104528,0.0887717927470329,0.227693595543283,"GSE210616_GSM6433586"
"GSE210616_GSM6433586_ACCTACAGTATGTGGT-1",0.0324286790299557,0.0382753937350581,0.00610387494401759,0.204462187911258,0.0680584368944141,0.0901190439016026,0.34618807028567,0.0259490204549724,0.188415292843052,"GSE210616_GSM6433586"
"GSE210616_GSM6433586_ACCTCCGTTATTCACC-1",0.0415390945254193,0.046299307432263,0.0405970644389797,0.543733542418336,0.103779119718735,0.0187653740689588,0.0753026847862771,0.00513579559221257,0.124848017018819,"GSE210616_GSM6433586"
"GSE210616_GSM6433586_ACGAGTACGGATGCCC-1",0.0187876721018979,0.0418894148369088,0.0149987265413913,0.642765445245526,0.0981073672393526,0.00635325053586938,0.0677553208302608,0.0031228973932017,0.106219905275592,"GSE210616_GSM6433586"
"GSE210616_GSM6433586_ACGATACATAGAACTA-1",0.0778383240478523,0.00909090225746206,0.00557549092862265,0.490758312049504,0.102106255985335,0.0157005318535584,0.167083141018979,0.00584833988882867,0.125998701969858,"GSE210616_GSM6433586"
"GSE210616_GSM6433586_ACGATCATACATAGAG-1",0.0961191022973667,0.00765354954193464,0.00542030518538044,0.494749293458604,0.0957627298645292,0.00930861858484347,0.160665940023448,0.0110209295182452,0.119299531525648,"GSE210616_GSM6433586"
"GSE210616_GSM6433586_ACGATCATCTTGTAAA-1",0.0287953253138248,0.00803738027110507,0.00825157106055313,0.637999240493481,0.0817928471686681,0.0090533627239796,0.0802169867167132,0.000490855544935946,0.14536243070674,"GSE210616_GSM6433586"
"GSE210616_GSM6433586_ACGATGCATATGTTAT-1",0.122496904109926,0.247023880806775,0.12646505980683,0.186387638557562,0.0405583083339372,0.123958704323276,0.0707753952838242,0.00847395188073127,0.073860156897138,"GSE210616_GSM6433586"
"GSE210616_GSM6433586_ACGCAATCACTACAGC-1",0.0357478407195512,0.0119934798749374,0.0215851691310264,0.615434860112031,0.0891616501313672,0.0123585004496978,0.0499955457289017,0.00467339660702145,0.159049557245466,"GSE210616_GSM6433586"
"GSE210616_GSM6433586_ACGCATTCGTGAGTAC-1",0.0397745322255618,0.0445099181527901,0.0197719307941056,0.327293467552919,0.14554897934618,0.0636746097797298,0.164141990441807,0.00633084902612561,0.188953722680781,"GSE210616_GSM6433586"
"GSE210616_GSM6433586_ACGCCAGATGATTTCT-1",0.0554244341325271,0.0140057380508542,0.0174494494005431,0.581731250038427,0.124271565313044,0.0147286274817175,0.0684229240739068,0.000782445598170461,0.123183565910809,"GSE210616_GSM6433586"
"GSE210616_GSM6433586_ACGCCGCTAGACGACC-1",0.030192010353843,0.0364577993897577,0.00997084334684615,0.545434636607759,0.0730722830711396,0.0453520440520398,0.125923770805908,0.00199715555845866,0.131599456814248,"GSE210616_GSM6433586"
"GSE210616_GSM6433586_ACGCGGGCCAAGGACA-1",0.0427859382053124,0.0336709860985168,0.0195509895078006,0.424174309573054,0.104737651341659,0.0585501899165479,0.123826846702324,0.00871569771310342,0.183987390941681,"GSE210616_GSM6433586"
"GSE210616_GSM6433586_ACGCTAGTGATACACT-1",0.0181865704019,0.0129275072210731,0.00511627063869793,0.687924283148675,0.073331347446668,0.00411008297969595,0.0736115061356371,0.00696775242888435,0.117824679598768,"GSE210616_GSM6433586"
"GSE210616_GSM6433586_ACGGAGCGCAAATTAC-1",0.0150988051877769,0.0141915652435748,0.00521117190212345,0.618826167198233,0.0699649729644995,0.0090882522139907,0.15410398230117,0.0025466778179244,0.110968405170707,"GSE210616_GSM6433586"
"GSE210616_GSM6433586_ACGGGCGTATGCGACA-1",0.0334713396746553,0.0127643901052711,0.0113853070412862,0.59133235864234,0.130715317488219,0.0108557867310106,0.0692723485022517,0.0037042884415302,0.136498863373435,"GSE210616_GSM6433586"
"GSE210616_GSM6433586_ACGTAGATTGCTGATG-1",0.0374945660557091,0.034783844505276,0.0198415645497759,0.264974205640145,0.178673922602893,0.0836676123660897,0.110825124705593,0.0168467680426037,0.252892391531914,"GSE210616_GSM6433586"
"GSE210616_GSM6433586_ACGTATTACTCCGATC-1",0.0455904040573567,0.0102695703256565,0.00861655030213906,0.601854265791244,0.0870609745384916,0.0168989018403313,0.0970137003805972,0.00137126023480311,0.131324372529381,"GSE210616_GSM6433586"
"GSE210616_GSM6433586_ACGTGCGCCTCGTGCA-1",0.10568460041693,0.084352027548907,0.0250364363681931,0.261387117083264,0.0901222080097232,0.0712240345124869,0.09535592223984,0.0310002658643524,0.235837387956303,"GSE210616_GSM6433586"
"GSE210616_GSM6433586_ACGTTAATGTCGAAGA-1",0.0316583845575302,0.0228730247417593,0.0126100506721397,0.427507260034461,0.1073011956904,0.0532401423281447,0.134697459537293,0.00181715101543688,0.208295331422834,"GSE210616_GSM6433586"
"GSE210616_GSM6433586_ACGTTAGATTTGCCCG-1",0.0586724208408374,0.0966861789395448,0.0549242343047543,0.0751018544404797,0.0883825653413801,0.107720426407491,0.158236085794158,0.130494668227825,0.22978156570353,"GSE210616_GSM6433586"
"GSE210616_GSM6433586_ACGTTCGCAATCAATT-1",0.0232284775596346,0.0100407782356927,0.0157206178357387,0.613983805664543,0.117448044323725,0.00645158985853865,0.0620150225568741,0.00381155751212473,0.147300106453129,"GSE210616_GSM6433586"
"GSE210616_GSM6433586_ACGTTTAGTTGTGATC-1",0.133963930538132,0.0236629487049752,0.0231359676398743,0.145079074194597,0.139057297307242,0.100062604231579,0.105962107060096,0.0446602839621448,0.284415786361359,"GSE210616_GSM6433586"
"GSE210616_GSM6433586_ACTACCAGCTCTCTGG-1",0.106498211699237,0.0539670389613771,0.0112962673511142,0.019164126962325,0.0184453143105557,0.294083352272551,0.295797137865887,0.0735752000918181,0.127173350485135,"GSE210616_GSM6433586"
"GSE210616_GSM6433586_ACTATATGCTGTGTTC-1",0.0834756451564027,0.0111924770639184,0.0141670067967129,0.496606170563765,0.0865587378601678,0.0242463425791685,0.172813102189328,0.00250251551032394,0.108438002280213,"GSE210616_GSM6433586"
"GSE210616_GSM6433586_ACTATCCAGGGCATGG-1",0.0329048701629353,0.0493585531522594,0.0170206107794851,0.479973641162927,0.101777012863267,0.0414892408286361,0.113951792899944,0.00576469311020616,0.15775958504034,"GSE210616_GSM6433586"
"GSE210616_GSM6433586_ACTATTCGTCCGTGGT-1",0.0556379288009906,0.00971389495693615,0.0117700737082175,0.593115269628698,0.0946290509832508,0.0217010247403687,0.0717817946260699,0.00616680263639088,0.135484159919077,"GSE210616_GSM6433586"
"GSE210616_GSM6433586_ACTCAATAAAGGCACG-1",0.0497242088260783,0.00875945559377762,0.0106525912238498,0.639209659078421,0.0731774658887658,0.00669012317243734,0.0603423915147824,0.00364342924729257,0.147800675454595,"GSE210616_GSM6433586"
"GSE210616_GSM6433586_ACTCCCGAATTCGTTT-1",0.0519554777448316,0.0517120883475988,0.0253423593151528,0.54299818738102,0.120305498335152,0.0220024033367458,0.0814214363395399,0.000575700191047874,0.103686849008911,"GSE210616_GSM6433586"
"GSE210616_GSM6433586_ACTCGTCAGTAATCCC-1",0.0358817438850691,0.0224886074659572,0.0118602043136952,0.398589398703458,0.152442868250408,0.0430730860558243,0.11500099137786,0.0132850822378428,0.207378017709885,"GSE210616_GSM6433586"
"GSE210616_GSM6433586_ACTCTCTGACTTAGGT-1",0.0294933399248163,0.0329120280200567,0.0136115612877001,0.398158382849375,0.125372105082661,0.0772356037459299,0.125033024141895,0.00470529352834426,0.193478661419221,"GSE210616_GSM6433586"
"GSE210616_GSM6433586_ACTCTTGTATAGTAAC-1",0.0572430686175163,0.0538598102514963,0.0230908749912025,0.190127528904051,0.136841830691183,0.0977011924366208,0.162904294043257,0.00824587294320328,0.26998552712147,"GSE210616_GSM6433586"
"GSE210616_GSM6433586_ACTGAATGGCGAAAGT-1",0.0299808278508539,0.0186739646667335,0.012036610272128,0.402750356933633,0.162073536240856,0.0386856135585115,0.133008195787878,0.00771205364934738,0.195078841040059,"GSE210616_GSM6433586"
"GSE210616_GSM6433586_ACTGCCGTCGTAACTC-1",0.0446124822502545,0.00911363638788677,0.0105611624123716,0.612971873574459,0.104163420424755,0.00938558378943407,0.0588705488203096,0.00700433020434783,0.143316962136182,"GSE210616_GSM6433586"
"GSE210616_GSM6433586_ACTGTACGATACACAT-1",0.0482727664691304,0.0115582837417433,0.0138693883705678,0.628194149001493,0.094942798892014,0.00473895925170376,0.0719361215095014,0.00221970223692315,0.124267830526924,"GSE210616_GSM6433586"
"GSE210616_GSM6433586_ACTGTAGCACTTTGGA-1",0.0665397405662372,0.0363192060677567,0.0271774792603212,0.2779241236502,0.088986788840194,0.178882215722392,0.157157462662316,0.0015019907745141,0.165510992456069,"GSE210616_GSM6433586"
"GSE210616_GSM6433586_ACTGTCCAGGATTATA-1",0.0388758670263691,0.0101999908991288,0.0105283988882619,0.624050257864309,0.0969455637088605,0.00712105973197074,0.0906256925883268,0.00216434888931426,0.119488820403459,"GSE210616_GSM6433586"
"GSE210616_GSM6433586_ACTGTCTTCTTTAGAA-1",0.0361752145550846,0.0303230987549687,0.0147458057689641,0.408081730305343,0.153921579974954,0.0425620834527388,0.128605415492652,0.00305421731188831,0.182530854383407,"GSE210616_GSM6433586"
"GSE210616_GSM6433586_ACTTACCGGGCGCGCA-1",0.110135150613521,0.0348033044009512,0.0110771649049573,0.0943975723204234,0.102900352702075,0.0930493724634139,0.237875754469637,0.0847183802491237,0.231042947875898,"GSE210616_GSM6433586"
"GSE210616_GSM6433586_ACTTATACTTACCCGG-1",0.0366441516267182,0.0105224817422593,0.00601053670899612,0.601400421416505,0.102718796096963,0.0176170208274746,0.0747417284424927,0.00346149045594585,0.146883372682645,"GSE210616_GSM6433586"
"GSE210616_GSM6433586_ACTTATTAGGATCGGT-1",0.0460900993785729,0.00944061705701285,0.0114499954972849,0.591581593684595,0.0813404476567516,0.00972196750400398,0.102295608659061,0.00369452468867913,0.144385145874039,"GSE210616_GSM6433586"
"GSE210616_GSM6433586_ACTTCGCCATACGCAC-1",0.0377535568583051,0.00818847040459746,0.00786003560614516,0.625657239087709,0.104401726213104,0.00902920658728038,0.0823006546503651,0.00548768512897709,0.119321425463517,"GSE210616_GSM6433586"
"GSE210616_GSM6433586_ACTTCGCTAGCGAGTG-1",0.0109011640670016,0.0134349855213458,0.00488623379372305,0.581282071306357,0.0606907036039134,0.00605496407596105,0.219974194546023,0.000264035007169713,0.102511648078506,"GSE210616_GSM6433586"
"GSE210616_GSM6433586_ACTTGACTCCCTCTTT-1",0.0244800294710086,0.0223070113351576,0.0121326082573766,0.505373798157979,0.103137108077039,0.0400363052215312,0.132377715558358,0.0068036703491477,0.153351753572402,"GSE210616_GSM6433586"
"GSE210616_GSM6433586_ACTTGGGACCCGGTGG-1",0.0274904717429827,0.0255553038987854,0.00331543905204961,0.311463007941421,0.0948181464808719,0.0677173388605088,0.324273528288928,0.00784746967391653,0.137519294060535,"GSE210616_GSM6433586"
"GSE210616_GSM6433586_ACTTTACCCTCATGAA-1",0.0232444098813873,0.0238065412163266,0.0171722096407411,0.615268379380016,0.105798032062504,0.00765774148458665,0.0597934531461275,0.0019373463188179,0.145321886869493,"GSE210616_GSM6433586"
"GSE210616_GSM6433586_ACTTTCCTATAGCTTC-1",0.0500861385190536,0.00977013926900777,0.00679553410731442,0.511915082353152,0.117099914102364,0.0181554325562497,0.162754903876165,0.00258700379007343,0.12083585142662,"GSE210616_GSM6433586"
"GSE210616_GSM6433586_AGAACGTGGTACATTC-1",0.050566295220575,0.0255464653021528,0.0213696307558269,0.604160444486266,0.0923370683892457,0.0122685405253884,0.0627970019709577,0.0024740359383096,0.128480517411278,"GSE210616_GSM6433586"
"GSE210616_GSM6433586_AGAAGAGCGCCGTTCC-1",0.100126179700026,0.0186124030830351,0.0100649474567659,0.429119269232732,0.090811265766845,0.0497473306299075,0.0791604873603061,0.0183156618693188,0.204042454901064,"GSE210616_GSM6433586"
"GSE210616_GSM6433586_AGAAGGTTGCCGAATT-1",0.0265991182003293,0.120467523660098,0.0116782541295947,0.154847419553421,0.256594966511939,0.140067511333205,0.230864307936103,0.00163473766757523,0.0572461610077341,"GSE210616_GSM6433586"
"GSE210616_GSM6433586_AGAATGCGGGTTCGGA-1",0.0738790832892913,0.0401582645072704,0.0193971806833851,0.418300560304346,0.120764795363639,0.0532067202446928,0.135700987926637,0.00244650880588748,0.13614589887485,"GSE210616_GSM6433586"
"GSE210616_GSM6433586_AGAATTATGGATTCGA-1",0.0851687007701249,0.0460974801724931,0.0225951733910876,0.54468720901472,0.0975546832169924,0.00667043700339984,0.0534818268784068,0.00873189546050907,0.135012594092266,"GSE210616_GSM6433586"
"GSE210616_GSM6433586_AGACCCGCCCTCCTCG-1",0.0411406129393407,0.0192185033677168,0.00673523909811904,0.509317645992633,0.111296361905814,0.0230555976463963,0.157172200342556,0.0106121733139967,0.121451665393428,"GSE210616_GSM6433586"
"GSE210616_GSM6433586_AGACTAGCCTTCCAGA-1",0.0318730481942197,0.031856726790628,0.00548728645619913,0.153182779434329,0.102772756749505,0.0680329948777082,0.459213596032299,0.0232610581879553,0.124319753277157,"GSE210616_GSM6433586"
"GSE210616_GSM6433586_AGAGAACCGTCTAGGA-1",0.0593670576241814,0.0126726446355653,0.0129591905360313,0.579162087695299,0.110598206676654,0.0137369245453597,0.0639336574776648,0.00224912101878169,0.145321109790463,"GSE210616_GSM6433586"
"GSE210616_GSM6433586_AGAGTATAGTGTTACG-1",0.0173430045552399,0.00641179325310825,0.00515611444220418,0.683929600882674,0.0868414278716436,0.00686343267150985,0.0778775853898942,0.000384565461987924,0.115192475471738,"GSE210616_GSM6433586"
"GSE210616_GSM6433586_AGATAACTTCAGGGCC-1",0.0430132217506936,0.0364480907066716,0.00814577882099709,0.325620242753887,0.12478127648812,0.0585045386010275,0.268122902126448,0.001922274582909,0.133441674169247,"GSE210616_GSM6433586"
"GSE210616_GSM6433586_AGATACCGGTGTTCAC-1",0.1063339717606,0.0642310915133022,0.0336299255822672,0.0850320385023813,0.128995985278605,0.10354145488088,0.187152364097857,0.0239091809803633,0.267173987403743,"GSE210616_GSM6433586"
"GSE210616_GSM6433586_AGATACTCAAGATCGA-1",0.0374574408497879,0.0141583079783522,0.00613946359206859,0.549900402417236,0.0995949458643746,0.0122421621386878,0.131274803030714,0.00205895839117665,0.147173515737602,"GSE210616_GSM6433586"
"GSE210616_GSM6433586_AGATCGTGCATAAGAT-1",0.0751876202541223,0.0165987520441755,0.00592942776409296,0.443218865453972,0.0922490669117874,0.0369218504804224,0.160598194721979,0.00840799956400754,0.160888222805441,"GSE210616_GSM6433586"
"GSE210616_GSM6433586_AGATCTCAGGTGTGAT-1",0.0294194235477863,0.0050681051589509,0.00708083921993423,0.647272215017114,0.0817717792000838,0.00239325906600661,0.105955021448435,0.000592501742423603,0.120446855599266,"GSE210616_GSM6433586"
"GSE210616_GSM6433586_AGATGACTCGCCCACG-1",0.0507483470421883,0.0752961920254087,0.0155259474095971,0.454718068265313,0.122666712935576,0.0402261652047185,0.110039619159946,0.000835573459698852,0.129943374497554,"GSE210616_GSM6433586"
"GSE210616_GSM6433586_AGATGAGGGTTGCGAT-1",0.123420628796085,0.0078671902632547,0.00593389391656261,0.320720812063735,0.104076074387875,0.0256911888152799,0.243471279529629,0.000376247014237422,0.16844268521334,"GSE210616_GSM6433586"
"GSE210616_GSM6433586_AGATGATGGAGTCTGG-1",0.0361345892161673,0.0288148184918165,0.0141881002376374,0.552369547722933,0.106228860917333,0.0237253808955347,0.0969584527184125,0.00475445822541893,0.136825791574747,"GSE210616_GSM6433586"
"GSE210616_GSM6433586_AGATTATAGGACGTTT-1",0.0414469544241611,0.0130537893975434,0.0146887961075855,0.582956827337244,0.103807158149139,0.0202710448426814,0.0911131121907999,0.00278950927424126,0.129872808276605,"GSE210616_GSM6433586"
