"","Endothelial","CAFs","PVL","B-cells","T-cells","Myeloid","Normal Epithelial","Plasmablasts","Cancer Epithelial","sid"
"GSE210616_GSM6433588_AAACACCAATAACTGC-1",0.036840506299727,0.130902224380851,0.0188593401534804,0.0165455451764008,0.0607807212423826,0.153248232312616,0.473075076248737,0.00233538053499217,0.107412973650814,"GSE210616_GSM6433588"
"GSE210616_GSM6433588_AAACAGCTTTCAGAAG-1",0.0416177545206483,0.0411871495253154,0.00503796079664324,0.057262229095317,0.119084770861393,0.21216741789163,0.429241213723554,0.000819730360581796,0.0935817732249173,"GSE210616_GSM6433588"
"GSE210616_GSM6433588_AAACAGGGTCTATATT-1",0.0647121389455867,0.232896886571751,0.034190468682658,0.0815124305147844,0.0789799896015483,0.226092962143026,0.179310390767123,0.00534299125794438,0.096961741515578,"GSE210616_GSM6433588"
"GSE210616_GSM6433588_AAACCGGGTAGGTACC-1",0.0471370768248658,0.0343522489537683,0.00725209528087818,0.131067170918136,0.166521948749102,0.107057748087027,0.371024343452198,0.00555287025696731,0.130034497477058,"GSE210616_GSM6433588"
"GSE210616_GSM6433588_AAACCGTTCGTCCAGG-1",0.0565628375899929,0.357212860775286,0.041761285462898,0.0575691716569257,0.0976681602045952,0.262837806479027,0.0371350578405202,0.0595210866708484,0.0297317333199069,"GSE210616_GSM6433588"
"GSE210616_GSM6433588_AAACCTCATGAAGTTG-1",0.0604738357072028,0.0214621544316202,0.00290499587883942,0.0483408715957605,0.0739387649777088,0.113210724673206,0.534236578964484,0.000750408996766824,0.144681664774412,"GSE210616_GSM6433588"
"GSE210616_GSM6433588_AAACGAAGATGGAGTA-1",0.0197799525881965,0.238660528620731,0.0135160923463413,0.0324616098977419,0.0801040902549241,0.161242193425455,0.193907739973049,0.189264576078163,0.071063216815398,"GSE210616_GSM6433588"
"GSE210616_GSM6433588_AAACGGTTGCGAACTG-1",0.0493852083233302,0.0375876053702553,0.0117297233255697,0.0856171235921276,0.138008596024556,0.205273081331504,0.321393411492494,0.00218974134906133,0.148815509191102,"GSE210616_GSM6433588"
"GSE210616_GSM6433588_AAACTTGCAAACGTAT-1",0.0494965201182522,0.0298587182672732,0.0101524360812771,0.132246360790576,0.168615818926362,0.0991999528994449,0.385266354716391,0.00531525094864823,0.119848587251775,"GSE210616_GSM6433588"
"GSE210616_GSM6433588_AAAGACTGGGCGCTTT-1",0.0654967034783418,0.0511105369635321,0.00841400102315256,0.0506662793640792,0.227351993241741,0.187731174765572,0.251367684534004,0.00228771042301657,0.15557391620656,"GSE210616_GSM6433588"
"GSE210616_GSM6433588_AAAGGCTACGGACCAT-1",0.0741630701628423,0.0410908403497598,0.00819685498018714,0.10811271834061,0.214072613955718,0.0980413908789794,0.340523047814694,0.00773011179904949,0.108069351718159,"GSE210616_GSM6433588"
"GSE210616_GSM6433588_AAAGGCTCTCGCGCCG-1",0.0618392025895512,0.0418657311733345,0.0101626655472368,0.0659778087854468,0.158754151498249,0.17211599511359,0.33684602370323,0.00317839919295444,0.149260022396406,"GSE210616_GSM6433588"
"GSE210616_GSM6433588_AAAGTAGCATTGCTCA-1",0.0491871177125547,0.0293472933193731,0.00790831223711747,0.0873292040366591,0.0716266122127422,0.150429546173011,0.442117383988642,0.000996255271456395,0.161058275048444,"GSE210616_GSM6433588"
"GSE210616_GSM6433588_AAAGTCGACCCTCAGT-1",0.0703397499486331,0.0134418002809393,0.0012499097173848,0.0175062668609626,0.0348305139261238,0.189111597373618,0.454959876738765,0.0006847291814561,0.217875555972117,"GSE210616_GSM6433588"
"GSE210616_GSM6433588_AAATCGCGGAAGGAGT-1",0.0414141856213909,0.0661201176055858,0.00770929644701871,0.0395271394292708,0.0767360300610046,0.137343371880115,0.46539802356048,0.00382687260603114,0.161924962789104,"GSE210616_GSM6433588"
"GSE210616_GSM6433588_AAATCGTGTACCACAA-1",0.0817471880665827,0.173830193447071,0.0187790053242715,0.219099625713907,0.293869457134338,0.118769043348586,0.0246634891145192,0.0505382227321082,0.0187037751186166,"GSE210616_GSM6433588"
"GSE210616_GSM6433588_AAATGGCCCGTGCCCT-1",0.0501436930920568,0.173031582891145,0.0247824111577851,0.103359976195083,0.16285340726598,0.155715762983095,0.176133774879025,0.00445619027473991,0.149523201261091,"GSE210616_GSM6433588"
"GSE210616_GSM6433588_AAATGGTCAATGTGCC-1",0.0325200898256623,0.0376231323177844,0.00486873378824286,0.00456110794913631,0.0151902762576826,0.487508277319837,0.335686610173504,0.000949908251380421,0.0810918641167699,"GSE210616_GSM6433588"
"GSE210616_GSM6433588_AAATGTATCTTATCCC-1",0.0909962729552142,0.103287224349424,0.00880060219593711,0.0550075000604451,0.229596813359397,0.189362491402806,0.207627244120648,0.000702436602483972,0.114619414953645,"GSE210616_GSM6433588"
"GSE210616_GSM6433588_AAATTAATAAGCGCGA-1",0.0747855031621466,0.0312362688902373,0.0126876301449644,0.0969835219858696,0.166441775259426,0.116714301164951,0.347846631495174,0.00453083208518307,0.148773535812048,"GSE210616_GSM6433588"
"GSE210616_GSM6433588_AAATTGATAGTCCTTT-1",0.00997808516698074,0.422172702833219,0.00827174802856318,0.0192100147173375,0.065724767076764,0.265760405890427,0.0849094729246029,0.0325283557988251,0.091444447563281,"GSE210616_GSM6433588"
"GSE210616_GSM6433588_AAATTTGCGGGTGTGG-1",0.052379055546678,0.0818697988197673,0.00898927182233808,0.0532428340748292,0.175091470488695,0.12398718981031,0.373641334808144,0.00525808857761582,0.125540956051623,"GSE210616_GSM6433588"
"GSE210616_GSM6433588_AACAATACATTGTCGA-1",0.00222951524559079,0.340087316607095,0.00624643044130282,0.0120993211252729,0.0720825767939145,0.168173692892183,0.0303224016337387,0.356587948017658,0.0121707972432442,"GSE210616_GSM6433588"
"GSE210616_GSM6433588_AACAATTACTCTACGC-1",0.0500931099738171,0.0589611476636289,0.0106653422897741,0.0831720376444316,0.113610218139549,0.215928423224098,0.347357572284411,0.00161014233269937,0.118602006447591,"GSE210616_GSM6433588"
"GSE210616_GSM6433588_AACACGAGACGCGGCC-1",0.0433815342854284,0.0223655092812679,0.00747088050620988,0.197214659570577,0.153907648022937,0.0887247828864196,0.346313812749029,0.00186196406376808,0.138759208634364,"GSE210616_GSM6433588"
"GSE210616_GSM6433588_AACAGCTGTGTGGCAA-1",0.0440836082612574,0.173864685569436,0.0125278287050141,0.101656204352899,0.155541501563983,0.143908479563562,0.235919043255105,0.0274199462886553,0.105078702440088,"GSE210616_GSM6433588"
"GSE210616_GSM6433588_AACAGGATGGGCCGCG-1",0.0547592307273467,0.0311913524185108,0.0100434949230978,0.0436517737654751,0.142836128561297,0.25914145686917,0.338884746883971,0.000565039603538288,0.118926776247593,"GSE210616_GSM6433588"
"GSE210616_GSM6433588_AACATTGTGACTCGAG-1",0.0745323468044335,0.0444347516150572,0.00858281104960204,0.112092154587538,0.0981633333351467,0.170010842309423,0.375035035660638,0.00352634167150787,0.113622382966654,"GSE210616_GSM6433588"
"GSE210616_GSM6433588_AACCAAGACTTCTCTG-1",0.0769955949728983,0.229467888369567,0.0271657299210818,0.116276682443044,0.139363522448816,0.144182799451721,0.164139331919004,0.00901881788397807,0.0933896325898913,"GSE210616_GSM6433588"
"GSE210616_GSM6433588_AACCCATCCCATGATC-1",0.0206865819128226,0.116768150488757,0.0151674261477237,0.00247128218743792,0.0178251704663812,0.213224494173868,0.517939216088278,0.00163500026578409,0.0942826782689487,"GSE210616_GSM6433588"
"GSE210616_GSM6433588_AACGAAAGTCGTCCCA-1",0.0501422400095175,0.0389372601203647,0.0132441416150296,0.0343036220444682,0.132871551743182,0.141220201194993,0.446909406908759,0.00184971327279144,0.140521863090894,"GSE210616_GSM6433588"
"GSE210616_GSM6433588_AACGGCCATCTCCGGT-1",0.0616036740776268,0.029513964706408,0.00838306921254677,0.0954425355681665,0.143258613801381,0.122117104753449,0.383182077671437,0.00248258584092775,0.154016374368057,"GSE210616_GSM6433588"
"GSE210616_GSM6433588_AACGTACTGTGGGTAC-1",0.0559070787895437,0.0503053024343658,0.00657569360560909,0.0843863145733201,0.127826727318914,0.127716999717378,0.406329265716877,0.00338815779782335,0.137564460046168,"GSE210616_GSM6433588"
"GSE210616_GSM6433588_AACTAGGCTTGGGTGT-1",0.0567921291292576,0.0372351882711546,0.0204657476210489,0.152899679544279,0.24895257621307,0.0697058760876786,0.259886063551715,0.00316210459912912,0.150900634982668,"GSE210616_GSM6433588"
"GSE210616_GSM6433588_AACTCAAGTTAATTGC-1",0.0446438926293403,0.0310534434083385,0.00350751282561356,0.0222641552865134,0.0493679749816715,0.190420589634641,0.524455046103854,0.00220372909455388,0.132083656035474,"GSE210616_GSM6433588"
"GSE210616_GSM6433588_AACTCTCAGTGTGCTC-1",0.0274648931411781,0.301846224129149,0.0455045866769195,0.124093026239817,0.174562366528069,0.21521043507987,0.0238222037850188,0.0661864141976258,0.0213098502223529,"GSE210616_GSM6433588"
"GSE210616_GSM6433588_AACTTGCCCGTATGCA-1",0.0465194732653151,0.0283141281970149,0.0121346996344677,0.0404929373264276,0.130285455928164,0.16216568145466,0.45798668153682,0.00161892224428464,0.120482020412846,"GSE210616_GSM6433588"
"GSE210616_GSM6433588_AACTTTACGGGAGCTT-1",0.0550718152497895,0.0305108502081028,0.0110720296323749,0.0743699169934318,0.145380933145889,0.121182409140033,0.430589621265453,0.00320765828753466,0.128614766077392,"GSE210616_GSM6433588"
"GSE210616_GSM6433588_AAGACCCAACTGAACA-1",0.0610631120761033,0.0446399316601946,0.0165367814909869,0.096149633928154,0.182915230711031,0.186856171135481,0.28272484114125,0.00276278346216255,0.126351514394637,"GSE210616_GSM6433588"
"GSE210616_GSM6433588_AAGAGATGAATCGGTA-1",0.0826581584850911,0.0316301588446327,0.0109898375873153,0.0969698776411886,0.164459085121354,0.222529709589206,0.249724552612644,0.00543218746199594,0.135606432656571,"GSE210616_GSM6433588"
"GSE210616_GSM6433588_AAGAGGATGTACGCGA-1",0.0463617234394612,0.144021126953294,0.0117751274013792,0.0616858378988621,0.0677904461572984,0.260857668117519,0.184016420186224,0.0838116556003055,0.139679994245656,"GSE210616_GSM6433588"
"GSE210616_GSM6433588_AAGATGGCACCGGACC-1",0.0550235046953663,0.0731991484094771,0.0149998526349274,0.120723823019105,0.182600622837809,0.139968505637504,0.282290702696186,0.00372352587151311,0.127470314198112,"GSE210616_GSM6433588"
"GSE210616_GSM6433588_AAGCGTCCCTCATCGA-1",0.0335592728865332,0.131156633641969,0.0122041973550149,0.0575799887430372,0.139604050187437,0.244957487028352,0.243542561114462,0.00109466081788205,0.136301148225314,"GSE210616_GSM6433588"
"GSE210616_GSM6433588_AAGCTAGATCGAGTAA-1",0.00324166223750366,0.447202660759931,0.000757449402688513,0.0823803892439344,0.0850218204995471,0.168989493798882,0.0180154069279341,0.187126793363217,0.00726432376636226,"GSE210616_GSM6433588"
"GSE210616_GSM6433588_AAGGCTGTGCTCATCG-1",0.0560077119462905,0.0349271658391228,0.00924399076920294,0.0460818824116751,0.132629123559016,0.127439288017416,0.445401600926555,0.00453636617632429,0.143732870354397,"GSE210616_GSM6433588"
"GSE210616_GSM6433588_AAGGGACTATGCATTC-1",0.0335505292519414,0.156031657072217,0.011154276388465,0.0904875451935909,0.0881971927315664,0.0961805835819693,0.401205439364432,0.004878739010997,0.118314037404821,"GSE210616_GSM6433588"
"GSE210616_GSM6433588_AAGGGTTTGATTTCAG-1",0.0261430209809124,0.242154676640795,0.0270429046597998,0.0347174555646733,0.0590247346668784,0.269700573692791,0.214597087726697,0.0307668325867771,0.095852713480676,"GSE210616_GSM6433588"
"GSE210616_GSM6433588_AAGTAGTGACGCGAGG-1",0.0400304428295512,0.0427458895637021,0.011139228599059,0.0375095174298855,0.120801102554138,0.187977148902483,0.417497485612051,0.00468927926222255,0.137609905246907,"GSE210616_GSM6433588"
"GSE210616_GSM6433588_AAGTCTTCTGTGGCCT-1",0.0675994549851879,0.12204707122734,0.00347498192111216,0.0438441645544335,0.0843165840260938,0.19438069067973,0.329947668929694,0.00127456217868583,0.153114821497722,"GSE210616_GSM6433588"
"GSE210616_GSM6433588_AAGTGACGACCGAATT-1",0.0430274095066172,0.106774710492997,0.0190056415658243,0.0928379574794177,0.206334327436829,0.259727616908511,0.177605933022942,0.012773546486166,0.0819128571006953,"GSE210616_GSM6433588"
"GSE210616_GSM6433588_AAGTGAGTCGGGTTTA-1",0.0531721568245285,0.0334719940337659,0.0146580644203309,0.133381738580918,0.190203611734151,0.113812172833841,0.288343742226221,0.00158646906334833,0.171370050282895,"GSE210616_GSM6433588"
"GSE210616_GSM6433588_AAGTGCAAAGGTAGAC-1",0.00937797854765917,0.197897619588664,0.0208139984991864,0.00879098357321572,0.155768323366413,0.532411299929889,0.0248515324811556,0.0296760774994913,0.0204121865143266,"GSE210616_GSM6433588"
"GSE210616_GSM6433588_AAGTGCGTTAGAATCT-1",0.0466955283329506,0.0310307747941541,0.00632672950957792,0.0480998438587265,0.119578546696225,0.123898464203368,0.47439053246372,0.00100960200743463,0.148969978133844,"GSE210616_GSM6433588"
"GSE210616_GSM6433588_AAGTTCGGCCAACAGG-1",0.0483838010262573,0.0235818423936978,0.0149485938493202,0.168225029380401,0.210373314495393,0.0859109669675194,0.299845926585988,0.00303695651617731,0.145693568785246,"GSE210616_GSM6433588"
"GSE210616_GSM6433588_AATAACAACGCTCGGC-1",0.0546659300920525,0.0358108023626111,0.0100392803235788,0.0549707711426751,0.105151712337809,0.160079806233928,0.416473062366311,0.00510581596909371,0.157702819171941,"GSE210616_GSM6433588"
"GSE210616_GSM6433588_AATAACACTAGAACAA-1",0.0183142540536361,0.306842378063248,0.0541305581737913,0.0239834223097932,0.0896425959492421,0.337489368376475,0.0461955130148469,0.0715217417302948,0.0518801683286734,"GSE210616_GSM6433588"
"GSE210616_GSM6433588_AATAGAACAGAGTGGC-1",0.063118829378548,0.0536475134183244,0.0127892409283351,0.187512074928913,0.212307679844121,0.148294996529647,0.194752300737047,0.00274178410498108,0.124835580130083,"GSE210616_GSM6433588"
"GSE210616_GSM6433588_AATAGTCCGTCCCGAC-1",0.0589323191890389,0.0325326683530164,0.0184197054262412,0.151047494485551,0.182862347805425,0.10669897980434,0.314918048852036,0.00212631514685056,0.132462120937501,"GSE210616_GSM6433588"
"GSE210616_GSM6433588_AATATCCTAGCAAACT-1",0.0413062670062414,0.136726828446954,0.0102841413684621,0.0511265796267844,0.0838423650667653,0.198820715242502,0.331811552547039,0.00529741024552339,0.140784140449729,"GSE210616_GSM6433588"
"GSE210616_GSM6433588_AATATTGGAGTATTGA-1",0.0554007100152428,0.0381338881229646,0.00541765063147029,0.0921037770176545,0.193998649046275,0.148600977645607,0.33115006419205,0.00859574243691216,0.126598540891824,"GSE210616_GSM6433588"
"GSE210616_GSM6433588_AATCTAGGTTTACTTG-1",0.0588427525607865,0.0356669262559481,0.0101446305541346,0.118864323876276,0.216492175901232,0.115837760986207,0.2913811173907,0.00206621511055375,0.150704097364162,"GSE210616_GSM6433588"
"GSE210616_GSM6433588_AATCTCTACTGTGGTT-1",0.0740781285561763,0.0230034245114278,0.00375912493848572,0.0248360604481175,0.086098832438163,0.14342933316594,0.408022493531627,0.00227249057500968,0.234500111835053,"GSE210616_GSM6433588"
"GSE210616_GSM6433588_AATCTGGCTTTCTAGT-1",0.0600608424632257,0.158457255428877,0.0151338502368234,0.129489337977234,0.150058870853749,0.12799050311961,0.215606797756204,0.00801750992539916,0.135185032238879,"GSE210616_GSM6433588"
"GSE210616_GSM6433588_AATGACAGCAATGTCT-1",0.0182361757773218,0.184799274341737,0.010354487490664,0.0791377998814865,0.127773071289938,0.296103418732313,0.135667752711227,0.0165827624813415,0.131345257293972,"GSE210616_GSM6433588"
"GSE210616_GSM6433588_AATGGTCCACCGTTCA-1",0.0462529605329513,0.097852015974076,0.0176698173191704,0.0380908452850395,0.152827790539473,0.24299738397872,0.209830126771559,0.0100960697891507,0.18438298980986,"GSE210616_GSM6433588"
"GSE210616_GSM6433588_AATGTGCCCGAGGTGT-1",0.0254196366938143,0.212628029848537,0.019894673753399,0.0919048038095794,0.140788916815264,0.212617127615105,0.22966638663598,0.00410734908818795,0.0629730757401335,"GSE210616_GSM6433588"
"GSE210616_GSM6433588_AATTAAAGGTCGGCGT-1",0.0610984905618017,0.0432057510310984,0.00908943514245172,0.0446975884204516,0.0706502062042357,0.152235380541069,0.48011770548033,0.00157573537805292,0.13732970724051,"GSE210616_GSM6433588"
"GSE210616_GSM6433588_AATTAACGGATTTCCA-1",0.0503351149069205,0.0309676277258528,0.0195729930973614,0.147775514344297,0.244555285472264,0.0861513626538069,0.30423830351832,0.00204357011553784,0.114360228165639,"GSE210616_GSM6433588"
"GSE210616_GSM6433588_AATTACGAGACCCATC-1",0.0368094123952642,0.225139967650215,0.0141642075972767,0.0363478924916335,0.0587983954795197,0.154760088248341,0.29630495275517,0.046808002246828,0.130867081135753,"GSE210616_GSM6433588"
"GSE210616_GSM6433588_AATTCCAAGCATGTAC-1",0.0786333538492484,0.0413898432936833,0.0148334402123041,0.0871055579339083,0.164138776266693,0.120033843106016,0.289051091668408,0.00596464899295561,0.198849444676784,"GSE210616_GSM6433588"
"GSE210616_GSM6433588_AATTCTAGAGTTAGGC-1",0.0749987785969792,0.433871304986476,0.026019708704135,0.0848527241728976,0.0782669164371027,0.233760529591842,0.0201097558137061,0.0243040949026064,0.0238161867942552,"GSE210616_GSM6433588"
"GSE210616_GSM6433588_ACAAAGAAGGTAGGCC-1",0.049198145821513,0.0406875963514143,0.00494204834427188,0.0664678223828267,0.160634625495168,0.111245332106152,0.46939325096342,0.00195185876873758,0.095479319766496,"GSE210616_GSM6433588"
"GSE210616_GSM6433588_ACAAGCAGTGCCTAGC-1",0.0466911811133366,0.0314653348584924,0.0109632576519998,0.0528811919597534,0.0964177033386441,0.189288260337762,0.463974921335301,0.00178741935839107,0.106530730046319,"GSE210616_GSM6433588"
"GSE210616_GSM6433588_ACAAGGACAAGAGGTT-1",0.113419861730765,0.0377520765535034,0.0120493772875507,0.0738091689516199,0.102977904045912,0.259894950695882,0.230667903227776,0.00139651336398771,0.168032244143003,"GSE210616_GSM6433588"
"GSE210616_GSM6433588_ACAATAGTCGTACGTT-1",0.0637465642279863,0.0598237332799782,0.00380759713981918,0.0337354912882902,0.14496794463704,0.203575449480918,0.327876675381199,0.00258479750252967,0.159881747062239,"GSE210616_GSM6433588"
"GSE210616_GSM6433588_ACAATCCATTTAAACC-1",0.0417964953570866,0.0338504730992417,0.00957548209335154,0.0462352526755478,0.112152118273185,0.166985824042581,0.472218348020163,0.00236912261568181,0.114816883823161,"GSE210616_GSM6433588"
"GSE210616_GSM6433588_ACAATGAATACGGAGA-1",0.0916966771216595,0.177026357292615,0.0405021303906722,0.0455783824088944,0.0543033479309125,0.385054993611025,0.0728723806489101,0.0387938850830406,0.0941718455122712,"GSE210616_GSM6433588"
"GSE210616_GSM6433588_ACAATTTAGGAGGCTC-1",0.0709987077958582,0.0308436827237467,0.0198306572810108,0.0915924518787617,0.239243714080316,0.0759109134654495,0.255125029455327,0.00986826543101767,0.206586577888513,"GSE210616_GSM6433588"
"GSE210616_GSM6433588_ACACATGATCAAATCT-1",0.0494473061113089,0.0467804755870353,0.017183331308442,0.0473109606204389,0.133794749045294,0.174700577892377,0.360476565897364,0.00530547344925468,0.165000560088485,"GSE210616_GSM6433588"
"GSE210616_GSM6433588_ACACTGATCAAGGTGT-1",0.181273306279786,0.240436114083729,0.0711065807654436,0.0664976497184473,0.152321601251534,0.155746386407506,0.062487440593957,0.00908973937435386,0.0610411815252436,"GSE210616_GSM6433588"
"GSE210616_GSM6433588_ACAGAACTGAGAACAA-1",0.0575859959726034,0.0363143435207054,0.0072035835509282,0.0479132120110601,0.110184219896332,0.199305038983109,0.423873104230479,0.00125198594042628,0.116368515894356,"GSE210616_GSM6433588"
"GSE210616_GSM6433588_ACAGGTGGAGGTGAGG-1",0.081187331068569,0.217929800622849,0.0643766191534489,0.0641105635813768,0.0848787706838343,0.39723672389944,0.0441374634868149,0.0166312743624222,0.0295114531412448,"GSE210616_GSM6433588"
"GSE210616_GSM6433588_ACAGTAATACAACTTG-1",0.0580412336490908,0.0772590158183957,0.0119541028500091,0.0879350102261266,0.188201046693878,0.143842396946557,0.308359070893453,0.00184399104999473,0.122564131872495,"GSE210616_GSM6433588"
"GSE210616_GSM6433588_ACATAAGTCGTGGTGA-1",0.0398513725978784,0.0392814559707333,0.0149133677893577,0.0418244252281837,0.0830132685364499,0.142576510710696,0.521796187328461,0.00177570122871112,0.11496771060953,"GSE210616_GSM6433588"
"GSE210616_GSM6433588_ACATCAGCTGGGACGC-1",0.0479991677205514,0.0570283159321758,0.0088514816225829,0.0468768609874137,0.213131408697578,0.274603408824574,0.220323958593751,0.0154996103301513,0.115685787291222,"GSE210616_GSM6433588"
"GSE210616_GSM6433588_ACATCCCGGCCATACG-1",0.0406582317079139,0.0433326342973467,0.00896571807112522,0.0178228395910062,0.0613693542427686,0.272207499283553,0.488512653311964,0.00189494333422303,0.0652361261600997,"GSE210616_GSM6433588"
"GSE210616_GSM6433588_ACATCGATCGTTTACC-1",0.206260827105267,0.376454021214696,0.194217444130577,0.0483465069526002,0.0320526764373391,0.112872805358874,0.0143360942984038,0.00692749613222996,0.00853212837001198,"GSE210616_GSM6433588"
"GSE210616_GSM6433588_ACATCGGTCAGCCGCG-1",0.0649235275635821,0.120504085376157,0.0219055686209536,0.069320000823767,0.0970102300006008,0.178171868272372,0.288753424036465,0.00416758358063662,0.155243711725465,"GSE210616_GSM6433588"
"GSE210616_GSM6433588_ACATTAGTTTATATCC-1",0.0639968769227942,0.0632015728371877,0.0360843597799349,0.180282226382546,0.181343419984141,0.101602706274552,0.185383675454717,0.00678652420424988,0.181318638159878,"GSE210616_GSM6433588"
"GSE210616_GSM6433588_ACCAACGCTTATTTAT-1",0.05085404933588,0.053717368965452,0.0111332825568505,0.121914622476531,0.233462548566031,0.163435695460721,0.252411740679898,0.00368536176568455,0.109385330192952,"GSE210616_GSM6433588"
"GSE210616_GSM6433588_ACCAGACCATAACAAC-1",0.0558149126514139,0.055489842166872,0.00568721604705361,0.0479472867481027,0.125476331601276,0.140760706726453,0.384609661140607,0.00296056734256969,0.181253475575651,"GSE210616_GSM6433588"
"GSE210616_GSM6433588_ACCATATCCGCAATAA-1",0.0650301925497588,0.0500469258294579,0.00841203290426989,0.0404551276629938,0.0955208709364446,0.211823930004124,0.42836528648995,0.00169474653850012,0.0986508870845002,"GSE210616_GSM6433588"
"GSE210616_GSM6433588_ACCATCCGCCAACTAG-1",0.0529309581059069,0.0321524365296387,0.00651645947636467,0.14172206917835,0.211062651685292,0.0811154427520501,0.345497196423166,0.00367929172854193,0.125323494120689,"GSE210616_GSM6433588"
"GSE210616_GSM6433588_ACCATCGTATATGGTA-1",0.0435491934152932,0.042719105751744,0.00447238087315587,0.0217672889924023,0.0965555575631738,0.229910798232434,0.434388692281458,0.00256447812795197,0.124072504762387,"GSE210616_GSM6433588"
"GSE210616_GSM6433588_ACCCATCTTGAGGGTA-1",0.0485986207952,0.0402039415815406,0.010037198919536,0.0386065928722858,0.0937685554493192,0.146385796369869,0.458814635828062,0.00222748595060905,0.161357172233579,"GSE210616_GSM6433588"
"GSE210616_GSM6433588_ACCCGAGCGAAATTAC-1",0.0284819942787283,0.276257026423692,0.0245660912776211,0.0532934169924582,0.107783086046011,0.252253201357393,0.0903216871423868,0.109664696731177,0.0573787997505334,"GSE210616_GSM6433588"
"GSE210616_GSM6433588_ACCCGGAAACTCCCAG-1",0.0539480143552262,0.0494553711092615,0.0190484069085203,0.0628579141613397,0.139918093540853,0.242057599081368,0.265441270009715,0.00400637085259871,0.163266959981118,"GSE210616_GSM6433588"
"GSE210616_GSM6433588_ACCCGGTTACACTTCC-1",0.0333522418720044,0.0398083557190984,0.00172994589043186,0.0130292943907721,0.0918829922901796,0.182763949872651,0.537938812457465,0.00210982296851489,0.0973845845388821,"GSE210616_GSM6433588"
"GSE210616_GSM6433588_ACCCGTGTCATCAGTA-1",0.203523676413588,0.291197890988613,0.118832202560285,0.0769726062494529,0.0454191439643425,0.131016943909405,0.0723842131239261,0.0148794592771942,0.0457738635131931,"GSE210616_GSM6433588"
"GSE210616_GSM6433588_ACCCTATGCCATATCG-1",0.0148010593797101,0.308072630687343,0.0799885194955757,0.00737175840318011,0.0630860098316229,0.390023329728463,0.0762830302072388,0.00426000707314735,0.056113655193719,"GSE210616_GSM6433588"
"GSE210616_GSM6433588_ACCGAAGAGTCTGGTT-1",0.0276804504842492,0.131624067174909,0.0120786215819318,0.00741580176774613,0.0307249960070101,0.260290971708388,0.457463374612984,0.00210180498461231,0.0706199116781697,"GSE210616_GSM6433588"
"GSE210616_GSM6433588_ACCGACACATCTCCCA-1",0.0613063491382699,0.0433824402045777,0.0137342197797781,0.213098231715608,0.197187150338611,0.0878122296385598,0.257669991642766,0.00281423286184212,0.122995154679988,"GSE210616_GSM6433588"
"GSE210616_GSM6433588_ACCGGTCAGGTACACC-1",0.0572504791008095,0.101103045128205,0.0127781961416515,0.020046671338335,0.085378862797519,0.274647584308877,0.26230403985792,0.00378738936979287,0.18270373195689,"GSE210616_GSM6433588"
"GSE210616_GSM6433588_ACCGTGACCACGTGGG-1",0.0551612526325324,0.21182617737154,0.0439273822696474,0.104786046530704,0.162852831531523,0.191225637803266,0.104058533485403,0.0549126318449053,0.0712495065304788,"GSE210616_GSM6433588"
"GSE210616_GSM6433588_ACCTAAGTACCTTTCA-1",0.0433359301845259,0.0760740967576129,0.00749435994188403,0.0196598796321751,0.0669250769968023,0.152162318956462,0.512770831506175,0.00203211430970843,0.119545391714654,"GSE210616_GSM6433588"
"GSE210616_GSM6433588_ACCTAATCGACTTCCT-1",0.0661202345457399,0.0407320644770252,0.0178435044482287,0.0533887268892373,0.160981974710142,0.236596916427247,0.261638708488545,0.00222948823144921,0.160468381782386,"GSE210616_GSM6433588"
"GSE210616_GSM6433588_ACCTGCGTGTCATGTT-1",0.0366233352417519,0.0282631331434658,0.00884177341536315,0.243076851849956,0.108476064357909,0.0855669066327918,0.370864492016977,0.00426997467940138,0.114017468662384,"GSE210616_GSM6433588"
"GSE210616_GSM6433588_ACGAAATGGGCGGCAC-1",0.0655103988983915,0.0477710478928758,0.0151817379878956,0.100809992576737,0.187251984735758,0.180694256096626,0.222727965247255,0.0065990202534169,0.173453596311045,"GSE210616_GSM6433588"
"GSE210616_GSM6433588_ACGAGGATACCACTCT-1",0.0855632115112842,0.49704071948736,0.159142708379541,0.0148116149340507,0.0221366029028397,0.134280502755213,0.0247652333398723,0.0420006854941382,0.0202587211957006,"GSE210616_GSM6433588"
"GSE210616_GSM6433588_ACGAGGTTTACAACGT-1",0.0413971439705628,0.045391872253084,0.00838562951440605,0.0381433447210765,0.0931575595618554,0.2593641149914,0.416094015761017,0.00342451459170052,0.0946418046348971,"GSE210616_GSM6433588"
"GSE210616_GSM6433588_ACGATACCTATCCTGA-1",0.210442502575614,0.0681685051416986,0.0359300298073182,0.0975446820683707,0.168247268790335,0.0879301479660192,0.217704692893718,0.00250441294663222,0.111527757810294,"GSE210616_GSM6433588"
"GSE210616_GSM6433588_ACGATGCATATGTTAT-1",0.0374006416699158,0.035840508496949,0.00500094020051888,0.0557849653121768,0.0929054022167415,0.144899325263306,0.503575868649803,0.00496568809459274,0.119626660095997,"GSE210616_GSM6433588"
"GSE210616_GSM6433588_ACGCAAACTAATAGAT-1",0.0585075138943411,0.168255273683952,0.0232057737018377,0.124039753613984,0.162034740431824,0.0759657182906773,0.288473207675229,0.00433538164354305,0.0951826370646123,"GSE210616_GSM6433588"
"GSE210616_GSM6433588_ACGCGAAGTCAGACGA-1",0.053449043738816,0.159105147372649,0.0132966375354244,0.165552207978358,0.147527208419482,0.152186447864793,0.159094253188134,0.00813538440800348,0.141653669494341,"GSE210616_GSM6433588"
"GSE210616_GSM6433588_ACGCGCTACACAGGGT-1",0.0624061979833744,0.0636659309531212,0.0637217414552267,0.226114092929234,0.441486182105874,0.0538483917353284,0.0350942430104636,0.0147503798058306,0.0389128400215468,"GSE210616_GSM6433588"
"GSE210616_GSM6433588_ACGCGTTTCTTAAGAG-1",0.00700853702070886,0.259067447781637,0.0103526771475666,0.0719794254821921,0.367738572922187,0.200880549239227,0.0441016582787281,0.00151164460295217,0.0373594875248007,"GSE210616_GSM6433588"
"GSE210616_GSM6433588_ACGCTGTGAGGCGTAG-1",0.067189459159263,0.0212293311852216,0.00194864106569763,0.0130869358185637,0.0297366587723354,0.201905480071802,0.487905945476499,0.0104271298666317,0.166570418583986,"GSE210616_GSM6433588"
"GSE210616_GSM6433588_ACGGCACTTGCTTGGG-1",0.0741431142900422,0.0356312385278653,0.0237089707192549,0.200280971530337,0.195159708981152,0.0961937719824174,0.200959837500342,0.00683336085076031,0.167089025617829,"GSE210616_GSM6433588"
"GSE210616_GSM6433588_ACGGCCAACATGGACT-1",0.0427778812816336,0.0394591444361244,0.0119592744611771,0.108369822831828,0.18115584641661,0.12904058530272,0.334966872597255,0.00252640547952117,0.149744167193131,"GSE210616_GSM6433588"
"GSE210616_GSM6433588_ACGGGAGTGTCGGCCC-1",0.0640695747430532,0.178166628981835,0.0208312525393261,0.0255290072023876,0.0663071657095569,0.179391020300194,0.309906659672345,0.00557904502306367,0.150219645828239,"GSE210616_GSM6433588"
"GSE210616_GSM6433588_ACGTCTCGTTCCGGGA-1",0.0549229889442491,0.0307863780006041,0.00310450473725365,0.0524487358959155,0.110383116254467,0.102852419913207,0.532657205440194,0.00073354150393168,0.112111109310177,"GSE210616_GSM6433588"
"GSE210616_GSM6433588_ACGTGACAAAGTAAGT-1",0.0587531893451897,0.114388983995352,0.0104260081642539,0.0471298322658778,0.114212792183235,0.124464883049514,0.353475539359522,0.00598624417415974,0.171162527462897,"GSE210616_GSM6433588"
"GSE210616_GSM6433588_ACGTTAATGTCGAAGA-1",0.0218223827334765,0.094601815858004,0.0037357402626237,0.0483757591014568,0.162742110508479,0.190593205045464,0.389972396343379,0.00255618878814804,0.085600401358969,"GSE210616_GSM6433588"
"GSE210616_GSM6433588_ACGTTAGATTTGCCCG-1",0.0453219896590406,0.0378260665804509,0.00838286830988479,0.0469002388010342,0.0597738494253792,0.150897469916233,0.44456075888754,0.00495125044077281,0.201385507979665,"GSE210616_GSM6433588"
"GSE210616_GSM6433588_ACGTTCGTTCAGGAAA-1",0.0465599030183531,0.0628255395229033,0.0200903605622451,0.217425272183159,0.204637010473906,0.132979934562807,0.191251749744994,0.00696025662515999,0.117269973306474,"GSE210616_GSM6433588"
"GSE210616_GSM6433588_ACTACGCGTTAGAATT-1",0.07957008471302,0.0479069065437283,0.00642859623492499,0.0520005797740272,0.103976125635018,0.170143225418974,0.425142320988045,0.00477560964121224,0.11005655105105,"GSE210616_GSM6433588"
"GSE210616_GSM6433588_ACTATTTCCGGGCCCA-1",0.0421149142630272,0.0606382588400705,0.0131766611292133,0.239193013768233,0.198913327111938,0.103081664986165,0.195723611265715,0.00302309721637298,0.144135451419265,"GSE210616_GSM6433588"
"GSE210616_GSM6433588_ACTCCCATTCCTAAAG-1",0.044530996486758,0.0294911388460656,0.00474043181826259,0.201733092165377,0.129626487753958,0.1041020845826,0.362085251439853,0.00386281542563591,0.119827701481489,"GSE210616_GSM6433588"
"GSE210616_GSM6433588_ACTCCCTAATGCTAAA-1",0.0536271619083866,0.0296005463377798,0.0213065298499836,0.126735395505808,0.138685595139674,0.108783114804191,0.385895855690947,0.00776094020445225,0.127604860558779,"GSE210616_GSM6433588"
"GSE210616_GSM6433588_ACTCCCTAGAATAGTA-1",0.0658234495499611,0.114045328502629,0.01714451633923,0.13185424350068,0.176461700115784,0.256249227796137,0.128355758566651,0.0184762529607537,0.091589522668176,"GSE210616_GSM6433588"
"GSE210616_GSM6433588_ACTCGTAACCCGTCCT-1",0.0491104961742454,0.0421997870303755,0.00995000827515919,0.218169985493969,0.156352851137627,0.0924407814167248,0.296883903061447,0.00754549831805549,0.127346689092397,"GSE210616_GSM6433588"
"GSE210616_GSM6433588_ACTCTAAACCTGGGAT-1",0.0889000324303684,0.322002453242697,0.0205424241728759,0.144768379289583,0.0879162139146537,0.181888093944922,0.0797270876730074,0.000460365773084118,0.0737949495588079,"GSE210616_GSM6433588"
"GSE210616_GSM6433588_ACTGCTCGGAAGGATG-1",0.0372711303293389,0.14653792482224,0.00792096842655477,0.0724261222356656,0.162043047880668,0.149666136487692,0.263125298483131,0.0239572649186042,0.137052106416106,"GSE210616_GSM6433588"
"GSE210616_GSM6433588_ACTGTCCAGGATTATA-1",0.0493315260100884,0.0347572075147506,0.00448038828387453,0.013441036100141,0.0508033376700254,0.132190931771422,0.67463712895678,0.000609152103470484,0.0397492915894474,"GSE210616_GSM6433588"
"GSE210616_GSM6433588_ACTTATTAGGATCGGT-1",0.184666774125505,0.320587912952584,0.118850031123909,0.052904138773951,0.0993377623024512,0.079066207322199,0.0929674553999777,0.00179604023821688,0.049823677761206,"GSE210616_GSM6433588"
"GSE210616_GSM6433588_ACTTCCAGTGGAAGCT-1",0.0695257570609615,0.0689977416306112,0.0277948160622983,0.0708016907191932,0.12435261206774,0.112004792562796,0.344927634371358,0.0316660543335092,0.149928901191532,"GSE210616_GSM6433588"
"GSE210616_GSM6433588_ACTTGGGACCCGGTGG-1",0.0670376778506375,0.0271932168074394,0.00454477103650961,0.00783566872692366,0.0314390047859125,0.146038723379417,0.624779201124216,0.00710759475619996,0.0840241415327444,"GSE210616_GSM6433588"
"GSE210616_GSM6433588_ACTTGTAGTCCCTTCA-1",0.0374346248072931,0.0369562882962669,0.00628728815207217,0.0609641252829104,0.143973004821866,0.126614323170138,0.507184933127292,0.00107822392221785,0.0795071884199431,"GSE210616_GSM6433588"
"GSE210616_GSM6433588_ACTTTGACTGCATCCT-1",0.0759987070220885,0.0123596850281576,0.000825456196807027,0.0370231609677406,0.0667427960518639,0.182302530837815,0.420081968581833,0.000278829241615066,0.204386866072079,"GSE210616_GSM6433588"
"GSE210616_GSM6433588_AGAACCCTCAATTGGG-1",0.0429779435648458,0.0989232381941898,0.0249858390577784,0.100765974069414,0.156224013629587,0.102904073938174,0.300458660557045,0.00697325127257746,0.165787005716388,"GSE210616_GSM6433588"
"GSE210616_GSM6433588_AGAAGGTACACTTCAC-1",0.046276851473831,0.0943679163964924,0.00911784523359813,0.113118491893009,0.115955069478906,0.118149641846263,0.31431234331381,0.00324367171369793,0.185458168650393,"GSE210616_GSM6433588"
"GSE210616_GSM6433588_AGAAGGTTGCCGAATT-1",0.0423216290061026,0.0459182512367284,0.00612926356597015,0.0465381729775903,0.106571796961369,0.180161406675949,0.458124653499106,0.002440927614895,0.111793898462289,"GSE210616_GSM6433588"
"GSE210616_GSM6433588_AGAAGTGATTCGTGAT-1",0.0362517818703805,0.125380794961506,0.0121789924960918,0.0209554751772629,0.0673615295433682,0.24985809961295,0.330218065886934,0.000567593468968799,0.157227666982538,"GSE210616_GSM6433588"
"GSE210616_GSM6433588_AGAATAAATCTTCAGG-1",0.0717617732933703,0.0307610448677415,0.00484629306813501,0.0158023796215571,0.0760469940037823,0.145437783972903,0.469024028936566,0.000748500059304979,0.18557120217664,"GSE210616_GSM6433588"
"GSE210616_GSM6433588_AGACCAAACCACACCT-1",0.0439332854237472,0.148016703850713,0.0108696402277265,0.0529820605898867,0.15531330534637,0.125386440590046,0.27773240330108,0.0276002157899398,0.158165944880491,"GSE210616_GSM6433588"
"GSE210616_GSM6433588_AGACCGGGAAACCCTG-1",0.0412251837495906,0.0257976227045373,0.00430084136687493,0.114426249277995,0.0970538195262475,0.165716952896436,0.411114112952799,0.00301696196520346,0.137348255560316,"GSE210616_GSM6433588"
"GSE210616_GSM6433588_AGACGACGATGCCGCT-1",0.0512101262514309,0.116115806176892,0.0183393853087298,0.0576619214397929,0.133941622611508,0.11974842844936,0.339093970041739,0.00371110399733291,0.160177635723215,"GSE210616_GSM6433588"
"GSE210616_GSM6433588_AGACTGTTACCGGGTC-1",0.0343281645811923,0.0244677329578357,0.00922042632661267,0.2535476078934,0.187256886883678,0.0655645377555644,0.295336208115996,0.00488972150481957,0.125388713980902,"GSE210616_GSM6433588"
"GSE210616_GSM6433588_AGAGAAGGAGTACAAT-1",0.053399952417928,0.122621981298175,0.0173622579426252,0.221884847696262,0.112914075093384,0.148262821197336,0.183274077454103,0.0149479687225044,0.125332018177682,"GSE210616_GSM6433588"
"GSE210616_GSM6433588_AGAGATCTCTAAAGCG-1",0.0602107109948946,0.0324453197712407,0.00512348907781458,0.0464621432846926,0.0937762548711359,0.152034743614942,0.416993680303381,0.00155992079280689,0.191393737289091,"GSE210616_GSM6433588"
"GSE210616_GSM6433588_AGAGCAGTTATGAGAC-1",0.0612891063276618,0.0357353212151724,0.0235386294263572,0.0813407295925054,0.130521469392059,0.209323183012956,0.236038467115405,0.00594035952183511,0.216272734396047,"GSE210616_GSM6433588"
"GSE210616_GSM6433588_AGATAACTTCAGGGCC-1",0.0609126073638857,0.0280829141498607,0.0083546261808906,0.0338876423462939,0.106929819746463,0.191887696311149,0.444399691369149,0.00269899522797384,0.122846007304334,"GSE210616_GSM6433588"
"GSE210616_GSM6433588_AGATACCGGTGTTCAC-1",0.0506507291080773,0.0516976195255791,0.00810732192164018,0.0420244732036407,0.0766866712515972,0.144008735026289,0.499225167991382,0.00291726070223416,0.12468202126956,"GSE210616_GSM6433588"
"GSE210616_GSM6433588_AGATGCAAGACGTGCA-1",0.0276086964396672,0.321090236590825,0.0145182673363557,0.0136581150178824,0.0222679746589048,0.184769399258633,0.204195907865,0.151605712672103,0.0602856901606292,"GSE210616_GSM6433588"
"GSE210616_GSM6433588_AGATGCATCCTGTGTC-1",0.0447974560861244,0.14364708105856,0.00745506018483927,0.0424934452612265,0.0908133737880817,0.137087271220572,0.4102903550701,0.00199095385556506,0.121425003474931,"GSE210616_GSM6433588"
"GSE210616_GSM6433588_AGATTATAGGACGTTT-1",0.0593824855936354,0.0358020894409551,0.00797504016860849,0.0197178967992783,0.0601522441955162,0.213129722295425,0.476431972247199,0.000780362956679224,0.126628186302703,"GSE210616_GSM6433588"
"GSE210616_GSM6433588_AGATTCACAACCGATA-1",0.049215705256343,0.0398208753228373,0.00809200118148721,0.0638041299804236,0.0822549308216592,0.270458246871549,0.332092284619645,0.00422937032635376,0.150032455619702,"GSE210616_GSM6433588"
"GSE210616_GSM6433588_AGCAACCGAAAGTAAT-1",0.0539701953107117,0.0330825634004085,0.00917176567572956,0.0130381856629274,0.0797478864154925,0.150709215848278,0.44767192699233,0.00165392639591726,0.210954334298205,"GSE210616_GSM6433588"
"GSE210616_GSM6433588_AGCACTACCGGCCTGT-1",0.0581057139918189,0.0447165825146208,0.0140635050366629,0.0334536699947788,0.125963581276862,0.147159565457625,0.372157129479004,0.00200932841557512,0.202370923833053,"GSE210616_GSM6433588"
"GSE210616_GSM6433588_AGCACTTAAGGACGCC-1",0.0587874222771628,0.0351326375545966,0.0123684587285674,0.0539520093283419,0.0989220198205036,0.145558085947102,0.441923490446066,0.00621722018539126,0.147138655712268,"GSE210616_GSM6433588"
"GSE210616_GSM6433588_AGCAGAAGGAGAAAGA-1",0.0729438888537376,0.029965190235378,0.0181387089845397,0.140590322172028,0.210960210204277,0.0931722521823631,0.262294769690738,0.00663005851208518,0.165304599164853,"GSE210616_GSM6433588"
"GSE210616_GSM6433588_AGCAGCCAGATGAATA-1",0.0537348460346836,0.0624910767511304,0.013166535622363,0.178174858678169,0.183993603624697,0.174944283261626,0.193477325710599,0.0039943128329018,0.13602315748383,"GSE210616_GSM6433588"
"GSE210616_GSM6433588_AGCATCATTTCGAAAG-1",0.144622849227862,0.380261496630851,0.0460043059445517,0.0204259593013958,0.0729647511348349,0.15816742859671,0.104431643332419,0.00791551709643081,0.0652060487349442,"GSE210616_GSM6433588"
"GSE210616_GSM6433588_AGCCAAGCTTTGTGTC-1",0.0635724492474993,0.0356184649010309,0.00757019229902155,0.150875155196977,0.114193699424815,0.217317033864859,0.263591549438662,0.00516012844995731,0.142101327177177,"GSE210616_GSM6433588"
"GSE210616_GSM6433588_AGCCCATACATGTAAG-1",0.0560211555562103,0.0368605498018017,0.0124622905036509,0.105549330899542,0.159243327209489,0.169661628902963,0.27109896727498,0.0120110712976462,0.177091678553715,"GSE210616_GSM6433588"
"GSE210616_GSM6433588_AGCCCGGTAGCCTGTA-1",0.0586902322421808,0.0323186675414275,0.00894844771898462,0.121535802027206,0.205168180474219,0.114541077108549,0.301007730745849,0.00281552469900221,0.154974337442582,"GSE210616_GSM6433588"
"GSE210616_GSM6433588_AGCCGCAAATTCAAAT-1",0.0767030868618332,0.138320728975352,0.0172500670769175,0.0541935565382471,0.1426244111221,0.161542701197612,0.274371631206306,0.00134764621337169,0.133646170808261,"GSE210616_GSM6433588"
"GSE210616_GSM6433588_AGCCGTGGCTAAATGT-1",0.0508693411198141,0.0915818908294898,0.0112831028012437,0.081685065811797,0.173849219124557,0.129192751790239,0.295943271608089,0.00808207097609092,0.15751328593868,"GSE210616_GSM6433588"
"GSE210616_GSM6433588_AGCCTAATACCCACGT-1",0.0609818528602498,0.172394068985891,0.0209813071540843,0.0475675693287937,0.113335571341869,0.146429824914833,0.262778483648551,0.059823745079531,0.115707576686197,"GSE210616_GSM6433588"
"GSE210616_GSM6433588_AGCGACAGGAACGGTC-1",0.00790081986478379,0.281885290223723,0.0354734334638736,0.016082552395758,0.031172039156216,0.412746001690169,0.130225177044943,0.013699681837494,0.0708150043230398,"GSE210616_GSM6433588"
"GSE210616_GSM6433588_AGCGCATAATGAATCG-1",0.0587200289986129,0.0352619577957805,0.0117561565119833,0.142763923224125,0.161329405899227,0.128514014188053,0.321229225459566,0.00118881747158899,0.139236470451064,"GSE210616_GSM6433588"
