"","Endothelial","CAFs","PVL","B-cells","T-cells","Myeloid","Normal Epithelial","Plasmablasts","Cancer Epithelial","sid"
"Human_Breast_Andersson_10142021_ST_A3_10x12",0.0835016830320086,0.0603082299676351,0.0148835291552131,0.0294956071891081,0.0191583726178442,0.0194288193679277,0.0340680056689682,0.138887010093715,0.60026874290758,"Human_Breast_Andersson_10142021_ST_A3"
"Human_Breast_Andersson_10142021_ST_A3_10x13",0.157885660990185,0.0678043792706222,0.0285854003434978,0.0218889457249453,0.0344010066620249,0.029324572563509,0.0169882159628895,0.137733413585406,0.505388404896921,"Human_Breast_Andersson_10142021_ST_A3"
"Human_Breast_Andersson_10142021_ST_A3_10x14",0.0715667545388537,0.0515683106040272,0.0184968650928801,0.00422285592325045,0.0032564416745659,0.00636636589204999,0.00428480337758418,0.253045340433668,0.58719226246312,"Human_Breast_Andersson_10142021_ST_A3"
"Human_Breast_Andersson_10142021_ST_A3_10x15",0.0901382433369916,0.0617066694159623,0.0301888647299289,0.0173641392786696,0.0134328922764747,0.0405368657343989,0.00353263210400614,0.104716397055266,0.638383296068302,"Human_Breast_Andersson_10142021_ST_A3"
"Human_Breast_Andersson_10142021_ST_A3_10x16",0.0822878143453064,0.116411289249143,0.0244497560737587,0.00518177881250567,0.0167415985147855,0.0344513741643629,0.00482897486670903,0.0447764170584399,0.670870996914989,"Human_Breast_Andersson_10142021_ST_A3"
"Human_Breast_Andersson_10142021_ST_A3_10x17",0.093428033056762,0.0688178818657481,0.0210733220491299,0.00803725762103995,0.00398441820882877,0.0122842447912574,0.00593626248995475,0.314355167019664,0.472083412897615,"Human_Breast_Andersson_10142021_ST_A3"
"Human_Breast_Andersson_10142021_ST_A3_10x18",0.098977644186199,0.108577665302991,0.0309124135722388,0.00827523587015095,0.0374097935556039,0.0349100895128217,0.0158184918057972,0.26470207756103,0.400416588633168,"Human_Breast_Andersson_10142021_ST_A3"
"Human_Breast_Andersson_10142021_ST_A3_10x19",0.241636139036141,0.16912352832149,0.0465160726760154,0.0170240933456134,0.0112989580545775,0.0520638852708823,0.0152167223449959,0.0689884285537124,0.378132172396572,"Human_Breast_Andersson_10142021_ST_A3"
"Human_Breast_Andersson_10142021_ST_A3_10x20",0.0659407803428171,0.0840446306483403,0.0289933425958702,0.006998314989422,0.0104588162026806,0.0239335522649304,0.00947683871131199,0.0670092354230727,0.703144488821555,"Human_Breast_Andersson_10142021_ST_A3"
"Human_Breast_Andersson_10142021_ST_A3_10x21",0.0989544748913203,0.0457106984417976,0.016521568707972,0.0108280036138956,0.0139721628814211,0.0124158558003443,0.00496441785679468,0.170689302760541,0.625943515045914,"Human_Breast_Andersson_10142021_ST_A3"
"Human_Breast_Andersson_10142021_ST_A3_10x22",0.144545547358114,0.104587371315115,0.0222285485194659,0.0092659033618845,0.0116788958096262,0.0295780537784152,0.00265952611731292,0.354071028867093,0.321385124872973,"Human_Breast_Andersson_10142021_ST_A3"
"Human_Breast_Andersson_10142021_ST_A3_10x23",0.268047293441675,0.114616758580338,0.104824534740338,0.0134796416543524,0.0123336328448041,0.011908727676722,0.0047139502659821,0.108609945779583,0.361465515016205,"Human_Breast_Andersson_10142021_ST_A3"
"Human_Breast_Andersson_10142021_ST_A3_10x24",0.129902483356878,0.133800709255183,0.0530227414890897,0.0276445967207994,0.00710211999083276,0.0486200494184124,0.00672372336254169,0.330452173908455,0.262731402497808,"Human_Breast_Andersson_10142021_ST_A3"
"Human_Breast_Andersson_10142021_ST_A3_10x25",0.072750796587679,0.0886448541273991,0.0126545403459749,0.00958416786369667,0.00780184552923257,0.0307359395072453,0.00985523628760772,0.295049871506153,0.472922748245012,"Human_Breast_Andersson_10142021_ST_A3"
"Human_Breast_Andersson_10142021_ST_A3_11x12",0.0787878943607916,0.053239089545401,0.00580362957276042,0.0102779855361882,0.013042321361087,0.0194698103882479,0.0154274255013307,0.0534961518510223,0.750455691883171,"Human_Breast_Andersson_10142021_ST_A3"
"Human_Breast_Andersson_10142021_ST_A3_11x13",0.0718618747031355,0.0430630788730021,0.0103882551837113,0.00789358162306446,0.0182324681222879,0.0201256056458201,0.0113784878207622,0.113144867387725,0.703911780640491,"Human_Breast_Andersson_10142021_ST_A3"
"Human_Breast_Andersson_10142021_ST_A3_11x14",0.0406915326045822,0.100881759050097,0.00842429834342419,0.00496922097886283,0.00676979891491817,0.0124119245486398,0.00697653444160536,0.0853060002828005,0.73356893083507,"Human_Breast_Andersson_10142021_ST_A3"
"Human_Breast_Andersson_10142021_ST_A3_11x15",0.0305857880579714,0.0743621060418501,0.0139667705816808,0.00929594368702586,0.00781911438870616,0.0270893486966027,0.0106759146038211,0.110145260538382,0.71605975340396,"Human_Breast_Andersson_10142021_ST_A3"
"Human_Breast_Andersson_10142021_ST_A3_11x16",0.0752120723189572,0.0345556617469908,0.0320321423772985,0.0131476953443803,0.018878971517655,0.0305648202537733,0.0255695230639125,0.0416695634540452,0.728369549922987,"Human_Breast_Andersson_10142021_ST_A3"
"Human_Breast_Andersson_10142021_ST_A3_11x18",0.0428232367567461,0.0669158752141661,0.00853089099876092,0.00333424242852618,0.00424704375727249,0.0268075925918132,0.00510180032474217,0.244700232640063,0.59753908528791,"Human_Breast_Andersson_10142021_ST_A3"
"Human_Breast_Andersson_10142021_ST_A3_11x20",0.0677298467593244,0.0463426491606547,0.00796072406605499,0.0057661993056421,0.0139124793583566,0.0141051721678353,0.00562104326882549,0.361562130175624,0.476999755737682,"Human_Breast_Andersson_10142021_ST_A3"
"Human_Breast_Andersson_10142021_ST_A3_11x21",0.0311013791504371,0.0718732110163901,0.0180495993955502,0.0041181093820169,0.0142807951445418,0.0111754531881825,0.0135885893174751,0.133523010400781,0.702289853004625,"Human_Breast_Andersson_10142021_ST_A3"
"Human_Breast_Andersson_10142021_ST_A3_11x22",0.112153417035673,0.0867246191875987,0.0409894857293009,0.0102253937591138,0.0497996392193702,0.0303170434700606,0.022361735981257,0.116197444759074,0.531231220858551,"Human_Breast_Andersson_10142021_ST_A3"
"Human_Breast_Andersson_10142021_ST_A3_11x23",0.0705057800920643,0.13778881096027,0.0248068743654476,0.0113374329752449,0.0173102733473282,0.041173409314533,0.0055934994383305,0.2651265964278,0.426357323078982,"Human_Breast_Andersson_10142021_ST_A3"
"Human_Breast_Andersson_10142021_ST_A3_11x24",0.0493069528805907,0.0983584590920156,0.026720495407375,0.0400285293001467,0.0482729196169669,0.0810437951177561,0.0202327233847328,0.276304104919879,0.359732020280537,"Human_Breast_Andersson_10142021_ST_A3"
"Human_Breast_Andersson_10142021_ST_A3_11x25",0.0982841479108297,0.121797612857304,0.0154676960424845,0.00303976793497013,0.00871049412296259,0.0437673573805409,0.00969715340170156,0.263397454281879,0.435838316067328,"Human_Breast_Andersson_10142021_ST_A3"
"Human_Breast_Andersson_10142021_ST_A3_12x12",0.0629421186547848,0.0798996801265382,0.0184872257420773,0.0177896773870756,0.00914821893252214,0.0235680360245992,0.0160517841771732,0.112416652618066,0.659696606337163,"Human_Breast_Andersson_10142021_ST_A3"
"Human_Breast_Andersson_10142021_ST_A3_12x13",0.0899621562798162,0.126018998803242,0.0189611774351301,0.0243484390533114,0.0110164150961629,0.0260539582968968,0.0168499063222325,0.061508521677774,0.625280427035434,"Human_Breast_Andersson_10142021_ST_A3"
"Human_Breast_Andersson_10142021_ST_A3_12x14",0.0360089881164424,0.0465607166362269,0.0105167360557403,0.0137374099506567,0.0118471661986269,0.00560104704031703,0.0178660086386742,0.0622963965027484,0.795565530860567,"Human_Breast_Andersson_10142021_ST_A3"
"Human_Breast_Andersson_10142021_ST_A3_12x15",0.0594392293682847,0.0280957729428909,0.0198399278712759,0.00658452714200851,0.00545582608467848,0.00906584896063436,0.0240518518051028,0.0545568433437464,0.792910172481378,"Human_Breast_Andersson_10142021_ST_A3"
"Human_Breast_Andersson_10142021_ST_A3_12x16",0.040642123426621,0.0349170174289365,0.0145539694135431,0.0123855614555711,0.0203293255278845,0.0144649477921196,0.014906743239319,0.137845299696096,0.709955012019909,"Human_Breast_Andersson_10142021_ST_A3"
"Human_Breast_Andersson_10142021_ST_A3_12x17",0.0719522807426912,0.0607148899808677,0.0527248715089386,0.0220903804143797,0.0188879905514973,0.0167810639515327,0.0276951854835769,0.0510602254446863,0.67809311192183,"Human_Breast_Andersson_10142021_ST_A3"
"Human_Breast_Andersson_10142021_ST_A3_12x18",0.0430373058158813,0.0644575126776384,0.0137570311890349,0.0106180432045375,0.0135529952365969,0.0427067772721467,0.0104292301614071,0.072814013028668,0.728627091414089,"Human_Breast_Andersson_10142021_ST_A3"
"Human_Breast_Andersson_10142021_ST_A3_12x19",0.118152984876333,0.0952989540749758,0.0321173470734107,0.0214760212839935,0.0612747978561744,0.0969153366085504,0.0174154898334891,0.135356694584918,0.421992373808156,"Human_Breast_Andersson_10142021_ST_A3"
"Human_Breast_Andersson_10142021_ST_A3_12x20",0.050364260601837,0.0488426273318337,0.0212946907796346,0.0278004636398812,0.0189575686791717,0.0268758359091093,0.0107172975611791,0.0881008841453289,0.707046371352025,"Human_Breast_Andersson_10142021_ST_A3"
"Human_Breast_Andersson_10142021_ST_A3_12x21",0.0613824125338562,0.0447023388641724,0.0295843982121608,0.00648535938391845,0.00954957818471423,0.0112841485523367,0.0128175139376702,0.291074425899618,0.533119824431553,"Human_Breast_Andersson_10142021_ST_A3"
"Human_Breast_Andersson_10142021_ST_A3_12x22",0.0211887637520427,0.0338742553610161,0.0217323419623891,0.0101344203259094,0.0130781106518037,0.0124216563690456,0.0096546448980202,0.173795933865472,0.704119872814301,"Human_Breast_Andersson_10142021_ST_A3"
"Human_Breast_Andersson_10142021_ST_A3_12x23",0.109883865074589,0.115668566350575,0.0279055150130457,0.016316549284294,0.019413220168577,0.0556149031011208,0.0089103000438429,0.0897615810511644,0.556525499912792,"Human_Breast_Andersson_10142021_ST_A3"
"Human_Breast_Andersson_10142021_ST_A3_12x24",0.153245289063948,0.065173594783479,0.0370905716586082,0.0195392907123181,0.0497284270880449,0.0672131255502153,0.0081918027895375,0.0922872132007554,0.507530685153094,"Human_Breast_Andersson_10142021_ST_A3"
"Human_Breast_Andersson_10142021_ST_A3_12x25",0.250882932992995,0.061287373400686,0.0354687267920648,0.034881656923755,0.0329758988184795,0.0518155023081306,0.00407459797504377,0.0569865204297924,0.471626790359053,"Human_Breast_Andersson_10142021_ST_A3"
"Human_Breast_Andersson_10142021_ST_A3_12x26",0.223329674756295,0.0605758125598035,0.0828301893755835,0.0177949950558493,0.0150612426305187,0.0708074490799759,0.0120367679956732,0.121177003044419,0.396386865501883,"Human_Breast_Andersson_10142021_ST_A3"
"Human_Breast_Andersson_10142021_ST_A3_12x27",0.020960681320198,0.0533896859430922,0.00596254671018567,0.0212553523691987,0.0151072131488272,0.0154480882803739,0.00630269743711141,0.322880750862875,0.538692983928138,"Human_Breast_Andersson_10142021_ST_A3"
"Human_Breast_Andersson_10142021_ST_A3_13x12",0.0551964843734061,0.0469171701439611,0.024492523433262,0.0146894010117292,0.016203163697909,0.0094234226917631,0.0168906506261219,0.0510201164871832,0.765167067534664,"Human_Breast_Andersson_10142021_ST_A3"
"Human_Breast_Andersson_10142021_ST_A3_13x13",0.132186782902804,0.0852789848044149,0.0346771880429503,0.0152432909634663,0.0137348955774637,0.0441249858177603,0.0169585584212057,0.0269836030576155,0.630811710412319,"Human_Breast_Andersson_10142021_ST_A3"
"Human_Breast_Andersson_10142021_ST_A3_13x14",0.100476767132706,0.0439860212130358,0.0122542598596007,0.00823586080602939,0.00938535796506478,0.0172790853061053,0.0226842374711679,0.0946736284260874,0.691024781820203,"Human_Breast_Andersson_10142021_ST_A3"
"Human_Breast_Andersson_10142021_ST_A3_13x15",0.0275033748351745,0.0326661159739253,0.0112794940854616,0.0107013867649004,0.00856866829184716,0.0096325779957839,0.0330244232730137,0.0477131391852666,0.818910819594627,"Human_Breast_Andersson_10142021_ST_A3"
"Human_Breast_Andersson_10142021_ST_A3_13x16",0.0203309783919357,0.0426106503815473,0.0328835792563322,0.00861704767520266,0.00771415614985471,0.0280110912097721,0.0080822298748128,0.0417684954877636,0.809981771572779,"Human_Breast_Andersson_10142021_ST_A3"
"Human_Breast_Andersson_10142021_ST_A3_13x17",0.0308680426801904,0.10588415383026,0.0305499874606969,0.00915839843170116,0.00596226888641939,0.0275066953202506,0.00844893862851617,0.0583777488342699,0.723243765927695,"Human_Breast_Andersson_10142021_ST_A3"
"Human_Breast_Andersson_10142021_ST_A3_13x18",0.0790986792245393,0.056463918829953,0.0142771918054089,0.0131317722629905,0.00873777021927715,0.0370131346218172,0.0214262917771479,0.22390993058237,0.545941310676496,"Human_Breast_Andersson_10142021_ST_A3"
"Human_Breast_Andersson_10142021_ST_A3_13x19",0.0399472726310566,0.060776847312334,0.0139565705946389,0.021716688242834,0.020617789186475,0.0192951828411663,0.00973360399969403,0.0823793987157895,0.731576646476012,"Human_Breast_Andersson_10142021_ST_A3"
"Human_Breast_Andersson_10142021_ST_A3_13x20",0.0388763987316935,0.0379049664363105,0.0123391163845738,0.0231720263987427,0.0189629268175256,0.0122640750066198,0.0113914638951435,0.108983739801278,0.736105286528112,"Human_Breast_Andersson_10142021_ST_A3"
"Human_Breast_Andersson_10142021_ST_A3_13x21",0.0323675409665051,0.0308058947652435,0.0127991566524833,0.0137997155601078,0.0194306085250831,0.00765615755414182,0.0202597965480275,0.0781700930064095,0.784711036421998,"Human_Breast_Andersson_10142021_ST_A3"
"Human_Breast_Andersson_10142021_ST_A3_13x22",0.033736449141684,0.0201250634117281,0.0152507471710199,0.0112056151596319,0.0171153808170138,0.00900149434408934,0.00960029779218083,0.273501538439106,0.610463413723547,"Human_Breast_Andersson_10142021_ST_A3"
"Human_Breast_Andersson_10142021_ST_A3_13x23",0.0205435322185393,0.0535629231894659,0.0217477216975127,0.00491519881152993,0.0258942266281962,0.0105211392161637,0.0093264845911496,0.245259038178249,0.608229735469194,"Human_Breast_Andersson_10142021_ST_A3"
"Human_Breast_Andersson_10142021_ST_A3_13x24",0.148185315895263,0.140565805989174,0.0222243684870607,0.00653903998533657,0.00990097713550836,0.0875591902837038,0.00604057559416427,0.176418399311087,0.402566327318703,"Human_Breast_Andersson_10142021_ST_A3"
"Human_Breast_Andersson_10142021_ST_A3_13x25",0.0835277205355736,0.0802635670435425,0.0363217184297853,0.0193720836107588,0.0493966583608993,0.0482778880793592,0.010892895566931,0.26995878502388,0.40198868334927,"Human_Breast_Andersson_10142021_ST_A3"
"Human_Breast_Andersson_10142021_ST_A3_13x26",0.1042376519484,0.0719366344691339,0.0151876837138969,0.0446447824946792,0.0450275839246842,0.0771168659847491,0.017442142231001,0.263264867664197,0.361141787569259,"Human_Breast_Andersson_10142021_ST_A3"
"Human_Breast_Andersson_10142021_ST_A3_13x27",0.0848909700539722,0.0681192727542003,0.0251463202435748,0.0181156213562679,0.0130558238086117,0.0160551208932676,0.0153952818953956,0.2037574921852,0.55546409680951,"Human_Breast_Andersson_10142021_ST_A3"
"Human_Breast_Andersson_10142021_ST_A3_14x12",0.0780923349744911,0.112759885141402,0.0386269619620875,0.0102865866484149,0.0159612979949559,0.0513607341381803,0.00934410963093966,0.168992495096312,0.514575594413216,"Human_Breast_Andersson_10142021_ST_A3"
"Human_Breast_Andersson_10142021_ST_A3_14x13",0.0754145762241637,0.0756416009110262,0.0188891921410671,0.00945950308367664,0.0154223170835348,0.0214890453372394,0.0116740045847182,0.0292551753641534,0.742754585270421,"Human_Breast_Andersson_10142021_ST_A3"
"Human_Breast_Andersson_10142021_ST_A3_14x14",0.0426948378957334,0.0575164308564413,0.0144402407516246,0.00300521672963183,0.00448387658798181,0.010321726980066,0.00662424613646975,0.02825955377288,0.832653870289171,"Human_Breast_Andersson_10142021_ST_A3"
"Human_Breast_Andersson_10142021_ST_A3_14x15",0.0558038899906202,0.0358479293114124,0.0197165029807871,0.0116080814214676,0.0138702826220284,0.0203332421528265,0.00579480820244396,0.205261706219646,0.631763557098767,"Human_Breast_Andersson_10142021_ST_A3"
"Human_Breast_Andersson_10142021_ST_A3_14x16",0.0804814979316646,0.0307837385122495,0.0185513120014606,0.0114610117508447,0.0183499055342475,0.0147382773098654,0.0257668551871762,0.185339777766324,0.614527624006168,"Human_Breast_Andersson_10142021_ST_A3"
"Human_Breast_Andersson_10142021_ST_A3_14x17",0.0652780420889075,0.0216692484372079,0.00772188220785941,0.0205379581930162,0.00532857007199444,0.0304633162981907,0.00389749143538036,0.129770774013045,0.715332717254398,"Human_Breast_Andersson_10142021_ST_A3"
"Human_Breast_Andersson_10142021_ST_A3_14x18",0.14790043506843,0.107056311960548,0.0551396668329938,0.0119629710338141,0.0230183222554499,0.0432507204565426,0.00964127876050301,0.0978496622724241,0.504180631359295,"Human_Breast_Andersson_10142021_ST_A3"
"Human_Breast_Andersson_10142021_ST_A3_14x19",0.0410901200082733,0.0473117252967091,0.0250094651255165,0.00940058458962802,0.0136900324878256,0.0083720402399116,0.00778022468270243,0.029648890977986,0.817696916591447,"Human_Breast_Andersson_10142021_ST_A3"
"Human_Breast_Andersson_10142021_ST_A3_14x20",0.0671397196998208,0.032033697143237,0.0246345665656275,0.0202039490121383,0.0182575056623313,0.0134008379967707,0.0227272281521831,0.234624479244717,0.566978016523174,"Human_Breast_Andersson_10142021_ST_A3"
"Human_Breast_Andersson_10142021_ST_A3_14x21",0.0357350189837653,0.0671435674177866,0.0191381927485811,0.0141661257086406,0.0299432072908081,0.0251402582613587,0.0176064124301473,0.0624586904001448,0.728668526758768,"Human_Breast_Andersson_10142021_ST_A3"
"Human_Breast_Andersson_10142021_ST_A3_14x22",0.0507598665150143,0.0249499604678691,0.0190969749182846,0.0196094490311749,0.01927260056526,0.00911686340135078,0.00981414159624373,0.073463621796732,0.77391652170807,"Human_Breast_Andersson_10142021_ST_A3"
"Human_Breast_Andersson_10142021_ST_A3_14x23",0.0567048404368516,0.0390458709898691,0.0258282263831836,0.0145505003874409,0.024779717359084,0.019092451482048,0.0105140845408046,0.147592337551625,0.661891970869093,"Human_Breast_Andersson_10142021_ST_A3"
"Human_Breast_Andersson_10142021_ST_A3_14x24",0.0375421971934171,0.132343435833663,0.0195279338239894,0.00330764076317259,0.012695261587911,0.0389984823725768,0.00389007034217072,0.0333599573656907,0.718335020717409,"Human_Breast_Andersson_10142021_ST_A3"
"Human_Breast_Andersson_10142021_ST_A3_14x25",0.0579643646763398,0.0246996856506977,0.0143870016711195,0.0107984015231215,0.0242495034099519,0.0468639433754533,0.00912746320042759,0.221355163413936,0.590554473078952,"Human_Breast_Andersson_10142021_ST_A3"
"Human_Breast_Andersson_10142021_ST_A3_14x26",0.121300150168561,0.0873851294913785,0.0326437062611425,0.0121540492511348,0.0193889556794409,0.0139390724637788,0.0151407585761528,0.146243619614236,0.551804558494175,"Human_Breast_Andersson_10142021_ST_A3"
"Human_Breast_Andersson_10142021_ST_A3_14x27",0.0458276392454739,0.0268159917189609,0.0250899027369161,0.0101810606718875,0.00457137071743252,0.00773936313216427,0.00695056196158467,0.303714918384227,0.569109191431353,"Human_Breast_Andersson_10142021_ST_A3"
"Human_Breast_Andersson_10142021_ST_A3_15x11",0.0578098357090533,0.0550231625402105,0.0235854004470257,0.00881046069961254,0.0187727845618639,0.0295616382227151,0.0101057970095348,0.0975294875998863,0.698801433210098,"Human_Breast_Andersson_10142021_ST_A3"
"Human_Breast_Andersson_10142021_ST_A3_15x12",0.137195488953881,0.0666153213841857,0.0209235313502907,0.0083561029959241,0.0160344928129325,0.0253163967017989,0.0158484991505451,0.0639071740521606,0.645802992598282,"Human_Breast_Andersson_10142021_ST_A3"
"Human_Breast_Andersson_10142021_ST_A3_15x13",0.0365906308857679,0.0592622933094724,0.0128978826336195,0.00183883810078838,0.00402048196317278,0.0102759208354863,0.0097267409657807,0.0300959024263552,0.835291308879557,"Human_Breast_Andersson_10142021_ST_A3"
"Human_Breast_Andersson_10142021_ST_A3_15x14",0.0277215098815928,0.0420221400580948,0.00854345270539069,0.00523882731178261,0.00713726348168453,0.0132257070950906,0.00874402382916308,0.149870329209423,0.737496746427778,"Human_Breast_Andersson_10142021_ST_A3"
"Human_Breast_Andersson_10142021_ST_A3_15x15",0.146182582124723,0.0321687821107197,0.0105911974886261,0.00909699005716226,0.00697409806849606,0.0132416199959684,0.0116072380591856,0.100367835557744,0.669769656537374,"Human_Breast_Andersson_10142021_ST_A3"
"Human_Breast_Andersson_10142021_ST_A3_15x16",0.0883445953506534,0.0698290222666429,0.0220610413331189,0.0102231708357901,0.0114494281614607,0.0248282856147692,0.0487683209193046,0.0275623676872258,0.696933767831034,"Human_Breast_Andersson_10142021_ST_A3"
"Human_Breast_Andersson_10142021_ST_A3_15x17",0.0482563440348672,0.0667263811624866,0.0189221742221449,0.0134654671552804,0.0193845164878809,0.0465523072368185,0.0107241551934136,0.203295166573377,0.572673487933731,"Human_Breast_Andersson_10142021_ST_A3"
"Human_Breast_Andersson_10142021_ST_A3_15x18",0.0453583516174555,0.0557021942393437,0.0146008927307771,0.00609426760878989,0.0113773898174286,0.0172470066777566,0.0121874762276698,0.0533655691754056,0.784066851905373,"Human_Breast_Andersson_10142021_ST_A3"
"Human_Breast_Andersson_10142021_ST_A3_15x19",0.0246906014063791,0.0399290517406653,0.0104789059360953,0.00384546391339134,0.00574169703100793,0.00902440397680289,0.00444630153987644,0.14276124874326,0.759082325712522,"Human_Breast_Andersson_10142021_ST_A3"
"Human_Breast_Andersson_10142021_ST_A3_15x20",0.029831623102085,0.044106807121659,0.0101795705537343,0.00815935612932815,0.00450595751786377,0.0103758641129501,0.00965664155168072,0.0522924809819015,0.830891698928797,"Human_Breast_Andersson_10142021_ST_A3"
"Human_Breast_Andersson_10142021_ST_A3_15x21",0.0447346354125855,0.0710865386436494,0.0114190539814646,0.00819746423230079,0.032551968813596,0.0186288111114482,0.00579392688181591,0.158911472775536,0.648676128147604,"Human_Breast_Andersson_10142021_ST_A3"
"Human_Breast_Andersson_10142021_ST_A3_15x22",0.0189491012613566,0.0190716026645259,0.0223013999981431,0.00648791219122615,0.00627882722988898,0.0111378434358388,0.0158730252852335,0.19578857150601,0.704111716427777,"Human_Breast_Andersson_10142021_ST_A3"
"Human_Breast_Andersson_10142021_ST_A3_15x23",0.0254837851077408,0.0781312321414695,0.0114467542968189,0.0105222746802323,0.0118738642882363,0.0133509611864566,0.00694210693985239,0.057746799995641,0.784502221363552,"Human_Breast_Andersson_10142021_ST_A3"
"Human_Breast_Andersson_10142021_ST_A3_15x24",0.0294499181621752,0.0572219411364065,0.0137163397292926,0.00481797166851447,0.00445681407069718,0.0254982969858165,0.00581645974750304,0.178612239635125,0.680410018864469,"Human_Breast_Andersson_10142021_ST_A3"
"Human_Breast_Andersson_10142021_ST_A3_15x25",0.0132936610842389,0.0435574944031329,0.0132312296745547,0.0117772375646782,0.00611643566887831,0.0103216961575477,0.00736873553996959,0.129852399307002,0.764481110599997,"Human_Breast_Andersson_10142021_ST_A3"
"Human_Breast_Andersson_10142021_ST_A3_15x26",0.0387985954379712,0.0482127382893911,0.00919943760940218,0.0108919044288772,0.0129725499743357,0.02474727299699,0.00278436650085936,0.0359386758763648,0.816454458885808,"Human_Breast_Andersson_10142021_ST_A3"
"Human_Breast_Andersson_10142021_ST_A3_15x27",0.0747435494073184,0.0839106204779886,0.0351042014899311,0.0104254118987261,0.0196527291268918,0.0226591800844882,0.0092959297457809,0.0530460478509913,0.691162329917884,"Human_Breast_Andersson_10142021_ST_A3"
"Human_Breast_Andersson_10142021_ST_A3_16x11",0.025002710142899,0.0215899572667977,0.0159254397211392,0.00552888227695402,0.00457785838144714,0.00784799251065406,0.0148060953324797,0.0389359110279387,0.86578515333969,"Human_Breast_Andersson_10142021_ST_A3"
"Human_Breast_Andersson_10142021_ST_A3_16x12",0.0414674402468393,0.0570048011641394,0.0122562569300526,0.0107104598755355,0.0141482665159254,0.0124421159230433,0.0170641550506047,0.0830917321689823,0.751814772124877,"Human_Breast_Andersson_10142021_ST_A3"
"Human_Breast_Andersson_10142021_ST_A3_16x13",0.178895938395547,0.118511076574483,0.0269259581139341,0.00617248346071939,0.0125745789107219,0.0550613129725619,0.0112850958756422,0.111064927094159,0.479508628602231,"Human_Breast_Andersson_10142021_ST_A3"
"Human_Breast_Andersson_10142021_ST_A3_16x14",0.0464843048611959,0.094348815137887,0.0231158764257986,0.00793403006598226,0.0138104356027289,0.0123132355569277,0.00558258475181995,0.0690612090379498,0.72734950855971,"Human_Breast_Andersson_10142021_ST_A3"
"Human_Breast_Andersson_10142021_ST_A3_16x15",0.0728571574478373,0.055376148922313,0.0240420096205914,0.0135757396181537,0.0153157537254576,0.00931107102695439,0.0215478011020769,0.0432566052464505,0.744717713290165,"Human_Breast_Andersson_10142021_ST_A3"
"Human_Breast_Andersson_10142021_ST_A3_16x16",0.109379103050466,0.126224551044523,0.014868089076017,0.0204927212200431,0.0173316340240384,0.0309470209107378,0.0110193436318065,0.147966699208414,0.521770837833954,"Human_Breast_Andersson_10142021_ST_A3"
"Human_Breast_Andersson_10142021_ST_A3_16x17",0.0442317004785004,0.073249748543588,0.00857194736719483,0.0139159119894954,0.0224816503373764,0.0238487870629306,0.00811439165808773,0.147699171189246,0.657886691373581,"Human_Breast_Andersson_10142021_ST_A3"
"Human_Breast_Andersson_10142021_ST_A3_16x18",0.0641331066739055,0.0538760757574664,0.0128841837959574,0.0283807827670627,0.024995169884911,0.0140363549630594,0.0148748634073672,0.115362797713968,0.671456665036302,"Human_Breast_Andersson_10142021_ST_A3"
"Human_Breast_Andersson_10142021_ST_A3_16x19",0.0395973530262846,0.0575673137028575,0.0196422723238072,0.0101504698203171,0.0175921894076489,0.039629123177977,0.0159148341259694,0.175087618195163,0.624818826219975,"Human_Breast_Andersson_10142021_ST_A3"
"Human_Breast_Andersson_10142021_ST_A3_16x20",0.043388870883284,0.0717046036299727,0.0216062574107376,0.0163006847874393,0.0202368565912551,0.0182349920609795,0.00970511876470313,0.0438675226796093,0.754955093192019,"Human_Breast_Andersson_10142021_ST_A3"
"Human_Breast_Andersson_10142021_ST_A3_16x21",0.0334830490488283,0.097432039764431,0.0184858733861799,0.00653967289500748,0.00330893836496565,0.00812646126894428,0.0101305218711943,0.187349013776415,0.635144429624034,"Human_Breast_Andersson_10142021_ST_A3"
"Human_Breast_Andersson_10142021_ST_A3_16x22",0.0602314733066193,0.0366364223398739,0.00587207231195029,0.0070062109102088,0.00474179386379567,0.0209048305311236,0.00396782113305694,0.0537859653332921,0.806853410270079,"Human_Breast_Andersson_10142021_ST_A3"
"Human_Breast_Andersson_10142021_ST_A3_16x23",0.0162096968899865,0.0161391260533652,0.0147874401636456,0.00872587962976426,0.0137742786651823,0.00941462014580119,0.00845576828458356,0.0197069874592467,0.892786202708425,"Human_Breast_Andersson_10142021_ST_A3"
"Human_Breast_Andersson_10142021_ST_A3_16x24",0.072933642686134,0.0897317613009215,0.0272034147943436,0.00289468654177572,0.0102581015321591,0.0329592458725982,0.00607239686747543,0.0613780438932886,0.696568706511304,"Human_Breast_Andersson_10142021_ST_A3"
"Human_Breast_Andersson_10142021_ST_A3_16x25",0.0543964499877256,0.0702637137804127,0.0130358659218434,0.00924362581564839,0.0204296082218681,0.0140193238051375,0.0098074619135989,0.0936249281934997,0.715179022360266,"Human_Breast_Andersson_10142021_ST_A3"
"Human_Breast_Andersson_10142021_ST_A3_16x26",0.0374321634927246,0.0115523292222771,0.0125098528316578,0.00510513379264112,0.00581205428131033,0.00435644269276073,0.00871093166167388,0.0761732868708652,0.838347805154089,"Human_Breast_Andersson_10142021_ST_A3"
"Human_Breast_Andersson_10142021_ST_A3_16x27",0.0308946504325141,0.0273826619449263,0.0123523167074743,0.0126280968707602,0.0145451109563844,0.0113514203273302,0.0198950657078632,0.197934972944866,0.673015704107881,"Human_Breast_Andersson_10142021_ST_A3"
"Human_Breast_Andersson_10142021_ST_A3_17x11",0.0235912315913232,0.0466381135917803,0.022758135330962,0.00683490998747415,0.00805676455829409,0.0173087574290818,0.0113933770017107,0.0515703797500574,0.811848330759317,"Human_Breast_Andersson_10142021_ST_A3"
"Human_Breast_Andersson_10142021_ST_A3_17x12",0.090388182025543,0.0877749127243934,0.0194025601799406,0.00949917126546353,0.0116858419145713,0.0113389102467981,0.0343571294266271,0.179653922132941,0.555899370083722,"Human_Breast_Andersson_10142021_ST_A3"
"Human_Breast_Andersson_10142021_ST_A3_17x13",0.158929028239902,0.0936375641974476,0.0238711957590605,0.0157148686335353,0.0121877307732729,0.022934264208516,0.00713541116273094,0.101139061374133,0.564450875651402,"Human_Breast_Andersson_10142021_ST_A3"
"Human_Breast_Andersson_10142021_ST_A3_17x15",0.0512769862199112,0.118749547023156,0.0200547553854486,0.0301206969473517,0.0219054130910323,0.0435463020451856,0.0204049006392711,0.0151264990353758,0.678814899613268,"Human_Breast_Andersson_10142021_ST_A3"
"Human_Breast_Andersson_10142021_ST_A3_17x16",0.0629073444256459,0.0627203692684238,0.0259842196713595,0.00975595407108698,0.0112429991037246,0.0198091423039159,0.0148465096851154,0.286519990782437,0.506213470688291,"Human_Breast_Andersson_10142021_ST_A3"
"Human_Breast_Andersson_10142021_ST_A3_17x17",0.095833257843129,0.108501231098954,0.0252763271351319,0.00886750906463452,0.0155829005184117,0.0364917119828521,0.0189116096809185,0.0378025672693975,0.652732885406571,"Human_Breast_Andersson_10142021_ST_A3"
"Human_Breast_Andersson_10142021_ST_A3_17x18",0.0334198417964162,0.0607582755715533,0.0151880368798102,0.00905239203236146,0.0142284091468797,0.0126484144393063,0.0149536280185758,0.0705338833862895,0.769217118728808,"Human_Breast_Andersson_10142021_ST_A3"
"Human_Breast_Andersson_10142021_ST_A3_17x19",0.10519739257435,0.122871871571886,0.0407870096868888,0.00574340103561269,0.00850236140596916,0.0208745533812835,0.00845124938153913,0.0902662610441078,0.597305899918362,"Human_Breast_Andersson_10142021_ST_A3"
"Human_Breast_Andersson_10142021_ST_A3_17x20",0.0954679089988857,0.115710952248647,0.0341680876377657,0.0183143038654591,0.0140055875983683,0.0305610781417201,0.0193111324268411,0.11762883017582,0.554832118906493,"Human_Breast_Andersson_10142021_ST_A3"
"Human_Breast_Andersson_10142021_ST_A3_17x21",0.0686879268596294,0.117604635076435,0.018222089412295,0.0202928373272653,0.0107168102871257,0.0470582534067901,0.00590169229549379,0.23428503616419,0.477230719170776,"Human_Breast_Andersson_10142021_ST_A3"
"Human_Breast_Andersson_10142021_ST_A3_17x22",0.09991539183677,0.0744021568073323,0.0174813674922953,0.00670088451205446,0.00508286191010499,0.0238691766118123,0.00600399157967262,0.196165719715222,0.570378449534736,"Human_Breast_Andersson_10142021_ST_A3"
"Human_Breast_Andersson_10142021_ST_A3_17x23",0.040030234565081,0.0702083117864806,0.034511386366085,0.00757474253408137,0.0111310870973322,0.0159711849174091,0.011026445751899,0.182663177224821,0.626883429756811,"Human_Breast_Andersson_10142021_ST_A3"
"Human_Breast_Andersson_10142021_ST_A3_17x24",0.045674773227083,0.0762277524770992,0.0118482927915918,0.00766665041005648,0.0196201231516474,0.0121684407518312,0.00903941633782539,0.14833586573579,0.669418685117076,"Human_Breast_Andersson_10142021_ST_A3"
"Human_Breast_Andersson_10142021_ST_A3_17x25",0.064515411793777,0.0419104995520833,0.0123047364095586,0.0135451284100384,0.014603631741664,0.0100847162926943,0.0104094160678682,0.120932610076863,0.711693849655453,"Human_Breast_Andersson_10142021_ST_A3"
"Human_Breast_Andersson_10142021_ST_A3_17x26",0.0650243307179967,0.0228600417949886,0.01617414510083,0.00975829959318165,0.0111893508097441,0.0152046617731349,0.022795616089278,0.0150420192947846,0.821951534826062,"Human_Breast_Andersson_10142021_ST_A3"
"Human_Breast_Andersson_10142021_ST_A3_17x27",0.0324666952480144,0.0144669330795875,0.00741928172428711,0.0101014394223974,0.00675272142026972,0.004615630844563,0.00693419624960854,0.0710046499299147,0.846238452081358,"Human_Breast_Andersson_10142021_ST_A3"
"Human_Breast_Andersson_10142021_ST_A3_18x11",0.110850239893183,0.0372383129002452,0.0119215609521428,0.012911100722229,0.0083802086445655,0.0159820907119895,0.0342291361910132,0.028608117336614,0.739879232648018,"Human_Breast_Andersson_10142021_ST_A3"
"Human_Breast_Andersson_10142021_ST_A3_18x12",0.114158913738738,0.077345742862187,0.0130181774659238,0.00661767648253939,0.0299895127478825,0.0371328763805662,0.00584472576414878,0.111330529046946,0.604561845511069,"Human_Breast_Andersson_10142021_ST_A3"
"Human_Breast_Andersson_10142021_ST_A3_18x13",0.0518011608375216,0.0841430727822778,0.0109293537459288,0.00261760238902781,0.00354196269997714,0.0203628158489764,0.00645519015589114,0.124780944887349,0.69536789665305,"Human_Breast_Andersson_10142021_ST_A3"
"Human_Breast_Andersson_10142021_ST_A3_18x14",0.0490134609331722,0.0308557940719285,0.00873993047941559,0.0146137268095511,0.0149597581040606,0.028968093491924,0.0159978062908119,0.273907080064289,0.562944349754847,"Human_Breast_Andersson_10142021_ST_A3"
"Human_Breast_Andersson_10142021_ST_A3_18x15",0.0183373616097411,0.00924517542279831,0.00425003109451783,0.00117810917973346,0.000413071233998812,0.00562834116511227,0.00234415249505491,0.00134979274013937,0.957253965058904,"Human_Breast_Andersson_10142021_ST_A3"
"Human_Breast_Andersson_10142021_ST_A3_18x16",0.0265678951410126,0.0685000723232652,0.0183028709505115,0.00853764647176622,0.00592247120118097,0.0126880584205942,0.00429546077960267,0.0246007897180296,0.830584734994037,"Human_Breast_Andersson_10142021_ST_A3"
"Human_Breast_Andersson_10142021_ST_A3_18x17",0.0877056281480744,0.0488856133389036,0.018518584216597,0.00694629354292397,0.0088100412109243,0.0237540720828241,0.00567931973686374,0.156091893815635,0.643608553907254,"Human_Breast_Andersson_10142021_ST_A3"
"Human_Breast_Andersson_10142021_ST_A3_18x18",0.0434257509826424,0.0538339871681625,0.0114154098923377,0.00436836329344329,0.00822440373935619,0.012231983049973,0.00756734956629683,0.122637714648506,0.736295037659283,"Human_Breast_Andersson_10142021_ST_A3"
"Human_Breast_Andersson_10142021_ST_A3_18x19",0.0522583618168039,0.0255504585030844,0.0104003499453174,0.00287335239142835,0.00304361426279554,0.00388001354775556,0.00255122856573255,0.0305094911872407,0.868933129779842,"Human_Breast_Andersson_10142021_ST_A3"
"Human_Breast_Andersson_10142021_ST_A3_18x21",0.167063645634369,0.0840369719962007,0.0193996009636476,0.0121542012193808,0.0290189538329737,0.032217380910954,0.0194446253410155,0.241110904030903,0.395553716070556,"Human_Breast_Andersson_10142021_ST_A3"
"Human_Breast_Andersson_10142021_ST_A3_18x22",0.149773508624738,0.106144894994032,0.0487177534147537,0.00524995433697035,0.00955079140991399,0.026206592862097,0.00546387356410892,0.204997625075748,0.443895005717639,"Human_Breast_Andersson_10142021_ST_A3"
"Human_Breast_Andersson_10142021_ST_A3_18x23",0.0432587108150924,0.11131644711461,0.0295309537493052,0.0046932713460099,0.00856275678973074,0.0149701979044659,0.0102833703208835,0.108331637265022,0.66905265469488,"Human_Breast_Andersson_10142021_ST_A3"
"Human_Breast_Andersson_10142021_ST_A3_18x24",0.0549341272977081,0.0326911114135115,0.0278023135082807,0.0140683723864755,0.00970164601492252,0.0166957822262753,0.0153135747648819,0.0958985097711251,0.732894562616819,"Human_Breast_Andersson_10142021_ST_A3"
"Human_Breast_Andersson_10142021_ST_A3_18x25",0.0486406485192036,0.0567860926912502,0.0157988837951813,0.00577604398068967,0.0163381309570006,0.0165704984862609,0.00822146705605955,0.0742799498305206,0.757588284683834,"Human_Breast_Andersson_10142021_ST_A3"
"Human_Breast_Andersson_10142021_ST_A3_18x26",0.0337457146866002,0.0247643671452952,0.0101707867032787,0.0227759091133524,0.0158095008054497,0.00845121790305531,0.0172875468776797,0.0903381979201912,0.776656758845098,"Human_Breast_Andersson_10142021_ST_A3"
"Human_Breast_Andersson_10142021_ST_A3_18x27",0.0302178750847885,0.174518740725962,0.0369411604752653,0.0132188208251085,0.00931825532328375,0.0162089422649498,0.0107787515429271,0.0135016867213452,0.69529576703637,"Human_Breast_Andersson_10142021_ST_A3"
"Human_Breast_Andersson_10142021_ST_A3_19x11",0.0793435934793446,0.0329502111356573,0.0201728104235156,0.0139661193097235,0.00678957371080453,0.0116997493601447,0.0076077418737825,0.0591025095329499,0.768367691174077,"Human_Breast_Andersson_10142021_ST_A3"
"Human_Breast_Andersson_10142021_ST_A3_19x12",0.0377083202163737,0.0214635386503715,0.00688474504396207,0.00308906759950243,0.00517574098312124,0.00312944171424189,0.00389349577501635,0.100424041295754,0.818231608721657,"Human_Breast_Andersson_10142021_ST_A3"
"Human_Breast_Andersson_10142021_ST_A3_19x13",0.0399645696675902,0.0112901430083609,0.0157041137160095,0.0295405571515716,0.0227125417115478,0.0115066398982446,0.0110926259641859,0.0380988436539965,0.820089965228493,"Human_Breast_Andersson_10142021_ST_A3"
"Human_Breast_Andersson_10142021_ST_A3_19x14",0.0389821252020103,0.0344475617933311,0.00852749280966415,0.00385160822423864,0.0062729544953998,0.00565388874684324,0.00528781991193392,0.213180888472342,0.683795660344237,"Human_Breast_Andersson_10142021_ST_A3"
"Human_Breast_Andersson_10142021_ST_A3_19x15",0.0457306918149201,0.0297926604265936,0.0113311954320132,0.00569575289530552,0.00852684742771604,0.0122568679411069,0.00390865242425101,0.0961790906922294,0.786578240945864,"Human_Breast_Andersson_10142021_ST_A3"
"Human_Breast_Andersson_10142021_ST_A3_19x16",0.0583175566750108,0.090209304052716,0.0193666734238778,0.0134740187914091,0.00971687734284595,0.0200096282398011,0.00344800217972111,0.139631416868465,0.645826522426153,"Human_Breast_Andersson_10142021_ST_A3"
"Human_Breast_Andersson_10142021_ST_A3_19x17",0.099640835069141,0.0885079902279733,0.0124195323092478,0.00299951020170162,0.00588859950849154,0.0120015034836601,0.00301145904643435,0.176899358142442,0.598631212010909,"Human_Breast_Andersson_10142021_ST_A3"
"Human_Breast_Andersson_10142021_ST_A3_19x18",0.160714148330753,0.10092101591876,0.0506821386464755,0.0148280479476056,0.0258043859910482,0.0345861352049678,0.01420761911188,0.137142535361607,0.461113973486904,"Human_Breast_Andersson_10142021_ST_A3"
"Human_Breast_Andersson_10142021_ST_A3_19x19",0.0156971718622016,0.0235023984442184,0.0067456676877152,0.00557283801293893,0.00510921026823466,0.00650561172154437,0.00500055021520995,0.0592369603156936,0.872629591472243,"Human_Breast_Andersson_10142021_ST_A3"
"Human_Breast_Andersson_10142021_ST_A3_19x20",0.0761183021851286,0.0796704605166857,0.0289950208533748,0.0155302553671418,0.0210147735422402,0.018446426816944,0.0090264535378545,0.115764352291771,0.63543395488886,"Human_Breast_Andersson_10142021_ST_A3"
"Human_Breast_Andersson_10142021_ST_A3_19x21",0.103414681102356,0.0650094301741145,0.0315943673799795,0.00845894397911896,0.00684505529920594,0.00955024551228566,0.00714408744630683,0.228284506971497,0.539698682135135,"Human_Breast_Andersson_10142021_ST_A3"
"Human_Breast_Andersson_10142021_ST_A3_19x22",0.0175899976587662,0.0270981037046377,0.00418187053353745,0.00248403949421887,0.0024422457512963,0.00388442795565963,0.0044041699217794,0.00972885693445867,0.928186288045646,"Human_Breast_Andersson_10142021_ST_A3"
"Human_Breast_Andersson_10142021_ST_A3_19x23",0.0138385473468215,0.0293245883256855,0.0100603576364521,0.00454279666321294,0.00251477421184699,0.00492161150270933,0.00295601660034086,0.0787149656708534,0.853126342042077,"Human_Breast_Andersson_10142021_ST_A3"
"Human_Breast_Andersson_10142021_ST_A3_19x24",0.0426575764563717,0.0441990019270627,0.00840252953449496,0.00882841129039863,0.0102701517921271,0.0153380246533352,0.00410602126693801,0.24377909799411,0.622419185085162,"Human_Breast_Andersson_10142021_ST_A3"
"Human_Breast_Andersson_10142021_ST_A3_19x25",0.038003127010087,0.0647009526726013,0.0165478957513745,0.00938544186946528,0.015496533070939,0.0385577383619189,0.0157999266844804,0.208001546417592,0.593506838161541,"Human_Breast_Andersson_10142021_ST_A3"
