"","Endothelial","CAFs","PVL","B-cells","T-cells","Myeloid","Normal Epithelial","Plasmablasts","Cancer Epithelial","sid"
"Human_Breast_He_06222020_ST_BC23287_D1_23x22",0.0222735493698012,0.236591887945314,0.0121876577840387,0.000540945952522192,0.000622163028105339,0.00528747506145372,0.000751340299532349,0.114489013382214,0.607255967177018,"Human_Breast_He_06222020_ST_BC23287_D1"
"Human_Breast_He_06222020_ST_BC23287_D1_23x23",0.0855492355614982,0.118553286220503,0.554308897379505,5.62018124394295e-05,8.71623678154635e-05,0.00307853855350918,0.0106889390521757,0.0175604167735305,0.210117322279024,"Human_Breast_He_06222020_ST_BC23287_D1"
"Human_Breast_He_06222020_ST_BC23287_D1_23x25",2.09654386125178e-05,0.000485191723651786,0.000229655686040348,2.69135037435509e-06,4.53095473418557e-06,7.01139584442935e-07,0.0173705557533782,0.0132982950364653,0.968587412917159,"Human_Breast_He_06222020_ST_BC23287_D1"
"Human_Breast_He_06222020_ST_BC23287_D1_23x26",0.000384931247170909,0.00166156036182291,0.000500324580039967,1.08255268092319e-05,4.18731737818159e-05,4.49792160371354e-06,0.0294015450605864,0.0431832917627439,0.924811150365441,"Human_Breast_He_06222020_ST_BC23287_D1"
"Human_Breast_He_06222020_ST_BC23287_D1_23x27",0.00014315478765057,0.000338851025335002,0.000189015229183855,4.76936671807389e-07,4.76866572709867e-06,7.2597230446515e-06,0.00206599515308818,0.148968764843157,0.848281713636142,"Human_Breast_He_06222020_ST_BC23287_D1"
"Human_Breast_He_06222020_ST_BC23287_D1_23x28",1.59593180733065e-05,5.53589988676886e-05,1.12921833043508e-05,1.77001959192156e-07,1.09491345968068e-06,5.04044522197502e-07,0.00170592187986726,0.149499595974269,0.848710095685678,"Human_Breast_He_06222020_ST_BC23287_D1"
"Human_Breast_He_06222020_ST_BC23287_D1_23x29",3.75995360630893e-05,0.00221075592010613,0.000248923417717631,6.67158368011097e-07,1.95222104171833e-06,1.79569554882508e-06,0.00490635027004467,0.0192192624491154,0.973372693331994,"Human_Breast_He_06222020_ST_BC23287_D1"
"Human_Breast_He_06222020_ST_BC23287_D1_7x32",0.000263846123983906,0.262769828402115,0.00085934986133359,1.77748844437946e-06,4.66957041373914e-06,3.46709854045327e-05,1.00716326716145e-05,3.08803688129857e-06,0.736052697898752,"Human_Breast_He_06222020_ST_BC23287_D1"
"Human_Breast_He_06222020_ST_BC23287_D1_20x20",0.00296452047177517,0.0846672787894289,0.0798977395721043,1.90518775266512e-06,1.68548007443041e-05,0.00115789288469976,0.00740111437738012,0.0241909553184671,0.799701738597648,"Human_Breast_He_06222020_ST_BC23287_D1"
"Human_Breast_He_06222020_ST_BC23287_D1_3x22",1.45934908901572e-06,0.000115746135772262,7.70479505881135e-07,4.13289102891078e-08,3.08690973140825e-08,4.9877183349432e-06,0.00212807289878816,0.0266867052058117,0.97106218601469,"Human_Breast_He_06222020_ST_BC23287_D1"
"Human_Breast_He_06222020_ST_BC23287_D1_20x22",0.000562265353833512,0.204663855581119,0.00462040472625578,1.03629196529804e-07,2.75941064650609e-06,6.66667062991782e-06,0.01575750065836,0.134175241713612,0.640211202256346,"Human_Breast_He_06222020_ST_BC23287_D1"
"Human_Breast_He_06222020_ST_BC23287_D1_18x28",4.83247503991337e-05,0.0156329193307614,0.000595510397486862,4.88318979505406e-07,3.78661584119113e-06,6.99563273960977e-07,0.00367088864844654,0.0344842675230028,0.945563114851809,"Human_Breast_He_06222020_ST_BC23287_D1"
"Human_Breast_He_06222020_ST_BC23287_D1_18x29",0.00155491537107683,0.0599137520932142,0.0218759559584139,1.91917633071635e-06,1.99657326133419e-06,0.000317369533114146,0.0045375016576178,0.0396859928494557,0.872110596787515,"Human_Breast_He_06222020_ST_BC23287_D1"
"Human_Breast_He_06222020_ST_BC23287_D1_18x26",0.000940411092028885,0.0608331665265063,0.00116296919549992,0.000108684016550545,0.000146098362245868,0.00627716951711798,0.0174844074609645,0.0382202747830092,0.874826819046077,"Human_Breast_He_06222020_ST_BC23287_D1"
"Human_Breast_He_06222020_ST_BC23287_D1_18x27",0.00498270969628146,0.00133313181089693,0.00357144991142182,1.31664204353519e-06,4.74263097692071e-06,2.66808668536754e-06,0.0195584864197878,0.144397245901513,0.826148248900394,"Human_Breast_He_06222020_ST_BC23287_D1"
"Human_Breast_He_06222020_ST_BC23287_D1_18x24",0.00188799068250544,0.000307931759792717,0.0012493882156472,0.000115150965244013,0.000151463254357761,1.18021359735604e-06,0.027781171640145,0.540624045096322,0.427881678172388,"Human_Breast_He_06222020_ST_BC23287_D1"
"Human_Breast_He_06222020_ST_BC23287_D1_18x25",5.98293162109468e-05,0.0335747971120946,0.000311914731221014,1.23424693416862e-05,1.09701196942253e-05,0.000178420655657295,0.122707080245115,3.36778511527635e-05,0.843110967499513,"Human_Breast_He_06222020_ST_BC23287_D1"
"Human_Breast_He_06222020_ST_BC23287_D1_18x22",1.62137539798792e-06,1.40913827495694e-06,0.000691080831814752,0.000101671257077846,1.62782605098351e-05,4.1687691986156e-09,0.0286333599990778,0.000768728423338398,0.969785846545739,"Human_Breast_He_06222020_ST_BC23287_D1"
"Human_Breast_He_06222020_ST_BC23287_D1_18x23",0.205414043281951,0.168772583540705,0.00165179909919494,0.000358090751276162,0.000562139080512283,0.0224153811571884,0.0565698455264085,0.000398297725789896,0.543857819836973,"Human_Breast_He_06222020_ST_BC23287_D1"
"Human_Breast_He_06222020_ST_BC23287_D1_18x20",0.000444875132585933,0.0254659474334593,0.0172737227771848,4.57649325465232e-05,0.000145782888206482,0.000259276215941124,0.00115805035316559,3.95737715347947e-05,0.955167006495376,"Human_Breast_He_06222020_ST_BC23287_D1"
"Human_Breast_He_06222020_ST_BC23287_D1_18x21",5.16409875193558e-05,0.000836843130631556,7.72655963205219e-07,5.09125628473804e-08,2.03640045340978e-07,0.042936056978088,0.00180052577549242,0.0569074932459327,0.897466412673765,"Human_Breast_He_06222020_ST_BC23287_D1"
"Human_Breast_He_06222020_ST_BC23287_D1_23x24",0.00556825731953511,0.105748944099969,0.326845218482137,7.24269640951149e-06,1.18166813125164e-05,0.0158131678863259,0.108516640496197,0.0799498170923992,0.357538895245715,"Human_Breast_He_06222020_ST_BC23287_D1"
"Human_Breast_He_06222020_ST_BC23287_D1_5x16",5.25744536442532e-06,0.00150158187640686,3.49760836572956e-05,3.65361088843752e-06,7.53719324670841e-06,9.03551630597136e-06,0.116485709291634,1.94498974036429e-06,0.881950303992756,"Human_Breast_He_06222020_ST_BC23287_D1"
"Human_Breast_He_06222020_ST_BC23287_D1_8x23",1.50377989230246e-07,8.28448045447266e-10,1.54308008671601e-08,8.54156019830617e-11,1.56484977210037e-10,3.94313629426881e-07,0.00200661120076021,9.26660314605526e-06,0.997983561003326,"Human_Breast_He_06222020_ST_BC23287_D1"
"Human_Breast_He_06222020_ST_BC23287_D1_8x20",0.0245963013959901,0.0342062125717257,0.00134191335380254,1.60182760812264e-06,7.05200626423419e-05,0.0135699734280055,0.000983020403758148,0.000115020583946804,0.925115436372521,"Human_Breast_He_06222020_ST_BC23287_D1"
"Human_Breast_He_06222020_ST_BC23287_D1_8x21",0.00126809788468076,0.0721015116904171,0.000417120523449764,1.16592439361835e-07,2.42646547090735e-07,0.000456038207793151,0.0517309122483877,0.211370181357006,0.662655778849279,"Human_Breast_He_06222020_ST_BC23287_D1"
"Human_Breast_He_06222020_ST_BC23287_D1_16x29",0.0910482447462112,0.0121009246613463,0.297471140400917,9.76448642125913e-07,0.000136393778035688,0.00196056705296266,0.019902074191186,0.151743932264555,0.425635746456144,"Human_Breast_He_06222020_ST_BC23287_D1"
"Human_Breast_He_06222020_ST_BC23287_D1_8x27",0.000936940630487918,5.33990241163231e-06,4.32550535490413e-05,0.00171844644247525,0.000123503820324095,0.000257054363011145,4.87453701333298e-05,0.000235318639079646,0.996631395778528,"Human_Breast_He_06222020_ST_BC23287_D1"
"Human_Breast_He_06222020_ST_BC23287_D1_14x29",0.00220845336167558,0.0949994324719272,0.0254572111655653,0.177798102957693,0.0054243853240645,0.0019726390468649,0.41707537048121,0.0932989741665916,0.181765431024408,"Human_Breast_He_06222020_ST_BC23287_D1"
"Human_Breast_He_06222020_ST_BC23287_D1_8x25",0.00255400354181243,0.0913726787959707,0.000909090604511055,2.49633885514059e-05,4.54361421338594e-05,0.0701474783043883,0.00162437675489037,0.0240083845251199,0.809313587942622,"Human_Breast_He_06222020_ST_BC23287_D1"
"Human_Breast_He_06222020_ST_BC23287_D1_20x32",6.82635497328055e-05,0.00193073693054882,0.000443638842381857,2.54483602184925e-06,1.7605614389186e-05,4.87220948629741e-05,0.0100368588705364,0.149226426445364,0.838225202816162,"Human_Breast_He_06222020_ST_BC23287_D1"
"Human_Breast_He_06222020_ST_BC23287_D1_20x33",0.00380708299195442,0.00167926454556228,0.000420220156612285,1.59491400490341e-05,1.04280538787906e-05,3.140897866791e-05,0.140326520176244,0.0210873223971006,0.83262180355993,"Human_Breast_He_06222020_ST_BC23287_D1"
"Human_Breast_He_06222020_ST_BC23287_D1_20x30",0.000160791021517859,0.00798767008944222,0.000380123272040083,1.61926973499867e-06,4.98120634319886e-06,9.4728878854106e-07,0.00771106478819543,0.0186822714768725,0.965070531587065,"Human_Breast_He_06222020_ST_BC23287_D1"
"Human_Breast_He_06222020_ST_BC23287_D1_20x31",0.00169516267225474,0.0338826018200303,0.00114658318611118,5.51615710604166e-06,1.88546657852154e-05,1.66249261285684e-06,0.187603648451484,0.0323693181172748,0.743276652437341,"Human_Breast_He_06222020_ST_BC23287_D1"
"Human_Breast_He_06222020_ST_BC23287_D1_20x34",9.12315703464917e-05,0.000496405403111163,0.000719039206417062,4.9513597033897e-06,1.23272159642242e-05,1.70986429108082e-07,0.0420294769127443,0.0795958271622519,0.877050570183032,"Human_Breast_He_06222020_ST_BC23287_D1"
"Human_Breast_He_06222020_ST_BC23287_D1_6x33",0.00958850951061113,0.047101620956192,0.00379173993231928,5.01776912231688e-05,3.44187674061315e-05,0.000389372972143145,0.020105681832029,0.0534167447752038,0.865521733562872,"Human_Breast_He_06222020_ST_BC23287_D1"
"Human_Breast_He_06222020_ST_BC23287_D1_6x31",2.572348743645e-05,0.00436692787490443,1.08800555025177e-05,7.90330393965997e-08,2.74795477721191e-07,1.27330042143244e-06,0.000102321109811686,0.00113901159726287,0.994353508746143,"Human_Breast_He_06222020_ST_BC23287_D1"
"Human_Breast_He_06222020_ST_BC23287_D1_6x30",6.66748659138473e-05,0.0163654270477318,0.00105532520821052,0.000107866079831419,1.1177017496507e-05,0.115263641911696,0.234545000431558,0.287518379833445,0.345066507604117,"Human_Breast_He_06222020_ST_BC23287_D1"
"Human_Breast_He_06222020_ST_BC23287_D1_6x34",0.00018710280853563,0.0629699141491538,8.79784707213407e-05,0.000150028069700457,0.000329182420200364,0.0920124062706261,0.0266181247481941,1.30311701171114e-05,0.817632231892751,"Human_Breast_He_06222020_ST_BC23287_D1"
"Human_Breast_He_06222020_ST_BC23287_D1_7x29",0.0534989231861576,0.131698051680957,0.0250300510978373,0.00508675426901848,0.00109596282946162,0.000611363049821962,0.00573430566362581,4.18153954014727e-06,0.77724040668358,"Human_Breast_He_06222020_ST_BC23287_D1"
"Human_Breast_He_06222020_ST_BC23287_D1_8x22",0.00137830974361423,0.099880905922865,0.00239313052956243,0.00135207202935188,0.000263058440555047,1.5223364522359e-05,0.0115445005225352,0.23863359670446,0.644539202742534,"Human_Breast_He_06222020_ST_BC23287_D1"
"Human_Breast_He_06222020_ST_BC23287_D1_8x28",0.000427899029303351,3.63508796246064e-05,0.0096473871085833,3.07398519360819e-07,9.32876190569054e-06,0.000416832050587688,0.339455528542172,1.87194896075044e-08,0.650006347509814,"Human_Breast_He_06222020_ST_BC23287_D1"
"Human_Breast_He_06222020_ST_BC23287_D1_8x29",0.0821477496149526,0.00210609843202479,0.00644784101542926,1.6871618838844e-07,9.64962332501862e-07,4.71783868387316e-06,0.000193810101712554,2.05725251430404e-06,0.909096592066162,"Human_Breast_He_06222020_ST_BC23287_D1"
"Human_Breast_He_06222020_ST_BC23287_D1_11x18",0.000336359868183073,0.0611156629806722,0.000915777460005874,5.52486115868548e-07,2.70162216878862e-06,5.91440405323318e-06,0.00902028414372922,0.303019763618843,0.625582983416228,"Human_Breast_He_06222020_ST_BC23287_D1"
"Human_Breast_He_06222020_ST_BC23287_D1_11x19",0.00126025724283839,0.00403008169894337,0.00438988150638985,1.72114258805554e-06,4.38775509103307e-06,0.00128898026515196,0.0156088681534842,0.125796325370328,0.847619496865185,"Human_Breast_He_06222020_ST_BC23287_D1"
"Human_Breast_He_06222020_ST_BC23287_D1_2x17",0.00239168597810154,0.117572467288073,0.00186904477680218,1.14018115780921e-05,8.59155098750212e-05,0.000362416359167415,0.0240166477002449,0.000343248045116991,0.853347172531041,"Human_Breast_He_06222020_ST_BC23287_D1"
"Human_Breast_He_06222020_ST_BC23287_D1_17x16",0.00367341973127885,0.054114031150387,0.0198210860813452,4.95602298284683e-05,0.000314757802603007,6.665391471853e-05,0.0117788778076127,0.264655939265833,0.645525674016393,"Human_Breast_He_06222020_ST_BC23287_D1"
"Human_Breast_He_06222020_ST_BC23287_D1_17x14",2.39883982903161e-05,0.261099625245903,9.60834877666661e-05,5.80059939774639e-06,9.00690757710452e-05,0.0258112252721476,0.247947514491988,0.0971638060855118,0.367761887343224,"Human_Breast_He_06222020_ST_BC23287_D1"
"Human_Breast_He_06222020_ST_BC23287_D1_17x15",0.00220759837470632,0.215632995690165,0.00223979552313876,8.19054246527517e-08,1.10491797972553e-06,0.0634872885902673,0.00468175225769518,0.0275824719892132,0.68416691075141,"Human_Breast_He_06222020_ST_BC23287_D1"
"Human_Breast_He_06222020_ST_BC23287_D1_13x33",0.000162924528964453,0.0288029470296147,0.00165444756290921,1.09943069628163e-06,4.686910281964e-06,0.00010503525762939,0.00553787463074099,0.152174189973623,0.81155679467554,"Human_Breast_He_06222020_ST_BC23287_D1"
"Human_Breast_He_06222020_ST_BC23287_D1_10x26",8.56905468470287e-07,2.70422882594176e-05,4.28365110046242e-06,1.48346499476113e-08,3.92866020618604e-07,0.000378102898893481,0.000210796204439282,0.00272675350671652,0.996651756844452,"Human_Breast_He_06222020_ST_BC23287_D1"
"Human_Breast_He_06222020_ST_BC23287_D1_10x27",0.00169831175380541,0.149426625188223,0.000552524609684863,5.72780824824357e-08,3.44282919357743e-06,6.21969042104161e-10,0.0537014909348747,3.78123295408838e-06,0.794613765551213,"Human_Breast_He_06222020_ST_BC23287_D1"
"Human_Breast_He_06222020_ST_BC23287_D1_10x24",0.000102822347913799,0.0354399519941668,0.0144812064055439,3.44597639727691e-07,1.50582076654177e-05,0.000103855010825654,0.000838497710193908,0.605165531832913,0.343852731893138,"Human_Breast_He_06222020_ST_BC23287_D1"
"Human_Breast_He_06222020_ST_BC23287_D1_10x25",2.41762553063252e-08,0.00209294884674448,1.7965134699775e-07,9.27522058849413e-09,1.87844308308126e-07,1.35813027702582e-06,0.0449997622393532,0.00649725344709031,0.946408276389404,"Human_Breast_He_06222020_ST_BC23287_D1"
"Human_Breast_He_06222020_ST_BC23287_D1_14x21",0.00265544613303474,0.0157841439117136,0.00693929620620629,5.56955134008426e-07,2.79944151731157e-06,0.00162020773285231,0.000616296884348566,0.216404833430754,0.75597641930444,"Human_Breast_He_06222020_ST_BC23287_D1"
"Human_Breast_He_06222020_ST_BC23287_D1_10x23",1.9108554204582e-07,0.000423938401883163,2.47761184039223e-05,4.63833841277331e-08,9.05430669901412e-08,5.66392886193092e-07,0.0135809493363118,7.03560023237652e-05,0.985899085736198,"Human_Breast_He_06222020_ST_BC23287_D1"
"Human_Breast_He_06222020_ST_BC23287_D1_10x20",8.53278879348232e-06,0.00764499841299959,1.50235801627762e-05,4.89819347929835e-07,5.83175450077339e-07,6.11866983231261e-05,0.0254470207484021,0.140746782124329,0.826075382652191,"Human_Breast_He_06222020_ST_BC23287_D1"
"Human_Breast_He_06222020_ST_BC23287_D1_10x21",0.000345089594672424,6.27424260726622e-05,0.0815509382263781,8.08130412266286e-08,1.69778295815939e-05,4.24414947539701e-05,0.00124539464087969,0.00380266506610751,0.912933669908513,"Human_Breast_He_06222020_ST_BC23287_D1"
"Human_Breast_He_06222020_ST_BC23287_D1_10x28",2.69663495411232e-06,0.00411819925297957,0.000104908355136962,4.9835643951569e-07,2.55600625418007e-05,3.00972489572013e-07,0.000697170110462111,6.02595371638759e-06,0.99504464030128,"Human_Breast_He_06222020_ST_BC23287_D1"
"Human_Breast_He_06222020_ST_BC23287_D1_10x29",0.00105792669867053,0.0731836102063224,0.00227261801485749,8.42697303312716e-07,4.99346019726192e-07,0.000344406788198127,0.00855905397502718,0.0144607378488488,0.900120304424752,"Human_Breast_He_06222020_ST_BC23287_D1"
"Human_Breast_He_06222020_ST_BC23287_D1_7x16",0.0010242333008016,0.0348453204626978,0.018950583005844,0.000186316690367915,9.34292818941125e-05,0.00133344264272127,0.000592587371692841,0.00204009923349243,0.940933988010488,"Human_Breast_He_06222020_ST_BC23287_D1"
"Human_Breast_He_06222020_ST_BC23287_D1_7x18",0.00331304651873405,0.108265609307739,0.079470352420926,0.000456380482068321,0.000110342540025821,7.34808430439046e-05,0.00486381711422196,0.185450252122419,0.617996718650823,"Human_Breast_He_06222020_ST_BC23287_D1"
"Human_Breast_He_06222020_ST_BC23287_D1_7x19",1.3402284460542e-05,0.00360740213990536,0.000495393661805487,5.43992027073146e-09,1.11789547135218e-07,1.18287996455284e-05,0.0164632953970271,0.0689425123296528,0.910466048158036,"Human_Breast_He_06222020_ST_BC23287_D1"
"Human_Breast_He_06222020_ST_BC23287_D1_19x32",0.000360081495744032,0.00622229470976452,0.00353246854044414,5.64837024172152e-05,3.94793085937558e-05,3.23838190263904e-06,0.022196487795816,0.0968958274486054,0.870693638616712,"Human_Breast_He_06222020_ST_BC23287_D1"
"Human_Breast_He_06222020_ST_BC23287_D1_19x33",5.00876185289227e-05,0.000310930497875838,8.03138306431624e-05,1.4792162555531e-06,1.01369549449725e-05,3.5007691791387e-06,0.0492267965757736,0.0327834346631359,0.917533319873663,"Human_Breast_He_06222020_ST_BC23287_D1"
"Human_Breast_He_06222020_ST_BC23287_D1_19x30",1.37765619673455e-06,1.04143642503488e-05,1.29706205991953e-05,3.91425131125607e-09,1.5513001078468e-07,1.08924371570415e-08,0.000124431511362619,0.0102030217141113,0.989647614196781,"Human_Breast_He_06222020_ST_BC23287_D1"
"Human_Breast_He_06222020_ST_BC23287_D1_19x31",0.000395710575147509,0.0064851452441136,0.00172410871555978,1.29508619411046e-06,3.28004831367174e-06,5.30810993369168e-06,0.0169852791731086,0.232529771801876,0.741870101245753,"Human_Breast_He_06222020_ST_BC23287_D1"
"Human_Breast_He_06222020_ST_BC23287_D1_24x29",0.000306105636300139,0.00062437374661785,0.0119333465991036,3.7231811508171e-06,1.93016078713933e-05,2.765139410968e-06,0.087887639441941,0.0103857215211146,0.88883702312649,"Human_Breast_He_06222020_ST_BC23287_D1"
"Human_Breast_He_06222020_ST_BC23287_D1_9x25",1.82103866522059e-05,0.0480940928688575,0.128274954193088,6.11738723262901e-07,4.13650977786316e-06,9.15280895865961e-08,0.00102983078706004,0.0562828935440442,0.766295178443708,"Human_Breast_He_06222020_ST_BC23287_D1"
"Human_Breast_He_06222020_ST_BC23287_D1_9x24",9.32360513968398e-07,1.41732671750909e-05,0.000280214300217026,6.25970308824485e-06,2.24052709651821e-05,4.6120817123954e-05,1.63915031295458e-05,0.00221631307669916,0.997397189701088,"Human_Breast_He_06222020_ST_BC23287_D1"
"Human_Breast_He_06222020_ST_BC23287_D1_13x29",0.000180169565337204,0.0091232917297181,0.0010221561653067,5.45036355728847e-06,0.00010645660382129,0.000492811138801915,0.000136779780312576,0.223315415441111,0.765617469212034,"Human_Breast_He_06222020_ST_BC23287_D1"
"Human_Breast_He_06222020_ST_BC23287_D1_13x28",0.00303491915549552,0.096575535329102,0.00552500428681162,0.000154936883556702,0.00050153246519126,7.4047330155808e-05,0.0549986226518417,0.211966444567391,0.627168957330454,"Human_Breast_He_06222020_ST_BC23287_D1"
"Human_Breast_He_06222020_ST_BC23287_D1_9x21",1.83658736129063e-05,0.0947899674330995,4.24748142860325e-06,0.000944062664051219,8.51515709068468e-05,0.00357934629310532,0.320943733002278,0.287655048764317,0.291980076917201,"Human_Breast_He_06222020_ST_BC23287_D1"
"Human_Breast_He_06222020_ST_BC23287_D1_9x20",0.000940667695891905,0.11175634343514,0.00157603851548022,6.71394075473733e-06,8.0935565171243e-06,0.000174517590446521,0.0662385499955478,0.0913011903777051,0.727997884892517,"Human_Breast_He_06222020_ST_BC23287_D1"
"Human_Breast_He_06222020_ST_BC23287_D1_9x23",0.00246122465074467,0.0598224108188967,0.15605220144022,2.14172596759601e-07,2.87746759871437e-07,7.12828901186467e-09,0.0150120374172254,0.130851057651406,0.635800558973862,"Human_Breast_He_06222020_ST_BC23287_D1"
"Human_Breast_He_06222020_ST_BC23287_D1_9x22",8.5788471913743e-06,0.112658912623849,0.00173496307348249,1.76918562771483e-10,1.59236975568767e-08,3.09634858696359e-07,0.00154884445728111,5.40225860323854e-07,0.88404783503686,"Human_Breast_He_06222020_ST_BC23287_D1"
"Human_Breast_He_06222020_ST_BC23287_D1_12x24",0.0134386024744048,0.0902272051023622,0.180808465046017,1.46021807443571e-05,0.00243439052441973,0.261455226155311,0.0183515634744119,0.000912407928970854,0.432357537113359,"Human_Breast_He_06222020_ST_BC23287_D1"
"Human_Breast_He_06222020_ST_BC23287_D1_12x25",3.24813338542706e-05,0.0041850953586324,0.0844697934894964,5.60852510319899e-05,0.000160101354755961,0.00818939693549938,0.0330384453533478,0.134314398222225,0.735554202701157,"Human_Breast_He_06222020_ST_BC23287_D1"
"Human_Breast_He_06222020_ST_BC23287_D1_13x21",0.000239825204983763,0.000750577760752512,8.61850338710105e-05,7.9665201990088e-05,4.44534182566491e-05,2.88366242650253e-05,0.0677723759820968,0.000198293705078343,0.930799787068706,"Human_Breast_He_06222020_ST_BC23287_D1"
"Human_Breast_He_06222020_ST_BC23287_D1_13x20",0.000944502640348173,0.0990335179041653,0.00135111188077116,0.450834614019363,0.00142551450238054,0.0158179388828717,0.00179343658350768,0.00641417008413256,0.42238519350246,"Human_Breast_He_06222020_ST_BC23287_D1"
"Human_Breast_He_06222020_ST_BC23287_D1_13x27",1.56404484513251e-06,1.30659402523089e-05,1.88682849331842e-06,2.66870142113885e-08,8.70191286466367e-07,0.000115355840856204,0.12734754078574,0.121644644672973,0.75087504500854,"Human_Breast_He_06222020_ST_BC23287_D1"
"Human_Breast_He_06222020_ST_BC23287_D1_9x28",9.69437794023356e-05,0.0394107318932805,0.00122821929185019,1.86451988271242e-06,3.9145728675113e-05,2.67946790927933e-06,0.00420274067313652,0.000508717199942771,0.954508957445921,"Human_Breast_He_06222020_ST_BC23287_D1"
"Human_Breast_He_06222020_ST_BC23287_D1_12x22",0.0110246153170437,0.038092379361239,0.0913397087621993,0.000358695296938329,0.000115834007516719,0.00123512037070126,0.00377258430834646,0.544833066164136,0.309227996411879,"Human_Breast_He_06222020_ST_BC23287_D1"
"Human_Breast_He_06222020_ST_BC23287_D1_12x23",0.0256914190938962,0.201484545594363,0.170090134093822,9.0141306773179e-06,5.253107037309e-05,0.00304508633949192,0.308255912754739,0.00563422695113089,0.285737129971506,"Human_Breast_He_06222020_ST_BC23287_D1"
"Human_Breast_He_06222020_ST_BC23287_D1_25x34",0.000328810665952587,0.13716300387682,0.00348094062546311,6.2527774271896e-05,3.49346288174442e-05,0.0513115431265371,0.174944305042296,0.0319360073959835,0.600737926863859,"Human_Breast_He_06222020_ST_BC23287_D1"
"Human_Breast_He_06222020_ST_BC23287_D1_25x31",0.000202801748416591,0.00910967370620359,0.00320918571304285,3.99463795445172e-07,2.27882394912665e-07,2.39951425292361e-08,0.205946546634438,0.00284564280546426,0.778685498051101,"Human_Breast_He_06222020_ST_BC23287_D1"
"Human_Breast_He_06222020_ST_BC23287_D1_25x30",9.04648168489946e-05,0.0002242308961897,3.11966282089803e-05,1.52414834201021e-06,3.33250447994897e-06,1.04719052267688e-06,0.0372089183685974,0.053906443165735,0.908532842281075,"Human_Breast_He_06222020_ST_BC23287_D1"
"Human_Breast_He_06222020_ST_BC23287_D1_25x33",0.000102019723421296,0.00479231761453108,6.34712344613444e-05,1.7304861593213e-05,1.51185933949639e-05,0.000401822607383908,0.144185275262151,0.245049796911801,0.605372873191262,"Human_Breast_He_06222020_ST_BC23287_D1"
"Human_Breast_He_06222020_ST_BC23287_D1_25x32",8.12598073601202e-05,0.00788149007987628,0.00136893233850534,2.46469221604927e-06,2.97762375607677e-06,1.2533154010053e-06,0.0644997845327125,0.0199358937767728,0.9062259438334,"Human_Breast_He_06222020_ST_BC23287_D1"
"Human_Breast_He_06222020_ST_BC23287_D1_10x22",1.83163556370945e-05,0.0332234923495907,6.78321177715544e-06,2.3214074712347e-05,1.00824508932646e-05,4.82308634571826e-05,0.00338138504309878,0.033370266164204,0.929918229486629,"Human_Breast_He_06222020_ST_BC23287_D1"
"Human_Breast_He_06222020_ST_BC23287_D1_3x27",0.000824978380768704,0.00606889952587376,1.27180738763063e-06,8.03683825035727e-07,2.41694493433952e-07,1.48415705542195e-06,0.0432663440028721,0.327465382300924,0.6223705944468,"Human_Breast_He_06222020_ST_BC23287_D1"
"Human_Breast_He_06222020_ST_BC23287_D1_3x25",0.000630622087597194,0.0170435973067125,0.000753348842928199,0.373810061949056,0.00353695639237141,4.97584817766099e-05,0.0672186744185309,0.0013716476912236,0.535585332829803,"Human_Breast_He_06222020_ST_BC23287_D1"
"Human_Breast_He_06222020_ST_BC23287_D1_3x24",3.24420213477755e-06,0.00267469109447614,0.00027992399828795,1.83697368492058e-05,1.20448061858851e-06,0.139261421849537,0.064105437181207,0.0032079967446731,0.790447710712216,"Human_Breast_He_06222020_ST_BC23287_D1"
"Human_Breast_He_06222020_ST_BC23287_D1_11x29",0.000852512477507465,0.0206860654316614,0.000305961396992862,5.02615682027718e-08,9.79180940020765e-07,0.00433978909565879,0.00684847160147863,1.43288634474686e-05,0.966951841690745,"Human_Breast_He_06222020_ST_BC23287_D1"
"Human_Breast_He_06222020_ST_BC23287_D1_11x28",0.00569755187028156,0.0936372678057871,0.053549979209286,2.14540991822209e-07,3.98586232413071e-06,0.000652005105552191,0.034257102921973,0.129472073170603,0.682729819513201,"Human_Breast_He_06222020_ST_BC23287_D1"
"Human_Breast_He_06222020_ST_BC23287_D1_3x21",0.00122292590134458,0.00902074077531154,0.0117875038958722,1.04914495231899e-07,6.75500109895359e-06,0.000253806872077163,0.0111123728556147,0.240521975247488,0.726073814536697,"Human_Breast_He_06222020_ST_BC23287_D1"
"Human_Breast_He_06222020_ST_BC23287_D1_14x31",2.52750756042818e-06,2.84148299904427e-06,9.59890334404121e-07,1.39120549159731e-08,2.11094171928211e-07,6.39598453722482e-09,0.00615537597814736,0.0879771331706148,0.905860930568133,"Human_Breast_He_06222020_ST_BC23287_D1"
"Human_Breast_He_06222020_ST_BC23287_D1_11x24",0.0298792255419561,0.232904889528714,0.0316213464676766,7.53240493038599e-06,4.07571009158476e-05,0.00328764378438504,0.014339893230877,0.119923472157298,0.567995239783248,"Human_Breast_He_06222020_ST_BC23287_D1"
"Human_Breast_He_06222020_ST_BC23287_D1_14x33",9.77565157455819e-06,3.32612579624689e-05,1.53608357023092e-05,2.96578114349243e-07,9.14057109283841e-07,7.56978305286024e-07,0.0779510904436052,0.0981530085304368,0.82383553566719,"Human_Breast_He_06222020_ST_BC23287_D1"
"Human_Breast_He_06222020_ST_BC23287_D1_14x32",1.88197175498792e-05,0.00125524489860693,2.08250227246719e-05,1.42423589444273e-06,1.07111086737631e-05,4.05403747804734e-07,0.00675940214357395,0.148991919875489,0.84294124759374,"Human_Breast_He_06222020_ST_BC23287_D1"
"Human_Breast_He_06222020_ST_BC23287_D1_11x21",2.56517238494634e-07,3.48767162619197e-06,1.07491942324801e-05,1.15061394599048e-09,5.98605030177859e-09,1.1323035393414e-08,0.000199510514141356,0.763904516716627,0.235881460926435,"Human_Breast_He_06222020_ST_BC23287_D1"
"Human_Breast_He_06222020_ST_BC23287_D1_11x20",0.000307942899817483,0.0708472977416964,0.00779493987944014,3.23945849827868e-09,1.97674748385964e-06,0.115978695768395,0.00159346187262962,0.436430915535994,0.367044766315086,"Human_Breast_He_06222020_ST_BC23287_D1"
"Human_Breast_He_06222020_ST_BC23287_D1_11x23",0.0139085212116488,0.115505004373706,0.0227106966306037,2.47262453788377e-06,4.69705957396665e-06,0.000359624848611343,0.302372607174114,0.0357044345485589,0.509431941528644,"Human_Breast_He_06222020_ST_BC23287_D1"
"Human_Breast_He_06222020_ST_BC23287_D1_3x28",0.00159180299877342,0.0524168628370808,0.000374382844735207,0.0520272310382572,0.0113226002528718,0.00250524710585451,0.00423294992821533,2.65467986308157e-07,0.875528657526225,"Human_Breast_He_06222020_ST_BC23287_D1"
"Human_Breast_He_06222020_ST_BC23287_D1_18x19",0.00212389231354484,0.154143284301101,0.0317026624511492,2.7840834766979e-05,0.000919693750601971,0.000123615501429219,0.10008501838672,0.000164930297882734,0.710709062162804,"Human_Breast_He_06222020_ST_BC23287_D1"
"Human_Breast_He_06222020_ST_BC23287_D1_18x16",0.0136470703420123,0.190287822297524,0.00753077254694627,6.09589286478321e-06,9.73197731699314e-05,0.0316229553941435,0.00632694711511328,0.104930394010587,0.645550622627639,"Human_Breast_He_06222020_ST_BC23287_D1"
"Human_Breast_He_06222020_ST_BC23287_D1_13x24",0.000121200913652649,0.141852601723115,0.00525875336244305,1.09057896796395e-07,2.09064119142562e-07,0.00383080997614862,0.00854759057716081,3.1918658487323e-07,0.84038840613888,"Human_Breast_He_06222020_ST_BC23287_D1"
"Human_Breast_He_06222020_ST_BC23287_D1_6x15",0.015440288232013,0.0103269501827021,0.135851586706123,2.29857777420548e-06,7.88482962218117e-05,0.000174726652535302,0.113222870753486,0.38958662256972,0.335315808029424,"Human_Breast_He_06222020_ST_BC23287_D1"
"Human_Breast_He_06222020_ST_BC23287_D1_2x24",0.0026849803957456,0.000170863041495875,3.3475483420505e-05,3.97094552105635e-08,5.93415149677185e-07,0.0104690164944849,0.125731392281262,2.79917779953771e-05,0.860881647400991,"Human_Breast_He_06222020_ST_BC23287_D1"
"Human_Breast_He_06222020_ST_BC23287_D1_2x25",0.00205385063489491,0.0565639157259062,0.0100394152861232,1.4305190439966e-05,2.12138419635861e-05,0.00302719742364163,0.0541171240205036,0.0520360559770951,0.822126921899432,"Human_Breast_He_06222020_ST_BC23287_D1"
"Human_Breast_He_06222020_ST_BC23287_D1_2x27",1.13690944421874e-06,0.00154592903184781,0.000301783043566622,0.00119476967238278,3.9678377653398e-05,2.96587199847266e-07,0.0057638562503247,0.0210468470153411,0.970105703112239,"Human_Breast_He_06222020_ST_BC23287_D1"
"Human_Breast_He_06222020_ST_BC23287_D1_2x22",0.00202182480538456,0.0196483241284108,0.05573078840404,2.92029313671621e-06,1.33738404028914e-07,0.00459136993020023,0.0928965441206324,0.602791167341669,0.222316927238122,"Human_Breast_He_06222020_ST_BC23287_D1"
"Human_Breast_He_06222020_ST_BC23287_D1_2x23",0.00159516315983504,0.125359373335908,0.0377843268002429,0.00549260492201657,0.00475421145760136,0.00109672838921045,0.0438583025746356,0.00207579047784629,0.777983498882704,"Human_Breast_He_06222020_ST_BC23287_D1"
"Human_Breast_He_06222020_ST_BC23287_D1_16x32",0.000171792661481212,0.33619893833844,0.0163876735008231,0.00203780038526882,2.79277253609991e-05,0.000819064322074914,0.0391865840152631,1.77553349475849e-06,0.605168443517793,"Human_Breast_He_06222020_ST_BC23287_D1"
"Human_Breast_He_06222020_ST_BC23287_D1_16x31",0.000289348517966784,0.533196268037732,0.00723423365558682,2.58560344138876e-05,2.56344791124265e-06,0.00707384512379496,0.160036123641237,0.0518800937264944,0.240261667814863,"Human_Breast_He_06222020_ST_BC23287_D1"
"Human_Breast_He_06222020_ST_BC23287_D1_16x30",0.00260395047030904,0.247813348242016,0.00671185611080301,5.92894287346116e-06,7.77979032298577e-06,0.000309193128946994,0.0252481962699538,0.0239930088392745,0.6933067382055,"Human_Breast_He_06222020_ST_BC23287_D1"
"Human_Breast_He_06222020_ST_BC23287_D1_8x17",0.0283524914983509,0.0935829826524644,0.0660309642983374,2.94500766608298e-05,6.60651018547626e-05,0.0851667386705248,0.0345466342847588,0.045166412962127,0.647058260454921,"Human_Breast_He_06222020_ST_BC23287_D1"
"Human_Breast_He_06222020_ST_BC23287_D1_4x17",3.1702488560404e-06,0.122253171732345,3.25187583800516e-06,1.50314928294698e-07,5.14781554260846e-07,9.52789985855723e-05,0.000195321835378362,0.327367093530281,0.550082046682233,"Human_Breast_He_06222020_ST_BC23287_D1"
"Human_Breast_He_06222020_ST_BC23287_D1_4x16",0.175231719590577,0.000703514704068186,0.132823112944564,5.69317510980917e-05,0.000302566911079304,0.0014934850374162,0.004522113192719,2.34264440160928e-06,0.684864213224076,"Human_Breast_He_06222020_ST_BC23287_D1"
"Human_Breast_He_06222020_ST_BC23287_D1_4x15",0.00516658790973261,0.00618206192556995,0.110662350442556,0.00178955356431755,0.0111502887953449,0.00720930687172227,0.029023450715099,0.000109484507576693,0.828706915268081,"Human_Breast_He_06222020_ST_BC23287_D1"
"Human_Breast_He_06222020_ST_BC23287_D1_15x33",0.000253533163254359,0.0298270327226168,0.000351130757043367,7.37523162569953e-08,7.90534524693161e-07,0.00684995545996903,0.0150078714443393,0.196845111846155,0.750864500319781,"Human_Breast_He_06222020_ST_BC23287_D1"
"Human_Breast_He_06222020_ST_BC23287_D1_17x21",0.000406244474778527,0.0106545080778931,5.64441899555901e-05,2.42790687240977e-08,1.85594901308705e-07,5.99284825590526e-08,0.0188196128986908,0.188833672634285,0.781229247921944,"Human_Breast_He_06222020_ST_BC23287_D1"
"Human_Breast_He_06222020_ST_BC23287_D1_4x18",3.51424399391381e-08,3.02029963152863e-06,1.44369417730922e-09,1.16695780304452e-12,4.1153133013934e-12,2.77685176366356e-10,0.142663903429516,2.68870894565215e-09,0.857333036713042,"Human_Breast_He_06222020_ST_BC23287_D1"
"Human_Breast_He_06222020_ST_BC23287_D1_11x34",0.00578733834260011,0.102369685129003,0.00599306976177216,0.00124520578738191,0.000472531988426433,0.000223125978036097,0.1527918022867,0.0685279391071697,0.66258930161891,"Human_Breast_He_06222020_ST_BC23287_D1"
"Human_Breast_He_06222020_ST_BC23287_D1_14x27",0.0298007173898831,0.0251398124035146,0.00313234042879385,0.00589784648844177,0.0131369631790702,0.00031552168583629,0.00535981991737956,4.17774341586603e-05,0.917175201072922,"Human_Breast_He_06222020_ST_BC23287_D1"
"Human_Breast_He_06222020_ST_BC23287_D1_12x17",0.00434038979190348,0.22599752568425,0.0142202473417738,2.66490699292025e-06,2.22835068075123e-05,0.00981781775663945,0.0052856598444082,0.00146218571139674,0.738851225455828,"Human_Breast_He_06222020_ST_BC23287_D1"
"Human_Breast_He_06222020_ST_BC23287_D1_14x25",0.00436788698809794,0.0284672941567542,0.139586071391177,2.15207471456839e-06,3.90905289278554e-06,0.0770261507320364,0.0473005452389088,9.98580806980603e-05,0.70314613228472,"Human_Breast_He_06222020_ST_BC23287_D1"
"Human_Breast_He_06222020_ST_BC23287_D1_12x19",6.07478887829344e-05,0.0128728258537533,0.000632910285607095,3.31979672363456e-07,1.81276251735562e-06,6.47383414015722e-06,0.0331878587395576,0.292364076593405,0.660872962062564,"Human_Breast_He_06222020_ST_BC23287_D1"
"Human_Breast_He_06222020_ST_BC23287_D1_12x18",8.33679837734616e-06,0.0268909405168086,0.000121369580380929,9.52035123168885e-09,1.62138949043728e-07,0.00011103112526155,0.0625877375636167,0.0212064836809006,0.889073929075354,"Human_Breast_He_06222020_ST_BC23287_D1"
"Human_Breast_He_06222020_ST_BC23287_D1_5x24",2.24472158324761e-07,1.73979705872452e-05,1.12861653121618e-06,0.00628369356588911,0.0200239295552526,0.000251916838813847,0.345676225567352,5.93004962734664e-05,0.627686182917142,"Human_Breast_He_06222020_ST_BC23287_D1"
"Human_Breast_He_06222020_ST_BC23287_D1_9x18",0.000407726005227146,0.0628904775091648,0.0412697382273353,1.0116856257375e-07,3.94698235676457e-07,3.10587394288639e-06,0.0169224066705955,0.0948251350189575,0.783680914827979,"Human_Breast_He_06222020_ST_BC23287_D1"
"Human_Breast_He_06222020_ST_BC23287_D1_9x19",0.00183159585089086,0.0164243028912445,0.365024543924398,2.91079385198141e-08,8.22449167889888e-07,0.0483657661372498,0.000620544165767376,3.79331691955715e-06,0.567728602156424,"Human_Breast_He_06222020_ST_BC23287_D1"
"Human_Breast_He_06222020_ST_BC23287_D1_14x19",0.0823876213029304,0.28043747938447,0.00354090503688099,5.86762878016579e-08,4.68795886326366e-06,0.00045049681846884,0.223224413819368,0.263004907588923,0.146949429413807,"Human_Breast_He_06222020_ST_BC23287_D1"
"Human_Breast_He_06222020_ST_BC23287_D1_8x18",0.00203580269043681,0.000846507977914952,0.00270349154288032,9.11591744093901e-08,1.82860682696821e-06,0.000225837921704771,0.0277801264044679,0.0514782369732534,0.91492807672334,"Human_Breast_He_06222020_ST_BC23287_D1"
"Human_Breast_He_06222020_ST_BC23287_D1_5x34",0.000174926218199723,0.0199244409563615,0.0214660122263008,6.56572111367169e-08,3.65259439259086e-06,1.69380090660902e-07,0.0212114037607133,0.206950629551906,0.730268699654825,"Human_Breast_He_06222020_ST_BC23287_D1"
"Human_Breast_He_06222020_ST_BC23287_D1_5x33",8.67139614694927e-07,0.183692290623536,0.000814827381568546,1.83951316701405e-08,7.09093667678152e-08,4.47658995662987e-07,0.204731397673573,0.0356362392648375,0.575123840953376,"Human_Breast_He_06222020_ST_BC23287_D1"
"Human_Breast_He_06222020_ST_BC23287_D1_14x26",2.8080407288448e-05,0.0545828630844844,0.000470292277478165,3.06414231305862e-06,1.03171016826716e-06,0.00567933551944619,0.00247975655354182,0.356095144104615,0.580660432200664,"Human_Breast_He_06222020_ST_BC23287_D1"
"Human_Breast_He_06222020_ST_BC23287_D1_5x31",0.00237949351514759,7.90240828377735e-05,0.0229905907551029,0.00653646229442882,0.00782044645646421,0.000184761407292597,0.000337338628221028,0.717109604971751,0.242562277888754,"Human_Breast_He_06222020_ST_BC23287_D1"
"Human_Breast_He_06222020_ST_BC23287_D1_8x31",2.48448101569152e-05,0.0307993611939817,3.14777002763146e-06,0.301508870657243,0.0177315541792079,7.78021780817167e-06,0.216634138898729,1.39824089259284e-06,0.433288904031953,"Human_Breast_He_06222020_ST_BC23287_D1"
"Human_Breast_He_06222020_ST_BC23287_D1_8x30",0.00041750072598645,0.112362102831698,0.000130679612121345,5.63266570573148e-06,1.8092149031131e-05,0.000432300980052084,0.00729258637946538,0.282551566600836,0.596789538055104,"Human_Breast_He_06222020_ST_BC23287_D1"
"Human_Breast_He_06222020_ST_BC23287_D1_17x29",0.0082922415839446,0.0508095084556176,0.0387537219711573,5.32549596138116e-06,3.71242304605583e-06,2.80481705548506e-05,0.00775472593489801,0.438013051245517,0.456339664719303,"Human_Breast_He_06222020_ST_BC23287_D1"
"Human_Breast_He_06222020_ST_BC23287_D1_17x28",0.0178034840646256,0.0225044913308991,0.0792113261386376,0.220809826458956,0.0152300040123401,0.00131626258557215,0.144230911339779,0.121797192262566,0.377096501806625,"Human_Breast_He_06222020_ST_BC23287_D1"
"Human_Breast_He_06222020_ST_BC23287_D1_17x26",0.00735408487527728,0.140305509100488,0.0426024084541992,0.225803667501167,0.0154167424439716,0.000804588958555774,0.00231146605621812,3.802845478306e-05,0.565363504155339,"Human_Breast_He_06222020_ST_BC23287_D1"
"Human_Breast_He_06222020_ST_BC23287_D1_17x25",0.0185552168859537,0.044824820320709,0.0413843155580538,0.000173840275806823,0.000514356188563816,1.18050023019053e-05,0.00117370797391156,0.226572564090203,0.666789373704496,"Human_Breast_He_06222020_ST_BC23287_D1"
"Human_Breast_He_06222020_ST_BC23287_D1_17x24",0.0743222467414499,0.0611411595912086,0.225235025625399,7.06061770533869e-05,0.000581620515059942,0.232758357984182,0.116897217198518,5.35448014775858e-05,0.288940221365652,"Human_Breast_He_06222020_ST_BC23287_D1"
"Human_Breast_He_06222020_ST_BC23287_D1_17x22",4.35291417088446e-05,0.162135188356596,3.07646840194208e-05,6.85880350842039e-09,5.90238206720696e-07,6.8442221987483e-09,4.03181701572243e-07,5.95188563391786e-08,0.837789451175886,"Human_Breast_He_06222020_ST_BC23287_D1"
"Human_Breast_He_06222020_ST_BC23287_D1_10x19",0.00454973723743505,0.0567471345107618,0.394775520312755,0.0331695004957113,0.0198457684905048,0.0837037334890515,0.00147711264744475,0.000495189912141396,0.405236302904194,"Human_Breast_He_06222020_ST_BC23287_D1"
"Human_Breast_He_06222020_ST_BC23287_D1_10x18",0.000135897996765978,0.0169992424708293,0.0111876190475697,5.36717281406396e-07,1.04515279055086e-06,2.02593084508627e-06,0.0107023724245298,0.00277857895239796,0.95819268130699,"Human_Breast_He_06222020_ST_BC23287_D1"
"Human_Breast_He_06222020_ST_BC23287_D1_24x28",0.000393677134285206,0.00412742812545958,0.00124102887234047,3.8829394682622e-08,2.32896348838767e-07,7.73254310944418e-08,0.00235619255731643,0.00540433294030876,0.986476991319115,"Human_Breast_He_06222020_ST_BC23287_D1"
"Human_Breast_He_06222020_ST_BC23287_D1_24x25",0.000136292229677972,0.0103288054580466,0.000755961169838979,4.67747857383529e-06,3.51108128340016e-05,6.3941223913044e-06,0.0277305517838388,0.0232999549373011,0.937702252007497,"Human_Breast_He_06222020_ST_BC23287_D1"
