"","Endothelial","CAFs","PVL","B-cells","T-cells","Myeloid","Normal Epithelial","Plasmablasts","Cancer Epithelial","sid"
"GSE210616_GSM6433610_AAACAAGTATCTCCCA-1",0.0206586595426146,0.121442658040026,0.0368495716648321,0.00734828227408522,0.00211783864699624,0.218957929820153,0.00157345706831568,0.590275362340739,0.000776240602237817,"GSE210616_GSM6433610"
"GSE210616_GSM6433610_AAACCGGGTAGGTACC-1",0.016905069410461,0.169810145488152,0.0139541544573939,0.0057593079795823,0.00473935708402491,0.355036643802598,0.0080959617048437,0.4220439671584,0.00365539291454371,"GSE210616_GSM6433610"
"GSE210616_GSM6433610_AAACCGTTCGTCCAGG-1",0.0337101207601185,0.226205082663506,0.136623623712918,0.0688951314557173,0.0292961222978807,0.268507431012574,0.00894475151843691,0.206341887104136,0.0214758494747128,"GSE210616_GSM6433610"
"GSE210616_GSM6433610_AAACGAGACGGTTGAT-1",0.05056724030055,0.0760069381095961,0.0211094706296062,0.11632911928044,0.135469066014209,0.309351688161158,0.0865920153832519,0.00609650887625877,0.19847795324493,"GSE210616_GSM6433610"
"GSE210616_GSM6433610_AAACTGCTGGCTCCAA-1",0.0308619275815445,0.0770500838082858,0.0117204936967105,0.195188926184269,0.135514945708817,0.314281198314911,0.120156253141995,0.00901701528185075,0.106209156281616,"GSE210616_GSM6433610"
"GSE210616_GSM6433610_AAACTTGCAAACGTAT-1",0.0337224525913334,0.0845769660150927,0.0157918743093193,0.0503589422866916,0.0873879829757827,0.379880743355948,0.104030152707319,0.122902757815051,0.121348127943462,"GSE210616_GSM6433610"
"GSE210616_GSM6433610_AAAGGCTCTCGCGCCG-1",0.0105828818507826,0.286743601222979,0.00982193817316538,0.055224425863623,0.145422249979733,0.233796665884192,0.00347278373873131,0.249014779023901,0.00592067426289296,"GSE210616_GSM6433610"
"GSE210616_GSM6433610_AAAGGGATGTAGCAAG-1",0.0380650304576982,0.0855929507473469,0.0269066305548922,0.0472964652791166,0.0743254771195662,0.400222870534667,0.0963950233158649,0.0619080358846711,0.169287516106177,"GSE210616_GSM6433610"
"GSE210616_GSM6433610_AAAGTAGCATTGCTCA-1",0.000841105537083992,0.521360765569678,4.61756608465328e-05,2.45419289253147e-08,8.51725402917031e-06,0.464672134129822,0.00765649329747447,8.41939054779886e-05,0.00533059010365813,"GSE210616_GSM6433610"
"GSE210616_GSM6433610_AAAGTGTGATTTATCT-1",0.0251319631201669,0.104757460992272,0.021226770198907,0.0174496959622189,0.0369491098330894,0.438296880482047,0.0529412888102532,0.265929511958534,0.0373173186425114,"GSE210616_GSM6433610"
"GSE210616_GSM6433610_AAAGTTGACTCCCGTA-1",0.0556498468992252,0.0873954282522625,0.0199677773981298,0.107176837335511,0.250914108257049,0.244232206776767,0.0654932918575098,0.0342692066557461,0.1349012965678,"GSE210616_GSM6433610"
"GSE210616_GSM6433610_AAATACCTATAAGCAT-1",0.0139480281287937,0.117354051168392,0.00468617112885201,0.00216216032559563,0.0049034331929512,0.725896896362316,0.121038726012458,0.00101677692184474,0.00899375675879754,"GSE210616_GSM6433610"
"GSE210616_GSM6433610_AAATAGGGTGCTATTG-1",0.0279990337037264,0.301643348625706,0.0237179165088012,0.0411577820596142,0.0708567724180409,0.302276096958754,0.00669693509423902,0.21696554206959,0.00868657256152943,"GSE210616_GSM6433610"
"GSE210616_GSM6433610_AAATCGTGTACCACAA-1",0.0291440001762043,0.0509268923388997,0.0124847230065562,0.111771745521411,0.221748150951219,0.161581722139305,0.140567562465231,0.103256991158299,0.168518212242874,"GSE210616_GSM6433610"
"GSE210616_GSM6433610_AAATCTAGCCCTGCTA-1",0.00566668183548196,0.587050452654074,0.0174569286903517,0.00915002426755337,0.00119945197518183,0.0968962433437014,1.60753336471809e-05,0.282523581084386,4.05608156225631e-05,"GSE210616_GSM6433610"
"GSE210616_GSM6433610_AAATGGTCAATGTGCC-1",0.0523403722489759,0.090721423249716,0.028874490927374,0.117552340667807,0.214203289790267,0.17900551922819,0.0967136345163925,0.0746923543240568,0.14589657504722,"GSE210616_GSM6433610"
"GSE210616_GSM6433610_AAATTAACGGGTAGCT-1",0.156631425334059,0.169937422668325,0.15412642148854,0.00852659790678084,0.042043362567781,0.2248115663701,0.00819022861671533,0.217642461478921,0.0180905135687776,"GSE210616_GSM6433610"
"GSE210616_GSM6433610_AAATTACCTATCGATG-1",0.0593819972666877,0.0772967231509422,0.0341841110546505,0.0225722973546662,0.104208050377222,0.354867033064765,0.126958198202629,0.0961390911456086,0.124392498382829,"GSE210616_GSM6433610"
"GSE210616_GSM6433610_AAATTTGCGGGTGTGG-1",0.00441660389683262,0.257699075032876,0.00143211788645561,0.00141006923770233,0.0130004048403742,0.602531407651625,0.0285580625726249,0.0785915776784382,0.0123606812030705,"GSE210616_GSM6433610"
"GSE210616_GSM6433610_AACAACTGGTAGTTGC-1",0.0520668984096043,0.0385952854823209,0.00965589262426167,0.160871213431338,0.188963993351394,0.251310571277272,0.146009290331963,0.0289232970242585,0.123603558067588,"GSE210616_GSM6433610"
"GSE210616_GSM6433610_AACACACGCTCGCCGC-1",0.0080063209030131,0.280011544807372,0.0020775742842384,0.00122238583581587,0.00041128330889555,0.392353627476237,0.000283779944119292,0.315451493425211,0.000181990015097863,"GSE210616_GSM6433610"
"GSE210616_GSM6433610_AACACGAGACGCGGCC-1",0.0277633785052804,0.106414899029304,0.0353650087854972,0.00988244587892437,0.0868398073356577,0.524990344845306,0.0857593575009156,0.0418990084611716,0.0810857496579421,"GSE210616_GSM6433610"
"GSE210616_GSM6433610_AACAGGATGGGCCGCG-1",0.0298961596605727,0.152036072038799,0.0338427153081433,0.0600947527343319,0.0502195367227334,0.407820158129939,0.0813655560174408,0.126908219082544,0.0578168303054959,"GSE210616_GSM6433610"
"GSE210616_GSM6433610_AACAGGTAGTATGGAT-1",0.00507649859455333,0.120785834317624,0.0147861470974218,0.0170774148600599,0.0316564206467197,0.289672473692473,0.00495933013757664,0.509072067374367,0.00691381327920437,"GSE210616_GSM6433610"
"GSE210616_GSM6433610_AACATATCAACTGGTG-1",0.054906366506744,0.1280504327595,0.0135294311853566,0.058305194635905,0.121464183586516,0.322389650122334,0.143748442368887,0.0376984799242134,0.119907818910544,"GSE210616_GSM6433610"
"GSE210616_GSM6433610_AACCAAGACTTCTCTG-1",0.00309468271251476,0.275532925899938,0.015248873478247,0.00379654408974703,0.00270241374918135,0.53445177284842,0.00270475757027352,0.16134978988903,0.00111823976264875,"GSE210616_GSM6433610"
"GSE210616_GSM6433610_AACCCGAGCAGAATCG-1",0.0074669531269062,0.215385666919885,0.0116866773026038,0.180338637309844,0.0751806746915661,0.166693842924947,0.00341731004650296,0.338184248628971,0.00164598904877359,"GSE210616_GSM6433610"
"GSE210616_GSM6433610_AACCCTACTGTCAATA-1",0.0513188310167266,0.0901381269618606,0.0304664051226115,0.174571527803016,0.185692986004429,0.162945021258171,0.161601249402317,0.00802084101335545,0.135245011417512,"GSE210616_GSM6433610"
"GSE210616_GSM6433610_AACCGAGCTTGGTCAT-1",0.0927124530555567,0.119663132625203,0.0251418828410167,0.078068756209646,0.136575914202469,0.234948027272703,0.168056205476644,0.0245003417744454,0.120333286542316,"GSE210616_GSM6433610"
"GSE210616_GSM6433610_AACCGCTAAGGGATGC-1",0.00416812590066227,0.472938558174924,0.000348643650200704,0.00106323466696401,0.000899690148283035,0.204913973968104,0.000108143654145835,0.315516433227223,4.31966094937097e-05,"GSE210616_GSM6433610"
"GSE210616_GSM6433610_AACCTTTAAATACGGT-1",0.0136276255282501,0.329722979458898,0.0490328985668787,0.029788425417761,0.0323594565018101,0.268662668068992,0.00285988708810567,0.265573165045295,0.0083728943240103,"GSE210616_GSM6433610"
"GSE210616_GSM6433610_AACGATAATGCCGTAG-1",0.00524397501818035,0.223073602711455,0.0435789029431311,0.00120124898921697,0.00121745413124394,0.329714721004615,0.000693957155368136,0.394241383087753,0.00103475495903721,"GSE210616_GSM6433610"
"GSE210616_GSM6433610_AACGATATGTCAACTG-1",0.0370574823850864,0.0858393157350287,0.0262548056478168,0.168772854445828,0.0989824899087156,0.302320202642293,0.12472644359542,0.0695027965785776,0.0865436090612339,"GSE210616_GSM6433610"
"GSE210616_GSM6433610_AACGCGGTCTCCAGCC-1",0.0230563996443711,0.0833368944564868,0.016485510235383,0.0101524839871553,0.035120645291054,0.615431192084235,0.0980421510897,0.0330272770415093,0.085347446170106,"GSE210616_GSM6433610"
"GSE210616_GSM6433610_AACGCTGTTGCTGAAA-1",0.0191863306381359,0.399487331215039,0.0488897593409544,0.0511899408282929,0.0310139248164215,0.211780554067881,0.00248404286057606,0.233356952185504,0.00261116404719594,"GSE210616_GSM6433610"
"GSE210616_GSM6433610_AACGGACGTACGTATA-1",0.0200634201951886,0.109593961727953,0.0293981460051023,0.13393319040593,0.134109049406276,0.212964055909065,0.00773164656157986,0.344252237021225,0.0079542927676803,"GSE210616_GSM6433610"
"GSE210616_GSM6433610_AACGGCCATCTCCGGT-1",0.00116413854058444,0.190797494787653,0.00571602008216189,0.0775796273239823,0.0218140768245418,0.114854796233616,0.0357599116585359,0.54459977768966,0.00771415685926444,"GSE210616_GSM6433610"
"GSE210616_GSM6433610_AACGTACTGTGGGTAC-1",0.095267187681238,0.153529738444113,0.0038301152459715,0.00194608836012555,0.0268927656161694,0.255716548888107,0.00462586718504299,0.45343080693247,0.00476088164676266,"GSE210616_GSM6433610"
"GSE210616_GSM6433610_AACGTGCGAAAGTCTC-1",0.0310118971523507,0.104488995924627,0.0211313105849095,0.0378648437562728,0.0730901748756284,0.398330940613449,0.0833350358405107,0.105047269921224,0.145699531331028,"GSE210616_GSM6433610"
"GSE210616_GSM6433610_AACTACCCGTTTGTCA-1",0.00138155329099499,0.10838629464599,0.00145945594038847,0.000886765131107538,0.000693743104153427,0.227813506155249,0.000320419672558496,0.658617990404031,0.000440271655527115,"GSE210616_GSM6433610"
"GSE210616_GSM6433610_AACTAGGCTTGGGTGT-1",0.0166803734260558,0.22346901419652,0.0409484991199761,0.000611393432819674,0.00199186273055641,0.353385978439908,0.00054154296011595,0.360388827980733,0.00198250771331569,"GSE210616_GSM6433610"
"GSE210616_GSM6433610_AACTCAAGTTAATTGC-1",0.0466661700478304,0.0483951464346628,0.0206106600671757,0.128756038527692,0.224044287282637,0.233046249356582,0.100459824082053,0.0322660539760675,0.1657555702253,"GSE210616_GSM6433610"
"GSE210616_GSM6433610_AACTCTCAATAGAGCG-1",0.0422905698332964,0.0824155533677267,0.0206790660976657,0.215506330558216,0.207870417122505,0.161814453353269,0.116433220536293,0.00695001415574853,0.146040374975279,"GSE210616_GSM6433610"
"GSE210616_GSM6433610_AACTCTCAGTGTGCTC-1",0.00721704240098265,0.299078991368018,0.000537423574164525,0.00609998821902604,0.00489226919676839,0.423679020289897,0.000942956028127302,0.257024269221403,0.000528039701612905,"GSE210616_GSM6433610"
"GSE210616_GSM6433610_AACTGGGTCCCGACGT-1",0.0399732302557702,0.106154704028413,0.0212217802983192,0.0859024751590018,0.122786103158015,0.335156957321969,0.0755817631474182,0.0590349338794739,0.15418805275162,"GSE210616_GSM6433610"
"GSE210616_GSM6433610_AAGACTGCAAGCTACT-1",0.0368720427025072,0.10242388845549,0.0176486229175145,0.183497214496574,0.136264298871979,0.223686280319147,0.149688020551512,0.0392073256466566,0.11071230603862,"GSE210616_GSM6433610"
"GSE210616_GSM6433610_AAGAGCTCTTTATCGG-1",0.0210954332332976,0.0638453415528782,0.0165322638062463,0.116084251606686,0.145134878719898,0.293810765597519,0.119584756560175,0.0774977138435775,0.146414595079724,"GSE210616_GSM6433610"
"GSE210616_GSM6433610_AAGAGGATGTACGCGA-1",0.00665803141216799,0.169272787245582,0.00841751007479533,0.00716537321632926,0.00484670144624263,0.76427356092301,0.0245768083293505,0.00124062326990865,0.0135486040826137,"GSE210616_GSM6433610"
"GSE210616_GSM6433610_AAGAGGCATGGATCGC-1",0.0557960309806587,0.0971744457855137,0.0226892124829271,0.0846100514611786,0.166162478437259,0.261820159992957,0.103786717319602,0.0345175274378737,0.173443376102031,"GSE210616_GSM6433610"
"GSE210616_GSM6433610_AAGAGGCCCTTTGGAA-1",0.00477133375073162,0.291378524465687,0.00749464041230726,0.239212230394581,0.320496417925042,0.0352763192609916,0.00469015266034408,0.0947008951870085,0.00197948594330767,"GSE210616_GSM6433610"
"GSE210616_GSM6433610_AAGATTGGCGGAACGT-1",0.0445995225873596,0.0564123356342777,0.0100955483958462,0.0446434643835187,0.318423383762352,0.191528802784603,0.107302129142173,0.0327073276590938,0.194287485650776,"GSE210616_GSM6433610"
"GSE210616_GSM6433610_AAGCATACTCTCCTGA-1",0.0692535649105021,0.144723826063018,0.0304989025448199,0.00165366201483757,0.00632041095582479,0.402030949258525,0.000606504149169893,0.343010661054831,0.00190151904847176,"GSE210616_GSM6433610"
"GSE210616_GSM6433610_AAGCCGAAGCGGTTTA-1",0.00522826668669291,0.21222634801425,0.00354363184614958,0.010492040306278,0.00152758150338673,0.251575937987588,0.000418344871380067,0.514823175320698,0.000164673463576297,"GSE210616_GSM6433610"
"GSE210616_GSM6433610_AAGCTAGATCGAGTAA-1",0.00611793491913803,0.0899577377746397,0.00644143190628592,0.0218699838192395,0.0420034712129191,0.789261368386011,0.0111144068339333,0.0206617298490725,0.0125719352987608,"GSE210616_GSM6433610"
"GSE210616_GSM6433610_AAGCTCGTGCCAAGTC-1",0.0371852344673778,0.102123783144778,0.0302421831239619,0.0607230435992075,0.0502244803591108,0.437650415963199,0.105898256218658,0.0289905668470904,0.146962036276617,"GSE210616_GSM6433610"
"GSE210616_GSM6433610_AAGGAGCGGTTGGTGC-1",0.0560930197317915,0.0507589163917031,0.012648259424021,0.0717222523558022,0.161140834289377,0.256935169476749,0.147464811512183,0.0442484286528696,0.198988308165505,"GSE210616_GSM6433610"
"GSE210616_GSM6433610_AAGGATGAGGGACCTC-1",0.0572900257588434,0.0867176227032835,0.0121060351377054,0.0829296256548942,0.158375731110639,0.288512424508608,0.109721658734074,0.06067607626865,0.143670800123302,"GSE210616_GSM6433610"
"GSE210616_GSM6433610_AAGGCTGTGCTCATCG-1",0.0398087097268176,0.0613589319112439,0.0204545480961065,0.0871225110557974,0.0813147232934901,0.28246858175304,0.134863657023094,0.11933701444582,0.17327132269459,"GSE210616_GSM6433610"
"GSE210616_GSM6433610_AAGGGACAGATTCTGT-1",0.0455169265778241,0.0806398230452116,0.0153697589086371,0.0903350403130179,0.083637883852853,0.348140449959478,0.209228754383004,0.0132647095272099,0.113866653432764,"GSE210616_GSM6433610"
"GSE210616_GSM6433610_AAGGTATCCTAATATA-1",0.042771558621542,0.0862114075075645,0.0113015572373992,0.0406762278947962,0.115616921870803,0.444096716783073,0.135350777251604,0.0196310284543645,0.104343804378853,"GSE210616_GSM6433610"
"GSE210616_GSM6433610_AAGGTGATAAACCAGC-1",0.000565744467856097,0.187168298488787,0.00455420388991934,0.00264090225610218,0.00290899698975114,0.328458271975218,0.000126214461733653,0.473408412264688,0.000168955205943669,"GSE210616_GSM6433610"
"GSE210616_GSM6433610_AAGTAGTGACGCGAGG-1",0.000993373124659874,0.127988690911656,0.00251124505753805,0.000338571116886443,7.87203570671823e-05,0.865880224544982,0.00135217084682041,0.000311649120256299,0.000545354920133777,"GSE210616_GSM6433610"
"GSE210616_GSM6433610_AAGTCAATTGTCGTCA-1",0.0215408368672462,0.108007007665097,0.0106823414423947,0.00889481905894443,0.0523925138399224,0.539218209616512,0.0409354431401745,0.178776809799774,0.0395520185699349,"GSE210616_GSM6433610"
"GSE210616_GSM6433610_AAGTGCCTTGACTGTA-1",0.0301005126392951,0.0937703975367054,0.023227589146242,0.124728779987112,0.100510947684668,0.440567784166745,0.0457478162889048,0.00659904832740383,0.134747124222924,"GSE210616_GSM6433610"
"GSE210616_GSM6433610_AAGTGCGTTAGAATCT-1",0.000111295917034602,0.169203864776085,0.000291851657090982,4.79133994502717e-06,0.0684731394810722,0.382774721548814,3.81971271950203e-06,0.378944552120302,0.000191963446936768,"GSE210616_GSM6433610"
"GSE210616_GSM6433610_AAGTTCGGCCAACAGG-1",0.00468525349409668,0.132584006723769,0.00319332325800102,0.00711031774289733,0.00117911893312869,0.313599538285609,0.0479106156592593,0.471917589420952,0.0178202364822876,"GSE210616_GSM6433610"
"GSE210616_GSM6433610_AATAACAACGCTCGGC-1",0.0116736664577574,0.251295535617106,0.012563299198059,0.00922060034470319,0.00309513016456042,0.508445347602112,0.026154498781674,0.166105539018948,0.0114463828150798,"GSE210616_GSM6433610"
"GSE210616_GSM6433610_AATAACACTAGAACAA-1",0.000404462774106903,0.580046273621477,0.00596224575233183,0.0012061737902893,0.000431147394461697,0.411796518435406,1.46050962059127e-05,0.000138090138209676,4.82997511772235e-07,"GSE210616_GSM6433610"
"GSE210616_GSM6433610_AATAATCTTCGTATCG-1",0.0530986010967467,0.0743066330550684,0.0264304138502017,0.122222017132607,0.120477450970639,0.270749335946213,0.129558754291572,0.124012274507626,0.0791445191493265,"GSE210616_GSM6433610"
"GSE210616_GSM6433610_AATAGAACAGAGTGGC-1",0.00750027464415734,0.297091020108872,0.00222072273944847,0.0726174540286366,0.0499505872814309,0.264354984395714,0.0140453428172187,0.273606280075606,0.0186133339089166,"GSE210616_GSM6433610"
"GSE210616_GSM6433610_AATAGAATCTGTTTCA-1",0.0141204413754426,0.145997473843816,0.0227968115182782,0.00941752814260794,0.028307666895007,0.513766410143167,0.00378651197694567,0.261074161033389,0.000732995071346494,"GSE210616_GSM6433610"
"GSE210616_GSM6433610_AATATCGAATCAATGC-1",0.117220435628316,0.174505825868643,0.0132547999241405,0.0134822572893871,0.00384104578608612,0.223410755502735,0.00652346189129304,0.44529408511252,0.00246733299687907,"GSE210616_GSM6433610"
"GSE210616_GSM6433610_AATCATGTAAAGACTC-1",0.0174607128640163,0.394089550491708,0.0173949528020236,0.166678999425391,0.154318586671152,0.148275512168099,0.00658068351553013,0.0890474252972546,0.00615357676482439,"GSE210616_GSM6433610"
"GSE210616_GSM6433610_AATCGCCTCAGCGCCA-1",0.0565768295820409,0.0800034023473448,0.015997270644311,0.0676914698391746,0.14688421196338,0.327732813863045,0.0673396270266962,0.0524503765630605,0.185323998170948,"GSE210616_GSM6433610"
"GSE210616_GSM6433610_AATCTGCGTTGGGACG-1",0.0607148963191705,0.0798950123281036,0.0216722229884381,0.0861830569286251,0.109661148651565,0.291616271322042,0.0799476956641501,0.120671090097621,0.149638605700284,"GSE210616_GSM6433610"
"GSE210616_GSM6433610_AATGACAGCAATGTCT-1",0.0006611647263866,0.150380657384867,0.00114671396148024,1.026159019109e-05,6.55713363549582e-06,0.288303262576077,0.00298164015201623,0.556350737081932,0.000159005393415502,"GSE210616_GSM6433610"
"GSE210616_GSM6433610_AATGACGTAGGATGTC-1",0.0238539563301971,0.123636433718396,0.0192176959725399,0.0147511492299238,0.0444581825687057,0.45421250483041,0.126444911501408,0.122814237850599,0.0706109279978199,"GSE210616_GSM6433610"
"GSE210616_GSM6433610_AATGACTGTCAGCCGG-1",0.0297069568396784,0.0652093225796218,0.0149575047929779,0.139225776909191,0.161111171718767,0.24620479212174,0.126990629022894,0.0720168865201755,0.144576959494955,"GSE210616_GSM6433610"
"GSE210616_GSM6433610_AATGCAACCGGGTACC-1",0.0496175826264543,0.0722462641636032,0.0209007489525036,0.182295340525539,0.222776065927548,0.199482429914,0.0680949866390535,0.0382660856989818,0.146320495552316,"GSE210616_GSM6433610"
"GSE210616_GSM6433610_AATTAAAGGTCGGCGT-1",0.0473585644719622,0.0942510814762612,0.0256063801361739,0.0777857116834967,0.133971018950718,0.25906603720086,0.0717621801706497,0.0946087691694537,0.195590256740425,"GSE210616_GSM6433610"
"GSE210616_GSM6433610_AATTAGCGCTGCAGCG-1",0.0834920005612478,0.298166648194821,0.0449608053938488,0.111932790027788,0.022715155038708,0.262525914297599,0.0128470747162051,0.152476279120592,0.01088333264919,"GSE210616_GSM6433610"
"GSE210616_GSM6433610_AATTCATAAGGGATCT-1",0.0366686555922194,0.0701444982858712,0.0180516233112324,0.130004924444204,0.134032148164236,0.264763769695432,0.183896228017594,0.035175661675629,0.127262490813582,"GSE210616_GSM6433610"
"GSE210616_GSM6433610_AATTCTAGAGTTAGGC-1",0.0607597840493151,0.163980601369887,0.0326911935281105,0.00182039550119615,0.00426012154758233,0.466542665550554,0.0138783133876506,0.245669587467383,0.0103973375983204,"GSE210616_GSM6433610"
"GSE210616_GSM6433610_AATTGAACGCTCTGGT-1",0.000462104873170321,0.0840465094449009,0.000372018426359899,0.000125075946522197,9.15534027280685e-05,0.332127261658997,0.000207214848816788,0.582473127668892,9.5133729613209e-05,"GSE210616_GSM6433610"
"GSE210616_GSM6433610_ACAAATCGCACCGAAT-1",0.00124675422893333,0.16900482503702,0.00095594842390191,0.00133478711131672,0.000629759162623931,0.162818398732933,0.000143567986938854,0.663801884607041,6.40747092906482e-05,"GSE210616_GSM6433610"
"GSE210616_GSM6433610_ACAAATGGTAGTGTTT-1",0.00710990920175019,0.0512031941431432,0.0345442674815546,0.00526719102823118,0.0034005366811601,0.164983314574069,0.00537836765174098,0.726856951302915,0.0012562679354355,"GSE210616_GSM6433610"
"GSE210616_GSM6433610_ACAACAGCATGAGCTA-1",0.0545986097992563,0.140711857750634,0.0340185797525059,0.0525135703633426,0.0256774943434217,0.509410364691339,0.069237774749283,0.0480149994574341,0.0658167490927824,"GSE210616_GSM6433610"
"GSE210616_GSM6433610_ACAAGGAAATCCGCCC-1",0.0109503183461337,0.234157737745595,0.0123983217493348,0.0040815355713455,0.00252607094840881,0.500655363280129,0.00352216049569103,0.228935927689667,0.00277256417369531,"GSE210616_GSM6433610"
"GSE210616_GSM6433610_ACAAGGACAAGAGGTT-1",0.0150741995900446,0.0589284669005818,0.0162199462959868,0.0534582877412808,0.052026824918119,0.516851567510737,0.0692989943676063,0.0584833742730969,0.159658338402547,"GSE210616_GSM6433610"
"GSE210616_GSM6433610_ACAAGGGCAGGCTCTG-1",0.0112231145576381,0.134299955033697,0.0117164470486844,0.0206545470729758,0.098706852733821,0.359499150726456,0.0359202327403075,0.294091037190483,0.0338886628959376,"GSE210616_GSM6433610"
"GSE210616_GSM6433610_ACAATCCATTTAAACC-1",0.041053684351722,0.122772513527436,0.0278931232809362,0.0358021472333582,0.101297323039918,0.448111374613062,0.0445066188077139,0.113009061027523,0.0655541541183311,"GSE210616_GSM6433610"
"GSE210616_GSM6433610_ACAATTGTGTCTCTTT-1",0.0228506437637079,0.184798825465358,0.0141610442504011,0.185991498653121,0.0319710133039159,0.33736237636244,0.00370514613327461,0.191520097919754,0.0276393541480269,"GSE210616_GSM6433610"
"GSE210616_GSM6433610_ACAATTTGAGCAGTGG-1",0.0409697636213419,0.0693651472194684,0.0112785583210675,0.166091620375881,0.243122448878393,0.155732869514218,0.110388471066352,0.064774921899366,0.138276199103912,"GSE210616_GSM6433610"
"GSE210616_GSM6433610_ACACAAAGACGGGTGG-1",0.0362269688801297,0.103288387190433,0.019770366330661,0.0600519566041133,0.152029927003977,0.402569981560734,0.0521823886275882,0.0600533533586017,0.113826670443762,"GSE210616_GSM6433610"
"GSE210616_GSM6433610_ACACACCAGGACCAGT-1",0.0155595929905153,0.194983990232849,0.00710403984262234,0.000526912055774372,0.00101321683781769,0.173119075140978,0.000921339616042709,0.60580413283843,0.000967700444970771,"GSE210616_GSM6433610"
"GSE210616_GSM6433610_ACACCCAGCATGCAGC-1",0.0561244197669352,0.137846470880316,0.0295480953036702,0.0797012283921466,0.215410813736659,0.307156159716836,0.0754548878756067,0.0114560771783642,0.0873018471494661,"GSE210616_GSM6433610"
"GSE210616_GSM6433610_ACACCTTAAGTAGGGC-1",0.0308005200168415,0.0640417465304699,0.0112459956335154,0.216439792953228,0.204140936590274,0.179972916325299,0.0981749443927926,0.0170437446741836,0.178139402883396,"GSE210616_GSM6433610"
"GSE210616_GSM6433610_ACACGAGACTCCTTCT-1",0.0374263049532397,0.14339211118851,0.0191584416269655,0.0322765994512178,0.0918895553133373,0.283554066011777,0.0736467320689967,0.156505440077512,0.162150749308444,"GSE210616_GSM6433610"
"GSE210616_GSM6433610_ACACGGGAACTTAGGG-1",0.0481900796089374,0.0682373586591033,0.0165075987069436,0.166557890299384,0.161621243316895,0.227759398365074,0.124937096706293,0.0217114950529822,0.164477839284388,"GSE210616_GSM6433610"
"GSE210616_GSM6433610_ACACGTAGGCCACAAG-1",0.332272007305531,0.119154990659829,0.091015144845446,0.167865746427678,0.0570915132342951,0.0888251377040744,0.00301079910265396,0.138391630549465,0.00237303017102668,"GSE210616_GSM6433610"
"GSE210616_GSM6433610_ACACTGATCAAGGTGT-1",0.00152916310018041,0.327446230398852,0.000731902472142305,0.155124184640907,0.0554486622261382,0.0951654863255504,0.000952867609735188,0.363376308294005,0.000225194932489768,"GSE210616_GSM6433610"
"GSE210616_GSM6433610_ACACTGGGACAGTCGT-1",0.00598172369504888,0.253792703524416,0.00611295743341505,0.00199581352678736,0.00242976717686674,0.335189201518499,0.00135738421673007,0.392309238636365,0.000831210271871581,"GSE210616_GSM6433610"
"GSE210616_GSM6433610_ACAGAACTGAGAACAA-1",0.000310013899042862,0.24596128841171,0.1398419622605,0.000509981015772105,0.000927108093156517,0.469399964793805,0.000339202315144086,0.142595346453956,0.000115132756912714,"GSE210616_GSM6433610"
"GSE210616_GSM6433610_ACAGGCTTGCCCGACT-1",0.000375253889679948,0.33119936589946,0.0105634735057514,0.0146608555331797,0.0343378193808021,0.424187725625575,1.35026596539728e-05,0.184653501946187,8.50155971115265e-06,"GSE210616_GSM6433610"
"GSE210616_GSM6433610_ACAGGTGGAGGTGAGG-1",0.0077577359968351,0.0696357376939758,0.00295039889798262,0.0667389279742695,0.0112372048613223,0.301140685937362,0.00147062102662888,0.537241834540511,0.00182685307111218,"GSE210616_GSM6433610"
"GSE210616_GSM6433610_ACATCCCGGCCATACG-1",0.0368109220818723,0.189917213389092,0.0342128274091704,0.00342844075166313,0.00605301455469721,0.260203970458335,0.0034640124098202,0.462462728453406,0.00344687049194279,"GSE210616_GSM6433610"
"GSE210616_GSM6433610_ACATCCTGGTAACTGT-1",0.0230168577135648,0.213316488528301,0.0578155250650249,0.022404724270094,0.0975470405814768,0.225539979043448,0.101999976901677,0.16354098738728,0.0948184205091336,"GSE210616_GSM6433610"
"GSE210616_GSM6433610_ACATCGATCGTTTACC-1",0.0540396874415278,0.0756126957407598,0.0212350653785285,0.157250504590089,0.145914851856363,0.238158979541108,0.104478945970549,0.0669542281413957,0.136355041339679,"GSE210616_GSM6433610"
"GSE210616_GSM6433610_ACATCGGTCAGCCGCG-1",0.00604540099524601,0.270659343048639,0.0303734702163994,0.00652719995131585,0.00197091564346507,0.622695305105467,0.00281838838450607,0.0582811517008205,0.000628824954141177,"GSE210616_GSM6433610"
"GSE210616_GSM6433610_ACATCGTATGCAATGG-1",0.000231432207778183,0.112414220059452,0.00351338433229807,0.00160676631340283,0.00212053142833319,0.0982239198105205,0.00018091984475301,0.781624170861278,8.46551421844725e-05,"GSE210616_GSM6433610"
"GSE210616_GSM6433610_ACATGGCGCCAAAGTA-1",0.0735693557374786,0.11036954044875,0.02037815185383,0.0617806167561551,0.0829046659814801,0.336670245588085,0.123871609451663,0.01480672831551,0.175649085867048,"GSE210616_GSM6433610"
"GSE210616_GSM6433610_ACATTAGTTTATATCC-1",0.00136632159255204,0.104903315010341,0.001473478487896,0.00614711828707142,0.00371464486453779,0.299276223465881,0.00425150978385601,0.577038896000009,0.00182849250785511,"GSE210616_GSM6433610"
"GSE210616_GSM6433610_ACCAACGCTTATTTAT-1",0.00148669794851756,0.419763583568616,0.000430688854892261,0.00532523696885953,0.00083654334850876,0.0630378852809616,0.00040479477555729,0.50828791278887,0.000426656465217526,"GSE210616_GSM6433610"
"GSE210616_GSM6433610_ACCAATATGCAAGTTA-1",0.0285237588366227,0.136988976582058,0.0206711260702112,0.298902656227709,0.209385713081054,0.160924802146443,0.0272135527198303,0.103550484830749,0.0138389295053221,"GSE210616_GSM6433610"
"GSE210616_GSM6433610_ACCACAAGTTTCTATC-1",0.0477063506229108,0.0637926340622779,0.0116457568163021,0.0535213574474571,0.0767552944695622,0.357541866142306,0.131175493183757,0.0669020564914149,0.190959190764011,"GSE210616_GSM6433610"
"GSE210616_GSM6433610_ACCACCAATGTAACAA-1",0.0503649754954269,0.0976484201236964,0.0271171244905474,0.218171439154688,0.201701091424946,0.129839476985363,0.108885189099031,0.00558492589091024,0.160687357335391,"GSE210616_GSM6433610"
"GSE210616_GSM6433610_ACCACGTGCAGCTATA-1",0.00215405891664373,0.162498778203261,0.0134703056013592,0.00464944923039252,0.00636628111904752,0.606408975107564,0.00272757060179598,0.199030797510566,0.00269378370937055,"GSE210616_GSM6433610"
"GSE210616_GSM6433610_ACCAGTGCGGGAGACG-1",0.00470750034642231,0.376624630640067,0.0571468443681528,0.00047837963554302,0.00325867260229,0.499016441911284,0.000553748097405089,0.0570205059160441,0.00119327648279241,"GSE210616_GSM6433610"
"GSE210616_GSM6433610_ACCATATCCGCAATAA-1",0.0351499304540226,0.0807762620776964,0.0151725491010755,0.0786560111034323,0.176924550628989,0.265367549509726,0.0920748339765782,0.0781979151356477,0.177680398012832,"GSE210616_GSM6433610"
"GSE210616_GSM6433610_ACCATCGTATATGGTA-1",0.0407475552269023,0.0926576722527873,0.0196268877406244,0.043306174128266,0.122937950291612,0.420466791036329,0.137872182087792,0.0288823430848925,0.0935024441507954,"GSE210616_GSM6433610"
"GSE210616_GSM6433610_ACCCAACGCCCGTGGC-1",0.0497181067666656,0.0693515193943606,0.0120426497803002,0.0761079157308041,0.139177440684468,0.29491054570086,0.166149685223109,0.0297077560801841,0.162834380639248,"GSE210616_GSM6433610"
"GSE210616_GSM6433610_ACCCATCTTGAGGGTA-1",0.0577253708806782,0.0740012951176418,0.0268939686531259,0.115483423838275,0.208113515844323,0.220072267548714,0.110305831865048,0.0573122411670317,0.130092085085163,"GSE210616_GSM6433610"
"GSE210616_GSM6433610_ACCCGGATGACGCATC-1",0.0363529891165657,0.187691361806093,0.0108815771970474,0.00752090699535481,0.0383041160194119,0.394383740693359,0.20268752999944,0.0440220198905364,0.078155758282192,"GSE210616_GSM6433610"
"GSE210616_GSM6433610_ACCCGGTTACACTTCC-1",0.037008585757653,0.0464513714804196,0.0105772922376891,0.225618896072913,0.192273675528244,0.164108725878892,0.0892562190628768,0.0603212029403267,0.174384031040985,"GSE210616_GSM6433610"
"GSE210616_GSM6433610_ACCCTCCCTTGCTATT-1",0.00204488676104811,0.343014886273947,0.0140528920558523,0.000992862000417492,0.00277747272709406,0.504207241765728,0.000935758716766696,0.131752311962672,0.00022168773647463,"GSE210616_GSM6433610"
"GSE210616_GSM6433610_ACCGACTGAGTCCCAC-1",0.0400825298522832,0.0644893519570279,0.00877949222838926,0.0787010098853933,0.193504663840285,0.266748668290241,0.128525686329563,0.069794441101999,0.149374156514818,"GSE210616_GSM6433610"
"GSE210616_GSM6433610_ACCGATAGGCATAACC-1",0.0199490017393282,0.170736013044876,0.0199206802538532,0.0188741877275781,0.0214330115908504,0.484623606896997,0.0569883727792736,0.181780572656402,0.0256945533108413,"GSE210616_GSM6433610"
"GSE210616_GSM6433610_ACCGATGGTAGCATCG-1",0.00514299158787257,0.283617072434362,0.00262832362189173,0.0299343726509465,0.00709458890254347,0.50114899738633,0.0119408424446406,0.154816906346557,0.00367590462485649,"GSE210616_GSM6433610"
"GSE210616_GSM6433610_ACCGCAATAACTGCCT-1",0.0729317196410685,0.15677207813422,0.0227210226376061,0.0332139015114497,0.0166404409959129,0.257207330271966,0.0104932002018292,0.419281374176747,0.0107389324292008,"GSE210616_GSM6433610"
"GSE210616_GSM6433610_ACCGCGGTGGAAGTCG-1",0.0803393274620035,0.121946035188189,0.0473738033807414,0.0726069195591563,0.136515513251274,0.29913159992734,0.0406222348644706,0.0366203219074385,0.164844244459387,"GSE210616_GSM6433610"
"GSE210616_GSM6433610_ACCGGGCCTTTGTTGA-1",0.0102098331921048,0.34363821478955,0.0386652401507916,0.00117974946018847,0.000692804297713355,0.380468341060239,0.0038791015527044,0.211666220756819,0.00960049473988895,"GSE210616_GSM6433610"
"GSE210616_GSM6433610_ACCTAAGTACCTTTCA-1",0.0685367741554356,0.0688479832902933,0.00211798172246547,2.43303234951656e-06,0.00188371119952507,0.335831292442209,0.000219828058003477,0.518135875904414,0.0044241201953044,"GSE210616_GSM6433610"
"GSE210616_GSM6433610_ACCTAATCGACTTCCT-1",0.0326199009629397,0.0959251503857899,0.0170342079108307,0.0259006090215291,0.0620221927444328,0.599413734802839,0.0646261597702367,0.00641007555342232,0.0960479688479798,"GSE210616_GSM6433610"
"GSE210616_GSM6433610_ACCTCCGCCCTCGCTG-1",0.124536190763046,0.231518456321066,0.130007121427556,0.0105258115814593,0.0136561128800003,0.140859402651435,0.00143098575149159,0.341251339634632,0.00621457898931383,"GSE210616_GSM6433610"
"GSE210616_GSM6433610_ACCTGCGTGTCATGTT-1",0.0075731287257458,0.0874164277082211,0.0230772262250217,0.0196983624438814,0.110975280351911,0.614104111368324,0.066996493590517,0.00668143077226436,0.0634775388141131,"GSE210616_GSM6433610"
"GSE210616_GSM6433610_ACGAGGATACCACTCT-1",0.000223434300688111,0.132747925827208,0.158427347420387,0.000579564492867545,0.11773724279814,0.0861665388811211,0.046546670421649,0.416553051159756,0.0410182246981842,"GSE210616_GSM6433610"
"GSE210616_GSM6433610_ACGATACATAGAACTA-1",0.0499129657970702,0.0995483859996769,0.0387438770382553,0.118359183590272,0.0930792939348095,0.339789287603473,0.120713092221453,0.0481356107609834,0.0917183030540071,"GSE210616_GSM6433610"
"GSE210616_GSM6433610_ACGATCATACATAGAG-1",0.0316903474199107,0.0747969896273515,0.0243334166182712,0.0567563277673891,0.150034873346655,0.443421785503119,0.0824332782605734,0.0179426156550534,0.118590365801677,"GSE210616_GSM6433610"
"GSE210616_GSM6433610_ACGATCATCTTGTAAA-1",0.0684478425655293,0.133714734079955,0.0147995560227109,0.0607622129475138,0.071689500868547,0.374282088873486,0.12581442080929,0.0774376904147009,0.0730519534182672,"GSE210616_GSM6433610"
"GSE210616_GSM6433610_ACGATGCATATGTTAT-1",0.0307641614271855,0.0611765599052463,0.0186281216844587,0.0880695929876658,0.191965895991693,0.277210854699222,0.116147265943609,0.028052950962708,0.187984596398212,"GSE210616_GSM6433610"
"GSE210616_GSM6433610_ACGCATACGTTTACTA-1",0.0151472621184075,0.393177129052247,0.0322956044028396,0.0124089135170284,0.0150704112686617,0.133296826503866,0.00437924102600633,0.389254453309708,0.00497015880123617,"GSE210616_GSM6433610"
"GSE210616_GSM6433610_ACGCATTCGTGAGTAC-1",0.0307027231068907,0.064181053695006,0.014517401127837,0.106249136060099,0.170409637042483,0.247057508576136,0.0990908370677931,0.104462834770704,0.16332886855305,"GSE210616_GSM6433610"
"GSE210616_GSM6433610_ACGCCGCTAGACGACC-1",0.0358991186849763,0.0985314616043801,0.0250076195800518,0.137144093049206,0.1190755432028,0.287529057156042,0.14704173600009,0.0448984468550473,0.104872923867407,"GSE210616_GSM6433610"
"GSE210616_GSM6433610_ACGCGAAGTCAGACGA-1",0.0021046624719301,0.168601085404401,0.00589757927287364,0.000189355215954693,0.000483853664370697,0.299499907096328,0.000506230157531056,0.522062114078091,0.000655212638519903,"GSE210616_GSM6433610"
"GSE210616_GSM6433610_ACGCGCTACACAGGGT-1",0.0345491568094975,0.149903415850905,0.00621204610381821,0.0138298779775579,0.00559220994228708,0.346706105924987,0.0173150999853525,0.41560139631245,0.0102906910931446,"GSE210616_GSM6433610"
"GSE210616_GSM6433610_ACGCGGGCCAAGGACA-1",0.0407522875107972,0.0672102137134787,0.0245779288834674,0.178442958498376,0.189918157213656,0.148851665179609,0.128000808856856,0.0108046884948359,0.211441291648924,"GSE210616_GSM6433610"
"GSE210616_GSM6433610_ACGGCACTTGCTTGGG-1",0.0282694784859845,0.347410080272754,0.00988203405683359,0.00306350950569621,0.0210753170132213,0.197294059279314,0.00246153161573619,0.385336391186916,0.00520759858354397,"GSE210616_GSM6433610"
"GSE210616_GSM6433610_ACGGCCAACATGGACT-1",0.00873244589947834,0.21787662483034,0.00982870267260877,0.144362724171649,0.293990058999058,0.13845302186825,0.00980925216393047,0.159738627275254,0.017208542119431,"GSE210616_GSM6433610"
"GSE210616_GSM6433610_ACGGCGACGATGGGAA-1",0.0109558518768458,0.374985031933403,0.029980378735928,0.00228495670457176,0.0031769157653972,0.53456600985818,0.00818925690199525,0.0285474124314116,0.00731418579226742,"GSE210616_GSM6433610"
"GSE210616_GSM6433610_ACGGGAGTGTCGGCCC-1",0.0436190983531062,0.217485670172285,0.0155421564167448,0.012535751226922,0.00670818280305812,0.35116571429109,0.00552317267769908,0.33932191650328,0.00809833755581481,"GSE210616_GSM6433610"
"GSE210616_GSM6433610_ACGTAGATTGCTGATG-1",0.0429243937045737,0.109228058353149,0.0158413989775398,0.0833386482028541,0.139470768059756,0.324051719713089,0.063525149454157,0.0399427516283878,0.181677111906493,"GSE210616_GSM6433610"
"GSE210616_GSM6433610_ACGTATTACTCCGATC-1",0.0661350086402653,0.0685617872112046,0.0162020507615678,0.159216262621924,0.222486643717023,0.216473331325469,0.147797733513645,0.00201202048458266,0.101115161724318,"GSE210616_GSM6433610"
"GSE210616_GSM6433610_ACGTTAATGTCGAAGA-1",0.0408140472630531,0.0779845928637065,0.0202652803516682,0.117902173768495,0.187373093746095,0.216765888705844,0.0793979571483729,0.102793759878492,0.156703206274273,"GSE210616_GSM6433610"
"GSE210616_GSM6433610_ACGTTAGATTTGCCCG-1",0.0333509221679004,0.101186974296538,0.0130402308638108,0.0785785892129031,0.11040928556266,0.400732923886656,0.0609413024833872,0.0541297091904199,0.147630062335723,"GSE210616_GSM6433610"
"GSE210616_GSM6433610_ACTACCAGCTCTCTGG-1",0.0342347357274488,0.063859894851522,0.0123901479165674,0.218776434176233,0.190910695402507,0.160551004069664,0.148250973630933,0.0281181278775764,0.142907986347549,"GSE210616_GSM6433610"
"GSE210616_GSM6433610_ACTAGTTGCGATCGTC-1",0.0178613005139539,0.258346255331752,0.0339835527054825,0.0012741446131279,0.000899261072992523,0.338332342154964,0.00368502161243588,0.344847944139057,0.000770177856235747,"GSE210616_GSM6433610"
"GSE210616_GSM6433610_ACTATCTGCCCGCGTA-1",0.0224156750600575,0.15686069542359,0.00738263798714121,0.0113591883102572,0.0142695743401996,0.272788538482953,0.00645746919250785,0.501251872167901,0.00721434903539172,"GSE210616_GSM6433610"
"GSE210616_GSM6433610_ACTCAATAAAGGCACG-1",0.0298970999211007,0.0821876696856088,0.0187323676840493,0.0399508417308422,0.153374573249222,0.387223071993291,0.144184664910012,0.0146756254315799,0.129774085394294,"GSE210616_GSM6433610"
"GSE210616_GSM6433610_ACTCCCATTCCTAAAG-1",0.0334753091090781,0.0631509096101051,0.0251272093585178,0.118590227082742,0.147586941735192,0.270944763476536,0.130826369573358,0.155193692270466,0.0551045777840041,"GSE210616_GSM6433610"
"GSE210616_GSM6433610_ACTCCCTAGAATAGTA-1",0.0269058779703317,0.110719901845186,0.0213726133221182,0.0536900583804121,0.104283054783566,0.328096985054747,0.106325996907076,0.0986488988506877,0.149956612885874,"GSE210616_GSM6433610"
"GSE210616_GSM6433610_ACTCGTAACCCGTCCT-1",0.0021723291054787,0.144251299594367,0.0151138100089021,0.0452492447866364,0.0412074143182501,0.286093895342895,0.00475638474853843,0.460415577033714,0.000740045061218345,"GSE210616_GSM6433610"
"GSE210616_GSM6433610_ACTCGTCAGTAATCCC-1",0.0749755038536168,0.130739180758895,0.0330272876075834,0.147408402838599,0.234761516797452,0.126404664649043,0.0631580413834007,0.0219510630297717,0.167574339081639,"GSE210616_GSM6433610"
"GSE210616_GSM6433610_ACTCTCTGACTTAGGT-1",0.0424780579526733,0.0686635535335873,0.0131890194373678,0.0686108910672211,0.163391347399183,0.33565656816412,0.0981394039360475,0.0680797141705162,0.141791444339284,"GSE210616_GSM6433610"
"GSE210616_GSM6433610_ACTCTTGTATAGTAAC-1",0.0270494346136765,0.0797834407324366,0.00855613082686862,0.0961259932270231,0.164693518257624,0.442169158057825,0.0703476594719674,0.0259842768821741,0.0852903879304048,"GSE210616_GSM6433610"
"GSE210616_GSM6433610_ACTGAATGGCGAAAGT-1",0.000491283463833598,0.251215062293305,0.0090819153964341,0.00619056234319373,0.000349769617040043,0.403933623230189,0.000750529609639286,0.327769015401292,0.000218238645072255,"GSE210616_GSM6433610"
"GSE210616_GSM6433610_ACTGTACGATACACAT-1",0.0753519099613471,0.0797878155936644,0.0180752385820125,0.0460806451802332,0.150606101888112,0.291945067242696,0.153927423028792,0.013350810007474,0.170874988515669,"GSE210616_GSM6433610"
"GSE210616_GSM6433610_ACTGTAGCACTTTGGA-1",0.0321298180845385,0.0538339261632789,0.0126044455651173,0.0613715498409677,0.0654174482626079,0.495074838326235,0.107355544902864,0.0418205701470649,0.130391858707326,"GSE210616_GSM6433610"
"GSE210616_GSM6433610_ACTGTCCAGGATTATA-1",0.0234926144276688,0.0682143217000649,0.015930013953283,0.130808693769627,0.190061847200098,0.250872636355891,0.0911567860199853,0.0297828969383615,0.199680189635021,"GSE210616_GSM6433610"
"GSE210616_GSM6433610_ACTGTCTTCTTTAGAA-1",0.0498348113592103,0.0777931656855776,0.0137922385975087,0.126272040036995,0.167210806922169,0.200873071441836,0.128699930317174,0.0657395304656368,0.169784405173893,"GSE210616_GSM6433610"
"GSE210616_GSM6433610_ACTTATACTTACCCGG-1",0.00696604491119157,0.243715510256695,0.0116395260681078,0.102772316108947,0.114090837094762,0.315148455836936,0.0303825445798995,0.160831300967235,0.0144534641762267,"GSE210616_GSM6433610"
