"","Endothelial","CAFs","PVL","B-cells","T-cells","Myeloid","Normal Epithelial","Plasmablasts","Cancer Epithelial","sid"
"Human_Breast_He_06222020_ST_BC24223_D2_3x34",0.0930150042399744,0.12154570873525,0.300058370465382,0.00029161593466042,0.00237355084602518,0.0746646287036104,0.0378069284913146,0.218866602239207,0.151377590344575,"Human_Breast_He_06222020_ST_BC24223_D2"
"Human_Breast_He_06222020_ST_BC24223_D2_3x30",0.0187425572713302,0.118520181883512,0.289389459058499,0.0104151643847683,0.00559420337333966,0.0870066437054355,0.109175628628233,0.247866708166357,0.113289453528525,"Human_Breast_He_06222020_ST_BC24223_D2"
"Human_Breast_He_06222020_ST_BC24223_D2_3x31",0.0701706336804588,0.247412063408126,0.125157539382846,0.0230774034821681,0.0085103531813753,0.122403906667946,0.14358865107604,0.0651101676327905,0.194569281488248,"Human_Breast_He_06222020_ST_BC24223_D2"
"Human_Breast_He_06222020_ST_BC24223_D2_3x32",0.0777039963313414,0.229323640191607,0.288176290239352,0.00571187635732617,0.0167252050594879,0.075925841124659,0.0637314238596648,0.062315990755102,0.18038573608146,"Human_Breast_He_06222020_ST_BC24223_D2"
"Human_Breast_He_06222020_ST_BC24223_D2_3x33",0.00696158683124767,0.172318877200258,0.278665898266157,0.000188355037098383,0.00090101001569653,0.0154966460651263,0.269157692035049,0.067860299796971,0.188449634752396,"Human_Breast_He_06222020_ST_BC24223_D2"
"Human_Breast_He_06222020_ST_BC24223_D2_7x30",0.0392985353977253,0.257742563552851,0.249808959521278,0.000638928748439329,0.000412902013030541,0.0644454205476237,0.214489776329907,0.0158578672614596,0.157305046627685,"Human_Breast_He_06222020_ST_BC24223_D2"
"Human_Breast_He_06222020_ST_BC24223_D2_23x22",0.02269944828147,0.15836357108667,0.163894928294393,0.00258632138690464,0.00595943391311458,0.124729279891706,0.114711054689134,0.347814736266453,0.0592412261901546,"Human_Breast_He_06222020_ST_BC24223_D2"
"Human_Breast_He_06222020_ST_BC24223_D2_23x23",0.0176094053418778,0.204840951160032,0.553515304307618,0.000438533426617342,0.000958058145361408,0.142954118081308,0.0432722657017915,0.00576062422096878,0.0306507396144262,"Human_Breast_He_06222020_ST_BC24223_D2"
"Human_Breast_He_06222020_ST_BC24223_D2_23x24",0.0336342116129778,0.097675627218063,0.623918895511333,0.000433991091158091,0.000903573467208738,0.0577710176457776,0.0583741874317723,0.0646686079014264,0.062619888120283,"Human_Breast_He_06222020_ST_BC24223_D2"
"Human_Breast_He_06222020_ST_BC24223_D2_23x25",0.089149372899185,0.31318579421327,0.148416753010301,0.00025256629700244,0.0010776913140145,0.0343560585510188,0.0457698157441829,0.258435254220828,0.109356693750197,"Human_Breast_He_06222020_ST_BC24223_D2"
"Human_Breast_He_06222020_ST_BC24223_D2_23x27",0.0168835109796095,0.452281421454963,0.269385844405885,0.000122848453301563,0.000608409171831536,0.090515761450394,0.0733871909208466,0.029184191408855,0.0676308217543135,"Human_Breast_He_06222020_ST_BC24223_D2"
"Human_Breast_He_06222020_ST_BC24223_D2_23x28",0.0481985621623472,0.302026957769349,0.166536518027415,0.00104439834130262,0.00129174611725392,0.158701603518833,0.0796799654310556,0.206662409545671,0.0358578390867724,"Human_Breast_He_06222020_ST_BC24223_D2"
"Human_Breast_He_06222020_ST_BC24223_D2_23x29",0.025679587999653,0.244856937572939,0.17945491106533,0.00388819818789435,0.00119558969073756,0.0989619858654007,0.142575240926603,0.224621053480937,0.0787664952105051,"Human_Breast_He_06222020_ST_BC24223_D2"
"Human_Breast_He_06222020_ST_BC24223_D2_20x21",0.114485940535213,0.212165110244248,0.133627732517148,0.00739489664376544,0.00295659259862354,0.145436227388258,0.083768908843311,0.23091402724482,0.069250563984612,"Human_Breast_He_06222020_ST_BC24223_D2"
"Human_Breast_He_06222020_ST_BC24223_D2_7x33",0.0208914024945503,0.148042859037551,0.348290474685631,6.78020075181146e-06,1.95064383245426e-05,0.165653959359672,0.237227373359582,0.0719708304988016,0.00789681392513619,"Human_Breast_He_06222020_ST_BC24223_D2"
"Human_Breast_He_06222020_ST_BC24223_D2_20x20",0.10159566487462,0.254107050931915,0.10138956981236,0.000625563749839388,0.00324488527392414,0.273961592567825,0.0913326282797788,0.0518336953165345,0.121909349193203,"Human_Breast_He_06222020_ST_BC24223_D2"
"Human_Breast_He_06222020_ST_BC24223_D2_7x34",0.0171177773566833,0.184679170948088,0.385203936406997,0.00721534369761751,0.00535681086828282,0.185238225281512,0.0709596537263849,0.0289251406987576,0.115303941015677,"Human_Breast_He_06222020_ST_BC24223_D2"
"Human_Breast_He_06222020_ST_BC24223_D2_3x22",0.0228556265751622,0.241342698593786,0.169805582842348,0.0059231102595749,0.0145318273061898,0.168700940261684,0.1043080049567,0.145129809905326,0.127402399299229,"Human_Breast_He_06222020_ST_BC24223_D2"
"Human_Breast_He_06222020_ST_BC24223_D2_20x22",0.0117192567037747,0.136841465768202,0.256428537182659,0.000194418432411567,0.000283108919801937,0.0297975468170865,0.0519072249721233,0.485760272345503,0.0270681688584375,"Human_Breast_He_06222020_ST_BC24223_D2"
"Human_Breast_He_06222020_ST_BC24223_D2_18x28",0.154103992081726,0.238097618608944,0.077637908720075,0.0533727721059852,0.0161566994150283,0.036662080008062,0.171942752891443,0.203768702604437,0.0482574735642998,"Human_Breast_He_06222020_ST_BC24223_D2"
"Human_Breast_He_06222020_ST_BC24223_D2_18x29",0.0720978991343973,0.176398814182792,0.171253249760158,0.00439700863967077,0.00367865868602174,0.10859738224279,0.136703427658541,0.200420057709057,0.126453501986571,"Human_Breast_He_06222020_ST_BC24223_D2"
"Human_Breast_He_06222020_ST_BC24223_D2_18x26",0.073273438673038,0.210116778085202,0.250609328406269,0.0011426940223807,0.0061764244851925,0.0811154451866746,0.175090281871547,0.0596739571841054,0.142801652085591,"Human_Breast_He_06222020_ST_BC24223_D2"
"Human_Breast_He_06222020_ST_BC24223_D2_18x27",0.0394985667328662,0.189311745885769,0.177378771088058,0.00549513947435842,0.00138525682907577,0.130664733288819,0.155839851851686,0.181887932258662,0.118538002590706,"Human_Breast_He_06222020_ST_BC24223_D2"
"Human_Breast_He_06222020_ST_BC24223_D2_18x24",0.153124537908606,0.206433888053968,0.135427079171322,0.000157053378579734,0.0010140332237883,0.184011381755718,0.0869263487388382,0.075241097154917,0.157664580614263,"Human_Breast_He_06222020_ST_BC24223_D2"
"Human_Breast_He_06222020_ST_BC24223_D2_18x25",0.0390150249543994,0.174475435021016,0.0714422087701216,0.0890441847346864,0.0285035583253958,0.114977797432863,0.214474739479952,0.12055125890561,0.147515792375956,"Human_Breast_He_06222020_ST_BC24223_D2"
"Human_Breast_He_06222020_ST_BC24223_D2_18x22",0.0215170483245074,0.27420560759372,0.115494817100684,0.000597007387167734,0.00252216928462127,0.14600388391552,0.149271601917338,0.136429711816482,0.15395815265996,"Human_Breast_He_06222020_ST_BC24223_D2"
"Human_Breast_He_06222020_ST_BC24223_D2_18x23",0.0515646524883069,0.264387434002307,0.0759165494702286,0.0016848222390693,0.00154176176906453,0.0867969224636394,0.3031447487519,0.00173428568564193,0.213228823129842,"Human_Breast_He_06222020_ST_BC24223_D2"
"Human_Breast_He_06222020_ST_BC24223_D2_18x20",0.062778960255166,0.269620783453752,0.0815530290280962,0.00154298537322051,0.00162588806594428,0.119816933978011,0.0718966611319306,0.194758521306751,0.196406237407129,"Human_Breast_He_06222020_ST_BC24223_D2"
"Human_Breast_He_06222020_ST_BC24223_D2_18x21",0.0292802380776293,0.240190980747791,0.237743564734729,0.000462206132423948,0.000864191766821734,0.211287899897466,0.100196640665208,0.0548839031321237,0.125090374845808,"Human_Breast_He_06222020_ST_BC24223_D2"
"Human_Breast_He_06222020_ST_BC24223_D2_20x27",0.0414185909363598,0.21478255483666,0.205357017986211,0.00122731151238045,0.0030170207983433,0.0813983593262013,0.257084057375554,0.147815231417784,0.047899855810506,"Human_Breast_He_06222020_ST_BC24223_D2"
"Human_Breast_He_06222020_ST_BC24223_D2_24x21",0.0111239626794196,0.0856650808412895,0.225268320561569,0.0467335283566443,0.0207420528093718,0.0209813692554329,0.0227548104560951,0.501729281095931,0.0650015939442463,"Human_Breast_He_06222020_ST_BC24223_D2"
"Human_Breast_He_06222020_ST_BC24223_D2_23x20",0.0301519875670607,0.212821308724118,0.190668424497394,0.00319536348295258,0.00348144445913922,0.0561444269949326,0.1805436773566,0.21552096694167,0.107472399976133,"Human_Breast_He_06222020_ST_BC24223_D2"
"Human_Breast_He_06222020_ST_BC24223_D2_23x26",0.0948306513615212,0.285522393742972,0.366016361486462,0.00266691737227799,0.00387773860119296,0.044540541443214,0.0495423253331606,0.103386893075187,0.0496161775840121,"Human_Breast_He_06222020_ST_BC24223_D2"
"Human_Breast_He_06222020_ST_BC24223_D2_4x23",0.110379132963151,0.0543626929753963,0.517309713113729,0.000832866360077413,0.00351628877178096,0.0164492168086418,0.0696494418181616,0.0174708954639894,0.210029751725072,"Human_Breast_He_06222020_ST_BC24223_D2"
"Human_Breast_He_06222020_ST_BC24223_D2_8x21",0.00577879935286301,0.275957546365485,0.299756426769655,0.0138248281262982,0.00582987954877581,0.165945073009704,0.0609447190172655,0.0867370218990078,0.0852257059109455,"Human_Breast_He_06222020_ST_BC24223_D2"
"Human_Breast_He_06222020_ST_BC24223_D2_20x32",0.0584588093129056,0.0731752889757848,0.100695054241143,0.00446673017032238,0.00517425745734232,0.11031582595375,0.582097555899419,0.034494054189106,0.0311224238002274,"Human_Breast_He_06222020_ST_BC24223_D2"
"Human_Breast_He_06222020_ST_BC24223_D2_20x33",0.0776855673206798,0.151726475999924,0.26231194725273,0.0011197465571955,0.0031007910823714,0.202028796293551,0.213750389487704,0.017812364935336,0.0704639210705084,"Human_Breast_He_06222020_ST_BC24223_D2"
"Human_Breast_He_06222020_ST_BC24223_D2_20x30",0.149301935776506,0.155635160453707,0.120211229448857,0.00526896574051271,0.00397018583688633,0.103763215136612,0.313063033362656,0.0187092372509898,0.130077036993273,"Human_Breast_He_06222020_ST_BC24223_D2"
"Human_Breast_He_06222020_ST_BC24223_D2_20x31",0.0146387857697794,0.156765642846618,0.0623486949681437,0.00151490178447426,0.00273850109139648,0.153227640476283,0.111370937027711,0.456092978065808,0.0413019179697862,"Human_Breast_He_06222020_ST_BC24223_D2"
"Human_Breast_He_06222020_ST_BC24223_D2_20x34",0.0997600913704627,0.205843606884036,0.103439616484437,0.0230052619523571,0.0369691386735901,0.164012310060628,0.129559844674252,0.0395560269730731,0.197854102927164,"Human_Breast_He_06222020_ST_BC24223_D2"
"Human_Breast_He_06222020_ST_BC24223_D2_6x33",0.0267481391927481,0.255897332378452,0.110519798292551,0.000483536494093394,0.00140524099690364,0.120007806069876,0.173651169396428,0.129069103334658,0.18221787384429,"Human_Breast_He_06222020_ST_BC24223_D2"
"Human_Breast_He_06222020_ST_BC24223_D2_6x32",0.0195834104075451,0.330670552267833,0.0892892343765364,0.00011007981364624,0.000224209430970158,0.1535861913417,0.204690861379687,0.0115420868249677,0.190303374157115,"Human_Breast_He_06222020_ST_BC24223_D2"
"Human_Breast_He_06222020_ST_BC24223_D2_6x31",0.0122731148603335,0.302056505211151,0.223855692447793,0.00981932922973902,0.00595410253777009,0.14564736242235,0.1018500350411,0.0302959584401094,0.168247899809654,"Human_Breast_He_06222020_ST_BC24223_D2"
"Human_Breast_He_06222020_ST_BC24223_D2_6x30",0.00298161066791716,0.0853438897050119,0.202532942872539,0.241109760657521,0.00613779520316611,0.0159443293671692,0.121048703110406,0.28072053413794,0.0441804342783307,"Human_Breast_He_06222020_ST_BC24223_D2"
"Human_Breast_He_06222020_ST_BC24223_D2_6x34",0.0962217411993513,0.369538582649806,0.0366161090262909,0.0110052643543641,0.0116351255037629,0.116190237004179,0.154643829288998,0.0465567814977698,0.157592329475479,"Human_Breast_He_06222020_ST_BC24223_D2"
"Human_Breast_He_06222020_ST_BC24223_D2_23x19",0.00500764015159236,0.2299669875857,0.215016097422603,0.000394422117055124,0.00089928704892049,0.149226979582541,0.102900392454491,0.146177052807257,0.150411140829839,"Human_Breast_He_06222020_ST_BC24223_D2"
"Human_Breast_He_06222020_ST_BC24223_D2_8x22",0.00321383668612336,0.169296883337148,0.252674776962871,0.000493239972283563,0.000543181435499675,0.0433216833784604,0.11033876808851,0.312729705610671,0.107387924528432,"Human_Breast_He_06222020_ST_BC24223_D2"
"Human_Breast_He_06222020_ST_BC24223_D2_8x23",0.0438392713437375,0.174287990230214,0.281249492517322,0.00229876916735756,0.00326915172468346,0.140137318668336,0.211065832902094,0.0531796168355058,0.0906725566107494,"Human_Breast_He_06222020_ST_BC24223_D2"
"Human_Breast_He_06222020_ST_BC24223_D2_8x20",0.0585971959849362,0.203796013413444,0.332031097692413,0.037762062451887,0.00496180735508809,0.0525457300659458,0.160340794811617,0.00700332999256581,0.142961968232103,"Human_Breast_He_06222020_ST_BC24223_D2"
"Human_Breast_He_06222020_ST_BC24223_D2_11x17",0.0320529852692066,0.469442275808231,0.0251593237126654,0.00653908929295992,0.00617025416783839,0.113232536772835,0.179608255939261,0.0239725723399122,0.143822706697091,"Human_Breast_He_06222020_ST_BC24223_D2"
"Human_Breast_He_06222020_ST_BC24223_D2_8x26",0.0486756012674173,0.213874436510549,0.13642893359787,0.00510660023251454,0.00361595322868306,0.144121138676422,0.228930607151391,0.0441975598669869,0.175049169468166,"Human_Breast_He_06222020_ST_BC24223_D2"
"Human_Breast_He_06222020_ST_BC24223_D2_8x27",0.0262185134878245,0.157964113102149,0.15478135413316,0.00489379957998063,0.00915586058678983,0.0798819340372661,0.254993583484112,0.112073966811533,0.200036874777185,"Human_Breast_He_06222020_ST_BC24223_D2"
"Human_Breast_He_06222020_ST_BC24223_D2_8x25",0.0335804385493643,0.165321817778586,0.41622504410049,0.00115786619976849,0.00233533327828559,0.0656335244776625,0.117608902624224,0.0526550687029856,0.145482004288633,"Human_Breast_He_06222020_ST_BC24223_D2"
"Human_Breast_He_06222020_ST_BC24223_D2_8x28",0.0333937442087,0.1783388193543,0.123044630964239,0.00466500255309232,0.0142923316900181,0.241022373656668,0.108178133789461,0.0348787373377686,0.262186226445752,"Human_Breast_He_06222020_ST_BC24223_D2"
"Human_Breast_He_06222020_ST_BC24223_D2_8x29",0.0493097328939122,0.194401079296291,0.0774210436976792,0.0234698236092098,0.00981424477559166,0.174503120025566,0.291416844659995,0.0608214353345712,0.118842675707183,"Human_Breast_He_06222020_ST_BC24223_D2"
"Human_Breast_He_06222020_ST_BC24223_D2_11x18",0.0172619341961268,0.367759100601971,0.184734502345498,0.000923414157815088,0.00504912741451536,0.105846768152764,0.102830295903519,0.0640956997227945,0.151499157504997,"Human_Breast_He_06222020_ST_BC24223_D2"
"Human_Breast_He_06222020_ST_BC24223_D2_11x19",0.0578900419695725,0.217678987959874,0.172650541463345,0.000388947359394405,0.000602011740428044,0.151162834692397,0.0606453707874697,0.166980661393278,0.172000602634241,"Human_Breast_He_06222020_ST_BC24223_D2"
"Human_Breast_He_06222020_ST_BC24223_D2_14x20",0.0377541176523504,0.155524236480209,0.141552387532742,0.00177785056640475,0.00159600572387094,0.0822372832213967,0.167430304950617,0.229518462064056,0.182609351808353,"Human_Breast_He_06222020_ST_BC24223_D2"
"Human_Breast_He_06222020_ST_BC24223_D2_22x26",0.101428294774136,0.215237706875631,0.148532532179681,0.00211524157587146,0.00645752292972434,0.0776645211306417,0.14462481646996,0.178418648059656,0.125520716004698,"Human_Breast_He_06222020_ST_BC24223_D2"
"Human_Breast_He_06222020_ST_BC24223_D2_13x30",0.1019677666274,0.224973675422485,0.0960637966975149,0.0211501576319558,0.0259161122862102,0.118165109446287,0.202694272234281,0.0442179377161072,0.164851171937758,"Human_Breast_He_06222020_ST_BC24223_D2"
"Human_Breast_He_06222020_ST_BC24223_D2_17x18",0.029881054089506,0.119381871469599,0.266636953932983,0.000866731962694871,0.00183471917355551,0.144266877671125,0.0546799588385604,0.208317823520754,0.174134009341223,"Human_Breast_He_06222020_ST_BC24223_D2"
"Human_Breast_He_06222020_ST_BC24223_D2_17x19",0.036215945429813,0.146443476480324,0.0908888435362886,0.000763109433968562,0.000900300510462892,0.0893525068956025,0.164274827666542,0.247097112477127,0.224063877569871,"Human_Breast_He_06222020_ST_BC24223_D2"
"Human_Breast_He_06222020_ST_BC24223_D2_10x26",0.0684001974405535,0.297365658614832,0.14888796039438,0.0320382388528695,0.0182453749032778,0.0949586887252159,0.211405215708514,0.00966469130916334,0.119033974051194,"Human_Breast_He_06222020_ST_BC24223_D2"
"Human_Breast_He_06222020_ST_BC24223_D2_10x27",0.030412815858276,0.2628670621465,0.237507207567695,0.00162112491112152,0.00163819967474686,0.0716707848882169,0.0870267010355386,0.0519881221860674,0.255267981731838,"Human_Breast_He_06222020_ST_BC24223_D2"
"Human_Breast_He_06222020_ST_BC24223_D2_10x24",0.0931841721723502,0.200382015824149,0.215337935974201,0.00106800003396468,0.00138681045350789,0.123052642553423,0.136569379485272,0.14206075707222,0.0869582864309112,"Human_Breast_He_06222020_ST_BC24223_D2"
"Human_Breast_He_06222020_ST_BC24223_D2_10x25",0.0538482824716036,0.223107937529198,0.130259529930754,0.103324115802131,0.0602680282563876,0.0798969631710094,0.174368105042842,0.0955409099605182,0.0793861278355555,"Human_Breast_He_06222020_ST_BC24223_D2"
"Human_Breast_He_06222020_ST_BC24223_D2_10x22",0.0362416409994709,0.282815084236022,0.274894141925847,0.00134943533090894,0.00151540852440211,0.124108874263138,0.045131804516793,0.130722104062048,0.103221506141369,"Human_Breast_He_06222020_ST_BC24223_D2"
"Human_Breast_He_06222020_ST_BC24223_D2_10x23",0.099824740644632,0.224439208316941,0.181633869273311,0.0271109262158974,0.00889153674102853,0.114032994399533,0.196436218269369,0.0737197641348048,0.0739107420044827,"Human_Breast_He_06222020_ST_BC24223_D2"
"Human_Breast_He_06222020_ST_BC24223_D2_10x20",0.0514149951814433,0.136776206173634,0.0597785989578418,0.00645486840920394,0.00578014448324729,0.154959031224021,0.251652021383233,0.124757176034304,0.208426958153071,"Human_Breast_He_06222020_ST_BC24223_D2"
"Human_Breast_He_06222020_ST_BC24223_D2_10x21",0.0217188781584657,0.241238993483833,0.0967346884839046,0.00400908406529539,0.00265200573175307,0.161929766551401,0.0768779021661749,0.277730877860054,0.117107803499118,"Human_Breast_He_06222020_ST_BC24223_D2"
"Human_Breast_He_06222020_ST_BC24223_D2_10x28",0.0379706753285069,0.137907940529221,0.0863413294191153,0.000552035059744063,0.00637735944463984,0.143473137341292,0.176797104264959,0.159054721173251,0.251525697439271,"Human_Breast_He_06222020_ST_BC24223_D2"
"Human_Breast_He_06222020_ST_BC24223_D2_10x29",0.165489848328561,0.237279397218851,0.104853495975111,0.0436995778161923,0.0301182505680259,0.0581888537174406,0.198136576258606,0.0340340081658175,0.128199991951393,"Human_Breast_He_06222020_ST_BC24223_D2"
"Human_Breast_He_06222020_ST_BC24223_D2_7x17",0.0293245191405225,0.252986505089487,0.146068726788092,0.00814261950884314,0.0112484436962425,0.139199956683816,0.16458708054661,0.100683385582946,0.147758762963441,"Human_Breast_He_06222020_ST_BC24223_D2"
"Human_Breast_He_06222020_ST_BC24223_D2_7x18",0.00861560106280093,0.383822776703509,0.262629556141834,0.0023076600991086,0.000667412199647122,0.167671240035703,0.102281516724087,0.000112649812828663,0.0718915872204812,"Human_Breast_He_06222020_ST_BC24223_D2"
"Human_Breast_He_06222020_ST_BC24223_D2_7x19",0.0088694051476069,0.257747600429089,0.179386313312613,0.0108361859555936,0.0074428879898616,0.0318322842690153,0.240236643712727,0.0211752984663703,0.242473380717123,"Human_Breast_He_06222020_ST_BC24223_D2"
"Human_Breast_He_06222020_ST_BC24223_D2_19x34",0.0732535651882434,0.277270423122723,0.0217404266612249,0.241983101485716,0.0269848182570644,0.0515000278796454,0.154537345766408,0.122274846028528,0.0304554456104465,"Human_Breast_He_06222020_ST_BC24223_D2"
"Human_Breast_He_06222020_ST_BC24223_D2_19x33",0.134782199078436,0.301011406285309,0.12002409254542,0.00365484681898223,0.0106335964105992,0.0699177774001304,0.213524538307446,0.0316682895870995,0.114783253566576,"Human_Breast_He_06222020_ST_BC24223_D2"
"Human_Breast_He_06222020_ST_BC24223_D2_19x30",0.081162321945736,0.17782538129501,0.0875674959561196,0.0116671763242908,0.0151045502987205,0.0646969058327081,0.351281099158427,0.0694973355987675,0.14119773359022,"Human_Breast_He_06222020_ST_BC24223_D2"
"Human_Breast_He_06222020_ST_BC24223_D2_19x31",0.0720756857554311,0.165814804187663,0.195612109969763,0.00110193437109443,0.00133515479604714,0.08027364471568,0.0667796456311276,0.378444756378051,0.0385622641951425,"Human_Breast_He_06222020_ST_BC24223_D2"
"Human_Breast_He_06222020_ST_BC24223_D2_21x19",0.012813876041684,0.0935415638534884,0.246181260335931,0.180065883771176,0.0181962982526368,0.0668559154433472,0.179881571365819,0.101444501633411,0.101019129302507,"Human_Breast_He_06222020_ST_BC24223_D2"
"Human_Breast_He_06222020_ST_BC24223_D2_21x18",0.0321231847745709,0.366079521694412,0.021795565967795,0.0103979991147766,0.00596293721865085,0.0697115041250594,0.334631100527625,0.0512661838586956,0.108032002718414,"Human_Breast_He_06222020_ST_BC24223_D2"
"Human_Breast_He_06222020_ST_BC24223_D2_9x25",0.016368209657535,0.25410164245722,0.146546767869355,0.00054593721803495,0.00331860340633897,0.135146791583004,0.163207721353764,0.135470713443401,0.145293613011347,"Human_Breast_He_06222020_ST_BC24223_D2"
"Human_Breast_He_06222020_ST_BC24223_D2_9x24",0.125761114878264,0.285809091485695,0.147283762940226,0.0315251537736894,0.0104832363334685,0.104445195219682,0.176980102365276,0.0350182614425955,0.0826940815611039,"Human_Breast_He_06222020_ST_BC24223_D2"
"Human_Breast_He_06222020_ST_BC24223_D2_9x27",0.0609614770186475,0.2538235020578,0.164731977551617,0.0126971376903958,0.00528688054523872,0.123711271945727,0.220358553614496,0.0446722149082995,0.113756984667779,"Human_Breast_He_06222020_ST_BC24223_D2"
"Human_Breast_He_06222020_ST_BC24223_D2_13x28",0.0710155377642524,0.263959122497342,0.189973391618554,0.00169420292909908,0.00722503442372316,0.0586549122655572,0.108296618847964,0.0804629796786034,0.218718199974906,"Human_Breast_He_06222020_ST_BC24223_D2"
"Human_Breast_He_06222020_ST_BC24223_D2_12x28",0.059854576784405,0.182338896641662,0.0866466342146408,0.00261875404849633,0.00454258598901103,0.160611574014592,0.305191817152031,0.018633161279216,0.179561999875946,"Human_Breast_He_06222020_ST_BC24223_D2"
"Human_Breast_He_06222020_ST_BC24223_D2_12x29",0.0825567030135292,0.137604155975941,0.234079345958368,0.000435019145083154,0.000467090844934893,0.0597704537464408,0.24351207621209,0.179537361433195,0.062037793670418,"Human_Breast_He_06222020_ST_BC24223_D2"
"Human_Breast_He_06222020_ST_BC24223_D2_9x23",0.008588512424364,0.288480075982299,0.130762762932351,0.00116289214340026,0.000933149276841303,0.120244320358757,0.201732762967869,0.156648160912299,0.0914473630018199,"Human_Breast_He_06222020_ST_BC24223_D2"
"Human_Breast_He_06222020_ST_BC24223_D2_9x22",0.0165296207887408,0.202333866877145,0.204090572046917,0.0032138708709113,0.00155748212977817,0.142251647319708,0.137736983867545,0.132121993535386,0.160163962563869,"Human_Breast_He_06222020_ST_BC24223_D2"
"Human_Breast_He_06222020_ST_BC24223_D2_12x24",0.0187359948113892,0.239767588001905,0.138121750031113,0.00868733228865391,0.0085755664375763,0.0214875630026176,0.188150993098511,0.25331679096388,0.123156421364354,"Human_Breast_He_06222020_ST_BC24223_D2"
"Human_Breast_He_06222020_ST_BC24223_D2_13x22",0.0264188364683598,0.310267750896453,0.16349271846147,0.000947192606840474,0.00373957903479455,0.088785757195938,0.207174289978731,0.0595910234930559,0.139582851864357,"Human_Breast_He_06222020_ST_BC24223_D2"
"Human_Breast_He_06222020_ST_BC24223_D2_13x21",0.0247450174911201,0.237563123620343,0.146428163694231,0.0167931376532922,0.00734280318942048,0.116212559004402,0.141238385703156,0.140564661045231,0.169112148598805,"Human_Breast_He_06222020_ST_BC24223_D2"
"Human_Breast_He_06222020_ST_BC24223_D2_12x27",0.0400180244090547,0.21230528926433,0.0782805060390517,0.00063435839512806,0.0054602370394587,0.100631383591463,0.191899114106647,0.0490011053760859,0.321769981778781,"Human_Breast_He_06222020_ST_BC24223_D2"
"Human_Breast_He_06222020_ST_BC24223_D2_13x27",0.0511357278677862,0.192022185102177,0.14258949546412,0.000299472889776281,0.00267221931847657,0.138894806406443,0.135796901481086,0.143255883059368,0.193333308410768,"Human_Breast_He_06222020_ST_BC24223_D2"
"Human_Breast_He_06222020_ST_BC24223_D2_9x28",0.0366966951064204,0.221184982980308,0.110057774106742,0.00655125100736126,0.00591458252385116,0.144560269604893,0.241039705058396,0.0259961931913723,0.207998546420656,"Human_Breast_He_06222020_ST_BC24223_D2"
"Human_Breast_He_06222020_ST_BC24223_D2_12x22",0.0243430950919258,0.222402912364518,0.199331424076309,0.011751103812038,0.00640333304965427,0.14927876716517,0.0877551598488685,0.132558660683444,0.166175543908073,"Human_Breast_He_06222020_ST_BC24223_D2"
"Human_Breast_He_06222020_ST_BC24223_D2_12x23",0.0248993882251557,0.19165516068866,0.311493491534009,0.00169008083660453,0.00191425629458065,0.0648834866908027,0.0452418546925527,0.190471098357574,0.16775118268006,"Human_Breast_He_06222020_ST_BC24223_D2"
"Human_Breast_He_06222020_ST_BC24223_D2_7x22",0.00793881757696975,0.239511137401603,0.298813245624106,4.0732107883038e-05,0.000522474308664383,0.033995006342869,0.0416628452419992,0.243630973604323,0.133884767791583,"Human_Breast_He_06222020_ST_BC24223_D2"
"Human_Breast_He_06222020_ST_BC24223_D2_3x27",0.0329884135651656,0.0928786774336058,0.0279534799061264,0.0200389390268455,0.0296167094518181,0.0923458930287775,0.350010902287521,0.0206308297796794,0.333536155520461,"Human_Breast_He_06222020_ST_BC24223_D2"
"Human_Breast_He_06222020_ST_BC24223_D2_3x26",0.0157085662350483,0.330513060707688,0.0792580218477807,0.0745723800481021,0.094121805997841,0.0412139109558265,0.0819894097303992,0.0874492631613403,0.195173581315974,"Human_Breast_He_06222020_ST_BC24223_D2"
"Human_Breast_He_06222020_ST_BC24223_D2_3x25",0.0030948865554225,0.141721454927787,0.143884278770429,5.61000443030475e-05,0.000236419781012076,0.0269150837984807,0.055090396829649,0.561665997077889,0.0673353822150275,"Human_Breast_He_06222020_ST_BC24223_D2"
"Human_Breast_He_06222020_ST_BC24223_D2_3x24",0.0247463250016963,0.299249927970917,0.412788086801454,0.00342001783553632,0.0017870230143348,0.0873677408758374,0.0776766722255468,0.0166717971877949,0.0762924090868823,"Human_Breast_He_06222020_ST_BC24223_D2"
"Human_Breast_He_06222020_ST_BC24223_D2_11x29",0.0557479827215188,0.228609125256112,0.132897482156207,0.00589593160325848,0.009153083665039,0.0945942524643832,0.245646164974578,0.115618002001362,0.111837975157542,"Human_Breast_He_06222020_ST_BC24223_D2"
"Human_Breast_He_06222020_ST_BC24223_D2_11x28",0.0258173538440183,0.137395537996702,0.0906206085576136,0.00450986584454635,0.0103252879846644,0.14126997124572,0.193441260625653,0.121376349472582,0.275243764428501,"Human_Breast_He_06222020_ST_BC24223_D2"
"Human_Breast_He_06222020_ST_BC24223_D2_14x31",0.0745025327874045,0.354672649928923,0.120816457611992,0.045856096753355,0.0317806591125077,0.146682222432408,0.0467872723169619,0.154136708365611,0.0247654006908378,"Human_Breast_He_06222020_ST_BC24223_D2"
"Human_Breast_He_06222020_ST_BC24223_D2_11x24",0.0250390275592521,0.253338629373599,0.218611239521414,0.0148455391612046,0.00902102838864931,0.0543080754851656,0.166334334382051,0.179945601746435,0.0785565243822301,"Human_Breast_He_06222020_ST_BC24223_D2"
"Human_Breast_He_06222020_ST_BC24223_D2_11x27",0.0554100126206383,0.187489161573314,0.120335914089835,0.00465574372191813,0.00891981877357414,0.157522795788415,0.255473280324686,0.0299162016006173,0.180277071507001,"Human_Breast_He_06222020_ST_BC24223_D2"
"Human_Breast_He_06222020_ST_BC24223_D2_11x26",0.0644135431462746,0.273939900975423,0.0727434074434435,0.00174489138445352,0.00105235845894837,0.0469697954852978,0.466302568017475,0.00716090203603905,0.0656726330526445,"Human_Breast_He_06222020_ST_BC24223_D2"
"Human_Breast_He_06222020_ST_BC24223_D2_11x21",0.128810879425764,0.185621445490097,0.0951408185136364,0.00285660680333425,0.00926010844768651,0.0251753818398247,0.175797866107038,0.19277553797713,0.18456135539549,"Human_Breast_He_06222020_ST_BC24223_D2"
"Human_Breast_He_06222020_ST_BC24223_D2_11x20",0.0228425712759122,0.214312078429024,0.0476369534988572,7.8839082178902e-05,0.000368068189302546,0.211803215073612,0.289911630077003,0.0175045178764334,0.195542126497677,"Human_Breast_He_06222020_ST_BC24223_D2"
"Human_Breast_He_06222020_ST_BC24223_D2_3x29",0.0135777272806393,0.141490696382039,0.362423178900442,0.000145076484288438,0.000259049297801512,0.061724395988848,0.147383035397793,0.0885106091294795,0.18448623113867,"Human_Breast_He_06222020_ST_BC24223_D2"
"Human_Breast_He_06222020_ST_BC24223_D2_11x22",0.0323342671591085,0.22766270146069,0.101135307571098,0.0631144434854849,0.0387335125934433,0.181131969641018,0.169063042488873,0.0627141862321403,0.124110569368144,"Human_Breast_He_06222020_ST_BC24223_D2"
"Human_Breast_He_06222020_ST_BC24223_D2_8x18",0.022338518114255,0.268205935032581,0.126445342101288,0.00317995373477914,0.00157038794166699,0.14561233624803,0.151244215895216,0.205425972030845,0.0759773389013385,"Human_Breast_He_06222020_ST_BC24223_D2"
"Human_Breast_He_06222020_ST_BC24223_D2_9x34",0.0424275563186129,0.187204909929487,0.236120371581547,0.000542311774368647,0.000788068523246489,0.192109186294393,0.0747725665673921,0.238083572784063,0.0279514562268906,"Human_Breast_He_06222020_ST_BC24223_D2"
"Human_Breast_He_06222020_ST_BC24223_D2_14x32",0.0203607807229969,0.304944316303002,0.113160309548002,0.000330905318702826,0.00250693125995831,0.0844760205622084,0.283877423562796,0.0777079009114794,0.112635411810853,"Human_Breast_He_06222020_ST_BC24223_D2"
"Human_Breast_He_06222020_ST_BC24223_D2_18x19",0.059474960902251,0.207411769562747,0.0672624351632336,0.00040189233127908,0.00142289338973127,0.138152129516878,0.100965958889473,0.240664679905579,0.184243280338827,"Human_Breast_He_06222020_ST_BC24223_D2"
"Human_Breast_He_06222020_ST_BC24223_D2_25x25",0.0901921732125642,0.321876809202316,0.238988372160501,0.00841729969940814,0.00212581191714128,0.120500984490797,0.0836284360081919,0.011718744884189,0.122551368424892,"Human_Breast_He_06222020_ST_BC24223_D2"
"Human_Breast_He_06222020_ST_BC24223_D2_13x24",0.00714871814309756,0.166384244736498,0.222045333737069,5.08753932023129e-05,0.000166912547415268,0.0636170442978349,0.0701187910998635,0.381333372169432,0.0891347078755868,"Human_Breast_He_06222020_ST_BC24223_D2"
"Human_Breast_He_06222020_ST_BC24223_D2_20x24",0.0594520369789632,0.288750681854128,0.126105654468204,0.00104698613787605,0.00350538391529728,0.0839172502877579,0.171611212230784,0.0639204491950107,0.201690344931979,"Human_Breast_He_06222020_ST_BC24223_D2"
"Human_Breast_He_06222020_ST_BC24223_D2_19x32",0.0662845872809312,0.260570868208483,0.187798353221271,0.0398943288903266,0.00852335534364142,0.278316026007403,0.0583637255002556,0.0804108267837334,0.0198379287639558,"Human_Breast_He_06222020_ST_BC24223_D2"
"Human_Breast_He_06222020_ST_BC24223_D2_23x32",0.0459052782824583,0.149872906771985,0.0854449388103188,0.00257783764330858,0.00762608048268894,0.114380549425804,0.364467128752428,0.162692776803954,0.0670325030270549,"Human_Breast_He_06222020_ST_BC24223_D2"
"Human_Breast_He_06222020_ST_BC24223_D2_16x33",0.0101373020831598,0.218691064136569,0.497916410938248,6.42966405853504e-05,0.000502576470448212,0.110579926481714,0.111394574515922,0.0166736495111936,0.0340401992221603,"Human_Breast_He_06222020_ST_BC24223_D2"
"Human_Breast_He_06222020_ST_BC24223_D2_16x32",0.0196527343576447,0.355871680837933,0.0720269891598511,9.76122917280269e-05,0.000121410280186848,0.217552339154797,0.144456905838367,0.139373293713066,0.0508470343664274,"Human_Breast_He_06222020_ST_BC24223_D2"
"Human_Breast_He_06222020_ST_BC24223_D2_16x31",0.1516110393377,0.222644510651025,0.164954948929487,0.000219456117640402,0.00055088490480864,0.123406405782811,0.166232332909309,0.0402307980423568,0.130149623324863,"Human_Breast_He_06222020_ST_BC24223_D2"
"Human_Breast_He_06222020_ST_BC24223_D2_16x30",0.0637159727706849,0.27214887455901,0.153558690424427,0.00700301353045528,0.00184394172800137,0.11310398079536,0.184515424735097,0.0621670330357462,0.141943068421218,"Human_Breast_He_06222020_ST_BC24223_D2"
"Human_Breast_He_06222020_ST_BC24223_D2_8x17",0.00937421254198648,0.620497080960617,0.151824969947249,0.00191916182741444,0.00424872813697511,0.0316887569969013,0.0929314106017425,0.000284591830953609,0.0872310871561601,"Human_Breast_He_06222020_ST_BC24223_D2"
"Human_Breast_He_06222020_ST_BC24223_D2_4x17",0.00983045441729006,0.291706142444446,0.120765184507873,0.00925344221474442,0.00611645380116038,0.10035893394079,0.128911269222225,0.0111345519308626,0.321923567520609,"Human_Breast_He_06222020_ST_BC24223_D2"
"Human_Breast_He_06222020_ST_BC24223_D2_15x33",0.0429969146153055,0.237203362669546,0.274485897743057,0.00252048720487339,0.00301502044119922,0.244168024045965,0.121631119342729,0.0158711069623334,0.0581080669749915,"Human_Breast_He_06222020_ST_BC24223_D2"
"Human_Breast_He_06222020_ST_BC24223_D2_17x21",0.0843248955747468,0.238398906046625,0.104286336172393,0.00531145371492616,0.00138920826772359,0.154656280848211,0.221936562863866,0.0347840750231497,0.154912281488359,"Human_Breast_He_06222020_ST_BC24223_D2"
"Human_Breast_He_06222020_ST_BC24223_D2_4x19",0.00822850348659255,0.385088350540097,0.189802358283914,0.0145036570003511,0.00282427934889312,0.0628360503156836,0.0843247775975029,0.0428642810204549,0.209527742406511,"Human_Breast_He_06222020_ST_BC24223_D2"
"Human_Breast_He_06222020_ST_BC24223_D2_4x18",0.0185582069285719,0.453187374225206,0.0834951081687877,0.000221412007487664,0.000435911328919632,0.0365878648889554,0.123849703267318,0.01930960179625,0.264354817388503,"Human_Breast_He_06222020_ST_BC24223_D2"
"Human_Breast_He_06222020_ST_BC24223_D2_15x30",0.0481940175562411,0.227456563818094,0.165812891093449,0.000415605538370729,0.00159529447154008,0.15138167254594,0.11594873789697,0.072250234570016,0.216944982509379,"Human_Breast_He_06222020_ST_BC24223_D2"
"Human_Breast_He_06222020_ST_BC24223_D2_13x26",0.0872153139043579,0.160644036770124,0.243721009005108,0.000682015190103757,0.000767526810383159,0.197568517404532,0.105683460374307,0.0578893405212875,0.145828780019796,"Human_Breast_He_06222020_ST_BC24223_D2"
"Human_Breast_He_06222020_ST_BC24223_D2_11x33",0.129412681606641,0.0730512984881946,0.261304878870204,0.00651595197195449,0.0306109924608095,0.068609864125125,0.108776129358103,0.0090131726994935,0.312705030419475,"Human_Breast_He_06222020_ST_BC24223_D2"
"Human_Breast_He_06222020_ST_BC24223_D2_12x17",0.0365634141938762,0.134193374867571,0.165841349852978,0.00103250259637068,0.00531508641092294,0.083488599781831,0.199310889167995,0.0459337336607603,0.328321049467695,"Human_Breast_He_06222020_ST_BC24223_D2"
"Human_Breast_He_06222020_ST_BC24223_D2_11x30",0.0680517799893747,0.211501160946196,0.179419929306634,0.000592921386344343,0.00154401313723558,0.094942947648199,0.221505427176306,0.0908323483782838,0.131609472031427,"Human_Breast_He_06222020_ST_BC24223_D2"
"Human_Breast_He_06222020_ST_BC24223_D2_14x25",0.0540638875959909,0.293780415684355,0.0531869545407326,0.00616374533386653,0.00298500510620359,0.0763342450541525,0.203290258509482,0.179348919006256,0.13084656916896,"Human_Breast_He_06222020_ST_BC24223_D2"
"Human_Breast_He_06222020_ST_BC24223_D2_12x19",0.0456316911874141,0.20691039821676,0.163092384245331,0.00319802269580898,0.00373244789767845,0.143713009415534,0.140501616625753,0.0998549557422137,0.193365473973507,"Human_Breast_He_06222020_ST_BC24223_D2"
"Human_Breast_He_06222020_ST_BC24223_D2_12x18",0.0244018333464735,0.218922267743405,0.103499109424414,0.000978850480860385,0.00277062465506858,0.0523101617682775,0.219394505472339,0.0244124160126681,0.353310231096494,"Human_Breast_He_06222020_ST_BC24223_D2"
"Human_Breast_He_06222020_ST_BC24223_D2_11x32",0.0742022093576646,0.230511998397626,0.114299020820872,0.022809776523519,0.0105675872091588,0.161243518453996,0.168681691150587,0.127885433295127,0.089798764791449,"Human_Breast_He_06222020_ST_BC24223_D2"
"Human_Breast_He_06222020_ST_BC24223_D2_9x18",0.0282697190955563,0.199753040762579,0.238741157052986,0.00141912366901922,0.000774695182889957,0.0326609595714965,0.0852796144600491,0.309412769713462,0.103688920491962,"Human_Breast_He_06222020_ST_BC24223_D2"
"Human_Breast_He_06222020_ST_BC24223_D2_9x19",0.0136574684333155,0.258717941322764,0.261298584096883,0.000542209178668577,0.00214665721216552,0.0716167161644482,0.082439158430627,0.163253668942929,0.146327596218199,"Human_Breast_He_06222020_ST_BC24223_D2"
"Human_Breast_He_06222020_ST_BC24223_D2_5x29",0.0402664830799381,0.199765595180977,0.122532409932808,0.00718645398278605,0.00577650085777136,0.207878747635102,0.094655631237815,0.209668727873716,0.112269450219087,"Human_Breast_He_06222020_ST_BC24223_D2"
"Human_Breast_He_06222020_ST_BC24223_D2_8x19",0.00836578600436671,0.285918637827384,0.180936624330254,0.0034868060333846,0.00384358010761245,0.0580070567591779,0.148632409752598,0.208011159159853,0.10279794002537,"Human_Breast_He_06222020_ST_BC24223_D2"
"Human_Breast_He_06222020_ST_BC24223_D2_5x28",0.0152670720580321,0.19294452394961,0.119937247154128,1.72490136351393e-05,0.00015020654497001,0.253601532119956,0.160369247237141,0.0912166803416505,0.166496241580877,"Human_Breast_He_06222020_ST_BC24223_D2"
"Human_Breast_He_06222020_ST_BC24223_D2_5x17",0.00642970095354479,0.285784705499456,0.088216097681806,0.000308953174642556,0.000585213123570108,0.0158004295214315,0.0717723518966282,0.308000773738507,0.223101774410414,"Human_Breast_He_06222020_ST_BC24223_D2"
"Human_Breast_He_06222020_ST_BC24223_D2_5x34",0.0565014895285648,0.162479511023642,0.203486814718886,8.48157300097674e-05,0.000361120198891127,0.223217412265619,0.186306505809739,0.0625016140985139,0.105060716626134,"Human_Breast_He_06222020_ST_BC24223_D2"
"Human_Breast_He_06222020_ST_BC24223_D2_5x32",0.0130448888086592,0.122859622825592,0.196583915996582,0.158142293470452,0.0379945197091669,0.095118690787107,0.173734326312031,0.0214337889456693,0.181087953144741,"Human_Breast_He_06222020_ST_BC24223_D2"
"Human_Breast_He_06222020_ST_BC24223_D2_5x33",0.0176091630420788,0.204058081211614,0.0395313794990313,0.00318894515724016,0.00391816529645872,0.0216317695959883,0.216127646592672,0.278062023312019,0.215872826292898,"Human_Breast_He_06222020_ST_BC24223_D2"
"Human_Breast_He_06222020_ST_BC24223_D2_5x30",0.035509974882378,0.218886704471356,0.151234931335278,0.0153643152123099,0.0157936497360152,0.0890427878880749,0.148352438356903,0.224304371396143,0.101510826721543,"Human_Breast_He_06222020_ST_BC24223_D2"
"Human_Breast_He_06222020_ST_BC24223_D2_5x31",0.0747080357116401,0.159061387526996,0.183932669448892,0.0343917034785095,0.00792541288938319,0.127574534863667,0.145028772171757,0.182793171102233,0.0845843128069228,"Human_Breast_He_06222020_ST_BC24223_D2"
"Human_Breast_He_06222020_ST_BC24223_D2_15x18",0.0262823961385082,0.251678671588858,0.256296949941888,0.0864207561254407,0.0316625498792355,0.0964097505265297,0.116306140304824,0.039059914608238,0.095882870886478,"Human_Breast_He_06222020_ST_BC24223_D2"
"Human_Breast_He_06222020_ST_BC24223_D2_15x19",0.0075289585666541,0.28521910620036,0.296481667925233,0.0042979356184656,0.00121828449551803,0.0728948635381355,0.109327753800211,0.00845070243641948,0.214580727419004,"Human_Breast_He_06222020_ST_BC24223_D2"
"Human_Breast_He_06222020_ST_BC24223_D2_8x34",0.0521936355537701,0.150237337099889,0.150400922698812,5.6626868799892e-05,0.00257375597437587,0.211025132136806,0.103341802604575,0.200065639744791,0.13010514731818,"Human_Breast_He_06222020_ST_BC24223_D2"
"Human_Breast_He_06222020_ST_BC24223_D2_8x31",0.0244135359456973,0.207338632084376,0.0730796743664461,0.00176260783685111,0.00278428088227143,0.0569248751587858,0.204595604401546,0.35558822656451,0.0735125627595156,"Human_Breast_He_06222020_ST_BC24223_D2"
"Human_Breast_He_06222020_ST_BC24223_D2_8x32",0.0396752447992838,0.310027267384085,0.360359956933556,0.000355573416828975,0.00114236179535664,0.119406077951088,0.0939126050753957,0.00528814227186538,0.0698327703725394,"Human_Breast_He_06222020_ST_BC24223_D2"
