"","Endothelial","CAFs","PVL","B-cells","T-cells","Myeloid","Normal Epithelial","Plasmablasts","Cancer Epithelial","sid"
"Human_Breast_He_06222020_ST_BC24105_C1_23x20",0.0320926899681735,0.187360644437153,0.0154074415238155,0.038907046213248,0.00960843365683671,0.049939461971199,0.11662865930701,0.359998861022358,0.190056761900207,"Human_Breast_He_06222020_ST_BC24105_C1"
"Human_Breast_He_06222020_ST_BC24105_C1_23x21",0.0122696732267173,0.0751416262704404,0.00790888274014897,0.0291785337862932,0.00899817627092826,0.0318901769618835,0.174099598334134,0.433373746579162,0.227139585830293,"Human_Breast_He_06222020_ST_BC24105_C1"
"Human_Breast_He_06222020_ST_BC24105_C1_23x22",0.00270099146752095,0.13516716489192,0.00236963819698899,0.00723270179703994,0.00140013275242865,0.0584317400378235,0.0817528716447961,0.609973117130496,0.100971642080986,"Human_Breast_He_06222020_ST_BC24105_C1"
"Human_Breast_He_06222020_ST_BC24105_C1_23x23",0.00201007036708194,0.111652369242862,0.0029794210792576,0.000741113354984238,0.00020713301258764,0.10422514755838,0.0121906180625695,0.74673503528277,0.0192590920395075,"Human_Breast_He_06222020_ST_BC24105_C1"
"Human_Breast_He_06222020_ST_BC24105_C1_23x24",0.00425987733921545,0.0883538727858212,0.0066783490041127,0.000426519350366821,9.29062820393254e-05,0.140931985419707,0.0212706748795442,0.715263127212237,0.0227226877269558,"Human_Breast_He_06222020_ST_BC24105_C1"
"Human_Breast_He_06222020_ST_BC24105_C1_23x26",0.00331137211436622,0.0865057008307925,0.00330597426144307,0.000957546912668787,0.000106838029029085,0.0859174051045838,0.0231968374760127,0.780237022183743,0.0164613030873609,"Human_Breast_He_06222020_ST_BC24105_C1"
"Human_Breast_He_06222020_ST_BC24105_C1_23x27",0.000751196909981977,0.16323065370383,0.000816823523500556,0.000279278255226801,3.28349144582364e-05,0.268857341002786,0.00975508829908924,0.553814885321112,0.00246189807001487,"Human_Breast_He_06222020_ST_BC24105_C1"
"Human_Breast_He_06222020_ST_BC24105_C1_7x33",0.000147834788106266,0.00624903840644356,0.000954288636759331,2.82575126191339e-06,6.23627735018968e-05,0.000132447296729615,0.00218264997213551,0.934856088001499,0.0554124643735631,"Human_Breast_He_06222020_ST_BC24105_C1"
"Human_Breast_He_06222020_ST_BC24105_C1_7x34",0.00337458894412328,0.117812183132968,0.0131570000063802,0.00121584260625469,0.00132529861774816,0.091819033855538,0.11240666654261,0.576268185825387,0.0826212004689904,"Human_Breast_He_06222020_ST_BC24105_C1"
"Human_Breast_He_06222020_ST_BC24105_C1_20x23",0.00610425108891995,0.0936729059692756,0.00295461171198384,0.00200352350635714,0.000975320465740969,0.0996779051511808,0.0554720220697399,0.70352186232212,0.0356175977146818,"Human_Breast_He_06222020_ST_BC24105_C1"
"Human_Breast_He_06222020_ST_BC24105_C1_3x22",0.00217167864942109,0.06778817115344,0.000461687832989778,0.00197855959188337,0.00047881412792213,0.0395100537879262,0.0265979666835015,0.849578541622778,0.0114345265501379,"Human_Breast_He_06222020_ST_BC24105_C1"
"Human_Breast_He_06222020_ST_BC24105_C1_18x28",0.00880711195190595,0.0753122800170844,0.00928102437576862,0.00810897304420764,0.00425246048326031,0.117886880417871,0.0729280875847144,0.642642482525206,0.0607806995999814,"Human_Breast_He_06222020_ST_BC24105_C1"
"Human_Breast_He_06222020_ST_BC24105_C1_18x29",0.0105995853428124,0.11782431863389,0.0478377302544542,0.00587745504018428,0.00090723414433267,0.124849404099861,0.0390689350809445,0.624378084856667,0.0286572525468532,"Human_Breast_He_06222020_ST_BC24105_C1"
"Human_Breast_He_06222020_ST_BC24105_C1_18x26",0.00078811632837398,0.0652720436681869,0.00426037093031226,0.000352879708340476,4.5433675916311e-05,0.048783895991781,0.00806465174503598,0.867187774290848,0.00524483366120477,"Human_Breast_He_06222020_ST_BC24105_C1"
"Human_Breast_He_06222020_ST_BC24105_C1_18x24",0.00812066869040123,0.140073889892366,0.0106325174668881,0.00403560976560124,0.00157384135818018,0.0950569893225656,0.112808536838274,0.55989160069589,0.0678063459698341,"Human_Breast_He_06222020_ST_BC24105_C1"
"Human_Breast_He_06222020_ST_BC24105_C1_18x25",0.014108244262327,0.086588677017865,0.00527821469597897,0.000966359934321982,0.000104487664272933,0.0728199297792767,0.0351359565099965,0.76992204348328,0.0150760866526815,"Human_Breast_He_06222020_ST_BC24105_C1"
"Human_Breast_He_06222020_ST_BC24105_C1_18x22",0.00754842116356955,0.075220079027319,0.0044111869462664,0.0101319880994446,0.0162356036546279,0.0904220701898541,0.187761758518198,0.458808627080028,0.149460265320693,"Human_Breast_He_06222020_ST_BC24105_C1"
"Human_Breast_He_06222020_ST_BC24105_C1_18x23",0.00975370846217731,0.0899978184075929,0.00301865125487892,0.00256127835455417,0.0024572832883391,0.053234491952557,0.0977272830588363,0.566661398863371,0.174588086357693,"Human_Breast_He_06222020_ST_BC24105_C1"
"Human_Breast_He_06222020_ST_BC24105_C1_18x20",0.00505784432692539,0.041865945716713,0.01043052004873,0.00828295804353935,0.00753986535820844,0.089175941574458,0.330994409235856,0.313366802268719,0.193285713426851,"Human_Breast_He_06222020_ST_BC24105_C1"
"Human_Breast_He_06222020_ST_BC24105_C1_18x21",0.0251689132472486,0.121415734185945,0.00952758053222092,0.0224460911987136,0.0157965156527792,0.0756728765993891,0.092299465480231,0.552303676183135,0.0853691469203382,"Human_Breast_He_06222020_ST_BC24105_C1"
"Human_Breast_He_06222020_ST_BC24105_C1_20x26",0.00175309766304957,0.105224382512773,0.00306327109361375,0.00120017748812799,0.000125400391889577,0.142196289694553,0.0482954351197566,0.646584370383931,0.0515575756523054,"Human_Breast_He_06222020_ST_BC24105_C1"
"Human_Breast_He_06222020_ST_BC24105_C1_23x25",0.00197198056226665,0.108417582829925,0.00416008180277086,0.00122640920520129,0.000413686446291068,0.0925628907153307,0.0309710445496344,0.723601188944526,0.0366751349440543,"Human_Breast_He_06222020_ST_BC24105_C1"
"Human_Breast_He_06222020_ST_BC24105_C1_8x23",0.00607627411446777,0.109500399660465,0.00556839664682637,0.00346745421137854,0.00484611612924059,0.00855864214613314,0.249224579071798,0.505087737034596,0.107670400985095,"Human_Breast_He_06222020_ST_BC24105_C1"
"Human_Breast_He_06222020_ST_BC24105_C1_8x21",0.00546927314155688,0.129835998739823,0.0027083004722131,0.00274615633740058,0.000638893235964382,0.0427524463115448,0.035733841900209,0.739202559161805,0.0409125306994832,"Human_Breast_He_06222020_ST_BC24105_C1"
"Human_Breast_He_06222020_ST_BC24105_C1_8x26",0.010577149610196,0.0434432075149175,0.0183067879781508,0.0143524538777242,0.00403757421645285,0.0654285170407296,0.115839375032586,0.617710281558254,0.110304653170989,"Human_Breast_He_06222020_ST_BC24105_C1"
"Human_Breast_He_06222020_ST_BC24105_C1_22x17",0.0347169670117498,0.0265358838248086,0.0179416632362276,0.0196391888557801,0.0541182660403019,0.0327794383677834,0.17460573085965,0.324615577403558,0.315047284400141,"Human_Breast_He_06222020_ST_BC24105_C1"
"Human_Breast_He_06222020_ST_BC24105_C1_6x33",0.00348220398659633,0.0570377737355107,0.000554549543700934,0.00158544489141016,0.0022962510539021,0.0191154334286765,0.231454796633855,0.437592045371318,0.246881501355031,"Human_Breast_He_06222020_ST_BC24105_C1"
"Human_Breast_He_06222020_ST_BC24105_C1_6x32",0.0104422200323015,0.0455328524189271,0.0105051890582437,0.00564115447960847,0.00584162817566999,0.107310854498405,0.183537415506351,0.369542365372209,0.261646320458283,"Human_Breast_He_06222020_ST_BC24105_C1"
"Human_Breast_He_06222020_ST_BC24105_C1_6x31",0.00292850140477247,0.116317265631387,0.00441561826382196,0.0268205223305705,0.0159991961300699,0.0511864050844464,0.162367600904789,0.460899752632449,0.159065137617695,"Human_Breast_He_06222020_ST_BC24105_C1"
"Human_Breast_He_06222020_ST_BC24105_C1_6x30",0.00593056661363839,0.141036999241643,0.00369149868382298,0.00149263146725607,0.000240628273207158,0.0476320772154083,0.0356602041099946,0.742421893774364,0.0218935006206656,"Human_Breast_He_06222020_ST_BC24105_C1"
"Human_Breast_He_06222020_ST_BC24105_C1_18x27",0.00110212210419572,0.0687330937890382,0.00789765394224973,0.0223577039366495,0.00401766568027694,0.167620157021984,0.0919130586830893,0.559614406592086,0.0767441382504302,"Human_Breast_He_06222020_ST_BC24105_C1"
"Human_Breast_He_06222020_ST_BC24105_C1_23x19",0.00761760652864042,0.0934847324200156,0.0135945241863205,0.0335982433493119,0.0132397975940975,0.0767478874503672,0.20382991379486,0.381356786295254,0.176530508381133,"Human_Breast_He_06222020_ST_BC24105_C1"
"Human_Breast_He_06222020_ST_BC24105_C1_23x18",0.0208406249436496,0.0559966808384228,0.0108952833900258,0.0284470508915139,0.0129949598081292,0.0919522534894833,0.135902348003748,0.479064342823715,0.163906455811313,"Human_Breast_He_06222020_ST_BC24105_C1"
"Human_Breast_He_06222020_ST_BC24105_C1_23x17",0.0299941496394336,0.116626977342501,0.0134907688325653,0.0815805480681922,0.0519074261451041,0.0878278900163304,0.136318893062243,0.295174516423114,0.187078830470517,"Human_Breast_He_06222020_ST_BC24105_C1"
"Human_Breast_He_06222020_ST_BC24105_C1_8x22",0.00646012112898371,0.0724073088022126,0.0040109258817669,0.00906686977142238,0.00272928677007339,0.0846072309616089,0.114116587071004,0.588092031888924,0.118509637724003,"Human_Breast_He_06222020_ST_BC24105_C1"
"Human_Breast_He_06222020_ST_BC24105_C1_8x20",0.0107771952744367,0.117622705032859,0.0179176274182824,0.0196618554312764,0.00385181935882434,0.092942789045899,0.0511995993964706,0.589690102287602,0.0963363067543498,"Human_Breast_He_06222020_ST_BC24105_C1"
"Human_Breast_He_06222020_ST_BC24105_C1_8x27",0.0102489589036361,0.0741145444949139,0.00666372699572865,0.00591641938052921,0.00432869511066178,0.052139252665703,0.20065187798835,0.432211573601179,0.213724950859299,"Human_Breast_He_06222020_ST_BC24105_C1"
"Human_Breast_He_06222020_ST_BC24105_C1_8x25",0.00405789814601238,0.11131409777097,0.00738122723763295,0.00327537783630952,0.0024311840691122,0.0907785038489252,0.107418332104865,0.612592436132956,0.0607509428532175,"Human_Breast_He_06222020_ST_BC24105_C1"
"Human_Breast_He_06222020_ST_BC24105_C1_8x28",0.00336400166959402,0.0580718850319435,0.00240806002295673,0.00010458181860362,5.39500783056713e-06,0.023145085430135,0.00181927033047192,0.908242348680663,0.00283937200780136,"Human_Breast_He_06222020_ST_BC24105_C1"
"Human_Breast_He_06222020_ST_BC24105_C1_8x29",0.00586173600204868,0.146902381485783,0.00190705391038772,0.00100957314382068,0.000473789453632768,0.00452730457900165,0.00914766503292835,0.825884904669783,0.00428559172261381,"Human_Breast_He_06222020_ST_BC24105_C1"
"Human_Breast_He_06222020_ST_BC24105_C1_11x18",0.000249664941534534,0.131481319544599,0.000517373800788602,6.74862081737553e-05,8.89726123082555e-06,0.0026459214599112,0.00231269296970602,0.861896842357219,0.000819801456836557,"Human_Breast_He_06222020_ST_BC24105_C1"
"Human_Breast_He_06222020_ST_BC24105_C1_11x19",0.00148657262898771,0.155995752448881,0.000928201017357559,0.00407540988651681,0.00292076662625897,0.0223652259055603,0.0961575997374453,0.689479183731838,0.0265912880171544,"Human_Breast_He_06222020_ST_BC24105_C1"
"Human_Breast_He_06222020_ST_BC24105_C1_14x20",0.00768939732182352,0.156349647894767,0.00969394412619315,0.0151011963688085,0.00317992182278861,0.0889079504358782,0.21330086526091,0.442975365686406,0.0628017110824258,"Human_Breast_He_06222020_ST_BC24105_C1"
"Human_Breast_He_06222020_ST_BC24105_C1_26x19",0.00794489774226169,0.0821749743235578,0.0219559105057831,0.0232732276420307,0.00356921048938443,0.0515677861196286,0.204251681649003,0.486680148215065,0.118582163313285,"Human_Breast_He_06222020_ST_BC24105_C1"
"Human_Breast_He_06222020_ST_BC24105_C1_17x18",0.0077613978629442,0.065213365489508,0.017238920732261,0.0364348468495879,0.0090960579468545,0.0281753157845747,0.143383792015101,0.506489159719264,0.186207143599905,"Human_Breast_He_06222020_ST_BC24105_C1"
"Human_Breast_He_06222020_ST_BC24105_C1_17x19",0.00270986348030296,0.091185989829081,0.00211967687212139,0.0178987056451596,0.00205831398904613,0.018578842855956,0.143222920142612,0.620439183857029,0.101786503328692,"Human_Breast_He_06222020_ST_BC24105_C1"
"Human_Breast_He_06222020_ST_BC24105_C1_10x26",0.00946681037429862,0.121351582161001,0.0189108576841499,0.0132040387975066,0.0236766055896917,0.164674572579766,0.156655351490122,0.407438415328929,0.084621765994535,"Human_Breast_He_06222020_ST_BC24105_C1"
"Human_Breast_He_06222020_ST_BC24105_C1_10x27",0.00246920122478796,0.149880825162057,0.00191167130690209,0.00246075121113593,0.00276844999481422,0.0201913688904829,0.0411993290107705,0.755941177550033,0.0231772256490169,"Human_Breast_He_06222020_ST_BC24105_C1"
"Human_Breast_He_06222020_ST_BC24105_C1_10x24",0.0264513066671839,0.118490934151018,0.00667569522802413,0.020976953443165,0.00775262813191087,0.0419900044158835,0.160702340074072,0.544497158094962,0.0724629797937813,"Human_Breast_He_06222020_ST_BC24105_C1"
"Human_Breast_He_06222020_ST_BC24105_C1_10x25",0.0059752504635348,0.0854521378055633,0.00147618878655643,0.0187060087407237,0.0120353467311005,0.0357356735652967,0.038870991775866,0.744694437813355,0.0570539643180038,"Human_Breast_He_06222020_ST_BC24105_C1"
"Human_Breast_He_06222020_ST_BC24105_C1_10x22",0.00878683740751292,0.0643553197351369,0.0252837475445069,0.00471702499653307,0.00434083661569023,0.0624453686364889,0.0888212889814976,0.590967423149452,0.150282152933181,"Human_Breast_He_06222020_ST_BC24105_C1"
"Human_Breast_He_06222020_ST_BC24105_C1_10x23",0.0162993519802918,0.035985523768867,0.0164033028221716,0.0101709375908206,0.00523667565952451,0.05001308296287,0.217754417776939,0.527091037764696,0.12104566967382,"Human_Breast_He_06222020_ST_BC24105_C1"
"Human_Breast_He_06222020_ST_BC24105_C1_10x20",0.0181879899717037,0.0893691822040276,0.01463580328816,0.0461294014677607,0.0244937940128104,0.128368138830067,0.109757422203475,0.466410279203803,0.102647988818193,"Human_Breast_He_06222020_ST_BC24105_C1"
"Human_Breast_He_06222020_ST_BC24105_C1_10x21",0.00926387177768331,0.110884230245105,0.0164807122610784,0.00564881185206104,0.00138662411221237,0.0888630199586648,0.0355590228311623,0.692413957889476,0.0394997490725565,"Human_Breast_He_06222020_ST_BC24105_C1"
"Human_Breast_He_06222020_ST_BC24105_C1_10x28",0.0232452691158859,0.106234796397589,0.00689301675560184,0.00440456954505416,0.000297550551011153,0.0386963004152107,0.0239712358651108,0.76827546720904,0.0279817941454962,"Human_Breast_He_06222020_ST_BC24105_C1"
"Human_Breast_He_06222020_ST_BC24105_C1_10x29",0.00957386662189348,0.0541787177801785,0.00747021758664066,0.00396034539510613,0.0042115614883898,0.0517825005055082,0.0815898499390749,0.622303013955034,0.164929926728174,"Human_Breast_He_06222020_ST_BC24105_C1"
"Human_Breast_He_06222020_ST_BC24105_C1_7x19",0.00428105409619181,0.157468027978917,0.00170700642849778,0.00156821468886603,0.00092572067780858,0.0512566909148236,0.0661947556641949,0.65907905786363,0.05751947168707,"Human_Breast_He_06222020_ST_BC24105_C1"
"Human_Breast_He_06222020_ST_BC24105_C1_21x17",0.0296460105003722,0.132865569719445,0.0235006907735918,0.00757733500515994,0.00186563569742484,0.0929023280123631,0.0281377058293482,0.60060194776305,0.0829027766992452,"Human_Breast_He_06222020_ST_BC24105_C1"
"Human_Breast_He_06222020_ST_BC24105_C1_21x19",0.0494248240297776,0.0583410779484192,0.0355804829691911,0.0329600134235691,0.024259396073308,0.0530791223177103,0.0997485936163323,0.326334373923823,0.32027211569787,"Human_Breast_He_06222020_ST_BC24105_C1"
"Human_Breast_He_06222020_ST_BC24105_C1_21x18",0.010055619530602,0.180208756063608,0.0133553321551774,0.0110853054987921,0.00533948592560078,0.110089615693943,0.0463007275120573,0.532844127934365,0.090721029685854,"Human_Breast_He_06222020_ST_BC24105_C1"
"Human_Breast_He_06222020_ST_BC24105_C1_9x25",0.0341646478579322,0.164730263506901,0.0234096504484386,0.00450700724069787,0.00534024914590255,0.0958886941104197,0.0416111876222981,0.570458954673672,0.0598893453937375,"Human_Breast_He_06222020_ST_BC24105_C1"
"Human_Breast_He_06222020_ST_BC24105_C1_9x24",0.00336521868753953,0.0761143197027919,0.00822133853069092,0.0128973656515665,0.00444410148827006,0.0382207968760386,0.154275445974406,0.58405515743429,0.118406255654406,"Human_Breast_He_06222020_ST_BC24105_C1"
"Human_Breast_He_06222020_ST_BC24105_C1_13x29",0.00354307860596865,0.0498225389522658,0.0075578039235681,7.91703953435191e-05,4.41640340759887e-05,0.0524132638982874,0.0251325777949558,0.840406492425928,0.021000909969607,"Human_Breast_He_06222020_ST_BC24105_C1"
"Human_Breast_He_06222020_ST_BC24105_C1_13x28",0.00135855157871886,0.0789907091381895,0.00244734108261339,0.0119340711575055,0.00332601023325078,0.034012828252451,0.168905476328386,0.501190940618391,0.197834071610493,"Human_Breast_He_06222020_ST_BC24105_C1"
"Human_Breast_He_06222020_ST_BC24105_C1_12x28",0.00413905442493656,0.0596579734173253,0.00375809767100572,0.0138353221720132,0.0101576495191124,0.0339898799189442,0.173253623394605,0.549278401619748,0.15192999786231,"Human_Breast_He_06222020_ST_BC24105_C1"
"Human_Breast_He_06222020_ST_BC24105_C1_12x29",0.00106088174492492,0.0627815418740277,0.00167102105740352,0.000162955068395438,8.85006002951319e-05,0.016403775018321,0.0114221537715457,0.902457809218419,0.00395136164666718,"Human_Breast_He_06222020_ST_BC24105_C1"
"Human_Breast_He_06222020_ST_BC24105_C1_9x23",0.019771647578403,0.0993660611544246,0.0216590369117086,0.0181182455870091,0.00854190990042654,0.0324628267124401,0.104343030642811,0.599269980573168,0.0964672609396095,"Human_Breast_He_06222020_ST_BC24105_C1"
"Human_Breast_He_06222020_ST_BC24105_C1_9x22",0.00630163079653861,0.0572098304058946,0.0151455492432519,0.0374942053022366,0.00934322601077016,0.0990527431979247,0.166934258177923,0.464169279153362,0.144349277712099,"Human_Breast_He_06222020_ST_BC24105_C1"
"Human_Breast_He_06222020_ST_BC24105_C1_12x24",0.00904663976594835,0.129904194787969,0.000671958225645945,0.0196536526779532,0.0166466137687387,0.0687428085390558,0.18088914024282,0.485994995550593,0.0884499964412763,"Human_Breast_He_06222020_ST_BC24105_C1"
"Human_Breast_He_06222020_ST_BC24105_C1_12x25",0.0417122635340328,0.124157544509507,0.01086698885524,0.0325485919904767,0.0116502098515292,0.0680575275991991,0.134035083386007,0.474317145723614,0.102654644550393,"Human_Breast_He_06222020_ST_BC24105_C1"
"Human_Breast_He_06222020_ST_BC24105_C1_12x26",0.0141873716321403,0.0475612245356818,0.0120188454759114,0.00899776618752289,0.00570885063395513,0.050045475769846,0.107671639129451,0.567005435854736,0.186803390780756,"Human_Breast_He_06222020_ST_BC24105_C1"
"Human_Breast_He_06222020_ST_BC24105_C1_13x20",0.000246708199497987,0.069203429550506,0.000532417950982261,2.41748108749736e-05,2.78531124825965e-05,0.000488826419893776,0.00161109678416544,0.927518711384993,0.000346781786604441,"Human_Breast_He_06222020_ST_BC24105_C1"
"Human_Breast_He_06222020_ST_BC24105_C1_12x20",0.00111005874420963,0.235838043032448,0.0003369903438887,0.00110268976718924,0.000108603021273125,0.038251703284532,0.0865629222247303,0.561918247453265,0.0747707421284634,"Human_Breast_He_06222020_ST_BC24105_C1"
"Human_Breast_He_06222020_ST_BC24105_C1_9x28",0.00276686139854606,0.0915165201771916,0.00119398219055764,0.00390442437906063,0.00107987469481347,0.0445871447427399,0.0547627877078568,0.779240017135599,0.0209483875736351,"Human_Breast_He_06222020_ST_BC24105_C1"
"Human_Breast_He_06222020_ST_BC24105_C1_13x25",0.00757479420083647,0.0403255861590182,0.00705837063757312,0.00399494802473251,0.00368203222745177,0.0748954138397478,0.16316690236094,0.58624892882504,0.11305302372466,"Human_Breast_He_06222020_ST_BC24105_C1"
"Human_Breast_He_06222020_ST_BC24105_C1_12x23",0.00207394916626822,0.129298287646998,0.00268186174915984,0.00128536029926463,0.00109627321869399,0.0414858852548857,0.00569004841836031,0.814222822983784,0.0021655112625851,"Human_Breast_He_06222020_ST_BC24105_C1"
"Human_Breast_He_06222020_ST_BC24105_C1_13x21",0.000329720513657393,0.145763974537246,0.000566063366703666,0.00022665693307484,0.000164630642042816,0.0261084297972755,0.00943273738971235,0.814373130530924,0.00303465628936288,"Human_Breast_He_06222020_ST_BC24105_C1"
"Human_Breast_He_06222020_ST_BC24105_C1_24x17",0.00155811055456301,0.096694183721994,0.000409245422488655,0.00109452075950845,0.000484152858223888,0.00327327450135363,0.0381853100490778,0.844679244755975,0.0136219573768155,"Human_Breast_He_06222020_ST_BC24105_C1"
"Human_Breast_He_06222020_ST_BC24105_C1_3x27",0.0101918568066488,0.0376111880512079,0.0084331495659144,0.0135813094425714,0.0100823242798845,0.0640040920955396,0.132907878969204,0.543406719354423,0.179781481434606,"Human_Breast_He_06222020_ST_BC24105_C1"
"Human_Breast_He_06222020_ST_BC24105_C1_3x26",0.00400897812700702,0.0765820073245012,0.00832567028195515,0.00345752548853461,0.0079947377782157,0.0890227716773181,0.123201793110933,0.555156383340614,0.132250132870921,"Human_Breast_He_06222020_ST_BC24105_C1"
"Human_Breast_He_06222020_ST_BC24105_C1_3x25",0.00730937391415157,0.0565640404012907,0.00594846228480343,0.00690731877732094,0.00403384686458139,0.0633654218793688,0.169958819159301,0.606913996173804,0.0789987205453786,"Human_Breast_He_06222020_ST_BC24105_C1"
"Human_Breast_He_06222020_ST_BC24105_C1_3x24",0.00131514190726301,0.0584122435052196,0.00213285149206358,0.00131850505985374,0.000827910412627447,0.0348170341631812,0.0666557464444194,0.813816333636337,0.0207042333790351,"Human_Breast_He_06222020_ST_BC24105_C1"
"Human_Breast_He_06222020_ST_BC24105_C1_11x29",0.00812556020489698,0.113769703989209,0.0142477903061677,0.00147029740695676,0.00323856466927935,0.0580914109966087,0.102775605635659,0.625291848358386,0.0729892184328366,"Human_Breast_He_06222020_ST_BC24105_C1"
"Human_Breast_He_06222020_ST_BC24105_C1_11x28",0.00681707058936764,0.0898065429743351,0.00126277348619423,0.0162897311745092,0.0015982433723526,0.0315517245462438,0.0980166514396531,0.732066267081396,0.0225909953359484,"Human_Breast_He_06222020_ST_BC24105_C1"
"Human_Breast_He_06222020_ST_BC24105_C1_3x21",0.00535627492622904,0.0862606103633002,0.0032256596624144,0.00211494677146049,0.00201940262803034,0.0565659703923961,0.0444235954033138,0.778089326529804,0.0219442133230513,"Human_Breast_He_06222020_ST_BC24105_C1"
"Human_Breast_He_06222020_ST_BC24105_C1_3x20",0.00393913789602384,0.122614526107779,0.00329286032688011,0.00351487735095989,0.00071027169679724,0.0263827649824751,0.0438733226989301,0.776162126240528,0.0195101126996266,"Human_Breast_He_06222020_ST_BC24105_C1"
"Human_Breast_He_06222020_ST_BC24105_C1_11x25",0.022923531294769,0.104245795259607,0.00784571257773389,0.00771573034119784,0.00286916403873602,0.0304279031400758,0.102101863025789,0.620344373210663,0.101525927111429,"Human_Breast_He_06222020_ST_BC24105_C1"
"Human_Breast_He_06222020_ST_BC24105_C1_11x24",0.00304718206872837,0.0230250295625026,0.00344919521129566,0.00448808896627767,0.00328999445689584,0.0242385258710893,0.214205744776143,0.562430846920923,0.161825392166145,"Human_Breast_He_06222020_ST_BC24105_C1"
"Human_Breast_He_06222020_ST_BC24105_C1_11x27",0.000648558260047802,0.0911185209755207,0.00224064869903721,0.000862278597182327,0.000487818110848281,0.0418342932794449,0.00415417778124218,0.848286258631498,0.0103674456651792,"Human_Breast_He_06222020_ST_BC24105_C1"
"Human_Breast_He_06222020_ST_BC24105_C1_11x26",0.00639201023424755,0.0400734407632174,0.010249929727949,0.221264996738283,0.0361681928943586,0.0274348018200979,0.210214165955042,0.325754327935498,0.122448133931306,"Human_Breast_He_06222020_ST_BC24105_C1"
"Human_Breast_He_06222020_ST_BC24105_C1_11x21",0.00914446392133955,0.0836426139922716,0.00557983928397354,0.00858106357526956,0.0102068607026551,0.037970289862009,0.185344358197357,0.482545350739913,0.176985159725212,"Human_Breast_He_06222020_ST_BC24105_C1"
"Human_Breast_He_06222020_ST_BC24105_C1_11x22",0.0108133726009353,0.053897223134308,0.0102908701969079,0.00971015313884516,0.00295700969403101,0.068443240408567,0.111701163728525,0.580621943402997,0.151565023694883,"Human_Breast_He_06222020_ST_BC24105_C1"
"Human_Breast_He_06222020_ST_BC24105_C1_13x27",0.0261124294418053,0.0558551481139476,0.0195425601130085,0.00274026107319764,0.00281452794590533,0.0364384349094612,0.112309558532212,0.601829813482378,0.142357266388085,"Human_Breast_He_06222020_ST_BC24105_C1"
"Human_Breast_He_06222020_ST_BC24105_C1_9x32",0.0044328608156256,0.084322140623371,0.00019501562278429,0.000812946447956104,0.000108788175722257,0.019988624287881,0.0289481506000164,0.814014687399123,0.0471767860275203,"Human_Breast_He_06222020_ST_BC24105_C1"
"Human_Breast_He_06222020_ST_BC24105_C1_14x32",0.00082975775983111,0.10182721050671,0.000611175583061761,3.13655570625785e-05,2.12068448384358e-05,0.0369764226674244,0.00508497228554516,0.853740195685874,0.000877693109651664,"Human_Breast_He_06222020_ST_BC24105_C1"
"Human_Breast_He_06222020_ST_BC24105_C1_18x19",0.00732260024573001,0.0486865705458849,0.00424257737936143,0.0018499439303878,0.00264234094886761,0.0147719760069028,0.324558628535828,0.397375682677,0.198549679730037,"Human_Breast_He_06222020_ST_BC24105_C1"
"Human_Breast_He_06222020_ST_BC24105_C1_18x17",0.0271331329234534,0.0222448916951597,0.0326876642763655,0.0950810852706869,0.0418251465171166,0.053014992173151,0.218126575276909,0.29628892860875,0.213597583258407,"Human_Breast_He_06222020_ST_BC24105_C1"
"Human_Breast_He_06222020_ST_BC24105_C1_25x24",0.000416867331855622,0.0862983623471174,0.000467254777199125,0.000186701982377673,0.000236132333173457,0.0711144715806198,0.0528877944225395,0.764567754908354,0.0238246603167635,"Human_Breast_He_06222020_ST_BC24105_C1"
"Human_Breast_He_06222020_ST_BC24105_C1_2x24",0.00342732945521158,0.0365479812728678,0.000583880160842147,0.023653955517912,0.00368771001684575,0.0592433642104195,0.0728014429983095,0.781769553381568,0.0182847829860238,"Human_Breast_He_06222020_ST_BC24105_C1"
"Human_Breast_He_06222020_ST_BC24105_C1_2x25",0.0195054155928119,0.0875455870359755,0.00849523153382226,0.0552478022963139,0.0158995154486574,0.0787353508632606,0.132708183752634,0.542962874050239,0.0589000394262856,"Human_Breast_He_06222020_ST_BC24105_C1"
"Human_Breast_He_06222020_ST_BC24105_C1_2x21",0.00318841956201689,0.0788084316824528,0.00135302727137431,0.0210322616685229,0.00172771164232912,0.00399593680414337,0.0226802563283214,0.844707593266465,0.0225063617743739,"Human_Breast_He_06222020_ST_BC24105_C1"
"Human_Breast_He_06222020_ST_BC24105_C1_2x22",0.00505125083458151,0.0467665290562403,0.00458192302664597,0.00184632418494306,0.000192106843576866,0.0479384084463916,0.0198065294328782,0.842868952757851,0.0309479754168913,"Human_Breast_He_06222020_ST_BC24105_C1"
"Human_Breast_He_06222020_ST_BC24105_C1_2x23",0.00168880007443981,0.0698217579682203,0.00160468526127934,0.00983862209614539,0.00163127855084944,0.0839778859398436,0.0301967372882195,0.796950932548516,0.00428930027248691,"Human_Breast_He_06222020_ST_BC24105_C1"
"Human_Breast_He_06222020_ST_BC24105_C1_3x23",0.000844803145571794,0.0597401688729218,0.00168785427590602,0.00157688324002729,0.000664151413913252,0.0597330440220208,0.0405643957546971,0.823128642055811,0.0120600572191311,"Human_Breast_He_06222020_ST_BC24105_C1"
"Human_Breast_He_06222020_ST_BC24105_C1_16x31",0.00524825829564925,0.135849552164804,0.0114864470207435,0.00186956937946941,0.00120215256676851,0.0288111294475067,0.0983551895534013,0.667841871972133,0.0493358295995243,"Human_Breast_He_06222020_ST_BC24105_C1"
"Human_Breast_He_06222020_ST_BC24105_C1_16x30",0.000212165442798201,0.0995879487426971,0.000167444909992562,4.55618333071118e-05,3.47978024884065e-06,0.00681319371035551,0.000561324423352233,0.89209706923523,0.000511811922018474,"Human_Breast_He_06222020_ST_BC24105_C1"
"Human_Breast_He_06222020_ST_BC24105_C1_11x31",0.00141469363477582,0.107539717247951,0.00312550098555105,0.00199410294767655,0.0007300930880087,0.0313825492623948,0.0293689944631749,0.799393048893282,0.0250512994771846,"Human_Breast_He_06222020_ST_BC24105_C1"
"Human_Breast_He_06222020_ST_BC24105_C1_14x17",0.00437919187416574,0.0772976178306509,0.00289251444839084,0.0758634739255458,0.020847323207387,0.0443190367033793,0.211247649108793,0.485125310569035,0.0780278823326523,"Human_Breast_He_06222020_ST_BC24105_C1"
"Human_Breast_He_06222020_ST_BC24105_C1_17x21",0.0137562717575899,0.0977742477710678,0.00335213016587147,0.00457430966103794,0.00806747577961838,0.144585867057716,0.240210594700043,0.350584465278894,0.137094637828161,"Human_Breast_He_06222020_ST_BC24105_C1"
"Human_Breast_He_06222020_ST_BC24105_C1_24x18",0.0156150309467279,0.0813521130053468,0.0104504076595905,0.00653904216415138,0.00277337457423238,0.136170582786951,0.103936476088689,0.547264163796093,0.0958988089782185,"Human_Breast_He_06222020_ST_BC24105_C1"
"Human_Breast_He_06222020_ST_BC24105_C1_24x19",0.00458932470524076,0.126566704644943,0.00422092329411887,0.0282831468721817,0.0164244337963098,0.0576509361024819,0.179316834017648,0.50383738445031,0.0791103121167662,"Human_Breast_He_06222020_ST_BC24105_C1"
"Human_Breast_He_06222020_ST_BC24105_C1_14x27",0.0110410936311763,0.0506760612712128,0.0129088498175204,0.00343734166013489,0.000806060676579544,0.0443801557342953,0.0256125563822553,0.819668320302857,0.0314695605239687,"Human_Breast_He_06222020_ST_BC24105_C1"
"Human_Breast_He_06222020_ST_BC24105_C1_11x30",0.00188704442429284,0.061886481740373,0.00720829426797928,0.000309684616616183,4.95897149737589e-05,0.0365363497313733,0.0360321745218698,0.82897956690129,0.027110814081232,"Human_Breast_He_06222020_ST_BC24105_C1"
"Human_Breast_He_06222020_ST_BC24105_C1_22x18",0.0209942757568693,0.0145244358199866,0.0167044173401839,0.0480392241803472,0.00656612446584892,0.0680240456368199,0.221379010064863,0.40462082535229,0.199147641382792,"Human_Breast_He_06222020_ST_BC24105_C1"
"Human_Breast_He_06222020_ST_BC24105_C1_22x19",0.0133394372206061,0.137881617184774,0.0118278414058396,0.0145704459706021,0.0100819056328615,0.0477352454922984,0.193163833657141,0.44352980105387,0.127869872382008,"Human_Breast_He_06222020_ST_BC24105_C1"
"Human_Breast_He_06222020_ST_BC24105_C1_12x19",0.00719862315316886,0.113147310312796,0.00353250218222477,0.00253306985983001,0.000576835223191006,0.0241639886977685,0.0764362353509247,0.739992800772432,0.0324186344476642,"Human_Breast_He_06222020_ST_BC24105_C1"
"Human_Breast_He_06222020_ST_BC24105_C1_12x18",0.00272566092720839,0.0560654971322197,0.000754251239292263,0.0409294126417938,0.00721389607931729,0.0998870209616771,0.220980182335859,0.492231674754385,0.0792124039282472,"Human_Breast_He_06222020_ST_BC24105_C1"
"Human_Breast_He_06222020_ST_BC24105_C1_19x27",0.00164685266292395,0.0807486459679465,0.000920671497851814,0.000377624411648811,1.2472063826529e-05,0.178073409257853,0.0136302699846134,0.700238433731779,0.0243516204215572,"Human_Breast_He_06222020_ST_BC24105_C1"
"Human_Breast_He_06222020_ST_BC24105_C1_9x19",0.00110287122219557,0.127063755252438,0.00100611706009162,0.000713932393889008,0.000288719203747345,0.00528973617185642,0.00834595976301984,0.850415628388852,0.0057732805439107,"Human_Breast_He_06222020_ST_BC24105_C1"
"Human_Breast_He_06222020_ST_BC24105_C1_14x19",0.00673869998427763,0.0808427386024254,0.00701408820840229,0.0362167282451554,0.0497579398904645,0.083362756587864,0.182205694511334,0.343184944955489,0.210676409014588,"Human_Breast_He_06222020_ST_BC24105_C1"
"Human_Breast_He_06222020_ST_BC24105_C1_14x18",0.00635572802794255,0.0265745500799232,0.00194839604997065,0.082590452869621,0.0293519003737134,0.104087567135139,0.339451299854568,0.302809540004948,0.106830565604174,"Human_Breast_He_06222020_ST_BC24105_C1"
"Human_Breast_He_06222020_ST_BC24105_C1_5x30",0.00404372362130364,0.0652477044503547,0.00696843424177066,0.008816710939425,0.0109328312117755,0.0264848335240376,0.212086325307055,0.524519939878088,0.140899496826189,"Human_Breast_He_06222020_ST_BC24105_C1"
"Human_Breast_He_06222020_ST_BC24105_C1_5x31",0.00355325805036693,0.0763063375708782,0.0107105812279051,0.00479933151431241,0.00557825318536131,0.063029272397026,0.118942441848104,0.531642987426423,0.185437536779622,"Human_Breast_He_06222020_ST_BC24105_C1"
"Human_Breast_He_06222020_ST_BC24105_C1_15x18",0.0255470783734806,0.0638096992096516,0.0135677428012848,0.0528915016191724,0.0169150839413426,0.0704038388092333,0.123234961355321,0.43349285420049,0.200137239690023,"Human_Breast_He_06222020_ST_BC24105_C1"
"Human_Breast_He_06222020_ST_BC24105_C1_15x19",0.0205554734325942,0.105306630137797,0.0169850280846131,0.0471180565716633,0.0155019531173708,0.0964134731846131,0.224477987608147,0.278831801217339,0.194809596645863,"Human_Breast_He_06222020_ST_BC24105_C1"
"Human_Breast_He_06222020_ST_BC24105_C1_8x34",0.0213456593415409,0.0879427898657192,0.00831712020605255,0.0117577368375767,0.0064630777362458,0.0489418079455957,0.168959310447373,0.599766887842112,0.0465056097777834,"Human_Breast_He_06222020_ST_BC24105_C1"
"Human_Breast_He_06222020_ST_BC24105_C1_8x30",0.00483405837927336,0.0750727964853226,0.00405479259545092,0.008491013505129,0.00254791244143959,0.0270388050437891,0.162568143948405,0.546802611828145,0.168589865773045,"Human_Breast_He_06222020_ST_BC24105_C1"
"Human_Breast_He_06222020_ST_BC24105_C1_8x32",0.0267505427540754,0.0771780756620937,0.0133853625355354,0.00413244127849546,0.00253413797471687,0.114389702051369,0.0839904464758991,0.600880897640314,0.0767583936275008,"Human_Breast_He_06222020_ST_BC24105_C1"
"Human_Breast_He_06222020_ST_BC24105_C1_11x32",0.0002657917947967,0.114302188417361,0.000432863292306542,3.97358767803912e-05,1.50819075989547e-05,0.0037408554361759,0.0116400078782777,0.865677676602371,0.00388579879433241,"Human_Breast_He_06222020_ST_BC24105_C1"
"Human_Breast_He_06222020_ST_BC24105_C1_17x29",0.00327035559517399,0.112288346188961,0.00834011383642944,0.00179183617195049,0.000372293500563336,0.0801160547308936,0.0192780852166726,0.705259082640577,0.0692838321187788,"Human_Breast_He_06222020_ST_BC24105_C1"
"Human_Breast_He_06222020_ST_BC24105_C1_17x28",0.00497659770580601,0.0856328765801326,0.000820828155878043,0.00143868780608819,0.000263058687981124,0.0252056655803242,0.189479748376484,0.597496185024051,0.0946863520832545,"Human_Breast_He_06222020_ST_BC24105_C1"
"Human_Breast_He_06222020_ST_BC24105_C1_26x23",0.0190871563915934,0.174795352274235,0.0130949433577431,0.177468518106709,0.0208186599322653,0.045619469845886,0.0996183531646164,0.337841491110451,0.111656055816501,"Human_Breast_He_06222020_ST_BC24105_C1"
"Human_Breast_He_06222020_ST_BC24105_C1_26x22",0.0143115289266138,0.134389462468552,0.00944119191518586,0.0398263776378799,0.00655703001587752,0.111715015557292,0.16863709800791,0.366047085785631,0.149075209685058,"Human_Breast_He_06222020_ST_BC24105_C1"
"Human_Breast_He_06222020_ST_BC24105_C1_17x25",0.00102292407440997,0.182948535188712,0.00175817727237301,0.000305509518843617,0.000164073017877575,0.0846153044164959,0.0129574075909179,0.699311555131439,0.0169165137889311,"Human_Breast_He_06222020_ST_BC24105_C1"
"Human_Breast_He_06222020_ST_BC24105_C1_17x24",0.00407994281304571,0.141657947606936,0.00474782904559083,0.000994759659429522,0.000298105011025864,0.0476396417051285,0.135604010127786,0.593866104660845,0.0711116593702123,"Human_Breast_He_06222020_ST_BC24105_C1"
"Human_Breast_He_06222020_ST_BC24105_C1_17x23",0.00446589805676415,0.0765727867447094,0.00784083775229802,0.0260674058500991,0.00663528020780364,0.0839583716873148,0.346753294735307,0.354227916561146,0.0934782084045574,"Human_Breast_He_06222020_ST_BC24105_C1"
"Human_Breast_He_06222020_ST_BC24105_C1_17x22",0.0211275364752023,0.15868182244504,0.0216255641527695,0.00124112670262422,0.000572063788422002,0.102375912241308,0.110134444818838,0.491972927808386,0.0922686015674102,"Human_Breast_He_06222020_ST_BC24105_C1"
"Human_Breast_He_06222020_ST_BC24105_C1_26x25",0.00233983616644551,0.153635395771289,0.00167843650019269,0.000364536469450365,0.000298568240962276,0.307734192341069,0.0564404932144151,0.455795120468001,0.0217134208281747,"Human_Breast_He_06222020_ST_BC24105_C1"
"Human_Breast_He_06222020_ST_BC24105_C1_26x24",0.00121956032797156,0.183712316335458,0.000480962076783877,0.00369520585885713,0.00276428286541304,0.135202349282657,0.0248076910666585,0.617785425592381,0.0303322065938199,"Human_Breast_He_06222020_ST_BC24105_C1"
"Human_Breast_He_06222020_ST_BC24105_C1_10x19",0.0235839509038597,0.0622548656981194,0.019158529175111,0.0298552991913752,0.0162654072740383,0.0629181374419323,0.0625160987351261,0.604620696509417,0.118827015071021,"Human_Breast_He_06222020_ST_BC24105_C1"
"Human_Breast_He_06222020_ST_BC24105_C1_24x25",0.00187893813076735,0.235884650273209,0.0449106792500169,0.00239129060290915,0.000496862737218319,0.0411459632973134,0.0150922068712983,0.648461547389857,0.00973786144741141,"Human_Breast_He_06222020_ST_BC24105_C1"
"Human_Breast_He_06222020_ST_BC24105_C1_24x24",0.0453400547791404,0.137611967248967,0.0165276313091156,0.00402587275262197,0.00516937397293846,0.0902597644618871,0.0203317349029181,0.633897915065956,0.0468356855064552,"Human_Breast_He_06222020_ST_BC24105_C1"
"Human_Breast_He_06222020_ST_BC24105_C1_24x26",0.00312348176627196,0.158793938111279,0.00207587018877935,0.000597151116018332,0.000316683382007051,0.110556425056627,0.0281056422358107,0.681659088228759,0.0147717199144472,"Human_Breast_He_06222020_ST_BC24105_C1"
"Human_Breast_He_06222020_ST_BC24105_C1_24x21",0.0137704943460444,0.104794782444616,0.00250140035044117,0.0108008750069278,0.00532671677606644,0.0382026654477189,0.373093979169574,0.2641611393708,0.187347947087811,"Human_Breast_He_06222020_ST_BC24105_C1"
"Human_Breast_He_06222020_ST_BC24105_C1_24x20",0.00485793176412412,0.130635218911715,0.00993551722364868,0.00446290864002526,0.000977624514160051,0.0427694168370637,0.0719883613011212,0.664322284413481,0.0700507363946608,"Human_Breast_He_06222020_ST_BC24105_C1"
"Human_Breast_He_06222020_ST_BC24105_C1_24x23",0.00209815690429123,0.116951706246552,0.00320733667013995,8.18663787752157e-05,6.62635828981809e-05,0.0937344346451704,0.0112030297660282,0.752768721946644,0.0198884838595006,"Human_Breast_He_06222020_ST_BC24105_C1"
"Human_Breast_He_06222020_ST_BC24105_C1_13x30",0.000653246349127327,0.113217623208709,0.000824771558588346,0.00145054050449214,0.000421219522419318,0.0410607280572106,0.0273397521120208,0.804425690203175,0.0106064284842576,"Human_Breast_He_06222020_ST_BC24105_C1"
"Human_Breast_He_06222020_ST_BC24105_C1_13x31",0.00282857806110262,0.109590217805077,0.0123752668289698,0.000212533283862071,5.36485587411611e-05,0.00837486192674226,0.00866687460307788,0.847865798297076,0.0100322206353512,"Human_Breast_He_06222020_ST_BC24105_C1"
"Human_Breast_He_06222020_ST_BC24105_C1_9x27",0.00194163109033267,0.0886300436248675,0.000403147420081354,0.000307401309188427,0.000190961557711248,0.014219908565756,0.0411738724846574,0.826929272139353,0.0262037618080529,"Human_Breast_He_06222020_ST_BC24105_C1"
"Human_Breast_He_06222020_ST_BC24105_C1_25x25",0.00164323766729365,0.164885855694458,0.00493349578019079,0.000377676735106469,0.000118491152696425,0.123575263557369,0.00646172765718129,0.692146065457964,0.00585818629773986,"Human_Breast_He_06222020_ST_BC24105_C1"
"Human_Breast_He_06222020_ST_BC24105_C1_25x22",0.0140739830937437,0.133200002146992,0.00592555032196402,0.0095906821718935,0.00455985302900303,0.110159255713945,0.158783758068822,0.456556040982138,0.107150874471498,"Human_Breast_He_06222020_ST_BC24105_C1"
"Human_Breast_He_06222020_ST_BC24105_C1_25x23",0.00301290071660386,0.107737820303585,0.0116991888346534,0.00936103858899774,0.00383241586714072,0.0876993019721971,0.040101566733268,0.719484536146967,0.0170712308365871,"Human_Breast_He_06222020_ST_BC24105_C1"
"Human_Breast_He_06222020_ST_BC24105_C1_25x20",0.017911061112232,0.114168424815337,0.011573902682538,0.0305338426678582,0.00890948542762676,0.0984044271099309,0.0573742302930945,0.555940732270936,0.105183893620447,"Human_Breast_He_06222020_ST_BC24105_C1"
