"","Endothelial","CAFs","PVL","B-cells","T-cells","Myeloid","Normal Epithelial","Plasmablasts","Cancer Epithelial","sid"
"Human_Breast_He_06222020_ST_BC23277_D2_23x20",0.00760978405112191,0.00387716754077774,0.00783186792087001,0.000948183191615421,0.000639253139725102,0.155620657168479,0.31707969074972,0.183430530062342,0.322962866175349,"Human_Breast_He_06222020_ST_BC23277_D2"
"Human_Breast_He_06222020_ST_BC23277_D2_23x22",0.00702710902643274,0.00115261491474142,0.00203449640333997,0.00175141924484686,0.00104409438272304,0.0868174787533036,0.516794440480081,0.0654564101857574,0.317921936608774,"Human_Breast_He_06222020_ST_BC23277_D2"
"Human_Breast_He_06222020_ST_BC23277_D2_23x23",0.00357045311873857,0.00182427885943996,0.00366298090156656,0.00047001579608201,0.000563166682038011,0.0639497854262225,0.301769004804136,0.338766158334512,0.285424156077265,"Human_Breast_He_06222020_ST_BC23277_D2"
"Human_Breast_He_06222020_ST_BC23277_D2_21x7",0.00739259270675829,0.00195553119322499,0.00350661613972302,0.00701108540221987,0.00379349341909901,0.178217671746974,0.319560811483681,0.23089176502133,0.247670432886989,"Human_Breast_He_06222020_ST_BC23277_D2"
"Human_Breast_He_06222020_ST_BC23277_D2_23x28",0.00885924552818124,0.00362912457405237,0.00306978311319074,0.000511418862467325,0.00270911540145555,0.130314026737454,0.315298996226579,0.303844723768963,0.231763565787656,"Human_Breast_He_06222020_ST_BC23277_D2"
"Human_Breast_He_06222020_ST_BC23277_D2_23x29",0.0100964316820279,0.00137949609091912,0.000931805626382473,0.000620987636287389,0.000660622608820796,0.134240565879054,0.28093566093979,0.41364423916041,0.157490190376309,"Human_Breast_He_06222020_ST_BC23277_D2"
"Human_Breast_He_06222020_ST_BC23277_D2_21x9",0.00210044564418083,0.00107747591211047,0.000704199238998546,0.00289607896194854,0.00472411838437269,0.193982315758947,0.483469686901718,0.0339732858686512,0.277072393329072,"Human_Breast_He_06222020_ST_BC23277_D2"
"Human_Breast_He_06222020_ST_BC23277_D2_21x8",0.00656834936197211,0.00237057379386114,0.00343212207391956,0.0020058015716123,0.00291562539296351,0.138805241029078,0.427327302707148,0.105615442300549,0.310959541768897,"Human_Breast_He_06222020_ST_BC23277_D2"
"Human_Breast_He_06222020_ST_BC23277_D2_7x32",0.0375046511073851,0.0255449800310339,0.0197969963208683,0.000541639316745955,0.00058988185150594,0.143835038332947,0.331443610484502,0.269565685231665,0.171177517323346,"Human_Breast_He_06222020_ST_BC23277_D2"
"Human_Breast_He_06222020_ST_BC23277_D2_30x21",0.0225020825455114,0.00356283684881836,0.00449544533333969,0.0137927666333274,0.0167305815108104,0.135974701677401,0.48666892951578,0.0714418247763795,0.244830831158633,"Human_Breast_He_06222020_ST_BC23277_D2"
"Human_Breast_He_06222020_ST_BC23277_D2_25x13",0.00782753482543057,0.00544595232140381,0.00517101228057616,0.00166987465152557,0.00125389218907236,0.134247723990976,0.281271564638102,0.351445814965912,0.211666630137002,"Human_Breast_He_06222020_ST_BC23277_D2"
"Human_Breast_He_06222020_ST_BC23277_D2_20x20",0.00662878124408678,0.0031827614899758,0.00495211589613022,0.0108713865967696,0.00501558653567663,0.0656129115627235,0.525806661530787,0.0591592328095054,0.318770562334345,"Human_Breast_He_06222020_ST_BC23277_D2"
"Human_Breast_He_06222020_ST_BC23277_D2_30x23",0.0065822685348883,0.0049974985105814,0.0338068357145613,0.00298229491018969,0.00133985204668827,0.191896662188927,0.382371329411331,0.191932838889145,0.184090419793688,"Human_Breast_He_06222020_ST_BC23277_D2"
"Human_Breast_He_06222020_ST_BC23277_D2_20x23",0.00715071556916734,0.00146006114029995,0.00336186278399949,0.00151928081649074,0.00217411321635783,0.0791980590199207,0.334164002464696,0.242174884639844,0.328797020349224,"Human_Breast_He_06222020_ST_BC23277_D2"
"Human_Breast_He_06222020_ST_BC23277_D2_20x22",0.00995716776526421,0.00582693822865458,0.00290885831934299,0.00668908365141033,0.00405142951837878,0.110669327430581,0.532843704932942,0.0841581716391634,0.242895318514263,"Human_Breast_He_06222020_ST_BC23277_D2"
"Human_Breast_He_06222020_ST_BC23277_D2_25x17",0.0158316925579858,0.00387279697449395,0.000926083215751323,0.00341467783289901,0.00658546147256727,0.128609747647441,0.3690772739068,0.22463615620414,0.247046110187921,"Human_Breast_He_06222020_ST_BC23277_D2"
"Human_Breast_He_06222020_ST_BC23277_D2_18x28",0.00306585850066357,0.00144872938162387,0.00219687800804494,0.000308129463923587,0.000656645592334462,0.123198145112115,0.430996122887559,0.119800225489376,0.31832926556436,"Human_Breast_He_06222020_ST_BC23277_D2"
"Human_Breast_He_06222020_ST_BC23277_D2_18x29",0.00344505392608225,0.00627819078926865,0.000619763042259328,0.0005783199908538,0.000318461532141092,0.163474542188975,0.231170834680997,0.397523713221678,0.196591120627744,"Human_Breast_He_06222020_ST_BC23277_D2"
"Human_Breast_He_06222020_ST_BC23277_D2_18x26",0.011940239406626,0.00172285753604238,0.00950550081250875,0.00139682026775141,0.00166789708918251,0.140954063080595,0.329729603786617,0.125022416925201,0.378060601095475,"Human_Breast_He_06222020_ST_BC23277_D2"
"Human_Breast_He_06222020_ST_BC23277_D2_18x27",0.0102243423762004,0.00435066626859842,0.00203364735538569,0.0125121267222343,0.00264591253138266,0.178905128720917,0.407586017872234,0.0473199261472391,0.334422232005808,"Human_Breast_He_06222020_ST_BC23277_D2"
"Human_Breast_He_06222020_ST_BC23277_D2_18x24",0.00569051593499789,0.00209935695160473,0.00199488969403519,0.0110802590424809,0.0103274042020458,0.0784366933998603,0.380740243930786,0.136281153019706,0.373349483824483,"Human_Breast_He_06222020_ST_BC23277_D2"
"Human_Breast_He_06222020_ST_BC23277_D2_18x25",0.00839139737725176,0.00337679716805322,0.00207883858642891,0.00206652567527155,0.00525143148826109,0.131411241789299,0.473679719469113,0.163455649964775,0.210288398481546,"Human_Breast_He_06222020_ST_BC23277_D2"
"Human_Breast_He_06222020_ST_BC23277_D2_18x22",0.00340184633473066,0.0027228143484856,0.00173871206513212,0.000186144842742202,0.000773817723592262,0.0790763608256522,0.403805301713516,0.244000981619485,0.264294020526664,"Human_Breast_He_06222020_ST_BC23277_D2"
"Human_Breast_He_06222020_ST_BC23277_D2_18x23",0.00148350074190069,6.23466457258829e-05,0.000134929587978843,0.000103476981127641,8.23931960231739e-05,0.0240569291504291,0.510667184792257,0.296949782205183,0.166459456699375,"Human_Breast_He_06222020_ST_BC23277_D2"
"Human_Breast_He_06222020_ST_BC23277_D2_18x20",0.00248702247392214,0.00179927976311562,0.00190243583743443,0.00246575307192352,0.00151292647533699,0.0925736672053968,0.40447054561802,0.193947121765378,0.298841247789472,"Human_Breast_He_06222020_ST_BC23277_D2"
"Human_Breast_He_06222020_ST_BC23277_D2_18x21",0.00394205351489057,0.000930280647234146,0.000349060421043846,0.00269504680129177,0.00410247668922026,0.084844385328966,0.423703362992616,0.203832502809602,0.275600830795136,"Human_Breast_He_06222020_ST_BC23277_D2"
"Human_Breast_He_06222020_ST_BC23277_D2_20x27",0.0477300273121606,0.00308089190622003,0.0073041411314522,0.0053345987284257,0.00387148324716646,0.163908095593171,0.352621487747038,0.122614993748974,0.293534280585392,"Human_Breast_He_06222020_ST_BC23277_D2"
"Human_Breast_He_06222020_ST_BC23277_D2_20x26",0.00300628904911073,0.00113289218590389,0.000765291013595703,0.00229324340611341,0.00237619287581225,0.117416377658115,0.409469702662009,0.278155577731109,0.185384433418232,"Human_Breast_He_06222020_ST_BC23277_D2"
"Human_Breast_He_06222020_ST_BC23277_D2_23x21",0.00736747919545757,0.0011887899340157,0.000934394222829721,0.00169383546656553,0.00141183275098793,0.10128465385783,0.462909853528837,0.156334451124351,0.266874709919124,"Human_Breast_He_06222020_ST_BC23277_D2"
"Human_Breast_He_06222020_ST_BC23277_D2_23x24",0.00526935887125775,0.000866150354423101,0.00186351897021835,0.0127860315821381,0.00478713570713144,0.0738060666257185,0.402304758066573,0.274443145583873,0.223873834238667,"Human_Breast_He_06222020_ST_BC23277_D2"
"Human_Breast_He_06222020_ST_BC23277_D2_23x25",0.00842240111558621,0.00522586069091372,0.0114629423977507,0.00185367016010793,0.00249628356883958,0.152341214553948,0.306323656821999,0.243647389809828,0.268226580881028,"Human_Breast_He_06222020_ST_BC23277_D2"
"Human_Breast_He_06222020_ST_BC23277_D2_22x13",0.0160373729490414,0.00379534611403926,0.00728782924367077,0.00605240829156304,0.0070684596621317,0.119756771715281,0.436043398154815,0.212128267328998,0.191830146540461,"Human_Breast_He_06222020_ST_BC23277_D2"
"Human_Breast_He_06222020_ST_BC23277_D2_8x22",0.00213977910355112,0.00232021213281266,0.00170322992778857,0.00104708070602048,0.000655303563469542,0.199416746604786,0.372654660850608,0.228607546154698,0.191455440956266,"Human_Breast_He_06222020_ST_BC23277_D2"
"Human_Breast_He_06222020_ST_BC23277_D2_11x15",0.00476911568845242,0.00109342286850935,0.00328341408370268,0.00956144948056139,0.00930695707235967,0.136646215702185,0.402367755458756,0.148088935529139,0.284882734116334,"Human_Breast_He_06222020_ST_BC23277_D2"
"Human_Breast_He_06222020_ST_BC23277_D2_11x16",0.00543549301778142,0.00123243731934805,0.00140644607249888,0.020257275192988,0.00715117886511738,0.0431892708020541,0.413930180274994,0.103799027972318,0.4035986904829,"Human_Breast_He_06222020_ST_BC23277_D2"
"Human_Breast_He_06222020_ST_BC23277_D2_8x21",0.00504563168976426,0.00505143852851991,0.0031926499195659,0.00491442623770298,0.00500572012436657,0.145050356494235,0.437595025039492,0.11298777909406,0.281156972872292,"Human_Breast_He_06222020_ST_BC23277_D2"
"Human_Breast_He_06222020_ST_BC23277_D2_16x29",0.000814838362275207,0.0101766194607831,0.00105903424596899,0.00111182896841987,0.000529185164771307,0.15023138945053,0.274620193798326,0.349354870993796,0.21210203955513,"Human_Breast_He_06222020_ST_BC23277_D2"
"Human_Breast_He_06222020_ST_BC23277_D2_8x16",0.0417121232867296,0.00786684468295029,0.00994515450639747,0.0178469284924903,0.00819207246620393,0.219615641079581,0.320917472705,0.0748015853047807,0.299102177475867,"Human_Breast_He_06222020_ST_BC23277_D2"
"Human_Breast_He_06222020_ST_BC23277_D2_22x11",0.00580106832529865,0.00148200956061202,0.000893626627363182,0.000505903098953281,0.00243997420723685,0.11043910699235,0.436575462062962,0.102286315936513,0.339576533188711,"Human_Breast_He_06222020_ST_BC23277_D2"
"Human_Breast_He_06222020_ST_BC23277_D2_20x32",0.00344032622779681,0.00311616901302325,0.00156178327542223,0.00237921288045611,0.00216869390639692,0.197949619495593,0.171550197923066,0.409228947078977,0.208605050199269,"Human_Breast_He_06222020_ST_BC23277_D2"
"Human_Breast_He_06222020_ST_BC23277_D2_20x30",0.00527409605253455,0.00585063208752022,0.00265975329059004,0.000948447890390757,0.00032913968549175,0.127640718803367,0.192366625847012,0.432499365874542,0.232431220468551,"Human_Breast_He_06222020_ST_BC23277_D2"
"Human_Breast_He_06222020_ST_BC23277_D2_20x31",0.0019498449326193,0.000517419665391737,0.000184339273193238,0.000711398838211876,0.00116158288011104,0.00712964332825536,0.282751952245672,0.459839879209605,0.24575393962694,"Human_Breast_He_06222020_ST_BC23277_D2"
"Human_Breast_He_06222020_ST_BC23277_D2_20x17",0.00337510197700467,0.000830228825545007,0.00211833654443311,0.0179491478104411,0.005925173842558,0.0975654251657346,0.432642059702342,0.174455286367857,0.265139239764084,"Human_Breast_He_06222020_ST_BC23277_D2"
"Human_Breast_He_06222020_ST_BC23277_D2_22x17",0.00232649677069562,0.00318000952436201,0.00164728405082894,0.000294754486215415,0.000233121470473499,0.140448278872606,0.311773616799452,0.269947144218026,0.27014929380734,"Human_Breast_He_06222020_ST_BC23277_D2"
"Human_Breast_He_06222020_ST_BC23277_D2_14x11",0.0147502695702856,0.00614816323098197,0.0247543154702305,0.00109497690591108,0.00173717086466504,0.152115011598112,0.282173064281722,0.225136312468736,0.292090715609356,"Human_Breast_He_06222020_ST_BC23277_D2"
"Human_Breast_He_06222020_ST_BC23277_D2_26x14",0.00094776794560741,0.000740945661102826,0.000835605563184696,8.69918818720467e-05,0.000103637485595897,0.15147616584204,0.322113064411668,0.086936207871631,0.436759613337298,"Human_Breast_He_06222020_ST_BC23277_D2"
"Human_Breast_He_06222020_ST_BC23277_D2_20x7",0.00306166866002638,0.00281123350785872,0.0020760133218977,0.00306132538020795,0.00225808403034481,0.0930819150692034,0.383942986122264,0.156306859981804,0.353399913926393,"Human_Breast_He_06222020_ST_BC23277_D2"
"Human_Breast_He_06222020_ST_BC23277_D2_6x31",0.00117453071980291,0.0186332947358224,0.00163925570368693,0.000102522721959198,0.0001109287149678,0.205397331863801,0.300061725302411,0.307894204972596,0.164986205264953,"Human_Breast_He_06222020_ST_BC23277_D2"
"Human_Breast_He_06222020_ST_BC23277_D2_6x30",0.00333562551592981,0.0107671018942878,0.0133354613481552,0.000193965242947506,0.000332128518281566,0.204260024462163,0.338768872205088,0.232482719311925,0.196524101501223,"Human_Breast_He_06222020_ST_BC23277_D2"
"Human_Breast_He_06222020_ST_BC23277_D2_22x15",0.0095526418532566,0.00690653276543188,0.00870289663314848,0.00155851983359539,0.000758968184776191,0.0361508816566164,0.513245797006685,0.238833765835729,0.184289996230761,"Human_Breast_He_06222020_ST_BC23277_D2"
"Human_Breast_He_06222020_ST_BC23277_D2_23x19",0.00717930377478287,0.00125558641596977,0.00164316570215145,0.000527005275133519,0.000765456933841943,0.118232675887824,0.382937938778168,0.200992821918551,0.286466045313577,"Human_Breast_He_06222020_ST_BC23277_D2"
"Human_Breast_He_06222020_ST_BC23277_D2_23x18",0.00780199478213719,0.00229894719134758,0.00912588844063306,0.00134105278129045,0.00134350373029423,0.110703228627509,0.457466555721218,0.118294378844274,0.291624449881296,"Human_Breast_He_06222020_ST_BC23277_D2"
"Human_Breast_He_06222020_ST_BC23277_D2_23x11",0.00827694788441267,0.00386119965490557,0.00473893032533966,0.00316586897011142,0.00263803858249937,0.208402879001548,0.35349749203774,0.110611862186878,0.304806781356565,"Human_Breast_He_06222020_ST_BC23277_D2"
"Human_Breast_He_06222020_ST_BC23277_D2_23x10",0.00262344515497949,0.00077692053643953,0.000889221271111502,0.00428104492910497,0.0076070627887632,0.149649758834477,0.45684166903888,0.010625061475326,0.366705815970918,"Human_Breast_He_06222020_ST_BC23277_D2"
"Human_Breast_He_06222020_ST_BC23277_D2_23x13",0.00516981568328243,0.00166572865081551,0.00266666099703208,0.00131540379066209,0.0016043096521722,0.178219480495255,0.313183485615304,0.126214088416035,0.369961026699442,"Human_Breast_He_06222020_ST_BC23277_D2"
"Human_Breast_He_06222020_ST_BC23277_D2_23x12",0.00373404368573297,0.000834084145424551,0.0037042144442465,0.000314596024048162,0.00103307727268959,0.163626591358849,0.479674782939996,0.058101550122291,0.288977060006722,"Human_Breast_He_06222020_ST_BC23277_D2"
"Human_Breast_He_06222020_ST_BC23277_D2_23x15",0.00387086115302512,0.00226919177893494,0.00181763630752548,0.00407802568397674,0.00237109043339439,0.0750433500088038,0.557524545443926,0.0866977532088092,0.266327545981604,"Human_Breast_He_06222020_ST_BC23277_D2"
"Human_Breast_He_06222020_ST_BC23277_D2_23x14",0.00592159180698558,0.00115083716574388,0.000728033905033509,0.0018519126516814,0.0021519146944403,0.296790761029482,0.361012350961181,0.0847188739967652,0.245673723788687,"Human_Breast_He_06222020_ST_BC23277_D2"
"Human_Breast_He_06222020_ST_BC23277_D2_23x17",0.0054992674087682,0.000869534860967381,0.000951713817595812,0.00101594340786703,0.00111035524903888,0.0802244580040663,0.465318216244443,0.0342529927684114,0.410757518238842,"Human_Breast_He_06222020_ST_BC23277_D2"
"Human_Breast_He_06222020_ST_BC23277_D2_23x16",0.00114137761974795,0.00190069414557718,0.000521213504305924,0.000532302649625596,0.000828337219258956,0.0745007585924735,0.425299752597011,0.204593921357675,0.290681642314324,"Human_Breast_He_06222020_ST_BC23277_D2"
"Human_Breast_He_06222020_ST_BC23277_D2_11x14",0.0096780622868524,0.00659255513596343,0.0139736658997467,0.0023468561226126,0.0054790584514552,0.16404908762371,0.295677925521325,0.0105806614712359,0.491622127487099,"Human_Breast_He_06222020_ST_BC23277_D2"
"Human_Breast_He_06222020_ST_BC23277_D2_8x23",0.00301193821708038,0.0111616469044521,0.00306274693046632,0.00297315357171657,0.000692102898999256,0.252067512805126,0.177430569003993,0.346187302791373,0.203413026876794,"Human_Breast_He_06222020_ST_BC23277_D2"
"Human_Breast_He_06222020_ST_BC23277_D2_11x17",0.00190867940448725,0.00235530136202701,0.000796757254987808,0.00236144564962855,0.00276362088661324,0.0443119372211965,0.516959490203997,0.141887291282382,0.28665547673468,"Human_Breast_He_06222020_ST_BC23277_D2"
"Human_Breast_He_06222020_ST_BC23277_D2_8x27",0.0175796444725584,0.00436950184484108,0.0266435363124802,0.00392001526173474,0.00187649993670176,0.179089915043363,0.170445585946298,0.248740019238051,0.347335281943973,"Human_Breast_He_06222020_ST_BC23277_D2"
"Human_Breast_He_06222020_ST_BC23277_D2_23x9",0.00186803446537044,0.00136397297987907,0.00202232627562596,0.0014857537266293,0.00179494245869331,0.157387858503009,0.376897153003952,0.165054693467651,0.292125265119191,"Human_Breast_He_06222020_ST_BC23277_D2"
"Human_Breast_He_06222020_ST_BC23277_D2_8x28",0.0033764166304229,0.000108994913914577,0.000436807228735822,0.000298898160489618,0.000979884736540768,0.377212592190867,0.0791118923347299,0.00508015481893557,0.533394358985364,"Human_Breast_He_06222020_ST_BC23277_D2"
"Human_Breast_He_06222020_ST_BC23277_D2_8x29",0.00550539177114998,0.0106727447014045,0.00414468860110876,3.23308488016748e-05,0.000125496316215929,0.237688112713075,0.144454439322612,0.378193467234019,0.219183328491613,"Human_Breast_He_06222020_ST_BC23277_D2"
"Human_Breast_He_06222020_ST_BC23277_D2_11x18",0.00362555218597625,0.00176352110162464,0.00181081737425658,0.00153504013744885,0.00202021469767601,0.185715308758716,0.42518598653241,0.0954812237501288,0.282862335461763,"Human_Breast_He_06222020_ST_BC23277_D2"
"Human_Breast_He_06222020_ST_BC23277_D2_11x19",0.00276503525306006,0.000629972931175119,0.000339195116324895,0.000823519265154695,0.00072967006111258,0.138605782881944,0.430654509078766,0.115126188358813,0.31032612705365,"Human_Breast_He_06222020_ST_BC23277_D2"
"Human_Breast_He_06222020_ST_BC23277_D2_17x14",0.00134775251612458,0.000342523240039226,0.00204355380820007,0.00341110760070237,0.00163619956820338,0.0370100743323839,0.322237893777395,0.342079827613101,0.28989106754385,"Human_Breast_He_06222020_ST_BC23277_D2"
"Human_Breast_He_06222020_ST_BC23277_D2_17x15",0.00259333703456521,0.00133724626507209,0.000110637506092053,0.000502022890337145,0.00198268307844704,0.0429637738324627,0.480096400059529,0.0169231711197801,0.453490728213715,"Human_Breast_He_06222020_ST_BC23277_D2"
"Human_Breast_He_06222020_ST_BC23277_D2_17x12",0.00926240496361011,0.00442649136408917,0.0122969868908766,0.000999913637256782,0.00611721843493873,0.173081616276352,0.253925670713014,0.0228899153832079,0.516999782336655,"Human_Breast_He_06222020_ST_BC23277_D2"
"Human_Breast_He_06222020_ST_BC23277_D2_17x13",0.0126326208775369,0.005328013793757,0.00878768120794334,0.00168504858673826,0.00276581365308668,0.12257087325305,0.392052023265608,0.23763461283983,0.216543312522449,"Human_Breast_He_06222020_ST_BC23277_D2"
"Human_Breast_He_06222020_ST_BC23277_D2_17x10",0.00812683610124674,0.00258868007932197,0.00249714867468169,0.0130635968580266,0.00310210982089922,0.0598526206434597,0.483509401371383,0.143679980084823,0.283579626366158,"Human_Breast_He_06222020_ST_BC23277_D2"
"Human_Breast_He_06222020_ST_BC23277_D2_17x11",0.00778361408899723,0.00310480184373714,0.00298276851511357,0.00194068622504486,0.00346392151997902,0.128504950294584,0.420910379498027,0.0752791789522615,0.356029699062255,"Human_Breast_He_06222020_ST_BC23277_D2"
"Human_Breast_He_06222020_ST_BC23277_D2_17x16",0.00995698505330344,0.00510485095137426,0.00828838196285934,0.00209282429509427,0.00309626406370976,0.0858040772946572,0.467251255955574,0.192382296007729,0.226023064415698,"Human_Breast_He_06222020_ST_BC23277_D2"
"Human_Breast_He_06222020_ST_BC23277_D2_17x17",0.00663055481885721,0.00253069954532113,0.0038600309701081,0.00188713842778192,0.00275900652585946,0.132639408674844,0.44106511699432,0.114729417377582,0.293898626665327,"Human_Breast_He_06222020_ST_BC23277_D2"
"Human_Breast_He_06222020_ST_BC23277_D2_26x18",0.00529992297821683,0.003033717191129,0.00620934515971396,0.0108991598582852,0.0041119309531847,0.200743474470663,0.344618381727363,0.0643110399947366,0.360773027666708,"Human_Breast_He_06222020_ST_BC23277_D2"
"Human_Breast_He_06222020_ST_BC23277_D2_26x19",0.00566652140016306,0.00320506157170989,0.00138829601068663,0.0105760943241274,0.00246810963068687,0.076960438727359,0.42180223373415,0.191012301193832,0.286920943407285,"Human_Breast_He_06222020_ST_BC23277_D2"
"Human_Breast_He_06222020_ST_BC23277_D2_26x16",0.0161862137376295,0.00598759941536581,0.0209805379681253,0.00152680422123017,0.00213196629029971,0.132738589881796,0.366268127421968,0.147306969874215,0.30687319118937,"Human_Breast_He_06222020_ST_BC23277_D2"
"Human_Breast_He_06222020_ST_BC23277_D2_26x17",0.00251716410549292,0.00112804778535915,0.00129163712851759,0.000908140682047524,0.00158235033795819,0.140269293028246,0.473648928122331,0.0918989097969611,0.286755529013086,"Human_Breast_He_06222020_ST_BC23277_D2"
"Human_Breast_He_06222020_ST_BC23277_D2_17x18",0.00386704916940447,0.00408016237952262,0.00253602397557418,0.00256384661999231,0.00453911874285914,0.1357825183456,0.454663226629442,0.10191836951238,0.290049684625226,"Human_Breast_He_06222020_ST_BC23277_D2"
"Human_Breast_He_06222020_ST_BC23277_D2_26x15",0.00518901786411407,0.00573508141466048,0.00867806681480833,0.000356521249181755,0.0010511774085701,0.112218668195097,0.417204562144215,0.168368126034773,0.281198778874581,"Human_Breast_He_06222020_ST_BC23277_D2"
"Human_Breast_He_06222020_ST_BC23277_D2_26x13",0.00340664519960622,0.00204434529954219,0.0037669476318814,0.000610577244388681,0.00051912516235934,0.212223657089869,0.28403162472893,0.099631017754346,0.393766059889077,"Human_Breast_He_06222020_ST_BC23277_D2"
"Human_Breast_He_06222020_ST_BC23277_D2_31x18",0.00616392246729026,0.00409542342881716,0.00515599680210454,0.00398496027249336,0.0037421502937409,0.139510649242107,0.381295783520216,0.15090721541701,0.305143898556221,"Human_Breast_He_06222020_ST_BC23277_D2"
"Human_Breast_He_06222020_ST_BC23277_D2_31x19",0.00688338207260107,0.00343748146027067,0.00520601101635748,0.0080218023944324,0.00322053501377946,0.159984924843989,0.533098854004519,0.019504425153629,0.260642584040422,"Human_Breast_He_06222020_ST_BC23277_D2"
"Human_Breast_He_06222020_ST_BC23277_D2_10x26",0.00193240282965181,0.00464945346753147,0.00157972030618462,0.000736216543879522,0.000398459586137205,0.224604587640805,0.264318590385186,0.233676470668343,0.268104098572282,"Human_Breast_He_06222020_ST_BC23277_D2"
"Human_Breast_He_06222020_ST_BC23277_D2_10x27",0.00192100469736852,0.0021460382478023,0.00229403291891077,0.000119011897775646,0.000140847771251747,0.226022201948219,0.201737799497451,0.221463013590238,0.344156049430983,"Human_Breast_He_06222020_ST_BC23277_D2"
"Human_Breast_He_06222020_ST_BC23277_D2_10x24",0.0106639026383499,0.00636772791384342,0.00737121208006722,0.00301434535908024,0.00100275722020578,0.191636332581015,0.193340357338945,0.233017252974923,0.35358611189357,"Human_Breast_He_06222020_ST_BC23277_D2"
"Human_Breast_He_06222020_ST_BC23277_D2_10x25",0.00454162012994917,0.0034508185761289,0.001686284749359,0.00269924028180012,0.00115147670699361,0.188151072486399,0.317938906720766,0.205533593617947,0.274846986730658,"Human_Breast_He_06222020_ST_BC23277_D2"
"Human_Breast_He_06222020_ST_BC23277_D2_10x22",0.00597015560392931,0.00299711250766156,0.0099597640803933,0.00102659314108271,0.00186488093292519,0.117608787275256,0.27458938554582,0.349063549572342,0.23691977134059,"Human_Breast_He_06222020_ST_BC23277_D2"
"Human_Breast_He_06222020_ST_BC23277_D2_10x23",0.00323908783541409,0.0014737688326625,0.00246196345511873,0.00213951798177868,0.00133973434131348,0.093826860575779,0.357535544931005,0.327654969766207,0.210328552280722,"Human_Breast_He_06222020_ST_BC23277_D2"
"Human_Breast_He_06222020_ST_BC23277_D2_10x20",0.00137833994309249,0.0022031719333382,0.000472138910488528,0.00215655354364418,0.00142991226651148,0.156032451158261,0.344661667055284,0.197770866077284,0.293894899112096,"Human_Breast_He_06222020_ST_BC23277_D2"
"Human_Breast_He_06222020_ST_BC23277_D2_10x21",0.00326827017339502,0.00199740588362652,0.00135243816227394,0.00283923858643746,0.00215876149177657,0.187900209702396,0.302181981347116,0.182145573945949,0.316156120707029,"Human_Breast_He_06222020_ST_BC23277_D2"
"Human_Breast_He_06222020_ST_BC23277_D2_10x28",0.00344237762466773,0.000822600520072502,0.000455717194299974,0.000264198877542425,0.000192151221283628,0.107260356421452,0.195211187898338,0.505931805847473,0.186419604394871,"Human_Breast_He_06222020_ST_BC23277_D2"
"Human_Breast_He_06222020_ST_BC23277_D2_10x29",0.00161509382909255,0.00190495062641073,0.00307681762100644,0.00110226563890167,0.00219594178769379,0.190081162895662,0.246026763393029,0.333529541918496,0.220467462289707,"Human_Breast_He_06222020_ST_BC23277_D2"
"Human_Breast_He_06222020_ST_BC23277_D2_7x16",0.00288164055001887,0.00428362647673595,0.000977569882288851,0.00105211961400356,0.00115641035629623,0.165197163609738,0.20277097349677,0.404862717846954,0.216817778167194,"Human_Breast_He_06222020_ST_BC23277_D2"
"Human_Breast_He_06222020_ST_BC23277_D2_7x17",0.00628828173526905,0.00285122508666867,0.00110366355458528,0.000652260590894973,0.00121104632398586,0.097217982118764,0.391703316661296,0.264591939475396,0.234380284453139,"Human_Breast_He_06222020_ST_BC23277_D2"
"Human_Breast_He_06222020_ST_BC23277_D2_7x18",0.00635962243868963,0.00532795178236309,0.00399558202826913,0.00524455121264036,0.00173941539933958,0.123495982354764,0.428545573038811,0.227023715939586,0.198267605805536,"Human_Breast_He_06222020_ST_BC23277_D2"
"Human_Breast_He_06222020_ST_BC23277_D2_7x19",0.0178125356211084,0.00421892281558728,0.00516159478506857,0.000469638677648785,0.00133394704393587,0.259887842328768,0.261989617185557,0.202331081649587,0.246794819892739,"Human_Breast_He_06222020_ST_BC23277_D2"
"Human_Breast_He_06222020_ST_BC23277_D2_19x33",0.00293512582729617,0.00429305574785219,0.0018086619022868,0.0112338180933676,0.00242267474908183,0.0894082255850084,0.265527397025244,0.421788143519242,0.200582897550621,"Human_Breast_He_06222020_ST_BC23277_D2"
"Human_Breast_He_06222020_ST_BC23277_D2_19x30",0.00407229991927715,0.00663255837949765,0.00443912141850786,0.00210574288857879,0.000466195327323488,0.0710706229139999,0.168568563134418,0.567767415892334,0.174877480126063,"Human_Breast_He_06222020_ST_BC23277_D2"
"Human_Breast_He_06222020_ST_BC23277_D2_24x29",0.00358045964440754,0.00141497437035343,0.000604958428443478,0.00343087447092935,0.000549898652981824,0.0523706528233177,0.314777565838607,0.455445541349327,0.167825074421633,"Human_Breast_He_06222020_ST_BC23277_D2"
"Human_Breast_He_06222020_ST_BC23277_D2_21x17",0.00371202013811086,0.00192951337332297,0.00313122059164603,0.00118720635660171,0.00115673187913929,0.181429313459845,0.401062524321841,0.13607686226874,0.270314607610754,"Human_Breast_He_06222020_ST_BC23277_D2"
"Human_Breast_He_06222020_ST_BC23277_D2_21x16",0.0180989502046237,0.00187949435532319,0.00231225649841221,0.000463725063269975,0.00175574755914008,0.146451147666038,0.405644655542786,0.267472407544914,0.155921615565493,"Human_Breast_He_06222020_ST_BC23277_D2"
"Human_Breast_He_06222020_ST_BC23277_D2_21x15",0.00481193225425454,0.00624480962107548,0.00888926029170183,0.0016171434619172,0.00253606285219795,0.149847553273326,0.447075389840417,0.141357159974198,0.237620688430911,"Human_Breast_He_06222020_ST_BC23277_D2"
"Human_Breast_He_06222020_ST_BC23277_D2_21x14",0.0032833059271257,0.0030489686356075,0.00782854267238421,0.000282520334259083,0.00101587043169316,0.221245886374863,0.388993241135816,0.0321128468221202,0.342188817666131,"Human_Breast_He_06222020_ST_BC23277_D2"
"Human_Breast_He_06222020_ST_BC23277_D2_21x13",0.00378012433287799,0.0013147108259713,0.0019523582135732,0.000649975991766561,0.00072262128550021,0.118976825991444,0.44085774318797,0.135039730924857,0.29670590924604,"Human_Breast_He_06222020_ST_BC23277_D2"
"Human_Breast_He_06222020_ST_BC23277_D2_21x12",0.011317844542594,0.00354662349434457,0.00532079541033774,0.00635315320045394,0.00536765617983156,0.203556948657669,0.411325572640895,0.0608523821649809,0.292359023708893,"Human_Breast_He_06222020_ST_BC23277_D2"
"Human_Breast_He_06222020_ST_BC23277_D2_21x11",0.0052326735697118,0.00366025936474189,0.00133767973916279,0.000781873441865172,0.00333682150175883,0.162714158634784,0.400227982519702,0.0259145867705599,0.396793964457713,"Human_Breast_He_06222020_ST_BC23277_D2"
"Human_Breast_He_06222020_ST_BC23277_D2_21x10",0.00463932341239155,0.000951871157573358,0.000496077807756675,0.00196619282745701,0.00286576258184476,0.121435111031984,0.464098842322129,0.0878129603224217,0.315733858536442,"Human_Breast_He_06222020_ST_BC23277_D2"
"Human_Breast_He_06222020_ST_BC23277_D2_21x19",0.00841960118451888,0.00330535846620566,0.00358390735203837,0.00616997111851048,0.00458231698676422,0.101693244597738,0.525419601033312,0.0552923911595711,0.291533608101341,"Human_Breast_He_06222020_ST_BC23277_D2"
"Human_Breast_He_06222020_ST_BC23277_D2_21x18",0.0232656872027261,0.00302330083911046,0.00776377897169117,0.0401910552682715,0.00691719094177352,0.104094342836038,0.308081871087411,0.247752440489357,0.258910332363622,"Human_Breast_He_06222020_ST_BC23277_D2"
"Human_Breast_He_06222020_ST_BC23277_D2_22x8",0.00619531242065047,0.00271894902914715,0.00705737369510776,0.0096920390556968,0.00190520620010624,0.121891685980646,0.390682847850735,0.229395914081964,0.230460671685946,"Human_Breast_He_06222020_ST_BC23277_D2"
"Human_Breast_He_06222020_ST_BC23277_D2_22x9",0.00578603066502875,0.0025115718906997,0.00257734778648695,0.00149021021715716,0.00207685091194559,0.14513419508312,0.486033821385019,0.0434232516400153,0.310966720420527,"Human_Breast_He_06222020_ST_BC23277_D2"
"Human_Breast_He_06222020_ST_BC23277_D2_22x7",0.0169625205475517,0.00273278439227697,0.0107369560474042,0.0208543618108599,0.0241456927357423,0.102825782594514,0.379558561883262,0.155474082084958,0.286709257903431,"Human_Breast_He_06222020_ST_BC23277_D2"
"Human_Breast_He_06222020_ST_BC23277_D2_9x25",0.0012450874499241,0.00325246000560706,0.000501163071427574,0.000169944808607034,0.000151345862609356,0.132055577569079,0.205398705839739,0.467984699523214,0.189241015869792,"Human_Breast_He_06222020_ST_BC23277_D2"
"Human_Breast_He_06222020_ST_BC23277_D2_9x24",0.0021319966590291,0.00349136245921666,0.00259303883174541,0.00108707255523754,0.000344708245728301,0.156019756720358,0.161238651244087,0.486977405596688,0.18611600768791,"Human_Breast_He_06222020_ST_BC23277_D2"
"Human_Breast_He_06222020_ST_BC23277_D2_13x29",0.00553676117265066,0.00382579457935466,0.00120903968920986,6.24033466654668e-05,7.40386971288429e-05,0.225940628496952,0.148844932681954,0.413842092544702,0.200664308791383,"Human_Breast_He_06222020_ST_BC23277_D2"
"Human_Breast_He_06222020_ST_BC23277_D2_13x28",0.0071142896933951,0.0096263716496474,0.0133894779640518,0.000772470610739352,0.000479466693142858,0.116976643207104,0.234448801000868,0.44878898787824,0.168403491302812,"Human_Breast_He_06222020_ST_BC23277_D2"
"Human_Breast_He_06222020_ST_BC23277_D2_9x21",0.00334159792476509,0.001788148160112,0.00108782637737082,0.000432114959395417,0.00117952372524542,0.129546781643566,0.374922910605914,0.254187886659034,0.233513209944597,"Human_Breast_He_06222020_ST_BC23277_D2"
"Human_Breast_He_06222020_ST_BC23277_D2_12x29",0.00890764090558255,0.00258555096658369,0.00253437363545991,0.00743905235172023,0.00171990986768687,0.141991541631393,0.209991038017397,0.302102560218387,0.32272833240579,"Human_Breast_He_06222020_ST_BC23277_D2"
"Human_Breast_He_06222020_ST_BC23277_D2_9x23",0.00277528421037893,0.0135905988564129,0.0028326647303748,0.00275461114761841,0.00216637956236335,0.224444826789755,0.341602937270232,0.065594721524005,0.344237975908859,"Human_Breast_He_06222020_ST_BC23277_D2"
"Human_Breast_He_06222020_ST_BC23277_D2_9x22",0.00434277125812128,0.00111387931279303,0.000816717917001109,0.00179729932258636,0.00103016604443719,0.158254520616437,0.315253170972063,0.170057666396891,0.34733380815967,"Human_Breast_He_06222020_ST_BC23277_D2"
"Human_Breast_He_06222020_ST_BC23277_D2_13x23",0.00560249540446126,0.00151057351890199,0.000696979914296434,0.0105246995663293,0.00136504948242575,0.043088859256564,0.604961822594401,0.0860548917613941,0.246194628501227,"Human_Breast_He_06222020_ST_BC23277_D2"
"Human_Breast_He_06222020_ST_BC23277_D2_12x25",0.00282235935923603,0.00170263402432721,0.00147184682541736,0.00425792743973032,0.00258628091920712,0.0975363895905098,0.623829341069915,0.065648912796392,0.200144307975266,"Human_Breast_He_06222020_ST_BC23277_D2"
"Human_Breast_He_06222020_ST_BC23277_D2_12x26",0.00722967846438516,0.00115823887460068,0.00148647067372404,0.000852132808736365,0.000416164881634052,0.094173373041989,0.275051499886115,0.338381105753608,0.281251335615208,"Human_Breast_He_06222020_ST_BC23277_D2"
"Human_Breast_He_06222020_ST_BC23277_D2_12x27",0.00661153604047224,0.0123168570544866,0.00213655809533834,0.00135223908891211,0.000526222773664036,0.125691227434962,0.321534582137447,0.385837570004558,0.143993207370159,"Human_Breast_He_06222020_ST_BC23277_D2"
"Human_Breast_He_06222020_ST_BC23277_D2_9x29",0.0131186864180142,0.0031116005055627,0.00881166813424806,0.0162769954038019,0.00178599796580706,0.155092697825154,0.234195845588631,0.354424894255329,0.213181613903453,"Human_Breast_He_06222020_ST_BC23277_D2"
"Human_Breast_He_06222020_ST_BC23277_D2_13x26",0.00148838487314465,0.00302150074949242,0.00119611088594179,0.000106018379807264,0.000211896570083683,0.0662095594792528,0.305218965038897,0.317630392357462,0.304917171665918,"Human_Breast_He_06222020_ST_BC23277_D2"
"Human_Breast_He_06222020_ST_BC23277_D2_13x25",0.00336961167109415,0.00128617956550281,0.00472281410152873,0.00456969163946015,0.00259434387067068,0.0804821390079955,0.349895308542324,0.255130736775449,0.297949174825976,"Human_Breast_He_06222020_ST_BC23277_D2"
"Human_Breast_He_06222020_ST_BC23277_D2_12x23",0.0199813751154341,0.0031117647599376,0.00589897467920628,0.00215297673174386,0.00327985954710287,0.0936476398806165,0.234714314756116,0.31613876864891,0.321074325880932,"Human_Breast_He_06222020_ST_BC23277_D2"
"Human_Breast_He_06222020_ST_BC23277_D2_24x17",0.00237486917886072,0.00125806811444026,0.00069293700963565,0.00223975758116622,0.000613361026537876,0.0606531853655684,0.439218708481064,0.173739391674647,0.31920972156808,"Human_Breast_He_06222020_ST_BC23277_D2"
"Human_Breast_He_06222020_ST_BC23277_D2_11x25",0.0114124000212131,0.00483695547698153,0.00197869513451201,0.000416203298707126,0.000901076389624017,0.175851550379599,0.439017546649159,0.10673016660095,0.258855406049254,"Human_Breast_He_06222020_ST_BC23277_D2"
"Human_Breast_He_06222020_ST_BC23277_D2_14x30",0.000664828482122666,0.00180509752589583,0.00590200695028844,5.65652880033421e-05,0.000117911743035769,0.104966752961724,0.238034871777362,0.498163466183846,0.150288499087722,"Human_Breast_He_06222020_ST_BC23277_D2"
"Human_Breast_He_06222020_ST_BC23277_D2_14x33",0.00679727020938263,0.00237914992226224,0.00256730976159107,0.000779497017369065,0.000626270735289206,0.189019877576969,0.255062084698388,0.394701768821424,0.148066771257325,"Human_Breast_He_06222020_ST_BC23277_D2"
"Human_Breast_He_06222020_ST_BC23277_D2_11x26",0.00256999228207829,0.00272147046377482,0.000417355554307845,0.000787941956480742,0.000413312632872608,0.139470429263389,0.295364838973527,0.322061074617067,0.236193584256503,"Human_Breast_He_06222020_ST_BC23277_D2"
"Human_Breast_He_06222020_ST_BC23277_D2_11x21",0.00291811553617346,0.00104818676135864,0.00186118185906047,0.00247025036212159,0.00274914100566834,0.124119333806791,0.531596605202061,0.0509330233677262,0.282304162099039,"Human_Breast_He_06222020_ST_BC23277_D2"
"Human_Breast_He_06222020_ST_BC23277_D2_14x34",0.00101938572142291,0.00183258991427868,0.000673650645238615,0.00308718538016125,0.000672507825839866,0.140909077493826,0.28011982820884,0.288647565283018,0.283038209527375,"Human_Breast_He_06222020_ST_BC23277_D2"
"Human_Breast_He_06222020_ST_BC23277_D2_11x23",0.00124730663636744,0.00135490676399236,0.00214903029238795,0.000134928948935532,0.000273599696602849,0.0452381376924079,0.427510534599941,0.237381044022659,0.284710511346706,"Human_Breast_He_06222020_ST_BC23277_D2"
"Human_Breast_He_06222020_ST_BC23277_D2_11x22",0.0095298326272916,0.00642478855253978,0.00704060314228371,0.00963801879716167,0.00174547598834488,0.143664382161474,0.326956521776829,0.223395729526124,0.271604647427951,"Human_Breast_He_06222020_ST_BC23277_D2"
"Human_Breast_He_06222020_ST_BC23277_D2_13x27",0.00489292005526728,0.0046385437590863,0.000521964085611863,0.00187326380426385,0.000915137598207712,0.155548475837531,0.220147899583996,0.427671612641951,0.183790182634085,"Human_Breast_He_06222020_ST_BC23277_D2"
"Human_Breast_He_06222020_ST_BC23277_D2_25x16",0.000923569666605542,0.000690171538531467,0.000647651096101491,0.000260399610231918,0.00026037343142437,0.0710315642131834,0.488594849466947,0.200199349045299,0.237392071931676,"Human_Breast_He_06222020_ST_BC23277_D2"
"Human_Breast_He_06222020_ST_BC23277_D2_9x34",0.0162740923926757,0.00570327661934455,0.0165609562437396,0.00280492373250919,0.00489252583912045,0.291073011048586,0.344741229427321,0.0448698979501932,0.27308008674651,"Human_Breast_He_06222020_ST_BC23277_D2"
"Human_Breast_He_06222020_ST_BC23277_D2_9x32",0.0145404268639997,0.0307986554075005,0.00351377898568431,0.0160858167312003,0.0022117342735836,0.158413119090322,0.245871716832122,0.330840695676273,0.197724056139314,"Human_Breast_He_06222020_ST_BC23277_D2"
"Human_Breast_He_06222020_ST_BC23277_D2_14x32",0.00309542257162354,0.00175793027768639,0.00081813668666999,0.00245532977979913,0.000316165452178303,0.087230316488146,0.178855550736202,0.475873368582437,0.249597779425258,"Human_Breast_He_06222020_ST_BC23277_D2"
"Human_Breast_He_06222020_ST_BC23277_D2_18x19",0.0459387000623712,0.00943952017757587,0.0180639802209622,0.00146029474573627,0.00352442566474857,0.0972335645528353,0.337357291854059,0.175675235417578,0.311306987304134,"Human_Breast_He_06222020_ST_BC23277_D2"
"Human_Breast_He_06222020_ST_BC23277_D2_16x34",0.00213353296444804,0.0016233214207751,0.000523220418745584,0.000662265421530501,0.000408354935537869,0.090534222324987,0.219087179325913,0.493242084820512,0.191785818367551,"Human_Breast_He_06222020_ST_BC23277_D2"
"Human_Breast_He_06222020_ST_BC23277_D2_18x12",0.00155701922216647,0.00160998066311158,0.00179666878863488,0.00128222658740377,0.000984396917061422,0.153535782346884,0.38113718440552,0.169658837063837,0.28843790400538,"Human_Breast_He_06222020_ST_BC23277_D2"
"Human_Breast_He_06222020_ST_BC23277_D2_18x11",0.00210241351330014,0.00111918331579546,0.00128576436486836,0.00383394068974794,0.00278781443483992,0.121236213717781,0.353465705746916,0.169084887253228,0.345084076963523,"Human_Breast_He_06222020_ST_BC23277_D2"
"Human_Breast_He_06222020_ST_BC23277_D2_18x17",0.0107242617737223,0.00120736897100895,0.00254722133929401,0.00108486074125103,0.00102926561447068,0.0383163225224466,0.489101912659471,0.215675786259243,0.240313000119092,"Human_Breast_He_06222020_ST_BC23277_D2"
"Human_Breast_He_06222020_ST_BC23277_D2_18x16",0.000596447930594423,0.00296911683557964,0.000191556374012479,0.000775093150795923,0.000867327126449601,0.0330384846578608,0.661825215326537,0.0955648091381733,0.204171949459997,"Human_Breast_He_06222020_ST_BC23277_D2"
"Human_Breast_He_06222020_ST_BC23277_D2_18x15",0.00389221833875714,0.000202594773664309,0.000178170659135055,0.0025510282104766,0.00105975306836902,0.174233552544835,0.408932864029778,0.145843264545499,0.263106553829486,"Human_Breast_He_06222020_ST_BC23277_D2"
