"","Endothelial","CAFs","PVL","B-cells","T-cells","Myeloid","Normal Epithelial","Plasmablasts","Cancer Epithelial","sid"
"Human_Breast_Andersson_10142021_ST_G2_10x10",0.145709819639323,0.184170989333525,0.0867774868049285,0.0227345955029606,0.020304914070082,0.149130568174904,0.0438459141450894,0.181517516175689,0.165808196153499,"Human_Breast_Andersson_10142021_ST_G2"
"Human_Breast_Andersson_10142021_ST_G2_10x11",0.235714275563556,0.120603913666332,0.026429933669125,0.236615851912436,0.160329929560421,0.108669431983607,0.00987838832042482,0.0791911944123488,0.022567080911749,"Human_Breast_Andersson_10142021_ST_G2"
"Human_Breast_Andersson_10142021_ST_G2_10x12",0.207285832991613,0.237022252086762,0.105567737090084,0.0199133982679687,0.0344422206275785,0.147802101090648,0.0133913131704308,0.178751460411771,0.0558236842631448,"Human_Breast_Andersson_10142021_ST_G2"
"Human_Breast_Andersson_10142021_ST_G2_10x13",0.168193546653096,0.19781474076308,0.0441630934811956,0.241080118546869,0.0617245337658096,0.0874597426100439,0.0273827325555083,0.054433927116163,0.117747564508234,"Human_Breast_Andersson_10142021_ST_G2"
"Human_Breast_Andersson_10142021_ST_G2_10x14",0.228231252428251,0.189900873363284,0.141621598956696,0.00601820002470618,0.0395830926924322,0.179604517577972,0.0482592681711769,0.0715941681558079,0.0951870286296753,"Human_Breast_Andersson_10142021_ST_G2"
"Human_Breast_Andersson_10142021_ST_G2_10x15",0.281643320041239,0.0877446036647144,0.15895237375455,0.133278394016898,0.108221676910572,0.118790746813748,0.0636251599893123,0.0128010103377903,0.034942714471176,"Human_Breast_Andersson_10142021_ST_G2"
"Human_Breast_Andersson_10142021_ST_G2_10x16",0.297945820681448,0.180492481092888,0.0305487113567725,0.100109295206342,0.163878120358086,0.163451616134873,0.0240368014650768,0.0142693355173915,0.0252678181871228,"Human_Breast_Andersson_10142021_ST_G2"
"Human_Breast_Andersson_10142021_ST_G2_10x17",0.0471223006140656,0.144825653222952,0.0215224892817033,0.194533410895574,0.368426195841512,0.157344559534861,0.00989501583202745,0.0395012999721416,0.0168290748051622,"Human_Breast_Andersson_10142021_ST_G2"
"Human_Breast_Andersson_10142021_ST_G2_10x18",0.0295807159495142,0.231858793876011,0.149948156515454,0.00687180573749494,0.0126728127177705,0.0560332320373607,0.0891184068495027,0.371010499537615,0.0529055767792767,"Human_Breast_Andersson_10142021_ST_G2"
"Human_Breast_Andersson_10142021_ST_G2_10x19",0.115704087340659,0.096424218603199,0.106034079479439,0.00144490792386364,0.00395940238953337,0.0207555316992857,0.0739360744565918,0.571839069092772,0.00990262901465638,"Human_Breast_Andersson_10142021_ST_G2"
"Human_Breast_Andersson_10142021_ST_G2_10x20",0.145221432251491,0.115990933092548,0.0857078554539842,0.0510605933516322,0.110744998318928,0.158007104723709,0.0478018669658095,0.22727741417862,0.0581878016632782,"Human_Breast_Andersson_10142021_ST_G2"
"Human_Breast_Andersson_10142021_ST_G2_10x21",0.12865030351057,0.232489851972461,0.079338803140625,0.0134903757726881,0.0144967835430999,0.0893407617475453,0.0584719997312593,0.291441276786735,0.0922798437950163,"Human_Breast_Andersson_10142021_ST_G2"
"Human_Breast_Andersson_10142021_ST_G2_10x22",0.104701357281936,0.213586357732858,0.0841286518620294,0.0464650223948852,0.0410897037668043,0.151170393513232,0.167960956460432,0.0327654610838713,0.158132095903952,"Human_Breast_Andersson_10142021_ST_G2"
"Human_Breast_Andersson_10142021_ST_G2_10x23",0.0892846764186103,0.175786390211194,0.102372895567203,0.0392412137385685,0.0329336441016755,0.0880506489697777,0.174299474515403,0.16894129905848,0.129089757419088,"Human_Breast_Andersson_10142021_ST_G2"
"Human_Breast_Andersson_10142021_ST_G2_10x24",0.178646237778084,0.208737857827624,0.14348158126062,0.015305760279987,0.0152300417011038,0.110282279800528,0.0749325155853273,0.153923425747717,0.0994603000190092,"Human_Breast_Andersson_10142021_ST_G2"
"Human_Breast_Andersson_10142021_ST_G2_10x25",0.169649467432175,0.21682946776871,0.169465461811999,0.0175275245639088,0.0294884484987136,0.12589610047387,0.0440284599098318,0.108348640787909,0.118766428752882,"Human_Breast_Andersson_10142021_ST_G2"
"Human_Breast_Andersson_10142021_ST_G2_10x7",0.125407499868628,0.0991297774931433,0.409460584731752,0.00564048794866933,0.0292476207901291,0.0438875485435114,0.0184910971797175,0.228376787569833,0.0403585958746165,"Human_Breast_Andersson_10142021_ST_G2"
"Human_Breast_Andersson_10142021_ST_G2_10x8",0.162655412292235,0.186378445257215,0.180852028238784,0.0511902989806742,0.036999332853511,0.0825896997853815,0.0669621189074503,0.109452598513273,0.122920065171476,"Human_Breast_Andersson_10142021_ST_G2"
"Human_Breast_Andersson_10142021_ST_G2_10x9",0.134572634603075,0.120689200938872,0.246825941835166,0.0368876014794896,0.0548588873342708,0.19603871618914,0.0250832838767472,0.0689070882577954,0.116136645485445,"Human_Breast_Andersson_10142021_ST_G2"
"Human_Breast_Andersson_10142021_ST_G2_11x10",0.323578144118478,0.120444301635354,0.0875985850519294,0.0272414814159933,0.0390014171595841,0.0900033245311452,0.0890544562086724,0.102818959593968,0.120259330284876,"Human_Breast_Andersson_10142021_ST_G2"
"Human_Breast_Andersson_10142021_ST_G2_11x12",0.255588878872181,0.124208227766059,0.251669470517665,0.0409413994284261,0.0379100516687671,0.129642086186976,0.0203852953835768,0.0646681222202094,0.0749864679561403,"Human_Breast_Andersson_10142021_ST_G2"
"Human_Breast_Andersson_10142021_ST_G2_11x13",0.12317994320382,0.146961674600995,0.114710312111816,0.0266962606078083,0.0230207326847116,0.104210006907988,0.0395411969628352,0.327828879519254,0.0938509934007718,"Human_Breast_Andersson_10142021_ST_G2"
"Human_Breast_Andersson_10142021_ST_G2_11x14",0.0928328413120683,0.13304403891254,0.0840730859607204,0.0452471528433747,0.0614842265849402,0.111871826339955,0.0207510059210791,0.429651407196911,0.0210444149284114,"Human_Breast_Andersson_10142021_ST_G2"
"Human_Breast_Andersson_10142021_ST_G2_11x15",0.212987694861408,0.260465753075559,0.0680703049387402,0.026522602692309,0.0592444481571274,0.142862107835196,0.044218777156058,0.141346869124656,0.0442814421589462,"Human_Breast_Andersson_10142021_ST_G2"
"Human_Breast_Andersson_10142021_ST_G2_11x16",0.0682028485346463,0.292766730123317,0.0359514869722071,0.177963697075475,0.131514825886528,0.182140228059961,0.0277740684003231,0.0388385166048876,0.0448475983426555,"Human_Breast_Andersson_10142021_ST_G2"
"Human_Breast_Andersson_10142021_ST_G2_11x17",0.140218379311737,0.213076894142458,0.176884969703109,0.0836593405743417,0.0783766404980258,0.197423958908397,0.0232991872620075,0.0633292522481965,0.0237313773517267,"Human_Breast_Andersson_10142021_ST_G2"
"Human_Breast_Andersson_10142021_ST_G2_11x18",0.0686203101779338,0.228805926897211,0.118463835103711,0.193212794565244,0.100765842972927,0.195119234925792,0.0186964269068446,0.0296576865080118,0.0466579419423244,"Human_Breast_Andersson_10142021_ST_G2"
"Human_Breast_Andersson_10142021_ST_G2_11x19",0.116456118159864,0.0885215613246841,0.038740395051019,0.0103187807453705,0.00317853455605326,0.0479076252025774,0.110564848127525,0.559961506771403,0.0243506300615029,"Human_Breast_Andersson_10142021_ST_G2"
"Human_Breast_Andersson_10142021_ST_G2_11x20",0.0739912071159013,0.0801721326795554,0.0738224577469813,0.00761562512567393,0.0171455129232634,0.0226631995834463,0.0659311747077245,0.619237131416077,0.0394215587013768,"Human_Breast_Andersson_10142021_ST_G2"
"Human_Breast_Andersson_10142021_ST_G2_11x21",0.0911673874354338,0.195533133014239,0.163173352722199,0.155486314523086,0.0283079741817194,0.106407846906335,0.0754676799221672,0.0969933942830047,0.0874629170118154,"Human_Breast_Andersson_10142021_ST_G2"
"Human_Breast_Andersson_10142021_ST_G2_11x22",0.216818533792593,0.156703971107335,0.0899434058983244,0.0568605893414825,0.0484961798198206,0.0957209161484775,0.101819870284891,0.136720446053721,0.0969160875533538,"Human_Breast_Andersson_10142021_ST_G2"
"Human_Breast_Andersson_10142021_ST_G2_11x23",0.336289568688625,0.0965934727344564,0.0687498989246038,0.0402743296432441,0.0565638720937017,0.0346844325128076,0.0328265045890565,0.206819944304157,0.127197976509348,"Human_Breast_Andersson_10142021_ST_G2"
"Human_Breast_Andersson_10142021_ST_G2_11x24",0.13547609530842,0.141703686516555,0.164967581545798,0.0262985540168717,0.0360288820455034,0.134827721996669,0.0632052538323414,0.186171635806464,0.111320588931377,"Human_Breast_Andersson_10142021_ST_G2"
"Human_Breast_Andersson_10142021_ST_G2_11x25",0.0942877690341875,0.178609167496125,0.132551977702512,0.0207926079997987,0.0536364452810042,0.141621388763775,0.152971871068089,0.0411046939034883,0.18442407875102,"Human_Breast_Andersson_10142021_ST_G2"
"Human_Breast_Andersson_10142021_ST_G2_11x7",0.196588135048535,0.105009493950143,0.204059222627318,0.0132194720633176,0.0291694819383837,0.0494354382373669,0.0396682361973366,0.258533725404769,0.104316794532829,"Human_Breast_Andersson_10142021_ST_G2"
"Human_Breast_Andersson_10142021_ST_G2_11x8",0.162401024402123,0.158283836330985,0.261670735758854,0.00607546231262596,0.00753610013071157,0.087944721735309,0.136065967651941,0.0383409812784925,0.141681170398958,"Human_Breast_Andersson_10142021_ST_G2"
"Human_Breast_Andersson_10142021_ST_G2_11x9",0.141364883291872,0.124458800175576,0.261141459752781,0.0192263553604215,0.0346915596294273,0.11933397881638,0.0525046002403822,0.158859751213681,0.0884186115194797,"Human_Breast_Andersson_10142021_ST_G2"
"Human_Breast_Andersson_10142021_ST_G2_12x10",0.214161985703365,0.109110035802607,0.0543702138534835,0.0308225033799341,0.0302609444644055,0.0536503724407912,0.110832507203534,0.20002334252221,0.196768094629671,"Human_Breast_Andersson_10142021_ST_G2"
"Human_Breast_Andersson_10142021_ST_G2_12x11",0.161814968006405,0.170051699716541,0.06842466757304,0.00806345123734348,0.0312131060964007,0.0534914044622083,0.0488629180046296,0.33321848197226,0.124859302931172,"Human_Breast_Andersson_10142021_ST_G2"
"Human_Breast_Andersson_10142021_ST_G2_12x12",0.235792985003255,0.16544307094751,0.0515963382498843,0.0309547803171963,0.0861611163122225,0.176160494956275,0.0177723991718453,0.0858783129717736,0.150240502070038,"Human_Breast_Andersson_10142021_ST_G2"
"Human_Breast_Andersson_10142021_ST_G2_12x13",0.0804969520645198,0.13954617473176,0.134459903530005,0.165336573277598,0.0593839346541138,0.0707517576519233,0.0314980287399937,0.274328849827006,0.0441978255230813,"Human_Breast_Andersson_10142021_ST_G2"
"Human_Breast_Andersson_10142021_ST_G2_12x14",0.226270489082698,0.105552309302411,0.0637483439648972,0.148227796908751,0.142519511120913,0.14399065120669,0.0246932254745469,0.12199017088063,0.0230075020584623,"Human_Breast_Andersson_10142021_ST_G2"
"Human_Breast_Andersson_10142021_ST_G2_12x15",0.432538008242428,0.174120693670797,0.0966356678191083,0.0237976618123086,0.0149507104278938,0.0701891313300339,0.0450400984417843,0.0370558841619159,0.10567214409373,"Human_Breast_Andersson_10142021_ST_G2"
"Human_Breast_Andersson_10142021_ST_G2_12x16",0.196557199735442,0.181992544764554,0.113365491684544,0.0819159211934995,0.0287121965035935,0.0935394344443834,0.020902707148634,0.260401725009512,0.0226127795158376,"Human_Breast_Andersson_10142021_ST_G2"
"Human_Breast_Andersson_10142021_ST_G2_12x17",0.186589503949084,0.150984910974594,0.0499950162292028,0.0661152024178492,0.153488284079156,0.253683452757715,0.0390296418180812,0.059486081389356,0.0406279063849619,"Human_Breast_Andersson_10142021_ST_G2"
"Human_Breast_Andersson_10142021_ST_G2_12x18",0.0291641398715971,0.163545473947819,0.064942288601456,0.00276018653539226,0.00653330678515428,0.158608730400832,0.100313590595725,0.327377875658652,0.146754407603371,"Human_Breast_Andersson_10142021_ST_G2"
"Human_Breast_Andersson_10142021_ST_G2_12x19",0.0432682175648794,0.181197205198363,0.142859563652748,0.014596090549702,0.0298568784811062,0.0686508683766852,0.321741376892805,0.144810378420564,0.0530194208631472,"Human_Breast_Andersson_10142021_ST_G2"
"Human_Breast_Andersson_10142021_ST_G2_12x20",0.0155070335703166,0.100810501970178,0.208042702315297,0.0309411361466089,0.0312859607001301,0.159578275535698,0.268146725161697,0.014910316810028,0.170777347790046,"Human_Breast_Andersson_10142021_ST_G2"
"Human_Breast_Andersson_10142021_ST_G2_12x21",0.198638551542984,0.139948756628093,0.0532274607861286,0.0376766726094367,0.0522224231925536,0.112113615063541,0.181858904034268,0.033712228140861,0.190601388002135,"Human_Breast_Andersson_10142021_ST_G2"
"Human_Breast_Andersson_10142021_ST_G2_12x22",0.0640432453139972,0.124393286209758,0.15245001680467,0.040809958663115,0.0579220955087947,0.12639496815574,0.0605740087740289,0.252600267123093,0.120812153446804,"Human_Breast_Andersson_10142021_ST_G2"
"Human_Breast_Andersson_10142021_ST_G2_12x23",0.105485392668747,0.18351018450776,0.087310639111699,0.0401697351256748,0.0360922574553505,0.0988557532795745,0.0913927207557991,0.158746998555362,0.198436318540033,"Human_Breast_Andersson_10142021_ST_G2"
"Human_Breast_Andersson_10142021_ST_G2_12x24",0.0790415307183701,0.162872740206308,0.166520748138743,0.0156319465268161,0.0548627278542262,0.180259117004322,0.0831530426443617,0.138562701225073,0.119095445681781,"Human_Breast_Andersson_10142021_ST_G2"
"Human_Breast_Andersson_10142021_ST_G2_12x25",0.108213703290708,0.167041369505878,0.0885386722200937,0.013271719191818,0.0221251265518977,0.0714048679367708,0.062226498240423,0.340173944931775,0.127004098130636,"Human_Breast_Andersson_10142021_ST_G2"
"Human_Breast_Andersson_10142021_ST_G2_12x7",0.182752689436527,0.119182028739169,0.159898234401794,0.00883643824177274,0.0377019431964753,0.209903361433517,0.0443356935514725,0.104082766754317,0.133306844244955,"Human_Breast_Andersson_10142021_ST_G2"
"Human_Breast_Andersson_10142021_ST_G2_12x8",0.13898102614366,0.0493664572507374,0.055632836567669,0.0624887162045899,0.0235901445727884,0.035882196612826,0.112502450106984,0.38628104379528,0.135275128745466,"Human_Breast_Andersson_10142021_ST_G2"
"Human_Breast_Andersson_10142021_ST_G2_12x9",0.290631032742802,0.103002850050913,0.033905392467811,0.00543021194524632,0.0208612217277896,0.113151966825681,0.075359014783568,0.172841570040168,0.184816739416021,"Human_Breast_Andersson_10142021_ST_G2"
"Human_Breast_Andersson_10142021_ST_G2_13x10",0.0950283804127365,0.0324162525428798,0.0142066168957561,0.00768137577623064,0.0157303558198509,0.0604571814049664,0.34452670777999,0.0646269241543481,0.365326205213242,"Human_Breast_Andersson_10142021_ST_G2"
"Human_Breast_Andersson_10142021_ST_G2_13x11",0.129761203762503,0.105044936002294,0.208732621223953,0.0193543345503054,0.0151651723535219,0.0733680099705533,0.052010253750786,0.301966731827808,0.0945967365582742,"Human_Breast_Andersson_10142021_ST_G2"
"Human_Breast_Andersson_10142021_ST_G2_13x12",0.139919242689557,0.144234778833427,0.0856921013620135,0.0498854605300122,0.0590397209337877,0.0934775203266469,0.113140038556818,0.135302972585979,0.179308164181759,"Human_Breast_Andersson_10142021_ST_G2"
"Human_Breast_Andersson_10142021_ST_G2_13x13",0.0803495007868678,0.172637037131301,0.0783283212977162,0.0223684028647445,0.0420117694795836,0.114840958262624,0.0409414378763203,0.383864941696926,0.0646576306039173,"Human_Breast_Andersson_10142021_ST_G2"
"Human_Breast_Andersson_10142021_ST_G2_13x14",0.0974818940347664,0.155138387887418,0.0257180572152905,0.295628827624858,0.0864209575720349,0.119395237857682,0.00654430146162873,0.201163952224403,0.0125083841219188,"Human_Breast_Andersson_10142021_ST_G2"
"Human_Breast_Andersson_10142021_ST_G2_13x15",0.22526883372578,0.30438737880434,0.144164746415277,0.0470523500284751,0.0425222083556192,0.0952445124599638,0.0490234367279942,0.0148508099513714,0.0774857235311796,"Human_Breast_Andersson_10142021_ST_G2"
"Human_Breast_Andersson_10142021_ST_G2_13x16",0.16391243081848,0.219677299780741,0.0129501266717926,0.0228473131003862,0.0324064362592697,0.0984698656166965,0.00777642893686838,0.417097927432871,0.0248621713828946,"Human_Breast_Andersson_10142021_ST_G2"
"Human_Breast_Andersson_10142021_ST_G2_13x17",0.154209287376085,0.130483072427362,0.314329221122463,0.0614722491206567,0.0607628395956958,0.121616485110775,0.00559713114678813,0.118818509814763,0.0327112042854113,"Human_Breast_Andersson_10142021_ST_G2"
"Human_Breast_Andersson_10142021_ST_G2_13x18",0.0743567735567009,0.158632126426117,0.139402909486996,0.0275817868422245,0.056033160147594,0.0568327842255292,0.0787392866232543,0.264949829775978,0.143471342915607,"Human_Breast_Andersson_10142021_ST_G2"
"Human_Breast_Andersson_10142021_ST_G2_13x19",0.142574372107851,0.124522157559947,0.135142606650148,0.0985755392300692,0.0716043667010546,0.0946942872758517,0.044509378192061,0.230667042636262,0.0577102496467562,"Human_Breast_Andersson_10142021_ST_G2"
"Human_Breast_Andersson_10142021_ST_G2_13x20",0.159342501145863,0.0946934456394497,0.0602170318501355,0.0464324633350984,0.0787089853993328,0.0382185799431191,0.216806134311985,0.263745738727986,0.0418351196470306,"Human_Breast_Andersson_10142021_ST_G2"
"Human_Breast_Andersson_10142021_ST_G2_13x21",0.0910677793328495,0.207378652417677,0.121465022598613,0.0164839639925145,0.0323923622984473,0.12204850740633,0.114311451357733,0.0973861854306643,0.197466075165171,"Human_Breast_Andersson_10142021_ST_G2"
"Human_Breast_Andersson_10142021_ST_G2_13x22",0.0928550151975579,0.230945645308367,0.0519895375161473,0.0343684966459933,0.0542165341566933,0.134732805717231,0.0799927023983493,0.135856013723318,0.185043249336342,"Human_Breast_Andersson_10142021_ST_G2"
"Human_Breast_Andersson_10142021_ST_G2_13x23",0.119649388692646,0.276174131081948,0.0596090275274078,0.0533658972301852,0.0368571788630471,0.116434631141295,0.0811285276443274,0.0222561289891375,0.234525088830006,"Human_Breast_Andersson_10142021_ST_G2"
"Human_Breast_Andersson_10142021_ST_G2_13x24",0.0727072276543352,0.189528626677821,0.0713976005601268,0.00387358234677237,0.0166158460534208,0.0629702431813526,0.0891635082582463,0.382195402867284,0.111547962400642,"Human_Breast_Andersson_10142021_ST_G2"
"Human_Breast_Andersson_10142021_ST_G2_13x25",0.128100834206564,0.186854629346739,0.129130049342204,0.0137353093795971,0.0713707417153707,0.127194653392566,0.045948661596384,0.0389968703597617,0.258668250660813,"Human_Breast_Andersson_10142021_ST_G2"
"Human_Breast_Andersson_10142021_ST_G2_13x6",0.100710973554737,0.126290274671066,0.0317969950749092,0.0921978040113343,0.068978080068009,0.108980739236404,0.0708102206923434,0.304271013080105,0.0959638996110925,"Human_Breast_Andersson_10142021_ST_G2"
"Human_Breast_Andersson_10142021_ST_G2_13x7",0.217783204968407,0.161170861834445,0.0912190528646927,0.00728206893546097,0.00806592949997596,0.104474913152655,0.0651939247257766,0.221935087843934,0.122874956174653,"Human_Breast_Andersson_10142021_ST_G2"
"Human_Breast_Andersson_10142021_ST_G2_13x8",0.343939316180052,0.106630353296845,0.0838443910099257,0.0097582512223943,0.023306512480561,0.0827549508115696,0.131597275834156,0.0726359956344796,0.145532953530017,"Human_Breast_Andersson_10142021_ST_G2"
"Human_Breast_Andersson_10142021_ST_G2_13x9",0.161531196608344,0.134313104376178,0.0679529969028993,0.0204423753855179,0.0790455536150828,0.146856445913622,0.102801621979512,0.0718368016087192,0.215219903610125,"Human_Breast_Andersson_10142021_ST_G2"
"Human_Breast_Andersson_10142021_ST_G2_14x10",0.0868308767734248,0.0413312134192126,0.0204281383461955,0.00867840369147312,0.0208992933065246,0.0939209781089267,0.265589430760125,0.0943975956948517,0.367924069899266,"Human_Breast_Andersson_10142021_ST_G2"
"Human_Breast_Andersson_10142021_ST_G2_14x11",0.133119265855167,0.0944276527511281,0.101745742820225,0.0226699585030441,0.0341410257793689,0.129470744750513,0.141417389831979,0.0571406639815694,0.285867555727005,"Human_Breast_Andersson_10142021_ST_G2"
"Human_Breast_Andersson_10142021_ST_G2_14x12",0.0788552384268078,0.0313339162308983,0.0236756456577406,0.0100468679896654,0.0305897743909124,0.0681659140704046,0.213705711798647,0.162049556571285,0.381577374863639,"Human_Breast_Andersson_10142021_ST_G2"
"Human_Breast_Andersson_10142021_ST_G2_14x13",0.199198896697787,0.109557094957597,0.0294878287580255,0.0354266946829536,0.034673470043999,0.0633535897813256,0.0113592992402289,0.474201728173335,0.0427413976647481,"Human_Breast_Andersson_10142021_ST_G2"
"Human_Breast_Andersson_10142021_ST_G2_14x14",0.0951006067237549,0.207096504040231,0.0156059144098261,0.0925585758336617,0.0531473046115555,0.166701220233859,0.0379345700942113,0.283235445862238,0.0486198581906624,"Human_Breast_Andersson_10142021_ST_G2"
"Human_Breast_Andersson_10142021_ST_G2_14x15",0.0799411276656283,0.221677919060253,0.128805582203977,0.060427797293074,0.0295428587982794,0.122310646069202,0.0387461092213648,0.29887554309147,0.0196724165967521,"Human_Breast_Andersson_10142021_ST_G2"
"Human_Breast_Andersson_10142021_ST_G2_14x16",0.190600717187454,0.134713772860128,0.0660530797495864,0.0351217246491184,0.212977799440734,0.261930044154496,0.0172548560881002,0.0515795247962051,0.0297684810741769,"Human_Breast_Andersson_10142021_ST_G2"
"Human_Breast_Andersson_10142021_ST_G2_14x17",0.0833477300410809,0.196768965428186,0.0939031340018543,0.0168431654794966,0.0239303041784039,0.127578540365697,0.0434167260910483,0.32237788826621,0.0918335461480223,"Human_Breast_Andersson_10142021_ST_G2"
"Human_Breast_Andersson_10142021_ST_G2_14x18",0.12257883747773,0.135656920757317,0.0639862096565365,0.0316089941289015,0.0577975600619996,0.0889905212112861,0.136443371754005,0.0857842342087042,0.27715335074352,"Human_Breast_Andersson_10142021_ST_G2"
"Human_Breast_Andersson_10142021_ST_G2_14x19",0.091753692663391,0.173949036756447,0.070926074696009,0.0139314350200869,0.017542134789353,0.0540708566357568,0.161806649284617,0.285400661463609,0.130619458690731,"Human_Breast_Andersson_10142021_ST_G2"
"Human_Breast_Andersson_10142021_ST_G2_14x20",0.0671932499848448,0.0458627452951641,0.034364141287411,0.0125840360263552,0.00549396314272953,0.0318203623054736,0.379842571276241,0.397409833099495,0.0254290975822851,"Human_Breast_Andersson_10142021_ST_G2"
"Human_Breast_Andersson_10142021_ST_G2_14x21",0.0861101835955504,0.169451825885732,0.0952968738796516,0.0448904039708979,0.0577830117489007,0.157619965721906,0.098161423245787,0.0318461615816301,0.258840150369943,"Human_Breast_Andersson_10142021_ST_G2"
"Human_Breast_Andersson_10142021_ST_G2_14x22",0.0846106102718977,0.191010369443462,0.149272771275209,0.0369069918556722,0.0255372803011354,0.107116767950001,0.0802792822906663,0.0727744784059157,0.252491448206041,"Human_Breast_Andersson_10142021_ST_G2"
"Human_Breast_Andersson_10142021_ST_G2_14x23",0.214660880965235,0.197392310727152,0.124732347503349,0.0311282329824862,0.0341461361746297,0.091729477520858,0.0388630837137287,0.103600136668558,0.163747393744003,"Human_Breast_Andersson_10142021_ST_G2"
"Human_Breast_Andersson_10142021_ST_G2_14x24",0.116656182438917,0.204456521235784,0.149059779463227,0.0351383189817176,0.0861906914709767,0.108752576804355,0.0450286114407461,0.0963712333988545,0.158346084765423,"Human_Breast_Andersson_10142021_ST_G2"
"Human_Breast_Andersson_10142021_ST_G2_14x25",0.340698555462518,0.236042036198659,0.102267834036396,0.0111369816391483,0.0111104393896073,0.0929032576985276,0.0322018162099122,0.130208001509836,0.0434310778553944,"Human_Breast_Andersson_10142021_ST_G2"
"Human_Breast_Andersson_10142021_ST_G2_14x6",0.113373443774787,0.163064902440394,0.0535099513238793,0.0120932417715599,0.0156237829882925,0.161042236781749,0.0719770793804147,0.212834772535722,0.196480589003202,"Human_Breast_Andersson_10142021_ST_G2"
"Human_Breast_Andersson_10142021_ST_G2_14x7",0.137855064948461,0.120758107677127,0.0902583658484579,0.00960154731172415,0.0349567895764244,0.179693692057279,0.0931222348007424,0.121770679270138,0.211983518509648,"Human_Breast_Andersson_10142021_ST_G2"
"Human_Breast_Andersson_10142021_ST_G2_14x8",0.193226556280826,0.0863265575139838,0.0507617953541954,0.0143733536328962,0.0395924367279791,0.121814319156275,0.0461161676894547,0.335255928062253,0.112532885582137,"Human_Breast_Andersson_10142021_ST_G2"
"Human_Breast_Andersson_10142021_ST_G2_14x9",0.100796028008164,0.0675229601614605,0.0535291433943857,0.0202101981968725,0.0306782408711915,0.0663415413469264,0.114960699014918,0.36246960856162,0.183491580444461,"Human_Breast_Andersson_10142021_ST_G2"
"Human_Breast_Andersson_10142021_ST_G2_15x10",0.091198857122783,0.0811393986212211,0.0170968904046578,0.0167190009088189,0.0284622320122554,0.0871950127817486,0.244108893802458,0.0610355763789327,0.373044137967125,"Human_Breast_Andersson_10142021_ST_G2"
"Human_Breast_Andersson_10142021_ST_G2_15x11",0.0932358314326417,0.0703367619800698,0.0225667080374827,0.0372885648555924,0.0495885340153697,0.136927582284194,0.117716208109611,0.0947125531131711,0.377627256171867,"Human_Breast_Andersson_10142021_ST_G2"
"Human_Breast_Andersson_10142021_ST_G2_15x12",0.159492616752832,0.124172601454917,0.0665893822452626,0.0356326198498306,0.0330415021574162,0.141723563240511,0.091589342909073,0.1079821309377,0.239776240452458,"Human_Breast_Andersson_10142021_ST_G2"
"Human_Breast_Andersson_10142021_ST_G2_15x13",0.122597404209043,0.086466138991155,0.0916514333827412,0.0241277297157893,0.0483522028960446,0.0524304994416221,0.0473088981988758,0.454843975599181,0.0722217175655481,"Human_Breast_Andersson_10142021_ST_G2"
"Human_Breast_Andersson_10142021_ST_G2_15x14",0.189757190747137,0.179661462719209,0.0635369634438921,0.0570074756837505,0.0244229458371766,0.0511940898232285,0.0163991914360591,0.396802964903995,0.0212177154055522,"Human_Breast_Andersson_10142021_ST_G2"
"Human_Breast_Andersson_10142021_ST_G2_15x15",0.32652503537722,0.237911056921633,0.0539628067489963,0.10291676289234,0.0252705207036641,0.0852688738467504,0.0185378716836544,0.0963820305379174,0.0532250412878242,"Human_Breast_Andersson_10142021_ST_G2"
"Human_Breast_Andersson_10142021_ST_G2_15x16",0.0620867644142114,0.152409957412025,0.0219239748717147,0.10824125375031,0.0477055781313265,0.0893845758101611,0.123644932918822,0.280811131180543,0.113791831510887,"Human_Breast_Andersson_10142021_ST_G2"
"Human_Breast_Andersson_10142021_ST_G2_15x17",0.0627631174548226,0.192732482539771,0.114358762100572,0.0139164792214883,0.0483570928089802,0.167930635703452,0.0701150957559528,0.158930868195243,0.170895466219718,"Human_Breast_Andersson_10142021_ST_G2"
"Human_Breast_Andersson_10142021_ST_G2_15x18",0.100192112425824,0.224563786858521,0.117313964182236,0.0209627967830459,0.0665806255960963,0.190588058025313,0.0729514369936555,0.0362335402108697,0.170613678924439,"Human_Breast_Andersson_10142021_ST_G2"
"Human_Breast_Andersson_10142021_ST_G2_15x19",0.122017885282393,0.165118753548458,0.0367870612416755,0.0247623977082572,0.0562627812038566,0.131011526058971,0.134878677030612,0.0869186663359604,0.242242251589817,"Human_Breast_Andersson_10142021_ST_G2"
"Human_Breast_Andersson_10142021_ST_G2_15x20",0.0418700423418488,0.134798822832743,0.127825555125428,0.0690871781396798,0.0960282458960942,0.138988242218064,0.0230411558104188,0.310084655378305,0.0582761022574183,"Human_Breast_Andersson_10142021_ST_G2"
"Human_Breast_Andersson_10142021_ST_G2_15x21",0.17630509209714,0.123711184621746,0.175053246236586,0.0252150769508452,0.0408878678993973,0.120509012999635,0.0404933232652998,0.236913615912987,0.0609115800163633,"Human_Breast_Andersson_10142021_ST_G2"
"Human_Breast_Andersson_10142021_ST_G2_15x22",0.0989926775378583,0.155614428646107,0.0312028879035371,0.0346298617966563,0.0667405757918065,0.114640503106188,0.166826950018038,0.113579641856253,0.217772473343556,"Human_Breast_Andersson_10142021_ST_G2"
"Human_Breast_Andersson_10142021_ST_G2_15x23",0.200508487539285,0.126091768147993,0.0982367408735317,0.0322052554738698,0.0553565120479719,0.146240501771633,0.138296919066973,0.0582424253798913,0.144821389698852,"Human_Breast_Andersson_10142021_ST_G2"
"Human_Breast_Andersson_10142021_ST_G2_15x24",0.119169279928013,0.222586473531556,0.081951334081991,0.0326742645682643,0.041967552346775,0.0953482193748351,0.0981230332328321,0.143036190582453,0.16514365235328,"Human_Breast_Andersson_10142021_ST_G2"
"Human_Breast_Andersson_10142021_ST_G2_15x25",0.2987828758347,0.191541606120899,0.264680197834383,0.0125312106260442,0.014393785859239,0.0374319319674757,0.018136213383336,0.130635332403455,0.0318668459704687,"Human_Breast_Andersson_10142021_ST_G2"
"Human_Breast_Andersson_10142021_ST_G2_15x6",0.171810717034643,0.146910604517898,0.0589635954234742,0.0139330780287398,0.016960761964894,0.0805334882689671,0.0794071700108194,0.32293110523753,0.108549479513035,"Human_Breast_Andersson_10142021_ST_G2"
"Human_Breast_Andersson_10142021_ST_G2_15x7",0.0867720771527179,0.090869807525678,0.0683772704584381,0.0264131901200819,0.0227548294387959,0.0926971660276734,0.0583363169140891,0.411105834801958,0.142673507560568,"Human_Breast_Andersson_10142021_ST_G2"
"Human_Breast_Andersson_10142021_ST_G2_15x9",0.0931432990442482,0.0385832743847895,0.0254144724303116,0.00722055517385493,0.0157917429776921,0.128679054564493,0.308473260260924,0.0948613806891372,0.28783296047455,"Human_Breast_Andersson_10142021_ST_G2"
"Human_Breast_Andersson_10142021_ST_G2_16x10",0.138761639974304,0.0394566236779436,0.0151874163998778,0.00412193871056979,0.0093411162768303,0.109425011610111,0.310027798633931,0.0958875665280094,0.277790888188423,"Human_Breast_Andersson_10142021_ST_G2"
"Human_Breast_Andersson_10142021_ST_G2_16x11",0.0893117648196142,0.0933993908161576,0.0400663132898286,0.0668083159199747,0.0541332158115578,0.0904288498145259,0.155207176680804,0.147005166519374,0.263639806328163,"Human_Breast_Andersson_10142021_ST_G2"
"Human_Breast_Andersson_10142021_ST_G2_16x12",0.251982964386412,0.182478727942985,0.0386852950096656,0.0593681528471022,0.0504029950693151,0.147585397615103,0.0865542282466352,0.0633468997264948,0.119595339156286,"Human_Breast_Andersson_10142021_ST_G2"
"Human_Breast_Andersson_10142021_ST_G2_16x13",0.168372016316357,0.130350751885856,0.176465567664404,0.0111866782797393,0.00686498042935911,0.0410486400448822,0.139501538087237,0.238531368203817,0.0876784590883482,"Human_Breast_Andersson_10142021_ST_G2"
"Human_Breast_Andersson_10142021_ST_G2_16x14",0.123384820286118,0.136547987084972,0.464320294448762,0.00211505624128641,0.0188057570032039,0.0392156514802373,0.0299732295251436,0.0356761855181376,0.149961018412139,"Human_Breast_Andersson_10142021_ST_G2"
"Human_Breast_Andersson_10142021_ST_G2_16x15",0.121703334706011,0.116216712565242,0.12234292364162,0.177352949295278,0.0388746754190543,0.017747007799558,0.1922807246021,0.0862091061494877,0.12727256582165,"Human_Breast_Andersson_10142021_ST_G2"
"Human_Breast_Andersson_10142021_ST_G2_16x16",0.299482411884086,0.0937302556679137,0.0875923246047071,0.0512842347583922,0.0682929703289072,0.168767714688387,0.112539862486707,0.0202449597463724,0.0980652658345273,"Human_Breast_Andersson_10142021_ST_G2"
"Human_Breast_Andersson_10142021_ST_G2_16x17",0.0512114886599361,0.177181508812779,0.276369513499739,0.0133992066348184,0.0825269720421124,0.179423371625889,0.108456167511353,0.049191256555031,0.0622405146583435,"Human_Breast_Andersson_10142021_ST_G2"
"Human_Breast_Andersson_10142021_ST_G2_16x18",0.0741395880263953,0.17842607901309,0.165508192642005,0.0239509330868646,0.0270858110502117,0.149168557668667,0.0938938516746619,0.176101662492485,0.111725324345619,"Human_Breast_Andersson_10142021_ST_G2"
"Human_Breast_Andersson_10142021_ST_G2_16x19",0.18396816265385,0.107927586896789,0.0585639207335837,0.0301585307870241,0.0339361073259123,0.121658608281582,0.189704457133992,0.0359843125704707,0.238098313616797,"Human_Breast_Andersson_10142021_ST_G2"
"Human_Breast_Andersson_10142021_ST_G2_16x20",0.225157201619326,0.133883068818087,0.058771383255352,0.0275969006414186,0.0540576887886365,0.132523583986997,0.106133296187659,0.0740227807431604,0.187854095959364,"Human_Breast_Andersson_10142021_ST_G2"
"Human_Breast_Andersson_10142021_ST_G2_16x21",0.182526637089328,0.113677538796303,0.0985995149074225,0.0778619526958322,0.0472459024800734,0.0793516692761752,0.0670103803068242,0.161002025771214,0.172724378676827,"Human_Breast_Andersson_10142021_ST_G2"
"Human_Breast_Andersson_10142021_ST_G2_16x22",0.110577642240168,0.20550794165972,0.0755551923998652,0.0480355369020683,0.0331560242288764,0.113849552776737,0.085480368183555,0.13121004198239,0.19662769962662,"Human_Breast_Andersson_10142021_ST_G2"
"Human_Breast_Andersson_10142021_ST_G2_16x23",0.133571583419882,0.17773671041948,0.127367882789553,0.0519373952374897,0.0165539781629236,0.071437077648774,0.0701903225139071,0.2061273224281,0.14507772737989,"Human_Breast_Andersson_10142021_ST_G2"
"Human_Breast_Andersson_10142021_ST_G2_16x24",0.0585740811275422,0.353121839881989,0.205449040763585,0.0244137277803844,0.0126649430139779,0.0617277593061188,0.0307064732259818,0.0826534078969576,0.170688727003463,"Human_Breast_Andersson_10142021_ST_G2"
"Human_Breast_Andersson_10142021_ST_G2_16x25",0.119920562984515,0.183746580800061,0.267089338217282,0.0209862040393151,0.0323915137176018,0.10332653862983,0.0675499475039369,0.108565000317791,0.0964243137896673,"Human_Breast_Andersson_10142021_ST_G2"
"Human_Breast_Andersson_10142021_ST_G2_16x6",0.145430212753622,0.129189672393879,0.133415074231076,0.0600907782472336,0.038347048360076,0.125592682679642,0.0497093425481152,0.140196735137257,0.178028453649099,"Human_Breast_Andersson_10142021_ST_G2"
"Human_Breast_Andersson_10142021_ST_G2_16x7",0.150360288697464,0.13218325217641,0.0552232144796271,0.0272865594247273,0.0355731605850594,0.101169842089667,0.0268219448658989,0.33073303493985,0.140648702741297,"Human_Breast_Andersson_10142021_ST_G2"
"Human_Breast_Andersson_10142021_ST_G2_16x8",0.150318052835064,0.0945300784883733,0.0925072780921706,0.0312285634948459,0.0819855118175279,0.0620848315469092,0.108719102338291,0.223627115530017,0.154999465856801,"Human_Breast_Andersson_10142021_ST_G2"
"Human_Breast_Andersson_10142021_ST_G2_16x9",0.0808874714683591,0.0310371288627816,0.0149370468210037,0.00454489658775703,0.0113509785977553,0.0731405739672234,0.321696519331671,0.175104441197844,0.287300943165605,"Human_Breast_Andersson_10142021_ST_G2"
"Human_Breast_Andersson_10142021_ST_G2_17x10",0.126207458445187,0.101126358552596,0.0783222818111299,0.0379883113473007,0.0588899268379217,0.160355956742694,0.100900859621809,0.157951896446051,0.178256950195311,"Human_Breast_Andersson_10142021_ST_G2"
"Human_Breast_Andersson_10142021_ST_G2_17x11",0.192003197618709,0.26662986786812,0.0905569989445673,0.055498694706986,0.072064179656971,0.229771942743328,0.044942690347619,0.00868162477456064,0.0398508033391383,"Human_Breast_Andersson_10142021_ST_G2"
"Human_Breast_Andersson_10142021_ST_G2_17x12",0.215434422927177,0.186403877264547,0.0626872343097958,0.00692435547272975,0.0674748029590959,0.0838133634485736,0.0690530635031903,0.0593705584450735,0.248838321669817,"Human_Breast_Andersson_10142021_ST_G2"
"Human_Breast_Andersson_10142021_ST_G2_17x13",0.274123811226098,0.137173963346469,0.192604606189724,0.00415064552871955,0.0119488905448344,0.134981913801218,0.0148800594934926,0.151050068486615,0.0790860413828297,"Human_Breast_Andersson_10142021_ST_G2"
"Human_Breast_Andersson_10142021_ST_G2_17x14",0.0849268105512389,0.210829451159417,0.088405462275024,0.091857516138225,0.109250330957699,0.251272471935871,0.0498403417640012,0.00540140872373209,0.108216206494793,"Human_Breast_Andersson_10142021_ST_G2"
"Human_Breast_Andersson_10142021_ST_G2_17x15",0.231087699563409,0.211238099936172,0.198976444412342,0.0654643870588449,0.049735941200316,0.0659066145442827,0.0272687502627014,0.0374628468548301,0.112859216167102,"Human_Breast_Andersson_10142021_ST_G2"
"Human_Breast_Andersson_10142021_ST_G2_17x16",0.300003821733358,0.228002480647851,0.0354583653617262,0.0123972976623418,0.0825653772551872,0.156201502959563,0.0755733000876343,0.0545158693799477,0.0552819849123904,"Human_Breast_Andersson_10142021_ST_G2"
"Human_Breast_Andersson_10142021_ST_G2_17x17",0.144783486636043,0.176201996586235,0.157490231074572,0.0265789049802633,0.0897744078450923,0.16746251220933,0.0841481032586188,0.0680522531632183,0.0855081042466268,"Human_Breast_Andersson_10142021_ST_G2"
"Human_Breast_Andersson_10142021_ST_G2_17x18",0.263626574326214,0.194151232774753,0.118705905839657,0.00871322152673919,0.0476395360155311,0.142314919499999,0.115245887740694,0.027392046812582,0.0822106754638305,"Human_Breast_Andersson_10142021_ST_G2"
"Human_Breast_Andersson_10142021_ST_G2_17x19",0.15296361832117,0.0873684579545944,0.023350917838148,0.0273263029001682,0.0372839207437336,0.0684198059384992,0.148025036455856,0.161474676802816,0.293787263045015,"Human_Breast_Andersson_10142021_ST_G2"
"Human_Breast_Andersson_10142021_ST_G2_17x20",0.072818670422139,0.177179563696621,0.0923453298834265,0.0225903580405203,0.0367465514498696,0.115748430281235,0.130304317503519,0.104984537649466,0.247282241073205,"Human_Breast_Andersson_10142021_ST_G2"
"Human_Breast_Andersson_10142021_ST_G2_17x21",0.172547451709532,0.142049088660773,0.0489862608828682,0.0172246098666086,0.0761335139899272,0.127045966983293,0.107550084636596,0.0877804628947143,0.220682560375688,"Human_Breast_Andersson_10142021_ST_G2"
"Human_Breast_Andersson_10142021_ST_G2_17x22",0.150504883949698,0.153095720801563,0.0753296250835486,0.0441776255277503,0.0618954540398586,0.0968919133167654,0.119928234276101,0.11970536917143,0.178471173833286,"Human_Breast_Andersson_10142021_ST_G2"
"Human_Breast_Andersson_10142021_ST_G2_17x23",0.137601180284806,0.182392328174181,0.0776634359532603,0.0288577474218934,0.0295966945368165,0.0814897796927152,0.0905209555629736,0.215312182627134,0.15656569574622,"Human_Breast_Andersson_10142021_ST_G2"
"Human_Breast_Andersson_10142021_ST_G2_17x24",0.0712660948492723,0.239873094302088,0.194796946138895,0.0123942072333046,0.0449489651019376,0.112058865620962,0.0809426462789444,0.10858110803363,0.135138072440966,"Human_Breast_Andersson_10142021_ST_G2"
"Human_Breast_Andersson_10142021_ST_G2_17x25",0.12038148091042,0.17866196954507,0.198195707120766,0.0132695332920524,0.0151279283743163,0.0625346343052919,0.0301475479128433,0.30108043116169,0.0806007673775498,"Human_Breast_Andersson_10142021_ST_G2"
"Human_Breast_Andersson_10142021_ST_G2_17x6",0.147243057951658,0.086278773097739,0.0175507230063615,0.0134485890293311,0.032094535000665,0.0559004590564358,0.0968690565809863,0.523898613963666,0.026716192313157,"Human_Breast_Andersson_10142021_ST_G2"
"Human_Breast_Andersson_10142021_ST_G2_17x7",0.124904558163511,0.0590617714127966,0.107498733221669,0.0884094074453391,0.0281806141773512,0.130373891770097,0.0377763596567191,0.313347188815963,0.110447475336554,"Human_Breast_Andersson_10142021_ST_G2"
"Human_Breast_Andersson_10142021_ST_G2_17x8",0.134477017665681,0.0544047052962208,0.0387011697920178,0.0248821117831028,0.0286666153440566,0.114936838485861,0.152698802762651,0.148148646497197,0.303084092373211,"Human_Breast_Andersson_10142021_ST_G2"
"Human_Breast_Andersson_10142021_ST_G2_17x9",0.107053965102231,0.0528292428490126,0.0508610027382577,0.0175482614838989,0.0488888339697547,0.118378686035475,0.204950676630539,0.154981133964227,0.244508197226604,"Human_Breast_Andersson_10142021_ST_G2"
"Human_Breast_Andersson_10142021_ST_G2_18x10",0.102204758833621,0.124830057100565,0.0565705537638849,0.0434390600792315,0.0128963621585588,0.0971862179852044,0.0322663824871663,0.479584383715345,0.051022223876423,"Human_Breast_Andersson_10142021_ST_G2"
"Human_Breast_Andersson_10142021_ST_G2_18x11",0.235515920167044,0.167939709651847,0.147465507291456,0.0040462519269519,0.00470377327907633,0.0360714652074077,0.035430299847192,0.28191980547342,0.0869072671556062,"Human_Breast_Andersson_10142021_ST_G2"
"Human_Breast_Andersson_10142021_ST_G2_18x12",0.15342429873197,0.180170860164826,0.0674168949447714,0.00867000205294429,0.0387539458832925,0.117767016785451,0.0412775242634416,0.261909162312228,0.130610294861076,"Human_Breast_Andersson_10142021_ST_G2"
