"","Endothelial","CAFs","PVL","B-cells","T-cells","Myeloid","Normal Epithelial","Plasmablasts","Cancer Epithelial","sid"
"Human_Breast_Andersson_10142021_ST_A4_10x11",0.275735659207491,0.164463573594687,0.0809197688853465,0.00985513224121043,0.00819979006354039,0.0179976370145931,0.00624819543441596,0.0442301408052053,0.39235010275351,"Human_Breast_Andersson_10142021_ST_A4"
"Human_Breast_Andersson_10142021_ST_A4_10x12",0.0523085829868802,0.0720601809247643,0.0134302501991696,0.0137424420958978,0.0124937540468406,0.0099041105246849,0.0124063731424583,0.143790438830847,0.669863867248458,"Human_Breast_Andersson_10142021_ST_A4"
"Human_Breast_Andersson_10142021_ST_A4_10x13",0.0558937516575835,0.0481159236912946,0.0243472630909007,0.0134992650414773,0.0138844046602051,0.0206017323793742,0.0132074397467241,0.0657151247920198,0.744735094940421,"Human_Breast_Andersson_10142021_ST_A4"
"Human_Breast_Andersson_10142021_ST_A4_10x14",0.0275229901274849,0.0211471237894552,0.00932358068323456,0.0102484764791111,0.00907000960530042,0.0225018709156876,0.00748354846911903,0.0338581055547608,0.858844294375847,"Human_Breast_Andersson_10142021_ST_A4"
"Human_Breast_Andersson_10142021_ST_A4_10x15",0.0430887560530633,0.0302273760551996,0.00790712766101161,0.00426180974890598,0.0141243478448026,0.0175201416272157,0.0195214229177016,0.0341883780453171,0.829160640046783,"Human_Breast_Andersson_10142021_ST_A4"
"Human_Breast_Andersson_10142021_ST_A4_10x16",0.0447005491647335,0.0386976917631991,0.00700911829663841,0.00556828875143198,0.00477028262473852,0.00448258518083943,0.0140720860457363,0.0595873465341822,0.8211120516385,"Human_Breast_Andersson_10142021_ST_A4"
"Human_Breast_Andersson_10142021_ST_A4_10x17",0.0364216503540989,0.08152357576982,0.00779535958952298,0.0112035434257721,0.0119000056739043,0.0288396201675783,0.0089259970872902,0.101215033871514,0.7121752140605,"Human_Breast_Andersson_10142021_ST_A4"
"Human_Breast_Andersson_10142021_ST_A4_10x18",0.0650412172904656,0.0940630752898955,0.0136557070267444,0.00543197470822079,0.010955958194378,0.0407739602875181,0.00625644708139312,0.0650395679976618,0.698782092123723,"Human_Breast_Andersson_10142021_ST_A4"
"Human_Breast_Andersson_10142021_ST_A4_10x19",0.0172630924211382,0.0267937287619032,0.0139448507755134,0.00560303636963936,0.0104804599259281,0.0156391899127974,0.0177335846435067,0.0349384228662581,0.857603634323316,"Human_Breast_Andersson_10142021_ST_A4"
"Human_Breast_Andersson_10142021_ST_A4_10x20",0.0319447243028999,0.0721466655260034,0.0147993647192253,0.0163856279346738,0.0251316954212761,0.00908448413398357,0.00724177172378197,0.0641489886828973,0.759116677555259,"Human_Breast_Andersson_10142021_ST_A4"
"Human_Breast_Andersson_10142021_ST_A4_10x21",0.0676954080214063,0.0327210961098746,0.0151083107877451,0.0163015783425318,0.0234365087237851,0.023260527154053,0.0113236807156227,0.0780960976645858,0.732056792480395,"Human_Breast_Andersson_10142021_ST_A4"
"Human_Breast_Andersson_10142021_ST_A4_10x22",0.0383836356001748,0.0223926675903956,0.00593367958327686,0.00988418612600629,0.0163351457414914,0.00860005251995731,0.0113578396931243,0.0752838255517383,0.811828967593835,"Human_Breast_Andersson_10142021_ST_A4"
"Human_Breast_Andersson_10142021_ST_A4_10x23",0.0370219249062373,0.0593443632445464,0.0254613514420285,0.0136079727667217,0.00552749307135393,0.0258985555822761,0.0132407549001884,0.0365510440383616,0.783346540048286,"Human_Breast_Andersson_10142021_ST_A4"
"Human_Breast_Andersson_10142021_ST_A4_10x24",0.159571536506335,0.110158743121364,0.0290721708420581,0.0117921156843376,0.0159434098935046,0.0699436789100568,0.00864468709974762,0.07192058186414,0.522953076078457,"Human_Breast_Andersson_10142021_ST_A4"
"Human_Breast_Andersson_10142021_ST_A4_10x25",0.105107367025745,0.0725268289440083,0.0212230593765509,0.00469063429562579,0.0107380149511773,0.0496153503673005,0.0114155825311452,0.0779321891120587,0.646750973396389,"Human_Breast_Andersson_10142021_ST_A4"
"Human_Breast_Andersson_10142021_ST_A4_10x26",0.037412140002485,0.02499162072207,0.0088279128211561,0.00345611226084837,0.00839128879854671,0.0199472867722625,0.00262993281176153,0.130719960362264,0.763623745448605,"Human_Breast_Andersson_10142021_ST_A4"
"Human_Breast_Andersson_10142021_ST_A4_11x11",0.0534264020540068,0.118879590437495,0.0212213587361233,0.0053517175550996,0.0136069397565398,0.0318393955734848,0.00433421401885658,0.169198512548373,0.582141869320021,"Human_Breast_Andersson_10142021_ST_A4"
"Human_Breast_Andersson_10142021_ST_A4_11x12",0.0555265740962014,0.0480470056699549,0.0150326683999346,0.00814578853812585,0.00742561236674669,0.0188789160129682,0.0163836168021591,0.108263665184451,0.722296152929458,"Human_Breast_Andersson_10142021_ST_A4"
"Human_Breast_Andersson_10142021_ST_A4_11x13",0.0753987851072236,0.0370838553216843,0.0211432563264146,0.0121594929730145,0.0273540414219764,0.0345578680509389,0.0396328109774603,0.0553844966171413,0.697285393204146,"Human_Breast_Andersson_10142021_ST_A4"
"Human_Breast_Andersson_10142021_ST_A4_11x14",0.0405128203918095,0.0767827293484705,0.00622296192943887,0.0112245649052545,0.0156154153207572,0.0204993031795379,0.00857583799529632,0.0686634408174755,0.75190292611196,"Human_Breast_Andersson_10142021_ST_A4"
"Human_Breast_Andersson_10142021_ST_A4_11x15",0.0418822406946061,0.0697280604541033,0.0159425258008286,0.0080633436613261,0.0136545368765059,0.0103124125408106,0.0154526177924793,0.0975444865652403,0.7274197756141,"Human_Breast_Andersson_10142021_ST_A4"
"Human_Breast_Andersson_10142021_ST_A4_11x18",0.0252133038658072,0.0952357527922994,0.00779422210952425,0.00360356691122874,0.0143328960917988,0.0393355189617498,0.00520414484405614,0.101252262373719,0.708028332049816,"Human_Breast_Andersson_10142021_ST_A4"
"Human_Breast_Andersson_10142021_ST_A4_11x19",0.0227940374590518,0.0645588861323971,0.0090248443321535,0.002391198146055,0.00873314082216329,0.0124595190003166,0.0078065174596509,0.102084155467594,0.770147701180618,"Human_Breast_Andersson_10142021_ST_A4"
"Human_Breast_Andersson_10142021_ST_A4_11x20",0.0739411929370725,0.0562569567613148,0.0263684394548648,0.0151465497325713,0.0133627937575256,0.0266106096887666,0.00913796199597273,0.10224979037908,0.676925705292832,"Human_Breast_Andersson_10142021_ST_A4"
"Human_Breast_Andersson_10142021_ST_A4_11x21",0.0823933674116186,0.0756072813051514,0.0504099386015863,0.0132613022217051,0.0191731665526491,0.0215257191056648,0.00890815872204581,0.192621799808007,0.536099266271572,"Human_Breast_Andersson_10142021_ST_A4"
"Human_Breast_Andersson_10142021_ST_A4_11x22",0.0188174539703307,0.0161790809564694,0.00261274116098881,0.00149057743056964,0.0033122567454411,0.00143823741091859,0.00734774560968197,0.119300748196989,0.82950115851861,"Human_Breast_Andersson_10142021_ST_A4"
"Human_Breast_Andersson_10142021_ST_A4_11x23",0.0497568531023442,0.0593796299558404,0.0175263866801176,0.0200998428335658,0.0103897033700921,0.0389301915163515,0.0136999517580938,0.392482182094591,0.397735258689004,"Human_Breast_Andersson_10142021_ST_A4"
"Human_Breast_Andersson_10142021_ST_A4_11x24",0.0714800814683974,0.0617839755875802,0.0136989912465449,0.0169094852331403,0.011539768057325,0.0764335150773174,0.0128881312113039,0.171706490448611,0.563559561669779,"Human_Breast_Andersson_10142021_ST_A4"
"Human_Breast_Andersson_10142021_ST_A4_11x25",0.0464282961472712,0.0411138208305919,0.0147834199747716,0.00880982114236017,0.00660316799518233,0.00805936913497893,0.00625630017468278,0.136859832395116,0.731085972205045,"Human_Breast_Andersson_10142021_ST_A4"
"Human_Breast_Andersson_10142021_ST_A4_11x26",0.0300374791374466,0.0284418137852147,0.014615841009121,0.0523766199164668,0.0235035283142633,0.0166395479833373,0.0464466556364278,0.0780312222810148,0.709907291936708,"Human_Breast_Andersson_10142021_ST_A4"
"Human_Breast_Andersson_10142021_ST_A4_12x10",0.0453471715786638,0.0587315230981003,0.0124751031219301,0.00967993630182411,0.0111571871859866,0.0184666672713831,0.0180664082687075,0.0583765578001645,0.76769944537324,"Human_Breast_Andersson_10142021_ST_A4"
"Human_Breast_Andersson_10142021_ST_A4_12x11",0.0545330730802286,0.0540338008440955,0.0243401331474069,0.00716861251243999,0.011398071408877,0.0149742315219186,0.00832734226866826,0.116059208114328,0.709165527102038,"Human_Breast_Andersson_10142021_ST_A4"
"Human_Breast_Andersson_10142021_ST_A4_12x12",0.120149217617623,0.188964193116758,0.0192468628661802,0.00358088455114542,0.00490115774035839,0.0120290436139409,0.00740369798483902,0.110761731070982,0.532963211438173,"Human_Breast_Andersson_10142021_ST_A4"
"Human_Breast_Andersson_10142021_ST_A4_12x13",0.055341635243729,0.0575612628245245,0.0156681584797262,0.0019584739082667,0.0051990892380087,0.0118457552345833,0.00976655667226953,0.20718877471888,0.635470293680013,"Human_Breast_Andersson_10142021_ST_A4"
"Human_Breast_Andersson_10142021_ST_A4_12x14",0.0149271761654087,0.0643004068850753,0.00684130089888765,0.010173403524611,0.00899275748267457,0.00644413439879676,0.00519853025169573,0.170541975383435,0.712580315009415,"Human_Breast_Andersson_10142021_ST_A4"
"Human_Breast_Andersson_10142021_ST_A4_12x15",0.0249175023644365,0.0645074889166501,0.0174675725778123,0.00678038340483186,0.00946810567431779,0.0891908181867345,0.009977111367602,0.02099491459578,0.756696102911835,"Human_Breast_Andersson_10142021_ST_A4"
"Human_Breast_Andersson_10142021_ST_A4_12x16",0.0337956207144824,0.0797468036515201,0.0179980550252088,0.0115381255633313,0.0201784652682163,0.0508618284644975,0.00637303452769901,0.124953846844905,0.654554219940139,"Human_Breast_Andersson_10142021_ST_A4"
"Human_Breast_Andersson_10142021_ST_A4_12x17",0.0747660431468915,0.0953611773573171,0.0182950153804501,0.0230276008409547,0.0147748848284198,0.057149472194911,0.012371409835557,0.0733894597694592,0.63086493664604,"Human_Breast_Andersson_10142021_ST_A4"
"Human_Breast_Andersson_10142021_ST_A4_12x18",0.0477455329545694,0.0766084383652667,0.0232720552398049,0.00260516970714721,0.00668485272668863,0.0212853208049394,0.00221920662373545,0.150747792511181,0.668831631066667,"Human_Breast_Andersson_10142021_ST_A4"
"Human_Breast_Andersson_10142021_ST_A4_12x19",0.0678859680722636,0.0717622209771855,0.0122009350562246,0.0229999280088921,0.0291461086020944,0.0136151800515373,0.00634804076638522,0.162482993178307,0.61355862528711,"Human_Breast_Andersson_10142021_ST_A4"
"Human_Breast_Andersson_10142021_ST_A4_12x20",0.0350928899398817,0.0486062304824163,0.011956604102159,0.00509965898388727,0.00779799209935944,0.01129561151455,0.00423021754774441,0.0030497908853805,0.872871004444621,"Human_Breast_Andersson_10142021_ST_A4"
"Human_Breast_Andersson_10142021_ST_A4_12x21",0.0287306709789428,0.106265177133476,0.0117936671332532,0.00364142268890357,0.00712677645329693,0.0235471896552372,0.0120643909915235,0.055958570729068,0.750872134236299,"Human_Breast_Andersson_10142021_ST_A4"
"Human_Breast_Andersson_10142021_ST_A4_12x22",0.0424576651769083,0.0201780103553219,0.0130577406514402,0.00796471103068341,0.00959087837439016,0.0130423991421622,0.0109059634133088,0.115415104903378,0.767387526952407,"Human_Breast_Andersson_10142021_ST_A4"
"Human_Breast_Andersson_10142021_ST_A4_12x23",0.0845295084676036,0.0288821478187174,0.0247417590543505,0.0165306422640605,0.0143305828518604,0.029422247434737,0.0113792913016789,0.13751351981283,0.652670300994162,"Human_Breast_Andersson_10142021_ST_A4"
"Human_Breast_Andersson_10142021_ST_A4_12x24",0.0501993785222808,0.0702535431674211,0.0656145901757948,0.0173178156409936,0.0235252776374669,0.0158456805610137,0.0252365163723955,0.0382627435969923,0.693744454325641,"Human_Breast_Andersson_10142021_ST_A4"
"Human_Breast_Andersson_10142021_ST_A4_12x25",0.0089947036175958,0.0281189802215152,0.00615271540742784,0.00514676222913048,0.00360997186187275,0.00387076646307678,0.00492583010267482,0.124619722105628,0.814560547991078,"Human_Breast_Andersson_10142021_ST_A4"
"Human_Breast_Andersson_10142021_ST_A4_12x26",0.0411333882968039,0.026214470320194,0.0157317548398243,0.0344158858512793,0.0215019078087159,0.0366711036384103,0.011472121729121,0.262864468328442,0.549994899187209,"Human_Breast_Andersson_10142021_ST_A4"
"Human_Breast_Andersson_10142021_ST_A4_13x10",0.0830413987461573,0.0832498715904267,0.0660553397746064,0.0160423366946043,0.0111090897429732,0.0302640945517573,0.0116468570737912,0.0715459559564745,0.627045055869209,"Human_Breast_Andersson_10142021_ST_A4"
"Human_Breast_Andersson_10142021_ST_A4_13x11",0.126337949960371,0.121894631665723,0.055162769894492,0.0225221000148906,0.0128626570377888,0.0473154473974975,0.027412851035637,0.0541553808444549,0.532336212149146,"Human_Breast_Andersson_10142021_ST_A4"
"Human_Breast_Andersson_10142021_ST_A4_13x12",0.131200158593067,0.155428815591978,0.0555791716675971,0.0051297195802175,0.00908110551024084,0.0542210851883486,0.00646271847252503,0.0753519925052961,0.50754523289073,"Human_Breast_Andersson_10142021_ST_A4"
"Human_Breast_Andersson_10142021_ST_A4_13x13",0.0284323433515589,0.0899266806764481,0.0197126671728453,0.00390590264761438,0.00394827467067421,0.00939335621234741,0.00929013648908937,0.214743911066713,0.62064672771271,"Human_Breast_Andersson_10142021_ST_A4"
"Human_Breast_Andersson_10142021_ST_A4_13x14",0.0528947205128012,0.12085968019278,0.0303389822985549,0.00297790370563282,0.00717365788329609,0.0145188134293976,0.00430628710678727,0.28560767920526,0.48132227566549,"Human_Breast_Andersson_10142021_ST_A4"
"Human_Breast_Andersson_10142021_ST_A4_13x15",0.0533263931763201,0.0803948686014984,0.0309367021162819,0.0089904168792804,0.00746132591838097,0.0183998314207667,0.00825516881247914,0.0660197154347567,0.726215577640236,"Human_Breast_Andersson_10142021_ST_A4"
"Human_Breast_Andersson_10142021_ST_A4_13x16",0.0400516975733657,0.0504523830030607,0.0170811910163836,0.00607413902648356,0.0219670576037445,0.0199221938161146,0.00793588344999461,0.107971091059731,0.728544363451122,"Human_Breast_Andersson_10142021_ST_A4"
"Human_Breast_Andersson_10142021_ST_A4_13x17",0.0242491700493413,0.0627915122122214,0.00914629579247079,0.00472742704404591,0.00537800192235808,0.0179742728927363,0.00438186309314885,0.0753540940342657,0.795997362959412,"Human_Breast_Andersson_10142021_ST_A4"
"Human_Breast_Andersson_10142021_ST_A4_13x18",0.0855692758208507,0.0928285370529725,0.0317056976350944,0.0133380658891133,0.0530449424237832,0.0248896217829079,0.00710057317552137,0.0697017801408252,0.621821506078931,"Human_Breast_Andersson_10142021_ST_A4"
"Human_Breast_Andersson_10142021_ST_A4_13x19",0.110723832813838,0.147419368979964,0.0354760373839931,0.00942586692251375,0.015390376895858,0.0148960344522446,0.0123006082598669,0.0156598016250737,0.638708072666648,"Human_Breast_Andersson_10142021_ST_A4"
"Human_Breast_Andersson_10142021_ST_A4_13x20",0.052769127297613,0.0669979856462439,0.0119077587625108,0.00941067772679317,0.00532573822568341,0.0184537069544126,0.0099513642549649,0.0827836951967102,0.742399945935068,"Human_Breast_Andersson_10142021_ST_A4"
"Human_Breast_Andersson_10142021_ST_A4_13x21",0.0230112298818871,0.0532376073802135,0.0084296650585043,0.00488342824532569,0.00434035620194149,0.00956055773115005,0.00470068961481955,0.279980408398407,0.611856057487751,"Human_Breast_Andersson_10142021_ST_A4"
"Human_Breast_Andersson_10142021_ST_A4_13x22",0.0275043918836562,0.029438794853495,0.00719160740741783,0.00263732113005569,0.00690672100241869,0.00332532963928285,0.0101443019441137,0.0806112401767092,0.832240291962851,"Human_Breast_Andersson_10142021_ST_A4"
"Human_Breast_Andersson_10142021_ST_A4_13x23",0.0578401137443792,0.0343888487418738,0.0145138571356708,0.0185009799337983,0.0258087126275519,0.0388129617345269,0.00276752769614811,0.0910862163128346,0.716280782073216,"Human_Breast_Andersson_10142021_ST_A4"
"Human_Breast_Andersson_10142021_ST_A4_13x24",0.033900653783338,0.0394149800063705,0.00867028980662259,0.0103838491936499,0.0206615809811589,0.00663480916247344,0.0165680625830702,0.205127029586843,0.658638744896473,"Human_Breast_Andersson_10142021_ST_A4"
"Human_Breast_Andersson_10142021_ST_A4_13x25",0.0386924939061211,0.0338759735553584,0.0149511165187755,0.00487809028861,0.00693471255721863,0.0129120463169482,0.00917899168289867,0.336611806071651,0.541964769102419,"Human_Breast_Andersson_10142021_ST_A4"
"Human_Breast_Andersson_10142021_ST_A4_13x26",0.0936967519903782,0.0435453749526845,0.0128217037736879,0.0154189949597312,0.012116560068289,0.0132632676978925,0.00542662509252642,0.0586373225740836,0.745073398890727,"Human_Breast_Andersson_10142021_ST_A4"
"Human_Breast_Andersson_10142021_ST_A4_14x10",0.0274140721452692,0.0437591244787516,0.0147776490737513,0.00909366581871239,0.0135413036470635,0.0123435337019048,0.0213173245977905,0.0394046118234765,0.81834871471328,"Human_Breast_Andersson_10142021_ST_A4"
"Human_Breast_Andersson_10142021_ST_A4_14x11",0.0301912231972807,0.0354885547879126,0.00742366109019817,0.00499451453178473,0.00592792607898865,0.00828815434792105,0.0138494656469714,0.305911575171606,0.587924925147337,"Human_Breast_Andersson_10142021_ST_A4"
"Human_Breast_Andersson_10142021_ST_A4_14x12",0.0311343971012095,0.0392660484458847,0.0112486721962904,0.00584744203224107,0.00491080129601155,0.0151261330859845,0.0127777822081334,0.143158260199984,0.736530463434261,"Human_Breast_Andersson_10142021_ST_A4"
"Human_Breast_Andersson_10142021_ST_A4_14x13",0.0159965538458142,0.0976253896988319,0.0257651980760067,0.00283015910272649,0.00420505689829582,0.0115696323141964,0.0204764584977581,0.0384811163808413,0.783050435185529,"Human_Breast_Andersson_10142021_ST_A4"
"Human_Breast_Andersson_10142021_ST_A4_14x14",0.0331502867807483,0.0412741334122812,0.00552536490605411,0.00675515386234573,0.00662993757073546,0.00860832905358119,0.00515242948946884,0.0761710336940727,0.816733331230712,"Human_Breast_Andersson_10142021_ST_A4"
"Human_Breast_Andersson_10142021_ST_A4_14x15",0.051684336071478,0.0774765332967891,0.0106284179112967,0.00600953013647667,0.00617995669896335,0.0155886938110308,0.00703552467461126,0.128021563104558,0.697375444294796,"Human_Breast_Andersson_10142021_ST_A4"
"Human_Breast_Andersson_10142021_ST_A4_14x16",0.119354785839256,0.104152597327734,0.0442083966310028,0.00718565950967605,0.0155481907696208,0.0318921198709863,0.0120610708087148,0.0749485414546989,0.59064863778831,"Human_Breast_Andersson_10142021_ST_A4"
"Human_Breast_Andersson_10142021_ST_A4_14x17",0.0610172925265564,0.0926585354358271,0.0118864974028309,0.00390598030864804,0.0103383188881914,0.0111375479729761,0.00927733981337086,0.0379261098586062,0.761852377792993,"Human_Breast_Andersson_10142021_ST_A4"
"Human_Breast_Andersson_10142021_ST_A4_14x18",0.043094610605651,0.042986541798151,0.0170782963451522,0.0132391262621838,0.0152532648704591,0.0169618790152971,0.00797773866500343,0.171427179325534,0.671981363112568,"Human_Breast_Andersson_10142021_ST_A4"
"Human_Breast_Andersson_10142021_ST_A4_14x19",0.0385224340779481,0.137625513650109,0.0174477643478995,0.00668433100019425,0.00344652627800425,0.0221103785293009,0.00212376097424985,0.0322102937017263,0.739828997440568,"Human_Breast_Andersson_10142021_ST_A4"
"Human_Breast_Andersson_10142021_ST_A4_14x20",0.0899728824058722,0.145394523482391,0.0160788118289298,0.0035623966213848,0.0112985517970302,0.0163540982272718,0.00467155330343674,0.198833112989329,0.513834069344354,"Human_Breast_Andersson_10142021_ST_A4"
"Human_Breast_Andersson_10142021_ST_A4_14x21",0.0362213433175935,0.0499175047999656,0.00879744373659187,0.00659676047039046,0.00983620577179497,0.0157158916789047,0.0118069817454732,0.0606098782996124,0.800497990179673,"Human_Breast_Andersson_10142021_ST_A4"
"Human_Breast_Andersson_10142021_ST_A4_14x22",0.0711838617000013,0.125848911363106,0.0306195839202139,0.00222209733985582,0.0050914357941487,0.0177520741612907,0.00338945046565382,0.0643751858400978,0.679517399415632,"Human_Breast_Andersson_10142021_ST_A4"
"Human_Breast_Andersson_10142021_ST_A4_14x23",0.0382697634331971,0.0441915897506253,0.0161926204212562,0.00925671140592483,0.0131496778073302,0.0149647233088185,0.00444148428902647,0.141656861717518,0.717876567866303,"Human_Breast_Andersson_10142021_ST_A4"
"Human_Breast_Andersson_10142021_ST_A4_14x24",0.0186117772261849,0.00740408294552007,0.00189812871374604,0.00612546382188968,0.0101173962916012,0.00632450363397236,0.00318133429062599,0.0140248807703292,0.932312432306131,"Human_Breast_Andersson_10142021_ST_A4"
"Human_Breast_Andersson_10142021_ST_A4_14x25",0.0190558603653019,0.0112338530173103,0.00370567427906872,0.00220699487773009,0.00203178228755345,0.00669204828245458,0.0068830858109161,0.297544899870651,0.650645801209013,"Human_Breast_Andersson_10142021_ST_A4"
"Human_Breast_Andersson_10142021_ST_A4_14x26",0.047986176463782,0.0659670537864733,0.0141137102900065,0.00769476873703188,0.0112685549749432,0.00961336949001071,0.0277959101409757,0.358126599014814,0.457433857101963,"Human_Breast_Andersson_10142021_ST_A4"
"Human_Breast_Andersson_10142021_ST_A4_15x10",0.0421906667413737,0.0488124325015101,0.0122496783847943,0.016994800740924,0.0240973327591291,0.0171361956291009,0.0240432417538746,0.173154746299801,0.641320905189493,"Human_Breast_Andersson_10142021_ST_A4"
"Human_Breast_Andersson_10142021_ST_A4_15x11",0.0599486974912972,0.0320214243907896,0.0195964680040396,0.00336271695055619,0.0092446618416884,0.0154784248852119,0.00898277414496307,0.125197130571306,0.726167701720148,"Human_Breast_Andersson_10142021_ST_A4"
"Human_Breast_Andersson_10142021_ST_A4_15x12",0.0278567173252242,0.0377070991828158,0.0118345849611427,0.00852289205019741,0.00377715664956059,0.00930211848138127,0.012504467116718,0.199185016329548,0.689309947903412,"Human_Breast_Andersson_10142021_ST_A4"
"Human_Breast_Andersson_10142021_ST_A4_15x13",0.0264729867746951,0.0227097177337573,0.00789467422596848,0.0071981671269678,0.0138105221663334,0.00774959323174707,0.0144476528278034,0.0472483671178486,0.852468318794879,"Human_Breast_Andersson_10142021_ST_A4"
"Human_Breast_Andersson_10142021_ST_A4_15x14",0.037632761364162,0.022339908319935,0.0244201440228102,0.00835964361879547,0.0113699235426026,0.00966308647981717,0.00939181611384422,0.0681407416971923,0.808681974840841,"Human_Breast_Andersson_10142021_ST_A4"
"Human_Breast_Andersson_10142021_ST_A4_15x15",0.086824511874514,0.0531719161841,0.0174606553419562,0.00746397262933407,0.00380343598081714,0.00659370325164145,0.0140136155370229,0.00339586735790459,0.80727232184271,"Human_Breast_Andersson_10142021_ST_A4"
"Human_Breast_Andersson_10142021_ST_A4_15x16",0.0296492960724661,0.0502286143004033,0.0178606159945856,0.00765002702377214,0.00686580623586043,0.0121415673545545,0.0105795700757499,0.102186605539628,0.76283789740298,"Human_Breast_Andersson_10142021_ST_A4"
"Human_Breast_Andersson_10142021_ST_A4_15x17",0.012808546822208,0.0302897500519682,0.0135347366958669,0.00355934693627172,0.00162595904507005,0.0118049590387712,0.0039685441328463,0.0696544309518848,0.852753726325113,"Human_Breast_Andersson_10142021_ST_A4"
"Human_Breast_Andersson_10142021_ST_A4_15x18",0.0282575460395686,0.030577833029885,0.00775588009642372,0.00684914878045262,0.00855762858823375,0.0145525850855882,0.00736952265524639,0.173024530547627,0.723055325176975,"Human_Breast_Andersson_10142021_ST_A4"
"Human_Breast_Andersson_10142021_ST_A4_15x19",0.018584015776801,0.0570207135509599,0.0141373768909018,0.0120140854214475,0.0215091432009383,0.00755908191036183,0.00384053988341647,0.130331699687485,0.735003343677689,"Human_Breast_Andersson_10142021_ST_A4"
"Human_Breast_Andersson_10142021_ST_A4_15x20",0.0548033228644438,0.0706704575561837,0.0279519816713921,0.00619338184336705,0.00498573471464936,0.0121238330556454,0.00683253469849743,0.0928816271367264,0.723557126459095,"Human_Breast_Andersson_10142021_ST_A4"
"Human_Breast_Andersson_10142021_ST_A4_15x21",0.0628357393969256,0.190954968687507,0.0302032301207226,0.0112766401489626,0.0190330568825497,0.0195717482187612,0.0094040433397659,0.10314613047139,0.553574442733416,"Human_Breast_Andersson_10142021_ST_A4"
"Human_Breast_Andersson_10142021_ST_A4_15x22",0.0925993159897005,0.0996850034046291,0.015001861065247,0.00932812629170684,0.0175649371116131,0.0275030031587509,0.00649685221881303,0.170523878515155,0.561297022244384,"Human_Breast_Andersson_10142021_ST_A4"
"Human_Breast_Andersson_10142021_ST_A4_15x23",0.0126322148517601,0.0486903574374683,0.00514755255705896,0.00205193902569981,0.00353316214457972,0.00520744987529823,0.00405553879465964,0.0841731048555726,0.834508680457902,"Human_Breast_Andersson_10142021_ST_A4"
"Human_Breast_Andersson_10142021_ST_A4_15x24",0.00202809772427269,0.00249815953387523,0.00112682048440958,0.00253554577235569,0.00520962817174024,0.00106943662630246,0.0028024949605788,0.0203689478518386,0.962360868874627,"Human_Breast_Andersson_10142021_ST_A4"
"Human_Breast_Andersson_10142021_ST_A4_15x25",0.018434107902298,0.0558840856995492,0.00803919225297025,0.00961412822036878,0.0152228374762429,0.0115435636912991,0.0164977756633851,0.00735800211461253,0.857406306979274,"Human_Breast_Andersson_10142021_ST_A4"
"Human_Breast_Andersson_10142021_ST_A4_15x26",0.0943572552909916,0.052238732521089,0.0133852565999732,0.0160566809241384,0.0265171032661258,0.0132524601769049,0.0100016680555879,0.0768529591004997,0.69733788406469,"Human_Breast_Andersson_10142021_ST_A4"
"Human_Breast_Andersson_10142021_ST_A4_16x10",0.0544456820572328,0.0350596656196318,0.00944251711518974,0.0170555366424275,0.0114485906374401,0.0232892821351191,0.0182027367356951,0.152329688405905,0.678726300651359,"Human_Breast_Andersson_10142021_ST_A4"
"Human_Breast_Andersson_10142021_ST_A4_16x11",0.0498267854875228,0.0402973404685686,0.0175431841397942,0.00788670624141062,0.0131066702959495,0.0135358749367077,0.0146473539505917,0.139890358005671,0.703265726473783,"Human_Breast_Andersson_10142021_ST_A4"
"Human_Breast_Andersson_10142021_ST_A4_16x12",0.0523036685468814,0.0252818196325275,0.0142201633513217,0.00818673582914362,0.00840830692820205,0.0111260257702718,0.0117623244522729,0.280374844179331,0.588336111310048,"Human_Breast_Andersson_10142021_ST_A4"
"Human_Breast_Andersson_10142021_ST_A4_16x13",0.0623777685237435,0.0436101256409087,0.0144174897086033,0.00354699731228116,0.00238849484347607,0.0210086656827865,0.00597357767843262,0.0807099203281912,0.765966960281577,"Human_Breast_Andersson_10142021_ST_A4"
"Human_Breast_Andersson_10142021_ST_A4_16x14",0.034749246392324,0.0302396144443712,0.0194008034275743,0.0094914130772986,0.0105134576044233,0.0238581934447457,0.0281197277401613,0.0550532296144144,0.788574314254687,"Human_Breast_Andersson_10142021_ST_A4"
"Human_Breast_Andersson_10142021_ST_A4_16x15",0.0177181207212669,0.0531829172389237,0.022524722500745,0.0118400780388857,0.023017399450799,0.0250214852477725,0.00886145984505405,0.149008249123716,0.688825567832837,"Human_Breast_Andersson_10142021_ST_A4"
"Human_Breast_Andersson_10142021_ST_A4_16x16",0.0574997258050493,0.0545347200828576,0.011066431735247,0.011993403566037,0.0170544460862352,0.0237245377548033,0.00707580457554564,0.0882436050870852,0.72880732530714,"Human_Breast_Andersson_10142021_ST_A4"
"Human_Breast_Andersson_10142021_ST_A4_16x17",0.0265676874370001,0.0365800871679163,0.00576468644506537,0.00462180280951821,0.0114341570468868,0.0120106135331978,0.0108399585595817,0.150268208159188,0.741912798841646,"Human_Breast_Andersson_10142021_ST_A4"
"Human_Breast_Andersson_10142021_ST_A4_16x18",0.0159324997631567,0.044652568192735,0.0116457059597166,0.0240016927299982,0.02116145895873,0.0175632672405006,0.0196745652789838,0.0937369740016373,0.751631267874542,"Human_Breast_Andersson_10142021_ST_A4"
"Human_Breast_Andersson_10142021_ST_A4_16x19",0.0365692480337241,0.0505991801948605,0.0213797211136797,0.0102907956984419,0.011246023714249,0.0128656453208483,0.0095798377754576,0.0908243737529535,0.756645174395785,"Human_Breast_Andersson_10142021_ST_A4"
"Human_Breast_Andersson_10142021_ST_A4_16x20",0.00490868461757295,0.0311740776906998,0.00309250539080023,0.00284119396518425,0.00489634046661975,0.00484724386607073,0.00299260152810955,0.0848067295742295,0.860440622900713,"Human_Breast_Andersson_10142021_ST_A4"
"Human_Breast_Andersson_10142021_ST_A4_16x21",0.0228434483571469,0.0354840707257157,0.00714750584078315,0.00529937174508158,0.0130631859547418,0.014691603395699,0.00691978952414495,0.027046943892064,0.867504080564623,"Human_Breast_Andersson_10142021_ST_A4"
"Human_Breast_Andersson_10142021_ST_A4_16x22",0.019109021998178,0.0151731943301387,0.00321779946619654,0.00993221788052199,0.00613466424566704,0.00642776558476478,0.0101121923497227,0.107021337659654,0.822871806485156,"Human_Breast_Andersson_10142021_ST_A4"
"Human_Breast_Andersson_10142021_ST_A4_16x23",0.095171630434674,0.0322047344775129,0.0129481672280086,0.0283514845888344,0.0207689607607357,0.0414283121598692,0.0353205970700214,0.0643862060402485,0.669419907240095,"Human_Breast_Andersson_10142021_ST_A4"
"Human_Breast_Andersson_10142021_ST_A4_16x24",0.00483619673860023,0.0382587252788606,0.00321795571693713,0.00199250784688919,0.00326389657329777,0.00311180472456608,0.00373941162117091,0.0119448254609301,0.929634676038748,"Human_Breast_Andersson_10142021_ST_A4"
"Human_Breast_Andersson_10142021_ST_A4_16x25",0.031953399924519,0.0376366369525501,0.00810512315158374,0.010990301517862,0.00430885267245679,0.0148873706375407,0.00408738339327508,0.0388828904725668,0.849148041277646,"Human_Breast_Andersson_10142021_ST_A4"
"Human_Breast_Andersson_10142021_ST_A4_16x26",0.0227500753153394,0.037504221094333,0.0122174978153482,0.00715767511341837,0.0147242346267283,0.0188006130848039,0.00778733868695707,0.0225358510055411,0.85652249325753,"Human_Breast_Andersson_10142021_ST_A4"
"Human_Breast_Andersson_10142021_ST_A4_17x10",0.034112968984526,0.0210234696108698,0.00710441406903728,0.00406953723587627,0.00499427751844847,0.0174459404270149,0.00496387953025905,0.177475818046382,0.728809694577586,"Human_Breast_Andersson_10142021_ST_A4"
"Human_Breast_Andersson_10142021_ST_A4_17x11",0.0285736084296886,0.0403367435623171,0.00590792047221075,0.0102727392244995,0.0103053399780095,0.0153376832456629,0.0112070742028064,0.07056206553641,0.807496825348395,"Human_Breast_Andersson_10142021_ST_A4"
"Human_Breast_Andersson_10142021_ST_A4_17x12",0.0329337416633593,0.0337767277097887,0.0144440471233549,0.0101524657209033,0.00509089293498499,0.0161026150909027,0.00561710961860641,0.0660267000939571,0.815855700044142,"Human_Breast_Andersson_10142021_ST_A4"
"Human_Breast_Andersson_10142021_ST_A4_17x13",0.0579656918836103,0.0585845660331658,0.0162654492704569,0.00787680420701993,0.00863782947009645,0.0207348938173762,0.00937023350546227,0.139671796195663,0.68089273561715,"Human_Breast_Andersson_10142021_ST_A4"
"Human_Breast_Andersson_10142021_ST_A4_17x15",0.0480488251029958,0.0501895717895906,0.025409089780947,0.0159056518312172,0.0189034248500144,0.023919698988711,0.00567511765409502,0.139412110806502,0.672536509195927,"Human_Breast_Andersson_10142021_ST_A4"
"Human_Breast_Andersson_10142021_ST_A4_17x16",0.0692037678842929,0.0527663845838435,0.0121439624309443,0.00765145780113002,0.0180599651605346,0.00804079970679805,0.0148658667296923,0.214095903937943,0.603171891764821,"Human_Breast_Andersson_10142021_ST_A4"
"Human_Breast_Andersson_10142021_ST_A4_17x17",0.0334869767759136,0.0208239230533323,0.00733528081913288,0.0151860781788095,0.0149500017328516,0.0106508379935614,0.0204283743432408,0.0946810429240971,0.782457484179061,"Human_Breast_Andersson_10142021_ST_A4"
"Human_Breast_Andersson_10142021_ST_A4_17x18",0.0237456472204873,0.0605082065678237,0.00397822007441661,0.00621332972128946,0.00940324853353223,0.0135167162713182,0.00940593478989385,0.265720146116071,0.607508550705167,"Human_Breast_Andersson_10142021_ST_A4"
"Human_Breast_Andersson_10142021_ST_A4_17x19",0.0737459902364769,0.044776854984863,0.0274673232095488,0.0215143321826026,0.0182578449142071,0.0143744188034517,0.0172297511958603,0.0535903617448942,0.729043122728095,"Human_Breast_Andersson_10142021_ST_A4"
"Human_Breast_Andersson_10142021_ST_A4_17x20",0.0620180234434433,0.0863927661686538,0.0231166914291147,0.00824249152736994,0.00896665531296515,0.0173581478903852,0.0106877788102785,0.118233541442112,0.664983903975677,"Human_Breast_Andersson_10142021_ST_A4"
"Human_Breast_Andersson_10142021_ST_A4_17x21",0.0637683771912118,0.0660370915404683,0.0123290991004557,0.0142917772864699,0.0148759080307254,0.0193757241947786,0.0163618450211532,0.235900241314064,0.557059936320673,"Human_Breast_Andersson_10142021_ST_A4"
"Human_Breast_Andersson_10142021_ST_A4_17x22",0.0398777780625527,0.0508857550317712,0.0120458436557748,0.00350359499194906,0.00521787340201228,0.0110370610323445,0.0120028691122192,0.379929786069692,0.485499438641684,"Human_Breast_Andersson_10142021_ST_A4"
"Human_Breast_Andersson_10142021_ST_A4_17x23",0.0447575477566577,0.0258206720186611,0.00871097794348514,0.0105603652799366,0.00782560296994822,0.0124154292656529,0.0177579927641917,0.0396234161757428,0.832527995825724,"Human_Breast_Andersson_10142021_ST_A4"
"Human_Breast_Andersson_10142021_ST_A4_17x24",0.0231655996879041,0.0360066502026489,0.0156741737081542,0.00889393545253358,0.00362891495822083,0.0112216489396076,0.00866549484398088,0.144531086505339,0.748212495701611,"Human_Breast_Andersson_10142021_ST_A4"
"Human_Breast_Andersson_10142021_ST_A4_17x25",0.0254005874483297,0.0247328986517427,0.0133702179472347,0.0106998085425947,0.00755325517571972,0.0168892821407302,0.00466728118331876,0.121378368951625,0.775308299958705,"Human_Breast_Andersson_10142021_ST_A4"
"Human_Breast_Andersson_10142021_ST_A4_18x10",0.0938869738877021,0.0332805148148841,0.0230845092214915,0.0202868531110454,0.0162714393419198,0.0303913058203767,0.0120202117609345,0.0884505940470706,0.682327597994575,"Human_Breast_Andersson_10142021_ST_A4"
"Human_Breast_Andersson_10142021_ST_A4_18x11",0.0403423510226934,0.0250025614810444,0.00479960099988816,0.00588976749811793,0.00676035903337556,0.0159349272910444,0.0050823521381692,0.0426394505499796,0.853548629985687,"Human_Breast_Andersson_10142021_ST_A4"
"Human_Breast_Andersson_10142021_ST_A4_18x12",0.109397740253509,0.100747119820865,0.0220066298927303,0.00415780899807962,0.00602503623800579,0.0202821398822324,0.00153688729656802,0.0296270071776101,0.7062196304404,"Human_Breast_Andersson_10142021_ST_A4"
"Human_Breast_Andersson_10142021_ST_A4_18x13",0.0254865936710257,0.016201502856196,0.00639367761590714,0.00372826964003045,0.00699007699644658,0.00294036163423881,0.0149340750109368,0.169206173221881,0.754119269353337,"Human_Breast_Andersson_10142021_ST_A4"
"Human_Breast_Andersson_10142021_ST_A4_18x14",0.045659301615151,0.0370696691199845,0.0103206371657923,0.00795477898500876,0.0130305530180468,0.0186762174596895,0.0124822436497151,0.1588837323176,0.695922866669012,"Human_Breast_Andersson_10142021_ST_A4"
"Human_Breast_Andersson_10142021_ST_A4_18x15",0.0287044075874978,0.0221008690713501,0.013969391637111,0.00148395237429747,0.00176078479703531,0.00520979591659013,0.00249099664641513,0.00881186843820919,0.915467933531494,"Human_Breast_Andersson_10142021_ST_A4"
"Human_Breast_Andersson_10142021_ST_A4_18x16",0.0803923283764833,0.0539877992664852,0.0152499378862045,0.00607970789897551,0.00698919668267549,0.00895909927605093,0.0127257011824009,0.276777945194183,0.538838284236541,"Human_Breast_Andersson_10142021_ST_A4"
"Human_Breast_Andersson_10142021_ST_A4_18x17",0.0792559370370023,0.0350289652150315,0.0161786970703147,0.00805132148467305,0.0239564959756768,0.0231207555023296,0.0162466334014798,0.160743710377031,0.637417483936462,"Human_Breast_Andersson_10142021_ST_A4"
"Human_Breast_Andersson_10142021_ST_A4_18x18",0.0455261966198798,0.0534920617932803,0.0118489316744914,0.0113276257319433,0.0141238545418648,0.0159030834185137,0.0114727023254012,0.125143711123025,0.711161832771601,"Human_Breast_Andersson_10142021_ST_A4"
"Human_Breast_Andersson_10142021_ST_A4_18x19",0.0604320871213924,0.071265238594965,0.0245291619162053,0.0191476707964116,0.0189274684726799,0.0178828378012707,0.00644740873290573,0.105722271806674,0.675645854757496,"Human_Breast_Andersson_10142021_ST_A4"
"Human_Breast_Andersson_10142021_ST_A4_18x21",0.0170833757179361,0.0443292905617605,0.0149443451303722,0.00617289237546613,0.00473220464150617,0.00756324321400255,0.0113062998378271,0.0261862188785169,0.867682129642612,"Human_Breast_Andersson_10142021_ST_A4"
"Human_Breast_Andersson_10142021_ST_A4_18x22",0.0127929199547258,0.0239991466878611,0.0037039001492178,0.0105209333152422,0.0134266531525193,0.00591380485200623,0.0104929901713498,0.196741752167365,0.722407899549713,"Human_Breast_Andersson_10142021_ST_A4"
"Human_Breast_Andersson_10142021_ST_A4_18x23",0.059388061815658,0.056297926813928,0.0141117090702869,0.0388908712483698,0.0426345739918832,0.0231444251571189,0.00585170584180131,0.139813065123939,0.619867660937015,"Human_Breast_Andersson_10142021_ST_A4"
"Human_Breast_Andersson_10142021_ST_A4_18x24",0.0883557424670288,0.0655116558454619,0.0224556907454053,0.0120080542064311,0.0276300412982761,0.0281944016350708,0.0215000821149453,0.139306326303604,0.595038005383776,"Human_Breast_Andersson_10142021_ST_A4"
"Human_Breast_Andersson_10142021_ST_A4_18x25",0.0840341991673642,0.088990869027464,0.0354040800518305,0.0119138622548122,0.0267368689362793,0.0640784961412199,0.00866752852433007,0.101843870886451,0.578330225010249,"Human_Breast_Andersson_10142021_ST_A4"
"Human_Breast_Andersson_10142021_ST_A4_18x26",0.0292280115227555,0.0271667835603108,0.0194816819452861,0.0072419152317912,0.00610311556914103,0.0260804308370587,0.0041257088314299,0.179961274030941,0.700611078471286,"Human_Breast_Andersson_10142021_ST_A4"
"Human_Breast_Andersson_10142021_ST_A4_19x11",0.0635153192622906,0.0421558508488846,0.0116018893194799,0.00641765207659999,0.0142818750775966,0.0148580391838004,0.00845707951863963,0.177360349236603,0.661351945476105,"Human_Breast_Andersson_10142021_ST_A4"
"Human_Breast_Andersson_10142021_ST_A4_19x12",0.0444335790773694,0.0260896902547876,0.00861983216243837,0.00304886013375159,0.00586814086955874,0.0163744238652974,0.00271968169693591,0.00992414039558565,0.882921651544275,"Human_Breast_Andersson_10142021_ST_A4"
"Human_Breast_Andersson_10142021_ST_A4_19x13",0.0350467389358244,0.0396411170056036,0.0192854147313099,0.00708303014788578,0.00843792577145741,0.0205705885995714,0.00901893279532829,0.064706204564747,0.796210047448272,"Human_Breast_Andersson_10142021_ST_A4"
"Human_Breast_Andersson_10142021_ST_A4_19x14",0.0669101878928776,0.0491094242832682,0.0211587682023098,0.0078771993750881,0.0112962885225112,0.0107072145262119,0.00752642615504765,0.0687827850847392,0.756631705957946,"Human_Breast_Andersson_10142021_ST_A4"
"Human_Breast_Andersson_10142021_ST_A4_19x15",0.0896607127419466,0.0637728307673002,0.0251710494752552,0.00774137642455604,0.0115969473710227,0.0165310378710477,0.0129058234487428,0.142843819746683,0.629776402153446,"Human_Breast_Andersson_10142021_ST_A4"
"Human_Breast_Andersson_10142021_ST_A4_19x16",0.124095574742244,0.0605575405287414,0.0126905638869661,0.0254931246828279,0.013813184118528,0.0344452265610189,0.00930256295613801,0.0969567692249297,0.622645453298606,"Human_Breast_Andersson_10142021_ST_A4"
"Human_Breast_Andersson_10142021_ST_A4_19x17",0.0277847401248971,0.0258942552829568,0.00904820080623838,0.0122041315864633,0.00552542327577387,0.0136162073334139,0.0044832880754157,0.0327800861662817,0.868663667348559,"Human_Breast_Andersson_10142021_ST_A4"
"Human_Breast_Andersson_10142021_ST_A4_19x18",0.0569859534512824,0.0527798586245529,0.0129067686840036,0.0143912012142865,0.0188601139077377,0.0233373923603273,0.0201986956613838,0.147842413948632,0.652697602147794,"Human_Breast_Andersson_10142021_ST_A4"
"Human_Breast_Andersson_10142021_ST_A4_19x19",0.0294354013218529,0.0828887755348905,0.0149974252223724,0.00766102636416679,0.00927358088358392,0.0203726435520955,0.00523512511786611,0.0818523374652907,0.748283684537881,"Human_Breast_Andersson_10142021_ST_A4"
