"","Endothelial","CAFs","PVL","B-cells","T-cells","Myeloid","Normal Epithelial","Plasmablasts","Cancer Epithelial","sid"
"Human_Breast_Andersson_10142021_ST_A1_10x13",0.025131343528234,0.0310348430516637,0.00745459769585669,0.0128511601857712,0.0110517652807488,0.0077835613626413,0.0052012484059848,0.243892973558492,0.655598506930608,"Human_Breast_Andersson_10142021_ST_A1"
"Human_Breast_Andersson_10142021_ST_A1_10x14",0.00996301104250294,0.0445770087786499,0.00604226473800764,0.00301730764795408,0.00179041754168769,0.00406297508736727,0.00207684881751829,0.017118400185377,0.911351766160935,"Human_Breast_Andersson_10142021_ST_A1"
"Human_Breast_Andersson_10142021_ST_A1_10x15",0.00600883660718139,0.0151423412398847,0.00271151882872826,0.00579587019001575,0.00351988473794819,0.00400667080246828,0.00154556925737138,0.0502395433589305,0.911029764977472,"Human_Breast_Andersson_10142021_ST_A1"
"Human_Breast_Andersson_10142021_ST_A1_10x16",0.00583400190969436,0.00244024549369113,0.00111551301514145,0.00234846403231937,0.00247737999411581,0.00200368748667006,0.00107377948836737,0.0419721586573469,0.940734769922654,"Human_Breast_Andersson_10142021_ST_A1"
"Human_Breast_Andersson_10142021_ST_A1_10x17",0.00343905317700984,0.0031595210682259,0.00096844657101153,0.000384379602728608,0.00120288413427223,0.00151163795138599,0.000747163816834671,0.0128566746268372,0.975730239051694,"Human_Breast_Andersson_10142021_ST_A1"
"Human_Breast_Andersson_10142021_ST_A1_10x18",0.00470677335325156,0.0451625661098306,0.00296840610528906,0.00802232262465067,0.00363419573443307,0.0117166762374416,0.00101857464112941,0.00291159649830199,0.919858888695672,"Human_Breast_Andersson_10142021_ST_A1"
"Human_Breast_Andersson_10142021_ST_A1_10x19",0.0112527634341631,0.0137574014975796,0.00170628104591044,0.00863457408863254,0.00654034193206979,0.0425920393497262,0.00269311568789181,0.0626372014641367,0.85018628149989,"Human_Breast_Andersson_10142021_ST_A1"
"Human_Breast_Andersson_10142021_ST_A1_10x20",0.0340001174892726,0.0648571261926362,0.0139767565718651,0.00341934650989237,0.00475606526975353,0.0174613071966097,0.00491663095872712,0.271408225694016,0.585204424117227,"Human_Breast_Andersson_10142021_ST_A1"
"Human_Breast_Andersson_10142021_ST_A1_10x21",0.0205424956202176,0.0589980391849521,0.0280888601598675,0.00209878178485426,0.003172759216316,0.0112285091436235,0.00734948508160526,0.178518408653571,0.690002661154993,"Human_Breast_Andersson_10142021_ST_A1"
"Human_Breast_Andersson_10142021_ST_A1_10x22",0.0377011994636243,0.090163471312606,0.0102420317002324,0.00692018644486727,0.020154734541266,0.033230561395075,0.00166091439568287,0.012581503041874,0.787345397704772,"Human_Breast_Andersson_10142021_ST_A1"
"Human_Breast_Andersson_10142021_ST_A1_10x23",0.0218046224554503,0.0447828066269121,0.00588645090866682,0.00494983664343105,0.015334475923206,0.0134148187796173,0.003397292940735,0.0698088373668129,0.820620858355169,"Human_Breast_Andersson_10142021_ST_A1"
"Human_Breast_Andersson_10142021_ST_A1_10x24",0.092678830797261,0.0276416775548562,0.0351751554097278,0.0161038800805428,0.0175190429694006,0.0648991472362158,0.00430584885475726,0.0691648533087,0.672511563788539,"Human_Breast_Andersson_10142021_ST_A1"
"Human_Breast_Andersson_10142021_ST_A1_10x25",0.0531976837322056,0.0631454680344032,0.0192478193955383,0.0123051725596866,0.00624454617912049,0.0593013894536385,0.00370831778438359,0.11685491965178,0.665994683209244,"Human_Breast_Andersson_10142021_ST_A1"
"Human_Breast_Andersson_10142021_ST_A1_10x26",0.0125634086479133,0.0283313030835367,0.00761145382108134,0.00561417082071711,0.00608247398161682,0.00405356722924981,0.00508474865216006,0.0406554450941965,0.890003428669529,"Human_Breast_Andersson_10142021_ST_A1"
"Human_Breast_Andersson_10142021_ST_A1_10x27",0.0460765224326993,0.115443632049487,0.00324980243573363,0.00289960813211387,0.00780313381704989,0.022031041761118,0.00782923653222782,0.105540687189874,0.689126335649696,"Human_Breast_Andersson_10142021_ST_A1"
"Human_Breast_Andersson_10142021_ST_A1_10x28",0.104604745847986,0.0406105216308292,0.00635421884503038,0.0616631246322033,0.0969355835587074,0.0483076038994336,0.000751391729614234,0.195634114011082,0.445138695845113,"Human_Breast_Andersson_10142021_ST_A1"
"Human_Breast_Andersson_10142021_ST_A1_11x13",0.0142336416181433,0.0373930545957674,0.00529627418035013,0.0024048032862278,0.00436108217338806,0.0114069926950297,0.00125096934522649,0.140901732001247,0.78275145010462,"Human_Breast_Andersson_10142021_ST_A1"
"Human_Breast_Andersson_10142021_ST_A1_11x14",0.0112891347201116,0.0134368967794908,0.00503909397359698,0.00472794186714045,0.00295805246679233,0.00501394496458902,0.000968860113159732,0.0148683918744347,0.941697683240684,"Human_Breast_Andersson_10142021_ST_A1"
"Human_Breast_Andersson_10142021_ST_A1_11x15",0.00374651792058762,0.0118131984329048,0.00546361255984999,0.00047525403603649,0.000717841784634287,0.0010880680221427,0.00159879686692653,0.0615931810620256,0.913503529314892,"Human_Breast_Andersson_10142021_ST_A1"
"Human_Breast_Andersson_10142021_ST_A1_11x16",0.00640716829326855,0.00580645408854663,0.000992738972266435,0.00170067633078916,0.00148801692682814,0.00219449928594953,0.00258759678234782,0.0362386851212982,0.942584164198706,"Human_Breast_Andersson_10142021_ST_A1"
"Human_Breast_Andersson_10142021_ST_A1_11x18",0.0141759800084007,0.0203566596576822,0.00187564508114686,0.00192560134026671,0.00222595303694177,0.00233731715718803,0.00253460072040018,0.0302571584160591,0.924311084581915,"Human_Breast_Andersson_10142021_ST_A1"
"Human_Breast_Andersson_10142021_ST_A1_11x19",0.00561882472903178,0.0185558813440428,0.00411883176269403,0.00107970718035743,0.00693228644403001,0.013180638243097,0.00248359193506729,0.0623661084892826,0.885664129872397,"Human_Breast_Andersson_10142021_ST_A1"
"Human_Breast_Andersson_10142021_ST_A1_11x20",0.0269023339968115,0.109776491116688,0.0079431620592175,0.00166328066745782,0.00489074752245241,0.0389079741745164,0.000977199638762247,0.165413286672193,0.643525524151902,"Human_Breast_Andersson_10142021_ST_A1"
"Human_Breast_Andersson_10142021_ST_A1_11x21",0.0203012310881113,0.0229300870403466,0.0167003738118157,0.00871123380929935,0.00726285586289088,0.0166751194120013,0.00353007252775017,0.282069397036896,0.621819629410889,"Human_Breast_Andersson_10142021_ST_A1"
"Human_Breast_Andersson_10142021_ST_A1_11x22",0.00644351286791333,0.0276340777939239,0.00236564806964539,0.00190371728847976,0.00178731495336859,0.00187792672471625,0.00152835080998437,0.289168342918944,0.667291108573025,"Human_Breast_Andersson_10142021_ST_A1"
"Human_Breast_Andersson_10142021_ST_A1_11x23",0.019039127093175,0.107763542675871,0.00663075466287842,0.00512595634410961,0.0112019420925287,0.0121524521167797,0.00496848913406405,0.0590415788320826,0.774076157048511,"Human_Breast_Andersson_10142021_ST_A1"
"Human_Breast_Andersson_10142021_ST_A1_11x24",0.0493184411683191,0.043714545820406,0.0133501163281271,0.0169887239001726,0.0143560010771291,0.0388894849885975,0.00660468287220652,0.268979250290584,0.547798753554459,"Human_Breast_Andersson_10142021_ST_A1"
"Human_Breast_Andersson_10142021_ST_A1_11x25",0.0225752592425264,0.0621579296780609,0.0109703351140731,0.028558869536025,0.0133359268540783,0.0405970747792117,0.00345379096200509,0.0334014921579073,0.784949321676112,"Human_Breast_Andersson_10142021_ST_A1"
"Human_Breast_Andersson_10142021_ST_A1_11x26",0.0387479521616164,0.0716269022426397,0.0147970744917219,0.0222035704382139,0.0168703266576411,0.0532529620225609,0.00299153145863955,0.188995433540584,0.590514246986382,"Human_Breast_Andersson_10142021_ST_A1"
"Human_Breast_Andersson_10142021_ST_A1_11x27",0.100488217825478,0.101724263543463,0.039148215638489,0.0116287135593302,0.0144475796843216,0.0936640887864083,0.00283022463035627,0.139978446949652,0.496090249382503,"Human_Breast_Andersson_10142021_ST_A1"
"Human_Breast_Andersson_10142021_ST_A1_11x28",0.0087307210226847,0.140783441002637,0.014993250609917,0.00629530726744272,0.0129165358235598,0.0375146113273468,0.00254003563762458,0.0279640546246473,0.74826204268414,"Human_Breast_Andersson_10142021_ST_A1"
"Human_Breast_Andersson_10142021_ST_A1_12x12",0.00946808250078392,0.0130498439897356,0.00291293835012691,0.0026384956605799,0.00295404285925656,0.00172524052993277,0.00307719134680279,0.0729250634373729,0.891249101325409,"Human_Breast_Andersson_10142021_ST_A1"
"Human_Breast_Andersson_10142021_ST_A1_12x13",0.0256166448590594,0.0394434074885014,0.00567556593464106,0.0151007491643603,0.0134844083092415,0.0204245054313201,0.0095286117481033,0.117209986828527,0.753516120236246,"Human_Breast_Andersson_10142021_ST_A1"
"Human_Breast_Andersson_10142021_ST_A1_12x14",0.0077408057007463,0.0111000313454133,0.00319216230819752,0.00163826075271151,0.00291909418966873,0.00352336847956,0.00489544700972414,0.318097706276396,0.646893123937582,"Human_Breast_Andersson_10142021_ST_A1"
"Human_Breast_Andersson_10142021_ST_A1_12x15",0.00319503341186678,0.00358240988322545,0.00166586145993233,0.00105129623452442,0.00130096745900318,0.00113633736408499,0.000344338565992316,0.0414843221755127,0.946239433445858,"Human_Breast_Andersson_10142021_ST_A1"
"Human_Breast_Andersson_10142021_ST_A1_12x16",0.00690997355406955,0.0324320742672187,0.00519631054811933,0.00185302544681419,0.00412660869892547,0.00703785137054735,0.0019267976644772,0.0334943619678278,0.907022996482,"Human_Breast_Andersson_10142021_ST_A1"
"Human_Breast_Andersson_10142021_ST_A1_12x17",0.0119804509990442,0.0637116568536373,0.00862321242356583,0.00341966778579838,0.00502410145942107,0.0073412992259529,0.00363367839248363,0.0344719059486759,0.861794026911421,"Human_Breast_Andersson_10142021_ST_A1"
"Human_Breast_Andersson_10142021_ST_A1_12x18",0.0121140468932418,0.00806076383761354,0.00467836905409495,0.00191042055393514,0.00226443545177823,0.00662890347879544,0.00128363895207207,0.0316007996963511,0.931458622082118,"Human_Breast_Andersson_10142021_ST_A1"
"Human_Breast_Andersson_10142021_ST_A1_12x19",0.0410414696849471,0.0844222499742766,0.014836942406885,0.00652659687423411,0.013835128700822,0.0189362941610818,0.00129651154208536,0.0824927965303896,0.736612010125278,"Human_Breast_Andersson_10142021_ST_A1"
"Human_Breast_Andersson_10142021_ST_A1_12x20",0.0122909893520363,0.0428050889153774,0.00318117744017384,0.0112103354714847,0.0204370450374648,0.0163960084053719,0.000986004294172727,0.192646282087807,0.700047068996111,"Human_Breast_Andersson_10142021_ST_A1"
"Human_Breast_Andersson_10142021_ST_A1_12x21",0.0229190283865296,0.0199820944142128,0.0119963940299473,0.00265611825658813,0.00180292354595056,0.00401392447462326,0.00326648824898875,0.115549151138015,0.817813877505144,"Human_Breast_Andersson_10142021_ST_A1"
"Human_Breast_Andersson_10142021_ST_A1_12x22",0.00629800832639381,0.02542700032175,0.0031626710814122,0.000874540043921778,0.00112708147029577,0.00340624344828053,0.00135092658743924,0.0352580726589601,0.923095456061546,"Human_Breast_Andersson_10142021_ST_A1"
"Human_Breast_Andersson_10142021_ST_A1_12x23",0.00838364846428186,0.0268461287435454,0.00512284246016995,0.00174512548834443,0.00179722059252164,0.00419692171332089,0.00127774153581773,0.0072222530590947,0.943408117942903,"Human_Breast_Andersson_10142021_ST_A1"
"Human_Breast_Andersson_10142021_ST_A1_12x24",0.0190246734986282,0.0275019314186986,0.0116741306691067,0.00401431953651665,0.00245839787074618,0.00648305867897367,0.00166928523434877,0.163699638703535,0.763474564389446,"Human_Breast_Andersson_10142021_ST_A1"
"Human_Breast_Andersson_10142021_ST_A1_12x25",0.0947433726112244,0.148160221759225,0.0260182867249008,0.0142683502321679,0.0124800473366785,0.0456788102710306,0.00445108884964982,0.168831344376119,0.485368477839005,"Human_Breast_Andersson_10142021_ST_A1"
"Human_Breast_Andersson_10142021_ST_A1_12x26",0.00821877446458742,0.0215226321484163,0.0102525756399814,0.0112171212021573,0.0108676239665232,0.0203100166790752,0.00995421280228206,0.103894306209347,0.80376273688763,"Human_Breast_Andersson_10142021_ST_A1"
"Human_Breast_Andersson_10142021_ST_A1_12x27",0.00347215815126961,0.0122149459037971,0.00557392682460447,0.00769345196700634,0.00531105655197423,0.0479688622831776,0.00769033266692509,0.0382409552450391,0.871834310406206,"Human_Breast_Andersson_10142021_ST_A1"
"Human_Breast_Andersson_10142021_ST_A1_12x28",0.0298795560635094,0.0522299570317775,0.0290625533959786,0.0082653776413925,0.00474939093639118,0.0105942820257282,0.00691522977547523,0.170583775871275,0.687719877258473,"Human_Breast_Andersson_10142021_ST_A1"
"Human_Breast_Andersson_10142021_ST_A1_13x12",0.00558670557221682,0.00472845261451706,0.00104835513034827,0.000515020604991467,0.00060998298596984,0.00111288519721352,0.00378175411629766,0.0177130894282335,0.964903754350212,"Human_Breast_Andersson_10142021_ST_A1"
"Human_Breast_Andersson_10142021_ST_A1_13x13",0.0015751553501508,0.00170852627182673,0.000886720511370862,0.000395949876367815,0.000501652867356762,0.00063421748787683,0.00125271969065158,0.0170396412868618,0.976005416657537,"Human_Breast_Andersson_10142021_ST_A1"
"Human_Breast_Andersson_10142021_ST_A1_13x14",0.0109563987263097,0.0293820698661194,0.00767330194960709,0.00214236087444778,0.00365197485064826,0.0030173790396331,0.00283585758144787,0.104495322842645,0.835845334269142,"Human_Breast_Andersson_10142021_ST_A1"
"Human_Breast_Andersson_10142021_ST_A1_13x15",0.0221443304515703,0.0113027995237996,0.00879310532001998,0.00388486890033217,0.00704802333921304,0.00467708619066452,0.00722813680789808,0.0422840413748333,0.892637608091669,"Human_Breast_Andersson_10142021_ST_A1"
"Human_Breast_Andersson_10142021_ST_A1_13x16",0.0121003359949767,0.0546415179345265,0.00543845403916195,0.00244673812638235,0.003164944357373,0.00998346187367973,0.00176590077364711,0.0830653861444038,0.827393260755849,"Human_Breast_Andersson_10142021_ST_A1"
"Human_Breast_Andersson_10142021_ST_A1_13x17",0.00288588714099204,0.00535803733516821,0.00169668735318679,0.0029485260551047,0.00763717449842988,0.00723204540127828,0.000760439964243867,0.037304057382812,0.934177144868784,"Human_Breast_Andersson_10142021_ST_A1"
"Human_Breast_Andersson_10142021_ST_A1_13x18",0.00924574697995674,0.0105162775407822,0.00527825277460044,0.00110855183234541,0.00215602051498123,0.00835746724865874,0.000952534720718038,0.0090509613199094,0.953334187068048,"Human_Breast_Andersson_10142021_ST_A1"
"Human_Breast_Andersson_10142021_ST_A1_13x19",0.00719532070181568,0.0124609699399646,0.00301351639932683,0.000844240382487914,0.00307317610562756,0.00176964122633902,0.00153788350662426,0.0202324992878002,0.949872752450014,"Human_Breast_Andersson_10142021_ST_A1"
"Human_Breast_Andersson_10142021_ST_A1_13x20",0.0290548423117573,0.0244002577649831,0.00760447282729225,0.00832830707533362,0.00793409849983853,0.00303529418843473,0.00810561241443441,0.0589198860381764,0.85261722887975,"Human_Breast_Andersson_10142021_ST_A1"
"Human_Breast_Andersson_10142021_ST_A1_13x21",0.00991303592177137,0.0572465186785771,0.0115436530930479,0.00198772278524717,0.00350020346030365,0.0158989564037919,0.00280636118679057,0.270900115652946,0.626203432817525,"Human_Breast_Andersson_10142021_ST_A1"
"Human_Breast_Andersson_10142021_ST_A1_13x22",0.0237584943781668,0.0181849173491108,0.0119446350261025,0.00591503159792148,0.00526146133762236,0.00401351751827744,0.00473375637674366,0.128267809220572,0.797920377195483,"Human_Breast_Andersson_10142021_ST_A1"
"Human_Breast_Andersson_10142021_ST_A1_13x23",0.00376948508573176,0.00971983921476943,0.00157801206533085,0.00262702169790978,0.00433839112851094,0.00510237574342877,0.00161080960993419,0.00860380889807283,0.962650256556312,"Human_Breast_Andersson_10142021_ST_A1"
"Human_Breast_Andersson_10142021_ST_A1_13x24",0.0122764810134184,0.0177315874011943,0.00502268515927141,0.0022604614324995,0.0039122647582262,0.00230265825556747,0.000945842625902647,0.137450010604657,0.818098008749263,"Human_Breast_Andersson_10142021_ST_A1"
"Human_Breast_Andersson_10142021_ST_A1_13x25",0.0162001999543406,0.046232914650259,0.0119353615881669,0.00624610579568645,0.00519294204420414,0.0194432865456531,0.00313893755683263,0.215810000916342,0.675800250948515,"Human_Breast_Andersson_10142021_ST_A1"
"Human_Breast_Andersson_10142021_ST_A1_13x26",0.019575066352365,0.0299652257565913,0.00829288896966724,0.00666238693713636,0.00915549105196736,0.00683021733730137,0.00383414946014383,0.0218265554944954,0.893858018640332,"Human_Breast_Andersson_10142021_ST_A1"
"Human_Breast_Andersson_10142021_ST_A1_13x27",0.0191966256774834,0.028790210722991,0.00857597404738765,0.00656160813159884,0.0047785122167237,0.010234850553104,0.00203866460736494,0.13528861485407,0.784534939189277,"Human_Breast_Andersson_10142021_ST_A1"
"Human_Breast_Andersson_10142021_ST_A1_13x28",0.0211666980590148,0.139356440005352,0.0105604900755666,0.00776936261906559,0.00564017777909826,0.0327450014992782,0.00224354965508005,0.111141357586436,0.669376922721109,"Human_Breast_Andersson_10142021_ST_A1"
"Human_Breast_Andersson_10142021_ST_A1_14x13",0.00156930673404397,0.0095594459289165,0.00288247039334874,0.000367140232543643,0.000643352603186281,0.000838917219601004,0.00212925617029459,0.100568773764903,0.881441336953163,"Human_Breast_Andersson_10142021_ST_A1"
"Human_Breast_Andersson_10142021_ST_A1_14x14",0.00212776092594944,0.00484093996911371,0.00184462602717177,0.000992732341214443,0.000507611956243823,0.000916801646629408,0.000738806616335717,0.0271623992085217,0.96086832130882,"Human_Breast_Andersson_10142021_ST_A1"
"Human_Breast_Andersson_10142021_ST_A1_14x15",0.00637404122057316,0.0117183969747463,0.0029953147077376,0.00392943437294846,0.00249125857971879,0.00600287877403759,0.00455617986432902,0.177693705377516,0.784238790128393,"Human_Breast_Andersson_10142021_ST_A1"
"Human_Breast_Andersson_10142021_ST_A1_14x16",0.0402631600890089,0.0197706026512285,0.0146180287060234,0.00455591654831229,0.00645693227761563,0.0104809035206286,0.00254715704703597,0.255584005443479,0.645723293716668,"Human_Breast_Andersson_10142021_ST_A1"
"Human_Breast_Andersson_10142021_ST_A1_14x17",0.00828717768647494,0.0428787205675629,0.0124077923722743,0.00644968444745622,0.00461652468934538,0.00836755035254561,0.00141738989223084,0.0107797491011271,0.904795410890983,"Human_Breast_Andersson_10142021_ST_A1"
"Human_Breast_Andersson_10142021_ST_A1_14x18",0.0424159796645883,0.0614805095481255,0.012915306838816,0.00684716318180357,0.0207982956897701,0.0162677463268306,0.00695358507067278,0.167494391649443,0.66482702202995,"Human_Breast_Andersson_10142021_ST_A1"
"Human_Breast_Andersson_10142021_ST_A1_14x19",0.00769665084001275,0.00957140366257208,0.00241474650359954,0.000432488670448207,0.00415578412266777,0.00162225353129601,0.00102350707901657,0.0566535741435782,0.916429591446809,"Human_Breast_Andersson_10142021_ST_A1"
"Human_Breast_Andersson_10142021_ST_A1_14x20",0.0201385728074346,0.0830260559935323,0.00763316672949035,0.00482088082315902,0.00477203465401825,0.00359802261641837,0.00264187001224321,0.0411860188173098,0.832183377546394,"Human_Breast_Andersson_10142021_ST_A1"
"Human_Breast_Andersson_10142021_ST_A1_14x21",0.0329169439256231,0.0635545491493,0.0162647205898082,0.00329769352142247,0.00342242271852562,0.0149935502992215,0.00242473024398589,0.0662753613136459,0.796850028238467,"Human_Breast_Andersson_10142021_ST_A1"
"Human_Breast_Andersson_10142021_ST_A1_14x22",0.00246162368923077,0.012508618791379,0.00194243905073672,0.000916993004189631,0.00126227223389797,0.000821911554331836,0.00056550583002167,0.0324223480804836,0.947098287765729,"Human_Breast_Andersson_10142021_ST_A1"
"Human_Breast_Andersson_10142021_ST_A1_14x23",0.00605172562571108,0.0350100692492389,0.00417163118672648,0.00192604701362529,0.0045890521105806,0.0040507705159221,0.00345402618782977,0.146630380872315,0.794116297238051,"Human_Breast_Andersson_10142021_ST_A1"
"Human_Breast_Andersson_10142021_ST_A1_14x24",0.0045666451896174,0.022056208582035,0.00110721225142299,0.000178687245232409,0.000422415037347096,0.00235172292829403,0.000517140554768264,0.00153423771393955,0.967265730497343,"Human_Breast_Andersson_10142021_ST_A1"
"Human_Breast_Andersson_10142021_ST_A1_14x25",0.0281691964144518,0.11700693758936,0.0168781468162333,0.0051636908770675,0.00815018113192102,0.0226709820680444,0.00184215312264054,0.0426289623820892,0.757489749598192,"Human_Breast_Andersson_10142021_ST_A1"
"Human_Breast_Andersson_10142021_ST_A1_14x26",0.0147790463712866,0.044346493130658,0.00907795878882688,0.00717470593252133,0.0121319267543955,0.00287411439721876,0.00399893332162585,0.0677490745571836,0.837867746746284,"Human_Breast_Andersson_10142021_ST_A1"
"Human_Breast_Andersson_10142021_ST_A1_14x27",0.0305676196859683,0.0191830321591733,0.0098209440869281,0.00419069332283974,0.00551629876862765,0.00506720432086771,0.00139304010894977,0.00951459571007781,0.914746571836568,"Human_Breast_Andersson_10142021_ST_A1"
"Human_Breast_Andersson_10142021_ST_A1_14x28",0.00464769369463058,0.0121125622478298,0.00444282720301396,0.00508182231750624,0.00720125003249745,0.00680391207518806,0.00874925254954958,0.0750953903671308,0.875865289512654,"Human_Breast_Andersson_10142021_ST_A1"
"Human_Breast_Andersson_10142021_ST_A1_15x13",0.00509147334927144,0.013631213102142,0.00182971483427928,0.00217975532337171,0.00368156335884065,0.00384443335230515,0.00158478073613987,0.201954994950767,0.766202070992883,"Human_Breast_Andersson_10142021_ST_A1"
"Human_Breast_Andersson_10142021_ST_A1_15x14",0.0060060820339919,0.019350086285054,0.00183412439394024,0.00062894167251551,0.00115395753623605,0.0042463577066429,0.00100703431002404,0.140313201430529,0.825460214631066,"Human_Breast_Andersson_10142021_ST_A1"
"Human_Breast_Andersson_10142021_ST_A1_15x15",0.00658680790666324,0.00497510607912216,0.000919764022859266,0.000683752473635054,0.00172360708282506,0.00521276617693214,0.00065992514014552,0.00569357697668033,0.973544694141137,"Human_Breast_Andersson_10142021_ST_A1"
"Human_Breast_Andersson_10142021_ST_A1_15x16",0.00943828568712684,0.0136488939366681,0.00583632034197832,0.00488113598020816,0.00541906379906671,0.00467432293647643,0.00287325802802011,0.0311155610884002,0.922113158202055,"Human_Breast_Andersson_10142021_ST_A1"
"Human_Breast_Andersson_10142021_ST_A1_15x17",0.003993386331105,0.00440315257351334,0.00341031271352591,0.0010093536146754,0.00138966251353096,0.00228813188324973,0.00246878973326911,0.0490196713835581,0.932017539253572,"Human_Breast_Andersson_10142021_ST_A1"
"Human_Breast_Andersson_10142021_ST_A1_15x18",0.0193971129566607,0.0447293418266346,0.00835055108800041,0.01529701689437,0.0116631485594009,0.00369120557208504,0.00854628061651312,0.0525587519316985,0.835766590554637,"Human_Breast_Andersson_10142021_ST_A1"
"Human_Breast_Andersson_10142021_ST_A1_15x19",0.00589433971214588,0.0177474819778528,0.00584535724497935,0.00396882986193326,0.00365095077516882,0.00418738907156852,0.00403718142677255,0.141751757614955,0.812916712314624,"Human_Breast_Andersson_10142021_ST_A1"
"Human_Breast_Andersson_10142021_ST_A1_15x20",0.00051632766713911,0.00122473376089812,0.000799033657704512,0.00058591826605578,0.000285033436203831,0.00135629680061377,0.000279683163840295,0.00320626564605163,0.991746707601493,"Human_Breast_Andersson_10142021_ST_A1"
"Human_Breast_Andersson_10142021_ST_A1_15x21",0.0144328195781041,0.00963900302510587,0.00464252844516455,0.0058590988321496,0.00628176732326294,0.00461305984456231,0.00188846761002662,0.023218014252543,0.929425241089081,"Human_Breast_Andersson_10142021_ST_A1"
"Human_Breast_Andersson_10142021_ST_A1_15x22",0.0160473754013295,0.0472414984501772,0.0104223469560979,0.0117729196314323,0.00942185496468396,0.00443015559397664,0.00213634247491415,0.141593677126458,0.75693382940093,"Human_Breast_Andersson_10142021_ST_A1"
"Human_Breast_Andersson_10142021_ST_A1_15x23",0.017977126958312,0.0127822316913923,0.00832152413852747,0.000546306347260402,0.000379940342127338,0.0013872374720156,0.00034542702861978,0.011535452576956,0.946724753444789,"Human_Breast_Andersson_10142021_ST_A1"
"Human_Breast_Andersson_10142021_ST_A1_15x24",0.00836426220150429,0.016655615202807,0.00519502433474624,0.00167107680026579,0.00197940837654771,0.00387951291973335,0.00210519112727767,0.261019069107191,0.699130839929927,"Human_Breast_Andersson_10142021_ST_A1"
"Human_Breast_Andersson_10142021_ST_A1_15x25",0.025094934507801,0.139725051020436,0.023489636821006,0.00222668556321164,0.00329210734729729,0.0279200119673556,0.00324400942111556,0.159756204363263,0.615251358988514,"Human_Breast_Andersson_10142021_ST_A1"
"Human_Breast_Andersson_10142021_ST_A1_15x26",0.00461296222115532,0.0154608795710028,0.00306922197531234,0.0020047229029678,0.00310652888066329,0.00334502420651022,0.00157106859857727,0.0412518911123574,0.925577700531454,"Human_Breast_Andersson_10142021_ST_A1"
"Human_Breast_Andersson_10142021_ST_A1_15x27",0.00917783480483009,0.0184352598984172,0.00892960746984015,0.00370873692774276,0.0124333838602183,0.00426742811191574,0.00305411233131264,0.193805334340462,0.746188302255261,"Human_Breast_Andersson_10142021_ST_A1"
"Human_Breast_Andersson_10142021_ST_A1_16x12",0.00562924329183703,0.00684646274968541,0.00207643226887817,0.00604566194172214,0.00563045718916138,0.00288939825925911,0.00308014799943657,0.0211742354341319,0.946627960865888,"Human_Breast_Andersson_10142021_ST_A1"
"Human_Breast_Andersson_10142021_ST_A1_16x13",0.0119009432423071,0.0171983306657192,0.00167534865741635,0.00238157942409474,0.00437981495641475,0.00466738018049418,0.00229573715567404,0.101135687268514,0.854365178449365,"Human_Breast_Andersson_10142021_ST_A1"
"Human_Breast_Andersson_10142021_ST_A1_16x14",0.0080147965158298,0.0141018909738309,0.00254714540537038,0.000563203635968994,0.00154734727191619,0.00287777106703096,0.00151614146619032,0.122272052677585,0.846559650986277,"Human_Breast_Andersson_10142021_ST_A1"
"Human_Breast_Andersson_10142021_ST_A1_16x15",0.00985603176397538,0.0198635995962274,0.00386801119861362,0.00523945535051583,0.00872166963417887,0.0119024022338271,0.00374019420277207,0.0739725807978288,0.862836055222061,"Human_Breast_Andersson_10142021_ST_A1"
"Human_Breast_Andersson_10142021_ST_A1_16x16",0.00385267556037192,0.00381965195290541,0.00407667060282596,0.00378490123148798,0.00246877296305301,0.00344791597225043,0.00116485029520298,0.0615017902628,0.915882771159102,"Human_Breast_Andersson_10142021_ST_A1"
"Human_Breast_Andersson_10142021_ST_A1_16x17",0.0135638140372506,0.0183035210819234,0.00443242673536856,0.00234614582834233,0.00201477746443129,0.0038488479525272,0.00225748168508917,0.0381945113989617,0.915038473816106,"Human_Breast_Andersson_10142021_ST_A1"
"Human_Breast_Andersson_10142021_ST_A1_16x18",0.0142891016410122,0.032529047358508,0.00466030003759051,0.00210731443209123,0.00171402956382446,0.00648934072425486,0.00239059975715395,0.244331435777786,0.691488830707779,"Human_Breast_Andersson_10142021_ST_A1"
"Human_Breast_Andersson_10142021_ST_A1_16x19",0.00349654395492077,0.0225537659162123,0.00605560433876361,0.000756533021392381,0.00156161269545881,0.00109862721055528,0.00198224514864773,0.071362174686311,0.891132893027738,"Human_Breast_Andersson_10142021_ST_A1"
"Human_Breast_Andersson_10142021_ST_A1_16x20",0.0121186485013066,0.032663404895329,0.00814328912575501,0.00250389364569631,0.00560301513083885,0.0106247268040928,0.00421968189534061,0.0351644282825094,0.888958911719132,"Human_Breast_Andersson_10142021_ST_A1"
"Human_Breast_Andersson_10142021_ST_A1_16x21",0.0194962815334894,0.0445705795398868,0.00349717196397037,0.00202472477905644,0.0062602448263766,0.00649846869941956,0.00320150473760048,0.00484797401013464,0.909603049910066,"Human_Breast_Andersson_10142021_ST_A1"
"Human_Breast_Andersson_10142021_ST_A1_16x22",0.00169836747844896,0.0163676348933973,0.00137072533139963,0.00187806397298748,0.00217930313246518,0.00106927159994895,0.00209606507429328,0.0855201178456668,0.887820450671392,"Human_Breast_Andersson_10142021_ST_A1"
"Human_Breast_Andersson_10142021_ST_A1_16x23",0.0110768001789072,0.0454682383684146,0.0102825331905439,0.0121343605961344,0.011819550973615,0.00850801810815568,0.00383627443663458,0.0171172119718378,0.879757012175757,"Human_Breast_Andersson_10142021_ST_A1"
"Human_Breast_Andersson_10142021_ST_A1_16x24",0.0187872276179484,0.124593480816214,0.0118843963087748,0.00367661410261198,0.0059196763691448,0.0128341718522898,0.0093803553037304,0.179981080994375,0.632942996634911,"Human_Breast_Andersson_10142021_ST_A1"
"Human_Breast_Andersson_10142021_ST_A1_16x25",0.00492762373809971,0.0431964324681396,0.00714104167490525,0.0042395207559805,0.00529284934050268,0.00355295663983003,0.00515727772538826,0.0462613978383769,0.880230899818777,"Human_Breast_Andersson_10142021_ST_A1"
"Human_Breast_Andersson_10142021_ST_A1_16x26",0.00253817021798331,0.00330942578324761,0.00137323533107558,0.00197936526724063,0.00259611550639432,0.00163789512065027,0.0038001679246778,0.0033695534112548,0.979396071437476,"Human_Breast_Andersson_10142021_ST_A1"
"Human_Breast_Andersson_10142021_ST_A1_16x27",0.0100672565026762,0.0270997492443851,0.00667137532045731,0.0380423414975566,0.0118622596060135,0.0216918658913744,0.00675961859665026,0.0546464139445643,0.823159119396322,"Human_Breast_Andersson_10142021_ST_A1"
"Human_Breast_Andersson_10142021_ST_A1_17x13",0.018242902858054,0.0367356052925874,0.0085912855346121,0.0130647985756145,0.0116304786569159,0.0160533463554664,0.00223401616606319,0.0107331552000457,0.882714411360641,"Human_Breast_Andersson_10142021_ST_A1"
"Human_Breast_Andersson_10142021_ST_A1_17x15",0.00596436112923385,0.00197353887690751,0.00112841813468596,0.00195298411297101,0.000544313631211825,0.00274985394188218,0.000440624703655725,0.00227403897042126,0.982971866499031,"Human_Breast_Andersson_10142021_ST_A1"
"Human_Breast_Andersson_10142021_ST_A1_17x16",0.0146382242476796,0.0174517174647646,0.010285200483777,0.00447897375305848,0.00516798864538415,0.0081685168497769,0.00571715067815612,0.382950370697974,0.551141857179429,"Human_Breast_Andersson_10142021_ST_A1"
"Human_Breast_Andersson_10142021_ST_A1_17x17",0.0400777625954628,0.00960475164763496,0.0124182077856195,0.00304359206601404,0.00736029580033993,0.0134062788623411,0.00432043705448355,0.109229329753219,0.800539344434885,"Human_Breast_Andersson_10142021_ST_A1"
"Human_Breast_Andersson_10142021_ST_A1_17x18",0.00546373794520307,0.00519965910412783,0.0013098105356327,0.00123503334543674,0.00130123339455498,0.00116264702994824,0.00116611265942714,0.00692906081036466,0.976232705175305,"Human_Breast_Andersson_10142021_ST_A1"
"Human_Breast_Andersson_10142021_ST_A1_17x19",0.00844425930938643,0.00370372867518657,0.00428575070454029,0.00221117687264302,0.00226895084000153,0.00515561625196341,0.000891342398381346,0.0155365352167813,0.957502639731116,"Human_Breast_Andersson_10142021_ST_A1"
"Human_Breast_Andersson_10142021_ST_A1_17x20",0.0139091603695722,0.0128887121962818,0.00507888928102415,0.00340228876495554,0.00451618323542144,0.00379032075792688,0.00458696753296651,0.0210359518218633,0.930791526039988,"Human_Breast_Andersson_10142021_ST_A1"
"Human_Breast_Andersson_10142021_ST_A1_17x21",0.0119868912761812,0.0123824286739042,0.0126878053219975,0.0064006187604797,0.0121294647744092,0.00707882587773416,0.00511320872445375,0.172572460861502,0.759648295729338,"Human_Breast_Andersson_10142021_ST_A1"
"Human_Breast_Andersson_10142021_ST_A1_17x22",0.0159870362123122,0.0141209284208334,0.00272601719958358,0.00262655532137985,0.00464538808265378,0.00303505447323128,0.00537651076079554,0.146036345091947,0.805446164437263,"Human_Breast_Andersson_10142021_ST_A1"
"Human_Breast_Andersson_10142021_ST_A1_17x23",0.00691055331469017,0.0149520371501159,0.00318433104456711,0.00171960660569209,0.0022410327887935,0.0039735305431427,0.00555491645674958,0.0316869209850458,0.929777071111203,"Human_Breast_Andersson_10142021_ST_A1"
"Human_Breast_Andersson_10142021_ST_A1_17x24",0.0459944169497191,0.0377259570222038,0.00948298055521085,0.00304317855609188,0.00319952581368689,0.0064742392453923,0.00499593000557951,0.0305302747706292,0.858553497081487,"Human_Breast_Andersson_10142021_ST_A1"
"Human_Breast_Andersson_10142021_ST_A1_17x25",0.00642845259217553,0.00815245350713331,0.00871491623059115,0.00500951223246834,0.00453203424544396,0.00495961087564693,0.00257268545707862,0.341942105360143,0.617688229499319,"Human_Breast_Andersson_10142021_ST_A1"
"Human_Breast_Andersson_10142021_ST_A1_17x26",0.0121307516005859,0.0112229203177108,0.00471362891697511,0.00723465151356564,0.0033961138458317,0.00862162556624733,0.00196363154529705,0.0246394910417773,0.926077185652009,"Human_Breast_Andersson_10142021_ST_A1"
"Human_Breast_Andersson_10142021_ST_A1_17x27",0.00913531913447545,0.00681036861271841,0.00394841204487921,0.00240901570772345,0.00167258618686033,0.0010646951647182,0.00709223106504563,0.0153039459686737,0.952563426114906,"Human_Breast_Andersson_10142021_ST_A1"
"Human_Breast_Andersson_10142021_ST_A1_18x13",0.00423604597597573,0.0320874876522712,0.00171095388965244,0.000994117865537748,0.00113908325153373,0.00163449519396738,0.000632579895437443,0.013177376473356,0.944387859802268,"Human_Breast_Andersson_10142021_ST_A1"
"Human_Breast_Andersson_10142021_ST_A1_18x14",0.0145533294301829,0.0222284433903135,0.00454320763105349,0.0073626362681037,0.00544044999078773,0.00536292428913721,0.00576295282840653,0.160340538697925,0.77440551747409,"Human_Breast_Andersson_10142021_ST_A1"
"Human_Breast_Andersson_10142021_ST_A1_18x15",0.000237784761656324,0.000209126438114949,0.000160599848439308,1.14825825631825e-05,5.71771290025744e-06,0.000203205242047035,0.000158681682044473,0.00137178567178143,0.997641616060453,"Human_Breast_Andersson_10142021_ST_A1"
"Human_Breast_Andersson_10142021_ST_A1_18x16",0.00180721750608779,0.00635285841827343,0.00231229097738829,0.00437093154907744,0.00127088546554802,0.00206767307095628,0.00139889038344902,0.159784215624926,0.820635037004294,"Human_Breast_Andersson_10142021_ST_A1"
"Human_Breast_Andersson_10142021_ST_A1_18x17",0.0155857766174295,0.0168441350994947,0.00822944400582649,0.00235273398439419,0.00193716465570143,0.00376307700164703,0.000957537746573788,0.0716351980353185,0.878694932853614,"Human_Breast_Andersson_10142021_ST_A1"
"Human_Breast_Andersson_10142021_ST_A1_18x18",0.00698582308942008,0.0126865291346333,0.00359878939329111,0.0033556073887788,0.00470947458907431,0.00459133243470484,0.00246801206289423,0.204754750172707,0.756849681734496,"Human_Breast_Andersson_10142021_ST_A1"
"Human_Breast_Andersson_10142021_ST_A1_18x19",0.011452795626602,0.0233306117796259,0.00258249127980058,0.0235483436904342,0.0170553318977318,0.00825762139590677,0.000864457722181372,0.0234629826014148,0.889445364006303,"Human_Breast_Andersson_10142021_ST_A1"
"Human_Breast_Andersson_10142021_ST_A1_18x21",0.026869590119194,0.141047852927189,0.0167306499958718,0.0124337153666031,0.0153819133733941,0.0164880119231134,0.0125490412875773,0.0964670008771713,0.662032224129886,"Human_Breast_Andersson_10142021_ST_A1"
"Human_Breast_Andersson_10142021_ST_A1_18x22",0.0127406450037945,0.0378535348155044,0.00530242247345914,0.0119944131703799,0.0146730260399913,0.011399696339812,0.00443963038729077,0.268269531769023,0.633327100000745,"Human_Breast_Andersson_10142021_ST_A1"
"Human_Breast_Andersson_10142021_ST_A1_18x23",0.00489865048675715,0.0126033121945191,0.00147986991378841,0.000379391188752509,0.000753835141780901,0.00133217443813703,0.00168426380938813,0.0677469583444179,0.909121544482459,"Human_Breast_Andersson_10142021_ST_A1"
"Human_Breast_Andersson_10142021_ST_A1_18x24",0.00726511254912728,0.00794739290327398,0.00246635988576136,0.0020381317799641,0.00256905451180302,0.000939831600267533,0.00319941263350608,0.446125535552524,0.527449168583772,"Human_Breast_Andersson_10142021_ST_A1"
"Human_Breast_Andersson_10142021_ST_A1_18x25",0.00942743213331181,0.0121502410705406,0.0112020377346475,0.00415551699676544,0.0119607406836141,0.00536214517022378,0.00368013037494861,0.304299523402772,0.637762232433176,"Human_Breast_Andersson_10142021_ST_A1"
"Human_Breast_Andersson_10142021_ST_A1_18x26",0.0107255269251136,0.00864215462552593,0.00192734156204452,0.00309743165166064,0.00329384399469702,0.00210676190749415,0.0015561974399206,0.383872219854824,0.58477852203872,"Human_Breast_Andersson_10142021_ST_A1"
"Human_Breast_Andersson_10142021_ST_A1_18x27",0.00689033931902694,0.0344223596169626,0.0161403934984433,0.00514155656604135,0.00974648062515457,0.00366994000882187,0.00302862464451433,0.04600195212244,0.874958353598595,"Human_Breast_Andersson_10142021_ST_A1"
"Human_Breast_Andersson_10142021_ST_A1_19x12",0.00296679489352661,0.00225239590022426,0.000299730618803595,0.000312813871286498,0.000303420162112697,0.000709475268124888,6.83900731038659e-05,0.00142686627565156,0.991660112937166,"Human_Breast_Andersson_10142021_ST_A1"
"Human_Breast_Andersson_10142021_ST_A1_19x13",0.0231313407872009,0.0149164126639168,0.00347240659690537,0.00375611263738713,0.0054387029604617,0.0036169819919665,0.00240447161843284,0.119763046839073,0.823500523904656,"Human_Breast_Andersson_10142021_ST_A1"
"Human_Breast_Andersson_10142021_ST_A1_19x14",0.00594591106058753,0.0172077354273756,0.00235037208353888,0.00109734048575437,0.00127481130689164,0.00198261132208284,0.00241244613912695,0.061518682502174,0.906210089672468,"Human_Breast_Andersson_10142021_ST_A1"
"Human_Breast_Andersson_10142021_ST_A1_19x15",0.00845964809833795,0.0176313452737973,0.00311242460902961,0.00128449749891375,0.00276074603214627,0.00190085292043137,0.00584109653743781,0.209503840718591,0.749505548311315,"Human_Breast_Andersson_10142021_ST_A1"
"Human_Breast_Andersson_10142021_ST_A1_19x16",0.000366193638344287,0.000644819573817931,0.000189165409814572,2.31325488856523e-05,4.6248305362157e-05,4.17408605601594e-05,2.78900378855825e-05,0.00129016956810013,0.997370640057229,"Human_Breast_Andersson_10142021_ST_A1"
"Human_Breast_Andersson_10142021_ST_A1_19x17",0.00438826008017843,0.0438822015874285,0.00721711724749431,0.000381951937382554,0.000651260349562808,0.00398059116571314,0.000546168812121886,0.00220107646932223,0.936751372350796,"Human_Breast_Andersson_10142021_ST_A1"
"Human_Breast_Andersson_10142021_ST_A1_19x18",0.00925945867660167,0.00755864302044389,0.00480337815017157,0.00356837788110888,0.00598413671208867,0.00298059155788378,0.007544474624226,0.0929997018006063,0.865301237576869,"Human_Breast_Andersson_10142021_ST_A1"
"Human_Breast_Andersson_10142021_ST_A1_19x19",0.00326248899252129,0.00900762348639968,0.00409225602983795,0.00166897030189727,0.00274245792741003,0.00204028356390482,0.00235988193716001,0.0807737604215347,0.894052277339334,"Human_Breast_Andersson_10142021_ST_A1"
"Human_Breast_Andersson_10142021_ST_A1_19x20",0.0121698449228917,0.022364253701978,0.00711947107170898,0.00728185182754212,0.0119193317406182,0.00494194441392266,0.0078689525776395,0.0757811546661355,0.850553195077563,"Human_Breast_Andersson_10142021_ST_A1"
"Human_Breast_Andersson_10142021_ST_A1_19x21",0.0122058974041565,0.0170814238849104,0.00686976879297618,0.00615664026647418,0.00905307919079888,0.00544401302895343,0.00319748024447218,0.101083239158573,0.838908458028685,"Human_Breast_Andersson_10142021_ST_A1"
"Human_Breast_Andersson_10142021_ST_A1_19x22",0.0110764454124778,0.0396384784261813,0.00414653423120923,0.00594638528230517,0.004644900956857,0.00615172989485355,0.00420097745700475,0.0334664423257276,0.890728106013384,"Human_Breast_Andersson_10142021_ST_A1"
"Human_Breast_Andersson_10142021_ST_A1_19x23",0.00459176249414075,0.00313934229459586,0.00166723501517937,0.00084856382377896,0.00121388117889477,0.00113729899267938,0.00283441805261622,0.10594206095131,0.878625437196805,"Human_Breast_Andersson_10142021_ST_A1"
"Human_Breast_Andersson_10142021_ST_A1_19x24",0.00611865460904284,0.00448590551237388,0.0127463266375522,0.00134448707042444,0.000476491694159137,0.000588765372545086,0.00106473763335842,0.318849966402411,0.654324665068133,"Human_Breast_Andersson_10142021_ST_A1"
