"","Endothelial","CAFs","PVL","B-cells","T-cells","Myeloid","Normal Epithelial","Plasmablasts","Cancer Epithelial","sid"
"Human_Breast_Andersson_10142021_ST_F1_10x10",0.0720469853249057,0.0376836383923912,0.0176630137130995,0.0618685603290118,0.084915933461342,0.10560882108693,0.0404967782605927,0.196095996025137,0.383620273406589,"Human_Breast_Andersson_10142021_ST_F1"
"Human_Breast_Andersson_10142021_ST_F1_10x11",0.0461796889581074,0.0424062875259832,0.0305153999391228,0.0431310110450389,0.166889732287311,0.13302353028373,0.0305995892851421,0.0873220607078328,0.419932699967731,"Human_Breast_Andersson_10142021_ST_F1"
"Human_Breast_Andersson_10142021_ST_F1_10x12",0.0413395706165771,0.0555324185566154,0.0217943259999292,0.06321009221355,0.0782200772349423,0.182406253811885,0.0882330912646311,0.0684318591860566,0.400832311115813,"Human_Breast_Andersson_10142021_ST_F1"
"Human_Breast_Andersson_10142021_ST_F1_10x13",0.047944012092369,0.0450718840953051,0.0251743376944962,0.06976576234421,0.134675129361307,0.115828942774937,0.0177329641444967,0.216093850930445,0.327713116562434,"Human_Breast_Andersson_10142021_ST_F1"
"Human_Breast_Andersson_10142021_ST_F1_10x14",0.0526941885420701,0.0440343228049604,0.00712074619945169,0.00602869246203531,0.060495820358523,0.0533953166867607,0.0143705331118439,0.273961830679156,0.487898549155199,"Human_Breast_Andersson_10142021_ST_F1"
"Human_Breast_Andersson_10142021_ST_F1_10x15",0.144843956969805,0.0731718054961042,0.0277345002150087,0.0732260432048815,0.121760348966425,0.0715203520630652,0.0458352282773201,0.0166681984457906,0.4252395663616,"Human_Breast_Andersson_10142021_ST_F1"
"Human_Breast_Andersson_10142021_ST_F1_10x16",0.043754022781819,0.0457639551231046,0.00628594588837876,0.0118751239885398,0.0264056920205213,0.087523580453444,0.129032684489563,0.254708432958574,0.394650562296055,"Human_Breast_Andersson_10142021_ST_F1"
"Human_Breast_Andersson_10142021_ST_F1_10x17",0.0544815674825951,0.059328227114129,0.00838013568397152,0.0224903110254782,0.0348414776867051,0.10178488880658,0.046611242725921,0.319815090665632,0.352267058808989,"Human_Breast_Andersson_10142021_ST_F1"
"Human_Breast_Andersson_10142021_ST_F1_10x18",0.0229770122129046,0.0300841185563124,0.0081533492463746,0.0920266540123132,0.200419512739129,0.145965633087482,0.0859183908343567,0.0523623799530114,0.362092949358117,"Human_Breast_Andersson_10142021_ST_F1"
"Human_Breast_Andersson_10142021_ST_F1_10x19",0.159437479174193,0.0308875697217432,0.00385726440520797,0.0441599068745367,0.114021504798753,0.0640819984660699,0.0260049301572279,0.273386540091352,0.284162806310917,"Human_Breast_Andersson_10142021_ST_F1"
"Human_Breast_Andersson_10142021_ST_F1_10x2",0.0979895196415812,0.0679049036490212,0.022182051001334,0.0299035047409086,0.0895881826518218,0.238797986931479,0.0163680752208096,0.0343836477043146,0.40288212845873,"Human_Breast_Andersson_10142021_ST_F1"
"Human_Breast_Andersson_10142021_ST_F1_10x20",0.0699790998688417,0.0292162044758568,0.0199732409931238,0.0590443045729118,0.12321531657076,0.142149805714742,0.0326852947166913,0.148079966024719,0.375656767062353,"Human_Breast_Andersson_10142021_ST_F1"
"Human_Breast_Andersson_10142021_ST_F1_10x21",0.105770965466274,0.0428128713181594,0.0396169842757393,0.0642042155974856,0.0815930194402108,0.129614921145143,0.0668791710559956,0.0771169755639528,0.39239087613704,"Human_Breast_Andersson_10142021_ST_F1"
"Human_Breast_Andersson_10142021_ST_F1_10x22",0.0983979419452209,0.0464881673948657,0.0108865973359042,0.0387456713725291,0.0719437320566259,0.10963866751594,0.0566357959230086,0.405000961270547,0.162262465185359,"Human_Breast_Andersson_10142021_ST_F1"
"Human_Breast_Andersson_10142021_ST_F1_10x23",0.0581151214639586,0.0570846495637649,0.0103400969674307,0.0149716766675888,0.0350484075639585,0.219031813906083,0.0415647508319711,0.307580166369591,0.256263316665653,"Human_Breast_Andersson_10142021_ST_F1"
"Human_Breast_Andersson_10142021_ST_F1_10x24",0.0822212227272241,0.0680805390308683,0.0264900139046424,0.101276386056447,0.234416672583724,0.204200409206618,0.0340811738876508,0.0944521363817483,0.154781446221076,"Human_Breast_Andersson_10142021_ST_F1"
"Human_Breast_Andersson_10142021_ST_F1_10x25",0.0492968617547654,0.0744213664879834,0.0201442565747508,0.0360540879017034,0.112320050573481,0.189094387806509,0.0157659745114515,0.250395330586455,0.2525076838029,"Human_Breast_Andersson_10142021_ST_F1"
"Human_Breast_Andersson_10142021_ST_F1_10x26",0.0773602639918282,0.0598007617889113,0.0178437933886161,0.0171882162788859,0.0383087127236382,0.123048448515954,0.0406931150122731,0.264058149575846,0.361698538724048,"Human_Breast_Andersson_10142021_ST_F1"
"Human_Breast_Andersson_10142021_ST_F1_10x27",0.035510614660425,0.0253369482566347,0.0208529998844958,0.0273870820566593,0.0897983081424727,0.177953285581981,0.0508248399383857,0.257262131081354,0.315073790397592,"Human_Breast_Andersson_10142021_ST_F1"
"Human_Breast_Andersson_10142021_ST_F1_10x28",0.0647211115196133,0.0393530711275359,0.0218397153483138,0.0568469570929184,0.144077623398539,0.189725325929375,0.0383426645300141,0.0767582214891999,0.368335309564491,"Human_Breast_Andersson_10142021_ST_F1"
"Human_Breast_Andersson_10142021_ST_F1_10x29",0.102282737138358,0.0430409994214197,0.00825901156775765,0.0300948349258893,0.120313340278323,0.221913052039548,0.0377328351590392,0.0794595665679829,0.356903622901683,"Human_Breast_Andersson_10142021_ST_F1"
"Human_Breast_Andersson_10142021_ST_F1_10x3",0.0530356001954503,0.0663458054540444,0.0174628398145185,0.0209470023810299,0.0948166484071984,0.141578584836194,0.0374840076405528,0.283649850189889,0.284679661081122,"Human_Breast_Andersson_10142021_ST_F1"
"Human_Breast_Andersson_10142021_ST_F1_10x30",0.0307539672596765,0.0887787947283275,0.00687775761048216,0.0103729164323142,0.0329497951234667,0.17207554833624,0.0162061220802394,0.372093194616434,0.269891903812819,"Human_Breast_Andersson_10142021_ST_F1"
"Human_Breast_Andersson_10142021_ST_F1_10x31",0.0814630155639093,0.071373235753364,0.0254660628829495,0.0638525192496333,0.188723387457427,0.18681087066779,0.0205484821548023,0.125592303266291,0.236170123003834,"Human_Breast_Andersson_10142021_ST_F1"
"Human_Breast_Andersson_10142021_ST_F1_10x32",0.0573660764237431,0.0690072318229281,0.0185975401791406,0.13404316136902,0.113197433454566,0.157814981808124,0.0220552347846174,0.145819076071105,0.282099264086756,"Human_Breast_Andersson_10142021_ST_F1"
"Human_Breast_Andersson_10142021_ST_F1_10x33",0.0518120286814142,0.0713814270466922,0.0196821941836325,0.0126248636894006,0.0758287831833834,0.160254940322008,0.0528060099261299,0.206669124275512,0.348940628691827,"Human_Breast_Andersson_10142021_ST_F1"
"Human_Breast_Andersson_10142021_ST_F1_10x4",0.0656917741088706,0.0548251500269702,0.0165959952500893,0.0592601516941457,0.0996322384692366,0.0733831325433962,0.0561043215204699,0.13590965689832,0.438597579488501,"Human_Breast_Andersson_10142021_ST_F1"
"Human_Breast_Andersson_10142021_ST_F1_10x5",0.043488499172772,0.0343230747216664,0.0141097623459155,0.0868814594208893,0.14438048233841,0.0865624755242614,0.0589391453729132,0.130197283138394,0.401117817964779,"Human_Breast_Andersson_10142021_ST_F1"
"Human_Breast_Andersson_10142021_ST_F1_10x6",0.0438418723199412,0.0501246293690912,0.0148607940028044,0.04161502077631,0.130780390457203,0.131088358126805,0.0672292984138914,0.0935651505413212,0.426894485992632,"Human_Breast_Andersson_10142021_ST_F1"
"Human_Breast_Andersson_10142021_ST_F1_10x7",0.0941013764963303,0.0550856618237972,0.0231330693907112,0.0373475570863589,0.0784199314537263,0.0984418224668898,0.0654551188088212,0.104136008990236,0.44387945348313,"Human_Breast_Andersson_10142021_ST_F1"
"Human_Breast_Andersson_10142021_ST_F1_10x8",0.0818025415213585,0.0444637561281025,0.0271165591753223,0.0940664367181941,0.252240514877389,0.0962289395263353,0.0498305406227403,0.0771874997562748,0.277063211674283,"Human_Breast_Andersson_10142021_ST_F1"
"Human_Breast_Andersson_10142021_ST_F1_10x9",0.124656496425582,0.0519863123091121,0.0145960358648288,0.073541184863705,0.132891643595788,0.0718832985279819,0.0381007343844171,0.200432315981881,0.291911978046705,"Human_Breast_Andersson_10142021_ST_F1"
"Human_Breast_Andersson_10142021_ST_F1_11x10",0.0629908410393298,0.0503286488166344,0.010883598067697,0.0452290910628763,0.106258742759529,0.134649217408199,0.0499420862498375,0.200584361710461,0.339133412885436,"Human_Breast_Andersson_10142021_ST_F1"
"Human_Breast_Andersson_10142021_ST_F1_11x12",0.0745185293289661,0.0491143630713329,0.011140733081891,0.0119451084175822,0.0824108070515255,0.139093605105182,0.0626378234695629,0.00192689583558203,0.567212134638376,"Human_Breast_Andersson_10142021_ST_F1"
"Human_Breast_Andersson_10142021_ST_F1_11x13",0.0674525899330473,0.101220355806001,0.012102499881273,0.0518944180009513,0.0958939650290486,0.220977067824024,0.0172016014507872,0.0542086735700618,0.379048828504805,"Human_Breast_Andersson_10142021_ST_F1"
"Human_Breast_Andersson_10142021_ST_F1_11x14",0.0341577463024054,0.0509531574679323,0.0295958406706029,0.0246461458547836,0.0975440798213133,0.24245704876121,0.0866988141927447,0.0691469665296976,0.36480020039931,"Human_Breast_Andersson_10142021_ST_F1"
"Human_Breast_Andersson_10142021_ST_F1_11x15",0.0976055596002934,0.0478794834854013,0.0292599168513936,0.0447657301901511,0.1381674479335,0.168991016539494,0.0444564987500393,0.0207855585775388,0.408088788072189,"Human_Breast_Andersson_10142021_ST_F1"
"Human_Breast_Andersson_10142021_ST_F1_11x16",0.102367403640527,0.0408582541030301,0.0298517006982338,0.0182538421441466,0.11507869454727,0.123547977175217,0.0730662800568742,0.0714717659320933,0.425504081702608,"Human_Breast_Andersson_10142021_ST_F1"
"Human_Breast_Andersson_10142021_ST_F1_11x17",0.0641031456754512,0.0550363033942264,0.0188868282842938,0.0694656246929781,0.095438311685935,0.11975462569273,0.0280864443101894,0.167018639673338,0.382210076590858,"Human_Breast_Andersson_10142021_ST_F1"
"Human_Breast_Andersson_10142021_ST_F1_11x18",0.0918843764563453,0.0387507651711156,0.00769110270680841,0.0636109306416347,0.142647757014507,0.129174584637387,0.0259724458200605,0.218505972140379,0.281762065411763,"Human_Breast_Andersson_10142021_ST_F1"
"Human_Breast_Andersson_10142021_ST_F1_11x19",0.0742090155174102,0.0497135304589018,0.0404714587085354,0.0487401768602605,0.0684977651259643,0.130492867010128,0.084935651285195,0.121288436092726,0.381651098940879,"Human_Breast_Andersson_10142021_ST_F1"
"Human_Breast_Andersson_10142021_ST_F1_11x20",0.0518449454990963,0.0257887365183081,0.0133387677601155,0.0225257737583518,0.0621231017427646,0.139909780306263,0.0574947046633795,0.229214887238394,0.397759302513328,"Human_Breast_Andersson_10142021_ST_F1"
"Human_Breast_Andersson_10142021_ST_F1_11x21",0.0447241983008438,0.07195431979357,0.0131888225368459,0.0643465339885116,0.0529295657277476,0.126731986514333,0.0671771274543165,0.0322037516362868,0.526743694047545,"Human_Breast_Andersson_10142021_ST_F1"
"Human_Breast_Andersson_10142021_ST_F1_11x22",0.0312732275617837,0.0534793161681552,0.0369394506443615,0.0301144943620058,0.0687032781407243,0.183054106125786,0.0501417590975365,0.17567439866278,0.370619969236867,"Human_Breast_Andersson_10142021_ST_F1"
"Human_Breast_Andersson_10142021_ST_F1_11x23",0.0647986002357176,0.0684557984762383,0.0220604547989922,0.0625215327601111,0.103813618409281,0.122781145678704,0.0243566152426421,0.207257141911179,0.323955092487134,"Human_Breast_Andersson_10142021_ST_F1"
"Human_Breast_Andersson_10142021_ST_F1_11x24",0.0212271210924189,0.0814662219672687,0.0220159196254425,0.0405595799590403,0.0632431340461747,0.217842743388189,0.0470172862847712,0.199973063059867,0.306654930576828,"Human_Breast_Andersson_10142021_ST_F1"
"Human_Breast_Andersson_10142021_ST_F1_11x25",0.0353828707073508,0.0603316625493398,0.0178985075954092,0.0671797032621494,0.10887320869665,0.249547464163705,0.019616271255599,0.0957151239420349,0.345455187827762,"Human_Breast_Andersson_10142021_ST_F1"
"Human_Breast_Andersson_10142021_ST_F1_11x26",0.0288093552099509,0.0813160847800869,0.0325352261817735,0.0386298284142037,0.0509769729982509,0.168789906881096,0.0460316524921278,0.181799070414395,0.371111902628115,"Human_Breast_Andersson_10142021_ST_F1"
"Human_Breast_Andersson_10142021_ST_F1_11x27",0.0503301224744011,0.0406166214607868,0.0133824707243847,0.0231520935955413,0.0668979175865611,0.193236335598632,0.049376640218314,0.166722357641156,0.396285440700223,"Human_Breast_Andersson_10142021_ST_F1"
"Human_Breast_Andersson_10142021_ST_F1_11x28",0.072951777209844,0.0523511155686395,0.016812109645307,0.0528569277766949,0.105962175332019,0.152663039397788,0.0620213405782644,0.202742861576249,0.281638652915194,"Human_Breast_Andersson_10142021_ST_F1"
"Human_Breast_Andersson_10142021_ST_F1_11x29",0.0805486369110477,0.0609296323790014,0.0206054506277907,0.072704217657665,0.139040992651104,0.16819203099429,0.039543266993619,0.192505036543367,0.225930735242115,"Human_Breast_Andersson_10142021_ST_F1"
"Human_Breast_Andersson_10142021_ST_F1_11x3",0.121690912090047,0.0701690347155539,0.0362768996405482,0.0396147293423919,0.106778293836176,0.115335547104685,0.0442797804764102,0.0523660226664246,0.413488780127764,"Human_Breast_Andersson_10142021_ST_F1"
"Human_Breast_Andersson_10142021_ST_F1_11x30",0.115099608772397,0.0727851460075855,0.0241502635272224,0.0336948603973254,0.106859949901736,0.180167289367542,0.0218496993398325,0.225803229409733,0.219589953276626,"Human_Breast_Andersson_10142021_ST_F1"
"Human_Breast_Andersson_10142021_ST_F1_11x31",0.0416377117411501,0.0705393465906656,0.0132106632475765,0.0163350449313454,0.159605920373605,0.219364784646677,0.0171781267602278,0.244851364899017,0.217277036809735,"Human_Breast_Andersson_10142021_ST_F1"
"Human_Breast_Andersson_10142021_ST_F1_11x32",0.0915181920774293,0.0793074735071781,0.0189087861799765,0.0294427705405376,0.0426891209484448,0.239188043352916,0.020080591254531,0.154699546147901,0.324165475991086,"Human_Breast_Andersson_10142021_ST_F1"
"Human_Breast_Andersson_10142021_ST_F1_11x4",0.0623660549929641,0.0426718349324067,0.0202165323927145,0.0206864360315222,0.134904320653766,0.121633403493379,0.0449914144617522,0.162158897720488,0.390371105321007,"Human_Breast_Andersson_10142021_ST_F1"
"Human_Breast_Andersson_10142021_ST_F1_11x5",0.0662663040076995,0.0432508366628977,0.0176795632025718,0.0400795782461826,0.0696306234565708,0.110162175763038,0.0475177635269704,0.136421705379701,0.468991449754368,"Human_Breast_Andersson_10142021_ST_F1"
"Human_Breast_Andersson_10142021_ST_F1_11x6",0.0916523632054499,0.0660794375405089,0.0299370955390072,0.071613201401046,0.139493378263878,0.115784295323817,0.0232250832077219,0.0109841360641652,0.451231009454405,"Human_Breast_Andersson_10142021_ST_F1"
"Human_Breast_Andersson_10142021_ST_F1_11x7",0.0695661785173444,0.0349764657171719,0.0151400730688253,0.0579183974632161,0.101580726771298,0.119137174562777,0.0208274381553069,0.23775926676397,0.34309427898009,"Human_Breast_Andersson_10142021_ST_F1"
"Human_Breast_Andersson_10142021_ST_F1_11x8",0.0704599415655616,0.0381738202453826,0.022735117621933,0.0423753645466602,0.104619428058114,0.0924783882907507,0.0652257414221686,0.047879523436588,0.516052674812841,"Human_Breast_Andersson_10142021_ST_F1"
"Human_Breast_Andersson_10142021_ST_F1_11x9",0.118359663727298,0.0535972048318107,0.0274985946045851,0.0590966639548574,0.144033895665004,0.227545424391516,0.0203832492366072,0.0664709001491395,0.283014403439183,"Human_Breast_Andersson_10142021_ST_F1"
"Human_Breast_Andersson_10142021_ST_F1_12x10",0.0657362369307661,0.041976941981528,0.0203249945030604,0.0719210488924052,0.130102410234679,0.0871114004934878,0.10884621238932,0.143843021238808,0.330137733335946,"Human_Breast_Andersson_10142021_ST_F1"
"Human_Breast_Andersson_10142021_ST_F1_12x11",0.0548484792704458,0.0658082892796527,0.016066404869891,0.0281982000243774,0.0788262990703502,0.125948906066488,0.0734016228306035,0.198704785500374,0.358197013087817,"Human_Breast_Andersson_10142021_ST_F1"
"Human_Breast_Andersson_10142021_ST_F1_12x12",0.0625847729889815,0.0422003995218949,0.0114777051493456,0.0655094847826442,0.0892317273260794,0.212146311258789,0.029958670595863,0.192611533150291,0.294279395226111,"Human_Breast_Andersson_10142021_ST_F1"
"Human_Breast_Andersson_10142021_ST_F1_12x13",0.0918628701936543,0.0669482860613003,0.0303513867541954,0.0318034349277442,0.106590562037338,0.0938455857030693,0.0483569923888281,0.101350509911196,0.428890372022674,"Human_Breast_Andersson_10142021_ST_F1"
"Human_Breast_Andersson_10142021_ST_F1_12x14",0.0495765569639237,0.0412257981249903,0.0110062451551074,0.0525041688717827,0.121458972498531,0.135505765052315,0.0691115520894053,0.22140034006987,0.298210601174075,"Human_Breast_Andersson_10142021_ST_F1"
"Human_Breast_Andersson_10142021_ST_F1_12x15",0.0637757496679507,0.0711652248843842,0.0418423218335777,0.0255831747559129,0.0742353773516393,0.0979770573358386,0.0451107148778642,0.153480625439694,0.426829753853139,"Human_Breast_Andersson_10142021_ST_F1"
"Human_Breast_Andersson_10142021_ST_F1_12x16",0.0629542409287398,0.0262785420276985,0.0199723640256446,0.0469332185800572,0.142714448495197,0.143498487980101,0.0615284653898679,0.148107101856191,0.348013130716504,"Human_Breast_Andersson_10142021_ST_F1"
"Human_Breast_Andersson_10142021_ST_F1_12x17",0.0927686185735143,0.0273153228245637,0.0147712159414762,0.0928763184756426,0.150373118999592,0.0957353112009692,0.0469175532817388,0.0211348721838744,0.458107668518629,"Human_Breast_Andersson_10142021_ST_F1"
"Human_Breast_Andersson_10142021_ST_F1_12x18",0.0603923605111585,0.0500016857410646,0.027382600389439,0.115450352590437,0.111316057790125,0.116121143170603,0.0257955643067244,0.159966909419312,0.333573326081137,"Human_Breast_Andersson_10142021_ST_F1"
"Human_Breast_Andersson_10142021_ST_F1_12x19",0.0837190597248109,0.0378638527035769,0.0107064287879119,0.0258953164070753,0.147755372721579,0.125829122687345,0.0336819530249681,0.183774654924936,0.350774239017797,"Human_Breast_Andersson_10142021_ST_F1"
"Human_Breast_Andersson_10142021_ST_F1_12x20",0.0346604080513363,0.0567001749567836,0.0108004765123341,0.0348828039303987,0.0734261475301419,0.0980829188319362,0.0791556427031687,0.24634801433291,0.365943413150991,"Human_Breast_Andersson_10142021_ST_F1"
"Human_Breast_Andersson_10142021_ST_F1_12x21",0.0957921470094583,0.0419531429343087,0.0217104655232166,0.030737943456004,0.0374166524856326,0.130879337197483,0.0430434181019526,0.243651106865678,0.354815786426267,"Human_Breast_Andersson_10142021_ST_F1"
"Human_Breast_Andersson_10142021_ST_F1_12x22",0.0990289370801573,0.073477330822565,0.0173137190511999,0.0466503922078124,0.0879878149644331,0.216511149968606,0.0249828179866393,0.0968141371345944,0.337233700783992,"Human_Breast_Andersson_10142021_ST_F1"
"Human_Breast_Andersson_10142021_ST_F1_12x23",0.107413366836795,0.0291444834832712,0.012551156332978,0.0358255342605294,0.12003627832845,0.182955801464969,0.0315478834905287,0.117532929758156,0.362992566044321,"Human_Breast_Andersson_10142021_ST_F1"
"Human_Breast_Andersson_10142021_ST_F1_12x24",0.0744377124847394,0.0754624924988634,0.0258928628325547,0.0189144048429272,0.0816350485550774,0.195648804816533,0.0345958830139177,0.248737973137306,0.244674817818082,"Human_Breast_Andersson_10142021_ST_F1"
"Human_Breast_Andersson_10142021_ST_F1_12x25",0.049915965206389,0.0914647357987465,0.0327071832305838,0.00893981105895825,0.0227764612461858,0.276268169262977,0.0120378215925922,0.184169312041283,0.321720540562284,"Human_Breast_Andersson_10142021_ST_F1"
"Human_Breast_Andersson_10142021_ST_F1_12x26",0.0422242697172525,0.071615572304826,0.02403923239001,0.0283620693875617,0.0514629503230742,0.218151198079593,0.0214690290177055,0.28370070024396,0.258974978536017,"Human_Breast_Andersson_10142021_ST_F1"
"Human_Breast_Andersson_10142021_ST_F1_12x27",0.0461907353599543,0.0399150169032787,0.0128320855510759,0.104365998279522,0.305080871360729,0.1890476498875,0.0340377442607567,0.0102418369365891,0.258288061460595,"Human_Breast_Andersson_10142021_ST_F1"
"Human_Breast_Andersson_10142021_ST_F1_12x28",0.0591740191734429,0.0315773780895275,0.0156558486112598,0.0190749684303174,0.0686077365202253,0.154030579955885,0.0366767401956748,0.345240510733608,0.269962218290059,"Human_Breast_Andersson_10142021_ST_F1"
"Human_Breast_Andersson_10142021_ST_F1_12x29",0.0686209094900555,0.10598159954444,0.016896693582455,0.0287306398815101,0.0793341699634564,0.191906243401763,0.0283198256461545,0.201852215976202,0.278357702513964,"Human_Breast_Andersson_10142021_ST_F1"
"Human_Breast_Andersson_10142021_ST_F1_12x3",0.0799942292052213,0.0497860060791371,0.0249285588228137,0.044863974114236,0.147344847863935,0.162409484068565,0.0507330415199829,0.137434027361841,0.302505830964268,"Human_Breast_Andersson_10142021_ST_F1"
"Human_Breast_Andersson_10142021_ST_F1_12x30",0.0739533304717847,0.0535978645281273,0.0352234364606472,0.0693084280428863,0.302277409671723,0.107790880644897,0.0177996827602382,0.0924578395493254,0.247591127870372,"Human_Breast_Andersson_10142021_ST_F1"
"Human_Breast_Andersson_10142021_ST_F1_12x31",0.0763085481536039,0.0689586414379525,0.0232802268946202,0.0748728064608052,0.0656868994641138,0.212794671057828,0.0329861108852695,0.197962076845889,0.247150018799918,"Human_Breast_Andersson_10142021_ST_F1"
"Human_Breast_Andersson_10142021_ST_F1_12x32",0.0747901286863102,0.0641162432142492,0.0245607863391809,0.0252353094802806,0.231487503356114,0.229685542067294,0.0385388933188293,0.103411729380848,0.208173864156893,"Human_Breast_Andersson_10142021_ST_F1"
"Human_Breast_Andersson_10142021_ST_F1_12x4",0.0507108413120705,0.0407110336330751,0.0136662278181044,0.0139904880822189,0.0443718584094507,0.0842845600494288,0.0591747232959762,0.242590883057116,0.45049938434256,"Human_Breast_Andersson_10142021_ST_F1"
"Human_Breast_Andersson_10142021_ST_F1_12x5",0.059880028246696,0.0449311298586933,0.0227628266060002,0.064530200814927,0.065053441754079,0.161814673403061,0.051293851716529,0.112155051447416,0.417578796152599,"Human_Breast_Andersson_10142021_ST_F1"
"Human_Breast_Andersson_10142021_ST_F1_12x6",0.068338533845858,0.0488629661854106,0.0263500502705167,0.0407565899892254,0.0478834924126011,0.147415287297425,0.0474449195807181,0.212227385643345,0.360720774774901,"Human_Breast_Andersson_10142021_ST_F1"
"Human_Breast_Andersson_10142021_ST_F1_12x7",0.0373649576652514,0.0653863228415694,0.0223920568178184,0.0398637038287064,0.0785199005224037,0.140465655159801,0.0350518284458747,0.1388969082849,0.442058666433675,"Human_Breast_Andersson_10142021_ST_F1"
"Human_Breast_Andersson_10142021_ST_F1_12x8",0.104609114528242,0.0358426161372383,0.0199017379147624,0.0569711563978811,0.0869423690612078,0.164084091854147,0.0340475238555583,0.140434117183445,0.357167273067518,"Human_Breast_Andersson_10142021_ST_F1"
"Human_Breast_Andersson_10142021_ST_F1_12x9",0.0508792557502235,0.0189065374421774,0.0213235330312996,0.0116517534389123,0.148832594780508,0.12746961175946,0.0899602698105509,0.00959987903935501,0.521376564947513,"Human_Breast_Andersson_10142021_ST_F1"
"Human_Breast_Andersson_10142021_ST_F1_13x10",0.0687115466327085,0.0243704235627256,0.0256776403030277,0.0348175225438084,0.117036981100047,0.148968412562693,0.0293168740958278,0.0475563723237559,0.503544226875406,"Human_Breast_Andersson_10142021_ST_F1"
"Human_Breast_Andersson_10142021_ST_F1_13x11",0.0849314694666237,0.0854314970488167,0.0234324023784432,0.0509406690529524,0.0846287322570087,0.234135224326773,0.0357026489247037,0.112458435339992,0.288338921204687,"Human_Breast_Andersson_10142021_ST_F1"
"Human_Breast_Andersson_10142021_ST_F1_13x12",0.0620144407571497,0.0749893124753295,0.0210402946022875,0.0246640522750908,0.131879936678224,0.223636120183611,0.0303643923599815,0.0642971825074869,0.36711426816084,"Human_Breast_Andersson_10142021_ST_F1"
"Human_Breast_Andersson_10142021_ST_F1_13x13",0.0306726864689431,0.0372362669920212,0.0152253435074833,0.0285469509850958,0.0654861762141872,0.159539073001257,0.0558869479985833,0.130501467913911,0.476905086918519,"Human_Breast_Andersson_10142021_ST_F1"
"Human_Breast_Andersson_10142021_ST_F1_13x14",0.0931593344618655,0.0592723820226262,0.0302971805758448,0.0315901097006959,0.179094351769878,0.141176453262937,0.0394561494928228,0.131521240720697,0.294432797992633,"Human_Breast_Andersson_10142021_ST_F1"
"Human_Breast_Andersson_10142021_ST_F1_13x15",0.0313187220371798,0.0765070764386986,0.0091845562747311,0.0425836598692918,0.16383339988821,0.106491084023614,0.0347751001666909,0.179114705070614,0.35619169623097,"Human_Breast_Andersson_10142021_ST_F1"
"Human_Breast_Andersson_10142021_ST_F1_13x16",0.0768202588832523,0.0244946402034725,0.00950047197154965,0.0295450156806909,0.0995358169772661,0.0777106406463294,0.0330937704083904,0.238760328278393,0.410539056950656,"Human_Breast_Andersson_10142021_ST_F1"
"Human_Breast_Andersson_10142021_ST_F1_13x17",0.0453478069124569,0.0504490343583102,0.0145343140566085,0.0854015904433597,0.16315401585315,0.09113452949646,0.0319869590645374,0.105849521028271,0.412142228786846,"Human_Breast_Andersson_10142021_ST_F1"
"Human_Breast_Andersson_10142021_ST_F1_13x18",0.0654383210044642,0.028697686089827,0.0152034362627608,0.0177777897164979,0.112244635702603,0.239347152772672,0.066939445218691,0.107839748766025,0.346511784466459,"Human_Breast_Andersson_10142021_ST_F1"
"Human_Breast_Andersson_10142021_ST_F1_13x19",0.0665148403813244,0.0386471998194663,0.0109813060957941,0.0293197822118972,0.0612761283976672,0.161918427990547,0.128982839737692,0.125332928984033,0.377026546381579,"Human_Breast_Andersson_10142021_ST_F1"
"Human_Breast_Andersson_10142021_ST_F1_13x20",0.104752089756396,0.0548011927432862,0.0226550851672368,0.0409280917221616,0.0876216733684959,0.149665272483608,0.041352999694604,0.26436482912804,0.233858765936171,"Human_Breast_Andersson_10142021_ST_F1"
"Human_Breast_Andersson_10142021_ST_F1_13x21",0.112093434264681,0.0340955651098206,0.0320664552867271,0.100029214314203,0.0913573723849294,0.165974938261134,0.0509644351325112,0.184322133006855,0.229096452239139,"Human_Breast_Andersson_10142021_ST_F1"
"Human_Breast_Andersson_10142021_ST_F1_13x22",0.0315753447431679,0.0755968843363463,0.0222081137160603,0.0270134700489274,0.107638781201859,0.116992884981697,0.0189942987642308,0.215578941668728,0.384401280538983,"Human_Breast_Andersson_10142021_ST_F1"
"Human_Breast_Andersson_10142021_ST_F1_13x23",0.0742479763820551,0.060017166239643,0.0237072325945634,0.0298442116057273,0.0605685977172643,0.160604665473222,0.0637408168910052,0.100211691471402,0.427057641625117,"Human_Breast_Andersson_10142021_ST_F1"
"Human_Breast_Andersson_10142021_ST_F1_13x24",0.0489316514184052,0.0505751818744516,0.0124122330269668,0.0424539025529275,0.209276974314211,0.114693857761928,0.0727777182809196,0.100189458939881,0.348689021830309,"Human_Breast_Andersson_10142021_ST_F1"
"Human_Breast_Andersson_10142021_ST_F1_13x25",0.0518618674410812,0.0705163489217517,0.0405880214622598,0.0452365335490255,0.072068875867864,0.224196467856184,0.0546300890978481,0.208719327312278,0.232182468491708,"Human_Breast_Andersson_10142021_ST_F1"
"Human_Breast_Andersson_10142021_ST_F1_13x26",0.0993508045417242,0.0732804067864274,0.012804252982645,0.0430571124252742,0.0557869690249827,0.225287984668166,0.0496230727229638,0.185095416327784,0.255713980520033,"Human_Breast_Andersson_10142021_ST_F1"
"Human_Breast_Andersson_10142021_ST_F1_13x27",0.0716705685822412,0.0836678770453233,0.0123177109923429,0.0355653275577153,0.0809634445230885,0.220357802795003,0.0491487764430844,0.113598784150215,0.332709707910986,"Human_Breast_Andersson_10142021_ST_F1"
"Human_Breast_Andersson_10142021_ST_F1_13x28",0.0890699683531418,0.0988857482466417,0.0160016480002756,0.0112339421447359,0.0307869618237095,0.192685742530482,0.0376575160560698,0.281220461522488,0.242458011322457,"Human_Breast_Andersson_10142021_ST_F1"
"Human_Breast_Andersson_10142021_ST_F1_13x29",0.108543786101869,0.0942304736378095,0.0143526967985972,0.0587424718165728,0.0494357422144974,0.192161956535332,0.0461623038666816,0.0878083783934211,0.34856219063522,"Human_Breast_Andersson_10142021_ST_F1"
"Human_Breast_Andersson_10142021_ST_F1_13x30",0.0785849537833603,0.0480970155576269,0.00967262163042504,0.0404952222515269,0.0536416099155608,0.156257795761327,0.021624390672804,0.358704696163233,0.232921694264136,"Human_Breast_Andersson_10142021_ST_F1"
"Human_Breast_Andersson_10142021_ST_F1_13x31",0.0633020025986381,0.0538511148401991,0.0223033491308756,0.0410286894386957,0.095879179528869,0.165464432853422,0.0414633081511343,0.234920658109453,0.281787265348712,"Human_Breast_Andersson_10142021_ST_F1"
"Human_Breast_Andersson_10142021_ST_F1_13x32",0.0461384278579265,0.0636483210099608,0.0194390652554946,0.0499897493931791,0.0593337019622532,0.19241351275999,0.017161442169719,0.190191209985027,0.36168456960645,"Human_Breast_Andersson_10142021_ST_F1"
"Human_Breast_Andersson_10142021_ST_F1_13x4",0.125221335573036,0.045805551852345,0.0165279167715639,0.0219464642683376,0.131014631440162,0.13739164908203,0.0469315890632748,0.127691215633856,0.347469646315393,"Human_Breast_Andersson_10142021_ST_F1"
"Human_Breast_Andersson_10142021_ST_F1_13x5",0.105853047212466,0.0283170996901559,0.022313373475881,0.042326732991367,0.14391975578968,0.12996989216836,0.0466596233697255,0.106142113293075,0.37449836200929,"Human_Breast_Andersson_10142021_ST_F1"
"Human_Breast_Andersson_10142021_ST_F1_13x6",0.0668598085969995,0.0490642973807419,0.00914243662634592,0.0424761726697161,0.0638303239050945,0.157514706059272,0.0283820627130442,0.213935171492559,0.368795020556226,"Human_Breast_Andersson_10142021_ST_F1"
"Human_Breast_Andersson_10142021_ST_F1_13x7",0.0385997810844202,0.0259155841658433,0.0208668622582566,0.0193873244849076,0.0352333710746601,0.0828177883437257,0.0146685445022128,0.11941522634488,0.643095517741094,"Human_Breast_Andersson_10142021_ST_F1"
"Human_Breast_Andersson_10142021_ST_F1_13x8",0.0618039692485058,0.0473468587915501,0.0158169158646012,0.0536864091088314,0.0575977987436497,0.111518200378085,0.0361385593811184,0.2017530708999,0.414338217583758,"Human_Breast_Andersson_10142021_ST_F1"
"Human_Breast_Andersson_10142021_ST_F1_13x9",0.0146767698865011,0.0381759708375621,0.0187437253470775,0.0642416261627329,0.141548079243347,0.118053764365011,0.0249310282668258,0.138515419058345,0.441113616832598,"Human_Breast_Andersson_10142021_ST_F1"
"Human_Breast_Andersson_10142021_ST_F1_14x10",0.0886749199861355,0.0558507241888551,0.0074376770694996,0.0315439451596651,0.168125503734296,0.153549576670939,0.0268304791598299,0.124923166173659,0.343064007857121,"Human_Breast_Andersson_10142021_ST_F1"
"Human_Breast_Andersson_10142021_ST_F1_14x11",0.0575833318427358,0.104396673930499,0.0155641233196417,0.0478034384420581,0.0797853804193269,0.113393120887477,0.0261664785511748,0.142570300353222,0.412737152253865,"Human_Breast_Andersson_10142021_ST_F1"
"Human_Breast_Andersson_10142021_ST_F1_14x12",0.055735176108277,0.047189016228272,0.0404192431218259,0.0127621663094561,0.0517219855442845,0.229342039368016,0.0607064793677675,0.152262596051536,0.349861297900565,"Human_Breast_Andersson_10142021_ST_F1"
"Human_Breast_Andersson_10142021_ST_F1_14x13",0.0425435885263004,0.062779895471032,0.0137816090712294,0.222452847508165,0.100815240217045,0.156612356625912,0.0225523646664203,0.0508001850961361,0.32766191281776,"Human_Breast_Andersson_10142021_ST_F1"
"Human_Breast_Andersson_10142021_ST_F1_14x14",0.0504636346972125,0.0311773247453224,0.0126955642320092,0.0469454139933163,0.0534436287153778,0.0766242887925749,0.0423017099917564,0.220912395165147,0.465436039667284,"Human_Breast_Andersson_10142021_ST_F1"
"Human_Breast_Andersson_10142021_ST_F1_14x15",0.0619119383972423,0.0347579555482376,0.0167804785183936,0.072731235111557,0.169513702221245,0.122440017076185,0.0424392776942832,0.0510671136558081,0.428358281777048,"Human_Breast_Andersson_10142021_ST_F1"
"Human_Breast_Andersson_10142021_ST_F1_14x16",0.0656895779194627,0.0515912124174287,0.0268839662647472,0.0225870655334687,0.0593026641414585,0.160847198565516,0.0631469899754927,0.107101562987181,0.442849762195245,"Human_Breast_Andersson_10142021_ST_F1"
"Human_Breast_Andersson_10142021_ST_F1_14x17",0.165084445936965,0.0356125799188918,0.0204121138799833,0.0300976273350227,0.0575822681352454,0.116249675089453,0.0218353466960196,0.249912751891742,0.303213191116678,"Human_Breast_Andersson_10142021_ST_F1"
"Human_Breast_Andersson_10142021_ST_F1_14x18",0.0555522680010297,0.044856527448542,0.0153137470696478,0.020665197504901,0.0203835267695828,0.0965683077106077,0.0616288821596182,0.278465763664761,0.40656577967131,"Human_Breast_Andersson_10142021_ST_F1"
"Human_Breast_Andersson_10142021_ST_F1_14x19",0.0791019876258204,0.0366032422055533,0.0266691318426802,0.0546518921513108,0.218212654551392,0.169043752421166,0.0241731957263412,0.0191707145389263,0.372373428936809,"Human_Breast_Andersson_10142021_ST_F1"
"Human_Breast_Andersson_10142021_ST_F1_14x20",0.0933548513863669,0.0254035535004354,0.0228415311086631,0.0945807044950678,0.122712945834612,0.128903079964647,0.038926988949248,0.169882084888961,0.303394259871998,"Human_Breast_Andersson_10142021_ST_F1"
"Human_Breast_Andersson_10142021_ST_F1_14x21",0.095408355010343,0.0462882565295502,0.0175316513824455,0.0521596943621358,0.0950934707252599,0.197722063693692,0.0446443610589026,0.0379341545536484,0.413217992684022,"Human_Breast_Andersson_10142021_ST_F1"
"Human_Breast_Andersson_10142021_ST_F1_14x22",0.108246111063563,0.0492190313753189,0.0479879782625513,0.106754002339503,0.0958729017303246,0.132363812582275,0.0206553296669785,0.168034399230541,0.270866433748945,"Human_Breast_Andersson_10142021_ST_F1"
"Human_Breast_Andersson_10142021_ST_F1_14x23",0.0468799182934558,0.0309870849824522,0.021192672926485,0.0313793347158169,0.200119561545433,0.0862532359233704,0.0276479050193295,0.276825733684454,0.278714552909203,"Human_Breast_Andersson_10142021_ST_F1"
"Human_Breast_Andersson_10142021_ST_F1_14x24",0.0667255776944728,0.056171327348893,0.0338583323537811,0.0418869638692447,0.0790457417762658,0.0940685669324391,0.04496607141706,0.0961011695901662,0.487176249017677,"Human_Breast_Andersson_10142021_ST_F1"
"Human_Breast_Andersson_10142021_ST_F1_14x25",0.0815428745192114,0.0469496151107913,0.013955584802857,0.0510291293840932,0.0880318954633744,0.201804691044915,0.0196450893109076,0.213459357771861,0.283581762591989,"Human_Breast_Andersson_10142021_ST_F1"
"Human_Breast_Andersson_10142021_ST_F1_14x26",0.0816472245205542,0.0260993727077737,0.011528896496229,0.0508560998438171,0.13907113632099,0.128786208644138,0.0608086364810243,0.267914570027695,0.233287854957779,"Human_Breast_Andersson_10142021_ST_F1"
"Human_Breast_Andersson_10142021_ST_F1_14x27",0.0611768606337489,0.0535293522090141,0.0127613038339055,0.0088845691208195,0.0727399031401693,0.182203453764527,0.0316187307425091,0.177315323400256,0.399770503155051,"Human_Breast_Andersson_10142021_ST_F1"
"Human_Breast_Andersson_10142021_ST_F1_14x28",0.0712617984509354,0.0725097799950768,0.0168495882604635,0.0708736838653101,0.0905056515756474,0.153208779350951,0.0562598755934468,0.0834224981378011,0.385108344770368,"Human_Breast_Andersson_10142021_ST_F1"
"Human_Breast_Andersson_10142021_ST_F1_14x29",0.0903114267485516,0.0589354770572953,0.0305293010127589,0.0550993726521139,0.120659091405191,0.199299447040016,0.0592455061103909,0.0447962257711116,0.341124152202571,"Human_Breast_Andersson_10142021_ST_F1"
"Human_Breast_Andersson_10142021_ST_F1_14x30",0.0780250737464724,0.0879020615773277,0.0234731271271956,0.0292679897719966,0.0209790880773315,0.151192554129705,0.0184839028987275,0.23247021056459,0.358205992106653,"Human_Breast_Andersson_10142021_ST_F1"
"Human_Breast_Andersson_10142021_ST_F1_14x31",0.0680405137962703,0.0638689040951411,0.0306879489534402,0.0721108017561221,0.120899128380921,0.149052380212117,0.0260978199850839,0.278550562193761,0.190691940627142,"Human_Breast_Andersson_10142021_ST_F1"
"Human_Breast_Andersson_10142021_ST_F1_14x33",0.123151670516551,0.0493359786759266,0.0234209758123041,0.0211001468119468,0.0932173825345273,0.136656863767579,0.0209946309375797,0.188031382843473,0.344090968100112,"Human_Breast_Andersson_10142021_ST_F1"
"Human_Breast_Andersson_10142021_ST_F1_14x4",0.0560442209522967,0.0940758927316842,0.0493772515036649,0.0250596713845758,0.0723940431314745,0.177427739418684,0.0481408913415029,0.153257137579971,0.324223151956146,"Human_Breast_Andersson_10142021_ST_F1"
"Human_Breast_Andersson_10142021_ST_F1_14x5",0.0627737367645852,0.0430504582546481,0.0137607229874392,0.0545125437747601,0.153753544741575,0.136583080076097,0.0382511137807308,0.0931529795672504,0.404161820052913,"Human_Breast_Andersson_10142021_ST_F1"
"Human_Breast_Andersson_10142021_ST_F1_14x6",0.0812396326343167,0.0699704611172622,0.0389731303245066,0.0316833201715358,0.143782380845256,0.221230505485865,0.0199900564220445,0.116653636907687,0.276476876091526,"Human_Breast_Andersson_10142021_ST_F1"
"Human_Breast_Andersson_10142021_ST_F1_14x7",0.0678000837726433,0.0408223153942405,0.00947920690386906,0.0134173260375402,0.040784043357869,0.106608412227752,0.0686187037679368,0.251236964997883,0.401232943540267,"Human_Breast_Andersson_10142021_ST_F1"
"Human_Breast_Andersson_10142021_ST_F1_14x8",0.0366709138146451,0.0615667726811682,0.0169691100640545,0.0561411111744321,0.145111089935904,0.132751136019854,0.0489677941506957,0.101409668043416,0.40041240411583,"Human_Breast_Andersson_10142021_ST_F1"
"Human_Breast_Andersson_10142021_ST_F1_14x9",0.0445685876555372,0.0402152822171645,0.00933040174987556,0.0477422592323006,0.103262932655793,0.11919924092616,0.0887103126051978,0.0134063841675363,0.533564598790434,"Human_Breast_Andersson_10142021_ST_F1"
"Human_Breast_Andersson_10142021_ST_F1_15x10",0.0485344117937548,0.0393488107111166,0.0126139099879621,0.0288422570109566,0.135403941287819,0.0725644876181915,0.036276144960883,0.272085411797302,0.354330624832015,"Human_Breast_Andersson_10142021_ST_F1"
"Human_Breast_Andersson_10142021_ST_F1_15x11",0.063678712475378,0.0423440515043851,0.0172043145202304,0.0518152226364336,0.116341922258156,0.176694423714396,0.034445892908338,0.249863805920188,0.247611654062494,"Human_Breast_Andersson_10142021_ST_F1"
"Human_Breast_Andersson_10142021_ST_F1_15x12",0.0586330286632367,0.0552751335079995,0.022605136924604,0.0412980919350335,0.088251495482074,0.235141066383904,0.0270396741321629,0.160033979511185,0.3117223934598,"Human_Breast_Andersson_10142021_ST_F1"
"Human_Breast_Andersson_10142021_ST_F1_15x13",0.053673992594905,0.0206941509353623,0.0208942639126549,0.106070235062216,0.0846843317346754,0.0853521134572907,0.0240657824397103,0.232251783995915,0.37231334586727,"Human_Breast_Andersson_10142021_ST_F1"
"Human_Breast_Andersson_10142021_ST_F1_15x14",0.0663216990677783,0.074108573085888,0.0110014261253525,0.118661165882587,0.232577970644568,0.119027304569826,0.024099823251736,0.0253140258139481,0.328888011558316,"Human_Breast_Andersson_10142021_ST_F1"
"Human_Breast_Andersson_10142021_ST_F1_15x15",0.0319381080901191,0.0503099671490865,0.00937649723774712,0.0228180926544579,0.043334080603547,0.177707987866252,0.0449399398677617,0.036843018067586,0.582732308463442,"Human_Breast_Andersson_10142021_ST_F1"
"Human_Breast_Andersson_10142021_ST_F1_15x16",0.0718347198602894,0.0666598391820314,0.0127051655019596,0.0482458917258948,0.0836676217842508,0.156594240703896,0.0567540044976196,0.146134779193098,0.357403737550961,"Human_Breast_Andersson_10142021_ST_F1"
"Human_Breast_Andersson_10142021_ST_F1_15x17",0.0388797422404211,0.0837803026061315,0.00721900935369483,0.0246579929718627,0.0418199619229179,0.165134051580844,0.0404270205194164,0.0588497674845001,0.539232151320212,"Human_Breast_Andersson_10142021_ST_F1"
