"","Endothelial","CAFs","PVL","B-cells","T-cells","Myeloid","Normal Epithelial","Plasmablasts","Cancer Epithelial","sid"
"Human_Breast_He_06222020_ST_BC23269_C1_30x25",0.00729119365571928,0.0921330991460774,0.00551638494995688,0.0716623782934023,0.0237658268819021,0.151099964995817,0.072036550116229,0.218014828584008,0.358479773376888,"Human_Breast_He_06222020_ST_BC23269_C1"
"Human_Breast_He_06222020_ST_BC23269_C1_23x20",0.00490813399932505,0.0351526546799539,0.00183177839846963,0.00104239043405776,0.00232217163012557,0.142592666579276,0.066945255841888,0.0494445778490585,0.695760370587845,"Human_Breast_He_06222020_ST_BC23269_C1"
"Human_Breast_He_06222020_ST_BC23269_C1_23x21",0.00542622820421083,0.016519156007412,0.00152953341019934,0.000678949704390887,0.000983408198690936,0.255753765345989,0.0550179662052056,0.111861356621632,0.55222963630227,"Human_Breast_He_06222020_ST_BC23269_C1"
"Human_Breast_He_06222020_ST_BC23269_C1_23x22",0.00679281428996117,0.0301745041276686,0.000836559853092012,2.92176162478261e-05,6.49284225233656e-05,0.204373048096792,0.0633579012290484,0.131887574792317,0.56248345157235,"Human_Breast_He_06222020_ST_BC23269_C1"
"Human_Breast_He_06222020_ST_BC23269_C1_23x23",0.0201575760931631,0.0362661870812399,0.00287311497157574,9.55055549548382e-05,0.000801241323039683,0.311111404749127,0.0832533454507292,0.0467131866211253,0.498728438155045,"Human_Breast_He_06222020_ST_BC23269_C1"
"Human_Breast_He_06222020_ST_BC23269_C1_23x24",0.0310957578165946,0.0658992279488632,0.00454344103975152,0.000259431387229604,0.000909879864559505,0.200966205437392,0.0765853069335305,0.0404346657992637,0.579306083772815,"Human_Breast_He_06222020_ST_BC23269_C1"
"Human_Breast_He_06222020_ST_BC23269_C1_23x25",0.0403184154352258,0.0851778424402851,0.0254745082267662,0.0186853258976268,0.0109493535091521,0.30919867186273,0.113034898758549,0.13391535855189,0.263245625317775,"Human_Breast_He_06222020_ST_BC23269_C1"
"Human_Breast_He_06222020_ST_BC23269_C1_23x26",0.00613928275010847,0.0619376122276143,0.000559014583838092,0.000682254585201145,0.00156778786921181,0.18871766170247,0.184576891529128,0.115085860403703,0.440733634348725,"Human_Breast_He_06222020_ST_BC23269_C1"
"Human_Breast_He_06222020_ST_BC23269_C1_23x28",0.0140833560816691,0.0717921429195125,0.0141076189136883,0.000507009974862135,0.00119679124544997,0.221634158467295,0.160222570927125,0.112923603699323,0.403532747771076,"Human_Breast_He_06222020_ST_BC23269_C1"
"Human_Breast_He_06222020_ST_BC23269_C1_23x29",0.027015289865445,0.0793687931224239,0.0111952610312501,0.0044594427467889,0.00493350360964903,0.290697042314639,0.0301998943502085,0.146847814782066,0.40528295817753,"Human_Breast_He_06222020_ST_BC23269_C1"
"Human_Breast_He_06222020_ST_BC23269_C1_30x21",0.0198156247806816,0.0467933170913195,0.00616075598084558,0.00130636973520184,0.00246571710618945,0.206256284703047,0.0596758960418463,0.216683541250456,0.440842493310413,"Human_Breast_He_06222020_ST_BC23269_C1"
"Human_Breast_He_06222020_ST_BC23269_C1_18x28",0.0188449167761075,0.105183297789774,0.0275192139656094,0.00222414448090541,0.00277810550731911,0.280825029300893,0.119999419442627,0.143347698037612,0.299278174699153,"Human_Breast_He_06222020_ST_BC23269_C1"
"Human_Breast_He_06222020_ST_BC23269_C1_18x29",0.0238872799417818,0.0511955188834562,0.0455729003842441,0.0380866392246229,0.00382816145058251,0.230965912599478,0.0646176473573996,0.333897243015754,0.207948697142681,"Human_Breast_He_06222020_ST_BC23269_C1"
"Human_Breast_He_06222020_ST_BC23269_C1_18x26",0.00758125562108673,0.0846531694776778,0.00445708855862661,0.000220690752913664,0.000509695750985156,0.226433030624709,0.181974895647435,0.188124839471541,0.306045334095024,"Human_Breast_He_06222020_ST_BC23269_C1"
"Human_Breast_He_06222020_ST_BC23269_C1_20x25",0.0190733719441047,0.0808904625902673,0.00315367123475317,0.000747678975971111,0.000857297332121891,0.241303930851013,0.136370029223435,0.13814743723233,0.379456120616004,"Human_Breast_He_06222020_ST_BC23269_C1"
"Human_Breast_He_06222020_ST_BC23269_C1_18x24",0.020249822844646,0.0823567781680842,0.00523191484643418,0.00159281470954027,0.0020687107764641,0.164192283340685,0.236174427362395,0.0318464343836066,0.456286813568145,"Human_Breast_He_06222020_ST_BC23269_C1"
"Human_Breast_He_06222020_ST_BC23269_C1_18x25",0.00663422882558043,0.100914078078492,0.00181729630739531,0.0010723745556858,0.000741237448929794,0.242167550070989,0.102814826466167,0.196637677027273,0.347200731219488,"Human_Breast_He_06222020_ST_BC23269_C1"
"Human_Breast_He_06222020_ST_BC23269_C1_18x22",0.0249502299891197,0.0732649521702704,0.00387085809043883,7.61984371900912e-05,0.000589142100444617,0.222971882155043,0.209464013364587,0.0078235823040614,0.456989141388845,"Human_Breast_He_06222020_ST_BC23269_C1"
"Human_Breast_He_06222020_ST_BC23269_C1_18x23",0.0110065442580016,0.0328108644374707,0.00895378189185746,0.0418966900058954,0.0137128049055503,0.108745958123787,0.442560271358165,0.0975172940403447,0.242795790978928,"Human_Breast_He_06222020_ST_BC23269_C1"
"Human_Breast_He_06222020_ST_BC23269_C1_18x20",0.0271469885432326,0.0755195997578108,0.00661208725153945,0.000725768128897242,0.00159660023783985,0.258577689265171,0.220241093752024,0.0247088853336371,0.384871287729848,"Human_Breast_He_06222020_ST_BC23269_C1"
"Human_Breast_He_06222020_ST_BC23269_C1_18x21",0.0190301117171125,0.0696864952397784,0.00239762567489804,0.00356960915629937,0.00236413298899848,0.17582074552267,0.19312600093265,0.165310409009957,0.368694869757636,"Human_Breast_He_06222020_ST_BC23269_C1"
"Human_Breast_He_06222020_ST_BC23269_C1_5x15",0.0169620520434821,0.0296336005578698,0.00436827166138469,0.000548420371104771,0.00140232379794005,0.129055886551864,0.0430392480639969,0.369167013231377,0.405823183720981,"Human_Breast_He_06222020_ST_BC23269_C1"
"Human_Breast_He_06222020_ST_BC23269_C1_23x27",0.0134483743527676,0.0212198188210559,0.00297395898979399,0.000205151168217767,0.000895102453189008,0.211256163705789,0.0799652027795058,0.241552113098256,0.428484114631425,"Human_Breast_He_06222020_ST_BC23269_C1"
"Human_Breast_He_06222020_ST_BC23269_C1_30x23",0.0545974428442617,0.14913998800335,0.0412548245615411,0.011741800498921,0.00572630142579729,0.219697273018827,0.115627491770873,0.0370068013299434,0.365208076546486,"Human_Breast_He_06222020_ST_BC23269_C1"
"Human_Breast_He_06222020_ST_BC23269_C1_11x14",0.010262678905278,0.146054948374746,0.00904631024320708,0.00682073017942832,0.00429226866603531,0.233005156709491,0.176338970537624,0.0828286209737834,0.331350315410407,"Human_Breast_He_06222020_ST_BC23269_C1"
"Human_Breast_He_06222020_ST_BC23269_C1_8x23",0.0234473092648768,0.0473933901057564,0.010186174521575,0.0103863913300292,0.00547145930755523,0.202199126654852,0.110846297889786,0.253010184231665,0.337059666693905,"Human_Breast_He_06222020_ST_BC23269_C1"
"Human_Breast_He_06222020_ST_BC23269_C1_11x16",0.0332798082426854,0.0879107861461295,0.000925285107025456,0.000413389453322583,0.000781407485474637,0.256054096290611,0.12725120263216,0.133469214738153,0.359914809904438,"Human_Breast_He_06222020_ST_BC23269_C1"
"Human_Breast_He_06222020_ST_BC23269_C1_8x21",0.00922528176559602,0.0542345237366499,0.0034803338330324,0.000888132027578768,0.000307409657704381,0.1961389589837,0.0539288088092814,0.390347324292823,0.291449226893633,"Human_Breast_He_06222020_ST_BC23269_C1"
"Human_Breast_He_06222020_ST_BC23269_C1_8x26",0.00955081521472204,0.073097308978863,0.00283308576621362,0.00215922886531018,0.00204687645415325,0.238323526424112,0.13767002376132,0.169525480815725,0.364793653719581,"Human_Breast_He_06222020_ST_BC23269_C1"
"Human_Breast_He_06222020_ST_BC23269_C1_8x24",0.0156343713992372,0.0618251782965883,0.0010785328921993,0.000130197001488161,0.00010108469836715,0.279214399209254,0.119745335713955,0.0875383832194319,0.434732517569479,"Human_Breast_He_06222020_ST_BC23269_C1"
"Human_Breast_He_06222020_ST_BC23269_C1_8x15",0.0132398955707017,0.186220119089474,0.00292884619695672,0.0017334126655998,0.00128316196866231,0.226249879904501,0.106317551958884,0.243659011836444,0.218368120808776,"Human_Breast_He_06222020_ST_BC23269_C1"
"Human_Breast_He_06222020_ST_BC23269_C1_20x30",0.022344263325972,0.144735864311437,0.014224000870621,0.000766162791528457,0.000715858935292918,0.220805205527883,0.119207865582885,0.097601357245231,0.379599421409149,"Human_Breast_He_06222020_ST_BC23269_C1"
"Human_Breast_He_06222020_ST_BC23269_C1_8x14",0.0253027615956485,0.14546501333265,0.0261560027376098,0.00137910251913771,0.0011162927987763,0.191300718514887,0.0932513051217546,0.302640819974037,0.213387983405499,"Human_Breast_He_06222020_ST_BC23269_C1"
"Human_Breast_He_06222020_ST_BC23269_C1_18x27",0.069355433546653,0.105772027400548,0.0205381779507369,0.002185238704641,0.00428134970842821,0.198940917493139,0.29389557681183,0.0639573379144932,0.24107394046953,"Human_Breast_He_06222020_ST_BC23269_C1"
"Human_Breast_He_06222020_ST_BC23269_C1_23x19",0.00411304155897771,0.0159217259305249,0.001295156057846,0.00243562319282742,0.000992779562951262,0.254650725163324,0.148501613635551,0.134943672048129,0.437145662849869,"Human_Breast_He_06222020_ST_BC23269_C1"
"Human_Breast_He_06222020_ST_BC23269_C1_23x18",0.00762915638559734,0.0448396329110813,0.01132094790862,0.0021834088978442,0.00281354594337878,0.206069161197183,0.133987297438646,0.128081987410275,0.463074861907375,"Human_Breast_He_06222020_ST_BC23269_C1"
"Human_Breast_He_06222020_ST_BC23269_C1_23x17",0.0119823853331279,0.108934742374193,0.00470849910256574,0.0155051412012525,0.00450546414362442,0.201993564184337,0.146831502750654,0.100735629668649,0.404803071241596,"Human_Breast_He_06222020_ST_BC23269_C1"
"Human_Breast_He_06222020_ST_BC23269_C1_23x16",0.0590107845795263,0.0942884761570048,0.0204812585392364,0.0237109767539954,0.00454737138364471,0.219227093260386,0.0914371202388008,0.266119121733958,0.221177797353448,"Human_Breast_He_06222020_ST_BC23269_C1"
"Human_Breast_He_06222020_ST_BC23269_C1_8x22",0.0173111225802223,0.0825183967385254,0.00769837231141228,0.0054534762594151,0.00314528393867749,0.235074767549453,0.0822647017248441,0.183166630991101,0.38336724790635,"Human_Breast_He_06222020_ST_BC23269_C1"
"Human_Breast_He_06222020_ST_BC23269_C1_11x15",0.00738625868002424,0.0506692635066276,0.00474338079817226,0.00103312686487671,0.000411162742872456,0.268657448685947,0.0869818538858977,0.260058301492077,0.320059203343505,"Human_Breast_He_06222020_ST_BC23269_C1"
"Human_Breast_He_06222020_ST_BC23269_C1_8x20",0.0115845523286901,0.0319034384644095,0.0178802984476325,0.000940309576591616,0.000326946860390689,0.226672973385121,0.137299632409352,0.318095458087524,0.255296390440289,"Human_Breast_He_06222020_ST_BC23269_C1"
"Human_Breast_He_06222020_ST_BC23269_C1_11x17",0.0256334168849995,0.0946323109217946,0.00640646984148653,0.000728201091569297,0.00068473916349876,0.232798207739675,0.204802511059699,0.159325841373213,0.274988301924065,"Human_Breast_He_06222020_ST_BC23269_C1"
"Human_Breast_He_06222020_ST_BC23269_C1_8x27",0.00495060915035978,0.180286866892499,0.00398742151709974,0.000290939392212619,0.000536334542826576,0.113329044501177,0.211678356703025,0.160103023861953,0.324837403438847,"Human_Breast_He_06222020_ST_BC23269_C1"
"Human_Breast_He_06222020_ST_BC23269_C1_8x25",0.036386493967901,0.100997784627553,0.0143413551525854,0.000715964496001603,0.00100683341536301,0.303112750391183,0.101632574446322,0.118546425874239,0.323259817628852,"Human_Breast_He_06222020_ST_BC23269_C1"
"Human_Breast_He_06222020_ST_BC23269_C1_8x28",0.0492292381265855,0.106242236786574,0.0399662215107873,0.000751438868869091,0.000238975450175464,0.326431211235335,0.0629644387844651,0.0636860992528974,0.350490139984311,"Human_Breast_He_06222020_ST_BC23269_C1"
"Human_Breast_He_06222020_ST_BC23269_C1_8x29",0.0104041395674149,0.108464911924886,0.00783520779376473,0.00547343571765093,0.000344856610008929,0.243012228022297,0.0843918968903038,0.335508315463826,0.204565008009847,"Human_Breast_He_06222020_ST_BC23269_C1"
"Human_Breast_He_06222020_ST_BC23269_C1_11x18",0.0121255847396497,0.0491602069006906,0.00481913105272933,0.00335874392897304,0.00123955339610106,0.185415127546319,0.190529992703249,0.0627225288106298,0.490629130921658,"Human_Breast_He_06222020_ST_BC23269_C1"
"Human_Breast_He_06222020_ST_BC23269_C1_11x19",0.00682189420436219,0.083804175860943,0.00418818812502266,0.000524967428974245,0.000993758834007779,0.179648329808703,0.112275228804757,0.232562050410208,0.379181406523022,"Human_Breast_He_06222020_ST_BC23269_C1"
"Human_Breast_He_06222020_ST_BC23269_C1_17x14",0.0101767890169763,0.110964094896932,0.00702205409966779,0.0102158439943432,0.00184454438698069,0.145174823986553,0.19635211038904,0.333665408199758,0.184584331029749,"Human_Breast_He_06222020_ST_BC23269_C1"
"Human_Breast_He_06222020_ST_BC23269_C1_17x15",0.0390422592908033,0.157127586486314,0.0313750671212793,0.00134033421395678,0.00163342093718278,0.253322794928259,0.209749995209988,0.0583057839910926,0.248102757821124,"Human_Breast_He_06222020_ST_BC23269_C1"
"Human_Breast_He_06222020_ST_BC23269_C1_17x16",0.013699790658944,0.0411356475900268,0.0105330263893009,0.00141550102001701,0.000951396084673672,0.231887906928316,0.243543815858462,0.143899203281298,0.312933712188961,"Human_Breast_He_06222020_ST_BC23269_C1"
"Human_Breast_He_06222020_ST_BC23269_C1_17x17",0.0146754310257725,0.0774957325311448,0.00392845643180645,0.000660184672070512,0.00194186164900166,0.193943662853642,0.161246746648326,0.0737051628337341,0.472402761354502,"Human_Breast_He_06222020_ST_BC23269_C1"
"Human_Breast_He_06222020_ST_BC23269_C1_26x18",0.0114249068483606,0.0880900473818096,0.00317640954375918,0.0201282910186826,0.0127153189391844,0.249711983190387,0.105499151425259,0.17987992496082,0.329373966691737,"Human_Breast_He_06222020_ST_BC23269_C1"
"Human_Breast_He_06222020_ST_BC23269_C1_26x19",0.0423511333225753,0.0721062713183446,0.00694207407702439,0.00136268144949478,0.00810929730088241,0.282495431397867,0.0693907301488845,0.0978371952085504,0.419405185776376,"Human_Breast_He_06222020_ST_BC23269_C1"
"Human_Breast_He_06222020_ST_BC23269_C1_26x17",0.0249353448703701,0.0574941696555513,0.00821147244859894,0.0038262415662183,0.00391850999706814,0.264854881209989,0.110039291198597,0.156058267596994,0.370661821456613,"Human_Breast_He_06222020_ST_BC23269_C1"
"Human_Breast_He_06222020_ST_BC23269_C1_17x18",0.0271920054379036,0.0754023070184933,0.00835424426029757,0.000483253732073574,0.00137015816228209,0.230498356796134,0.119346647158221,0.147014980510425,0.39033804692417,"Human_Breast_He_06222020_ST_BC23269_C1"
"Human_Breast_He_06222020_ST_BC23269_C1_13x31",0.0369275232982091,0.168687977633615,0.0124984606390942,0.00380056252738746,0.00399228837846788,0.23498863275436,0.105901406895567,0.183595374213959,0.249607773659341,"Human_Breast_He_06222020_ST_BC23269_C1"
"Human_Breast_He_06222020_ST_BC23269_C1_31x18",0.00991193838908025,0.0882255242061499,0.0157412743752059,0.00701140279981418,0.00232054823711417,0.243220969351917,0.100784755846319,0.241335277582069,0.291448309212331,"Human_Breast_He_06222020_ST_BC23269_C1"
"Human_Breast_He_06222020_ST_BC23269_C1_31x19",0.0357444946951424,0.0608658130712831,0.0060728549308384,0.0142996242680331,0.0113565645392232,0.205052146250384,0.177660003891348,0.188820581313833,0.300127917039914,"Human_Breast_He_06222020_ST_BC23269_C1"
"Human_Breast_He_06222020_ST_BC23269_C1_10x26",0.021646138588314,0.0691526552870053,0.00144765309171057,0.000312981789738085,0.00114930570758619,0.245531464455315,0.140034618092118,0.317164427345035,0.203560755643177,"Human_Breast_He_06222020_ST_BC23269_C1"
"Human_Breast_He_06222020_ST_BC23269_C1_10x27",0.0188265484829304,0.101233510698214,0.0211734853211349,0.00264258864494185,0.00393979855407713,0.191119901367118,0.101226221729648,0.268416613791494,0.291421331410442,"Human_Breast_He_06222020_ST_BC23269_C1"
"Human_Breast_He_06222020_ST_BC23269_C1_10x24",0.00956520321595036,0.100810108809793,0.00517355412579136,0.000366647356805778,0.000231763373998697,0.248576191773712,0.142936726822523,0.170241311768533,0.322098492752893,"Human_Breast_He_06222020_ST_BC23269_C1"
"Human_Breast_He_06222020_ST_BC23269_C1_10x25",0.0116084428092198,0.108800251334667,0.00110342391511018,0.000246045221248935,0.000379975611800949,0.194813437741021,0.10779859512379,0.300664775045585,0.274585053197558,"Human_Breast_He_06222020_ST_BC23269_C1"
"Human_Breast_He_06222020_ST_BC23269_C1_10x22",0.0410463839404903,0.114317233169453,0.010178455007583,0.000654061615677772,0.000303475634331616,0.127472244247614,0.0656583181842706,0.363702782771376,0.276667045429204,"Human_Breast_He_06222020_ST_BC23269_C1"
"Human_Breast_He_06222020_ST_BC23269_C1_10x23",0.0212072464142314,0.0443636205535218,0.0053752871838661,0.00103622009651475,0.000909118844235721,0.172665448583686,0.227316265557493,0.161214733313023,0.365912059453429,"Human_Breast_He_06222020_ST_BC23269_C1"
"Human_Breast_He_06222020_ST_BC23269_C1_10x20",0.014052082418959,0.0808822802123389,0.00918846452716392,0.00126826096829398,0.00176380931721595,0.262009621003089,0.0996678201407144,0.172596216267291,0.358571445144934,"Human_Breast_He_06222020_ST_BC23269_C1"
"Human_Breast_He_06222020_ST_BC23269_C1_10x21",0.0167418465236658,0.0742075113582705,0.00228515333841723,0.000720700701083257,0.00044400522481294,0.148836892273702,0.150923625199729,0.212980669753134,0.392859595627185,"Human_Breast_He_06222020_ST_BC23269_C1"
"Human_Breast_He_06222020_ST_BC23269_C1_10x28",0.0242496006347236,0.107121372745409,0.0165197521948903,0.0015750172664562,0.000478551287330471,0.168561198713653,0.123567770305194,0.357268792829399,0.200657944022944,"Human_Breast_He_06222020_ST_BC23269_C1"
"Human_Breast_He_06222020_ST_BC23269_C1_10x29",0.0377360979312245,0.0556905353021022,0.0137354312458309,0.00773094049654344,0.0010068345719261,0.180935202043872,0.0696555616309314,0.497110576352303,0.136398820425266,"Human_Breast_He_06222020_ST_BC23269_C1"
"Human_Breast_He_06222020_ST_BC23269_C1_7x16",0.0193128677855772,0.143565759505771,0.0103291710252012,0.000703005162291744,0.00102123754959988,0.30996637890832,0.0692867910943184,0.173911445050948,0.271903343917972,"Human_Breast_He_06222020_ST_BC23269_C1"
"Human_Breast_He_06222020_ST_BC23269_C1_7x17",0.00959499976870476,0.130400714836519,0.0124979181386242,0.000102375894889752,0.000524347478753668,0.263105646788059,0.132860938857715,0.213884567232683,0.237028491004051,"Human_Breast_He_06222020_ST_BC23269_C1"
"Human_Breast_He_06222020_ST_BC23269_C1_7x14",0.00160782578891514,0.0868311680280734,0.00107528102519139,0.00329493314932364,0.00145314756096788,0.244357366132612,0.153924267024501,0.260309386667087,0.247146624623329,"Human_Breast_He_06222020_ST_BC23269_C1"
"Human_Breast_He_06222020_ST_BC23269_C1_7x15",0.00975274449554456,0.0599004932768252,0.00767146564247693,0.0122922717940423,0.0073740632855173,0.373210814254762,0.221426992223153,0.0209791900409753,0.287391964986704,"Human_Breast_He_06222020_ST_BC23269_C1"
"Human_Breast_He_06222020_ST_BC23269_C1_7x12",0.0130424774314199,0.0715305991662231,0.00248730204213145,0.00157944670537839,0.000512950396258801,0.235595545372561,0.0549049945966223,0.222833188228957,0.397513496060449,"Human_Breast_He_06222020_ST_BC23269_C1"
"Human_Breast_He_06222020_ST_BC23269_C1_7x13",0.0135168519273798,0.101784062988328,0.0404700084153837,0.00747748468128834,0.00276819524072441,0.244680689826299,0.125835016693128,0.224172262419488,0.23929542780798,"Human_Breast_He_06222020_ST_BC23269_C1"
"Human_Breast_He_06222020_ST_BC23269_C1_22x19",0.00882581880597812,0.0517845786570437,0.00726503258121047,0.00316689327594299,0.00330445036976914,0.254896789982356,0.100965338710382,0.198728753044554,0.371062344572765,"Human_Breast_He_06222020_ST_BC23269_C1"
"Human_Breast_He_06222020_ST_BC23269_C1_7x18",0.0364719527068287,0.0812580281470425,0.00479233183447953,0.0217105759382286,0.00473081620319814,0.218787601180974,0.0900767358286025,0.243902113394752,0.298269844765894,"Human_Breast_He_06222020_ST_BC23269_C1"
"Human_Breast_He_06222020_ST_BC23269_C1_7x19",0.0152546468396885,0.0894201662410377,0.00688118995037203,0.0111492969970736,0.00277860195600452,0.221699177046711,0.105585579168632,0.262086880194682,0.2851444616058,"Human_Breast_He_06222020_ST_BC23269_C1"
"Human_Breast_He_06222020_ST_BC23269_C1_19x30",0.00707664124397689,0.115199570029838,0.0272517208874128,0.00224311900449553,0.000993838684516644,0.225473029942708,0.120342013595391,0.225671348783677,0.275748717827983,"Human_Breast_He_06222020_ST_BC23269_C1"
"Human_Breast_He_06222020_ST_BC23269_C1_21x17",0.0177463257534173,0.101469338374981,0.00587966271602732,0.000867147006972208,0.000425055525882667,0.223607355755245,0.0720407430226792,0.299164083614326,0.278800288230469,"Human_Breast_He_06222020_ST_BC23269_C1"
"Human_Breast_He_06222020_ST_BC23269_C1_21x16",0.0328859612442245,0.142857154781532,0.0282294850694748,0.0110028176182314,0.00425171356923729,0.295356661751627,0.119499230449265,0.111220094027087,0.254696881489321,"Human_Breast_He_06222020_ST_BC23269_C1"
"Human_Breast_He_06222020_ST_BC23269_C1_21x19",0.0196759962105938,0.0586834118496947,0.0167270501866779,0.00160615304047409,0.00485095310987936,0.224874610237535,0.158309626177551,0.189625168634886,0.325647030552708,"Human_Breast_He_06222020_ST_BC23269_C1"
"Human_Breast_He_06222020_ST_BC23269_C1_21x18",0.0155132474060455,0.105621847819275,0.010759006158383,0.0504608169906581,0.0565496684078853,0.142391444691702,0.158439040394761,0.154720924065612,0.305544004065679,"Human_Breast_He_06222020_ST_BC23269_C1"
"Human_Breast_He_06222020_ST_BC23269_C1_9x25",0.0150220083408825,0.0970664899875497,0.00303430957842204,0.00534363423169309,0.00221852060540093,0.267764927249674,0.141843033114296,0.203085301797516,0.264621775094566,"Human_Breast_He_06222020_ST_BC23269_C1"
"Human_Breast_He_06222020_ST_BC23269_C1_9x24",0.00861405208501613,0.0658517297225932,0.00127783090687162,0.000921341718308153,0.00104268846060307,0.20864338010571,0.208689682370655,0.148068626464914,0.356890668165328,"Human_Breast_He_06222020_ST_BC23269_C1"
"Human_Breast_He_06222020_ST_BC23269_C1_13x29",0.0311998407211252,0.0907105860058259,0.0251644995380719,0.00243573566179936,0.00276878438100382,0.33317050119539,0.108176900877591,0.205182464027121,0.201190687592072,"Human_Breast_He_06222020_ST_BC23269_C1"
"Human_Breast_He_06222020_ST_BC23269_C1_13x28",0.0320733387770275,0.0836089473799048,0.00508579708438075,0.00157932906104857,0.00110364430164043,0.21105434606004,0.116045117395609,0.286613887114243,0.262835592826106,"Human_Breast_He_06222020_ST_BC23269_C1"
"Human_Breast_He_06222020_ST_BC23269_C1_12x28",0.0290606287207248,0.0995574997547923,0.024931429624204,0.0010541750858648,0.000672850884230855,0.250463243791966,0.0951940820296221,0.27820813275046,0.220857957358135,"Human_Breast_He_06222020_ST_BC23269_C1"
"Human_Breast_He_06222020_ST_BC23269_C1_9x20",0.0357890174322692,0.122160814433444,0.00275360384867782,0.00160098305260782,0.00074140012331227,0.186203174376448,0.0753123628842997,0.102487208994274,0.472951434854667,"Human_Breast_He_06222020_ST_BC23269_C1"
"Human_Breast_He_06222020_ST_BC23269_C1_9x23",0.00150354126524167,0.0531830598124024,8.77415163281342e-05,2.84881978254121e-05,4.84326611959644e-05,0.187952558041185,0.202225532108384,0.0291244779435464,0.525846168453891,"Human_Breast_He_06222020_ST_BC23269_C1"
"Human_Breast_He_06222020_ST_BC23269_C1_9x22",0.0119462060444026,0.117678487593568,0.00430548863712028,0.00834962663741652,0.00554346630253139,0.23095376323408,0.131654377386803,0.104543502061645,0.385025082102432,"Human_Breast_He_06222020_ST_BC23269_C1"
"Human_Breast_He_06222020_ST_BC23269_C1_13x23",0.0250020661352959,0.0898327909942236,0.00686644975149003,0.000767855570661248,0.000328256997216366,0.215816996430166,0.172522519202235,0.137132135892087,0.351730929026625,"Human_Breast_He_06222020_ST_BC23269_C1"
"Human_Breast_He_06222020_ST_BC23269_C1_12x25",0.0292945009413544,0.087424718867951,0.0150186357493959,0.000508751085373638,0.000401222419254043,0.233621106914391,0.183115290706309,0.169949878237475,0.280665895078495,"Human_Breast_He_06222020_ST_BC23269_C1"
"Human_Breast_He_06222020_ST_BC23269_C1_12x26",0.0310107245194501,0.123673034607876,0.0151583127470639,0.00106584815809016,0.00287272600794006,0.273467198775137,0.23590921824697,0.0277892810290123,0.289053655908461,"Human_Breast_He_06222020_ST_BC23269_C1"
"Human_Breast_He_06222020_ST_BC23269_C1_13x20",0.0135351623565323,0.0454487727679384,0.00791771781709353,0.00271752175031003,0.00288141176020641,0.225433559125407,0.0684556743629254,0.193019672761262,0.440590507298325,"Human_Breast_He_06222020_ST_BC23269_C1"
"Human_Breast_He_06222020_ST_BC23269_C1_13x27",0.0159995135449476,0.117848419349781,0.0155246842104964,0.00530857323225711,0.00710001387833237,0.204020778814376,0.131238960978511,0.158389195277871,0.344569860713427,"Human_Breast_He_06222020_ST_BC23269_C1"
"Human_Breast_He_06222020_ST_BC23269_C1_12x21",0.0109491202124655,0.0875693714943362,0.0115373120933759,0.0027480214664466,0.00322760654668291,0.190614190490241,0.110331462413475,0.247357248021082,0.335665667261894,"Human_Breast_He_06222020_ST_BC23269_C1"
"Human_Breast_He_06222020_ST_BC23269_C1_12x22",0.010783590514584,0.0708752498984885,0.00234439407074378,0.00127238260524425,0.00225967174459086,0.179947686044284,0.0806633979177992,0.297133921278663,0.354719705925602,"Human_Breast_He_06222020_ST_BC23269_C1"
"Human_Breast_He_06222020_ST_BC23269_C1_12x23",0.0116976756167685,0.0756412057672044,0.00260043258495637,0.000670349045640014,0.000379680981883645,0.207393517941397,0.166206675895785,0.258203284700108,0.277207177466257,"Human_Breast_He_06222020_ST_BC23269_C1"
"Human_Breast_He_06222020_ST_BC23269_C1_25x30",0.0267437822200064,0.0658126887402625,0.0130530167244025,0.00251316415091657,0.00225296509862257,0.307716173076503,0.058025928604984,0.293607303648525,0.230274977735778,"Human_Breast_He_06222020_ST_BC23269_C1"
"Human_Breast_He_06222020_ST_BC23269_C1_3x27",0.0324565450970606,0.0612168608221662,0.0223168428693265,0.00548439373606468,0.00586901409559107,0.128683936565134,0.0796860669831086,0.34837054157508,0.315915798256468,"Human_Breast_He_06222020_ST_BC23269_C1"
"Human_Breast_He_06222020_ST_BC23269_C1_3x26",0.00579385362598521,0.073396765975374,0.0110117845378223,0.00346913248630642,0.00101016458805775,0.297893855567864,0.192232251995616,0.22138567150867,0.193806519714304,"Human_Breast_He_06222020_ST_BC23269_C1"
"Human_Breast_He_06222020_ST_BC23269_C1_3x25",0.021087267397892,0.117944487646372,0.0155638306801196,0.00491660888682089,0.00212954572297584,0.209786362204463,0.131254207610314,0.195992725079619,0.301324964771424,"Human_Breast_He_06222020_ST_BC23269_C1"
"Human_Breast_He_06222020_ST_BC23269_C1_3x24",0.00355961334876591,0.122570685677678,0.0148819476929604,0.00159741733041221,0.00127644157506194,0.290758714490555,0.166689739944062,0.0243979920745262,0.374267447865978,"Human_Breast_He_06222020_ST_BC23269_C1"
"Human_Breast_He_06222020_ST_BC23269_C1_11x29",0.0286283819806732,0.084659564933893,0.0192341801163729,0.004271323288031,0.00341650923039556,0.177000754505093,0.0733963350925986,0.409180465657617,0.200212485195325,"Human_Breast_He_06222020_ST_BC23269_C1"
"Human_Breast_He_06222020_ST_BC23269_C1_11x25",0.0209208430604627,0.0830033552246164,0.00410246482737526,0.00128906724710643,0.00198460840397253,0.217972321479377,0.2079080574237,0.210472461996066,0.252346820337323,"Human_Breast_He_06222020_ST_BC23269_C1"
"Human_Breast_He_06222020_ST_BC23269_C1_11x24",0.0126232705890114,0.111637647843122,0.00486021480984435,0.00072314274671189,0.000811111027742684,0.219655459107403,0.175821622507049,0.234421195976106,0.23944633539301,"Human_Breast_He_06222020_ST_BC23269_C1"
"Human_Breast_He_06222020_ST_BC23269_C1_11x27",0.0165353149554704,0.0915184099098139,0.00664300693287237,0.00213661252717139,0.00111720768645291,0.200863287127955,0.14635191809084,0.229279523032846,0.305554719736579,"Human_Breast_He_06222020_ST_BC23269_C1"
"Human_Breast_He_06222020_ST_BC23269_C1_11x26",0.0672166594316534,0.0589551694527382,0.0183858732103337,0.000852157949005119,0.000559778569441498,0.318639475585723,0.114758725791144,0.289595293782801,0.13103686622716,"Human_Breast_He_06222020_ST_BC23269_C1"
"Human_Breast_He_06222020_ST_BC23269_C1_11x21",0.020855795841532,0.0857254188350917,0.0069048102679689,0.00107772250421439,0.0016441295803929,0.226134715566702,0.169717639489014,0.175207469576234,0.312732298338849,"Human_Breast_He_06222020_ST_BC23269_C1"
"Human_Breast_He_06222020_ST_BC23269_C1_11x20",0.0240329273744546,0.0752485440501387,0.00325291960718904,0.00208311634851411,0.00129634902138563,0.19367401667399,0.0578581320786892,0.352451597334719,0.29010239751092,"Human_Breast_He_06222020_ST_BC23269_C1"
"Human_Breast_He_06222020_ST_BC23269_C1_11x23",0.0184624732039212,0.104119859181565,0.00153032046299021,0.000974509102280202,0.000431202627275187,0.276862253879867,0.173522384444143,0.130022236625834,0.294074760472125,"Human_Breast_He_06222020_ST_BC23269_C1"
"Human_Breast_He_06222020_ST_BC23269_C1_11x22",0.0153537242827111,0.110078607593163,0.00436878706602621,0.00190838780124139,0.00111743094794078,0.221105668073692,0.189383858967498,0.166748001986394,0.289935533281334,"Human_Breast_He_06222020_ST_BC23269_C1"
"Human_Breast_He_06222020_ST_BC23269_C1_8x18",0.0277583622504968,0.129609451328127,0.0100416340438585,0.00318923838447286,0.000896598256646754,0.25431268193949,0.153453407359561,0.0954401508680046,0.325298475569342,"Human_Breast_He_06222020_ST_BC23269_C1"
"Human_Breast_He_06222020_ST_BC23269_C1_18x19",0.0882465124766932,0.080293511660538,0.0107323271274003,2.1809038273879e-05,0.000134878995910961,0.208631903149382,0.206473807656667,0.117653787802987,0.287811462092148,"Human_Breast_He_06222020_ST_BC23269_C1"
"Human_Breast_He_06222020_ST_BC23269_C1_18x17",0.0235815342374739,0.0615378630780922,0.00403737622967752,0.00120838885667259,0.00105579880715884,0.287234043421509,0.196377565409354,0.043617924503983,0.381349505456079,"Human_Breast_He_06222020_ST_BC23269_C1"
"Human_Breast_He_06222020_ST_BC23269_C1_18x16",0.002034571250907,0.0823648137487823,0.00154599749398116,0.000117373702314246,0.000300361169826015,0.192231573648309,0.139488818911732,0.405432556578078,0.176483933496071,"Human_Breast_He_06222020_ST_BC23269_C1"
"Human_Breast_He_06222020_ST_BC23269_C1_31x22",0.00475592892722546,0.0113566489427053,0.00334460341553163,0.00782360615335008,0.00467748386815855,0.243712771334844,0.0466542102315144,0.143236925566414,0.534437821560257,"Human_Breast_He_06222020_ST_BC23269_C1"
"Human_Breast_He_06222020_ST_BC23269_C1_2x27",0.00412210408887767,0.125165202105591,0.0416998687619805,0.0010070799780207,0.000778217270047218,0.232274074392916,0.119717888379028,0.183537479962967,0.291698085060572,"Human_Breast_He_06222020_ST_BC23269_C1"
"Human_Breast_He_06222020_ST_BC23269_C1_20x24",0.030749302093847,0.0699023596495424,0.0427582383351884,0.000396857788109648,0.00132071202372257,0.275181679640722,0.0912691910391422,0.163244677639429,0.325176981790297,"Human_Breast_He_06222020_ST_BC23269_C1"
"Human_Breast_He_06222020_ST_BC23269_C1_29x26",0.0120823485534977,0.0965025339998444,0.00259844533198384,0.0154293850516109,0.0130356837541343,0.150539484797351,0.0267244635973922,0.167332973252997,0.515754681661188,"Human_Breast_He_06222020_ST_BC23269_C1"
"Human_Breast_He_06222020_ST_BC23269_C1_19x31",0.0145652191282174,0.0946991226398732,0.00348376245065636,0.000463601871283218,0.00100606738935576,0.162786662937171,0.0868881312178842,0.294859279355137,0.341248153010422,"Human_Breast_He_06222020_ST_BC23269_C1"
"Human_Breast_He_06222020_ST_BC23269_C1_14x29",0.0509092982371362,0.126304514841696,0.00844506301802131,0.00893998374376011,0.00195962284173604,0.234737076187314,0.138679052340379,0.158548485921695,0.271476902868262,"Human_Breast_He_06222020_ST_BC23269_C1"
"Human_Breast_He_06222020_ST_BC23269_C1_16x31",0.0604948436536888,0.194780614309961,0.0149925259349378,0.000374213935036908,0.000514848575956524,0.225436517769985,0.0695589935581004,0.0602554398387145,0.373592002423619,"Human_Breast_He_06222020_ST_BC23269_C1"
"Human_Breast_He_06222020_ST_BC23269_C1_16x30",0.0442974120139762,0.0950386086672619,0.0146609395024695,0.0148667736067544,0.00850716582647856,0.211491604377087,0.103693879967407,0.277763565613163,0.229680050425403,"Human_Breast_He_06222020_ST_BC23269_C1"
"Human_Breast_He_06222020_ST_BC23269_C1_5x17",0.00756737706822583,0.10233951353185,0.0126095587888561,0.000220418741208144,0.000421863741122311,0.236678416583242,0.127997673121303,0.267093892497654,0.245071285926538,"Human_Breast_He_06222020_ST_BC23269_C1"
"Human_Breast_He_06222020_ST_BC23269_C1_5x18",0.00569504077185995,0.0951381227416905,0.00470877743225886,0.000128030546019211,0.000369569496107782,0.363437141846861,0.109837382760452,0.241266174358855,0.179419760045896,"Human_Breast_He_06222020_ST_BC23269_C1"
"Human_Breast_He_06222020_ST_BC23269_C1_14x16",0.0362133543687934,0.09572723072207,0.0032696293638611,0.00127618986579296,0.00137855421346768,0.281749079657948,0.141297722683506,0.17417883640309,0.264909402721471,"Human_Breast_He_06222020_ST_BC23269_C1"
"Human_Breast_He_06222020_ST_BC23269_C1_17x21",0.0251379311420036,0.0955661461719121,0.0231840865438839,0.00394152498053138,0.000612663252858844,0.188761582170481,0.252298144768777,0.050103233192283,0.36039468777727,"Human_Breast_He_06222020_ST_BC23269_C1"
"Human_Breast_He_06222020_ST_BC23269_C1_4x19",0.00838537443732294,0.101487358817933,0.00266025860097944,0.0181003735819717,0.00449161952674376,0.273219368418493,0.0729890377335853,0.189552793198489,0.329113815684482,"Human_Breast_He_06222020_ST_BC23269_C1"
"Human_Breast_He_06222020_ST_BC23269_C1_4x18",0.00272680050148746,0.0430951730388616,0.0249754761488283,0.000403940480356395,0.000276025490724,0.108179471521427,0.253736094267152,0.363927690316677,0.202679328234487,"Human_Breast_He_06222020_ST_BC23269_C1"
"Human_Breast_He_06222020_ST_BC23269_C1_14x15",0.0245664302639518,0.0570493604944287,0.0113694850844003,0.00962274818792352,0.00454256576217375,0.256807183431053,0.0646238104638683,0.0743611232676386,0.497057293044562,"Human_Breast_He_06222020_ST_BC23269_C1"
"Human_Breast_He_06222020_ST_BC23269_C1_24x16",0.0107289061749261,0.203010895939128,0.0161697784110874,0.00317590340139199,0.00253209637908982,0.257896552777629,0.0854727324711843,0.113177110905612,0.307836023539951,"Human_Breast_He_06222020_ST_BC23269_C1"
"Human_Breast_He_06222020_ST_BC23269_C1_24x17",0.0262306389993701,0.0843253769270733,0.00351820416566399,0.000261995845610947,0.000769764780554508,0.168150574040326,0.131791926237885,0.257448966665457,0.327502552338059,"Human_Breast_He_06222020_ST_BC23269_C1"
"Human_Breast_He_06222020_ST_BC23269_C1_24x18",0.0106729145192338,0.118205024658156,0.00193633044039387,0.000420345077675354,0.00122645601457562,0.239700235489028,0.0952420514988361,0.123939886593004,0.408656755709097,"Human_Breast_He_06222020_ST_BC23269_C1"
"Human_Breast_He_06222020_ST_BC23269_C1_24x19",0.00903900367095808,0.0216401855525444,0.000931898145960285,0.00098660945086713,0.00228332523280284,0.240728377487718,0.149278539523843,0.0894911940782239,0.485620866857082,"Human_Breast_He_06222020_ST_BC23269_C1"
"Human_Breast_He_06222020_ST_BC23269_C1_28x17",0.0366182726285697,0.0976102881653404,0.0103414223448344,0.00254842893850758,0.0018820623457018,0.230592983707973,0.202518882854028,0.0193626191184805,0.398525039896565,"Human_Breast_He_06222020_ST_BC23269_C1"
"Human_Breast_He_06222020_ST_BC23269_C1_28x18",0.056864753835615,0.092677099507319,0.020582023812448,0.00144627027080987,0.00425582406411525,0.222090682417834,0.108981266909647,0.275744040880239,0.217358038301972,"Human_Breast_He_06222020_ST_BC23269_C1"
"Human_Breast_He_06222020_ST_BC23269_C1_28x19",0.0191485046454272,0.0625316006315163,0.0120423196385409,0.0213073059926598,0.146720192981319,0.213547167811125,0.080299536351371,0.27425647907804,0.17014689287,"Human_Breast_He_06222020_ST_BC23269_C1"
"Human_Breast_He_06222020_ST_BC23269_C1_12x14",0.0088149102496843,0.0819667360705442,0.00723220895199629,0.000165651332923955,0.000132278717194958,0.167456947093543,0.132980021293852,0.339381449811711,0.261869796478551,"Human_Breast_He_06222020_ST_BC23269_C1"
"Human_Breast_He_06222020_ST_BC23269_C1_12x17",0.0137716412791336,0.0544570081715574,0.00665906659298479,0.00151956413229118,0.000545018509196106,0.231232473240507,0.11583986448547,0.220151276060564,0.355824087528296,"Human_Breast_He_06222020_ST_BC23269_C1"
"Human_Breast_He_06222020_ST_BC23269_C1_12x16",0.02602288714266,0.0796583205988872,0.0133887569182139,0.000413899945532444,0.000918519750303712,0.227843702116125,0.0763626245473386,0.156124895365449,0.419266393615491,"Human_Breast_He_06222020_ST_BC23269_C1"
"Human_Breast_He_06222020_ST_BC23269_C1_12x13",0.0121840633513532,0.0259079860961315,0.00645532128217015,0.00333721492438987,0.00330623169564244,0.104810640655329,0.0435689792413298,0.410764771711196,0.389664791042458,"Human_Breast_He_06222020_ST_BC23269_C1"
"Human_Breast_He_06222020_ST_BC23269_C1_22x18",0.0271678256678649,0.122396102889452,0.022988954553422,0.00297710620400556,0.00237197729166524,0.281172953123978,0.177342587990559,0.0620161254335573,0.301566366845496,"Human_Breast_He_06222020_ST_BC23269_C1"
"Human_Breast_He_06222020_ST_BC23269_C1_14x25",0.0833135739432231,0.0221689033997335,0.000955095224190559,0.000244403127481157,0.0019784882352941,0.166146041186688,0.159985867623487,0.0175108523928948,0.547696774867008,"Human_Breast_He_06222020_ST_BC23269_C1"
"Human_Breast_He_06222020_ST_BC23269_C1_12x19",0.0181886666422086,0.0270857945861572,0.00301742048757612,5.38504632166236e-05,0.000134729502748538,0.167527191022301,0.111896012538164,0.0548094995300609,0.617286835227567,"Human_Breast_He_06222020_ST_BC23269_C1"
"Human_Breast_He_06222020_ST_BC23269_C1_12x18",0.0483571222103115,0.076852500343094,0.00441188930555314,0.000265538394957095,0.00051601451681312,0.193223540617974,0.19703754468464,0.092049731710208,0.387286118216449,"Human_Breast_He_06222020_ST_BC23269_C1"
"Human_Breast_He_06222020_ST_BC23269_C1_19x27",0.0203832025140616,0.0589755042227219,0.011606635184404,0.000248376686420554,0.00097400504566301,0.337741292960558,0.0661135964171281,0.144032039308912,0.359925347660131,"Human_Breast_He_06222020_ST_BC23269_C1"
"Human_Breast_He_06222020_ST_BC23269_C1_5x13",0.00712971676131097,0.0328953319590195,0.00332043860127153,0.000952929331138507,0.000888761283284142,0.320471702018118,0.136215379143638,0.100647146728955,0.397478594173264,"Human_Breast_He_06222020_ST_BC23269_C1"
"Human_Breast_He_06222020_ST_BC23269_C1_9x18",0.0195036430339276,0.0854976387856337,0.00720204499852794,0.00204688197473086,0.000782897135142254,0.234218233318842,0.0799911066019202,0.292007377643283,0.278750176507993,"Human_Breast_He_06222020_ST_BC23269_C1"
"Human_Breast_He_06222020_ST_BC23269_C1_9x19",0.0128952993276916,0.0790770230239951,0.00290690844150228,0.00351808529029345,0.000831845219922426,0.226822463016548,0.101672960111281,0.212657036560407,0.359618379008359,"Human_Breast_He_06222020_ST_BC23269_C1"
"Human_Breast_He_06222020_ST_BC23269_C1_9x14",0.0384861636765039,0.119374955082401,0.0606787907285316,0.000534175849518296,0.000299795921295822,0.241604632919738,0.103146105573939,0.203356914595728,0.232518465652345,"Human_Breast_He_06222020_ST_BC23269_C1"
"Human_Breast_He_06222020_ST_BC23269_C1_9x15",0.0391651831848388,0.140868549130369,0.0237089699742496,0.00228225042202553,0.00102130422341818,0.29315645297479,0.044389044063372,0.067434669366441,0.387973576660496,"Human_Breast_He_06222020_ST_BC23269_C1"
"Human_Breast_He_06222020_ST_BC23269_C1_9x17",0.0559388143051691,0.107833606446607,0.0207004933211164,0.010450618284435,0.00202717725578322,0.198636216987808,0.0282734726533759,0.180501839217826,0.395637761527879,"Human_Breast_He_06222020_ST_BC23269_C1"
