"","Endothelial","CAFs","PVL","B-cells","T-cells","Myeloid","Normal Epithelial","Plasmablasts","Cancer Epithelial","sid"
"Human_Breast_Andersson_10142021_ST_B1_10x13",0.0426990405433579,0.0462446292556798,0.0559515657459677,0.000363669325587231,0.00222814956455236,0.00200515350633669,0.00685053615522398,0.77825288649863,0.0654043694046641,"Human_Breast_Andersson_10142021_ST_B1"
"Human_Breast_Andersson_10142021_ST_B1_10x14",0.0134385046639843,0.0228644307679135,0.0407676972823033,0.0010916315192446,0.525961289008969,0.0159418150493974,0.318902470882762,0.0115480679170984,0.0494840929083276,"Human_Breast_Andersson_10142021_ST_B1"
"Human_Breast_Andersson_10142021_ST_B1_10x15",0.177596896196642,0.0352959749182287,0.0255883919668476,0.00361150409622804,0.00948758084160663,0.00145841615769445,0.0352366866544371,0.559526699462701,0.152197849705614,"Human_Breast_Andersson_10142021_ST_B1"
"Human_Breast_Andersson_10142021_ST_B1_10x16",0.170000270726135,0.176806766601648,0.0123846921135576,0.0122675879566066,0.0210841896942634,0.00547264881618795,0.00707438808266835,0.406785967664714,0.188123488344219,"Human_Breast_Andersson_10142021_ST_B1"
"Human_Breast_Andersson_10142021_ST_B1_10x17",0.254997898097436,0.0432988591942617,0.0216404951565634,0.00993295626024942,0.0338471208572834,0.0480381920947776,0.10846073682762,0.412518257326486,0.0672654841853231,"Human_Breast_Andersson_10142021_ST_B1"
"Human_Breast_Andersson_10142021_ST_B1_10x18",0.0737656673177719,0.0258117718157266,0.118328520127385,0.180687771012451,0.323016228436753,0.106170319737188,0.0364227595902901,0.116966042476796,0.0188309194856379,"Human_Breast_Andersson_10142021_ST_B1"
"Human_Breast_Andersson_10142021_ST_B1_10x19",0.185306435706581,0.0820330905806929,0.131986971511637,0.00295901753631992,0.0440671844432757,0.135576601490903,0.305216922314465,0.0166759479877933,0.0961778284283324,"Human_Breast_Andersson_10142021_ST_B1"
"Human_Breast_Andersson_10142021_ST_B1_10x20",0.0712489772455183,0.0935160251159082,0.0285693819194285,0.00680143831285373,0.0257789587105976,0.125700698846581,0.0715691119971617,0.554619345023935,0.0221960628280164,"Human_Breast_Andersson_10142021_ST_B1"
"Human_Breast_Andersson_10142021_ST_B1_10x21",0.0338946408727968,0.0847351640690475,0.0233994768819211,0.020333467844607,0.0465984468050453,0.153284962684391,0.0733245137941459,0.421026018280578,0.143403308767468,"Human_Breast_Andersson_10142021_ST_B1"
"Human_Breast_Andersson_10142021_ST_B1_10x22",0.0966292997211737,0.0387508341131042,0.042518303131209,0.0217737642976192,0.0720454115259344,0.0618887008964987,0.0460452296009161,0.485472653854556,0.134875802858989,"Human_Breast_Andersson_10142021_ST_B1"
"Human_Breast_Andersson_10142021_ST_B1_10x23",0.156529663683246,0.071447036255162,0.0613664221334638,0.0070584150499286,0.0167354151670564,0.0489542493364134,0.0486841325668901,0.46280897936748,0.126415686440361,"Human_Breast_Andersson_10142021_ST_B1"
"Human_Breast_Andersson_10142021_ST_B1_10x24",0.153198866378044,0.0659544732874015,0.0768286339940604,0.0697918368302157,0.0721826273921086,0.0579371215645793,0.0996800733723104,0.347153278047504,0.0572730891337765,"Human_Breast_Andersson_10142021_ST_B1"
"Human_Breast_Andersson_10142021_ST_B1_10x25",0.156956229896248,0.0749347347169023,0.0638838197682215,0.0827473620057022,0.0205066897691206,0.0687051384464765,0.0538955718760984,0.425454474398585,0.0529159791226449,"Human_Breast_Andersson_10142021_ST_B1"
"Human_Breast_Andersson_10142021_ST_B1_10x26",0.0598037804719797,0.0381522987441904,0.0673541327100222,0.103645114136969,0.0673491502665233,0.0769725073417437,0.206096654863788,0.327698091870817,0.0529282695939664,"Human_Breast_Andersson_10142021_ST_B1"
"Human_Breast_Andersson_10142021_ST_B1_10x27",0.0928126880114544,0.0907189233762562,0.029893323880201,0.0764723565080089,0.0272531275808913,0.105827795495998,0.139159353167287,0.405361373658861,0.0325010583210431,"Human_Breast_Andersson_10142021_ST_B1"
"Human_Breast_Andersson_10142021_ST_B1_10x28",0.0402693546492259,0.0895645252751862,0.0139751235791263,0.105362283837142,0.134796445569645,0.163517271536689,0.172301299904272,0.106791947127544,0.173421748521169,"Human_Breast_Andersson_10142021_ST_B1"
"Human_Breast_Andersson_10142021_ST_B1_10x29",0.0469078449911726,0.0522099479458607,0.0439552677951985,0.0546168701590845,0.0667795798872404,0.134551013480121,0.0358330751569282,0.4422393646669,0.122907035917494,"Human_Breast_Andersson_10142021_ST_B1"
"Human_Breast_Andersson_10142021_ST_B1_10x30",0.0534608308821731,0.0810419059032751,0.0381646396835816,0.08212748340646,0.097518987509856,0.178099025946089,0.0732975353948961,0.222914745378003,0.173374845895666,"Human_Breast_Andersson_10142021_ST_B1"
"Human_Breast_Andersson_10142021_ST_B1_11x14",0.0874322050938844,0.0624289857739918,0.0296740833921187,0.00932406991220685,0.0240054182422939,0.0155292097981571,0.112396038618679,0.628343410404345,0.0308665787643231,"Human_Breast_Andersson_10142021_ST_B1"
"Human_Breast_Andersson_10142021_ST_B1_11x15",0.01718310671413,0.0202694992201653,0.0157548415453867,0.164468957207904,0.0104773908036373,0.155285855659454,0.0261320646048854,0.573760382858646,0.0166679013857917,"Human_Breast_Andersson_10142021_ST_B1"
"Human_Breast_Andersson_10142021_ST_B1_11x16",0.0456608913195106,0.188928628168077,0.00430716517104043,0.0261039676871111,0.0133027804326418,0.108873808017152,0.31958546923852,0.0598841970130132,0.233353092952934,"Human_Breast_Andersson_10142021_ST_B1"
"Human_Breast_Andersson_10142021_ST_B1_11x18",0.0708958789783958,0.054321640041088,0.0576153098224232,0.0230537387262439,0.0991062146732785,0.0463141428651677,0.0745821243664705,0.453107831902416,0.121003118624516,"Human_Breast_Andersson_10142021_ST_B1"
"Human_Breast_Andersson_10142021_ST_B1_11x19",0.0361344842576699,0.0292090257928699,0.175584213088948,0.0480693505108975,0.052906187237993,0.244483126696736,0.0686081855730229,0.228620806036477,0.116384620805386,"Human_Breast_Andersson_10142021_ST_B1"
"Human_Breast_Andersson_10142021_ST_B1_11x20",0.112478001652945,0.068735720593424,0.0415267132240399,0.096609813571649,0.173796643545028,0.132875629067211,0.0426322811679474,0.264727321384923,0.0666178757928324,"Human_Breast_Andersson_10142021_ST_B1"
"Human_Breast_Andersson_10142021_ST_B1_11x21",0.0502401607888084,0.127485589559499,0.0282302522509216,0.0517117352277647,0.0577369454787595,0.158571556842752,0.0403312748815303,0.360140819014892,0.125551665955072,"Human_Breast_Andersson_10142021_ST_B1"
"Human_Breast_Andersson_10142021_ST_B1_11x22",0.135016648509804,0.0470669828721942,0.0427046085152767,0.0401322555547127,0.0934785075694381,0.0869228472699019,0.028099875668205,0.452117900469272,0.0744603735711956,"Human_Breast_Andersson_10142021_ST_B1"
"Human_Breast_Andersson_10142021_ST_B1_11x23",0.179886488726085,0.0948209162261887,0.0536350731096257,0.0635107770213972,0.0688644489061869,0.149422560813392,0.0442074458469394,0.229454423846637,0.116197865503549,"Human_Breast_Andersson_10142021_ST_B1"
"Human_Breast_Andersson_10142021_ST_B1_11x24",0.112103308754343,0.0873469696878127,0.0543793189202268,0.0271164445662212,0.0206771009304974,0.144694266811322,0.0925820723165929,0.347591243102624,0.11350927491036,"Human_Breast_Andersson_10142021_ST_B1"
"Human_Breast_Andersson_10142021_ST_B1_11x25",0.0932890438064907,0.0987102805919212,0.0743816951470713,0.0483605038598174,0.062939789635707,0.141126816673624,0.101459747488765,0.288920984296267,0.0908111385003371,"Human_Breast_Andersson_10142021_ST_B1"
"Human_Breast_Andersson_10142021_ST_B1_11x26",0.162353018285794,0.0568470994767301,0.0430568277263284,0.0695200792377104,0.0465142445562343,0.111903051069587,0.0975800624098367,0.357889857088953,0.0543357601488265,"Human_Breast_Andersson_10142021_ST_B1"
"Human_Breast_Andersson_10142021_ST_B1_11x27",0.0800417424350547,0.0483540570226567,0.0668776432706796,0.0375121401207842,0.0895278008819864,0.094311480817713,0.239403742498939,0.309587245394014,0.0343841475581731,"Human_Breast_Andersson_10142021_ST_B1"
"Human_Breast_Andersson_10142021_ST_B1_11x28",0.10432923613096,0.0696009544151321,0.0683032603852363,0.0319347076672837,0.0765031551335615,0.132565327147648,0.062328902600233,0.363358910228427,0.0910755462915186,"Human_Breast_Andersson_10142021_ST_B1"
"Human_Breast_Andersson_10142021_ST_B1_11x29",0.0866489386003977,0.0966035058714475,0.0707632011145292,0.0311316533221895,0.0472752186822707,0.125420868585641,0.0518304569793402,0.364852277681353,0.125473879162831,"Human_Breast_Andersson_10142021_ST_B1"
"Human_Breast_Andersson_10142021_ST_B1_11x30",0.102087323325888,0.068147241471098,0.0242651962658265,0.0178391762371655,0.0483859874206703,0.144967473173706,0.119921181987888,0.363454970312855,0.110931449804902,"Human_Breast_Andersson_10142021_ST_B1"
"Human_Breast_Andersson_10142021_ST_B1_12x14",0.0132857317204212,0.143442266271124,0.00253040970399537,0.489503692963551,0.215347246785047,0.00807340519583425,0.0128600895840084,0.00186317577620162,0.113093981999817,"Human_Breast_Andersson_10142021_ST_B1"
"Human_Breast_Andersson_10142021_ST_B1_12x15",0.02399798384804,0.0425367712077638,0.0259523921199974,0.10836156815849,0.266199980839296,0.147168546581349,0.0257670247795264,0.295792510598114,0.064223221867424,"Human_Breast_Andersson_10142021_ST_B1"
"Human_Breast_Andersson_10142021_ST_B1_12x16",0.070943560903577,0.0856514991367041,0.00712253223183169,0.00158645047972514,0.00157892448440469,0.00510539627589351,0.0569290740219698,0.698012959269771,0.0730696031961234,"Human_Breast_Andersson_10142021_ST_B1"
"Human_Breast_Andersson_10142021_ST_B1_12x17",0.136293891309073,0.101877349410921,0.0287102132705404,0.0711417014535827,0.120958977231176,0.152378915952235,0.0464396981484516,0.141605777647952,0.200593475576068,"Human_Breast_Andersson_10142021_ST_B1"
"Human_Breast_Andersson_10142021_ST_B1_12x18",0.0583278933493229,0.0382836859196117,0.318466352515086,0.00753398765197301,0.0179686202567357,0.263275183435857,0.010334026610491,0.00161556181666626,0.284194688444256,"Human_Breast_Andersson_10142021_ST_B1"
"Human_Breast_Andersson_10142021_ST_B1_12x19",0.0909700752200167,0.0545434553504893,0.0153490720754412,0.0874248647100234,0.141998144268349,0.0245249849486999,0.0457497458168147,0.493027991703424,0.046411665906742,"Human_Breast_Andersson_10142021_ST_B1"
"Human_Breast_Andersson_10142021_ST_B1_12x20",0.0197019826863674,0.0385927095773725,0.0292498417050216,0.116295027210684,0.100381519119574,0.25204229217628,0.0171114241512466,0.296984572714068,0.129640630659387,"Human_Breast_Andersson_10142021_ST_B1"
"Human_Breast_Andersson_10142021_ST_B1_12x21",0.13730840928563,0.0440266730342428,0.0249960156873028,0.0125857252465751,0.0342852613334427,0.209517907298677,0.0392510478213386,0.370303299909801,0.127725660382989,"Human_Breast_Andersson_10142021_ST_B1"
"Human_Breast_Andersson_10142021_ST_B1_12x22",0.159638110365685,0.0434532346645547,0.014652512602017,0.0209299725120688,0.0360696233647647,0.1480974656661,0.0522901128771435,0.44136733764724,0.0835016303004267,"Human_Breast_Andersson_10142021_ST_B1"
"Human_Breast_Andersson_10142021_ST_B1_12x23",0.0690673101655661,0.0800027039914116,0.0446980252082733,0.0228478037582899,0.0593746481341372,0.134668981968747,0.0767314060745637,0.447879823024821,0.0647292976741894,"Human_Breast_Andersson_10142021_ST_B1"
"Human_Breast_Andersson_10142021_ST_B1_12x24",0.114101294203913,0.0796810165339445,0.0708490691169529,0.0150134242198001,0.0370492844635643,0.135723363206263,0.164679953029266,0.290054790898344,0.092847804327952,"Human_Breast_Andersson_10142021_ST_B1"
"Human_Breast_Andersson_10142021_ST_B1_12x25",0.0231307758163619,0.054369541338526,0.0213235397823846,0.0227603618227925,0.0312727754901516,0.177642683753868,0.458615053659885,0.162556951379099,0.0483283169569311,"Human_Breast_Andersson_10142021_ST_B1"
"Human_Breast_Andersson_10142021_ST_B1_12x26",0.0440756638722441,0.0255967799262628,0.0513265485009874,0.0640385046940412,0.0571448937475266,0.121689601858335,0.40589126483411,0.202471903837386,0.0277648387291064,"Human_Breast_Andersson_10142021_ST_B1"
"Human_Breast_Andersson_10142021_ST_B1_12x27",0.137987104135641,0.143614108617943,0.0554422663658817,0.0159299781721009,0.0196685645210191,0.0742094471559066,0.0573254538380254,0.45676701658344,0.0390560606100422,"Human_Breast_Andersson_10142021_ST_B1"
"Human_Breast_Andersson_10142021_ST_B1_12x28",0.0622553688873566,0.111865670434248,0.0360133682278829,0.0199619423843178,0.0522298811806045,0.308031528751635,0.155158677954609,0.0899773098064889,0.164506252372857,"Human_Breast_Andersson_10142021_ST_B1"
"Human_Breast_Andersson_10142021_ST_B1_12x29",0.0399571701398366,0.0757280015780352,0.0330996187310429,0.107522728867707,0.0962315297637217,0.12089716303705,0.053285491532164,0.352702070583469,0.120576225766973,"Human_Breast_Andersson_10142021_ST_B1"
"Human_Breast_Andersson_10142021_ST_B1_12x30",0.0680839499915938,0.0634579280842095,0.0220728368098626,0.0197352888607922,0.0428417661150547,0.120070721249647,0.224272912685857,0.396454524666686,0.0430100715362974,"Human_Breast_Andersson_10142021_ST_B1"
"Human_Breast_Andersson_10142021_ST_B1_13x15",0.225035017274944,0.0925117203543386,0.0618254518864159,0.160464392934745,0.0826779762903279,0.113391297560438,0.0351790109734752,0.117110279545952,0.111804853179364,"Human_Breast_Andersson_10142021_ST_B1"
"Human_Breast_Andersson_10142021_ST_B1_13x16",0.071759113056317,0.00668880984314623,0.0681176858891333,0.338064085096999,0.253966196249846,0.0285492767869778,0.00719488474844728,0.129706643821032,0.0959533045081019,"Human_Breast_Andersson_10142021_ST_B1"
"Human_Breast_Andersson_10142021_ST_B1_13x17",0.0851691424913901,0.0234499516722204,0.241033496133492,0.0194932458153734,0.0870980314383666,0.129749149840865,0.120206423449398,0.133776589780269,0.160023969378626,"Human_Breast_Andersson_10142021_ST_B1"
"Human_Breast_Andersson_10142021_ST_B1_13x18",0.218001481762003,0.077598638155715,0.0719712895039587,0.000838923184484725,0.0253572193664632,0.0155653002469709,0.00989159464153368,0.55991545535515,0.0208600977837211,"Human_Breast_Andersson_10142021_ST_B1"
"Human_Breast_Andersson_10142021_ST_B1_13x19",0.166297999763819,0.0314584965982505,0.0880117971407694,0.102669694042109,0.352708675085725,0.178222601650839,0.0161146898593811,0.0176508084356478,0.0468652374234596,"Human_Breast_Andersson_10142021_ST_B1"
"Human_Breast_Andersson_10142021_ST_B1_13x20",0.106079151618459,0.0330699165610911,0.0627553287738711,0.00349141917690163,0.00548038368836696,0.20948871542396,0.0124854469717517,0.492550582644304,0.0745990551412938,"Human_Breast_Andersson_10142021_ST_B1"
"Human_Breast_Andersson_10142021_ST_B1_13x21",0.0631461186115802,0.0215722067588897,0.0433614294526034,0.00492714755705054,0.00766784006881412,0.11941468366493,0.0283425642576651,0.572393709003825,0.139174300624642,"Human_Breast_Andersson_10142021_ST_B1"
"Human_Breast_Andersson_10142021_ST_B1_13x22",0.109858707726842,0.0156717528401369,0.0261905166032368,0.061252167422689,0.0995797584206537,0.0873194646808134,0.0215011622794811,0.487811663976607,0.0908148060495398,"Human_Breast_Andersson_10142021_ST_B1"
"Human_Breast_Andersson_10142021_ST_B1_13x23",0.109500409580866,0.119372745572875,0.0281562866997406,0.0320899464170853,0.139906241322542,0.120290956430787,0.122868732988735,0.17181417526326,0.156000505724109,"Human_Breast_Andersson_10142021_ST_B1"
"Human_Breast_Andersson_10142021_ST_B1_13x24",0.0984976457799532,0.0833364113711947,0.0283326888749179,0.017411098256924,0.0287480638161359,0.161165573001988,0.339455032907721,0.167734803822037,0.0753186821691282,"Human_Breast_Andersson_10142021_ST_B1"
"Human_Breast_Andersson_10142021_ST_B1_13x25",0.0768423354837465,0.100532927484645,0.0694570449976161,0.0291869069242817,0.0438445628929096,0.0809012013790092,0.195425935708418,0.336733807363541,0.0670752777658327,"Human_Breast_Andersson_10142021_ST_B1"
"Human_Breast_Andersson_10142021_ST_B1_13x26",0.060197461001226,0.0821298604234863,0.0427185364978622,0.0179169025542931,0.107728944760886,0.0624461369425323,0.08557586452956,0.459725815436276,0.0815604778538788,"Human_Breast_Andersson_10142021_ST_B1"
"Human_Breast_Andersson_10142021_ST_B1_13x27",0.118498573935594,0.0785146785148305,0.0475377770621127,0.0399567270428091,0.0168440330523404,0.14154270742206,0.0239174397634172,0.457851872584668,0.0753361906221685,"Human_Breast_Andersson_10142021_ST_B1"
"Human_Breast_Andersson_10142021_ST_B1_13x28",0.119039486301498,0.0482038628496203,0.04358183015797,0.0200843676716346,0.0558120234653918,0.143559855945835,0.0542216579885627,0.400467682415892,0.115029233203595,"Human_Breast_Andersson_10142021_ST_B1"
"Human_Breast_Andersson_10142021_ST_B1_13x29",0.0645300678570359,0.081141926788561,0.0375064593214701,0.0191698914740797,0.0763501646541212,0.154884653143195,0.137060007090097,0.303161505815645,0.126195323855794,"Human_Breast_Andersson_10142021_ST_B1"
"Human_Breast_Andersson_10142021_ST_B1_14x17",0.0106340763498531,0.00785907099544077,0.00273534298220816,0.31877747161857,0.159297899038922,0.0504534834482781,0.057535949012514,0.227881300016677,0.164825406537537,"Human_Breast_Andersson_10142021_ST_B1"
"Human_Breast_Andersson_10142021_ST_B1_14x18",0.164620056615591,0.106997645952883,0.0399419697974182,0.0234245759890376,0.05115568128733,0.0501014468282688,0.0336476273737047,0.449316782231328,0.0807942139244392,"Human_Breast_Andersson_10142021_ST_B1"
"Human_Breast_Andersson_10142021_ST_B1_14x19",0.150078808103502,0.0743833915957655,0.0363094457551986,0.0498043605147794,0.06013989479618,0.0488613077994834,0.0597034236226332,0.37931719385205,0.141402173960408,"Human_Breast_Andersson_10142021_ST_B1"
"Human_Breast_Andersson_10142021_ST_B1_14x20",0.173656109783004,0.056930583420486,0.0460554359249361,0.0371445351470677,0.189303194638053,0.179426945091154,0.0409222513741913,0.139418825987076,0.137142118634032,"Human_Breast_Andersson_10142021_ST_B1"
"Human_Breast_Andersson_10142021_ST_B1_14x21",0.0988191473018674,0.0393171216431184,0.0170337394120923,0.0111781858918483,0.198919519358522,0.117584502191429,0.020344512993535,0.409315796232719,0.0874874749748694,"Human_Breast_Andersson_10142021_ST_B1"
"Human_Breast_Andersson_10142021_ST_B1_14x22",0.0621734709398576,0.0398996622040914,0.0932962223890879,0.125860730989083,0.225102703692078,0.0404945988841953,0.0247775792410697,0.282655498016625,0.105739533643911,"Human_Breast_Andersson_10142021_ST_B1"
"Human_Breast_Andersson_10142021_ST_B1_14x23",0.119111743768794,0.0490637088149834,0.0501658375421752,0.0320548505865014,0.0516886777941316,0.147274694802051,0.0329373869024748,0.43425185313558,0.083451246653308,"Human_Breast_Andersson_10142021_ST_B1"
"Human_Breast_Andersson_10142021_ST_B1_14x24",0.0609788830913635,0.132979475889094,0.0449536879255687,0.0333595576831324,0.0179792153801852,0.124459410282818,0.0662770786805687,0.433426784662832,0.0855859064044378,"Human_Breast_Andersson_10142021_ST_B1"
"Human_Breast_Andersson_10142021_ST_B1_14x25",0.146411818604277,0.0638071228882421,0.0256558241577739,0.049199669168762,0.146256085080922,0.111670972072024,0.0611683281239568,0.293666590376238,0.102163589527804,"Human_Breast_Andersson_10142021_ST_B1"
"Human_Breast_Andersson_10142021_ST_B1_14x26",0.100616040873129,0.0511355541247956,0.0264316637274648,0.0112997065886671,0.0381677263760455,0.119726516037948,0.0649815583688318,0.432284288471571,0.155356945431547,"Human_Breast_Andersson_10142021_ST_B1"
"Human_Breast_Andersson_10142021_ST_B1_14x27",0.0312355977793944,0.0505423806850874,0.0256293948725216,0.00890870035261151,0.0342661743258861,0.107841709451509,0.0508163956237284,0.510575001514301,0.180184645394961,"Human_Breast_Andersson_10142021_ST_B1"
"Human_Breast_Andersson_10142021_ST_B1_14x28",0.0360656319535373,0.0496284122723026,0.0608749088357474,0.0225001789168805,0.10672856810869,0.197955082858482,0.0481049278471632,0.349316399851324,0.128825889355873,"Human_Breast_Andersson_10142021_ST_B1"
"Human_Breast_Andersson_10142021_ST_B1_14x29",0.109186207350075,0.0328639998859188,0.0399133725247453,0.0812770748219963,0.1704518517008,0.133115049734094,0.0284827045417328,0.25382158535098,0.150888154089658,"Human_Breast_Andersson_10142021_ST_B1"
"Human_Breast_Andersson_10142021_ST_B1_14x30",0.0783287545925181,0.040685465872291,0.0625154948390033,0.186343866931989,0.126970248982655,0.150182559764375,0.081946778741957,0.202797191968422,0.0702296383067905,"Human_Breast_Andersson_10142021_ST_B1"
"Human_Breast_Andersson_10142021_ST_B1_15x17",0.0394720934072427,0.00412685762128252,0.0209343999441638,0.0183744975176284,0.0760321479896095,0.027139548343934,0.0830517056936838,0.546940297198112,0.183928452284343,"Human_Breast_Andersson_10142021_ST_B1"
"Human_Breast_Andersson_10142021_ST_B1_15x18",0.114913140837485,0.0129565636996552,0.0125424227129241,0.00334605952377602,0.017049059981215,0.0107623849408513,0.0114931069154007,0.76712077190705,0.0498164894816429,"Human_Breast_Andersson_10142021_ST_B1"
"Human_Breast_Andersson_10142021_ST_B1_15x19",0.11216542253136,0.057655597804276,0.0357334915126907,0.0190365947170868,0.0420470548736405,0.190845660052735,0.0527838458413647,0.289779211026867,0.199953121639979,"Human_Breast_Andersson_10142021_ST_B1"
"Human_Breast_Andersson_10142021_ST_B1_15x20",0.0842833525644773,0.0229366015326215,0.0325454977163932,0.133259866786294,0.340249447224737,0.0711244377312737,0.0552152800899008,0.0453861908840051,0.214999325470297,"Human_Breast_Andersson_10142021_ST_B1"
"Human_Breast_Andersson_10142021_ST_B1_15x21",0.0803759456955757,0.0353290259732289,0.0735935273238458,0.016340643361219,0.27252444582585,0.0951759820728715,0.051068146885098,0.254451287461167,0.121140995401144,"Human_Breast_Andersson_10142021_ST_B1"
"Human_Breast_Andersson_10142021_ST_B1_15x25",0.0413073739598815,0.0424525715620323,0.0204169187480558,0.0246160090933688,0.0130070201378105,0.157941983217649,0.029276170536471,0.529024828041297,0.141957124703434,"Human_Breast_Andersson_10142021_ST_B1"
"Human_Breast_Andersson_10142021_ST_B1_15x26",0.10013739484494,0.0451253314354566,0.0625521419181288,0.0191033446799261,0.0421042720845246,0.32492207898854,0.0262883099144505,0.169409528882763,0.210357597251271,"Human_Breast_Andersson_10142021_ST_B1"
"Human_Breast_Andersson_10142021_ST_B1_15x27",0.152483282827446,0.0516334955049027,0.0662232514885008,0.03868358186596,0.0824928830950824,0.127149793041798,0.0330612464131753,0.339164217881857,0.109108247881278,"Human_Breast_Andersson_10142021_ST_B1"
"Human_Breast_Andersson_10142021_ST_B1_15x28",0.0518729007821576,0.0148296887675225,0.0393696587107694,0.052971247555651,0.0906424968741783,0.179379707524437,0.0400800791976088,0.42171049546996,0.109143725117715,"Human_Breast_Andersson_10142021_ST_B1"
"Human_Breast_Andersson_10142021_ST_B1_15x29",0.107199732367053,0.0363795930531799,0.0419742825032103,0.0130844391739577,0.0431074358281405,0.139948068572326,0.0630542315735223,0.439426731136384,0.115825485792226,"Human_Breast_Andersson_10142021_ST_B1"
"Human_Breast_Andersson_10142021_ST_B1_15x30",0.0842950788481595,0.0339167133093346,0.0822690504418428,0.0227337378424009,0.0784472559400761,0.0837681652080588,0.0428365693164216,0.402092956077363,0.169640473016343,"Human_Breast_Andersson_10142021_ST_B1"
"Human_Breast_Andersson_10142021_ST_B1_16x18",0.0743188016811166,0.0509082883193814,0.0327927368505617,0.0196579764219033,0.234844839303607,0.250223753416036,0.0157416705197633,0.169693902377797,0.151818031109833,"Human_Breast_Andersson_10142021_ST_B1"
"Human_Breast_Andersson_10142021_ST_B1_16x19",0.0690026415012639,0.0216643955641275,0.00261433187584135,0.0116410461103477,0.0284121935736926,0.145980238608223,0.0100268047961892,0.480954479200839,0.229703868769475,"Human_Breast_Andersson_10142021_ST_B1"
"Human_Breast_Andersson_10142021_ST_B1_16x20",0.128203228150604,0.0101872549117375,0.0572644358926085,0.0188418256513471,0.0179626630297969,0.038435216779033,0.0408465448541419,0.609866962369802,0.0783918683609299,"Human_Breast_Andersson_10142021_ST_B1"
"Human_Breast_Andersson_10142021_ST_B1_16x21",0.103978062899451,0.0408226762663007,0.0597094762496691,0.094941450816057,0.149634836768836,0.132905926812744,0.166752660595612,0.159933956269425,0.0913209533219049,"Human_Breast_Andersson_10142021_ST_B1"
"Human_Breast_Andersson_10142021_ST_B1_16x22",0.110177012589483,0.0248737359579785,0.0710390564340193,0.0165826311046688,0.0493485259268344,0.0878517635378708,0.0382464059644229,0.412493071953314,0.189387796531408,"Human_Breast_Andersson_10142021_ST_B1"
"Human_Breast_Andersson_10142021_ST_B1_16x23",0.132893452540627,0.0264023353992052,0.0369049662680899,0.0925230954009106,0.265729299318682,0.0831453147799503,0.0116735300519715,0.312348329830589,0.0383796764099746,"Human_Breast_Andersson_10142021_ST_B1"
"Human_Breast_Andersson_10142021_ST_B1_16x24",0.132615977296642,0.0411883581464249,0.123323072515639,0.00698675923962324,0.0728364625750127,0.103713119837022,0.0914774296665546,0.316376231401337,0.111482589321746,"Human_Breast_Andersson_10142021_ST_B1"
"Human_Breast_Andersson_10142021_ST_B1_16x25",0.0778115762452734,0.0386738906783921,0.074244411349924,0.0350856518002163,0.0514700112458015,0.117278407210667,0.0645591839094565,0.39532614379247,0.145550723767798,"Human_Breast_Andersson_10142021_ST_B1"
"Human_Breast_Andersson_10142021_ST_B1_16x26",0.140772806509921,0.0469195334483748,0.0629373923185019,0.0408605667307517,0.0984167027882714,0.0687990905922669,0.0809805642310915,0.32489479209836,0.13541855128246,"Human_Breast_Andersson_10142021_ST_B1"
"Human_Breast_Andersson_10142021_ST_B1_16x27",0.0511303823598247,0.0832960573515227,0.0194860101387588,0.0134167790673351,0.0145228594967917,0.197479069388901,0.0597323562476402,0.391108269207625,0.169828216741601,"Human_Breast_Andersson_10142021_ST_B1"
"Human_Breast_Andersson_10142021_ST_B1_16x28",0.0774131991859545,0.0524894869225834,0.0365706537360822,0.046626199294306,0.0092356428276649,0.107767262220794,0.0263227712913367,0.505103392510408,0.13847139201087,"Human_Breast_Andersson_10142021_ST_B1"
"Human_Breast_Andersson_10142021_ST_B1_16x29",0.180894836335884,0.0384091197545956,0.0381973417322213,0.0859063299348892,0.121061635825302,0.12168642543278,0.147234104901341,0.156515262952815,0.110094943130173,"Human_Breast_Andersson_10142021_ST_B1"
"Human_Breast_Andersson_10142021_ST_B1_16x30",0.0523768671994257,0.0818270344456365,0.0727513748329933,0.0737740901173659,0.0926689263415973,0.227601152105852,0.0238695310604588,0.250360798837972,0.124770225058699,"Human_Breast_Andersson_10142021_ST_B1"
"Human_Breast_Andersson_10142021_ST_B1_17x20",0.027944344890345,0.0208434251354897,0.0562104505118662,0.0244601909237538,0.0468568385294243,0.103098597726415,0.0242111561627454,0.62880658278312,0.0675684133368406,"Human_Breast_Andersson_10142021_ST_B1"
"Human_Breast_Andersson_10142021_ST_B1_17x21",0.0578804263039677,0.0650593507394267,0.0307414264378657,0.00427662113388398,0.0642201818581921,0.0709742247680235,0.09846646979023,0.480333385246335,0.128047913722076,"Human_Breast_Andersson_10142021_ST_B1"
"Human_Breast_Andersson_10142021_ST_B1_17x24",0.0929758467866189,0.0500360250992141,0.0488482003889074,0.00985315957621959,0.0788315592110378,0.278952310484452,0.0374171159313412,0.270893336110701,0.132192446411508,"Human_Breast_Andersson_10142021_ST_B1"
"Human_Breast_Andersson_10142021_ST_B1_17x25",0.0861098589541825,0.0418801200316987,0.0298579700255329,0.0127612477991673,0.0316422783276624,0.101415231280274,0.071530944053139,0.4695230947873,0.155279254741044,"Human_Breast_Andersson_10142021_ST_B1"
"Human_Breast_Andersson_10142021_ST_B1_17x26",0.0893995131750487,0.0463481956859133,0.0234555727462229,0.0443757181660472,0.131165617877894,0.104040299701884,0.067325134702163,0.346689621167417,0.14720032677741,"Human_Breast_Andersson_10142021_ST_B1"
"Human_Breast_Andersson_10142021_ST_B1_17x27",0.115256918241234,0.060012893467544,0.0446268334882086,0.0280704129569522,0.0560286792510899,0.167626898813659,0.0468193572913077,0.323224405693351,0.158333600796654,"Human_Breast_Andersson_10142021_ST_B1"
"Human_Breast_Andersson_10142021_ST_B1_17x29",0.147029299763267,0.0231228956449921,0.045775524250784,0.164703927715157,0.246224097453142,0.0799333560463663,0.0414115595309303,0.135598744926148,0.116200594669214,"Human_Breast_Andersson_10142021_ST_B1"
"Human_Breast_Andersson_10142021_ST_B1_17x30",0.04163927846436,0.0709994076683779,0.0123732359427313,0.00984973284975796,0.0577648828009426,0.140761087963425,0.0667177564975459,0.514606786303991,0.0852878315088684,"Human_Breast_Andersson_10142021_ST_B1"
"Human_Breast_Andersson_10142021_ST_B1_18x19",0.259881225466806,0.0298307540945696,0.0746088603377713,0.0213327413354851,0.130580478434319,0.100471251282782,0.0642965022276428,0.161036140151301,0.157962046669324,"Human_Breast_Andersson_10142021_ST_B1"
"Human_Breast_Andersson_10142021_ST_B1_18x21",0.060280133233525,0.0357252625044911,0.0276992751494137,0.0853681294641367,0.1902611745496,0.130115623507109,0.0444996159273086,0.302457209411299,0.123593576253117,"Human_Breast_Andersson_10142021_ST_B1"
"Human_Breast_Andersson_10142021_ST_B1_18x22",0.0387444874240568,0.0418012765277537,0.0707788708558339,0.0187291031573228,0.0442648820163431,0.0924756250504846,0.0197125947108601,0.554211368123727,0.119281792133618,"Human_Breast_Andersson_10142021_ST_B1"
"Human_Breast_Andersson_10142021_ST_B1_18x23",0.0839754532390885,0.0294347365773204,0.073308200370315,0.01764337854928,0.0471154884464594,0.0820276817429374,0.0265859049846629,0.525584853403675,0.114324302686261,"Human_Breast_Andersson_10142021_ST_B1"
"Human_Breast_Andersson_10142021_ST_B1_18x24",0.0804410848528529,0.0315303457341918,0.0465162989480874,0.0148102025761801,0.0532678864929808,0.0820136678616589,0.0528348197002575,0.515937689665107,0.122648004168684,"Human_Breast_Andersson_10142021_ST_B1"
"Human_Breast_Andersson_10142021_ST_B1_18x25",0.039521709799709,0.0362861819563511,0.0329400767938059,0.169044181522699,0.0502571174489862,0.138139044697423,0.036168383393291,0.248568655753296,0.249074648634439,"Human_Breast_Andersson_10142021_ST_B1"
"Human_Breast_Andersson_10142021_ST_B1_18x26",0.0947177444474379,0.0442618708978907,0.0603790628945328,0.0278780459088776,0.106746637077483,0.1426896017678,0.045097464030864,0.358113155471251,0.120116417503864,"Human_Breast_Andersson_10142021_ST_B1"
"Human_Breast_Andersson_10142021_ST_B1_18x28",0.0404639375965106,0.0760205543005164,0.0210845858285415,0.0441945773403491,0.0537452768368347,0.206985054924527,0.0618458652236779,0.267814764858231,0.227845383090812,"Human_Breast_Andersson_10142021_ST_B1"
"Human_Breast_Andersson_10142021_ST_B1_18x29",0.092947594102879,0.0342132352051764,0.0522647322581025,0.006022302964975,0.125124174105024,0.0658399347939411,0.053584650815585,0.527889981455559,0.0421133942987588,"Human_Breast_Andersson_10142021_ST_B1"
"Human_Breast_Andersson_10142021_ST_B1_18x30",0.0923460915580765,0.0584092415669267,0.0560793040985544,0.0174551045206984,0.0367607809174421,0.146889081786987,0.0440044707116215,0.433329382473049,0.114726542366645,"Human_Breast_Andersson_10142021_ST_B1"
"Human_Breast_Andersson_10142021_ST_B1_19x19",0.0757901476561861,0.0623781931478314,0.0138002348366439,0.0475805828457896,0.0503441939877997,0.053361699741148,0.0745619561469562,0.497501142219384,0.124681849418261,"Human_Breast_Andersson_10142021_ST_B1"
"Human_Breast_Andersson_10142021_ST_B1_19x23",0.0503042878475266,0.0311698462300907,0.092629127290197,0.0252562097511467,0.0457657114845179,0.0768297006692151,0.0222186152166061,0.528804924045217,0.127021577465483,"Human_Breast_Andersson_10142021_ST_B1"
"Human_Breast_Andersson_10142021_ST_B1_19x24",0.0820989139431633,0.0262439999736413,0.0313829954455539,0.0289591216778364,0.0388407855703367,0.102663681768093,0.0360627959533353,0.463159043549354,0.190588662118686,"Human_Breast_Andersson_10142021_ST_B1"
"Human_Breast_Andersson_10142021_ST_B1_19x25",0.0361828964082246,0.0723960371194777,0.0306944997483249,0.211642795938673,0.0489827867733568,0.144185183751118,0.221922763670627,0.0211250704695974,0.212867966120601,"Human_Breast_Andersson_10142021_ST_B1"
"Human_Breast_Andersson_10142021_ST_B1_19x26",0.0375879132594426,0.0452501680765391,0.023598540479331,0.0123313848216145,0.0135905156098475,0.161784045406398,0.0432533817376395,0.544652896656777,0.117951153952411,"Human_Breast_Andersson_10142021_ST_B1"
"Human_Breast_Andersson_10142021_ST_B1_19x28",0.140185859296775,0.149328991598334,0.0275953830302405,0.0860942176437599,0.0599926546162066,0.120943237792395,0.0461921295919427,0.229561533169466,0.140105993260881,"Human_Breast_Andersson_10142021_ST_B1"
"Human_Breast_Andersson_10142021_ST_B1_19x29",0.0674511651716909,0.0578778646559909,0.0266562206646147,0.0120334064033441,0.0107616620508747,0.174257126840643,0.0935660800302046,0.447852952146928,0.109543522035709,"Human_Breast_Andersson_10142021_ST_B1"
"Human_Breast_Andersson_10142021_ST_B1_19x30",0.0643242736593035,0.132776250437463,0.0859143021421311,0.0127870266977332,0.0279932433528929,0.230130341550623,0.0326813918318147,0.219100414871686,0.194292755456353,"Human_Breast_Andersson_10142021_ST_B1"
"Human_Breast_Andersson_10142021_ST_B1_20x20",0.189504818618969,0.0650623535607881,0.0436023995299873,0.00466558791868667,0.0508375886814788,0.172726109180332,0.0487673528046245,0.270056597176827,0.154777192528307,"Human_Breast_Andersson_10142021_ST_B1"
"Human_Breast_Andersson_10142021_ST_B1_20x21",0.0499091639493552,0.0638662222727808,0.0620683932682293,0.0192664724864022,0.0513295428809739,0.163865208910943,0.035052114799562,0.424519067767903,0.130123813663851,"Human_Breast_Andersson_10142021_ST_B1"
"Human_Breast_Andersson_10142021_ST_B1_20x22",0.153862818397626,0.0435550938729822,0.0348659361502729,0.0216761637379034,0.109277403940384,0.137499952052367,0.0168211876432581,0.329462904878655,0.152978539326552,"Human_Breast_Andersson_10142021_ST_B1"
"Human_Breast_Andersson_10142021_ST_B1_20x23",0.0781198335968337,0.0357241383546782,0.0518598073167708,0.0426834678045223,0.141079480073011,0.127066888321747,0.0905927643730949,0.330164448951877,0.102709171207465,"Human_Breast_Andersson_10142021_ST_B1"
"Human_Breast_Andersson_10142021_ST_B1_20x24",0.0606719179742011,0.0176530331795911,0.0722836873279482,0.019236425137682,0.0172474244873845,0.0751798684955384,0.0159609321374857,0.646912605354321,0.0748541059058483,"Human_Breast_Andersson_10142021_ST_B1"
"Human_Breast_Andersson_10142021_ST_B1_20x25",0.0425356464060317,0.0413890594612871,0.0633011384212938,0.0139506681722367,0.0601662744831514,0.212175473073272,0.0751362312792634,0.238439698535342,0.252905810168122,"Human_Breast_Andersson_10142021_ST_B1"
"Human_Breast_Andersson_10142021_ST_B1_20x26",0.141571405862129,0.0309701846505125,0.0447846149847905,0.0224097231250309,0.0137846324937938,0.0995628837742084,0.0272969314774172,0.464658719542875,0.154960904089242,"Human_Breast_Andersson_10142021_ST_B1"
"Human_Breast_Andersson_10142021_ST_B1_20x27",0.0514758045334117,0.0929188169871463,0.0853100917826227,0.0517342693420448,0.058492771653963,0.198059136302545,0.023794722326426,0.192906870335268,0.245307516736573,"Human_Breast_Andersson_10142021_ST_B1"
"Human_Breast_Andersson_10142021_ST_B1_20x28",0.098829088707983,0.0444137343647121,0.0280950920232475,0.0139218444005679,0.059956548172802,0.0943676910969024,0.0861947978743586,0.460655976571456,0.113565226787971,"Human_Breast_Andersson_10142021_ST_B1"
"Human_Breast_Andersson_10142021_ST_B1_20x29",0.0475412593156516,0.0773030677110559,0.0476560081068699,0.046922925693579,0.0277522019333827,0.113367035257739,0.0344183218655856,0.504074861003894,0.100964319112242,"Human_Breast_Andersson_10142021_ST_B1"
"Human_Breast_Andersson_10142021_ST_B1_20x30",0.0840578007717341,0.11145034934187,0.0264712787292899,0.0339149490488175,0.00475454308528827,0.171231296485119,0.0397370021980301,0.416728880046881,0.11165390029297,"Human_Breast_Andersson_10142021_ST_B1"
"Human_Breast_Andersson_10142021_ST_B1_21x23",0.0277622108068418,0.0318344782782929,0.023407460304179,0.0376826007472067,0.0345842268093222,0.193773461303818,0.0900673585790137,0.367891994668611,0.192996208502714,"Human_Breast_Andersson_10142021_ST_B1"
"Human_Breast_Andersson_10142021_ST_B1_21x25",0.0897920788950768,0.0621601114234094,0.0612171680296077,0.0171350855781553,0.11000684628049,0.124950589007533,0.0536768891671789,0.30523952959166,0.175821702026889,"Human_Breast_Andersson_10142021_ST_B1"
"Human_Breast_Andersson_10142021_ST_B1_21x26",0.15262568123908,0.0585009482703609,0.0612345837818608,0.0463674455493824,0.0584768916836277,0.144566432658513,0.0476902666597557,0.242072179151367,0.188465571006052,"Human_Breast_Andersson_10142021_ST_B1"
"Human_Breast_Andersson_10142021_ST_B1_21x27",0.115924420227324,0.0511592691315031,0.0596316111522427,0.00204893373937957,0.0145771997765046,0.144718896433701,0.0166334524079806,0.401165628581751,0.194140588549613,"Human_Breast_Andersson_10142021_ST_B1"
"Human_Breast_Andersson_10142021_ST_B1_21x28",0.0730945500443768,0.135011821106539,0.0921322319394621,0.0200812104184366,0.0436516857718909,0.23050630484953,0.0593573640154631,0.186386483847772,0.159778348006529,"Human_Breast_Andersson_10142021_ST_B1"
"Human_Breast_Andersson_10142021_ST_B1_21x29",0.125632416717084,0.0206350100392536,0.0350918227983447,0.0258550047119478,0.0618398834003108,0.069310084853556,0.00752496926342025,0.587840967982326,0.0662698402337572,"Human_Breast_Andersson_10142021_ST_B1"
"Human_Breast_Andersson_10142021_ST_B1_22x22",0.0849955968780162,0.0826079396253321,0.114826437853124,0.0243590169798321,0.0936535598500624,0.129994352765453,0.0286212154471116,0.269430591252695,0.171511289348373,"Human_Breast_Andersson_10142021_ST_B1"
"Human_Breast_Andersson_10142021_ST_B1_22x25",0.120300918486189,0.109859667773837,0.0925487767804728,0.0114790274081466,0.025024465100884,0.0687529536315979,0.0726048427967629,0.414485676414882,0.0849436716072277,"Human_Breast_Andersson_10142021_ST_B1"
"Human_Breast_Andersson_10142021_ST_B1_22x26",0.113138656826612,0.0802549296528809,0.104500842975549,0.0606040206523996,0.131063658115716,0.114870285911918,0.0609220066905941,0.272499028337445,0.0621465708368865,"Human_Breast_Andersson_10142021_ST_B1"
"Human_Breast_Andersson_10142021_ST_B1_22x27",0.118817563470209,0.0247931617484827,0.0243732084180241,0.0289938434139611,0.0500108497954805,0.0820445843470354,0.0301775355493244,0.487349117465965,0.153440135791517,"Human_Breast_Andersson_10142021_ST_B1"
"Human_Breast_Andersson_10142021_ST_B1_22x28",0.128094302719782,0.0577836837548402,0.0665632844149428,0.0571824705958639,0.0600289098576912,0.224045896484932,0.11095697419467,0.193534893401512,0.101809584575766,"Human_Breast_Andersson_10142021_ST_B1"
"Human_Breast_Andersson_10142021_ST_B1_22x29",0.164463489364208,0.0873669514587538,0.0636397027681469,0.0709710579343768,0.0683782214658121,0.0541337584497959,0.0971359852337274,0.286897653378368,0.107013179946812,"Human_Breast_Andersson_10142021_ST_B1"
"Human_Breast_Andersson_10142021_ST_B1_22x30",0.197141497996718,0.0784146918203997,0.0404246508872279,0.0451183634264204,0.0332821016485792,0.189684490790344,0.0855755534841236,0.11502472335189,0.215333926594298,"Human_Breast_Andersson_10142021_ST_B1"
"Human_Breast_Andersson_10142021_ST_B1_23x24",0.0520478139328615,0.0381926133463183,0.0428149705772595,0.0790843937634651,0.213105191219295,0.146475375327801,0.0641754291434911,0.243705417175039,0.120398795514469,"Human_Breast_Andersson_10142021_ST_B1"
"Human_Breast_Andersson_10142021_ST_B1_23x25",0.0407509372917881,0.0903995098072208,0.0558021928225202,0.0846310904958901,0.123893235091755,0.0665529642043746,0.0964174307056958,0.34243111577261,0.0991215238081457,"Human_Breast_Andersson_10142021_ST_B1"
"Human_Breast_Andersson_10142021_ST_B1_23x26",0.113216293747745,0.0886642166573631,0.0329346546937548,0.0504984622679521,0.0440884193903023,0.187772247347611,0.0491844701799912,0.323797167112814,0.109844068602468,"Human_Breast_Andersson_10142021_ST_B1"
