"","Endothelial","CAFs","PVL","B-cells","T-cells","Myeloid","Normal Epithelial","Plasmablasts","Cancer Epithelial","sid"
"GSE210616_GSM6433606_AAACGAGACGGTTGAT-1",0.0558313775235901,0.03935078880788,0.0350277541701389,0.362216592583629,0.157709317755633,0.0240342970168529,0.104230334477324,0.00378215823597042,0.217817379428982,"GSE210616_GSM6433606"
"GSE210616_GSM6433606_AAACTGCTGGCTCCAA-1",0.0717837498898555,0.0747850124445024,0.057716393228124,0.278325188154381,0.184748008365792,0.0154141092549916,0.126587032173291,0.0049598563555501,0.185680650133513,"GSE210616_GSM6433606"
"GSE210616_GSM6433606_AAAGGGATGTAGCAAG-1",0.0498064740946266,0.222981335271735,0.0749556551900438,0.0894870406054338,0.0918976529234673,0.0759994964007587,0.173977479348277,0.043807095764006,0.177087770401652,"GSE210616_GSM6433606"
"GSE210616_GSM6433606_AAAGGGCAGCTTGAAT-1",0.0275421058883597,0.201147292126134,0.0781620401429034,0.0209775546952224,0.0375156456237901,0.118971251259419,0.182977942244728,0.000318906551399919,0.332387261468043,"GSE210616_GSM6433606"
"GSE210616_GSM6433606_AAAGTTGACTCCCGTA-1",0.0686180274821061,0.153474603868017,0.194975755703559,0.101195393377546,0.179959610059364,0.116582270278423,0.0838321655696234,0.00266673933059325,0.0986954343307671,"GSE210616_GSM6433606"
"GSE210616_GSM6433606_AAATACCTATAAGCAT-1",0.136067300970035,0.0605999267286572,0.0529393852275299,0.283778772397874,0.148386051683959,0.0346509794540383,0.128929858517244,0.00347565576708319,0.151172069253579,"GSE210616_GSM6433606"
"GSE210616_GSM6433606_AAATCGTGTACCACAA-1",0.047735726329231,0.178348862845467,0.0621586732139918,0.187452549019099,0.1422097213646,0.042146705863411,0.197006938892065,0.00788597433419009,0.135054848137945,"GSE210616_GSM6433606"
"GSE210616_GSM6433606_AAATGCTCGTTACGTT-1",0.0645031515788517,0.120509931756305,0.0861750097926844,0.0977735774513685,0.047265871564725,0.0350584420808366,0.210089188063334,0.00104755412100736,0.337577273590888,"GSE210616_GSM6433606"
"GSE210616_GSM6433606_AAATGGTCAATGTGCC-1",0.0567162753836602,0.0815810527716019,0.04151187287684,0.119863280021896,0.123510779273105,0.0910008771464049,0.306868892290002,0.00083397942863008,0.17811299080786,"GSE210616_GSM6433606"
"GSE210616_GSM6433606_AAATTAACGGGTAGCT-1",0.0596144082914804,0.0693778498775016,0.0245350487125487,0.251699203120571,0.136814642871573,0.0289227637991128,0.207035909990857,0.00188678721449602,0.22011338612186,"GSE210616_GSM6433606"
"GSE210616_GSM6433606_AACAACTGGTAGTTGC-1",0.0317627938571396,0.106076381379239,0.0314328067140829,0.256218842846654,0.105404832635661,0.0446837754122278,0.239479423423508,0.0112914654305162,0.17364967830097,"GSE210616_GSM6433606"
"GSE210616_GSM6433606_AACAATTACTCTACGC-1",0.0229116223390957,0.255433315186055,0.0226772220145652,0.0760810752795742,0.0340066515757204,0.173435009902467,0.275727561774599,0.000312453457641156,0.139415088470282,"GSE210616_GSM6433606"
"GSE210616_GSM6433606_AACAGGATGGGCCGCG-1",0.0280168359495272,0.169526858301544,0.0761024501670661,0.0727827409871264,0.013887834761495,0.250462024778139,0.192746292207316,0.00550466447986146,0.190970298367925,"GSE210616_GSM6433606"
"GSE210616_GSM6433606_AACCCTACTGTCAATA-1",0.0639089866126926,0.18536932178197,0.0348591132074298,0.418712999074527,0.0821063223928092,0.066916017719029,0.0471568475198595,0.0245319300143593,0.0764384616773238,"GSE210616_GSM6433606"
"GSE210616_GSM6433606_AACGTCAGACTAGTGG-1",0.0733099079501555,0.159605586146816,0.0592864503402522,0.0103923831392461,0.0116434616638868,0.168491418100965,0.346319641835396,8.78279467847268e-05,0.170863322876498,"GSE210616_GSM6433606"
"GSE210616_GSM6433606_AACGTGCGAAAGTCTC-1",0.0659345080911408,0.0243782798268502,0.0224068261490692,0.340031940009717,0.184265825583133,0.0174502193695378,0.105303636487096,0.00340514591105234,0.236823618572403,"GSE210616_GSM6433606"
"GSE210616_GSM6433606_AACTCAAGTTAATTGC-1",0.0827223950849788,0.133697047638361,0.0966095930736177,0.176446300724281,0.102781933566207,0.0838899089336248,0.155361910012619,0.00704653180303515,0.161444379163275,"GSE210616_GSM6433606"
"GSE210616_GSM6433606_AACTCTCAATAGAGCG-1",0.037732606845719,0.199304258303022,0.0803762193940941,0.189787436782618,0.103434940439813,0.0923122781227056,0.111894912873015,0.00823271762032421,0.176924629618688,"GSE210616_GSM6433606"
"GSE210616_GSM6433606_AACTTGCCCGTATGCA-1",0.043693087024655,0.163030527148198,0.0258801898437367,0.169617271399503,0.0652926229591922,0.0988870224390263,0.277891806808913,0.00150153171827886,0.154205940658497,"GSE210616_GSM6433606"
"GSE210616_GSM6433606_AAGACTGCAAGCTACT-1",0.0683467919950804,0.0469037523186105,0.0331505280759353,0.401447245567945,0.163388382141454,0.0144087042475441,0.115396369184281,0.00252781603313856,0.154430410436012,"GSE210616_GSM6433606"
"GSE210616_GSM6433606_AAGAGATGAATCGGTA-1",0.124506323215773,0.174608698957906,0.0482992647841567,0.231832725013208,0.0874765241054065,0.105535294846622,0.110257078574456,0.00120497703142711,0.116279113471045,"GSE210616_GSM6433606"
"GSE210616_GSM6433606_AAGAGCTCTTTATCGG-1",0.0466076600018099,0.0307693677573125,0.034496211938245,0.39011626524475,0.19213442902256,0.0108421538414487,0.0684578255944625,0.00284591848913514,0.223730168110276,"GSE210616_GSM6433606"
"GSE210616_GSM6433606_AAGAGGCATGGATCGC-1",0.0791014374136314,0.131977295949349,0.0765902776174626,0.182342159309775,0.126143500996208,0.0901033907193222,0.116257618650948,0.00232296272672995,0.195161356616574,"GSE210616_GSM6433606"
"GSE210616_GSM6433606_AAGCTCGTGCCAAGTC-1",0.0490968291039291,0.0599867828813094,0.0552150505484315,0.399935678534054,0.125949648753801,0.0211657124036235,0.0656643036850994,0.00309717806236502,0.219888816027387,"GSE210616_GSM6433606"
"GSE210616_GSM6433606_AAGGAGCGGTTGGTGC-1",0.0225247906163546,0.32336441935119,0.0612020649170302,0.0722806371637601,0.0506605217482428,0.0591770379390168,0.219987901713525,0.000546949250938972,0.190255677299942,"GSE210616_GSM6433606"
"GSE210616_GSM6433606_AAGGCGCGTAAAGCTT-1",0.0291947036923467,0.0634103779227203,0.0328563542668692,0.393552468270083,0.127965812705894,0.0425939728761165,0.185249336597415,0.00021117274750686,0.124965800921049,"GSE210616_GSM6433606"
"GSE210616_GSM6433606_AAGGCTGTGCTCATCG-1",0.0582853454134033,0.189981643173479,0.0254274831223603,0.0549714666415063,0.0497504579110691,0.127900445680607,0.324825943049198,0.00158778508707535,0.167269429921301,"GSE210616_GSM6433606"
"GSE210616_GSM6433606_AAGTAGTGACGCGAGG-1",0.0220974989452064,0.160644828400095,0.0667626522849004,0.0744257429230782,0.00994383706022725,0.395124615852919,0.164907868847421,0.000174803027122978,0.10591815265903,"GSE210616_GSM6433606"
"GSE210616_GSM6433606_AATAACAACGCTCGGC-1",0.0409488652401192,0.0341046345994551,0.0160641453630291,0.273279096081885,0.108084707813048,0.0378688636762125,0.304608830666108,0.0011238406420034,0.183917015918139,"GSE210616_GSM6433606"
"GSE210616_GSM6433606_AATAGAATCTGTTTCA-1",0.00829122597124399,0.765224310439985,0.00145641540238317,0.0069271197649526,0.00447257343924154,0.136077365917142,0.0456280190448142,0.000308574674880368,0.0316143953453565,"GSE210616_GSM6433606"
"GSE210616_GSM6433606_AATCGCCTCAGCGCCA-1",0.059542696379607,0.0660860145522677,0.0380716652788068,0.314681804520297,0.181469564896602,0.0384662438247317,0.0616622647817046,0.00224187772610212,0.23777786803988,"GSE210616_GSM6433606"
"GSE210616_GSM6433606_AATGACGTAGGATGTC-1",0.0441593371338652,0.125690207465127,0.0688885995895148,0.163938780859003,0.0938381441345739,0.214972686828842,0.106588321535825,0.00535961214892128,0.176564310304328,"GSE210616_GSM6433606"
"GSE210616_GSM6433606_AATGACTGTCAGCCGG-1",0.0222881992101071,0.24741926234217,0.0478299336494426,0.0783764320535575,0.0596308164082815,0.0514352663811822,0.29880668845562,0.000618499715504295,0.193594901784135,"GSE210616_GSM6433606"
"GSE210616_GSM6433606_AATGCAACCGGGTACC-1",0.0887815854832134,0.146800515870089,0.0502129595409399,0.0242003824585235,0.0463371866061787,0.109165711553646,0.385915309605828,0.00306584319060412,0.145520505690977,"GSE210616_GSM6433606"
"GSE210616_GSM6433606_AATGGTTCTCACAAGC-1",0.0209490328503977,0.115964233156001,0.0176530179076111,0.246645266623489,0.0624236635885074,0.0856662528635284,0.226923252333482,0.000277861725383578,0.2234974189516,"GSE210616_GSM6433606"
"GSE210616_GSM6433606_AATTAAAGGTCGGCGT-1",0.065034532584913,0.0434486713557577,0.0456497872413977,0.230254994298019,0.153816398992582,0.0424616758485907,0.174038022617854,0.00181196644314214,0.243483950617744,"GSE210616_GSM6433606"
"GSE210616_GSM6433606_AATTCTAGAGTTAGGC-1",0.0411504101289027,0.0988111347480655,0.0355334569836007,0.222176357888202,0.125763437842755,0.0251973595482035,0.214675985521794,0.000624179174126055,0.236067678164351,"GSE210616_GSM6433606"
"GSE210616_GSM6433606_ACAAATCGCACCGAAT-1",0.0412846698139241,0.231325399323021,0.0349868612300523,0.0246190058768077,0.0726745320747789,0.499053329376411,0.0361390770538241,0.00308005956902393,0.056837065682156,"GSE210616_GSM6433606"
"GSE210616_GSM6433606_ACAACAGCATGAGCTA-1",0.0606313535091552,0.0339732352496841,0.0389317069441069,0.341444569981788,0.188046970012838,0.0156330442073687,0.067650248150022,0.00200477799064618,0.251684093954391,"GSE210616_GSM6433606"
"GSE210616_GSM6433606_ACAACGGTCCCTGCGA-1",0.0316248301351974,0.180794187056799,0.045573415271527,0.10876464277504,0.100979532844067,0.0310730673839908,0.192537356795374,0.00317940385727994,0.305473563880724,"GSE210616_GSM6433606"
"GSE210616_GSM6433606_ACAAGCAGTGCCTAGC-1",0.0470158600326195,0.0459674952263223,0.0167337104116253,0.306809319452815,0.0649373059564854,0.0526404212145728,0.301316700324093,0.00107920180131889,0.163499985580148,"GSE210616_GSM6433606"
"GSE210616_GSM6433606_ACAAGGAAATCCGCCC-1",0.119530819296215,0.214495240625074,0.0282148014315594,0.0834965106531557,0.102147011212603,0.327519243700383,0.0460085573659604,0.00598223994584593,0.072605575769203,"GSE210616_GSM6433606"
"GSE210616_GSM6433606_ACAAGGACAAGAGGTT-1",0.0366458270298393,0.107972193684375,0.0490758856252996,0.195304964315678,0.104815080879299,0.0345452585089065,0.264367989432724,0.0625797991082318,0.144693001415645,"GSE210616_GSM6433606"
"GSE210616_GSM6433606_ACAAGGGCAGGCTCTG-1",0.0519664969125673,0.0655909826656776,0.0649675947026929,0.259812833465291,0.131584666824423,0.0415363383659553,0.123046324619845,0.00330643588283939,0.258188326560708,"GSE210616_GSM6433606"
"GSE210616_GSM6433606_ACAATCCATTTAAACC-1",0.0257161584652684,0.104983843902986,0.0375341585472953,0.299779591760138,0.0951871689776275,0.0573459986465425,0.272710665811924,0.0034930631380515,0.103249350750166,"GSE210616_GSM6433606"
"GSE210616_GSM6433606_ACACAAAGACGGGTGG-1",0.0962770119335177,0.111697346774292,0.0928977330565455,0.0477031825517988,0.0491701566854555,0.0964727982064883,0.333935670492565,0.00468999088059411,0.167156109418744,"GSE210616_GSM6433606"
"GSE210616_GSM6433606_ACACCCAGCATGCAGC-1",0.00757418920874019,0.443657149600767,0.108193501077795,0.00720911974516321,0.00786501286955469,0.023320717922367,0.199909783897954,0.00603346567749892,0.19623706000016,"GSE210616_GSM6433606"
"GSE210616_GSM6433606_ACACCCGAGAAATCCG-1",0.0226214572932863,0.130014047625334,0.0318919399790396,0.13356997098097,0.162524513306517,0.0861757404056701,0.255206329560539,0.00368200379791595,0.174313997050729,"GSE210616_GSM6433606"
"GSE210616_GSM6433606_ACACCTTAAGTAGGGC-1",0.0169954810168796,0.144838816940387,0.0334318681376263,0.252197253088808,0.0699665379772746,0.0232197269262159,0.35259781075301,0.000659969120404058,0.106092536039394,"GSE210616_GSM6433606"
"GSE210616_GSM6433606_ACACGAGACTCCTTCT-1",0.0637193836177488,0.0980773695665869,0.0648207687755688,0.316761722714316,0.139807607702326,0.035785652239244,0.105973204436826,0.00776646561665188,0.167287825330732,"GSE210616_GSM6433606"
"GSE210616_GSM6433606_ACACGGGAACTTAGGG-1",0.0791356944298911,0.0601005079489209,0.0710801982589145,0.168279998972496,0.154918295090715,0.0390608187843183,0.127164910496854,0.0163225477741887,0.283937028243701,"GSE210616_GSM6433606"
"GSE210616_GSM6433606_ACATCGATCGTTTACC-1",0.0677907150250478,0.0660877063417468,0.0529336790909758,0.329092939007402,0.165960459430754,0.0282840490666356,0.157699324145329,0.00191120996365568,0.130239917928453,"GSE210616_GSM6433606"
"GSE210616_GSM6433606_ACATCGGTCAGCCGCG-1",0.0423008274591113,0.0819283889092694,0.0191398816434421,0.195205560233998,0.082063580553379,0.0685307023231606,0.350743373803127,0.00160790831117275,0.158479776763341,"GSE210616_GSM6433606"
"GSE210616_GSM6433606_ACATCGTATGCAATGG-1",0.0274395645650268,0.336993475626547,0.00690836829262802,0.0419138633682438,0.0228426852277571,0.392738473945403,0.0996489662175384,0.000170345681702394,0.0713442570751531,"GSE210616_GSM6433606"
"GSE210616_GSM6433606_ACCACAAGTTTCTATC-1",0.0381586729177906,0.289762839287691,0.0611358856742724,0.103683860328945,0.0577724907674199,0.112715409406038,0.182281248397032,0.00107587759451161,0.1534137156263,"GSE210616_GSM6433606"
"GSE210616_GSM6433606_ACCACGTGCAGCTATA-1",0.0357840678592719,0.243630171857232,0.023717157025453,0.0861886763412778,0.231802763953946,0.15431431583191,0.0430806068046596,0.0519319186024288,0.129550321723821,"GSE210616_GSM6433606"
"GSE210616_GSM6433606_ACCATATCCGCAATAA-1",0.0640400827008857,0.052268345247574,0.0281632543156074,0.297817470702251,0.105892007298397,0.0433322719970061,0.234228706455753,0.00406443230392062,0.170193428978605,"GSE210616_GSM6433606"
"GSE210616_GSM6433606_ACCATCGTATATGGTA-1",0.0707270137870893,0.0885158729597176,0.0384671460293908,0.135365357356399,0.0725896715662548,0.10623759146898,0.335172763757002,0.00416316975100527,0.148761413324161,"GSE210616_GSM6433606"
"GSE210616_GSM6433606_ACCCACCTACATGCTC-1",0.027954143402532,0.187859966905,0.0638056289582343,0.103576546345779,0.0665814798626961,0.161028411556896,0.25268631047475,0.000542507785999927,0.135965004708114,"GSE210616_GSM6433606"
"GSE210616_GSM6433606_ACCCATCTTGAGGGTA-1",0.0832726097036646,0.228396827161054,0.151868858152072,0.120659948712011,0.0848812937547033,0.0489128693316817,0.154038697623185,0.00296951969366695,0.124999375867962,"GSE210616_GSM6433606"
"GSE210616_GSM6433606_ACCCGGTTACACTTCC-1",0.0625449363920788,0.0387625989153254,0.0359455557588335,0.261574533689804,0.09350105106646,0.0535987347975103,0.282816614228598,0.000613003314584526,0.170642971836805,"GSE210616_GSM6433606"
"GSE210616_GSM6433606_ACCCTCCCTTGCTATT-1",0.020010956509791,0.123268262637345,0.018709187886358,0.304422986066915,0.243925610519941,0.213533308520449,0.0351173472908968,0.01572690374949,0.025285436818815,"GSE210616_GSM6433606"
"GSE210616_GSM6433606_ACCGACTGAGTCCCAC-1",0.106012767879248,0.115102006137574,0.0729716617114707,0.218260050711528,0.149931560780885,0.0411905565588535,0.125974455350214,0.0077962437137551,0.162760697156473,"GSE210616_GSM6433606"
"GSE210616_GSM6433606_ACCGATGGTAGCATCG-1",0.0119615383014494,0.534771111151979,0.0013472812500871,0.248218705298035,0.0627233577185628,0.105898894814387,0.0117327479263745,0.00174352843166675,0.0216028351074582,"GSE210616_GSM6433606"
"GSE210616_GSM6433606_ACCTAATCGACTTCCT-1",0.0244674988802415,0.168932290639538,0.0439304357267433,0.118056020537605,0.0758994508103605,0.0760210641635658,0.321700051657247,0.00113721420344436,0.169855973381254,"GSE210616_GSM6433606"
"GSE210616_GSM6433606_ACGATCATACATAGAG-1",0.0705651904682757,0.116211710018175,0.0625997674571074,0.0922116096911152,0.0894818288380768,0.0773082697659592,0.27341791560724,0.000844462064883362,0.217359246089168,"GSE210616_GSM6433606"
"GSE210616_GSM6433606_ACGATGCATATGTTAT-1",0.0518793645800848,0.0503968943820674,0.0431370021526669,0.33652918015516,0.112153724720552,0.0690918892804852,0.140684607887624,0.00602225136754231,0.190105085473817,"GSE210616_GSM6433606"
"GSE210616_GSM6433606_ACGCATTCGTGAGTAC-1",0.0498014325141083,0.0485963061404798,0.0369425975659209,0.366502689460823,0.119025975998051,0.0364125003935535,0.203555969128728,0.00141223690092765,0.137750291897408,"GSE210616_GSM6433606"
"GSE210616_GSM6433606_ACGCCGCTAGACGACC-1",0.0701780539674594,0.283721317679349,0.0337229052630666,0.308448041710837,0.0880360895788479,0.0438577165347028,0.0565114741421619,0.0101085622877578,0.105415838835818,"GSE210616_GSM6433606"
"GSE210616_GSM6433606_ACGCGAAGTCAGACGA-1",0.0450427751259713,0.0929837948243946,0.0373213762448801,0.247727383153905,0.107878061580134,0.0253507366568004,0.286446245761983,0.000381541295327102,0.156868085356604,"GSE210616_GSM6433606"
"GSE210616_GSM6433606_ACGCGGGCCAAGGACA-1",0.0579481848425634,0.072336947648751,0.0490956994662371,0.214400451194111,0.150416369145254,0.0778903969305341,0.240297946872192,0.000765236618878044,0.136848767281479,"GSE210616_GSM6433606"
"GSE210616_GSM6433606_ACGGCGACGATGGGAA-1",0.0630729986912969,0.0889349312426721,0.0267499431834268,0.146108494244198,0.302442151545636,0.110075305904078,0.11686643766133,0.00520933228551631,0.140540405241845,"GSE210616_GSM6433606"
"GSE210616_GSM6433606_ACGTAGATTGCTGATG-1",0.0587336947152836,0.0331419185131073,0.0266922794752111,0.336576164316367,0.146956021174459,0.0213524438837815,0.150852212374379,0.000922598532704925,0.224772667014707,"GSE210616_GSM6433606"
"GSE210616_GSM6433606_ACGTTAATGTCGAAGA-1",0.0545952843729756,0.0814864341531947,0.0434317363451466,0.374078416676368,0.117021499370107,0.0259577739467017,0.134321374817402,0.00182257634198594,0.167284903976119,"GSE210616_GSM6433606"
"GSE210616_GSM6433606_ACGTTAGATTTGCCCG-1",0.0608557990318276,0.130085678629169,0.0303254316415045,0.143782102006346,0.110447692092359,0.074325426863323,0.270627568435239,0.00257574375516237,0.17697455754507,"GSE210616_GSM6433606"
"GSE210616_GSM6433606_ACTACCAGCTCTCTGG-1",0.0640557499987727,0.121307635530244,0.0303724903603334,0.0245006768629568,0.0603005413303201,0.0377228279955067,0.463549920760435,0.00947789889264811,0.188712258268783,"GSE210616_GSM6433606"
"GSE210616_GSM6433606_ACTCAATAAAGGCACG-1",0.0318108017012184,0.338470568122166,0.0457942861045925,0.0625755554273248,0.0727849481900068,0.111425585448633,0.136962177795608,0.00470507682396432,0.195471000386486,"GSE210616_GSM6433606"
"GSE210616_GSM6433606_ACTCCCTAGAATAGTA-1",0.0413768815618813,0.101111505256237,0.115311079881095,0.251117002769624,0.137399260041636,0.0634545689791699,0.0974982706769083,0.00804978634151637,0.184681644491931,"GSE210616_GSM6433606"
"GSE210616_GSM6433606_ACTCGTCAGTAATCCC-1",0.0546659256269978,0.116752535459238,0.052667061170441,0.276032074903382,0.154389090848028,0.0475380041242296,0.077695517989139,0.0040943537721555,0.216165436106389,"GSE210616_GSM6433606"
"GSE210616_GSM6433606_ACTCTCTGACTTAGGT-1",0.136231466659062,0.19260845119838,0.221745436291747,0.0511740298533585,0.0616678975194112,0.203502245078573,0.0552005936320312,0.000602954572806027,0.0772669251946299,"GSE210616_GSM6433606"
"GSE210616_GSM6433606_ACTCTTGTATAGTAAC-1",0.104092089462957,0.0700599249780053,0.0770954234094046,0.271022737257905,0.162102256307651,0.0242076561686073,0.137572165780806,0.00192055368719923,0.151927192947464,"GSE210616_GSM6433606"
"GSE210616_GSM6433606_ACTGAATGGCGAAAGT-1",0.00454638658817188,0.273904456605858,0.00129506970934049,0.224654514175513,0.317848553685197,0.129450293207258,0.0328729879549088,0.00139767704658875,0.0140300610271635,"GSE210616_GSM6433606"
"GSE210616_GSM6433606_ACTGTACGATACACAT-1",0.075770465854884,0.0518256028818554,0.0507947399345599,0.212537847486864,0.190939496752605,0.0454686189539775,0.116311291581784,0.00312159418644877,0.253230342367022,"GSE210616_GSM6433606"
"GSE210616_GSM6433606_ACTGTAGCACTTTGGA-1",0.0219170847747456,0.139715133533436,0.0136500010008407,0.0856602408920915,0.0359519209388435,0.163999413898214,0.37458706789136,0.00036706959942769,0.16415206747104,"GSE210616_GSM6433606"
"GSE210616_GSM6433606_ACTGTCCAGGATTATA-1",0.0565131835044,0.100974742448556,0.0310587781472093,0.228760501448618,0.139946098515965,0.0481626777628234,0.190030496309901,0.0018600364783532,0.202693485384174,"GSE210616_GSM6433606"
"GSE210616_GSM6433606_ACTGTCTTCTTTAGAA-1",0.0485863926521885,0.0222706458978206,0.0250308032995389,0.368453405433229,0.13445953343479,0.0129843839960458,0.173278585293589,0.00124420919032245,0.213692040802476,"GSE210616_GSM6433606"
"GSE210616_GSM6433606_ACTTATACTTACCCGG-1",0.0580328023243738,0.152727388213031,0.0847198326136148,0.234637869170701,0.105776732925779,0.115153001683869,0.0921551269685953,0.000898185171242101,0.155899060928793,"GSE210616_GSM6433606"
"GSE210616_GSM6433606_ACTTATTAGGATCGGT-1",0.0720244402413473,0.0588647228373568,0.0364695518719408,0.379144165956747,0.126013121127226,0.0183166985730016,0.125663491862614,0.00178425088015968,0.181719556649607,"GSE210616_GSM6433606"
"GSE210616_GSM6433606_ACTTCGCCATACGCAC-1",0.0575087700573833,0.107446732388949,0.0960991934656528,0.251202887838419,0.128290904502089,0.0573310877206663,0.0643460855715097,0.0075579663998116,0.230216372055519,"GSE210616_GSM6433606"
"GSE210616_GSM6433606_ACTTGACTCCCTCTTT-1",0.044921741080659,0.147839556862523,0.049295928111782,0.230578307196267,0.125521216142292,0.0560006973915386,0.128196058824968,0.00634169395376977,0.211304800436201,"GSE210616_GSM6433606"
"GSE210616_GSM6433606_ACTTGGGACCCGGTGG-1",0.0400359675500134,0.197987514911067,0.0457821820190382,0.0147970266563012,0.0386789009201372,0.0929067520858597,0.350095803414435,0.00102643158489999,0.218689420858249,"GSE210616_GSM6433606"
"GSE210616_GSM6433606_ACTTTCCTATAGCTTC-1",0.106348084684101,0.285198229619981,0.250206863534998,0.0597416404812013,0.0314285602241735,0.0718186224676099,0.092280081813096,0.010817210682178,0.0921607064926613,"GSE210616_GSM6433606"
"GSE210616_GSM6433606_AGAACGTGGTACATTC-1",0.0681668711228955,0.163955408522476,0.121790273924842,0.143445271987571,0.120172073131595,0.0558855379715108,0.107951404064782,0.013817609988285,0.204815549286043,"GSE210616_GSM6433606"
"GSE210616_GSM6433606_AGAAGAGCGCCGTTCC-1",0.0206240168200165,0.484886524825461,0.0554168474241335,0.0729916448371871,0.0521285741603561,0.192322984091111,0.040934724646808,0.00423553408863287,0.0764591491062947,"GSE210616_GSM6433606"
"GSE210616_GSM6433606_AGAAGGTTGCCGAATT-1",0.0460152637938965,0.139462128267025,0.0713776200466196,0.24424885312826,0.0842963869223594,0.0491426613848131,0.262099138876628,0.00188645914783819,0.10147148843256,"GSE210616_GSM6433606"
"GSE210616_GSM6433606_AGAATTGTTTGACATA-1",0.130014508029533,0.120045980067003,0.042559097848462,0.00994329637609194,0.109534134014859,0.128721247002386,0.256894151570356,0.0994033139425775,0.102884271148732,"GSE210616_GSM6433606"
"GSE210616_GSM6433606_AGACCATGGGATACAA-1",0.00935360870159633,0.108483443046533,0.0235807472685996,0.231136724197236,0.112557634914763,0.0270199288562234,0.248251205940043,0.0209556042838486,0.218661102791156,"GSE210616_GSM6433606"
"GSE210616_GSM6433606_AGACCCACCGCTGATC-1",0.0685614198874492,0.0693717059909736,0.0280294573810531,0.216467530727781,0.169347575234852,0.0540068575675494,0.17595909837336,0.00244897960318807,0.215807375233794,"GSE210616_GSM6433606"
"GSE210616_GSM6433606_AGACCCGCCCTCCTCG-1",0.0898070389574646,0.068653651023869,0.0410485952062684,0.0332919933000106,0.0485153556576938,0.0677719692232733,0.440811056615296,0.00139076431886212,0.208709575697262,"GSE210616_GSM6433606"
"GSE210616_GSM6433606_AGACTAGCCTTCCAGA-1",0.0301538826155516,0.241687130130351,0.0953514910968636,0.039102211245968,0.0350240827261743,0.125424125650336,0.217533122482356,0.0723167800009116,0.143407174051488,"GSE210616_GSM6433606"
"GSE210616_GSM6433606_AGAGCAGTTATGAGAC-1",0.0805223690896652,0.184144537200885,0.0764933774089528,0.0134701179682552,0.040098727310071,0.135256205184115,0.275751767927992,0.0092789499192536,0.18498394799081,"GSE210616_GSM6433606"
"GSE210616_GSM6433606_AGAGCGTACAAGCTCG-1",0.0570785778225944,0.144205593548389,0.0729752046920366,0.146656384212803,0.0323987839701791,0.101377179389571,0.222680758463638,0.000460743227210899,0.222166774673577,"GSE210616_GSM6433606"
"GSE210616_GSM6433606_AGATAACTTCAGGGCC-1",0.051373044780343,0.271280341243405,0.116973689223847,0.0516196918321193,0.0456626967706927,0.0617140356600114,0.21931460669,0.00411906254428407,0.177942831255297,"GSE210616_GSM6433606"
"GSE210616_GSM6433606_AGATACCGGTGTTCAC-1",0.0282186356052357,0.158574425380748,0.0361344002882265,0.188471580937514,0.0953852221965467,0.069809360650853,0.246989987433206,0.00547064023645098,0.170945747271219,"GSE210616_GSM6433606"
"GSE210616_GSM6433606_AGATACTCAAGATCGA-1",0.00873237876489366,0.227987676105287,0.00573653852318957,0.210419757596932,0.153771106596586,0.229540914034449,0.0706549328110546,0.00168915089918544,0.0914675446684224,"GSE210616_GSM6433606"
"GSE210616_GSM6433606_AGATCTCAGGTGTGAT-1",0.0582192101549313,0.0346327997289784,0.0322311466980837,0.332805773940991,0.17249514100703,0.0257830447628627,0.111580346772001,0.003812742911775,0.228439794023347,"GSE210616_GSM6433606"
"GSE210616_GSM6433606_AGATTATAGGACGTTT-1",0.0503433318686015,0.0298051645341876,0.027971735167527,0.391569880946044,0.187048204995068,0.0241550600122379,0.116460044273886,0.00970005958880894,0.162946518613638,"GSE210616_GSM6433606"
"GSE210616_GSM6433606_AGCAAAGGCCGCTAGT-1",0.104562536085801,0.141561735159535,0.156912103378967,0.177131200043297,0.0863258755524056,0.0507933412524948,0.153462501632661,0.000571588561324206,0.128679118333514,"GSE210616_GSM6433606"
"GSE210616_GSM6433606_AGCACCAGTACTCACG-1",0.0589227796282352,0.228704884161973,0.0724982440831008,0.0580990982568991,0.095634862388767,0.0730242256943655,0.227492676173449,0.00116595933851475,0.184457270274696,"GSE210616_GSM6433606"
"GSE210616_GSM6433606_AGCACTTAAGGACGCC-1",0.0239017425772227,0.203273879938535,0.0475203170896225,0.0764715982553268,0.0776897181393556,0.106146108683066,0.252391872466683,0.008706218611616,0.203898544238572,"GSE210616_GSM6433606"
"GSE210616_GSM6433606_AGCATCGTCGATAATT-1",0.0300983045191883,0.446129447407126,0.0434051199676959,0.0171140603131117,0.014640516689353,0.167877884141015,0.158809950163029,0.00537404329694807,0.116550673502533,"GSE210616_GSM6433606"
"GSE210616_GSM6433606_AGCGACCAACGATATT-1",0.0575016498021838,0.120476417777449,0.0975522376192581,0.043762929540793,0.0451250055305565,0.160770271883661,0.360188595639593,0.00550859329931264,0.109114298907193,"GSE210616_GSM6433606"
"GSE210616_GSM6433606_AGCGTGGTATTCTACT-1",0.0357735546474346,0.22146724994245,0.035465766343877,0.302291591543642,0.127696364561723,0.0320801018383252,0.0795004109422978,0.0019324545468094,0.163792505633441,"GSE210616_GSM6433606"
"GSE210616_GSM6433606_AGCTCTAGACGTTCCA-1",0.07476448542286,0.0545556815127943,0.0507012705894522,0.32071312542396,0.153978238594448,0.0239799030006493,0.107152662156948,0.0070547221503115,0.207099911148578,"GSE210616_GSM6433606"
"GSE210616_GSM6433606_AGCTCTTTACTCAGTT-1",0.0503594896940145,0.104501952569446,0.0536577949236853,0.280593799186381,0.10801784294524,0.0273516093044118,0.197948210831543,0.00375932640913646,0.173809974136141,"GSE210616_GSM6433606"
"GSE210616_GSM6433606_AGGACGACCCATTAGA-1",0.0766185424998549,0.0540258112487728,0.0239517725034432,0.144227867114194,0.0661103589115356,0.0588890181395435,0.367879982513416,0.000805238504679687,0.20749140856456,"GSE210616_GSM6433606"
"GSE210616_GSM6433606_AGGCCACCCGTTATGA-1",0.0265858556642034,0.0632565997997094,0.0248325097287447,0.409981765047528,0.109665189195516,0.0205500360093687,0.19849680527783,0.0162572200509006,0.1303740192262,"GSE210616_GSM6433606"
"GSE210616_GSM6433606_AGGCTATGGTTAGCTT-1",0.0200856025112722,0.345783781061963,0.0254810306570383,0.0311464754718411,0.0100969811769753,0.315693807881773,0.136510228643198,0.000242908720003238,0.114959183875935,"GSE210616_GSM6433606"
"GSE210616_GSM6433606_AGGGCTGCAGTTACAG-1",0.0644130069800696,0.042390367038055,0.0337288320247937,0.356994129685096,0.141263233967487,0.0290745685479359,0.139746601103152,0.00417818727739251,0.188211073376018,"GSE210616_GSM6433606"
"GSE210616_GSM6433606_AGGGTGCTCTCGAGGG-1",0.0361480671854839,0.431725892523994,0.0332383579747709,0.0493981380633407,0.039263131899199,0.161997787657059,0.109056899983224,0.00794942115523188,0.131222303557697,"GSE210616_GSM6433606"
"GSE210616_GSM6433606_AGGGTTTAGTTCGGGA-1",0.0483567189386965,0.0913607136970121,0.0209404457583776,0.355463958885852,0.155430237595504,0.0284877238025573,0.164733551291884,0.0018971513343322,0.133329498695784,"GSE210616_GSM6433606"
"GSE210616_GSM6433606_AGGTAGGTACAAAGCT-1",0.0245240363025367,0.150062637492727,0.0375079212125477,0.160635492908379,0.0592062195198711,0.119377374997402,0.311502088644253,0.013036536323817,0.124147692598466,"GSE210616_GSM6433606"
"GSE210616_GSM6433606_AGGTTTCACACACCTT-1",0.0678934500047464,0.050146479743055,0.040521057294734,0.343166594975195,0.179607967406707,0.0164169194314687,0.143416673056857,0.00110545663803218,0.157725401449204,"GSE210616_GSM6433606"
"GSE210616_GSM6433606_AGTATAATACTAGGCA-1",0.0206630588263348,0.228358657446619,0.039164293628658,0.0299918627453771,0.0455198079780244,0.129665507456684,0.167501875795684,0.0329549463533331,0.306179989769285,"GSE210616_GSM6433606"
"GSE210616_GSM6433606_AGTCAACACCACCATC-1",0.037299811112517,0.0785509693855485,0.0419407820201538,0.29880566272899,0.095502481206303,0.0464902460472314,0.215126773039315,0.00088292832557809,0.185400346134363,"GSE210616_GSM6433606"
"GSE210616_GSM6433606_AGTCGACGGTCTCAAG-1",0.0278148526841187,0.442607786272034,0.0215510622652454,0.100538827596515,0.0303547236872044,0.269157545213959,0.0577912297869126,0.00257150883609157,0.0476124636579192,"GSE210616_GSM6433606"
"GSE210616_GSM6433606_AGTCGGCCCAAACGAC-1",0.0100152477005454,0.129539482572671,0.0203570302166488,0.076840637969258,0.0391194200134725,0.138453632532645,0.408354454166909,0.0198354177700274,0.157484677057823,"GSE210616_GSM6433606"
"GSE210616_GSM6433606_AGTCTTCTCCTCAAAT-1",0.060915238146944,0.133719899938273,0.0632750482403178,0.137100787141638,0.103249224258748,0.0963772450867283,0.232716468803944,0.00547676850948139,0.167169319873925,"GSE210616_GSM6433606"
"GSE210616_GSM6433606_AGTGACCTACTTTACG-1",0.0402307890726422,0.0467381455439982,0.0158723473506528,0.484860137892328,0.0951151710251009,0.0246401049083705,0.155973290955515,0.00227406865738476,0.134295944594007,"GSE210616_GSM6433606"
"GSE210616_GSM6433606_AGTGATATGAGTAGTT-1",0.0394813189518597,0.0240749436171208,0.024845615004657,0.458089802363009,0.114139938723242,0.0139703992695708,0.0921577021231546,0.000729638134517757,0.232510641812868,"GSE210616_GSM6433606"
"GSE210616_GSM6433606_AGTGTGGTCTATTGTG-1",0.00798294215596788,0.163251101156719,0.0490921288332758,0.241177430958436,0.0656687670189833,0.108602729915704,0.22861398652415,0.0131769420877767,0.122433971348987,"GSE210616_GSM6433606"
"GSE210616_GSM6433606_AGTTAAACACTTGCGA-1",0.0727151956647639,0.165664114047631,0.145721527784329,0.135172572087847,0.0781861998905,0.0672122221995132,0.173905749684972,0.0052196743181706,0.156202744322272,"GSE210616_GSM6433606"
"GSE210616_GSM6433606_AGTTCCTACAGAATTA-1",0.0554232431589145,0.256200464262467,0.0340786990367468,0.239033340784645,0.0517696159520572,0.0560801786614183,0.155518679694884,0.00981988077344332,0.142075897675424,"GSE210616_GSM6433606"
"GSE210616_GSM6433606_AGTTCCTATTTATGTT-1",0.0490277583459225,0.139547251698308,0.0489248628609817,0.297282759483159,0.168383422017869,0.0129200152263289,0.17399844246281,0.00245459821924197,0.107460889685379,"GSE210616_GSM6433606"
"GSE210616_GSM6433606_ATAAACGGACCCGTAA-1",0.0568683072613796,0.327788774909822,0.0657496569418658,0.144119306716622,0.0824571988946972,0.0402012581652486,0.15716226711239,0.00492513794588567,0.120728092052089,"GSE210616_GSM6433606"
"GSE210616_GSM6433606_ATAAAGGCTCGGTCGT-1",0.0577507438178085,0.203692572859602,0.0420560876491383,0.186015965648221,0.0932056992366051,0.0458175238034924,0.213780205669974,0.00382054340316077,0.153860657911997,"GSE210616_GSM6433606"
"GSE210616_GSM6433606_ATAAATATTAGCAGCT-1",0.0769256965820596,0.0859690310614419,0.0236603658790336,0.126784193868846,0.0471017226126585,0.0993074887023274,0.392579807881855,0.00150096690616263,0.146170726505616,"GSE210616_GSM6433606"
"GSE210616_GSM6433606_ATAACGCCGGAGGGTC-1",0.0818654457308476,0.118027076366425,0.0880104658445523,0.119012433521747,0.15305753188359,0.107818689679567,0.11973611679282,0.00407696882206379,0.208395271358387,"GSE210616_GSM6433606"
"GSE210616_GSM6433606_ATAAGTTACCGCGACG-1",0.0457417051063018,0.0611513264995808,0.0144193758363391,0.362678990933407,0.0919266712059017,0.0571015266055032,0.19871815395537,0.000435727823733536,0.167826522033862,"GSE210616_GSM6433606"
"GSE210616_GSM6433606_ATAATAGCTGTTGAAT-1",0.0557896412112042,0.0718945929334557,0.0392002739574802,0.323058936975834,0.123181906469115,0.029601807988411,0.16559362489429,0.000716845024093873,0.190962370546116,"GSE210616_GSM6433606"
"GSE210616_GSM6433606_ATAATAGTGTAGGGAC-1",0.075056050499842,0.0950611752450084,0.0499807551650314,0.0394019226585835,0.0312118285056128,0.178650776903879,0.179851495917907,0.142457593110779,0.208328401993357,"GSE210616_GSM6433606"
"GSE210616_GSM6433606_ATACAGGCCCTCCAAT-1",0.0196579763152589,0.125018489795274,0.0368095615475437,0.499334713021062,0.0760858592835976,0.0196206627233952,0.159356221584111,8.24150048668926e-06,0.064108274229271,"GSE210616_GSM6433606"
"GSE210616_GSM6433606_ATACCACGGGCAACTT-1",0.0330470321578887,0.0925446116265787,0.0304745383486374,0.24276949366945,0.0620453886749172,0.0563326014725258,0.294887315971045,0.00228659529556536,0.185612422783392,"GSE210616_GSM6433606"
"GSE210616_GSM6433606_ATACGCCGGCGAAACC-1",0.0761049587126479,0.0319612526918922,0.038705811366271,0.338056156305205,0.19428330914614,0.0196515735873984,0.0985970323036398,0.00142790111665728,0.201212004770148,"GSE210616_GSM6433606"
"GSE210616_GSM6433606_ATAGACGAAGAGAAAG-1",0.0669785205241058,0.112107717052631,0.0296033361123466,0.104952482867835,0.0787270046287223,0.0870544535972272,0.310210018463325,0.00100953553865966,0.209356931215147,"GSE210616_GSM6433606"
"GSE210616_GSM6433606_ATAGAGTACTGGGACA-1",0.0170178300977253,0.262419905338424,0.149792534177664,0.0073922472115557,0.00806257771512656,0.0718210446201665,0.322852859882452,0.00877608731760907,0.151864913639276,"GSE210616_GSM6433606"
"GSE210616_GSM6433606_ATAGGTTGGGCAGATG-1",0.0983672304917129,0.295236724719262,0.157073208421641,0.0763033681175922,0.0921850411331447,0.0406700719325282,0.127859828122387,0.00907719891046038,0.103227328151271,"GSE210616_GSM6433606"
"GSE210616_GSM6433606_ATAGTGAAGCGTTCTC-1",0.034218302222467,0.058203414714265,0.0835923917781909,0.288886931635427,0.117406969366605,0.0245041912339416,0.159738817797816,0.000551219408216277,0.232897761843071,"GSE210616_GSM6433606"
"GSE210616_GSM6433606_ATATCTTAGGGCCTTC-1",0.0498812188942946,0.0816099889371762,0.0642594590718906,0.344960491404042,0.142467178585897,0.0206526361095209,0.178725347383434,0.00110754379174066,0.116336135822004,"GSE210616_GSM6433606"
"GSE210616_GSM6433606_ATATTATCCCGTATTT-1",0.000662625212897773,0.600010009014711,0.0283947845430127,0.00943754906459351,0.0572453347387453,0.0103469230092207,0.0927478379682918,0.000378376359600466,0.200776560088927,"GSE210616_GSM6433606"
"GSE210616_GSM6433606_ATATTCAGTTAAACCT-1",0.0436192211547124,0.106889734386993,0.0254778644937369,0.274732124199974,0.075147477757093,0.0652627210490077,0.250537042798772,0.00183694935483578,0.156496864804875,"GSE210616_GSM6433606"
"GSE210616_GSM6433606_ATATTGCTGTCAAAGT-1",0.0135805880423306,0.143455921848789,0.046778660994047,0.0237091735225429,0.0295319549023669,0.107899957432431,0.363956406907826,0.0857172832355329,0.185370053114134,"GSE210616_GSM6433606"
"GSE210616_GSM6433606_ATATTTAACCCTCAAG-1",0.0624717530231894,0.140220551810128,0.0625323299268371,0.252894429354337,0.0638153288470287,0.0362145768556605,0.206297727912217,0.00340165542054149,0.172151646850061,"GSE210616_GSM6433606"
"GSE210616_GSM6433606_ATCAATCTGGGCTGCA-1",0.084220021738293,0.0544580405356921,0.0331692761541727,0.384314081003539,0.132746399079235,0.0275220364233122,0.11269934441848,0.00332106707392011,0.167549733573356,"GSE210616_GSM6433606"
"GSE210616_GSM6433606_ATCAGACGGCACGCCG-1",0.044362324208034,0.143204476255413,0.0350277187585788,0.0601254790076964,0.045309834040582,0.268930883917388,0.206902875908036,0.000473535586385052,0.195662872317886,"GSE210616_GSM6433606"
"GSE210616_GSM6433606_ATCATCCAATATTTGT-1",0.0366961581322962,0.0789316347693642,0.0473644558756124,0.212979073663827,0.128975742090933,0.0319566606558749,0.319188155139023,0.000111373614655755,0.143796746058413,"GSE210616_GSM6433606"
"GSE210616_GSM6433606_ATCCAACGCAGTCATA-1",0.0383609384114512,0.0907717618586706,0.026521922127403,0.330450834290047,0.0809622431969804,0.0545340362126012,0.240060270258817,7.00019460301668e-05,0.138267991697999,"GSE210616_GSM6433606"
"GSE210616_GSM6433606_ATCCAGGATTCGTGAA-1",0.0506956546480737,0.0301380212626987,0.0172363827689604,0.354895227646343,0.16808877020636,0.0177249645124094,0.179641595791066,0.00108824951190746,0.180491133652181,"GSE210616_GSM6433606"
"GSE210616_GSM6433606_ATCCTACCTAAGCTCT-1",0.0517795556275432,0.06570070264892,0.0449824941173198,0.283491022066828,0.196127923999084,0.0332421006299184,0.111672250679583,0.00450853716334725,0.208495413067457,"GSE210616_GSM6433606"
"GSE210616_GSM6433606_ATCCTGAATCGCTGCG-1",0.015713800241086,0.227050249753104,0.0518601210867913,0.00813228730028117,0.0129762548325277,0.0762846138256656,0.383141475977718,0.0099616875176569,0.214879509465169,"GSE210616_GSM6433606"
"GSE210616_GSM6433606_ATCCTGCGTGGAATGG-1",0.0379763356820262,0.0196418068645422,0.0167227427880208,0.508824091066798,0.112001608881553,0.0153170767234326,0.116442690534414,0.00119117908311796,0.171882468376096,"GSE210616_GSM6433606"
"GSE210616_GSM6433606_ATCGACCCAATACAGA-1",0.0806043045574042,0.0631841948428765,0.0536952254520343,0.355605493453966,0.136421313852277,0.0230555525712735,0.124706027015082,0.00393833446754305,0.158789553787544,"GSE210616_GSM6433606"
"GSE210616_GSM6433606_ATCGACTCTTTCCGTT-1",0.0654250366700921,0.0924985447179333,0.0620609687697304,0.0534282664153644,0.0961156721837688,0.117723801739742,0.202705785808905,0.0178737597275128,0.292168163966951,"GSE210616_GSM6433606"
"GSE210616_GSM6433606_ATCGCACGCCGGGAGA-1",0.112197616627972,0.0820308804666641,0.0499005201060546,0.0759908321499968,0.0506950397885795,0.054325176375701,0.35630981956659,0.00102641497859984,0.217523699939842,"GSE210616_GSM6433606"
"GSE210616_GSM6433606_ATCTTGACCTGCAACG-1",0.0174204325191156,0.149517056544568,0.0226366078837131,0.0428869855167571,0.0148854589310474,0.100284713131211,0.35380494759483,0.0339815768395685,0.26458222103919,"GSE210616_GSM6433606"
"GSE210616_GSM6433606_ATGAAGCCAAGGAGCC-1",0.0180075194032776,0.154021722191535,0.045270006830947,0.197998430547015,0.0993266073368924,0.0471626601494954,0.261974060144881,0.0102534916007501,0.165985501795206,"GSE210616_GSM6433606"
"GSE210616_GSM6433606_ATGACTATGCGACATT-1",0.0173587087101183,0.533104844368823,0.0072701787350304,0.117938731455828,0.0656145961855066,0.093199083487827,0.0610378086939107,0.0210952483472215,0.0833808000157342,"GSE210616_GSM6433606"
"GSE210616_GSM6433606_ATGAGGAGTGTTAATC-1",0.0226510078974433,0.0725634136251859,0.00932522583507075,0.389479409023405,0.0998761920238286,0.0364755436766303,0.198167301446035,0.00035853535621702,0.171103371116184,"GSE210616_GSM6433606"
"GSE210616_GSM6433606_ATGATGCAATGGTACA-1",0.0597313167868402,0.0478224815676174,0.0326792271182647,0.395872324756004,0.127772198994215,0.0308980709255082,0.150155021341401,0.00186148628041033,0.153207872229739,"GSE210616_GSM6433606"
"GSE210616_GSM6433606_ATGCACTACCGCATTG-1",0.0180378734287952,0.224799843838738,0.0588804542318579,0.152492539869443,0.0495506827144247,0.0729124569376177,0.230045557273427,0.000385228626722709,0.192895363078975,"GSE210616_GSM6433606"
"GSE210616_GSM6433606_ATGCATGATCCAGGAT-1",0.10781225718488,0.10825907028831,0.0608448509940601,0.116080730997445,0.0971399937036975,0.0756020177829351,0.252961867336462,0.0158656670819221,0.165433544630289,"GSE210616_GSM6433606"
