"","Endothelial","CAFs","PVL","B-cells","T-cells","Myeloid","Normal Epithelial","Plasmablasts","Cancer Epithelial","sid"
"Human_Breast_He_06222020_ST_BC23377_D1_3x34",0.033533237727271,0.230746957380847,0.0765096276889078,0.0764875554788522,0.109426230043404,0.0384565757938591,0.189650133055673,0.0184426953084949,0.226746987522691,"Human_Breast_He_06222020_ST_BC23377_D1"
"Human_Breast_He_06222020_ST_BC23377_D1_3x30",0.0815058845509965,0.150105686927604,0.131555215478144,0.110144971128214,0.0882746267666698,0.0292669852421187,0.0746152287711426,0.0906146145486173,0.243916786586493,"Human_Breast_He_06222020_ST_BC23377_D1"
"Human_Breast_He_06222020_ST_BC23377_D1_23x20",0.0744833764945444,0.150076971036086,0.106645731115748,0.304152980554445,0.0625113128343496,0.113402167268605,0.0489209293656934,0.00616344149249114,0.133643089838038,"Human_Breast_He_06222020_ST_BC23377_D1"
"Human_Breast_He_06222020_ST_BC23377_D1_16x28",0.147839400623675,0.0336290934211737,0.103734291410964,0.0774307404922698,0.0790502281372507,0.032524999003584,0.0428243438239872,0.01716108787006,0.465805815217036,"Human_Breast_He_06222020_ST_BC23377_D1"
"Human_Breast_He_06222020_ST_BC23377_D1_23x22",0.0792415479070218,0.0455328099473891,0.0421791252995926,0.0976234297497228,0.204096152748605,0.0100060811218136,0.162775779550229,0.0123040771576319,0.346240996517994,"Human_Breast_He_06222020_ST_BC23377_D1"
"Human_Breast_He_06222020_ST_BC23377_D1_23x23",0.0694085831646531,0.0450421230888695,0.0623852428444956,0.163513658292251,0.106990794860048,0.0175353398585205,0.137477347383461,0.0417457624576076,0.355901148050094,"Human_Breast_He_06222020_ST_BC23377_D1"
"Human_Breast_He_06222020_ST_BC23377_D1_23x24",0.0449927421555967,0.0488820185093002,0.103730532427497,0.152677552171905,0.207650584331856,0.0142513747157305,0.113964073184177,0.012186332059557,0.301664790444381,"Human_Breast_He_06222020_ST_BC23377_D1"
"Human_Breast_He_06222020_ST_BC23377_D1_23x25",0.0460307906795993,0.0461235491257917,0.0861003471854242,0.181737894396042,0.218283002185787,0.0138594778262291,0.072573336915714,0.00605459015744693,0.329237011527966,"Human_Breast_He_06222020_ST_BC23377_D1"
"Human_Breast_He_06222020_ST_BC23377_D1_7x31",0.02412667545105,0.100083308560778,0.0780181286850502,0.153693867441236,0.150649493228974,0.0968626408428638,0.0954901984086217,0.0503220819055959,0.25075360547583,"Human_Breast_He_06222020_ST_BC23377_D1"
"Human_Breast_He_06222020_ST_BC23377_D1_23x28",0.0866443026707285,0.163518755560668,0.0890238494439132,0.0734614484733632,0.0764325905300759,0.0512722982012022,0.103004960207418,0.0213839625303325,0.335257832382298,"Human_Breast_He_06222020_ST_BC23377_D1"
"Human_Breast_He_06222020_ST_BC23377_D1_21x9",0.0859492093451823,0.175507470335637,0.101665556040807,0.178600570318658,0.0583999901886127,0.0124155859012063,0.0714606939707055,0.107807743252746,0.208193180646444,"Human_Breast_He_06222020_ST_BC23377_D1"
"Human_Breast_He_06222020_ST_BC23377_D1_21x8",0.0253719282719152,0.102840706472207,0.111556107255074,0.450468258656219,0.0881142862435722,0.0636156402109607,0.0572399816747253,0.00855446711172874,0.0922386241035984,"Human_Breast_He_06222020_ST_BC23377_D1"
"Human_Breast_He_06222020_ST_BC23377_D1_7x32",0.053145821165113,0.0972023168551012,0.0567384861526348,0.20854871293235,0.0560344691333504,0.0723613652149431,0.120753953976013,0.00855985024681418,0.32665502432368,"Human_Breast_He_06222020_ST_BC23377_D1"
"Human_Breast_He_06222020_ST_BC23377_D1_30x21",0.147227701500599,0.092528801579372,0.152653192624061,0.0734207660732663,0.0746142938505427,0.103233733156506,0.0823160393839757,0.0149892956071313,0.259016176224546,"Human_Breast_He_06222020_ST_BC23377_D1"
"Human_Breast_He_06222020_ST_BC23377_D1_20x21",0.145947490383651,0.133623407127312,0.0803725493482076,0.169260932271831,0.0693134177416545,0.0732213857535704,0.128245342405653,0.0228718255338925,0.177143649434228,"Human_Breast_He_06222020_ST_BC23377_D1"
"Human_Breast_He_06222020_ST_BC23377_D1_7x33",0.000188506177281365,0.000142082543151955,0.000320062066786505,0.00207818648321035,0.0143955345200119,0.00090338366842859,0.000662499454902057,0.00440129670811869,0.976908448378109,"Human_Breast_He_06222020_ST_BC23377_D1"
"Human_Breast_He_06222020_ST_BC23377_D1_20x20",0.11093389460969,0.196720410596956,0.149315263656192,0.232637885641035,0.0633629412576874,0.085607052453716,0.057242609462608,0.00505978495940626,0.0991201573627084,"Human_Breast_He_06222020_ST_BC23377_D1"
"Human_Breast_He_06222020_ST_BC23377_D1_3x22",0.0423462595014332,0.140749330798921,0.157833907186146,0.170554395849623,0.143848785931776,0.0211077255405753,0.121537616202061,0.0108789658286697,0.191143013160795,"Human_Breast_He_06222020_ST_BC23377_D1"
"Human_Breast_He_06222020_ST_BC23377_D1_20x22",0.0719717533921531,0.0808860932771757,0.13215298347124,0.183973196721152,0.0936720097017891,0.0503724751695423,0.110129828271451,0.0198842428793747,0.256957417116123,"Human_Breast_He_06222020_ST_BC23377_D1"
"Human_Breast_He_06222020_ST_BC23377_D1_25x17",0.0425986881537132,0.312849704087177,0.0472525605442481,0.194428812530152,0.065490332558681,0.120741389774839,0.06404991190437,0.0344557594233187,0.118132841023501,"Human_Breast_He_06222020_ST_BC23377_D1"
"Human_Breast_He_06222020_ST_BC23377_D1_18x28",0.0510109041402592,0.0252909802700433,0.0611228819598685,0.0708411552500681,0.235212519055825,0.0209032371657938,0.0628687875046843,0.0170957909363585,0.455653743717099,"Human_Breast_He_06222020_ST_BC23377_D1"
"Human_Breast_He_06222020_ST_BC23377_D1_18x29",0.0401549965316225,0.0475285564736241,0.0408270156855388,0.0464310374549681,0.154847073407803,0.0730990191569272,0.17567113882151,0.0760985698556878,0.345342592612319,"Human_Breast_He_06222020_ST_BC23377_D1"
"Human_Breast_He_06222020_ST_BC23377_D1_18x26",0.0706133837140969,0.0739896071489777,0.0695087531341493,0.0608218224608972,0.11705780996414,0.0515365573185758,0.160436001618823,0.0139298411999816,0.382106223440359,"Human_Breast_He_06222020_ST_BC23377_D1"
"Human_Breast_He_06222020_ST_BC23377_D1_18x27",0.0389727525030923,0.0760960093189839,0.0750969971939379,0.0378496726990785,0.113677979954925,0.0128201834403244,0.0504337093044584,0.0852978503926292,0.509754845192571,"Human_Breast_He_06222020_ST_BC23377_D1"
"Human_Breast_He_06222020_ST_BC23377_D1_18x24",0.047365960141735,0.06627534036393,0.162706258458451,0.146185582590445,0.0751328958236361,0.00877338247461537,0.0777355795363467,0.0159340111991577,0.399890989411684,"Human_Breast_He_06222020_ST_BC23377_D1"
"Human_Breast_He_06222020_ST_BC23377_D1_18x25",0.0769729248925107,0.029843298222602,0.0340950699040797,0.0813317502964136,0.156622297727795,0.0259944117931768,0.155223171337416,0.013800598620492,0.426116477205514,"Human_Breast_He_06222020_ST_BC23377_D1"
"Human_Breast_He_06222020_ST_BC23377_D1_18x22",0.0379582456837801,0.0439741955344972,0.0653910483021476,0.408328601849895,0.112450042429693,0.0106983292529033,0.0745512826090355,0.0158959077120772,0.230752346625971,"Human_Breast_He_06222020_ST_BC23377_D1"
"Human_Breast_He_06222020_ST_BC23377_D1_18x23",0.035898795406148,0.0956956504583809,0.0574982319199693,0.106596802559791,0.0486843676997169,0.0218000004333629,0.10603947321114,0.1698320827985,0.357954595512991,"Human_Breast_He_06222020_ST_BC23377_D1"
"Human_Breast_He_06222020_ST_BC23377_D1_18x20",0.0765564433918302,0.203587900995112,0.1358440504042,0.124359407887085,0.114021727801638,0.0234297552424126,0.0587353873575288,0.00974479156147161,0.253720535358721,"Human_Breast_He_06222020_ST_BC23377_D1"
"Human_Breast_He_06222020_ST_BC23377_D1_18x21",0.0895373987802287,0.0239723719325558,0.0586976310689874,0.0512767827904387,0.0731035514267139,0.03951353198466,0.193432995112066,0.0386190791467488,0.431846657757601,"Human_Breast_He_06222020_ST_BC23377_D1"
"Human_Breast_He_06222020_ST_BC23377_D1_25x15",0.0208854838212359,0.154267061664421,0.106927288094846,0.434499111096791,0.0571606082412652,0.125907188224829,0.0331527271733494,0.0045404856720985,0.0626600460111632,"Human_Breast_He_06222020_ST_BC23377_D1"
"Human_Breast_He_06222020_ST_BC23377_D1_25x14",0.0276323047935444,0.169081275704914,0.172068471298591,0.352675649308324,0.0636703147744335,0.110782902574396,0.00887185452494154,0.0306712892482321,0.0645459377726236,"Human_Breast_He_06222020_ST_BC23377_D1"
"Human_Breast_He_06222020_ST_BC23377_D1_26x8",0.0525309900859801,0.124186924358563,0.106059812130654,0.171855087211852,0.0615428870044539,0.10989677734321,0.0922376654223699,0.0445583763513614,0.237131480091556,"Human_Breast_He_06222020_ST_BC23377_D1"
"Human_Breast_He_06222020_ST_BC23377_D1_26x9",0.0481986974511941,0.201159176187196,0.106406859919083,0.166428849538743,0.0801831280440295,0.125515824005566,0.0809383787488823,0.00843793830055398,0.182731147804752,"Human_Breast_He_06222020_ST_BC23377_D1"
"Human_Breast_He_06222020_ST_BC23377_D1_21x7",0.0560204521457474,0.223393672447965,0.06152679467937,0.283416192580874,0.0991053047145992,0.0717100644980098,0.0395421401687442,0.0298860446795446,0.135399334085146,"Human_Breast_He_06222020_ST_BC23377_D1"
"Human_Breast_He_06222020_ST_BC23377_D1_26x6",0.128667863244074,0.0921768282244978,0.11894848793618,0.205352340539996,0.116637640083543,0.0516399099565392,0.106546879286609,0.0327699264254697,0.14726012430309,"Human_Breast_He_06222020_ST_BC23377_D1"
"Human_Breast_He_06222020_ST_BC23377_D1_26x7",0.0963727813312616,0.0479837929352122,0.147543977769282,0.267486522779654,0.0680775074996901,0.0659189359788111,0.0202780429835976,0.172614697812649,0.113723740909842,"Human_Breast_He_06222020_ST_BC23377_D1"
"Human_Breast_He_06222020_ST_BC23377_D1_21x6",0.0280355997188812,0.0701745498180969,0.180095388557245,0.379653738718291,0.0728449390530658,0.0277603206788239,0.0464401464262996,0.014477824076281,0.180517492953016,"Human_Breast_He_06222020_ST_BC23377_D1"
"Human_Breast_He_06222020_ST_BC23377_D1_23x26",0.10150011933112,0.18769553357928,0.202066650210225,0.0391379149724399,0.0728818079695479,0.0559622617435443,0.0826836215338549,0.0275785632891613,0.230493527370826,"Human_Breast_He_06222020_ST_BC23377_D1"
"Human_Breast_He_06222020_ST_BC23377_D1_23x27",0.0885359529636968,0.120686908616831,0.14058126528163,0.124970124916885,0.126624224380895,0.0237944430183448,0.0424880706749313,0.00810162422225149,0.324217385924534,"Human_Breast_He_06222020_ST_BC23377_D1"
"Human_Breast_He_06222020_ST_BC23377_D1_30x23",0.130881649815478,0.116224662786491,0.258526252331863,0.0307846992297052,0.0302906685789224,0.0663585095959684,0.0550365461235624,0.00309223080036074,0.308804780737648,"Human_Breast_He_06222020_ST_BC23377_D1"
"Human_Breast_He_06222020_ST_BC23377_D1_11x14",0.0362862561525163,0.137877798237831,0.065711852221924,0.0698648088440253,0.0590152098143654,0.0960102472099206,0.156155350916331,0.0943968056799891,0.284681670923098,"Human_Breast_He_06222020_ST_BC23377_D1"
"Human_Breast_He_06222020_ST_BC23377_D1_8x23",0.0341360718514705,0.258710108048237,0.121209432851127,0.333213528205781,0.0653135417564734,0.0207430689678559,0.0524340332105704,0.01486159720798,0.0993786179005047,"Human_Breast_He_06222020_ST_BC23377_D1"
"Human_Breast_He_06222020_ST_BC23377_D1_8x20",0.0987899975113388,0.134787718816914,0.178139607265568,0.179991528943461,0.0645822837439175,0.0294070864812853,0.09384297560874,0.0365888052511686,0.183869996377606,"Human_Breast_He_06222020_ST_BC23377_D1"
"Human_Breast_He_06222020_ST_BC23377_D1_8x26",0.090205500369639,0.0851738980519631,0.187312002673565,0.0783532667959831,0.0756698972139912,0.0816867217945929,0.0928691962952256,0.00858467691258199,0.300144839892458,"Human_Breast_He_06222020_ST_BC23377_D1"
"Human_Breast_He_06222020_ST_BC23377_D1_11x12",0.0765842400814834,0.0744082859647484,0.128574467339619,0.343843116567543,0.0627814498138419,0.0212930527502048,0.110499751030225,0.00311837414075296,0.178897262311581,"Human_Breast_He_06222020_ST_BC23377_D1"
"Human_Breast_He_06222020_ST_BC23377_D1_32x15",0.072515172784961,0.161171316544036,0.0783110280583281,0.445849189077515,0.0701561218281515,0.0542681004197552,0.0309269504890219,0.0210479179343816,0.0657542028638498,"Human_Breast_He_06222020_ST_BC23377_D1"
"Human_Breast_He_06222020_ST_BC23377_D1_23x6",0.110944728062985,0.170802421450844,0.32798101614533,0.131150752780838,0.0294440682013807,0.044792496800863,0.0464909556870675,0.033352172658926,0.105041388211765,"Human_Breast_He_06222020_ST_BC23377_D1"
"Human_Breast_He_06222020_ST_BC23377_D1_19x27",0.040874362841754,0.0869288060205677,0.0746424932788591,0.164531877822721,0.131099149663849,0.0090746218585086,0.0842134907868963,0.0045023368962212,0.404132860830623,"Human_Breast_He_06222020_ST_BC23377_D1"
"Human_Breast_He_06222020_ST_BC23377_D1_8x15",0.0508845668094267,0.0743503986737646,0.116004540041856,0.332470003543189,0.114672764681012,0.0117216314807805,0.0548779588273137,0.00684379909042633,0.238174336852231,"Human_Breast_He_06222020_ST_BC23377_D1"
"Human_Breast_He_06222020_ST_BC23377_D1_30x15",0.046732747985027,0.09497091799285,0.154756637238546,0.304138453065054,0.0560333185656524,0.11578449328569,0.0701002344122325,0.0426068622808494,0.114876335174099,"Human_Breast_He_06222020_ST_BC23377_D1"
"Human_Breast_He_06222020_ST_BC23377_D1_8x14",0.106578852518404,0.0264091063629949,0.0419095580832494,0.383919633646697,0.179872393476602,0.0330908644717106,0.0943266663546606,0.0057494012839505,0.128143523801731,"Human_Breast_He_06222020_ST_BC23377_D1"
"Human_Breast_He_06222020_ST_BC23377_D1_28x16",0.0615819959822117,0.140085337811378,0.0916761038917873,0.375698798117594,0.090283950186559,0.0578256152352363,0.0329170276395835,0.0199251302316675,0.130006040903983,"Human_Breast_He_06222020_ST_BC23377_D1"
"Human_Breast_He_06222020_ST_BC23377_D1_26x14",0.0345544905643788,0.137431051701148,0.214622864825381,0.252131978279623,0.0677549213548623,0.193366473952475,0.0236079425939463,0.0113381652497227,0.0651921114784633,"Human_Breast_He_06222020_ST_BC23377_D1"
"Human_Breast_He_06222020_ST_BC23377_D1_20x8",0.0263035184729737,0.0986146381386896,0.0965275187475469,0.424687485316811,0.0912133455013422,0.0202016351842381,0.0769508284313563,0.0117272281883587,0.153773802018684,"Human_Breast_He_06222020_ST_BC23377_D1"
"Human_Breast_He_06222020_ST_BC23377_D1_20x6",0.047040320253227,0.0771972673257741,0.150177735523117,0.0635206070451495,0.127773420677099,0.135612847361401,0.15759176284727,0.00842443273438095,0.232661606232583,"Human_Breast_He_06222020_ST_BC23377_D1"
"Human_Breast_He_06222020_ST_BC23377_D1_20x7",0.0576028364026873,0.104504308207397,0.077939472178192,0.435637597308505,0.115910250423183,0.0132418857584458,0.0658011795928707,0.00894649922519151,0.120415970903527,"Human_Breast_He_06222020_ST_BC23377_D1"
"Human_Breast_He_06222020_ST_BC23377_D1_3x29",0.0773180953728166,0.21959779659524,0.1943336573583,0.045897052290014,0.032625318693866,0.0689834090317994,0.0453940284121706,0.0595145609226216,0.256336081323171,"Human_Breast_He_06222020_ST_BC23377_D1"
"Human_Breast_He_06222020_ST_BC23377_D1_13x17",0.0624931140925615,0.133443265987115,0.158753655560553,0.0215739155402946,0.0474937659060787,0.0258484322195637,0.144361972534537,0.0288498623725313,0.377182015786765,"Human_Breast_He_06222020_ST_BC23377_D1"
"Human_Breast_He_06222020_ST_BC23377_D1_22x15",0.0586343335119842,0.137254075255854,0.0943061326962339,0.117331061368251,0.171281606953071,0.0753459490780818,0.048814710712477,0.0121334517835588,0.284898678640488,"Human_Breast_He_06222020_ST_BC23377_D1"
"Human_Breast_He_06222020_ST_BC23377_D1_6x17",0.0816910162714881,0.258726468864458,0.176137861780585,0.251624891163558,0.0647212906703085,0.0305554099575002,0.0097919400963776,0.00178891060807132,0.124962210587653,"Human_Breast_He_06222020_ST_BC23377_D1"
"Human_Breast_He_06222020_ST_BC23377_D1_23x19",0.0266612093105945,0.122803827272799,0.0724309611192677,0.406818512728178,0.0667204025036711,0.199082153023909,0.0171349182280171,0.0172699597954198,0.071078056018144,"Human_Breast_He_06222020_ST_BC23377_D1"
"Human_Breast_He_06222020_ST_BC23377_D1_23x18",0.0293572123079051,0.127566267116634,0.0645321190639308,0.474570253084132,0.0621354260915713,0.135022877861407,0.0394737473921141,0.00707216238654233,0.0602699346957637,"Human_Breast_He_06222020_ST_BC23377_D1"
"Human_Breast_He_06222020_ST_BC23377_D1_23x11",0.0511835844706941,0.127313420427982,0.144783974812065,0.323015633653676,0.0520515428854417,0.0430953679644728,0.0372111662241627,0.0217176298131048,0.199627679748401,"Human_Breast_He_06222020_ST_BC23377_D1"
"Human_Breast_He_06222020_ST_BC23377_D1_23x10",0.0360021520370798,0.152364173260886,0.112701159833394,0.153666871276502,0.184154944636185,0.0534717202977203,0.0391747020357907,0.00647254602722443,0.261991730595217,"Human_Breast_He_06222020_ST_BC23377_D1"
"Human_Breast_He_06222020_ST_BC23377_D1_23x13",0.0112698900290404,0.150432514266048,0.127121912265424,0.397325683402708,0.0882158771411485,0.0210339468368756,0.0680711841576186,0.00744700872211694,0.129081983179019,"Human_Breast_He_06222020_ST_BC23377_D1"
"Human_Breast_He_06222020_ST_BC23377_D1_23x12",0.0437234120438571,0.151560776244276,0.110009208825081,0.458775907696401,0.0405329758881863,0.0454249357741533,0.0300680547238766,0.0111676077579496,0.10873712104622,"Human_Breast_He_06222020_ST_BC23377_D1"
"Human_Breast_He_06222020_ST_BC23377_D1_23x15",0.0298442697468446,0.107592005836531,0.0859857039878053,0.381480142432411,0.120819311916913,0.0891722607570362,0.0457872846896806,0.0219438174760698,0.117375203156708,"Human_Breast_He_06222020_ST_BC23377_D1"
"Human_Breast_He_06222020_ST_BC23377_D1_23x14",0.067329497352855,0.24399743403485,0.126381698985146,0.253103131944923,0.11422196177617,0.0344297767288717,0.0280167917682484,0.00485791172721113,0.127661795681725,"Human_Breast_He_06222020_ST_BC23377_D1"
"Human_Breast_He_06222020_ST_BC23377_D1_23x17",0.0378938824330086,0.147436655784407,0.052810876731254,0.472749379577435,0.0499199780378905,0.125062680446813,0.0494050430877806,0.0018208644692416,0.0629006394321691,"Human_Breast_He_06222020_ST_BC23377_D1"
"Human_Breast_He_06222020_ST_BC23377_D1_23x16",0.0156997374558267,0.105442045917268,0.0264646952667503,0.621162748546761,0.0816019309273087,0.100786300277356,0.0151456895128694,0.00515268544531049,0.028544166650549,"Human_Breast_He_06222020_ST_BC23377_D1"
"Human_Breast_He_06222020_ST_BC23377_D1_8x22",0.111693383240742,0.131962411349538,0.0875680941491762,0.216610749958972,0.141479133163488,0.0232742420194529,0.0753238174568441,0.0341551573101858,0.177933011351602,"Human_Breast_He_06222020_ST_BC23377_D1"
"Human_Breast_He_06222020_ST_BC23377_D1_11x15",0.0499763804707343,0.0687500645432043,0.104830443066526,0.279450763853654,0.136054213546581,0.0203581114831706,0.107031531857436,0.0137063073479793,0.219842183830715,"Human_Breast_He_06222020_ST_BC23377_D1"
"Human_Breast_He_06222020_ST_BC23377_D1_8x21",0.0793600328995759,0.174445273189227,0.150224541010924,0.169030962053356,0.0282789512443519,0.0468963043383676,0.0188898057727282,0.0564274443885223,0.276446685102947,"Human_Breast_He_06222020_ST_BC23377_D1"
"Human_Breast_He_06222020_ST_BC23377_D1_23x5",0.0340125742178532,0.17217677461244,0.107239036689367,0.34653595866748,0.107774375954467,0.0275734316422916,0.044894866209607,0.00839244918077972,0.151400532825716,"Human_Breast_He_06222020_ST_BC23377_D1"
"Human_Breast_He_06222020_ST_BC23377_D1_8x27",0.0992006463133916,0.0830604721279176,0.12568234421549,0.182911527888359,0.171645069190454,0.0423083611620743,0.0935022998489173,0.00838373305692963,0.193305546196467,"Human_Breast_He_06222020_ST_BC23377_D1"
"Human_Breast_He_06222020_ST_BC23377_D1_8x24",0.0416743843668019,0.162176601461143,0.314531884911759,0.0880996079923056,0.0848194227619373,0.0249549229665912,0.0951806326786493,0.00199975047505855,0.186562792385754,"Human_Breast_He_06222020_ST_BC23377_D1"
"Human_Breast_He_06222020_ST_BC23377_D1_8x25",0.11658552927283,0.0966149628934312,0.0917983242464755,0.274555480755347,0.118016831468026,0.0476796953254777,0.0374748176979468,0.00712725098159405,0.210147107358871,"Human_Breast_He_06222020_ST_BC23377_D1"
"Human_Breast_He_06222020_ST_BC23377_D1_23x9",0.0190096923958577,0.121739305888723,0.0944668398670972,0.148053263532691,0.0952991373040886,0.0489856588709601,0.0873212618650932,0.0946633425145755,0.290461497760914,"Human_Breast_He_06222020_ST_BC23377_D1"
"Human_Breast_He_06222020_ST_BC23377_D1_23x8",0.0426265437790145,0.178975252326883,0.123014412385159,0.191612266057315,0.064226589454623,0.0714609777110302,0.0608809482440267,0.0997228467607483,0.1674801632812,"Human_Breast_He_06222020_ST_BC23377_D1"
"Human_Breast_He_06222020_ST_BC23377_D1_14x11",0.0574815095236683,0.0775963467199208,0.0572688817029381,0.45219441494098,0.116930357891255,0.0241426298165927,0.0480714311786355,0.00304962220071853,0.163264806025292,"Human_Breast_He_06222020_ST_BC23377_D1"
"Human_Breast_He_06222020_ST_BC23377_D1_11x18",0.0396946737601094,0.0966484916135756,0.101323684563095,0.243608626027941,0.201403627790647,0.0374494562383275,0.0773192028685213,0.00891714699858099,0.193635090139203,"Human_Breast_He_06222020_ST_BC23377_D1"
"Human_Breast_He_06222020_ST_BC23377_D1_11x19",0.0724538110729844,0.143181553273279,0.139087730165189,0.143255392219379,0.108164608618404,0.023597552874556,0.12665044439742,0.0131826483844463,0.230426258994342,"Human_Breast_He_06222020_ST_BC23377_D1"
"Human_Breast_He_06222020_ST_BC23377_D1_2x17",0.0767489885635047,0.118076549494176,0.113401024473533,0.328022024703158,0.0544006553483451,0.0128389109767075,0.0368680702748256,0.0636199109372763,0.196023865228474,"Human_Breast_He_06222020_ST_BC23377_D1"
"Human_Breast_He_06222020_ST_BC23377_D1_26x18",0.0446497974135704,0.188905279573193,0.0944474545132792,0.061868112389482,0.137147364358981,0.104269756110999,0.0504718895059307,0.0326312772582986,0.285609068876266,"Human_Breast_He_06222020_ST_BC23377_D1"
"Human_Breast_He_06222020_ST_BC23377_D1_26x19",0.0932640908509737,0.203856124259764,0.193031537863354,0.0376258275785857,0.0450860482128406,0.0670753184399918,0.088487947499991,0.00927886330090521,0.262294241993594,"Human_Breast_He_06222020_ST_BC23377_D1"
"Human_Breast_He_06222020_ST_BC23377_D1_2x19",0.0358434964759891,0.163310175176126,0.146089926461386,0.456974601941496,0.0415049907747852,0.0234762783376787,0.037688047396056,0.0102166663529611,0.0848958170835217,"Human_Breast_He_06222020_ST_BC23377_D1"
"Human_Breast_He_06222020_ST_BC23377_D1_2x18",0.0553906823983536,0.1692213064746,0.145452259896971,0.38971333252596,0.0403374050521915,0.0271421395497888,0.0736197675226142,0.0230600180593925,0.0760630885201282,"Human_Breast_He_06222020_ST_BC23377_D1"
"Human_Breast_He_06222020_ST_BC23377_D1_17x12",0.0282731195069674,0.141634807120794,0.0581015791578314,0.385620840526168,0.0841075809836177,0.0623058132723011,0.0258323595831786,0.0165809936085351,0.197542906240606,"Human_Breast_He_06222020_ST_BC23377_D1"
"Human_Breast_He_06222020_ST_BC23377_D1_17x13",0.126228221975248,0.128139566382558,0.0527784298058828,0.207420101322539,0.0844519312363319,0.067458903565315,0.0645235225884582,0.0369666433389083,0.232032679784759,"Human_Breast_He_06222020_ST_BC23377_D1"
"Human_Breast_He_06222020_ST_BC23377_D1_17x10",0.0810947469487569,0.0887312922373402,0.168475209868369,0.115613882505506,0.0887871177892004,0.0186040151565412,0.0877915816174871,0.0456816292341381,0.305220524642661,"Human_Breast_He_06222020_ST_BC23377_D1"
"Human_Breast_He_06222020_ST_BC23377_D1_17x11",0.0570380821822234,0.0689200366543982,0.0899215888830655,0.216992681271518,0.114547396476541,0.0363532340256009,0.146726211112632,0.0307162561682853,0.238784513225736,"Human_Breast_He_06222020_ST_BC23377_D1"
"Human_Breast_He_06222020_ST_BC23377_D1_17x16",0.0334110151467296,0.050958446950832,0.0445145164379892,0.277986854825997,0.109566399342787,0.0109228669022613,0.0728552230159075,0.0783589979960357,0.321425679381461,"Human_Breast_He_06222020_ST_BC23377_D1"
"Human_Breast_He_06222020_ST_BC23377_D1_17x17",0.0575481646361885,0.0649903669799118,0.0886372972091283,0.108393618928209,0.152664011129892,0.0208514226863612,0.0908342354323683,0.0102965506844502,0.405784332313491,"Human_Breast_He_06222020_ST_BC23377_D1"
"Human_Breast_He_06222020_ST_BC23377_D1_17x14",0.0416992841846527,0.189676440002077,0.111469134830286,0.0787159093082833,0.0961141852293011,0.100930142654134,0.0444370257933256,0.0149133784158678,0.322044499582072,"Human_Breast_He_06222020_ST_BC23377_D1"
"Human_Breast_He_06222020_ST_BC23377_D1_17x15",0.0755639595782181,0.0966354316099596,0.106366065340812,0.279219346611958,0.0730596728476272,0.0196530195018031,0.0506258656118718,0.149710950489421,0.149165688408329,"Human_Breast_He_06222020_ST_BC23377_D1"
"Human_Breast_He_06222020_ST_BC23377_D1_26x16",0.0305871853368639,0.213380963839224,0.101494526106656,0.422068993191333,0.0471546357144558,0.119141006128445,0.00946125968297535,0.00125388678788029,0.0554575432121655,"Human_Breast_He_06222020_ST_BC23377_D1"
"Human_Breast_He_06222020_ST_BC23377_D1_26x17",0.057232243820204,0.174078100863552,0.06461287963235,0.23017510335666,0.112812112222343,0.110339040222022,0.0421358046819106,0.0096853345962547,0.198929380604704,"Human_Breast_He_06222020_ST_BC23377_D1"
"Human_Breast_He_06222020_ST_BC23377_D1_17x18",0.137295409909385,0.079658502076318,0.096942150416091,0.105401757748453,0.10571398382661,0.0098217802936563,0.136341686622352,0.039769728451663,0.289055000655472,"Human_Breast_He_06222020_ST_BC23377_D1"
"Human_Breast_He_06222020_ST_BC23377_D1_17x19",0.0812424274372297,0.0458648504506322,0.147211756339806,0.133766460970018,0.0810346957902635,0.0252327867140407,0.119198357567961,0.0592987255683149,0.307149939161734,"Human_Breast_He_06222020_ST_BC23377_D1"
"Human_Breast_He_06222020_ST_BC23377_D1_26x12",0.0357978796404746,0.143843171422311,0.0572997524379255,0.418558792559738,0.0897360151002454,0.0722896645404304,0.0521472773416864,0.0277205773150505,0.102606869642139,"Human_Breast_He_06222020_ST_BC23377_D1"
"Human_Breast_He_06222020_ST_BC23377_D1_26x13",0.0489339152538527,0.313181859691442,0.102526381612168,0.187830125611498,0.0350060303891014,0.179104283335513,0.0235006892280038,0.0130451118475757,0.0968716030308449,"Human_Breast_He_06222020_ST_BC23377_D1"
"Human_Breast_He_06222020_ST_BC23377_D1_26x10",0.0433344483048137,0.164782962103749,0.0477580288672393,0.383391741724064,0.060247913022422,0.06684350107417,0.10055798999906,0.00663637055321884,0.126447044351262,"Human_Breast_He_06222020_ST_BC23377_D1"
"Human_Breast_He_06222020_ST_BC23377_D1_26x11",0.0372243799719428,0.0860849946741401,0.0491437780606069,0.384930515436933,0.171830508241617,0.0632650524526299,0.0625738304788371,0.0064615111648201,0.138485429518474,"Human_Breast_He_06222020_ST_BC23377_D1"
"Human_Breast_He_06222020_ST_BC23377_D1_31x16",0.0297584573001927,0.170554823118677,0.0539680083080679,0.186452327725478,0.0875615631237339,0.166621942450073,0.0979591198173189,0.00513089368583475,0.201992864470624,"Human_Breast_He_06222020_ST_BC23377_D1"
"Human_Breast_He_06222020_ST_BC23377_D1_31x17",0.0438968976968666,0.0945066270628772,0.0922499345247248,0.369470488561771,0.164314555615409,0.0367240277772212,0.0526480635289582,0.0116000491840147,0.134589356048158,"Human_Breast_He_06222020_ST_BC23377_D1"
"Human_Breast_He_06222020_ST_BC23377_D1_31x14",0.0105926708620534,0.149219474182718,0.153703857830004,0.410978723729174,0.0643344419522274,0.0891169889305576,0.0153425283787014,0.0220057625955259,0.084705551539038,"Human_Breast_He_06222020_ST_BC23377_D1"
"Human_Breast_He_06222020_ST_BC23377_D1_26x15",0.0329347114250794,0.251824091737674,0.0954979602837866,0.261158488501777,0.0623525028239954,0.171590551747229,0.034593488105147,0.0162619966519539,0.0737862087233575,"Human_Breast_He_06222020_ST_BC23377_D1"
"Human_Breast_He_06222020_ST_BC23377_D1_31x12",0.0278522840451529,0.212805596783964,0.137220598969756,0.175329864586254,0.0832506855832701,0.197604624784602,0.0248410072392441,0.0627843803639463,0.0783109576438107,"Human_Breast_He_06222020_ST_BC23377_D1"
"Human_Breast_He_06222020_ST_BC23377_D1_31x13",0.0453827495048855,0.254983712591005,0.0237347734703492,0.269326688971772,0.113552876148845,0.164352364748895,0.0394915834354324,0.019037448253701,0.0701378028751151,"Human_Breast_He_06222020_ST_BC23377_D1"
"Human_Breast_He_06222020_ST_BC23377_D1_31x10",0.0392263128671862,0.161956100149878,0.0955115561868488,0.289761326738409,0.0870499607870017,0.116582321316383,0.0463939866222771,0.019827876183717,0.143690559148298,"Human_Breast_He_06222020_ST_BC23377_D1"
"Human_Breast_He_06222020_ST_BC23377_D1_31x11",0.0318838182172242,0.263472643862658,0.0665998444346717,0.343735549227845,0.097058031518711,0.0383307859284367,0.0602854125342695,0.00761927117408618,0.0910146431020969,"Human_Breast_He_06222020_ST_BC23377_D1"
"Human_Breast_He_06222020_ST_BC23377_D1_13x33",0.0226761673385949,0.0175360023699385,0.0546792764547301,0.315933902959442,0.188327433130975,0.00679193264340562,0.125159207691629,0.0166490088118545,0.25224706859943,"Human_Breast_He_06222020_ST_BC23377_D1"
"Human_Breast_He_06222020_ST_BC23377_D1_31x18",0.097064672737584,0.0438470566103639,0.0788171658627755,0.378296084134733,0.0932672468562979,0.0550356780459958,0.0695953839157288,0.00739354831096673,0.176683163525554,"Human_Breast_He_06222020_ST_BC23377_D1"
"Human_Breast_He_06222020_ST_BC23377_D1_31x19",0.0408441673224622,0.145331707778955,0.0795010243175595,0.295655462907161,0.120221607460041,0.0368407297115957,0.0912934355688349,0.0151079676310441,0.175203897302347,"Human_Breast_He_06222020_ST_BC23377_D1"
"Human_Breast_He_06222020_ST_BC23377_D1_10x26",0.0641906728118312,0.24387567942715,0.190785089865413,0.0360247405135605,0.0174781561286574,0.0430734174082986,0.0783933656410281,0.0234983690708269,0.302680509133234,"Human_Breast_He_06222020_ST_BC23377_D1"
"Human_Breast_He_06222020_ST_BC23377_D1_10x27",0.0362602178185158,0.0338679915723938,0.0421199652840232,0.580186982775209,0.12222384716112,0.00127195448854373,0.0764186534936558,0.00323118817565683,0.104419199230882,"Human_Breast_He_06222020_ST_BC23377_D1"
"Human_Breast_He_06222020_ST_BC23377_D1_10x24",0.157222861604652,0.130281939696575,0.257768754543976,0.0391406375427363,0.0144246355815451,0.0923725759065025,0.0179090795619822,0.057936578388549,0.232942937173482,"Human_Breast_He_06222020_ST_BC23377_D1"
"Human_Breast_He_06222020_ST_BC23377_D1_10x25",0.102472734664048,0.227919547669153,0.274934080833244,0.0263002590712441,0.0174433206327652,0.0449707504032049,0.0414780190881053,0.029774704456006,0.23470658318223,"Human_Breast_He_06222020_ST_BC23377_D1"
"Human_Breast_He_06222020_ST_BC23377_D1_10x22",0.0225720477686793,0.106511735945618,0.174850491568135,0.190533596201222,0.147193025318162,0.012184774206168,0.142491621532705,0.0029550162438694,0.200707691215442,"Human_Breast_He_06222020_ST_BC23377_D1"
"Human_Breast_He_06222020_ST_BC23377_D1_10x23",0.0673126457114802,0.122948200254263,0.154105670403607,0.0765424815447743,0.0967833767635044,0.0249917384191924,0.134375252536708,0.0052278156145712,0.317712818751899,"Human_Breast_He_06222020_ST_BC23377_D1"
"Human_Breast_He_06222020_ST_BC23377_D1_10x20",0.0783772588148052,0.161389027671971,0.164015006406851,0.156144288378083,0.0952923675544262,0.0164217792206216,0.0468520632528492,0.0125677958775175,0.268940412822876,"Human_Breast_He_06222020_ST_BC23377_D1"
"Human_Breast_He_06222020_ST_BC23377_D1_10x21",0.110739504768359,0.140879732353546,0.11386403425968,0.223391224405283,0.135899789246123,0.0179935757561944,0.0443469596495803,0.0109881676190835,0.20189701194215,"Human_Breast_He_06222020_ST_BC23377_D1"
"Human_Breast_He_06222020_ST_BC23377_D1_7x16",0.067935400640255,0.108660188127769,0.10170804561007,0.406051827831006,0.041332522012245,0.0539015896671752,0.0293122667046133,0.0220237853474557,0.169074374059411,"Human_Breast_He_06222020_ST_BC23377_D1"
"Human_Breast_He_06222020_ST_BC23377_D1_7x17",0.048467530119278,0.127111199778354,0.172133750998313,0.360476216788348,0.0651029940195807,0.02989190099585,0.0401254401656985,0.0100859500379386,0.14660501709664,"Human_Breast_He_06222020_ST_BC23377_D1"
"Human_Breast_He_06222020_ST_BC23377_D1_7x15",0.100371225245194,0.0777713501479233,0.164249397469039,0.291205643377732,0.0834657852212071,0.0474805131668824,0.0401835922266875,0.0327481366297509,0.162524356515584,"Human_Breast_He_06222020_ST_BC23377_D1"
"Human_Breast_He_06222020_ST_BC23377_D1_12x13",0.0598784721397335,0.130089527963425,0.111848355863547,0.13211714516906,0.0650783993772476,0.0712984217787238,0.0476747403992451,0.137483050365888,0.244531886943131,"Human_Breast_He_06222020_ST_BC23377_D1"
"Human_Breast_He_06222020_ST_BC23377_D1_7x18",0.0637004047198856,0.211356036403191,0.106208589646376,0.160116368650553,0.052835833444494,0.12962962321727,0.106035421736203,0.0327560418444102,0.137361680337616,"Human_Breast_He_06222020_ST_BC23377_D1"
"Human_Breast_He_06222020_ST_BC23377_D1_7x19",0.167953549877239,0.0382350635446721,0.160883678457732,0.0663623834768004,0.0263203707306002,0.0692715642228976,0.187641888258782,0.00766629373230625,0.275665207698971,"Human_Breast_He_06222020_ST_BC23377_D1"
"Human_Breast_He_06222020_ST_BC23377_D1_31x15",0.0630273072831193,0.124868094417009,0.0791226014362809,0.440445365350144,0.0617578809210208,0.0584660287960384,0.0349564651717852,0.0062868550211697,0.131069401603433,"Human_Breast_He_06222020_ST_BC23377_D1"
"Human_Breast_He_06222020_ST_BC23377_D1_14x9",0.0271783841696856,0.0663529934040246,0.117777906178348,0.206837773258167,0.174309190178484,0.00772897820147836,0.0603833850970584,0.0128502625692218,0.326581126943532,"Human_Breast_He_06222020_ST_BC23377_D1"
"Human_Breast_He_06222020_ST_BC23377_D1_32x10",0.0294157268307529,0.16116356339563,0.0917355841641885,0.328779492055729,0.0899509948679367,0.114048188144091,0.0363143195444291,0.00378265107782613,0.144809479919415,"Human_Breast_He_06222020_ST_BC23377_D1"
"Human_Breast_He_06222020_ST_BC23377_D1_21x17",0.0534460518144842,0.0407633267687132,0.044799564483321,0.437519669381607,0.1234973827093,0.00549421973214719,0.103977764246852,0.00450045778922636,0.186001563074348,"Human_Breast_He_06222020_ST_BC23377_D1"
"Human_Breast_He_06222020_ST_BC23377_D1_21x16",0.0710903282671448,0.117517520975768,0.142876524404861,0.211126318396375,0.136815048835603,0.0545917363060584,0.0713815556858553,0.0110327121427378,0.183568254985596,"Human_Breast_He_06222020_ST_BC23377_D1"
"Human_Breast_He_06222020_ST_BC23377_D1_21x15",0.0544426536520875,0.151386370675952,0.140825666392787,0.036502646698707,0.0885004047745037,0.0382931582668265,0.0626245533223065,0.00910086130749072,0.418323684909339,"Human_Breast_He_06222020_ST_BC23377_D1"
"Human_Breast_He_06222020_ST_BC23377_D1_21x14",0.052175331902601,0.0333407116777525,0.18855830366595,0.0550846264648332,0.124184978329798,0.0131968909595306,0.0501650578109731,0.00647084638412618,0.476823252804436,"Human_Breast_He_06222020_ST_BC23377_D1"
"Human_Breast_He_06222020_ST_BC23377_D1_21x13",0.0404433340885765,0.089399901252609,0.133594298721306,0.270036066151362,0.0917040803482728,0.0316201403261162,0.0788654333828065,0.00532599825918262,0.259010747469768,"Human_Breast_He_06222020_ST_BC23377_D1"
"Human_Breast_He_06222020_ST_BC23377_D1_21x12",0.0735885544357885,0.0861072679611918,0.116982494515227,0.198049090272866,0.185186620430945,0.0414827410087648,0.125518687557617,0.00687992978736713,0.166204614030234,"Human_Breast_He_06222020_ST_BC23377_D1"
"Human_Breast_He_06222020_ST_BC23377_D1_21x11",0.0574374267684704,0.107787524237011,0.0709947852015141,0.349263367713907,0.159813733466983,0.0162974107725581,0.0646340579749575,0.00690718657522369,0.166864507289375,"Human_Breast_He_06222020_ST_BC23377_D1"
"Human_Breast_He_06222020_ST_BC23377_D1_21x10",0.0393557315942579,0.143279242796578,0.131248547207559,0.287326048826213,0.0910184807492148,0.0288797534447905,0.0928412758655801,0.0264515406888793,0.159599378826927,"Human_Breast_He_06222020_ST_BC23377_D1"
"Human_Breast_He_06222020_ST_BC23377_D1_21x19",0.0351472415272834,0.26399086809622,0.132996013190327,0.263067783452351,0.0397880842940943,0.104228884594673,0.0255886940161446,0.0191010833645005,0.116091347464407,"Human_Breast_He_06222020_ST_BC23377_D1"
"Human_Breast_He_06222020_ST_BC23377_D1_21x18",0.0445571697252399,0.0862643417998323,0.134990725878577,0.0805580342034373,0.125046564224162,0.0343113932722111,0.0636772663468448,0.061904497362803,0.368690007186893,"Human_Breast_He_06222020_ST_BC23377_D1"
"Human_Breast_He_06222020_ST_BC23377_D1_22x8",0.0237125396315853,0.169294648617923,0.15540096502131,0.362971903409292,0.094527651011993,0.0354812829170787,0.0329213717582766,0.0191836193424432,0.106506018290098,"Human_Breast_He_06222020_ST_BC23377_D1"
"Human_Breast_He_06222020_ST_BC23377_D1_22x9",0.0381423255349979,0.138656632016801,0.129932694596112,0.21594279730287,0.133761639976823,0.0360129462143982,0.0939629938578862,0.057275990674391,0.15631197982572,"Human_Breast_He_06222020_ST_BC23377_D1"
"Human_Breast_He_06222020_ST_BC23377_D1_22x5",0.0326010225098804,0.10933490171527,0.140892747982078,0.463570981626809,0.0855697953570116,0.00643722145918006,0.0460228943815387,0.010942006581655,0.104628428386576,"Human_Breast_He_06222020_ST_BC23377_D1"
"Human_Breast_He_06222020_ST_BC23377_D1_22x6",0.0456693698785302,0.133251308929325,0.0497439738654173,0.478105363903164,0.154572049265611,0.00586766662020852,0.0338174278082727,0.00183662347854408,0.097136216250928,"Human_Breast_He_06222020_ST_BC23377_D1"
"Human_Breast_He_06222020_ST_BC23377_D1_22x7",0.0792032396833819,0.175258763592981,0.176062543692325,0.232449767769169,0.095045442805246,0.0561565687080137,0.10911043713846,0.00642502124129724,0.0702882153691261,"Human_Breast_He_06222020_ST_BC23377_D1"
"Human_Breast_He_06222020_ST_BC23377_D1_9x25",0.0677734482717351,0.121147618752528,0.149023172011089,0.134150957657574,0.0748917668811028,0.0446947996531264,0.0362473010163617,0.128776417078925,0.243294518677558,"Human_Breast_He_06222020_ST_BC23377_D1"
"Human_Breast_He_06222020_ST_BC23377_D1_9x24",0.0598527234881153,0.166277569679287,0.14380871445309,0.232049368674353,0.0693183368740806,0.0358216847784016,0.110163885827365,0.00942406683507833,0.173283649390229,"Human_Breast_He_06222020_ST_BC23377_D1"
"Human_Breast_He_06222020_ST_BC23377_D1_9x26",0.0820281339857509,0.154458579439345,0.101751547070377,0.0958068361629502,0.0745106047329838,0.0707334646914758,0.032192784541238,0.116621755181624,0.271896294194255,"Human_Breast_He_06222020_ST_BC23377_D1"
"Human_Breast_He_06222020_ST_BC23377_D1_9x21",0.0662943301151934,0.107472160504727,0.140000749124565,0.372674523548751,0.0798292622217112,0.0119586663058278,0.0702247815565328,0.0121905568503315,0.139354969772359,"Human_Breast_He_06222020_ST_BC23377_D1"
"Human_Breast_He_06222020_ST_BC23377_D1_9x20",0.0517893360690445,0.103591975511929,0.155739886436269,0.17029615238845,0.0571805628896133,0.0269866872119549,0.195654038281006,0.0331733694213575,0.205587991790375,"Human_Breast_He_06222020_ST_BC23377_D1"
"Human_Breast_He_06222020_ST_BC23377_D1_9x23",0.0543116049562546,0.210753902527768,0.156424572495773,0.246863263643074,0.0472821874373411,0.0335412974201829,0.0636316645795466,0.0158301521575989,0.171361354782461,"Human_Breast_He_06222020_ST_BC23377_D1"
"Human_Breast_He_06222020_ST_BC23377_D1_9x22",0.113521696124641,0.249791443901115,0.165876681228124,0.106833877496985,0.049952053084754,0.057920696237673,0.0439745372271968,0.036396948453328,0.175732066246182,"Human_Breast_He_06222020_ST_BC23377_D1"
"Human_Breast_He_06222020_ST_BC23377_D1_13x23",0.0938133414676333,0.070615597205932,0.189951684327296,0.241701507886369,0.138157236311317,0.0106711475509024,0.0440028732447619,0.0484727685799005,0.162613843425889,"Human_Breast_He_06222020_ST_BC23377_D1"
"Human_Breast_He_06222020_ST_BC23377_D1_12x25",0.0314982616309172,0.0994248440510799,0.127536410117816,0.295171660193625,0.091930952831277,0.022093490507338,0.088120492826562,0.026287316830547,0.217936571010838,"Human_Breast_He_06222020_ST_BC23377_D1"
