"","Endothelial","CAFs","PVL","B-cells","T-cells","Myeloid","Normal Epithelial","Plasmablasts","Cancer Epithelial","sid"
"Human_Breast_Andersson_10142021_ST_C1_10x16",0.0667671016691007,0.270079098458001,0.0317919652796065,0.0469412034015028,0.0200821652823826,0.161495746144929,0.0583978081397467,0.0981680285733469,0.246276883051383,"Human_Breast_Andersson_10142021_ST_C1"
"Human_Breast_Andersson_10142021_ST_C1_10x17",0.0186091703867847,0.238243358596537,0.156155428523204,0.00640434561476072,0.00462832845238944,0.0302283532177541,0.0088543360914755,0.475766480728385,0.0611101983887097,"Human_Breast_Andersson_10142021_ST_C1"
"Human_Breast_Andersson_10142021_ST_C1_10x18",0.0390314260501938,0.154220129672752,0.0416731487439741,0.0245539401272602,0.0358372829580904,0.07506337078494,0.100432397785823,0.426183369610011,0.103004934266955,"Human_Breast_Andersson_10142021_ST_C1"
"Human_Breast_Andersson_10142021_ST_C1_10x19",0.0149974232290555,0.239706587049736,0.0346425242279036,0.00502388658254048,0.00115481643079385,0.149115410230067,0.0195162341039859,0.495678297192022,0.040164820953895,"Human_Breast_Andersson_10142021_ST_C1"
"Human_Breast_Andersson_10142021_ST_C1_10x20",0.0466309395780133,0.325838511152373,0.0399468503139193,0.00890933686198294,0.0249174960379091,0.150926396643439,0.0648130753604838,0.0565048844639946,0.281512509587885,"Human_Breast_Andersson_10142021_ST_C1"
"Human_Breast_Andersson_10142021_ST_C1_10x21",0.0242787738442151,0.255999151553139,0.0423593693934441,0.00332471273295132,0.00179055642337432,0.379215723632799,0.00913081809820864,0.26188161118135,0.0220192831405184,"Human_Breast_Andersson_10142021_ST_C1"
"Human_Breast_Andersson_10142021_ST_C1_10x22",0.0231301376598585,0.157579837813454,0.0235368423967339,0.0112272506273039,0.0269095432963943,0.0958260710245533,0.13041663126434,0.328127090400809,0.203246595516553,"Human_Breast_Andersson_10142021_ST_C1"
"Human_Breast_Andersson_10142021_ST_C1_11x15",0.0319566091551813,0.129668813759662,0.0403348194187845,0.0234350557915654,0.0366785388531874,0.0376652396391045,0.170742302573786,0.181943960351717,0.347574660457013,"Human_Breast_Andersson_10142021_ST_C1"
"Human_Breast_Andersson_10142021_ST_C1_11x16",0.0433955114866797,0.194416325184072,0.245481216216845,0.00120883314506647,0.00396080026422297,0.123624555166144,0.0575323993264198,0.218824473221799,0.111555885988752,"Human_Breast_Andersson_10142021_ST_C1"
"Human_Breast_Andersson_10142021_ST_C1_11x18",0.027542357041674,0.225578933858725,0.0572156060564576,0.0440528727264207,0.0458699618409644,0.0586692076309783,0.0405655548760328,0.317274727057611,0.183230778911136,"Human_Breast_Andersson_10142021_ST_C1"
"Human_Breast_Andersson_10142021_ST_C1_11x19",0.0516083324764784,0.248642031443253,0.0301382013333648,0.00255625040047634,0.00560570243081234,0.108895959098602,0.0105541061126795,0.465419360697466,0.0765800560068677,"Human_Breast_Andersson_10142021_ST_C1"
"Human_Breast_Andersson_10142021_ST_C1_11x20",0.0421308430800957,0.227347959571383,0.0688429083352492,0.0161239714213041,0.0264777894317489,0.170555990589618,0.0544466012441092,0.182886829453148,0.211187106873344,"Human_Breast_Andersson_10142021_ST_C1"
"Human_Breast_Andersson_10142021_ST_C1_11x21",0.0379724713695219,0.146846750076407,0.0431182693142012,0.0396015149130729,0.0152986661223412,0.127249956232926,0.107931756528527,0.145411597291088,0.336569018151915,"Human_Breast_Andersson_10142021_ST_C1"
"Human_Breast_Andersson_10142021_ST_C1_11x22",0.0562223757524423,0.166451037775737,0.0399873341149454,0.0110795066763118,0.0108106832132844,0.0996008818224699,0.065351138122953,0.354625625163762,0.195871417358095,"Human_Breast_Andersson_10142021_ST_C1"
"Human_Breast_Andersson_10142021_ST_C1_12x14",0.0660039319306095,0.273908245470714,0.100562755991452,0.0114170879934543,0.00406576043437614,0.168340574476922,0.0297079268103259,0.230486218623127,0.115507498269019,"Human_Breast_Andersson_10142021_ST_C1"
"Human_Breast_Andersson_10142021_ST_C1_12x15",0.0569070739743259,0.116755716132636,0.0342663252777527,0.0240355184471954,0.0294332983400786,0.019489432628967,0.0798027458055931,0.375108560369046,0.264201329024405,"Human_Breast_Andersson_10142021_ST_C1"
"Human_Breast_Andersson_10142021_ST_C1_12x16",0.0389579436572248,0.180339913890902,0.0326155960868586,0.00853013393408346,0.0116544376613862,0.0202620304431563,0.145078495839329,0.193407841198566,0.369153607288494,"Human_Breast_Andersson_10142021_ST_C1"
"Human_Breast_Andersson_10142021_ST_C1_12x17",0.0282795301019169,0.188459818176715,0.0204454012717709,0.0435807210541919,0.0456572329745574,0.0687584227620866,0.160100017774346,0.166590736192316,0.278128119692098,"Human_Breast_Andersson_10142021_ST_C1"
"Human_Breast_Andersson_10142021_ST_C1_12x18",0.0343720894518686,0.187294428089499,0.04290739069444,0.0203341461014361,0.0964278149117747,0.161708547710581,0.0278945667725066,0.379338243551998,0.0497227727158955,"Human_Breast_Andersson_10142021_ST_C1"
"Human_Breast_Andersson_10142021_ST_C1_12x19",0.033136125402422,0.190709298010946,0.033782778264881,0.0442945463539609,0.0613446611274231,0.0641756804572143,0.120360915203449,0.115046145239774,0.337149849939931,"Human_Breast_Andersson_10142021_ST_C1"
"Human_Breast_Andersson_10142021_ST_C1_12x20",0.031101316973964,0.266631115774575,0.0382540265477368,0.015016116230812,0.0132785990805993,0.0692893156225432,0.0267088230420824,0.437537543872632,0.102183142855055,"Human_Breast_Andersson_10142021_ST_C1"
"Human_Breast_Andersson_10142021_ST_C1_12x21",0.0284089169727368,0.18018748152941,0.0466774489131642,0.0159896578577016,0.0517614638980208,0.130054642319985,0.0870459480778776,0.240895589666481,0.218978850764623,"Human_Breast_Andersson_10142021_ST_C1"
"Human_Breast_Andersson_10142021_ST_C1_12x22",0.0313445341954838,0.16118165965406,0.0716165124359037,0.0059137022725932,0.0186864458534177,0.123081892901692,0.06576487706317,0.353714878744538,0.168695496879141,"Human_Breast_Andersson_10142021_ST_C1"
"Human_Breast_Andersson_10142021_ST_C1_12x23",0.0301330095115555,0.119096942199437,0.0460211783441397,0.0524726883083953,0.0210841080179322,0.060737741064654,0.123327114544867,0.280775571839305,0.266351646169714,"Human_Breast_Andersson_10142021_ST_C1"
"Human_Breast_Andersson_10142021_ST_C1_13x13",0.0990352574263807,0.313067260909452,0.132707519663847,0.0158014078407238,0.0152134152629139,0.0608873093645296,0.0517696428430278,0.280148469907039,0.0313697167820865,"Human_Breast_Andersson_10142021_ST_C1"
"Human_Breast_Andersson_10142021_ST_C1_13x14",0.0706736670264473,0.26756788065175,0.0750569228654794,0.000990706585102558,0.00433844795890126,0.0328982337981581,0.0584966575166805,0.403553611624642,0.0864238719728382,"Human_Breast_Andersson_10142021_ST_C1"
"Human_Breast_Andersson_10142021_ST_C1_13x15",0.102788867706678,0.259848313113337,0.0595433448996393,0.0452397384264424,0.0108443691723284,0.0762719643084875,0.0876499180762106,0.177942930401608,0.179870553895269,"Human_Breast_Andersson_10142021_ST_C1"
"Human_Breast_Andersson_10142021_ST_C1_13x16",0.0434644170552435,0.222050075439662,0.0363131502422167,0.0453120946635367,0.0167343080832855,0.14901152892373,0.115083711993678,0.17260672135809,0.199423992240557,"Human_Breast_Andersson_10142021_ST_C1"
"Human_Breast_Andersson_10142021_ST_C1_13x17",0.153163425725784,0.245425650703939,0.119152839750222,0.0100646208909913,0.0110780901869941,0.133841543285986,0.0267721047651883,0.258804020830261,0.0416977038606335,"Human_Breast_Andersson_10142021_ST_C1"
"Human_Breast_Andersson_10142021_ST_C1_13x18",0.0568642796138448,0.227043744063679,0.0663784562227377,0.0334137024885919,0.0392489713412463,0.123187073422177,0.0048909771487999,0.434245807078157,0.0147269886207659,"Human_Breast_Andersson_10142021_ST_C1"
"Human_Breast_Andersson_10142021_ST_C1_13x19",0.041239454899052,0.31166046806362,0.0440377759401232,0.0261291639054026,0.0441581200478001,0.103578986566306,0.0727672973374298,0.157674778022729,0.198753955217537,"Human_Breast_Andersson_10142021_ST_C1"
"Human_Breast_Andersson_10142021_ST_C1_13x20",0.0784532042031144,0.119522358415805,0.0469358428816169,0.0624433585270021,0.0761156232477714,0.0604252655615476,0.108873030839466,0.134950078264077,0.3122812380596,"Human_Breast_Andersson_10142021_ST_C1"
"Human_Breast_Andersson_10142021_ST_C1_13x21",0.0239608198806436,0.219241580066749,0.149838336953826,0.0125584302945904,0.0210060255303799,0.12465125980026,0.0233417045053521,0.346281602785812,0.079120240182388,"Human_Breast_Andersson_10142021_ST_C1"
"Human_Breast_Andersson_10142021_ST_C1_13x22",0.0392661677991408,0.1797625106584,0.0379526626348594,0.00831268049489558,0.0179625706953891,0.100821249594912,0.113358466297481,0.251978433098134,0.250585258726788,"Human_Breast_Andersson_10142021_ST_C1"
"Human_Breast_Andersson_10142021_ST_C1_13x23",0.0353534665386259,0.165810706885197,0.0375057326359291,0.0506226471210787,0.0303576918453933,0.0786666757425222,0.11459173882477,0.205508866626334,0.281582473780149,"Human_Breast_Andersson_10142021_ST_C1"
"Human_Breast_Andersson_10142021_ST_C1_14x12",0.0358809577870841,0.235913944408809,0.0652184554960624,0.0218449748997592,0.0305920356459436,0.09570758795301,0.0341246312205177,0.439432599007247,0.0412848135815673,"Human_Breast_Andersson_10142021_ST_C1"
"Human_Breast_Andersson_10142021_ST_C1_14x13",0.0018178826255927,0.127089759838084,0.26776782134381,0.0278634214123405,0.04091252015143,0.174777672178796,0.0160513448367376,0.303935551976408,0.0397840256368007,"Human_Breast_Andersson_10142021_ST_C1"
"Human_Breast_Andersson_10142021_ST_C1_14x14",0.00957562151787844,0.245853440653341,0.0361054564688611,0.00796573240453945,0.0016451503682659,0.0691980699926074,0.0357966105650562,0.491228422835142,0.102631495194308,"Human_Breast_Andersson_10142021_ST_C1"
"Human_Breast_Andersson_10142021_ST_C1_14x15",0.0899284363020155,0.285663058977839,0.0422561906194667,0.00292797925451835,0.00393711225113327,0.255377519210006,0.00597818005683213,0.259780051793278,0.0541514715349103,"Human_Breast_Andersson_10142021_ST_C1"
"Human_Breast_Andersson_10142021_ST_C1_14x16",0.0330628521271822,0.206383419859107,0.0251910769646082,0.0214647580396032,0.0198266050323815,0.439920496128905,0.0126579328229563,0.202139911387772,0.0393529476374848,"Human_Breast_Andersson_10142021_ST_C1"
"Human_Breast_Andersson_10142021_ST_C1_14x17",0.00915748114355272,0.486938414616196,0.0731217042607978,0.0135427932503274,0.00935804528463562,0.106276142643964,0.0569417117463023,0.100415775131071,0.144247931923153,"Human_Breast_Andersson_10142021_ST_C1"
"Human_Breast_Andersson_10142021_ST_C1_14x18",0.0673897768090806,0.237020186975113,0.0517314417896886,0.00795620581255003,0.0669236474694072,0.0987077825768601,0.0304654885895621,0.367717579628402,0.0720878903493364,"Human_Breast_Andersson_10142021_ST_C1"
"Human_Breast_Andersson_10142021_ST_C1_14x19",0.0235550504033616,0.194235268113654,0.0730185661559376,0.0300309666854017,0.0178170625353975,0.0925773897155356,0.0820991962722042,0.372641736460406,0.114024763658102,"Human_Breast_Andersson_10142021_ST_C1"
"Human_Breast_Andersson_10142021_ST_C1_14x20",0.0104721273434704,0.264093883839535,0.0464989304831749,0.00606337385685468,0.0139540679829542,0.145036052140809,0.0252450447694292,0.441190355696236,0.0474461638875372,"Human_Breast_Andersson_10142021_ST_C1"
"Human_Breast_Andersson_10142021_ST_C1_14x21",0.0209836896142668,0.282015809593269,0.104963458361546,0.00997365369135362,0.00812647702618491,0.274648373210386,0.0078977683180349,0.260959043157207,0.0304317270277515,"Human_Breast_Andersson_10142021_ST_C1"
"Human_Breast_Andersson_10142021_ST_C1_14x22",0.00705350369019596,0.200124854387285,0.0768227014450795,0.0164459981801685,0.00631996782518504,0.288925317384437,0.0292169587145183,0.323090906978104,0.0519997913950262,"Human_Breast_Andersson_10142021_ST_C1"
"Human_Breast_Andersson_10142021_ST_C1_14x23",0.00253208557908022,0.145128922609093,0.0455996104053643,0.0150034777546303,0.027211134338654,0.291375436191235,0.0150274304331361,0.430805014867933,0.0273168878208745,"Human_Breast_Andersson_10142021_ST_C1"
"Human_Breast_Andersson_10142021_ST_C1_15x12",0.00760246809202101,0.481780123891238,0.016028877553866,0.0553807640882278,0.0960127621385582,0.0405072220034911,0.0437082484867114,0.0215892548118223,0.237390278934064,"Human_Breast_Andersson_10142021_ST_C1"
"Human_Breast_Andersson_10142021_ST_C1_15x13",0.00184990545759597,0.353439067695086,0.0180335199556945,0.00190611977418851,0.00191856291028891,0.343153922788494,0.0276308744687202,0.209625653767746,0.0424423731821853,"Human_Breast_Andersson_10142021_ST_C1"
"Human_Breast_Andersson_10142021_ST_C1_15x14",0.0614203010410076,0.196990713674133,0.0619873489260404,0.0094872818525307,0.00227982768857078,0.216377924286356,0.0325882330103942,0.380993529055356,0.0378748404656113,"Human_Breast_Andersson_10142021_ST_C1"
"Human_Breast_Andersson_10142021_ST_C1_15x15",0.0951804971564,0.196395358863654,0.0602722355702933,0.0226828026782671,0.0192337099789058,0.0759192828211217,0.135179812513248,0.0135752489567654,0.381561051461345,"Human_Breast_Andersson_10142021_ST_C1"
"Human_Breast_Andersson_10142021_ST_C1_15x16",0.0579538006490512,0.174347937289306,0.0843714138512363,0.0027492480464238,0.00808348822547536,0.0489625443600917,0.0355232299694116,0.488792452373137,0.0992158852358662,"Human_Breast_Andersson_10142021_ST_C1"
"Human_Breast_Andersson_10142021_ST_C1_15x17",0.0306061428628657,0.213531069898109,0.0304366916226953,0.0153052724899843,0.0221575154679141,0.0531112098465752,0.148242442115285,0.0989352803628585,0.387674375333713,"Human_Breast_Andersson_10142021_ST_C1"
"Human_Breast_Andersson_10142021_ST_C1_15x18",0.0112446713711921,0.293561877332465,0.022058947876185,0.00598200385348409,0.0138424371788144,0.0307374832777472,0.0680724503956892,0.395734366004909,0.158765762709514,"Human_Breast_Andersson_10142021_ST_C1"
"Human_Breast_Andersson_10142021_ST_C1_15x19",0.0178052614887265,0.138298964787281,0.0458607451676202,0.00609623397734411,0.00334265032545064,0.145516993002581,0.0556489264950782,0.468723777746683,0.118706447009236,"Human_Breast_Andersson_10142021_ST_C1"
"Human_Breast_Andersson_10142021_ST_C1_15x20",0.0728628003355709,0.186864751544645,0.0982114360151382,0.0250494512731642,0.0281479692064595,0.277543859834726,0.0194047291251713,0.239260149036792,0.0526548536283333,"Human_Breast_Andersson_10142021_ST_C1"
"Human_Breast_Andersson_10142021_ST_C1_15x21",0.0218955414538188,0.189301979624606,0.0281326272751124,0.00965482162998309,0.00261271913196437,0.273478656745984,0.017233814280591,0.397554025706786,0.060135814151154,"Human_Breast_Andersson_10142021_ST_C1"
"Human_Breast_Andersson_10142021_ST_C1_15x22",0.0208157683012506,0.219824680878512,0.0376348642653758,0.0313604564508918,0.00948800989056192,0.37016876153321,0.0180280913881395,0.231306186372693,0.0613731809193661,"Human_Breast_Andersson_10142021_ST_C1"
"Human_Breast_Andersson_10142021_ST_C1_15x23",0.0239689101090411,0.137583405334018,0.0335370675000808,0.0126687071188113,0.0209435816927469,0.267874096979155,0.0253370602069998,0.406798060401268,0.0712891106578796,"Human_Breast_Andersson_10142021_ST_C1"
"Human_Breast_Andersson_10142021_ST_C1_15x24",0.0531480811917729,0.129932234789734,0.0353281108978098,0.0222392946319983,0.0498856872668559,0.137402033421926,0.0956723038051262,0.184264117853324,0.292128136141453,"Human_Breast_Andersson_10142021_ST_C1"
"Human_Breast_Andersson_10142021_ST_C1_16x11",0.0622370075901637,0.214335692452681,0.0350037233848678,0.0582751708382824,0.0749886258718161,0.0481138648798436,0.0652694946049805,0.166081724674024,0.275694695703341,"Human_Breast_Andersson_10142021_ST_C1"
"Human_Breast_Andersson_10142021_ST_C1_16x12",0.07169501443111,0.190213366531814,0.0742253779006673,0.0163021115346577,0.011394565780217,0.114674079089887,0.0651598406239495,0.253750058569926,0.202585585537771,"Human_Breast_Andersson_10142021_ST_C1"
"Human_Breast_Andersson_10142021_ST_C1_16x13",0.122035686017821,0.208079629272417,0.0529463685579993,0.0121737900358402,0.00820894059782979,0.160628464037699,0.0652596040159995,0.22273731095519,0.147930206509203,"Human_Breast_Andersson_10142021_ST_C1"
"Human_Breast_Andersson_10142021_ST_C1_16x14",0.0710046556951089,0.21926385952227,0.138445497557858,0.0139196277501527,0.00281393226437835,0.078447433477285,0.0183809203065926,0.352245592547386,0.105478480878968,"Human_Breast_Andersson_10142021_ST_C1"
"Human_Breast_Andersson_10142021_ST_C1_16x15",0.0357504042513332,0.206636718094433,0.0319404659369822,0.0189226744413139,0.0350793488494064,0.0227288999328002,0.11855937217505,0.322506791863482,0.207875324455199,"Human_Breast_Andersson_10142021_ST_C1"
"Human_Breast_Andersson_10142021_ST_C1_16x16",0.00762252532246966,0.361063065378224,0.0277908635907578,0.011069348821587,0.0053097629094119,0.078596395168378,0.0493215433057356,0.385444413822285,0.0737820816811512,"Human_Breast_Andersson_10142021_ST_C1"
"Human_Breast_Andersson_10142021_ST_C1_16x17",0.09017335834675,0.201702003143341,0.0464537055735863,0.0202163806052752,0.0120129423796434,0.060929737281702,0.095464345946388,0.300179722262105,0.172867804461209,"Human_Breast_Andersson_10142021_ST_C1"
"Human_Breast_Andersson_10142021_ST_C1_16x18",0.0197286420413566,0.19693789557614,0.0310630959102367,0.0273012525478501,0.0346453591385335,0.0629192487697326,0.217525299413328,0.197018716343335,0.212860490259488,"Human_Breast_Andersson_10142021_ST_C1"
"Human_Breast_Andersson_10142021_ST_C1_16x19",0.0228190105665627,0.352722748783705,0.064511818852188,0.0133726233367383,0.010911476387125,0.0423060813852505,0.058058821168404,0.255625749609972,0.179671669910055,"Human_Breast_Andersson_10142021_ST_C1"
"Human_Breast_Andersson_10142021_ST_C1_16x20",0.0325854322032996,0.188582324811913,0.0287253942335213,0.00521866260043255,0.0152497180865561,0.207541300106282,0.0285783155556735,0.337714698252679,0.155804154149643,"Human_Breast_Andersson_10142021_ST_C1"
"Human_Breast_Andersson_10142021_ST_C1_16x21",0.076892219227925,0.120253268400109,0.0559862926239545,0.000899588074864826,0.00267719930671515,0.14639910055951,0.0370363701151103,0.461948495063097,0.0979074666287146,"Human_Breast_Andersson_10142021_ST_C1"
"Human_Breast_Andersson_10142021_ST_C1_16x22",0.0229456438180633,0.136977702565331,0.0220801682089201,0.00878860309998683,0.0195061200414597,0.200444279042628,0.0632359848551604,0.369187949058128,0.156833549310324,"Human_Breast_Andersson_10142021_ST_C1"
"Human_Breast_Andersson_10142021_ST_C1_16x23",0.0581558470876413,0.189575472392423,0.0517486512464061,0.015744339091959,0.0154208575344781,0.125520798393636,0.094286314444441,0.212926004818396,0.23662171499062,"Human_Breast_Andersson_10142021_ST_C1"
"Human_Breast_Andersson_10142021_ST_C1_16x24",0.0205345598072042,0.16545993027539,0.0425796846706835,0.0124815113313701,0.0176839084186816,0.209053674276665,0.0228740569177165,0.401884792466963,0.107447881835327,"Human_Breast_Andersson_10142021_ST_C1"
"Human_Breast_Andersson_10142021_ST_C1_17x11",0.0295778039858064,0.209674345300081,0.0318248879915235,0.0123540011721497,0.0158340587276317,0.0715512811260409,0.0770905331295745,0.385756557131988,0.166336531435204,"Human_Breast_Andersson_10142021_ST_C1"
"Human_Breast_Andersson_10142021_ST_C1_17x12",0.0431040176563452,0.171586707221683,0.0482630648822801,0.00772489424628716,0.00826096533438296,0.0261293625247391,0.0457219086464124,0.55062675740537,0.0985823220824998,"Human_Breast_Andersson_10142021_ST_C1"
"Human_Breast_Andersson_10142021_ST_C1_17x13",0.0434280333529978,0.257125456421514,0.0484326527640607,0.0105601207452042,0.0152117568185403,0.0934233718836487,0.0824911142828422,0.25897215634398,0.190355337387212,"Human_Breast_Andersson_10142021_ST_C1"
"Human_Breast_Andersson_10142021_ST_C1_17x15",0.0233670774008495,0.263012514571,0.0502697681944789,0.0221906448466334,0.0230281204714321,0.0511946709496301,0.0981486186778417,0.235783098603093,0.233005486285042,"Human_Breast_Andersson_10142021_ST_C1"
"Human_Breast_Andersson_10142021_ST_C1_17x16",0.0480849189109393,0.17048983235049,0.0379730033418371,0.0261462758851308,0.0322328401435347,0.049949377911114,0.0817780831178217,0.354272280768807,0.199073387570326,"Human_Breast_Andersson_10142021_ST_C1"
"Human_Breast_Andersson_10142021_ST_C1_17x17",0.038518336207946,0.281794764184559,0.030357667287749,0.0135239348259524,0.0181584605985838,0.044001017078769,0.162343749605835,0.125766039105401,0.285536031105205,"Human_Breast_Andersson_10142021_ST_C1"
"Human_Breast_Andersson_10142021_ST_C1_17x18",0.0359466461014572,0.133451834538293,0.0554407386845263,0.010363505988499,0.0177823659036054,0.0693079852850512,0.209164887396953,0.230052964989512,0.238489071112103,"Human_Breast_Andersson_10142021_ST_C1"
"Human_Breast_Andersson_10142021_ST_C1_17x19",0.0206650312834988,0.203491793624801,0.0484830055541956,0.0165127087140255,0.0183753417528884,0.103723190059679,0.117497516702987,0.285470337579241,0.185781074728684,"Human_Breast_Andersson_10142021_ST_C1"
"Human_Breast_Andersson_10142021_ST_C1_17x20",0.0341742368300377,0.152042875186024,0.0487519397310433,0.0119130482777875,0.0276467522249782,0.0931875226285105,0.139354560725081,0.263149474001916,0.229779590394622,"Human_Breast_Andersson_10142021_ST_C1"
"Human_Breast_Andersson_10142021_ST_C1_17x21",0.039500328261024,0.198509248889238,0.0408054439389204,0.0194990521124582,0.00960620611461137,0.112752390134555,0.0938230847113523,0.331061647427793,0.154442598410047,"Human_Breast_Andersson_10142021_ST_C1"
"Human_Breast_Andersson_10142021_ST_C1_17x22",0.0545969813405017,0.140784054189444,0.0218256543309199,0.0165052318006298,0.0319289685182079,0.0642651921222293,0.154321897522042,0.232773319051835,0.28299870112419,"Human_Breast_Andersson_10142021_ST_C1"
"Human_Breast_Andersson_10142021_ST_C1_17x23",0.0271491781331407,0.0860049115276606,0.052816659786467,0.0381540434324265,0.0601152640568596,0.0648518733511273,0.149915493094683,0.254587054478174,0.266405522139462,"Human_Breast_Andersson_10142021_ST_C1"
"Human_Breast_Andersson_10142021_ST_C1_17x24",0.0322641623836633,0.142605408369276,0.059662564691342,0.0371345750711533,0.043917693484211,0.111830927511871,0.0993609133323511,0.206797852270493,0.266425902885639,"Human_Breast_Andersson_10142021_ST_C1"
"Human_Breast_Andersson_10142021_ST_C1_17x25",0.0336112359166768,0.112293374424227,0.0451312108545075,0.0123723980715676,0.00879262811862534,0.0996003519387828,0.10369781044481,0.347506756764869,0.236994233465934,"Human_Breast_Andersson_10142021_ST_C1"
"Human_Breast_Andersson_10142021_ST_C1_18x10",0.0371249452870678,0.121577439467736,0.0180148376133644,0.0149718088025434,0.00405136809282365,0.0232054286302498,0.0792208855022749,0.261663322604849,0.440169963999092,"Human_Breast_Andersson_10142021_ST_C1"
"Human_Breast_Andersson_10142021_ST_C1_18x11",0.0415114525740874,0.17352921373836,0.0340489165898816,0.0149064340651251,0.00935131173141458,0.0165974219538328,0.0888849419529928,0.304234488001368,0.316935819392937,"Human_Breast_Andersson_10142021_ST_C1"
"Human_Breast_Andersson_10142021_ST_C1_18x12",0.0066236509480759,0.250921693988562,0.0327335542658276,0.00951194533165755,0.0156044973102426,0.113649692770345,0.0228177953766388,0.449926167532751,0.0982110024759005,"Human_Breast_Andersson_10142021_ST_C1"
"Human_Breast_Andersson_10142021_ST_C1_18x13",0.0412646672590842,0.130613067932883,0.0581877537141399,0.00705054622038313,0.00606773362915923,0.0469755688389578,0.0324940775140519,0.617533691715799,0.0598128931755411,"Human_Breast_Andersson_10142021_ST_C1"
"Human_Breast_Andersson_10142021_ST_C1_18x14",0.0462011246223862,0.253531041206678,0.0517673559046,0.0256359747226731,0.0205415892016937,0.0660708144039904,0.08541201598653,0.224514129991557,0.226325953959891,"Human_Breast_Andersson_10142021_ST_C1"
"Human_Breast_Andersson_10142021_ST_C1_18x15",0.065845004389631,0.0911916472860795,0.0981411718085969,0.00768628650828251,0.0122592969943283,0.0471726936576135,0.0465773405947653,0.411712510350917,0.219414048409786,"Human_Breast_Andersson_10142021_ST_C1"
"Human_Breast_Andersson_10142021_ST_C1_18x16",0.0616482398720749,0.171557868844041,0.0529870710862445,0.037819544190818,0.0259065881673248,0.0974239701544964,0.0976407363553811,0.216497864936013,0.238518116393606,"Human_Breast_Andersson_10142021_ST_C1"
"Human_Breast_Andersson_10142021_ST_C1_18x17",0.0324275225471412,0.181627088911811,0.0532365851515733,0.0213645827839124,0.0426204983020086,0.0740626017934555,0.0883627663805291,0.231034510921891,0.275263843207677,"Human_Breast_Andersson_10142021_ST_C1"
"Human_Breast_Andersson_10142021_ST_C1_18x18",0.027808084205859,0.121009444074563,0.0303686869288318,0.0253930889661143,0.0484231722382977,0.0520284924389269,0.126745910738087,0.127853252086907,0.440369868322413,"Human_Breast_Andersson_10142021_ST_C1"
"Human_Breast_Andersson_10142021_ST_C1_18x19",0.0556955870191669,0.15791222414215,0.05101131790305,0.0169875352601228,0.0437376302064085,0.0637450659029793,0.103273234004688,0.133144190122156,0.374493215439278,"Human_Breast_Andersson_10142021_ST_C1"
"Human_Breast_Andersson_10142021_ST_C1_18x21",0.05350571365848,0.0508741271542792,0.0168353678712366,0.0491404770242793,0.0585816335767902,0.0185795177556405,0.274427405188784,0.134787496672753,0.343268261097757,"Human_Breast_Andersson_10142021_ST_C1"
"Human_Breast_Andersson_10142021_ST_C1_18x22",0.0375309744888318,0.0941645753445081,0.0172373340468034,0.0181943229359739,0.0363093601363009,0.0189778695887213,0.215500948340015,0.182098877599444,0.379985737519402,"Human_Breast_Andersson_10142021_ST_C1"
"Human_Breast_Andersson_10142021_ST_C1_18x23",0.0245617086584287,0.0578441046140111,0.025267461782215,0.0371319163377111,0.0418625294909006,0.0388382298891051,0.247760048229183,0.157691685010387,0.369042315988059,"Human_Breast_Andersson_10142021_ST_C1"
"Human_Breast_Andersson_10142021_ST_C1_18x24",0.0490377133980533,0.107229311353649,0.0468261434789658,0.0331307100940229,0.0211468305237582,0.0426252570830565,0.149364130241219,0.173835959801437,0.376803944025839,"Human_Breast_Andersson_10142021_ST_C1"
"Human_Breast_Andersson_10142021_ST_C1_19x10",0.0677946194486209,0.166802714916876,0.0124258033115932,0.0449930336870917,0.0534216196209565,0.0381350827153178,0.160100595209365,0.246084511418202,0.210242019671978,"Human_Breast_Andersson_10142021_ST_C1"
"Human_Breast_Andersson_10142021_ST_C1_19x11",0.0500358546481148,0.186895271582664,0.0392283036719275,0.00755478652331416,0.0256883537122151,0.0721002069812259,0.0288790729732669,0.530883235674594,0.0587349142326774,"Human_Breast_Andersson_10142021_ST_C1"
"Human_Breast_Andersson_10142021_ST_C1_19x12",0.0777652148681653,0.166330859354987,0.139112842485165,0.0122687078965772,0.0108273074608942,0.0708857065493255,0.045333713456408,0.313116715482726,0.164358932445752,"Human_Breast_Andersson_10142021_ST_C1"
"Human_Breast_Andersson_10142021_ST_C1_19x13",0.048487075262933,0.308431401941469,0.0319955287546593,0.0115843332183478,0.0119538046305957,0.163929947531368,0.0595434382475679,0.225601074625817,0.138473395787243,"Human_Breast_Andersson_10142021_ST_C1"
"Human_Breast_Andersson_10142021_ST_C1_19x14",0.03298459920691,0.300668362695995,0.0703473781892189,0.00789622416135419,0.00767031557871806,0.174743041576185,0.0552161917940374,0.249102061227286,0.101371825570296,"Human_Breast_Andersson_10142021_ST_C1"
"Human_Breast_Andersson_10142021_ST_C1_19x15",0.0558951667017137,0.176235870607035,0.041778895750016,0.0344783891688809,0.0330421637542742,0.0517136131812152,0.160530451026133,0.184593281012872,0.261732168797861,"Human_Breast_Andersson_10142021_ST_C1"
"Human_Breast_Andersson_10142021_ST_C1_19x16",0.0772413250056998,0.10902710333479,0.0602321559704469,0.0127421286389296,0.0199670811811175,0.0694585232998602,0.117066252945401,0.16549803955627,0.368767390067485,"Human_Breast_Andersson_10142021_ST_C1"
"Human_Breast_Andersson_10142021_ST_C1_19x17",0.0699190485750839,0.127372033840014,0.0304746956306178,0.0261406772626351,0.0607306897375288,0.0360381766088735,0.138832164751025,0.107594154320832,0.402898359273391,"Human_Breast_Andersson_10142021_ST_C1"
"Human_Breast_Andersson_10142021_ST_C1_19x18",0.044497322054167,0.205217593067773,0.033864941769325,0.0405185249235717,0.0320411984431852,0.0747628098996967,0.0894037662925284,0.200456924416689,0.279236919133064,"Human_Breast_Andersson_10142021_ST_C1"
"Human_Breast_Andersson_10142021_ST_C1_19x19",0.0448826475525537,0.150901521853624,0.0331103256366655,0.0298335941719502,0.025621690876157,0.0885011127084438,0.13964208447897,0.227931297251227,0.259575725470408,"Human_Breast_Andersson_10142021_ST_C1"
"Human_Breast_Andersson_10142021_ST_C1_19x20",0.0279073674834261,0.132705574440005,0.030883102024656,0.0400497817932826,0.0528551303023908,0.0225124967240148,0.191521956959118,0.202146619046207,0.299417971226899,"Human_Breast_Andersson_10142021_ST_C1"
"Human_Breast_Andersson_10142021_ST_C1_19x21",0.0490949840992545,0.142916731126106,0.0364869635764044,0.0380367145996853,0.0331478417353817,0.0189696576535847,0.190279358992718,0.252899195900007,0.238168552316859,"Human_Breast_Andersson_10142021_ST_C1"
"Human_Breast_Andersson_10142021_ST_C1_19x22",0.0182463696164862,0.0480664966149306,0.0123329052216783,0.0146890492011627,0.0339349783472863,0.0168120494683536,0.31964003396695,0.11623686752177,0.420041250041382,"Human_Breast_Andersson_10142021_ST_C1"
"Human_Breast_Andersson_10142021_ST_C1_19x23",0.0517315089219278,0.0380085268099085,0.0282915667559184,0.0380655962961638,0.0562484547428384,0.022275669732464,0.222219195453612,0.135842078342341,0.407317402944826,"Human_Breast_Andersson_10142021_ST_C1"
"Human_Breast_Andersson_10142021_ST_C1_19x24",0.0269363365451009,0.0903426156455506,0.0297888727834471,0.0408293678499641,0.0347525915687007,0.0447174279714422,0.16794606999524,0.185214782179416,0.379471935461138,"Human_Breast_Andersson_10142021_ST_C1"
"Human_Breast_Andersson_10142021_ST_C1_20x10",0.0965617978209911,0.135900991951311,0.0672381012468065,0.0661621013105145,0.182794551127161,0.085206094074133,0.0294261356532863,0.265180933306114,0.0715292935096828,"Human_Breast_Andersson_10142021_ST_C1"
"Human_Breast_Andersson_10142021_ST_C1_20x11",0.156773913560995,0.17185991696842,0.0377762187765903,0.04202484245218,0.0637052599296281,0.0602258693358167,0.0428785641260022,0.33602735730058,0.0887280575497888,"Human_Breast_Andersson_10142021_ST_C1"
"Human_Breast_Andersson_10142021_ST_C1_20x12",0.0709396174444672,0.266317650234324,0.0439581872687546,0.00858396293003167,0.0185062785352596,0.159462232616889,0.00992397683225404,0.405244643598642,0.0170634505393774,"Human_Breast_Andersson_10142021_ST_C1"
"Human_Breast_Andersson_10142021_ST_C1_20x13",0.0593946293989228,0.20251401006213,0.0416004014472977,0.0203170299686427,0.138010952191853,0.147691396056346,0.0196616641204968,0.335130333471393,0.0356795832829179,"Human_Breast_Andersson_10142021_ST_C1"
"Human_Breast_Andersson_10142021_ST_C1_20x14",0.0513053390746311,0.117890198654585,0.0330356355423774,0.0177726196341577,0.023839874225455,0.191621478606683,0.024983770733044,0.468875568735865,0.0706755147932022,"Human_Breast_Andersson_10142021_ST_C1"
"Human_Breast_Andersson_10142021_ST_C1_20x15",0.0184770445804145,0.212306066009793,0.020029195885783,0.00767529586851209,0.00713291064877985,0.216864416060386,0.0323477815874714,0.415864242058747,0.0693030473001125,"Human_Breast_Andersson_10142021_ST_C1"
"Human_Breast_Andersson_10142021_ST_C1_20x16",0.0575803698241648,0.147884139988945,0.0451547848814083,0.0182456647170876,0.0154197995575634,0.0980271884348107,0.0735858131499058,0.228284850247893,0.315817389198221,"Human_Breast_Andersson_10142021_ST_C1"
"Human_Breast_Andersson_10142021_ST_C1_20x17",0.0555688524028859,0.0722226458608452,0.039317479909799,0.0665245090660661,0.064640966600528,0.0315130727226756,0.167462975151433,0.0956641416229402,0.407085356662827,"Human_Breast_Andersson_10142021_ST_C1"
"Human_Breast_Andersson_10142021_ST_C1_20x18",0.0667632766007195,0.151777529607643,0.0285108818490349,0.0286182772937566,0.0319165427784735,0.0676031301396026,0.132978806096232,0.192995235281734,0.298836320352804,"Human_Breast_Andersson_10142021_ST_C1"
"Human_Breast_Andersson_10142021_ST_C1_20x19",0.044123821131805,0.152220998494988,0.0512443180213165,0.011691842471814,0.0145121036183259,0.123352407069916,0.112037997066921,0.223684414745578,0.267132097379336,"Human_Breast_Andersson_10142021_ST_C1"
"Human_Breast_Andersson_10142021_ST_C1_20x20",0.0419561065251813,0.14860934465016,0.0309153330941067,0.0177746906091323,0.0186021552429297,0.0382905360091305,0.184914106430085,0.315382594264875,0.2035551331744,"Human_Breast_Andersson_10142021_ST_C1"
"Human_Breast_Andersson_10142021_ST_C1_20x21",0.0398159354059124,0.116027990738065,0.0224345750940469,0.0169976606785256,0.0112275369332108,0.0226589460419768,0.200381242983453,0.219618110506439,0.35083800161837,"Human_Breast_Andersson_10142021_ST_C1"
"Human_Breast_Andersson_10142021_ST_C1_20x22",0.0181499968105552,0.162383043420861,0.0337674886271187,0.0324251547021559,0.0245792697904776,0.0431640277854256,0.0901024552714883,0.276346524407865,0.319082039184053,"Human_Breast_Andersson_10142021_ST_C1"
"Human_Breast_Andersson_10142021_ST_C1_20x23",0.023120197387434,0.13199278762524,0.0395193322253098,0.0471359428006955,0.039851527925327,0.0350859749639997,0.132583385787942,0.183873867879336,0.366836983404717,"Human_Breast_Andersson_10142021_ST_C1"
"Human_Breast_Andersson_10142021_ST_C1_21x10",0.0476695948670829,0.192688931189994,0.0500726639230865,0.0235020808509308,0.172034033234041,0.148291670863979,0.0319029627184231,0.190584423987819,0.143253638364644,"Human_Breast_Andersson_10142021_ST_C1"
"Human_Breast_Andersson_10142021_ST_C1_21x11",0.0863367403852049,0.186088279199979,0.0213505792841694,0.0686764464297052,0.0764256903872793,0.11946174832726,0.0392826223223414,0.308344240315565,0.0940336533484962,"Human_Breast_Andersson_10142021_ST_C1"
"Human_Breast_Andersson_10142021_ST_C1_21x12",0.150878227713435,0.17657719581169,0.115472582389578,0.0266451893351191,0.109459145947237,0.179398444276033,0.00766639435404251,0.221474417279253,0.0124284028936134,"Human_Breast_Andersson_10142021_ST_C1"
"Human_Breast_Andersson_10142021_ST_C1_21x13",0.0681625235022705,0.104637711423239,0.0307326560471207,0.0419583079831521,0.169098114169771,0.154785025374583,0.0130805839399535,0.387682216468624,0.0298628610912863,"Human_Breast_Andersson_10142021_ST_C1"
"Human_Breast_Andersson_10142021_ST_C1_21x14",0.0978419072895356,0.175151969401174,0.0480936101158988,0.0249526419840681,0.0291903772278571,0.0392883154386251,0.131310997962689,0.212161444779184,0.242008735800968,"Human_Breast_Andersson_10142021_ST_C1"
"Human_Breast_Andersson_10142021_ST_C1_21x15",0.0564769735361978,0.182371733656144,0.0239924740451637,0.00950118536680764,0.00558317955164609,0.176599947847002,0.0236723083275693,0.467693263854397,0.0541089338150718,"Human_Breast_Andersson_10142021_ST_C1"
"Human_Breast_Andersson_10142021_ST_C1_21x16",0.0340039947256087,0.161558465199632,0.0217566143740926,0.00776459401550876,0.024040202589506,0.158893542634505,0.0506214665763938,0.369306322561315,0.172054797323438,"Human_Breast_Andersson_10142021_ST_C1"
"Human_Breast_Andersson_10142021_ST_C1_21x17",0.0721650337421482,0.0910758906566842,0.019237991236542,0.0308960986859978,0.0352398790043117,0.0371925714201397,0.153316712546415,0.0264672610377415,0.53440856167002,"Human_Breast_Andersson_10142021_ST_C1"
"Human_Breast_Andersson_10142021_ST_C1_21x18",0.0638241764237069,0.080584448104301,0.0408014719378102,0.0461096655012926,0.0545716487238011,0.0372550945063156,0.153224465014968,0.112409099026481,0.411219930761324,"Human_Breast_Andersson_10142021_ST_C1"
"Human_Breast_Andersson_10142021_ST_C1_21x19",0.0305385583108575,0.14270386159591,0.041833332262246,0.0416462206844912,0.0230571364121529,0.0894433061165989,0.0732501546741666,0.262155587748565,0.295371842195012,"Human_Breast_Andersson_10142021_ST_C1"
"Human_Breast_Andersson_10142021_ST_C1_21x20",0.0401820060318805,0.122622318985863,0.0281865945355665,0.0329014190821598,0.0353396796441323,0.0337766827867664,0.204987392605859,0.194215119993453,0.307788786334319,"Human_Breast_Andersson_10142021_ST_C1"
"Human_Breast_Andersson_10142021_ST_C1_21x21",0.0290059526771797,0.0764537320316976,0.0211646841875414,0.0259505751775206,0.0389318975102808,0.0156817610899011,0.257405415594245,0.114983942464784,0.420422039266849,"Human_Breast_Andersson_10142021_ST_C1"
"Human_Breast_Andersson_10142021_ST_C1_21x22",0.0272777858284421,0.0900635993620484,0.0373231965139325,0.0218975663573264,0.0498243619286955,0.0442267409872833,0.230581512693958,0.158819905037251,0.339985331291062,"Human_Breast_Andersson_10142021_ST_C1"
"Human_Breast_Andersson_10142021_ST_C1_22x14",0.111568177931221,0.0682287227187826,0.0187069577415491,0.014268247282115,0.0195866699348146,0.0362385820294376,0.20235632567141,0.145971187741684,0.383075128948985,"Human_Breast_Andersson_10142021_ST_C1"
"Human_Breast_Andersson_10142021_ST_C1_22x15",0.0266678050371016,0.179210651018698,0.0230970891651301,0.021646721449217,0.00836561942371474,0.0979827191902661,0.0565209737218967,0.48098607520553,0.105522345788446,"Human_Breast_Andersson_10142021_ST_C1"
"Human_Breast_Andersson_10142021_ST_C1_22x16",0.0270241320509022,0.20344516906314,0.0319935856527856,0.00758489376339519,0.0226003490068428,0.24024366442334,0.0154716486460567,0.375135667940011,0.0765008894535267,"Human_Breast_Andersson_10142021_ST_C1"
"Human_Breast_Andersson_10142021_ST_C1_22x17",0.0380541230482165,0.141760170957518,0.0471816999403859,0.0157416675994748,0.0339145053491155,0.10200433001958,0.0902689663388654,0.280182930970005,0.250891605776838,"Human_Breast_Andersson_10142021_ST_C1"
"Human_Breast_Andersson_10142021_ST_C1_22x18",0.048705457679839,0.131097380265832,0.0587622081876308,0.0342791742993939,0.0516517863765853,0.0955824066991421,0.12458487315398,0.115216142956221,0.340120570381376,"Human_Breast_Andersson_10142021_ST_C1"
"Human_Breast_Andersson_10142021_ST_C1_22x19",0.0443119321113896,0.140649270349116,0.0350940610623928,0.0224478020220092,0.0474251420299795,0.136233014087688,0.0476277286282091,0.286995682681783,0.239215367027433,"Human_Breast_Andersson_10142021_ST_C1"
"Human_Breast_Andersson_10142021_ST_C1_22x20",0.0390634274570908,0.129908724661031,0.0552329200039633,0.0348779203032549,0.0170455007525714,0.157321297108667,0.0914374350348905,0.228428069563934,0.246684705114597,"Human_Breast_Andersson_10142021_ST_C1"
"Human_Breast_Andersson_10142021_ST_C1_22x21",0.0275892169775208,0.110921523799642,0.0142665268835485,0.0209313902078197,0.0461844828355234,0.0120607270026016,0.276957654827275,0.17112329608826,0.319965181377809,"Human_Breast_Andersson_10142021_ST_C1"
"Human_Breast_Andersson_10142021_ST_C1_23x18",0.240036988670034,0.107813764007854,0.0671749312250938,0.0530657657522454,0.0485038045528605,0.136414105413631,0.0506880374731146,0.19401206739836,0.102290535506807,"Human_Breast_Andersson_10142021_ST_C1"
"Human_Breast_Andersson_10142021_ST_C1_23x19",0.03311416071436,0.26744147153263,0.0309877738215054,0.032558550873225,0.0433262103948127,0.118576464683096,0.029377287894499,0.317110275190368,0.127507804895503,"Human_Breast_Andersson_10142021_ST_C1"
"Human_Breast_Andersson_10142021_ST_C1_23x20",0.0318706756917301,0.16757483437069,0.0353134617492937,0.036063706248971,0.0233357566929159,0.26246426164228,0.0873239373853972,0.206371607513446,0.149681758705276,"Human_Breast_Andersson_10142021_ST_C1"
"Human_Breast_Andersson_10142021_ST_C1_5x19",0.00834495375185119,0.364449972520579,0.0269341114153737,0.0554462122541447,0.0226595232494653,0.127813127848907,0.110938953297987,0.173842730918077,0.109570414743616,"Human_Breast_Andersson_10142021_ST_C1"
"Human_Breast_Andersson_10142021_ST_C1_6x18",0.0108497971923391,0.2636649795394,0.0226141873572673,0.010985784954113,0.020253004882018,0.00965793103512468,0.065315801997451,0.428333495716057,0.16832501732623,"Human_Breast_Andersson_10142021_ST_C1"
