"","Endothelial","CAFs","PVL","B-cells","T-cells","Myeloid","Normal Epithelial","Plasmablasts","Cancer Epithelial","sid"
"Human_Breast_Andersson_10142021_ST_G1_10x10",0.259628841621256,0.112277437452868,0.093076912849267,0.0118895167192265,0.0347083504265689,0.071270770663808,0.153360329404037,0.112690818591496,0.151097022271472,"Human_Breast_Andersson_10142021_ST_G1"
"Human_Breast_Andersson_10142021_ST_G1_10x11",0.161665268018871,0.133486641509255,0.0792133673431791,0.0203424044223484,0.161744748546835,0.0564833764710887,0.0659228860216199,0.10625835916166,0.214882948505144,"Human_Breast_Andersson_10142021_ST_G1"
"Human_Breast_Andersson_10142021_ST_G1_10x12",0.231698353320218,0.090802461061733,0.0479951766843185,0.0142231896544265,0.0289472420656628,0.0553510188542172,0.145918277165739,0.133194464808644,0.251869816385041,"Human_Breast_Andersson_10142021_ST_G1"
"Human_Breast_Andersson_10142021_ST_G1_10x13",0.146511883546972,0.120715673599984,0.0353694179402069,0.0107070111227992,0.0180660748203916,0.110904765109844,0.0324166426169566,0.313841804738301,0.211466726504545,"Human_Breast_Andersson_10142021_ST_G1"
"Human_Breast_Andersson_10142021_ST_G1_10x14",0.32634692656923,0.0876894367260022,0.100092854010981,0.0231635773609019,0.0239592234917616,0.0785208105457182,0.0771123873525319,0.13908587935793,0.144028904584943,"Human_Breast_Andersson_10142021_ST_G1"
"Human_Breast_Andersson_10142021_ST_G1_10x15",0.444327244524809,0.0911487538327489,0.044422229368934,0.0974701522610398,0.101868554082882,0.0970022707233251,0.0200333450671027,0.0350235995201359,0.0687038506190222,"Human_Breast_Andersson_10142021_ST_G1"
"Human_Breast_Andersson_10142021_ST_G1_10x16",0.0637072186205345,0.214926547056977,0.0491066282501744,0.0288584497762244,0.130576009924637,0.0990365681784567,0.0991600321852841,0.153126358778318,0.161502187229393,"Human_Breast_Andersson_10142021_ST_G1"
"Human_Breast_Andersson_10142021_ST_G1_10x17",0.192348710083758,0.207182949814504,0.164262344531491,0.0220256688531088,0.0130954028809495,0.122474220446682,0.0385907344596626,0.127552430033757,0.112467538896087,"Human_Breast_Andersson_10142021_ST_G1"
"Human_Breast_Andersson_10142021_ST_G1_10x18",0.0813265917002697,0.158782322382023,0.056155637089075,0.0821132971244704,0.165359593307249,0.285818024556719,0.0342657693179828,0.108173419337644,0.0280053451845676,"Human_Breast_Andersson_10142021_ST_G1"
"Human_Breast_Andersson_10142021_ST_G1_10x19",0.135352379750152,0.198013906959869,0.115273579437016,0.0264674868786887,0.11732685282624,0.160051530822161,0.00954633312348668,0.211356449475496,0.0266114807268898,"Human_Breast_Andersson_10142021_ST_G1"
"Human_Breast_Andersson_10142021_ST_G1_10x20",0.226980198858605,0.190161765829542,0.203421066408801,0.018671306903006,0.0274378420941079,0.0982783516702973,0.0039680257129625,0.135728245108897,0.0953531974137813,"Human_Breast_Andersson_10142021_ST_G1"
"Human_Breast_Andersson_10142021_ST_G1_10x21",0.101995232528068,0.0831541944266193,0.0721025336236499,0.0946472781075617,0.0376813249378419,0.105300263154438,0.371842295935426,0.0406059260602538,0.0926709512261417,"Human_Breast_Andersson_10142021_ST_G1"
"Human_Breast_Andersson_10142021_ST_G1_10x22",0.0473204847968937,0.129842883045489,0.0676911848519154,0.0965379390939729,0.0345490524595771,0.100798237554231,0.161160521070543,0.249219304092734,0.112880393034645,"Human_Breast_Andersson_10142021_ST_G1"
"Human_Breast_Andersson_10142021_ST_G1_10x23",0.149712925343953,0.10748214231382,0.220146261465806,0.0623349093255095,0.0269533966848582,0.0750661011559578,0.0260605815125725,0.232235773258193,0.10000790893933,"Human_Breast_Andersson_10142021_ST_G1"
"Human_Breast_Andersson_10142021_ST_G1_10x24",0.0957543185917447,0.168373424524902,0.0645520650131638,0.0306388641323752,0.0217627484275523,0.085649572014172,0.0568687196053253,0.254675288707272,0.221724998983492,"Human_Breast_Andersson_10142021_ST_G1"
"Human_Breast_Andersson_10142021_ST_G1_10x25",0.0998857318068862,0.249589805008552,0.0496570155994073,0.0717678275252923,0.0450466596518936,0.136854222550433,0.0462439715081712,0.0990534571251464,0.201901309224218,"Human_Breast_Andersson_10142021_ST_G1"
"Human_Breast_Andersson_10142021_ST_G1_10x26",0.0981697270721977,0.293408687183294,0.0680612577338724,0.0483437583124283,0.0391207587764233,0.223155430378409,0.0140323308935577,0.120784627353598,0.094923422296219,"Human_Breast_Andersson_10142021_ST_G1"
"Human_Breast_Andersson_10142021_ST_G1_10x27",0.102799974010719,0.20347931213449,0.0789888977677906,0.00895382165212233,0.0345303618378276,0.192731127579995,0.124850048969625,0.0404768813438421,0.213189574703587,"Human_Breast_Andersson_10142021_ST_G1"
"Human_Breast_Andersson_10142021_ST_G1_10x8",0.190291286317573,0.15651994220774,0.0988767255304825,0.0655171634367943,0.0822483945654896,0.204141615622363,0.0489652747728126,0.0872380974885048,0.0662015000582401,"Human_Breast_Andersson_10142021_ST_G1"
"Human_Breast_Andersson_10142021_ST_G1_10x9",0.113956345242566,0.131332046354059,0.0980789642402487,0.0161590801240745,0.0250551958674176,0.125218116047162,0.105494305385021,0.308494805858544,0.0762111408809074,"Human_Breast_Andersson_10142021_ST_G1"
"Human_Breast_Andersson_10142021_ST_G1_11x10",0.305232792369024,0.107481808871347,0.0683560775776641,0.00523044931376612,0.0123932211604597,0.0769482579232086,0.0444541883294304,0.21098687036516,0.168916334089941,"Human_Breast_Andersson_10142021_ST_G1"
"Human_Breast_Andersson_10142021_ST_G1_11x12",0.117121057166777,0.049385408370784,0.080547714100877,0.00304749978869453,0.0163645978219921,0.0755113658915261,0.197513872587007,0.0769988481429955,0.383509636129347,"Human_Breast_Andersson_10142021_ST_G1"
"Human_Breast_Andersson_10142021_ST_G1_11x13",0.151706282845363,0.0935194908230032,0.120460311451795,0.076282445787995,0.0890858921680863,0.0968202956339675,0.0341221690340672,0.210772094190226,0.127231018065496,"Human_Breast_Andersson_10142021_ST_G1"
"Human_Breast_Andersson_10142021_ST_G1_11x14",0.148314524126073,0.0657631714154745,0.154460155420185,0.0877622942311817,0.098407572992115,0.054388220028655,0.0501114922466084,0.164390266160406,0.176402303379301,"Human_Breast_Andersson_10142021_ST_G1"
"Human_Breast_Andersson_10142021_ST_G1_11x15",0.0628719972470033,0.0983834072483422,0.0265263152545257,0.206945017040543,0.198347824985053,0.094236322293042,0.0333629963808536,0.166854713323728,0.112471406226909,"Human_Breast_Andersson_10142021_ST_G1"
"Human_Breast_Andersson_10142021_ST_G1_11x16",0.170913416015198,0.0896899589018528,0.0847627112732663,0.136754039878191,0.185688663053418,0.0772222420125136,0.0269965966897937,0.172061204582617,0.0559111675931488,"Human_Breast_Andersson_10142021_ST_G1"
"Human_Breast_Andersson_10142021_ST_G1_11x17",0.127289728863057,0.259992295550483,0.0604454567141478,0.00748799642797016,0.00904354875445181,0.200809100959093,0.067818988891924,0.15854495856996,0.108567925268914,"Human_Breast_Andersson_10142021_ST_G1"
"Human_Breast_Andersson_10142021_ST_G1_11x18",0.181626700214478,0.144995228184308,0.136625527186156,0.0992972201497764,0.0142942686137746,0.264340617333096,0.00682981585067667,0.13517413106484,0.0168164914028935,"Human_Breast_Andersson_10142021_ST_G1"
"Human_Breast_Andersson_10142021_ST_G1_11x19",0.165156654635812,0.122874203667084,0.135157256835618,0.133130418656754,0.156003089240331,0.099739948320392,0.0463980624243989,0.0589772803208,0.0825630858988099,"Human_Breast_Andersson_10142021_ST_G1"
"Human_Breast_Andersson_10142021_ST_G1_11x20",0.115916131830114,0.0718188624933978,0.0924576162773328,0.0424820385525799,0.0639522469351235,0.0526896457321708,0.0235062494644167,0.468702779574305,0.0684744291405594,"Human_Breast_Andersson_10142021_ST_G1"
"Human_Breast_Andersson_10142021_ST_G1_11x21",0.105410453550269,0.123657613144979,0.160830818747664,0.0148535747999701,0.0137761975175321,0.0970008186627166,0.177706883704765,0.279478025575487,0.0272856142966165,"Human_Breast_Andersson_10142021_ST_G1"
"Human_Breast_Andersson_10142021_ST_G1_11x22",0.157267645056096,0.161444662239628,0.162542938821367,0.0209468002639773,0.0886424091898828,0.166580772471189,0.0435953862630584,0.0920223023641728,0.106957083330628,"Human_Breast_Andersson_10142021_ST_G1"
"Human_Breast_Andersson_10142021_ST_G1_11x23",0.129105287069828,0.117661529049785,0.0798912723341288,0.0374824007335824,0.0471487588703435,0.0651004566167894,0.0978331254371377,0.080731754679265,0.345045415209141,"Human_Breast_Andersson_10142021_ST_G1"
"Human_Breast_Andersson_10142021_ST_G1_11x24",0.131967861884103,0.177583510435026,0.178800900383417,0.0047290315121289,0.0210843568797294,0.156605284772022,0.105280731151102,0.0382051623898786,0.185743160592593,"Human_Breast_Andersson_10142021_ST_G1"
"Human_Breast_Andersson_10142021_ST_G1_11x25",0.179990912904004,0.17208126063323,0.0749138310095498,0.0348379992085491,0.0449404031757825,0.0663671904624323,0.0430965437162307,0.189164580500429,0.194607278389793,"Human_Breast_Andersson_10142021_ST_G1"
"Human_Breast_Andersson_10142021_ST_G1_11x26",0.0275169565720082,0.192328139551417,0.302078584059384,0.114778830146959,0.0848192745160464,0.127784087812873,0.0262313409421716,0.01975216973109,0.104710616668051,"Human_Breast_Andersson_10142021_ST_G1"
"Human_Breast_Andersson_10142021_ST_G1_11x8",0.0757183732942936,0.201372023260334,0.101371334545601,0.00995257708323916,0.0379438071085855,0.121337795319547,0.0153768500744578,0.321576648185301,0.115350591128641,"Human_Breast_Andersson_10142021_ST_G1"
"Human_Breast_Andersson_10142021_ST_G1_11x9",0.120919914093884,0.0827198537450906,0.230115672655001,0.0988365630567408,0.113317327717451,0.0872217794096383,0.044224223708696,0.108489019126186,0.114155646487311,"Human_Breast_Andersson_10142021_ST_G1"
"Human_Breast_Andersson_10142021_ST_G1_12x10",0.126162032402607,0.161248715736475,0.141329346584501,0.00814472792749032,0.0566422339921865,0.111253080951986,0.0617975881760744,0.014686078229377,0.318736195999303,"Human_Breast_Andersson_10142021_ST_G1"
"Human_Breast_Andersson_10142021_ST_G1_12x11",0.18894665360557,0.0683638163730602,0.0587032303085826,0.0653300671438071,0.0783277333623155,0.06335598173608,0.0430739624438399,0.195930552848336,0.237968002178408,"Human_Breast_Andersson_10142021_ST_G1"
"Human_Breast_Andersson_10142021_ST_G1_12x12",0.186717760013863,0.09308144831613,0.0916048981441603,0.0186106225655485,0.0173804471892356,0.0551837861985624,0.0541195456040874,0.322833179540052,0.16046831242836,"Human_Breast_Andersson_10142021_ST_G1"
"Human_Breast_Andersson_10142021_ST_G1_12x13",0.15730761011333,0.0265703519111022,0.0151264038563258,0.00854260872672161,0.0110721443095087,0.0456394648473627,0.304347584081648,0.0837390121606591,0.347654819993342,"Human_Breast_Andersson_10142021_ST_G1"
"Human_Breast_Andersson_10142021_ST_G1_12x14",0.256037217095156,0.101073610437323,0.155597119159531,0.029059640946235,0.0295409356305246,0.0946838179996117,0.0287661592388568,0.146797653762532,0.158443845730229,"Human_Breast_Andersson_10142021_ST_G1"
"Human_Breast_Andersson_10142021_ST_G1_12x15",0.133923589557121,0.109284439222437,0.130957974338797,0.0505959480711906,0.041492050814294,0.16182000490399,0.058070285066694,0.195588967864969,0.118266740160508,"Human_Breast_Andersson_10142021_ST_G1"
"Human_Breast_Andersson_10142021_ST_G1_12x16",0.092044277143311,0.153372508287795,0.0295722245215385,0.159685798009705,0.0960749798868267,0.0960096085828934,0.00914243158213034,0.327576380787912,0.0365217911978885,"Human_Breast_Andersson_10142021_ST_G1"
"Human_Breast_Andersson_10142021_ST_G1_12x17",0.284586187345718,0.0565644018716804,0.0948682572961412,0.105668520746215,0.121953008382031,0.0714756694902766,0.0358508646999796,0.144846478514359,0.0841866116535991,"Human_Breast_Andersson_10142021_ST_G1"
"Human_Breast_Andersson_10142021_ST_G1_12x18",0.070865209921507,0.250213289734576,0.17866851983471,0.018390287436477,0.0321535442004408,0.14970206839084,0.0221526204470803,0.222373950630634,0.0554805094037338,"Human_Breast_Andersson_10142021_ST_G1"
"Human_Breast_Andersson_10142021_ST_G1_12x19",0.119226299082871,0.158931376260632,0.0664856726673774,0.0814784792382414,0.0806153923483486,0.0847583425518251,0.141718251366843,0.0606547066594494,0.206131479824412,"Human_Breast_Andersson_10142021_ST_G1"
"Human_Breast_Andersson_10142021_ST_G1_12x20",0.0281667238481322,0.188675032640173,0.211876542848746,0.0157801125410762,0.0203391840340159,0.0561390980471811,0.0435957090332258,0.307280920257982,0.128146676749468,"Human_Breast_Andersson_10142021_ST_G1"
"Human_Breast_Andersson_10142021_ST_G1_12x21",0.173202810511611,0.174386137913534,0.073255339454687,0.025201588540711,0.0142238767028197,0.0864211332511422,0.0331874898360405,0.376777552408381,0.0433440713810733,"Human_Breast_Andersson_10142021_ST_G1"
"Human_Breast_Andersson_10142021_ST_G1_12x22",0.0695247116657868,0.0968163562919759,0.207454345057116,0.00300046014197661,0.0095101064947499,0.0398048945320074,0.0375224433312886,0.457134143387077,0.0792325390980212,"Human_Breast_Andersson_10142021_ST_G1"
"Human_Breast_Andersson_10142021_ST_G1_12x23",0.171053144579262,0.155815104898166,0.0855571389956134,0.0461014991907314,0.0644345619319777,0.0966506278148503,0.0683997443741332,0.131485338538633,0.180502839676633,"Human_Breast_Andersson_10142021_ST_G1"
"Human_Breast_Andersson_10142021_ST_G1_12x24",0.177912694656078,0.111689504688748,0.0827115221972877,0.0160797894406897,0.0343149172401197,0.0775095228878247,0.151737193952127,0.0882990348381535,0.259745820098972,"Human_Breast_Andersson_10142021_ST_G1"
"Human_Breast_Andersson_10142021_ST_G1_12x25",0.104850341858835,0.189965029463409,0.10148463444665,0.023184172768854,0.0616101347791661,0.101614652044193,0.0361648666049945,0.222760310362264,0.158365857671632,"Human_Breast_Andersson_10142021_ST_G1"
"Human_Breast_Andersson_10142021_ST_G1_12x26",0.194064778305567,0.201726454827806,0.144103064231182,0.0195152678995802,0.012601889018016,0.0811707815372833,0.0114937283134078,0.265872138452674,0.0694518974144837,"Human_Breast_Andersson_10142021_ST_G1"
"Human_Breast_Andersson_10142021_ST_G1_12x8",0.376860461258856,0.173568715862786,0.0347049028526414,0.022831914330108,0.0480789572651381,0.133606731357459,0.0280300804958229,0.0880045984637866,0.094313638113402,"Human_Breast_Andersson_10142021_ST_G1"
"Human_Breast_Andersson_10142021_ST_G1_12x9",0.0589024126197062,0.0823158023085663,0.05120067994459,0.12347340504624,0.106405779609097,0.100466092309423,0.0457834124211865,0.318057832593561,0.113394583147631,"Human_Breast_Andersson_10142021_ST_G1"
"Human_Breast_Andersson_10142021_ST_G1_13x10",0.132322214322364,0.118549921726891,0.068222384629327,0.00396349502150003,0.00614696764244826,0.0898902309975536,0.0572484022891753,0.352440703118075,0.171215680252665,"Human_Breast_Andersson_10142021_ST_G1"
"Human_Breast_Andersson_10142021_ST_G1_13x11",0.202536099761672,0.0414931207512126,0.0526206645400311,0.0302100308847771,0.0393829539963143,0.0689723278160535,0.214579770882979,0.0655984365422796,0.284606594824681,"Human_Breast_Andersson_10142021_ST_G1"
"Human_Breast_Andersson_10142021_ST_G1_13x12",0.171046784827913,0.0328184011585029,0.0241771130433281,0.0256754423283595,0.0660440799324411,0.0415700689658056,0.200825839420688,0.0513816188615861,0.386460651461376,"Human_Breast_Andersson_10142021_ST_G1"
"Human_Breast_Andersson_10142021_ST_G1_13x13",0.151262082001337,0.0413925161799725,0.0551283550707722,0.00935015743727446,0.0163462477755215,0.035212425023351,0.0952177998216213,0.181569607652162,0.414520809037988,"Human_Breast_Andersson_10142021_ST_G1"
"Human_Breast_Andersson_10142021_ST_G1_13x14",0.144600409313952,0.110027010602454,0.152718910101855,0.0596367005904113,0.0400974408494101,0.103608504032807,0.0573645021469461,0.206417840065977,0.125528682296187,"Human_Breast_Andersson_10142021_ST_G1"
"Human_Breast_Andersson_10142021_ST_G1_13x15",0.147394066168218,0.0760356372456667,0.0393581300507716,0.015734685372449,0.0540819844480368,0.0335909456444622,0.024455470561629,0.543293570185349,0.0660555103234176,"Human_Breast_Andersson_10142021_ST_G1"
"Human_Breast_Andersson_10142021_ST_G1_13x16",0.159766347607985,0.2691214891048,0.0312873044141514,0.0491731892106506,0.0414583631905775,0.259785520049117,0.0141404672170946,0.090095163339876,0.0851721558657478,"Human_Breast_Andersson_10142021_ST_G1"
"Human_Breast_Andersson_10142021_ST_G1_13x17",0.253180367210669,0.17261004332384,0.050812005749306,0.0147140371032154,0.0649427495689228,0.0556120369569212,0.0651882510613635,0.185450607485784,0.137489901539979,"Human_Breast_Andersson_10142021_ST_G1"
"Human_Breast_Andersson_10142021_ST_G1_13x18",0.161528663425768,0.228494096598887,0.12073052288762,0.181539544113384,0.169532987312456,0.0629432914552356,0.0198891832990993,0.00966825983242567,0.0456734510751239,"Human_Breast_Andersson_10142021_ST_G1"
"Human_Breast_Andersson_10142021_ST_G1_13x19",0.166170378821212,0.270841322094209,0.0602315184698105,0.0514548589714529,0.0282763081253456,0.0898754481620138,0.0337197287827158,0.103933921184858,0.195496515388383,"Human_Breast_Andersson_10142021_ST_G1"
"Human_Breast_Andersson_10142021_ST_G1_13x20",0.14636172393911,0.212090420978892,0.130515659904364,0.0296381075530199,0.0445761376486031,0.146583625375322,0.0815336448059114,0.0695355792798392,0.139165100514938,"Human_Breast_Andersson_10142021_ST_G1"
"Human_Breast_Andersson_10142021_ST_G1_13x21",0.0832943722236724,0.18106446423472,0.0893374379450266,0.0140438434167049,0.00653911598139612,0.123488667087597,0.0350106434374498,0.289843375034671,0.177378080638763,"Human_Breast_Andersson_10142021_ST_G1"
"Human_Breast_Andersson_10142021_ST_G1_13x22",0.111070148986692,0.130799375827027,0.0793763978193032,0.0014319257600397,0.00510290183192743,0.0115344289573821,0.00717759430335513,0.629002259565634,0.0245049669486388,"Human_Breast_Andersson_10142021_ST_G1"
"Human_Breast_Andersson_10142021_ST_G1_13x23",0.0948022426394848,0.254899922791381,0.0348640776432393,0.0388376351896866,0.0622891121913099,0.124546503645201,0.0711841943532821,0.165730433933425,0.15284587761299,"Human_Breast_Andersson_10142021_ST_G1"
"Human_Breast_Andersson_10142021_ST_G1_13x24",0.228232076865738,0.326092883542099,0.0896070628144991,0.0135542030742842,0.0418541560896376,0.0624108091510982,0.0381132142853357,0.0856402642434509,0.114495329933857,"Human_Breast_Andersson_10142021_ST_G1"
"Human_Breast_Andersson_10142021_ST_G1_13x25",0.159905508425294,0.135060958480567,0.0625915298083923,0.0331673985104155,0.0452808665536164,0.0860693537016953,0.101935984746883,0.152824630495531,0.223163769277605,"Human_Breast_Andersson_10142021_ST_G1"
"Human_Breast_Andersson_10142021_ST_G1_13x26",0.120642993151518,0.262491718357593,0.140888023080616,0.0295642795363551,0.0286040517282883,0.0755564357503638,0.0216024512913841,0.243401496456887,0.0772485506469944,"Human_Breast_Andersson_10142021_ST_G1"
"Human_Breast_Andersson_10142021_ST_G1_13x27",0.250616668812498,0.249060011594834,0.369422391837893,0.00323647216040442,0.0127466684976213,0.0476122098393766,0.00648769548405264,0.0431085954347345,0.0177092863385864,"Human_Breast_Andersson_10142021_ST_G1"
"Human_Breast_Andersson_10142021_ST_G1_13x8",0.134055849055621,0.0895789684478195,0.168763767062241,0.0116545295424593,0.0755128721712249,0.0598897111717833,0.0107418534791474,0.322433142538662,0.127369306531042,"Human_Breast_Andersson_10142021_ST_G1"
"Human_Breast_Andersson_10142021_ST_G1_13x9",0.104711090832747,0.142746805133555,0.0662438463297346,0.0293577480101275,0.0749334074950482,0.08946834403566,0.013537464419746,0.30566006683698,0.173341226906403,"Human_Breast_Andersson_10142021_ST_G1"
"Human_Breast_Andersson_10142021_ST_G1_14x10",0.172851513438777,0.0442042318331915,0.0569797450005501,0.0179214874300515,0.0211181001071364,0.0907008892208859,0.176695843785364,0.125506764665723,0.29402142451832,"Human_Breast_Andersson_10142021_ST_G1"
"Human_Breast_Andersson_10142021_ST_G1_14x11",0.173557664469126,0.0342406277777814,0.0449005752778983,0.023370251032205,0.0365273608822409,0.0859847098513098,0.246539054739077,0.0402426069646168,0.314637149005745,"Human_Breast_Andersson_10142021_ST_G1"
"Human_Breast_Andersson_10142021_ST_G1_14x12",0.155514750884562,0.0207924842234418,0.0169422903088827,0.0211462531536421,0.0247358561672736,0.0475093099116843,0.352098662369596,0.0550491491429822,0.306211243837936,"Human_Breast_Andersson_10142021_ST_G1"
"Human_Breast_Andersson_10142021_ST_G1_14x13",0.174846267239696,0.0673580312648401,0.0875998404701428,0.0263944371992954,0.0343251194878238,0.0660686017828084,0.105104704629395,0.168747927443685,0.269555070482314,"Human_Breast_Andersson_10142021_ST_G1"
"Human_Breast_Andersson_10142021_ST_G1_14x14",0.132525725482046,0.0769740471817341,0.0425972066293064,0.0111204389737196,0.058184031134842,0.154385778924668,0.0555792748954888,0.293865992677864,0.174767504100331,"Human_Breast_Andersson_10142021_ST_G1"
"Human_Breast_Andersson_10142021_ST_G1_14x15",0.320349729165155,0.183865660579921,0.160147036564924,0.00925128394703504,0.0402261745863018,0.074454716767937,0.0491637705964311,0.0278784767810782,0.134663151011217,"Human_Breast_Andersson_10142021_ST_G1"
"Human_Breast_Andersson_10142021_ST_G1_14x16",0.187782309583977,0.116809276103832,0.0702607754881703,0.0406251982944058,0.0349547984502063,0.0480908713855611,0.227368252640518,0.189382484032603,0.0847260340207274,"Human_Breast_Andersson_10142021_ST_G1"
"Human_Breast_Andersson_10142021_ST_G1_14x17",0.149991576772959,0.116986593318586,0.147092731024371,0.0737735761195579,0.132335140814339,0.0716352887659169,0.0227791892364947,0.125183768418759,0.160222135529017,"Human_Breast_Andersson_10142021_ST_G1"
"Human_Breast_Andersson_10142021_ST_G1_14x18",0.185319951920016,0.133906840789281,0.140347624929591,0.0980460255457332,0.0847746615044174,0.0895986691280887,0.103541958199547,0.010254282554522,0.154209985428803,"Human_Breast_Andersson_10142021_ST_G1"
"Human_Breast_Andersson_10142021_ST_G1_14x19",0.203583400072901,0.183925240308813,0.109632685041159,0.0403375129067835,0.0817212701976006,0.143932249258546,0.0728481666318109,0.0470161486959519,0.117003326886435,"Human_Breast_Andersson_10142021_ST_G1"
"Human_Breast_Andersson_10142021_ST_G1_14x20",0.127900143781729,0.12874937241781,0.163142728087664,0.0578038906751523,0.0427218639030882,0.0845898077374213,0.0591686135655068,0.18185998133929,0.154063598492339,"Human_Breast_Andersson_10142021_ST_G1"
"Human_Breast_Andersson_10142021_ST_G1_14x21",0.0841448592260582,0.105380943754531,0.151458352503062,0.059782340039375,0.0248303553281424,0.0676302082313652,0.0527993485019715,0.309738866680094,0.1442347257354,"Human_Breast_Andersson_10142021_ST_G1"
"Human_Breast_Andersson_10142021_ST_G1_14x22",0.160041109869446,0.103297060361883,0.075496594049615,0.112510507509757,0.206268650839299,0.149445320704266,0.012971570137084,0.0743335712282084,0.105635615300442,"Human_Breast_Andersson_10142021_ST_G1"
"Human_Breast_Andersson_10142021_ST_G1_14x23",0.153360094949484,0.10850292679233,0.147073378455414,0.0307716854861638,0.0661822133807096,0.0647245142609032,0.0132673750227012,0.316752034107129,0.0993657775451641,"Human_Breast_Andersson_10142021_ST_G1"
"Human_Breast_Andersson_10142021_ST_G1_14x24",0.183404736513274,0.13336064392808,0.0845128843301497,0.0711454902268152,0.0872026312908933,0.0693497181480015,0.0612336234069325,0.153253317153068,0.156536955002786,"Human_Breast_Andersson_10142021_ST_G1"
"Human_Breast_Andersson_10142021_ST_G1_14x25",0.100968246848109,0.26182491700742,0.0796455777344163,0.0255301411872454,0.0588133105102581,0.100012123105933,0.0367587119122817,0.247223983640556,0.0892229880537791,"Human_Breast_Andersson_10142021_ST_G1"
"Human_Breast_Andersson_10142021_ST_G1_14x26",0.113881493207293,0.275732249094868,0.138800402362386,0.0172752793790519,0.0315420053066176,0.156675543409289,0.0414427731203382,0.131841750122544,0.0928085039976112,"Human_Breast_Andersson_10142021_ST_G1"
"Human_Breast_Andersson_10142021_ST_G1_14x27",0.134752117525451,0.211269503359581,0.231352137599532,0.0168760694646442,0.0618641978770514,0.0881534313390753,0.0761257564660553,0.0981680731185052,0.0814387132501045,"Human_Breast_Andersson_10142021_ST_G1"
"Human_Breast_Andersson_10142021_ST_G1_14x7",0.24574994781928,0.0940984329743499,0.0936139308509773,0.0255217674366007,0.199693649239125,0.0359023270811928,0.0183238748633675,0.274472021199195,0.0126240485359118,"Human_Breast_Andersson_10142021_ST_G1"
"Human_Breast_Andersson_10142021_ST_G1_14x8",0.0994080987023624,0.219200995641602,0.101024767641102,0.058308887014497,0.073001690012938,0.0761365136629077,0.0441042710350874,0.198700640595158,0.130114135694346,"Human_Breast_Andersson_10142021_ST_G1"
"Human_Breast_Andersson_10142021_ST_G1_14x9",0.0659962536765506,0.163631593425957,0.0646692605484075,0.165140992331749,0.136432052570765,0.0509180820401727,0.0679311710294589,0.105101705145755,0.180178889231185,"Human_Breast_Andersson_10142021_ST_G1"
"Human_Breast_Andersson_10142021_ST_G1_15x10",0.19437951949879,0.0428055890183307,0.0251617900906631,0.0413681013316848,0.0382145471863202,0.0808749695367831,0.140269000374637,0.112241040405296,0.324685442557496,"Human_Breast_Andersson_10142021_ST_G1"
"Human_Breast_Andersson_10142021_ST_G1_15x11",0.138541206955752,0.0744877203276629,0.0559157167387972,0.0363090036470068,0.0624987113506806,0.110079667889769,0.191900735338255,0.0541976339483328,0.276069603803743,"Human_Breast_Andersson_10142021_ST_G1"
"Human_Breast_Andersson_10142021_ST_G1_15x12",0.0906929368221115,0.0706092604653401,0.0484860665962098,0.0361703902505256,0.0430913268457004,0.0452776999233677,0.0883485825265457,0.348846682574249,0.22847705399595,"Human_Breast_Andersson_10142021_ST_G1"
"Human_Breast_Andersson_10142021_ST_G1_15x13",0.265144843935607,0.140414237446561,0.0866739464420643,0.0651254468925458,0.0124635321318085,0.133775968393006,0.026773461060737,0.179410253697667,0.0902183100000039,"Human_Breast_Andersson_10142021_ST_G1"
"Human_Breast_Andersson_10142021_ST_G1_15x14",0.113257640237266,0.235022232986943,0.104518815497604,0.022769131160305,0.0819959603591537,0.120237604997202,0.0487656056563737,0.0207272553881334,0.25270575371702,"Human_Breast_Andersson_10142021_ST_G1"
"Human_Breast_Andersson_10142021_ST_G1_15x15",0.0116349306127688,0.1214919708113,0.0605128200979079,0.000521711288514109,0.000497762989206443,0.0428067933232563,0.503177919207646,0.133588148564568,0.125767943104833,"Human_Breast_Andersson_10142021_ST_G1"
"Human_Breast_Andersson_10142021_ST_G1_15x16",0.0704761175282595,0.272699635251047,0.162547468458091,0.0276364066467289,0.0179433961933292,0.1719019828925,0.0362315913950922,0.116934912147771,0.123628489487181,"Human_Breast_Andersson_10142021_ST_G1"
"Human_Breast_Andersson_10142021_ST_G1_15x17",0.0955848117413468,0.185854546450901,0.189508401255097,0.0834678855120275,0.142187776284613,0.179320098146144,0.0264145395854759,0.00751965397408651,0.0901422870503088,"Human_Breast_Andersson_10142021_ST_G1"
"Human_Breast_Andersson_10142021_ST_G1_15x18",0.210924535271481,0.113687961868209,0.0864751463778075,0.0673701540813354,0.0590958788407946,0.0543989203387974,0.0347416389739998,0.260360910613678,0.112944853633897,"Human_Breast_Andersson_10142021_ST_G1"
"Human_Breast_Andersson_10142021_ST_G1_15x19",0.178945705318128,0.148630608185871,0.052922222122711,0.0895684432006839,0.0534253371354856,0.102213405099093,0.0637494470263371,0.24777471741458,0.0627701144971101,"Human_Breast_Andersson_10142021_ST_G1"
"Human_Breast_Andersson_10142021_ST_G1_15x20",0.242427291625366,0.225909101893735,0.0944326606996676,0.0339065871441627,0.044077562704593,0.0752351424253847,0.0336158704280824,0.155495918345982,0.0948998647330267,"Human_Breast_Andersson_10142021_ST_G1"
"Human_Breast_Andersson_10142021_ST_G1_15x21",0.190027607430843,0.0651736113943446,0.0386560025019421,0.0332209391086906,0.0304979848255073,0.0528624016679888,0.187241223989111,0.162069300246941,0.240250928834632,"Human_Breast_Andersson_10142021_ST_G1"
"Human_Breast_Andersson_10142021_ST_G1_15x22",0.220475365564065,0.19189373465852,0.0576475160863536,0.0508599689495186,0.0735481690386767,0.114114050376706,0.0208310633918596,0.129243878555891,0.14138625337841,"Human_Breast_Andersson_10142021_ST_G1"
"Human_Breast_Andersson_10142021_ST_G1_15x23",0.0852558539836747,0.214238184074009,0.0286417591627098,0.0955676847413011,0.115271623531212,0.1025856235221,0.0511324729094934,0.200228802171925,0.107077995903576,"Human_Breast_Andersson_10142021_ST_G1"
"Human_Breast_Andersson_10142021_ST_G1_15x24",0.14642466578191,0.170687972166504,0.0337346632331381,0.074256948848767,0.0585802906032624,0.0722473648851101,0.121833124607752,0.101829266660813,0.220405703212744,"Human_Breast_Andersson_10142021_ST_G1"
"Human_Breast_Andersson_10142021_ST_G1_15x25",0.0982157336818145,0.180321194806853,0.094880115562514,0.00698624530748939,0.0196599765331786,0.128687756550222,0.0680179144461538,0.269304464969917,0.133926598141859,"Human_Breast_Andersson_10142021_ST_G1"
"Human_Breast_Andersson_10142021_ST_G1_15x26",0.137665679444637,0.256724891462538,0.217921731210291,0.00845731621305066,0.00625266431824145,0.10199628934168,0.0297439322997844,0.186709057133513,0.0545284385762639,"Human_Breast_Andersson_10142021_ST_G1"
"Human_Breast_Andersson_10142021_ST_G1_15x27",0.183225147546358,0.235150409924562,0.221105850047612,0.00578398540136269,0.0212058669103039,0.117525336365841,0.0379626910213096,0.0848517078090517,0.0931890049735999,"Human_Breast_Andersson_10142021_ST_G1"
"Human_Breast_Andersson_10142021_ST_G1_15x7",0.0810340284145293,0.212821242873547,0.0216059891936385,0.0732703380746017,0.042625144927347,0.0773109385364968,0.0122462921067376,0.436928095245866,0.0421579306272363,"Human_Breast_Andersson_10142021_ST_G1"
"Human_Breast_Andersson_10142021_ST_G1_15x9",0.224190575936154,0.0508781011322789,0.080240251165127,0.0176939562503262,0.0259158984523847,0.0831326839091001,0.0861793007283538,0.173622591241699,0.258146641184577,"Human_Breast_Andersson_10142021_ST_G1"
"Human_Breast_Andersson_10142021_ST_G1_16x10",0.160974169937881,0.0440403395587162,0.0516825247412646,0.0328975634498474,0.021449393748648,0.0552147469129657,0.0959606325895827,0.162911220192617,0.374869408868477,"Human_Breast_Andersson_10142021_ST_G1"
"Human_Breast_Andersson_10142021_ST_G1_16x11",0.158121808086231,0.0749817758923337,0.145255756137143,0.0291511850021992,0.017501279382266,0.114232379973007,0.156494813514207,0.0993435630526008,0.204917438960013,"Human_Breast_Andersson_10142021_ST_G1"
"Human_Breast_Andersson_10142021_ST_G1_16x12",0.186469325815207,0.134168746804055,0.0125807835181534,0.0855014206843565,0.131253765031865,0.14394218404221,0.0868161084118795,0.117149542067101,0.102118123625173,"Human_Breast_Andersson_10142021_ST_G1"
"Human_Breast_Andersson_10142021_ST_G1_16x13",0.152582244572691,0.20410922878958,0.124867976211236,0.0510628440343857,0.0230831402532188,0.189185766501025,0.0288756016313876,0.0105723631983822,0.215660834808094,"Human_Breast_Andersson_10142021_ST_G1"
"Human_Breast_Andersson_10142021_ST_G1_16x14",0.324309933574778,0.0716974728195854,0.112835351893686,0.143136580199118,0.0563786867880529,0.0746791805217486,0.0320921055287327,0.0272210980507088,0.15764959062359,"Human_Breast_Andersson_10142021_ST_G1"
"Human_Breast_Andersson_10142021_ST_G1_16x15",0.41615646045374,0.164828541053532,0.0589331396456779,0.0442686477258496,0.0487760074828655,0.0382635188204063,0.0774177098099763,0.0197555046363217,0.131600470371631,"Human_Breast_Andersson_10142021_ST_G1"
"Human_Breast_Andersson_10142021_ST_G1_16x16",0.14665861676721,0.217116660284936,0.256212636966146,0.0759001741855296,0.0339291914499072,0.135041421202796,0.0496746227136084,0.0299681989091238,0.0554984775207424,"Human_Breast_Andersson_10142021_ST_G1"
"Human_Breast_Andersson_10142021_ST_G1_16x17",0.348784840795825,0.152572478194408,0.0119613225495108,0.0199283099154712,0.0465034603527332,0.110847306741924,0.195227829362787,0.0491673250383051,0.0650071270490352,"Human_Breast_Andersson_10142021_ST_G1"
"Human_Breast_Andersson_10142021_ST_G1_16x18",0.136453658481111,0.170770026794761,0.234693046105574,0.00938860450288764,0.00400639834663003,0.1381964744577,0.055298894795843,0.121498460631608,0.129694435883885,"Human_Breast_Andersson_10142021_ST_G1"
"Human_Breast_Andersson_10142021_ST_G1_16x19",0.221981828437091,0.154061485643367,0.0527153417167252,0.042738529961418,0.139153594437934,0.163039518826102,0.0605372049239562,0.091456523338414,0.0743159727149935,"Human_Breast_Andersson_10142021_ST_G1"
"Human_Breast_Andersson_10142021_ST_G1_16x20",0.173752128618863,0.221052745047451,0.0534429871636159,0.0538035763856976,0.0440991197677198,0.158611289456855,0.0991980802305513,0.0265310486849568,0.16950902464429,"Human_Breast_Andersson_10142021_ST_G1"
"Human_Breast_Andersson_10142021_ST_G1_16x21",0.199820474050012,0.182993135436974,0.137660379582394,0.0246562491087505,0.0253785833711623,0.141757887654173,0.0760160711356388,0.029807941100001,0.181909278560895,"Human_Breast_Andersson_10142021_ST_G1"
"Human_Breast_Andersson_10142021_ST_G1_16x22",0.105489151008584,0.194573341954815,0.12604969559871,0.0778553015458803,0.0312601599483913,0.0764861659584071,0.0611076904815365,0.162408753913305,0.16476973959037,"Human_Breast_Andersson_10142021_ST_G1"
"Human_Breast_Andersson_10142021_ST_G1_16x23",0.139958012553612,0.140992312827219,0.0574893375244794,0.0668314318860734,0.0770386238872459,0.0780995255360593,0.0651294336571712,0.148616165987075,0.225845156141065,"Human_Breast_Andersson_10142021_ST_G1"
"Human_Breast_Andersson_10142021_ST_G1_16x24",0.199888813245189,0.151436450103521,0.0215205750291311,0.0231905276865213,0.0560833905423672,0.100641053644451,0.0772032488746821,0.075605279426013,0.294430661448124,"Human_Breast_Andersson_10142021_ST_G1"
"Human_Breast_Andersson_10142021_ST_G1_16x25",0.135622615572687,0.205703712409481,0.145828156618913,0.0222571669506097,0.089931455992316,0.0446781227165784,0.0956684406942344,0.190803083506152,0.069507245539028,"Human_Breast_Andersson_10142021_ST_G1"
"Human_Breast_Andersson_10142021_ST_G1_16x26",0.139960257050469,0.249949157870276,0.0622515991660622,0.0998075627010827,0.187530670731901,0.078290218515719,0.0384647729321661,0.0217195825839143,0.12202617844841,"Human_Breast_Andersson_10142021_ST_G1"
"Human_Breast_Andersson_10142021_ST_G1_16x27",0.268644443455957,0.163645160304563,0.410296840825664,0.00231268534005863,0.00962963296442232,0.0470647226128375,0.0304303758322911,0.0310828399713593,0.0368932986928473,"Human_Breast_Andersson_10142021_ST_G1"
"Human_Breast_Andersson_10142021_ST_G1_16x7",0.181015888672002,0.232894121920804,0.0112194831832056,0.139039730172261,0.0321483581093403,0.107966171734408,0.0180731731342686,0.208097899871854,0.0695451732018562,"Human_Breast_Andersson_10142021_ST_G1"
"Human_Breast_Andersson_10142021_ST_G1_16x8",0.203978709067889,0.121146336308347,0.095878628789233,0.0228650154412242,0.0758647767149391,0.105076036128129,0.0409803547455009,0.264428903060933,0.0697812397438045,"Human_Breast_Andersson_10142021_ST_G1"
"Human_Breast_Andersson_10142021_ST_G1_16x9",0.395193204158067,0.0861850766854614,0.151141330713788,0.0229091492610517,0.0178918846102762,0.0735295028066885,0.0562496062052346,0.041849915304263,0.155050330255169,"Human_Breast_Andersson_10142021_ST_G1"
"Human_Breast_Andersson_10142021_ST_G1_17x10",0.150355162002618,0.0942943436117864,0.0964228753694812,0.00903975167783996,0.0071029276612861,0.12360594781816,0.0228604287449791,0.377005157330913,0.119313405782936,"Human_Breast_Andersson_10142021_ST_G1"
"Human_Breast_Andersson_10142021_ST_G1_17x11",0.175066020323612,0.12704659835012,0.071730108254362,0.0316793201624993,0.0222366293537323,0.142926105742687,0.0151638712966349,0.336721773591726,0.0774295729246265,"Human_Breast_Andersson_10142021_ST_G1"
"Human_Breast_Andersson_10142021_ST_G1_17x12",0.279223202765916,0.24456151307667,0.053127192171934,0.0543600483326813,0.0827471797300787,0.153136775694548,0.0108283989514603,0.0902816163395114,0.0317340729372006,"Human_Breast_Andersson_10142021_ST_G1"
"Human_Breast_Andersson_10142021_ST_G1_17x13",0.0938111648616074,0.40048443474692,0.0450898387400461,0.0243160987458415,0.0509952217779193,0.223000292484405,0.0617843152430889,0.0122189430040388,0.0882996903961332,"Human_Breast_Andersson_10142021_ST_G1"
"Human_Breast_Andersson_10142021_ST_G1_17x14",0.246083056860542,0.175749275474874,0.0915894628595898,0.0211179574543333,0.124490398222123,0.111351461391849,0.0675453497210731,0.0714059465260363,0.0906670914895795,"Human_Breast_Andersson_10142021_ST_G1"
"Human_Breast_Andersson_10142021_ST_G1_17x15",0.295843700591175,0.176386637162201,0.175601360057794,0.0868610508387225,0.047618087693266,0.108773890763653,0.0350135166991527,0.0414927507133023,0.032409005480733,"Human_Breast_Andersson_10142021_ST_G1"
"Human_Breast_Andersson_10142021_ST_G1_17x16",0.114314460817028,0.0677245325310991,0.261449507976237,0.0276820833231238,0.0463841240816322,0.223041652940122,0.0651861445164623,0.0374096210511953,0.1568078727631,"Human_Breast_Andersson_10142021_ST_G1"
"Human_Breast_Andersson_10142021_ST_G1_17x17",0.399024749704475,0.078767252614393,0.118082635678322,0.0253531493582813,0.0590436734792441,0.0729239304989008,0.0793398361006219,0.0849054253288299,0.0825593472369316,"Human_Breast_Andersson_10142021_ST_G1"
"Human_Breast_Andersson_10142021_ST_G1_17x18",0.0872443629606727,0.164906779547807,0.13558465130334,0.0387216127231738,0.0890852772864692,0.135893528863778,0.0481650044864243,0.220935139307431,0.0794636435209043,"Human_Breast_Andersson_10142021_ST_G1"
"Human_Breast_Andersson_10142021_ST_G1_17x19",0.234431304870839,0.167693137402461,0.0917726712947833,0.0523438815714346,0.043597011164601,0.164290564659433,0.0780290190139648,0.04124035681463,0.126602053207853,"Human_Breast_Andersson_10142021_ST_G1"
"Human_Breast_Andersson_10142021_ST_G1_17x20",0.243010601221788,0.0884077632507897,0.0694391874656028,0.0394442858509356,0.0915480043747967,0.171731339134117,0.0870233574419763,0.0632390415560922,0.146156419703901,"Human_Breast_Andersson_10142021_ST_G1"
"Human_Breast_Andersson_10142021_ST_G1_17x21",0.31305305683143,0.145743141307088,0.0957426599192719,0.0276427227927119,0.0355449385290187,0.0670631530027697,0.0356062891160826,0.162540485992171,0.117063552509455,"Human_Breast_Andersson_10142021_ST_G1"
"Human_Breast_Andersson_10142021_ST_G1_17x22",0.177110417732695,0.16926139703044,0.0499364327803593,0.045035083836228,0.0554250909351918,0.0536413350766703,0.0876881486130045,0.211729387113639,0.150172706881773,"Human_Breast_Andersson_10142021_ST_G1"
"Human_Breast_Andersson_10142021_ST_G1_17x23",0.181346412599284,0.114072537668706,0.0435922192545534,0.0962956078771477,0.0585430344440402,0.0767795017136866,0.11299252647197,0.092025469409283,0.224352690561329,"Human_Breast_Andersson_10142021_ST_G1"
"Human_Breast_Andersson_10142021_ST_G1_17x24",0.201432736543258,0.112001831322966,0.0555847430487142,0.0355907342955127,0.0762053886274166,0.0744048447309418,0.0946262179740141,0.112631978230832,0.237521525226345,"Human_Breast_Andersson_10142021_ST_G1"
"Human_Breast_Andersson_10142021_ST_G1_17x25",0.145384726642814,0.186942529112074,0.0426980182782958,0.0381961663907314,0.0381047030664992,0.0639009713690252,0.155639817438467,0.188722075631399,0.140410992070694,"Human_Breast_Andersson_10142021_ST_G1"
"Human_Breast_Andersson_10142021_ST_G1_17x26",0.214226318935982,0.17941010581392,0.0805547399965185,0.0702663627250148,0.109553212259991,0.0456474852497559,0.0896157792822548,0.0964810286118452,0.114244967124718,"Human_Breast_Andersson_10142021_ST_G1"
"Human_Breast_Andersson_10142021_ST_G1_17x27",0.203547921698193,0.286393352882549,0.1127281888498,0.0193599287904024,0.0377324043091547,0.105020897801946,0.0363532154684868,0.0698080573885309,0.129056032810938,"Human_Breast_Andersson_10142021_ST_G1"
"Human_Breast_Andersson_10142021_ST_G1_17x7",0.274948243749645,0.143440746329356,0.0723389754374866,0.0136032783889789,0.082928049414018,0.0303408198137386,0.0124266224358364,0.35691466362643,0.0130586008045104,"Human_Breast_Andersson_10142021_ST_G1"
