"","Endothelial","CAFs","PVL","B-cells","T-cells","Myeloid","Normal Epithelial","Plasmablasts","Cancer Epithelial","sid"
"GSE210616_GSM6433602_AAACCGGGTAGGTACC-1",0.0841711926147752,0.0738378586068822,0.0453139247150736,0.129984438395287,0.0613606477185965,0.110476610557293,0.286515836340194,0.00149147466534657,0.206848016386552,"GSE210616_GSM6433602"
"GSE210616_GSM6433602_AAACCGTTCGTCCAGG-1",0.199895687051048,0.0764874637760004,0.0849639820147732,0.0742081837736651,0.0418694698137662,0.102817992596626,0.229107140773668,0.00451925798524747,0.186130822215206,"GSE210616_GSM6433602"
"GSE210616_GSM6433602_AAACGAGACGGTTGAT-1",0.100610160296093,0.0658706766856468,0.0284761641289469,0.00982627566585905,0.0161082690170818,0.28099637357369,0.351612037279132,0.00382278186848473,0.142677261485065,"GSE210616_GSM6433602"
"GSE210616_GSM6433602_AAACTGCTGGCTCCAA-1",0.0835351043449198,0.0833524831104773,0.0525226625545028,0.0218683639245531,0.0131702264787221,0.200747830343811,0.330021502929902,0.00245607617076321,0.212325750142349,"GSE210616_GSM6433602"
"GSE210616_GSM6433602_AAAGACCCAAGTCGCG-1",0.0768541963384343,0.0782227331573844,0.0538971401550809,0.0534408762040735,0.0931697908645539,0.109476243864215,0.244923253275193,0.0035807169239524,0.286435049217113,"GSE210616_GSM6433602"
"GSE210616_GSM6433602_AAAGGCTACGGACCAT-1",0.107583655746511,0.0509469519509039,0.0142564189392761,0.0498645864320958,0.070236686114174,0.115339262969229,0.417989282587994,0.0128289674581479,0.160954187801668,"GSE210616_GSM6433602"
"GSE210616_GSM6433602_AAAGGCTCTCGCGCCG-1",0.0669382376668144,0.0765255590963659,0.0245029273819028,0.0151008711178776,0.0556963232292439,0.133286493842566,0.41504698509,0.000378494595219396,0.212524107980009,"GSE210616_GSM6433602"
"GSE210616_GSM6433602_AAAGGGATGTAGCAAG-1",0.0487058783029128,0.166379092124199,0.0293300744664187,0.191355225632959,0.0701252005793058,0.0939435292913901,0.216742193468787,0.000832071986369911,0.182586734147658,"GSE210616_GSM6433602"
"GSE210616_GSM6433602_AAAGGGCAGCTTGAAT-1",0.0682632991026395,0.063398896809024,0.0413805650260562,0.0292279070568654,0.0460679195393095,0.125084575550192,0.424134852277492,0.00690512751570992,0.195536857122712,"GSE210616_GSM6433602"
"GSE210616_GSM6433602_AAAGTCACTGATGTAA-1",0.0812360818947401,0.0748014417969487,0.0328575786478671,0.0540977188517404,0.0665436528934186,0.0905121277859911,0.364432090025957,0.00292841331797433,0.232590894785363,"GSE210616_GSM6433602"
"GSE210616_GSM6433602_AAATACCTATAAGCAT-1",0.113659484952297,0.0752291840131736,0.0236971481536042,0.016308829018646,0.0436144234617813,0.143158856256357,0.409238732808352,0.00368582714874354,0.171407514187045,"GSE210616_GSM6433602"
"GSE210616_GSM6433602_AAATAGGGTGCTATTG-1",0.0862764344644519,0.0528578733153602,0.016549173542924,0.0658680824305203,0.0573092238938355,0.105248441518973,0.427466134030339,0.00221040800803124,0.186214228795565,"GSE210616_GSM6433602"
"GSE210616_GSM6433602_AAATCGTGTACCACAA-1",0.0690337337536693,0.0712890658097479,0.031059157835495,0.0474077132680678,0.0172200401840894,0.19917118496323,0.368446217805777,0.00515828582689764,0.191214600553026,"GSE210616_GSM6433602"
"GSE210616_GSM6433602_AAATGCTCGTTACGTT-1",0.0835665874228953,0.150497573821395,0.0425336573175883,0.142447389089635,0.0581006407050943,0.119186384914143,0.184523748002346,0.00165380796604631,0.217490210760857,"GSE210616_GSM6433602"
"GSE210616_GSM6433602_AAATGGCATGTCTTGT-1",0.0648320281306626,0.0293635159893011,0.0139080746855144,0.343320373824221,0.0811351745809212,0.0710599303606868,0.203057359588867,0.00377147454601864,0.189552068293808,"GSE210616_GSM6433602"
"GSE210616_GSM6433602_AAATGGTCAATGTGCC-1",0.0714113329015434,0.107970220689751,0.0313698213342311,0.0311900569200367,0.0438666610891657,0.116680255447818,0.399067255073024,0.00244527716344783,0.195999119380982,"GSE210616_GSM6433602"
"GSE210616_GSM6433602_AAATTAACGGGTAGCT-1",0.0829253934914491,0.0857787203914906,0.0700922889589274,0.0284048206886064,0.0497845694930497,0.118872570299286,0.244250128403714,0.00318721363904646,0.31670429463443,"GSE210616_GSM6433602"
"GSE210616_GSM6433602_AAATTGATAGTCCTTT-1",0.0685848130716628,0.0507671546329241,0.0224592626325815,0.0868814303847243,0.0671138032806384,0.141501960009509,0.415472771519294,0.00323102753022104,0.143987776938445,"GSE210616_GSM6433602"
"GSE210616_GSM6433602_AAATTTGCGGGTGTGG-1",0.0465962793987231,0.047419057616137,0.0393041931053904,0.101691087957885,0.0749325516496297,0.0847261292792784,0.292438117745341,0.00529884433636023,0.307593738911254,"GSE210616_GSM6433602"
"GSE210616_GSM6433602_AACAACTGGTAGTTGC-1",0.090561315128,0.148405081909259,0.0544379379866235,0.0374212608193793,0.0259423514126877,0.218589963044958,0.235269383481859,0.00117696733069194,0.188195738886541,"GSE210616_GSM6433602"
"GSE210616_GSM6433602_AACAATACATTGTCGA-1",0.116428114505978,0.0539467900255974,0.0127212751647586,0.031188228875943,0.0460209223276556,0.148902523926159,0.478902103235812,0.00261455939158607,0.10927548254651,"GSE210616_GSM6433602"
"GSE210616_GSM6433602_AACAATTACTCTACGC-1",0.0614603226249832,0.0908525899255563,0.0431272372511686,0.0543323617957866,0.0676118960846224,0.105952601970646,0.325731272842427,0.00404962211105723,0.246882095393752,"GSE210616_GSM6433602"
"GSE210616_GSM6433602_AACAGGAAATCGAATA-1",0.0662549203427889,0.0965753145772228,0.0755607875423264,0.0377472067483443,0.0568177297816477,0.0892288494785138,0.322753931451579,0.00436258170187371,0.250698678375703,"GSE210616_GSM6433602"
"GSE210616_GSM6433602_AACAGGATGGGCCGCG-1",0.0695937346424606,0.0544824648076745,0.0359583999922916,0.065102760148165,0.0350204482730194,0.132680737116468,0.353509139703813,0.0200182399250343,0.233634075391073,"GSE210616_GSM6433602"
"GSE210616_GSM6433602_AACCAAGACTTCTCTG-1",0.0574465930174942,0.0581093129907523,0.0274258034111146,0.0357796995172061,0.0432814308817613,0.139782137245821,0.403992155274825,0.000790371269540431,0.233392496391485,"GSE210616_GSM6433602"
"GSE210616_GSM6433602_AACCATGGGATCGCTA-1",0.0645556425695336,0.0740530258721412,0.0427265857610507,0.17701298153291,0.130316464238727,0.0818563914803379,0.183761777405652,0.00905300579566519,0.236664125343982,"GSE210616_GSM6433602"
"GSE210616_GSM6433602_AACCCAGAGACGGAGA-1",0.0628411361564922,0.0472651788305924,0.0344584484571718,0.115934254294236,0.119186125845873,0.118190336262141,0.202257087221616,0.0104834003459405,0.289384032585937,"GSE210616_GSM6433602"
"GSE210616_GSM6433602_AACCGAGCTTGGTCAT-1",0.137390858558462,0.0651733275331519,0.0684519035112326,0.115388270423681,0.0373785084294817,0.129708051910354,0.235874419675268,0.00278036669528911,0.20785429326308,"GSE210616_GSM6433602"
"GSE210616_GSM6433602_AACCGTTGTGTTTGCT-1",0.0777906115080803,0.0365738834531891,0.0301096630759624,0.268449121956574,0.0651492044455173,0.0799260425122963,0.279506421044286,0.0035284477394917,0.158966604264603,"GSE210616_GSM6433602"
"GSE210616_GSM6433602_AACCTTTAAATACGGT-1",0.0649018564829809,0.113670312555438,0.0464381601250634,0.0341684953095317,0.0209019551787701,0.153608768470872,0.37185049188812,0.0110714089393885,0.183388551049835,"GSE210616_GSM6433602"
"GSE210616_GSM6433602_AACGATAATGCCGTAG-1",0.103332422291323,0.0826978586137451,0.0407514562340344,0.0431779718415005,0.0462236213931123,0.157430188793014,0.27176762149257,0.000729703469630454,0.25388915587107,"GSE210616_GSM6433602"
"GSE210616_GSM6433602_AACGATAGAAGGGCCG-1",0.0765885543032194,0.0990056121117546,0.0679906861759596,0.0898593426744806,0.0860098135082719,0.0675137482031863,0.234270060332728,0.0100616486568593,0.268700534033541,"GSE210616_GSM6433602"
"GSE210616_GSM6433602_AACGATATGTCAACTG-1",0.0822337100732836,0.0437550312169868,0.0271166021021988,0.145241224220619,0.0648993848939672,0.118980003541863,0.282336818514617,0.00476385617524006,0.230673369261225,"GSE210616_GSM6433602"
"GSE210616_GSM6433602_AACGCGAACGGCAACA-1",0.0830975983402162,0.0543815137378066,0.0829824054867414,0.0290895949612167,0.0538420735134112,0.127552315649407,0.313554638116528,0.00452312466350965,0.250976735531163,"GSE210616_GSM6433602"
"GSE210616_GSM6433602_AACGCGGTCTCCAGCC-1",0.0687084081493918,0.0412310639542705,0.0385373668991789,0.253054788767963,0.0839408187697573,0.0817415838169948,0.211162217494794,0.00266464508341834,0.218959107064231,"GSE210616_GSM6433602"
"GSE210616_GSM6433602_AACGGCCATCTCCGGT-1",0.0575654269167295,0.0431444536558099,0.0541830588367897,0.0395901896136947,0.0429760128571442,0.134002644308086,0.396052171607804,0.00137475421335768,0.231111287990584,"GSE210616_GSM6433602"
"GSE210616_GSM6433602_AACGTACTGTGGGTAC-1",0.0936103281534467,0.0935103661455693,0.0495163649403412,0.0292213773533429,0.0418648780218558,0.153034930447475,0.321802364955891,0.00779543078429081,0.209643959197787,"GSE210616_GSM6433602"
"GSE210616_GSM6433602_AACGTCAGACTAGTGG-1",0.076435949218025,0.213892098423839,0.0498641723711126,0.0502563510237933,0.0463094644748996,0.115666259685158,0.275435304746427,0.00238251538643471,0.169757884670311,"GSE210616_GSM6433602"
"GSE210616_GSM6433602_AACGTGCGAAAGTCTC-1",0.084891681189443,0.0613611984435591,0.0391312951663781,0.0215435371134814,0.0365550150338744,0.18285624201613,0.304502353374921,0.00171847564623785,0.267440202015975,"GSE210616_GSM6433602"
"GSE210616_GSM6433602_AACTAGCGTATCGCAC-1",0.0820609752055702,0.0425750757959699,0.0653176384269956,0.125819101528292,0.118614009033387,0.147884486937424,0.12091163225907,0.0110172742146958,0.285799806598595,"GSE210616_GSM6433602"
"GSE210616_GSM6433602_AACTAGGCTTGGGTGT-1",0.131848812074981,0.0689412673861719,0.138841190321715,0.0361793572819149,0.0268223072159428,0.0799314401004336,0.262522523709011,0.00370146978399306,0.251211632125836,"GSE210616_GSM6433602"
"GSE210616_GSM6433602_AACTCAAGTTAATTGC-1",0.0715783365525918,0.0668823625188827,0.0147007685569177,0.0219864002621139,0.0282501955683992,0.121944850080771,0.481785396494035,0.000943098501577028,0.191928591464712,"GSE210616_GSM6433602"
"GSE210616_GSM6433602_AACTCGATGGCGCAGT-1",0.0764455719312091,0.0699786124022243,0.0570683851763323,0.042145390136155,0.0501509702786514,0.0994851196849645,0.257233349728257,0.0438091493479798,0.303683451314227,"GSE210616_GSM6433602"
"GSE210616_GSM6433602_AACTCTCAATAGAGCG-1",0.0302710386401467,0.499836926181959,0.0768708780146126,0.0342309891897424,0.0157217171006884,0.0930189624260239,0.180712426213015,0.00376052682537218,0.0655765354084406,"GSE210616_GSM6433602"
"GSE210616_GSM6433602_AACTCTCAGTGTGCTC-1",0.0818458485172707,0.0513252547086389,0.033874297174834,0.093171134762715,0.0745076282107657,0.108998823607958,0.37737616992278,0.00121779627123266,0.177683046823805,"GSE210616_GSM6433602"
"GSE210616_GSM6433602_AACTGATATTAGGCCT-1",0.0462278010908763,0.0670408618344456,0.0493045490574171,0.237833015732696,0.0635758560838615,0.102727060599215,0.253801090517912,0.00419630761224523,0.175293457471331,"GSE210616_GSM6433602"
"GSE210616_GSM6433602_AACTGGGTCCCGACGT-1",0.0560511922585678,0.0769415471417412,0.0534461569998623,0.138330157752592,0.0591268355932024,0.164846738787044,0.196803823852741,0.00237614841513384,0.252077399199116,"GSE210616_GSM6433602"
"GSE210616_GSM6433602_AACTGGTGTGGGCCTT-1",0.103749259015402,0.0510507643564273,0.0625915237903521,0.0458423558866905,0.0641155109890617,0.110216646543171,0.279959022491942,0.00736652644311705,0.275108390483836,"GSE210616_GSM6433602"
"GSE210616_GSM6433602_AACTTGCCCGTATGCA-1",0.0781290753321792,0.0558073566367789,0.0237153159309622,0.0665871950889525,0.0449840936014353,0.126051000221635,0.39446851101856,0.00178722055969527,0.208470231609801,"GSE210616_GSM6433602"
"GSE210616_GSM6433602_AACTTTAGCTGCTGAG-1",0.0725270308729321,0.0265645170138255,0.0860330224373263,0.151386124950642,0.11350815615957,0.128907550993261,0.130259013518056,0.0140150182132584,0.276799565841129,"GSE210616_GSM6433602"
"GSE210616_GSM6433602_AAGAAGGATCAGTTAG-1",0.068352424745186,0.0793483405269807,0.0469971828267411,0.11363712399403,0.067345793470255,0.0915197986371707,0.286727451090009,0.00582011694524059,0.240251767764386,"GSE210616_GSM6433602"
"GSE210616_GSM6433602_AAGACCCAACTGAACA-1",0.110718413002054,0.0527748027090619,0.0256824506220908,0.0269596646533854,0.0407345165036636,0.117271149265745,0.436305682316405,0.00263058028204622,0.186922740645548,"GSE210616_GSM6433602"
"GSE210616_GSM6433602_AAGACTGCAAGCTACT-1",0.0723595875733549,0.0758424988660479,0.0354260722688463,0.0193106004870143,0.0250850706979717,0.198653862262659,0.362379000028746,0.00263759268963351,0.208305715125727,"GSE210616_GSM6433602"
"GSE210616_GSM6433602_AAGAGATGAATCGGTA-1",0.0795201783839103,0.0657012419558454,0.0316144159657312,0.019431315526232,0.0453210880667659,0.155987600858677,0.362186510428518,0.00323218420529311,0.237005464609027,"GSE210616_GSM6433602"
"GSE210616_GSM6433602_AAGAGCTCTTTATCGG-1",0.121870716557279,0.0711008380062422,0.0264000519846818,0.00254561597780881,0.00584244908773419,0.195963201423096,0.387837619945538,0.00323614579537547,0.185203361222244,"GSE210616_GSM6433602"
"GSE210616_GSM6433602_AAGAGGATGTACGCGA-1",0.0912800470314877,0.0599102312804914,0.0323710718643908,0.0511349247271082,0.0739554710451245,0.10840502777235,0.275782341462954,0.00612897258884922,0.301031912227245,"GSE210616_GSM6433602"
"GSE210616_GSM6433602_AAGAGGCATGGATCGC-1",0.121239483650583,0.0707572273120381,0.0269076763496572,0.0185737395096434,0.0381932688292134,0.153865345407954,0.374604206896082,0.00251412201964275,0.193344930025186,"GSE210616_GSM6433602"
"GSE210616_GSM6433602_AAGATGGCACCGGACC-1",0.0976219497347847,0.0553218900211261,0.0344834643987633,0.0292615063186355,0.0247265975613744,0.122328379628038,0.444914138389296,0.000505155462975403,0.190836918485006,"GSE210616_GSM6433602"
"GSE210616_GSM6433602_AAGCATACTCTCCTGA-1",0.0642912927897255,0.0714611340549768,0.030945245578883,0.0413365156108895,0.0366779616620015,0.114476251942692,0.367868204065652,0.0017812640524635,0.271162130242716,"GSE210616_GSM6433602"
"GSE210616_GSM6433602_AAGCGTCCCTCATCGA-1",0.0805688678973105,0.0665839976165842,0.00930602377045087,0.0376540379349595,0.06236352700732,0.119877420818492,0.462986440328638,0.000378904189861849,0.160280780436384,"GSE210616_GSM6433602"
"GSE210616_GSM6433602_AAGCTAGATCGAGTAA-1",0.174043751727169,0.0657128464986818,0.0167759037305953,0.0340586414003991,0.0440858882962285,0.0763467083355305,0.40967323262068,0.0147596879992174,0.164543339391499,"GSE210616_GSM6433602"
"GSE210616_GSM6433602_AAGCTCGTGCCAAGTC-1",0.0714225097187409,0.064892381964251,0.0355352065371148,0.0140386119066701,0.0171172698236814,0.157395575593946,0.416275186561737,0.00103302972154534,0.222290228172314,"GSE210616_GSM6433602"
"GSE210616_GSM6433602_AAGGAGCGGTTGGTGC-1",0.0759336654138801,0.141522915491271,0.0864116583881512,0.0722805312931057,0.0480931676125839,0.148576344547993,0.267167599888225,0.00122819271887532,0.158785924645916,"GSE210616_GSM6433602"
"GSE210616_GSM6433602_AAGGCGCGTAAAGCTT-1",0.0983863609468223,0.187409459174085,0.0542256009182264,0.0709735327480874,0.0268825635854559,0.126100427252973,0.19738976322978,0.00034691416125128,0.238285377983319,"GSE210616_GSM6433602"
"GSE210616_GSM6433602_AAGGCTGTGCTCATCG-1",0.0792731353440272,0.161075907706897,0.0852988454793335,0.0254125810709985,0.0353656805473656,0.127813031405286,0.200665021031635,0.00859843774547083,0.276497359668986,"GSE210616_GSM6433602"
"GSE210616_GSM6433602_AAGGTATCCTAATATA-1",0.0720505089518806,0.0606422145200612,0.0176059193789543,0.0578178099026311,0.0418286363230748,0.130535543671888,0.462718095779512,0.00140129663969974,0.155399974832298,"GSE210616_GSM6433602"
"GSE210616_GSM6433602_AAGTAGAAGACCGGGT-1",0.0812409434074001,0.0891839068493123,0.0515794884251932,0.0703886217716538,0.0460848808201119,0.140986347646256,0.272221878808524,0.025028650410443,0.223285281861105,"GSE210616_GSM6433602"
"GSE210616_GSM6433602_AAGTAGTGACGCGAGG-1",0.0717670906757681,0.0493890831990157,0.0284536937698677,0.0661258370051675,0.0599697486787298,0.115380758082551,0.390979334658755,0.0027576821894619,0.215176771740683,"GSE210616_GSM6433602"
"GSE210616_GSM6433602_AAGTGACGACCGAATT-1",0.0882035488519354,0.0430228326119236,0.0308786195527501,0.217040991330961,0.0795212768518408,0.0850423722947983,0.232208161073003,0.00192990170289727,0.22215229572989,"GSE210616_GSM6433602"
"GSE210616_GSM6433602_AAGTGAGTCGGGTTTA-1",0.0712380498666439,0.125138490421732,0.0734542782462031,0.0330230103787027,0.0323606880669337,0.179504173802336,0.274497447246042,0.000543575859689166,0.210240286111718,"GSE210616_GSM6433602"
"GSE210616_GSM6433602_AAGTGTTTGGAGACGG-1",0.0829250660097404,0.0549524557601686,0.0124837251557006,0.0566554796461092,0.0872939703149888,0.109619149793697,0.414945355780002,0.00221916831388368,0.17890562922571,"GSE210616_GSM6433602"
"GSE210616_GSM6433602_AAGTTCGGCCAACAGG-1",0.0705074087838488,0.055969353127607,0.0344949685602051,0.0977471094002065,0.0984365489121027,0.096737399283683,0.264876571638534,0.0021811433553086,0.279049496938504,"GSE210616_GSM6433602"
"GSE210616_GSM6433602_AATAACAACGCTCGGC-1",0.113788393781081,0.0652258321220852,0.0165762785890661,0.0440399560280837,0.042793920122482,0.106099345165687,0.41030387361276,0.00418898498685732,0.196983415591897,"GSE210616_GSM6433602"
"GSE210616_GSM6433602_AATAACACTAGAACAA-1",0.089665518684466,0.0876241437710326,0.0342727673696077,0.0179712022643682,0.0112290040139395,0.173217569812096,0.328826699265293,0.00646417492498897,0.250728919894207,"GSE210616_GSM6433602"
"GSE210616_GSM6433602_AATAGAACAGAGTGGC-1",0.0757352672256804,0.063426633633026,0.0233760765814938,0.0436624259365088,0.0389690765164124,0.172392861411355,0.269490636509935,0.0156110287056536,0.297335993479936,"GSE210616_GSM6433602"
"GSE210616_GSM6433602_AATAGAATCTGTTTCA-1",0.071795555134283,0.0833012666478876,0.0205244090687063,0.0356178630351091,0.0362560791781623,0.164249271025841,0.417585497527199,0.000456536726125008,0.170213521656687,"GSE210616_GSM6433602"
"GSE210616_GSM6433602_AATAGTCCGTCCCGAC-1",0.104519081975241,0.0800002873383447,0.0542422134310066,0.0222701680879038,0.0340152963319422,0.137695400239497,0.326035622621014,0.00449612362043623,0.236725806354615,"GSE210616_GSM6433602"
"GSE210616_GSM6433602_AATATCAAGGTCGGAT-1",0.0576786424066863,0.0492724960087473,0.0437451773168618,0.044001693516378,0.0584792859527782,0.135960717748051,0.264840831460172,0.0170834598331479,0.328937695757178,"GSE210616_GSM6433602"
"GSE210616_GSM6433602_AATCCAAGGGCCTGAG-1",0.0822079388638102,0.063410164577025,0.0736741705050602,0.0327187189111816,0.0541494730072121,0.0965622636820437,0.242286950165672,0.0240624030508972,0.330927917237098,"GSE210616_GSM6433602"
"GSE210616_GSM6433602_AATCGCCTCAGCGCCA-1",0.118773907408865,0.0569031022467425,0.0147552493471631,0.030858706014879,0.0281267284157826,0.180762764218414,0.394545581224358,0.0219632889094936,0.153310672214303,"GSE210616_GSM6433602"
"GSE210616_GSM6433602_AATGACAGCAATGTCT-1",0.0719674814347731,0.0634816106406833,0.0307854665126736,0.0550094962062741,0.0406964210962246,0.150552063117434,0.377290452333842,0.0029065555495305,0.207310453108565,"GSE210616_GSM6433602"
"GSE210616_GSM6433602_AATGACGTAGGATGTC-1",0.12163583386117,0.0567282792270634,0.0170006103022827,0.0207469081077296,0.0357514444210604,0.104284418648585,0.48345319549117,0.00569067279288377,0.154708637148055,"GSE210616_GSM6433602"
"GSE210616_GSM6433602_AATGACTGTCAGCCGG-1",0.073387124233967,0.105855756077134,0.0550171054232792,0.110844513473256,0.145643719763697,0.0806768075806638,0.149497475317369,0.0033120723127852,0.275765425817849,"GSE210616_GSM6433602"
"GSE210616_GSM6433602_AATGCAACCGGGTACC-1",0.0654393584162,0.109371744868872,0.056683161846378,0.117535952544005,0.0867302572240577,0.0949794695523488,0.250945260050513,0.0025389508765351,0.215775844621091,"GSE210616_GSM6433602"
"GSE210616_GSM6433602_AATGGTTCTCACAAGC-1",0.0952034342555239,0.104088071198229,0.0490093179876404,0.0445584062700002,0.065201231127322,0.083271800617194,0.315562811759856,0.00249455306224476,0.24061037372199,"GSE210616_GSM6433602"
"GSE210616_GSM6433602_AATTAAAGGTCGGCGT-1",0.0847679275534694,0.0666608648309951,0.0535419263906417,0.0311530056238868,0.0352701669154995,0.109592966080267,0.371728629532854,0.00483770871853239,0.242446804353854,"GSE210616_GSM6433602"
"GSE210616_GSM6433602_AATTAACGGATTTCCA-1",0.0939718103691291,0.0719510575617187,0.0202021981660596,0.0465391342523341,0.0295516081636711,0.11709995932008,0.3990294826844,0.00404419557408377,0.217610553908523,"GSE210616_GSM6433602"
"GSE210616_GSM6433602_AATTAGCGCTGCAGCG-1",0.074181119841258,0.0734733292330387,0.0389318109591943,0.0297488298856468,0.026029766025219,0.164531841454204,0.318233869292862,0.00175884313004676,0.27311059017853,"GSE210616_GSM6433602"
"GSE210616_GSM6433602_AATTCTAGAGTTAGGC-1",0.0602441262660977,0.0562148007179006,0.0157974299861389,0.0324577310873003,0.0160315289613432,0.142837121907484,0.445178179525536,0.00403134522173146,0.227207736326467,"GSE210616_GSM6433602"
"GSE210616_GSM6433602_AATTGAACGCTCTGGT-1",0.06217150593993,0.0481985241973757,0.0115063267638405,0.0553043745526241,0.0370714907214182,0.121867738199201,0.44481275004847,0.00084838708999505,0.218218902487146,"GSE210616_GSM6433602"
"GSE210616_GSM6433602_AATTTGGTTCCAAAGA-1",0.06522916001376,0.0451762350842286,0.0340261663924269,0.0744490630822452,0.0835121989377281,0.101567184224635,0.419946256153487,0.00247185230896542,0.173621883802524,"GSE210616_GSM6433602"
"GSE210616_GSM6433602_ACAAATCGCACCGAAT-1",0.0949943575992725,0.0591675931757359,0.0392634201410162,0.048771080989232,0.0356867279808434,0.11447013069084,0.401985252467385,0.000648205270142168,0.205013231685532,"GSE210616_GSM6433602"
"GSE210616_GSM6433602_ACAAATGGTAGTGTTT-1",0.0790147330611455,0.0549943696036922,0.0152901818512105,0.062125929388987,0.0481730994454808,0.125628935589994,0.376896746543728,0.00205576779858434,0.235820236717178,"GSE210616_GSM6433602"
"GSE210616_GSM6433602_ACAACAGCATGAGCTA-1",0.118751278884041,0.0666499816399554,0.0367874108934703,0.00810823502988228,0.017061982456721,0.150741277333706,0.335041059606974,0.00199889681106424,0.264859877344186,"GSE210616_GSM6433602"
"GSE210616_GSM6433602_ACAACGGTCCCTGCGA-1",0.034224402022961,0.0726265736550196,0.0570166025260728,0.00795824489619804,0.0146785851575177,0.106148653659272,0.530819262864998,0.0021858721319369,0.174341803086024,"GSE210616_GSM6433602"
"GSE210616_GSM6433602_ACAAGCAGTGCCTAGC-1",0.0746832548151067,0.0610933785651952,0.0391004766850159,0.0392312600159763,0.0612592787805743,0.122387918403322,0.364496761326159,0.00168647023810926,0.236061201170541,"GSE210616_GSM6433602"
"GSE210616_GSM6433602_ACAAGGAAATCCGCCC-1",0.0764390904906403,0.0643576343703054,0.0110753133567759,0.0385357570287236,0.046087387152105,0.115892383632461,0.428854600669312,0.00134752250022704,0.21741031079945,"GSE210616_GSM6433602"
"GSE210616_GSM6433602_ACAAGGACAAGAGGTT-1",0.0930298684468772,0.0700654452585368,0.0238375584368508,0.0321631349246515,0.0651164571826279,0.147722316449768,0.410904396043536,0.0091190268156518,0.148041796441499,"GSE210616_GSM6433602"
"GSE210616_GSM6433602_ACAAGGGCAGGCTCTG-1",0.141219438934162,0.0641523696240471,0.010611160622433,0.0264552818504661,0.0222126463219335,0.122480453466899,0.470241060300207,0.00352760949315989,0.139099979386693,"GSE210616_GSM6433602"
"GSE210616_GSM6433602_ACAATCCATTTAAACC-1",0.103605024367146,0.0544192242038746,0.0195704813711378,0.0567998370125361,0.0619667692714852,0.0811727206381184,0.411280470464927,0.0327838680406221,0.178401604630152,"GSE210616_GSM6433602"
"GSE210616_GSM6433602_ACAATTTGAGCAGTGG-1",0.0637217143533884,0.0440549099264298,0.0219372616906691,0.115610100649958,0.0839904467920048,0.0619231545737806,0.457066532691671,0.0489144632315837,0.102781416090515,"GSE210616_GSM6433602"
"GSE210616_GSM6433602_ACACAAAGACGGGTGG-1",0.0692915070314253,0.181490315422769,0.07403421598326,0.0733027343185939,0.0413219054631834,0.117311686467607,0.197770284694154,0.0044106783353045,0.241066672283703,"GSE210616_GSM6433602"
"GSE210616_GSM6433602_ACACACTTTCTACACG-1",0.0910894989380208,0.0532456572828121,0.0550088737548994,0.0832926801491685,0.0470785456363235,0.114810076623459,0.259572870770807,0.00546964515780504,0.290432151686705,"GSE210616_GSM6433602"
"GSE210616_GSM6433602_ACACCCAGCATGCAGC-1",0.0466427149226206,0.309871335486941,0.055292672003191,0.0681643782570087,0.0697782273257906,0.12063390038259,0.140758360992207,0.00141776158187693,0.187440649047773,"GSE210616_GSM6433602"
"GSE210616_GSM6433602_ACACCCGAGAAATCCG-1",0.138540058625162,0.34826511357183,0.281118792448676,0.0119542721488451,0.0145386754729088,0.0740120021463906,0.0564662574497765,0.0070697773683127,0.0680350507680983,"GSE210616_GSM6433602"
"GSE210616_GSM6433602_ACACCTTAAGTAGGGC-1",0.0635431530705364,0.0822089799893117,0.0360935487111047,0.122251654686152,0.112589654481971,0.0740572732006679,0.280953346537753,0.00506285326016793,0.223239536062335,"GSE210616_GSM6433602"
"GSE210616_GSM6433602_ACACGAGACTCCTTCT-1",0.0858011685430705,0.0540187244320307,0.0319180424065006,0.062806625387091,0.0433529547713834,0.140702326253637,0.331389586151253,0.00276134841628388,0.24724922363875,"GSE210616_GSM6433602"
"GSE210616_GSM6433602_ACACGGGAACTTAGGG-1",0.0648359534085455,0.0647959432687027,0.0421719098225845,0.0428178454798696,0.0470326076926048,0.139245874575133,0.350515745247708,0.00394751838900078,0.244636602115852,"GSE210616_GSM6433602"
"GSE210616_GSM6433602_ACACTGATCAAGGTGT-1",0.0845514738944061,0.0694000023301836,0.0253091795584219,0.141156653503542,0.0579850682389688,0.160962764348711,0.257536344753056,0.00524918967451232,0.197849323698198,"GSE210616_GSM6433602"
"GSE210616_GSM6433602_ACAGCATAGAGCCAGT-1",0.118637955940145,0.103571678597727,0.114467781007548,0.0482376046103849,0.0541268526749386,0.114301525600403,0.295470562602923,0.00172018527249068,0.149465853693439,"GSE210616_GSM6433602"
"GSE210616_GSM6433602_ACAGGTGGAGGTGAGG-1",0.0920480489918972,0.0728183377228805,0.0206591992034302,0.0282207995220601,0.0353057921460423,0.105259555454442,0.417405686133583,0.000489813724451416,0.227792767101214,"GSE210616_GSM6433602"
"GSE210616_GSM6433602_ACATAATAAGGCGGTG-1",0.0696915511219048,0.0575851725147607,0.0357187208202208,0.218943300202839,0.0682140416786931,0.0948754628271996,0.243384411331364,0.00356530531990831,0.20802203418311,"GSE210616_GSM6433602"
"GSE210616_GSM6433602_ACATCCCGGCCATACG-1",0.0825867793608957,0.0701103233284219,0.0324131069626091,0.0177863539180218,0.026337618900306,0.155340587183644,0.455649758342694,0.00361643313466762,0.15615903886874,"GSE210616_GSM6433602"
"GSE210616_GSM6433602_ACATCGATCGTTTACC-1",0.117330209061362,0.0698255966903576,0.0173417144735326,0.0203669374106874,0.0252663116437812,0.113074544974654,0.452203524695575,0.00316485113417578,0.181426309915874,"GSE210616_GSM6433602"
"GSE210616_GSM6433602_ACATCGGTCAGCCGCG-1",0.0913013218009664,0.068098038041358,0.025455836226068,0.0230633531788795,0.0283332835071343,0.14785800320877,0.397750363083329,0.00172957479537678,0.216410226158118,"GSE210616_GSM6433602"
"GSE210616_GSM6433602_ACATCGTATGCAATGG-1",0.100861761516553,0.0547335867706882,0.0189367405593585,0.0302903674325929,0.0262333945418431,0.131579783553866,0.44129401004849,0.00147382915672497,0.194596526419882,"GSE210616_GSM6433602"
"GSE210616_GSM6433602_ACATTAGTTTATATCC-1",0.0679955352938453,0.0560510724987536,0.0214645234943566,0.0862455550895635,0.0455638356389187,0.106498163141671,0.39802873009746,0.00233441000178254,0.215818174743649,"GSE210616_GSM6433602"
"GSE210616_GSM6433602_ACCAACGCTTATTTAT-1",0.082992733912501,0.0462810379995008,0.0232231355456962,0.12812117232557,0.0460385511853023,0.0984241845708946,0.349387505189624,0.00355106409208397,0.221980615178827,"GSE210616_GSM6433602"
"GSE210616_GSM6433602_ACCAAGAACGCGTGTC-1",0.0755932351115998,0.16590113704335,0.0664981016860383,0.0651800452667581,0.0456351652759735,0.108468540068745,0.190631604541867,0.0077497891097406,0.274342381895928,"GSE210616_GSM6433602"
"GSE210616_GSM6433602_ACCACAAGTTTCTATC-1",0.0712223235419824,0.0665723540651349,0.0412804925868443,0.0759927749073944,0.061460197319795,0.130662090884374,0.305221846184818,0.00293818590077233,0.244649734608885,"GSE210616_GSM6433602"
"GSE210616_GSM6433602_ACCACGTGCAGCTATA-1",0.108548795620432,0.0721949994998966,0.0281007511373192,0.036775304451856,0.059006508030714,0.114333614549598,0.346220792721417,0.0104188884361535,0.224400345552614,"GSE210616_GSM6433602"
"GSE210616_GSM6433602_ACCATATCCGCAATAA-1",0.102955747629113,0.0824224160496412,0.0560296171412058,0.0386117816898601,0.0414974106362369,0.15982277350608,0.269871901111141,0.00550468758436874,0.243283664652353,"GSE210616_GSM6433602"
"GSE210616_GSM6433602_ACCATCGTATATGGTA-1",0.0934557099235899,0.068103726878428,0.0298816541614719,0.0315719070884973,0.0366753848940432,0.147079447611931,0.346376201003788,0.00321395626281142,0.243642012175439,"GSE210616_GSM6433602"
"GSE210616_GSM6433602_ACCCAACGCCCGTGGC-1",0.077361177470352,0.0533641953932516,0.0200070952343901,0.0389162409201081,0.0329702241699146,0.139229879906741,0.425507461421055,0.00164153718255224,0.211002188301635,"GSE210616_GSM6433602"
"GSE210616_GSM6433602_ACCCACCTACATGCTC-1",0.111908643109068,0.0564711056842186,0.0401788992256587,0.062227299993125,0.0282293122383719,0.110787482482977,0.335166682961309,0.00125531908037215,0.253775255224899,"GSE210616_GSM6433602"
"GSE210616_GSM6433602_ACCCATCTTGAGGGTA-1",0.0998394289557132,0.0722399014179371,0.0347657546899809,0.0349066318793377,0.0448415104232186,0.10586639475954,0.379960147284772,0.00299600959367162,0.224584220995828,"GSE210616_GSM6433602"
"GSE210616_GSM6433602_ACCCGGAAACTCCCAG-1",0.0622873625465688,0.082934092560172,0.016913732256792,0.00236713171974299,0.00608476057322895,0.138203245716172,0.480198306822739,0.000807847770376833,0.210203520034207,"GSE210616_GSM6433602"
"GSE210616_GSM6433602_ACCCGGTTACACTTCC-1",0.081239906315509,0.0837840583798825,0.0367130389349699,0.013487923419958,0.0271265355616664,0.119256537665331,0.458653946313308,0.00274107046826771,0.176996982941108,"GSE210616_GSM6433602"
"GSE210616_GSM6433602_ACCCGTGTCATCAGTA-1",0.0741919195199944,0.0607007649728815,0.0302385400685389,0.0570843707424207,0.019832068722099,0.115850652507253,0.415978644351413,0.00448376477878176,0.221639274336618,"GSE210616_GSM6433602"
"GSE210616_GSM6433602_ACCCTATGCCATATCG-1",0.127397093847271,0.0585642190824595,0.0132545887393514,0.112278743913453,0.0291391970665247,0.146522686577807,0.339733727448555,0.00213447313424009,0.170975270190338,"GSE210616_GSM6433602"
"GSE210616_GSM6433602_ACCCTCCCTTGCTATT-1",0.069928020606259,0.0681985588682873,0.0229623215423158,0.225536082966937,0.0526139507941319,0.0837305120960386,0.310301591908083,0.00357001271547771,0.16315894850247,"GSE210616_GSM6433602"
"GSE210616_GSM6433602_ACCCTTCATCTGCGAA-1",0.0720680425829103,0.0436332622125118,0.0443014482318811,0.109324884871946,0.0707737693533713,0.125281667452895,0.254219514929687,0.0062311203486369,0.27416629001616,"GSE210616_GSM6433602"
"GSE210616_GSM6433602_ACCGAAAGGGCCCTGC-1",0.0527707862620317,0.0702574688279112,0.0220079508284727,0.0915536889232101,0.0586365438459318,0.0805950544017501,0.212127864395079,0.0707107584539867,0.341339884061626,"GSE210616_GSM6433602"
"GSE210616_GSM6433602_ACCGACTGAGTCCCAC-1",0.0806241195772634,0.0512247516097882,0.0620003867175454,0.08873933226606,0.0651279351270655,0.0944354152041266,0.2862782964506,0.0023422697670314,0.269227493280519,"GSE210616_GSM6433602"
"GSE210616_GSM6433602_ACCGATGGTAGCATCG-1",0.0635755095436845,0.266953949354776,0.456248428027921,0.0138765512273971,0.0161651685035592,0.0281704169033535,0.0905876708912041,0.000650798174823019,0.0637715073732814,"GSE210616_GSM6433602"
"GSE210616_GSM6433602_ACCGCAATAACTGCCT-1",0.0622257490395914,0.0563827986728601,0.017040952301837,0.0290243521333144,0.0301293145127623,0.112910440356325,0.494716086879887,0.00188157005302845,0.195688736050394,"GSE210616_GSM6433602"
"GSE210616_GSM6433602_ACCGTGACCACGTGGG-1",0.113883735610372,0.0419372071896957,0.0232757204967971,0.0488272216069824,0.04180111646973,0.115718948629219,0.491757616885975,0.00160072420344502,0.121197708907784,"GSE210616_GSM6433602"
"GSE210616_GSM6433602_ACCTAAGTACCTTTCA-1",0.0682705550659927,0.0667592561274855,0.0323538257699923,0.0260442240311902,0.0521260683330523,0.123019341722497,0.449046871757777,0.00202736617855597,0.180352491013457,"GSE210616_GSM6433602"
"GSE210616_GSM6433602_ACCTAATCGACTTCCT-1",0.0707830177075965,0.0588015610889408,0.023942532687421,0.0981069826878512,0.0639729059531183,0.0970605276678528,0.356421014787894,0.00893611310636837,0.221975344312957,"GSE210616_GSM6433602"
"GSE210616_GSM6433602_ACGAAATGGGCGGCAC-1",0.0622192164507958,0.0469560452986482,0.0266392148195466,0.152425496594137,0.069959176169382,0.0875335678343357,0.321759429253873,0.00454681676303589,0.227961036816246,"GSE210616_GSM6433602"
"GSE210616_GSM6433602_ACGAGAACCCATCACG-1",0.063094929332096,0.0306419474624842,0.0507274294945091,0.224212602272297,0.0918543539178471,0.0467321329061137,0.191011595838207,0.0207804992524163,0.28094450952403,"GSE210616_GSM6433602"
"GSE210616_GSM6433602_ACGATACATAGAACTA-1",0.104348224795792,0.0695352660757055,0.0329563543899815,0.0708011544709392,0.0532728737841097,0.0997939573238201,0.372356118065106,0.00390460550877132,0.193031445585774,"GSE210616_GSM6433602"
"GSE210616_GSM6433602_ACGATCATACATAGAG-1",0.0701395755571909,0.0997601994689323,0.0388477127999991,0.126477256959922,0.073532360559148,0.127458006813057,0.232115619547621,0.00108556321974916,0.23058370507438,"GSE210616_GSM6433602"
"GSE210616_GSM6433602_ACGATGCATATGTTAT-1",0.0726591292344333,0.0552728488418788,0.0291065685309019,0.0336682714033853,0.0455928954621991,0.10289127133156,0.470348340332846,0.00211995103269641,0.1883407238301,"GSE210616_GSM6433602"
"GSE210616_GSM6433602_ACGCAAACTAATAGAT-1",0.177074119729628,0.130538593059239,0.242745908511467,0.00777921273958882,0.0156410863432492,0.101374413658032,0.212844807122775,0.000678006031770187,0.11132385280425,"GSE210616_GSM6433602"
"GSE210616_GSM6433602_ACGCATTCGTGAGTAC-1",0.0681495204966186,0.081439951768948,0.0641400809538128,0.03701427486265,0.0221944053534123,0.129647470681587,0.296781969709347,0.00562593561710041,0.295006390556524,"GSE210616_GSM6433602"
"GSE210616_GSM6433602_ACGCCAGATGATTTCT-1",0.0773768488877252,0.0376332444619446,0.0303450634376684,0.182289317739453,0.0995652375703829,0.08439877470583,0.257370634693514,0.00383695629775093,0.227183922205731,"GSE210616_GSM6433602"
"GSE210616_GSM6433602_ACGCCGCTAGACGACC-1",0.109388575667544,0.0619889304101367,0.0298679157376372,0.0290848451530769,0.0361196290591838,0.129943593628221,0.452138220388798,0.00599043482077688,0.145477855134626,"GSE210616_GSM6433602"
"GSE210616_GSM6433602_ACGCGAAGTCAGACGA-1",0.12630751630292,0.0543689209349939,0.01314010818031,0.0171183326342389,0.0212875450323485,0.107595514805266,0.49381746967777,0.00115365689953839,0.165210935532614,"GSE210616_GSM6433602"
"GSE210616_GSM6433602_ACGCGCTACACAGGGT-1",0.0785699536568792,0.055230870056809,0.0250564009372083,0.103023016706571,0.0778620371871655,0.0976331412308611,0.259627239366909,0.0069923459409794,0.296004994916618,"GSE210616_GSM6433602"
"GSE210616_GSM6433602_ACGCGGGCCAAGGACA-1",0.0955898283763832,0.057333567205603,0.039079536720255,0.102568391852018,0.0490914467604265,0.120215025501541,0.273138051889264,0.00350818087790267,0.259475970816607,"GSE210616_GSM6433602"
"GSE210616_GSM6433602_ACGGAATTTAGCAAAT-1",0.0600100071667085,0.0417700949603645,0.0262967464798119,0.306184444381819,0.113781154522334,0.0674903623135122,0.162740901837661,0.0017860883489932,0.219940199988795,"GSE210616_GSM6433602"
"GSE210616_GSM6433602_ACGGCACTTGCTTGGG-1",0.0893058961467107,0.0519011450755933,0.0239221192951024,0.0838365590161537,0.0378704026670696,0.119954955564786,0.387725016628537,0.00273956200134784,0.202744343604699,"GSE210616_GSM6433602"
"GSE210616_GSM6433602_ACGGCCAACATGGACT-1",0.0783796366597038,0.0635257181371628,0.0247646353732355,0.0496918652498619,0.031770613495602,0.117406262429928,0.410041271710822,0.00162135017757427,0.222798646766109,"GSE210616_GSM6433602"
"GSE210616_GSM6433602_ACGGCGACGATGGGAA-1",0.0677764361452122,0.0645918437917967,0.0268357662568981,0.0220261227592044,0.0394800283079434,0.106854820193004,0.426148865837544,0.00122104376076946,0.245065072947627,"GSE210616_GSM6433602"
"GSE210616_GSM6433602_ACGTACAGATTTCTCT-1",0.070974619958223,0.0478287169161163,0.0294419749723242,0.172586307257132,0.0742264326693208,0.0688059984129785,0.317385925859019,0.0201579056930397,0.198592118261846,"GSE210616_GSM6433602"
"GSE210616_GSM6433602_ACGTAGATTGCTGATG-1",0.0788370304498438,0.0719172965336534,0.0395339410932203,0.0271109283748262,0.0248570509815594,0.131888144241941,0.392619502198378,0.00202489402634574,0.231211212100233,"GSE210616_GSM6433602"
"GSE210616_GSM6433602_ACGTGCGCCTCGTGCA-1",0.0800521884133144,0.0471954716798073,0.0427566574213852,0.161134373871499,0.0965459554117913,0.104488134841787,0.226134916974945,0.00341352571444785,0.238278775671023,"GSE210616_GSM6433602"
"GSE210616_GSM6433602_ACGTTAATGTCGAAGA-1",0.0806979811545821,0.0578568521831631,0.0418757089821039,0.0258156318038311,0.0442755602174607,0.221161560253698,0.293903845801738,0.00707746457080389,0.22733539503262,"GSE210616_GSM6433602"
"GSE210616_GSM6433602_ACGTTAGATTTGCCCG-1",0.0775489265650521,0.0593560181592143,0.0297296247496833,0.0559755060571309,0.0387189882287035,0.143072740467911,0.342947466188729,0.002763864419882,0.249886865163694,"GSE210616_GSM6433602"
"GSE210616_GSM6433602_ACGTTCGTTCAGGAAA-1",0.0799086109556995,0.048137228676042,0.0292734425802692,0.145371798885372,0.0481705808178337,0.111245556955025,0.277759688472667,0.00556816367119797,0.254564928985893,"GSE210616_GSM6433602"
"GSE210616_GSM6433602_ACTACCAGCTCTCTGG-1",0.0786726608215287,0.199302954187746,0.0640683768999821,0.0370106578579479,0.0427533131315032,0.109309095574308,0.185976959199391,0.012171200569366,0.270734781758227,"GSE210616_GSM6433602"
"GSE210616_GSM6433602_ACTACGCGTTAGAATT-1",0.127327890380306,0.0485050188414623,0.0247877446487753,0.0929560046687563,0.0675753330037171,0.0732484122732281,0.389919753931988,0.0130581592014012,0.162621683050366,"GSE210616_GSM6433602"
"GSE210616_GSM6433602_ACTATTTCCGGGCCCA-1",0.101622080775705,0.0608356790247597,0.0234804043554261,0.0396845276732425,0.0433381434829833,0.180936511952304,0.350837374883304,0.00208023308746713,0.197185044764808,"GSE210616_GSM6433602"
"GSE210616_GSM6433602_ACTCAATAAAGGCACG-1",0.0708298877183233,0.0577985305388037,0.0269693865353594,0.0678814574987984,0.0414618958254935,0.118024453895693,0.30161718058352,0.00612265159205946,0.309294555811949,"GSE210616_GSM6433602"
"GSE210616_GSM6433602_ACTCAGACCTGCTTCT-1",0.0709000023280602,0.0503947701388018,0.0534799405319755,0.034298589445752,0.040638986979638,0.159306557037069,0.284859029494349,0.0160770183356956,0.290045105708659,"GSE210616_GSM6433602"
"GSE210616_GSM6433602_ACTCCCTAATGCTAAA-1",0.126031742412765,0.170121527465062,0.143474415900967,0.0430490407072459,0.030516007061786,0.145586033156971,0.200355525471902,0.00111683055152579,0.139748877271777,"GSE210616_GSM6433602"
"GSE210616_GSM6433602_ACTCCCTAGAATAGTA-1",0.0837530889499814,0.0672821822199622,0.0220461273947568,0.020994041942891,0.0425892906505863,0.127819422410829,0.395721487500115,0.0283416420621408,0.211452716868737,"GSE210616_GSM6433602"
"GSE210616_GSM6433602_ACTCGTCAGTAATCCC-1",0.084765889727014,0.0489033091796966,0.0254645103541584,0.0823566813538426,0.0423034152235796,0.120330267532523,0.414014044625261,0.000533986928156407,0.181327895075768,"GSE210616_GSM6433602"
"GSE210616_GSM6433602_ACTCTCTGACTTAGGT-1",0.0854683600591261,0.0580755836375353,0.013154567159879,0.0351893870950852,0.04146410106926,0.145782898541739,0.454908306684395,0.0149047548451015,0.151052040907879,"GSE210616_GSM6433602"
"GSE210616_GSM6433602_ACTCTTGTATAGTAAC-1",0.0813411828234746,0.0696092242603746,0.0308791860424627,0.0146093273403938,0.0198373462412715,0.150455307661251,0.425579182527411,0.00381843392647221,0.20387080917689,"GSE210616_GSM6433602"
