"","Endothelial","CAFs","PVL","B-cells","T-cells","Myeloid","Normal Epithelial","Plasmablasts","Cancer Epithelial","sid"
"GSE210616_GSM6433593_AAACACCAATAACTGC-1",0.0789953299861795,0.0316554056985256,0.0362224422405022,0.296881604292407,0.213339096427626,0.0561054060083879,0.0779113939920225,0.00375467881791576,0.205134642536434,"GSE210616_GSM6433593"
"GSE210616_GSM6433593_AAACAGGGTCTATATT-1",0.0934027743719934,0.276257720623434,0.201257575479784,0.0142829173507812,0.0185064882655917,0.258637523417038,0.06340264838396,0.0135531116070172,0.0606992405003997,"GSE210616_GSM6433593"
"GSE210616_GSM6433593_AAACAGTGTTCCTGGG-1",0.0409326031761227,0.0476526785131989,0.028452336205652,0.473575630572453,0.146056291621658,0.0396276668581253,0.0825842392075316,0.00221563387955341,0.138902919965705,"GSE210616_GSM6433593"
"GSE210616_GSM6433593_AAACCGGGTAGGTACC-1",0.0746213441334306,0.207656424103617,0.128260451469867,0.0183820132883877,0.0196965789298259,0.231747974144217,0.1331251313098,0.0219724655534433,0.164537617067411,"GSE210616_GSM6433593"
"GSE210616_GSM6433593_AAACCGTTCGTCCAGG-1",0.0444339676572082,0.280317583449012,0.0440419509436123,0.00455927609426969,0.00742522992591261,0.323114637731801,0.0324969584910136,0.228534265658717,0.0350761300484537,"GSE210616_GSM6433593"
"GSE210616_GSM6433593_AAACGGTTGCGAACTG-1",0.152962820522283,0.265927723350989,0.038750729513617,0.0407950111595529,0.0460854782815812,0.162543408565255,0.0563498468955817,0.142643127637017,0.0939418540741224,"GSE210616_GSM6433593"
"GSE210616_GSM6433593_AAACTCGGTTCGCAAT-1",0.0217277127589921,0.4572417857898,0.0314222646629961,0.00658757095106872,0.0152205150455973,0.121999197526906,0.0727940774054527,0.242999725802858,0.0300071500563287,"GSE210616_GSM6433593"
"GSE210616_GSM6433593_AAACTGCTGGCTCCAA-1",0.131832493504846,0.0618534218433805,0.0477917498346521,0.182827869092763,0.183140665488506,0.0811870087463745,0.0900805755997343,0.00619553739733955,0.215090678492405,"GSE210616_GSM6433593"
"GSE210616_GSM6433593_AAACTTAATTGCACGC-1",0.0813625320914178,0.0504814629518932,0.0640115894769352,0.116536253048364,0.240129609345802,0.0737898143351719,0.104227806428777,0.00564064689180842,0.263820285429831,"GSE210616_GSM6433593"
"GSE210616_GSM6433593_AAACTTGCAAACGTAT-1",0.123299681938898,0.231483475211883,0.160413405427587,0.00445890971678944,0.0170737096259245,0.201523451735153,0.120638784254291,0.0244083370477452,0.11670024504173,"GSE210616_GSM6433593"
"GSE210616_GSM6433593_AAAGGCCCTATAATAC-1",0.118807897130057,0.0814330152996363,0.0851095655739493,0.0950807685605145,0.183457619927145,0.117134026875387,0.0973743003107542,0.00687919982034608,0.21472360650221,"GSE210616_GSM6433593"
"GSE210616_GSM6433593_AAAGGCTACGGACCAT-1",0.0957192454560974,0.143750105060783,0.0661566139136241,0.066953454510817,0.120400520487294,0.183054717376975,0.103491040190762,0.00660881775468671,0.213865485248961,"GSE210616_GSM6433593"
"GSE210616_GSM6433593_AAAGGCTCTCGCGCCG-1",0.0972294110046275,0.215052039399176,0.0808396782638649,0.0661291898215671,0.084994150226422,0.211168005632311,0.0880415526260754,0.00880569361242932,0.147740279413527,"GSE210616_GSM6433593"
"GSE210616_GSM6433593_AAAGTAGCATTGCTCA-1",0.100777804947058,0.106050831294575,0.0785946432148517,0.0679947389305257,0.0963986545130483,0.170485835852743,0.213908595265486,0.00918591981930795,0.156602976162403,"GSE210616_GSM6433593"
"GSE210616_GSM6433593_AAATACCTATAAGCAT-1",0.133588016445705,0.124015398609421,0.0679374383498786,0.11144075775664,0.131625762405829,0.15155161103619,0.0745758487886119,0.0139462076649903,0.191318958942734,"GSE210616_GSM6433593"
"GSE210616_GSM6433593_AAATAGGGTGCTATTG-1",0.0693906945632314,0.192473039638466,0.0463347834914785,0.0936063875922386,0.142474280948551,0.172064764591078,0.0862356052924338,0.0639708642900359,0.133449579592487,"GSE210616_GSM6433593"
"GSE210616_GSM6433593_AAATCGCGGAAGGAGT-1",0.0856538550472843,0.183460448234201,0.132205125866655,0.0085737726653314,0.0449827699308558,0.222130401424396,0.112155180168365,0.022982766340245,0.187855680322667,"GSE210616_GSM6433593"
"GSE210616_GSM6433593_AAATCGTGTACCACAA-1",0.0864031794157485,0.0676033877474343,0.0437880416148338,0.122855097758802,0.17438453115154,0.138933503270003,0.123323170890494,0.00621532363354887,0.236493764517595,"GSE210616_GSM6433593"
"GSE210616_GSM6433593_AAATGACTGATCAAAC-1",0.0319774409537142,0.284524102121136,0.182365375483089,0.0187469483662722,0.0240408239828741,0.219142970658205,0.0580193758234116,0.0865725488892254,0.0946104137220733,"GSE210616_GSM6433593"
"GSE210616_GSM6433593_AAATGGCCCGTGCCCT-1",0.080216877506065,0.12729785485671,0.109179078618004,0.00934895335320488,0.028660802415199,0.271433385398083,0.27142526192832,0.00464490440979417,0.0977928815146185,"GSE210616_GSM6433593"
"GSE210616_GSM6433593_AAATTGATAGTCCTTT-1",0.126117225612335,0.10086449222443,0.0759495981261152,0.181631305432656,0.187063955447107,0.106630548976344,0.0581394506348939,0.00990992243880197,0.153693501107316,"GSE210616_GSM6433593"
"GSE210616_GSM6433593_AAATTTGCGGGTGTGG-1",0.0821367727494369,0.0942916724490025,0.0928893978223376,0.0782100164059889,0.157325719311076,0.176300910697787,0.128925123712233,0.00805330525231846,0.181867081599819,"GSE210616_GSM6433593"
"GSE210616_GSM6433593_AACAATACATTGTCGA-1",0.0643247058681887,0.167028322673726,0.0973422244939167,0.032227527187478,0.0723351942378965,0.211608918665778,0.167694247277914,0.0188805892278799,0.168558270367223,"GSE210616_GSM6433593"
"GSE210616_GSM6433593_AACACGAGACGCGGCC-1",0.0822476758892122,0.16583997708981,0.151721352764905,0.029300803414559,0.031583122753057,0.164310300117676,0.154249339453132,0.0340726810809327,0.186674747436715,"GSE210616_GSM6433593"
"GSE210616_GSM6433593_AACAGCTGTGTGGCAA-1",0.0725647965972656,0.0436025996209678,0.043809736985587,0.261740526867676,0.216470438599194,0.0544722897486054,0.0930619462949952,0.0051241480679872,0.209153517217721,"GSE210616_GSM6433593"
"GSE210616_GSM6433593_AACATTGAAGTTGATC-1",0.100169665539584,0.0892367891956885,0.0742820471320489,0.101458395010945,0.173571133171839,0.125640371610251,0.125493807790566,0.00327601869837541,0.206871771850703,"GSE210616_GSM6433593"
"GSE210616_GSM6433593_AACATTGTGACTCGAG-1",0.0653136904525282,0.251065867998253,0.0450124835138229,0.065142127380034,0.0326359723599567,0.369123243102343,0.0372731967991859,0.0790490180560192,0.0553844003378572,"GSE210616_GSM6433593"
"GSE210616_GSM6433593_AACCATAGGGTTGAAC-1",0.142507060268917,0.117303561295687,0.0916338106091292,0.085983425142118,0.0890339575940037,0.125496760403285,0.12294259570518,0.0104258807984171,0.214672948183264,"GSE210616_GSM6433593"
"GSE210616_GSM6433593_AACCCATCCCATGATC-1",0.0995974039268595,0.0959479063734511,0.0861268963145505,0.142282470427794,0.156718975184575,0.12734472095104,0.113235846299583,0.00745418993471747,0.17129159058743,"GSE210616_GSM6433593"
"GSE210616_GSM6433593_AACCCGACAACCCGTG-1",0.106584972669134,0.0887173728178764,0.106290847597679,0.121357381813375,0.101417002794231,0.106991329227718,0.121174560623174,0.039197796011314,0.208268736445499,"GSE210616_GSM6433593"
"GSE210616_GSM6433593_AACCCGCTGTATTCCA-1",0.0490230403659485,0.321501328195623,0.0670021501917135,0.0495627372075131,0.0267036358992547,0.238542134215126,0.0511077561691052,0.148280480501222,0.0482767372544944,"GSE210616_GSM6433593"
"GSE210616_GSM6433593_AACCTCGCTTTAGCCC-1",0.0784299959399867,0.036975580644167,0.0861538333703787,0.264865591015014,0.177275838734372,0.0462930208201818,0.093299683735647,0.00378084756919107,0.212925608171062,"GSE210616_GSM6433593"
"GSE210616_GSM6433593_AACCTTTAAATACGGT-1",0.0965730712841548,0.0516001726493096,0.0429088092115793,0.199685197588471,0.213743117481163,0.0724598974066498,0.0822615029029986,0.0130379799715062,0.227730251504168,"GSE210616_GSM6433593"
"GSE210616_GSM6433593_AACGAAAGTCGTCCCA-1",0.118640051744871,0.0791442646170003,0.0585208450043477,0.100486927124078,0.154605391217842,0.138902018388581,0.137148919038262,0.0120312350246636,0.200520347840354,"GSE210616_GSM6433593"
"GSE210616_GSM6433593_AACGATAATGCCGTAG-1",0.102421656666969,0.104865385657096,0.0598761896840357,0.136973018580322,0.129102847204173,0.154481924210027,0.107883234848113,0.00884186744110275,0.195553875708161,"GSE210616_GSM6433593"
"GSE210616_GSM6433593_AACGCGACCTTGGGCG-1",0.0324691731171234,0.351661311380827,0.0257883960645042,0.0323363064792021,0.04133138134713,0.232767085693438,0.0400162492257231,0.193075177901547,0.0505549187905053,"GSE210616_GSM6433593"
"GSE210616_GSM6433593_AACGGCCATCTCCGGT-1",0.073425089103052,0.0420277163001405,0.0423466030106435,0.178417563036514,0.226403892145034,0.107819386276866,0.0715390774444812,0.00871889104899554,0.249301781634273,"GSE210616_GSM6433593"
"GSE210616_GSM6433593_AACGTACTGTGGGTAC-1",0.102935808414202,0.0568754526382446,0.0439998413465831,0.0822080188349236,0.12812330302969,0.136083621729784,0.156118839736097,0.00625191839580544,0.287403195874669,"GSE210616_GSM6433593"
"GSE210616_GSM6433593_AACGTCATCCGGCTTG-1",0.0376082358877551,0.333844223130816,0.217243661350216,0.0318201970304781,0.0285096004757169,0.180260505442084,0.0430617250346209,0.0651620825961969,0.0624897690521162,"GSE210616_GSM6433593"
"GSE210616_GSM6433593_AACTAGGCTTGGGTGT-1",0.0906916928933822,0.0413610114664625,0.0245926455339455,0.204480274660452,0.233348025779606,0.083213825593936,0.0799618870386068,0.00510259917977542,0.237248037853834,"GSE210616_GSM6433593"
"GSE210616_GSM6433593_AACTCTCAGTGTGCTC-1",0.0949143793439727,0.151943439536564,0.0823507509313608,0.0521257570749395,0.041236092859207,0.261633857590411,0.145751697892333,0.0254779967569996,0.144566028014213,"GSE210616_GSM6433593"
"GSE210616_GSM6433593_AAGACCAAATAACTCA-1",0.123179176231581,0.120354862236173,0.102025928078914,0.0559758892708215,0.106383977177267,0.137771010822549,0.129645163722709,0.0117120408122419,0.212951951647743,"GSE210616_GSM6433593"
"GSE210616_GSM6433593_AAGACCCAACTGAACA-1",0.183908480567543,0.107819147800721,0.0628925603868972,0.093293152580721,0.123959164920884,0.125370246342117,0.105517347091633,0.0147123852412004,0.182527515068283,"GSE210616_GSM6433593"
"GSE210616_GSM6433593_AAGAGGATGTACGCGA-1",0.0788800333295206,0.129475430295822,0.108075545071888,0.0453823287722518,0.0523976655534056,0.19275594247723,0.161839290956333,0.0248213935256392,0.206372370017909,"GSE210616_GSM6433593"
"GSE210616_GSM6433593_AAGATGGCACCGGACC-1",0.12410283403681,0.112546591141396,0.110779330058149,0.0224041685721855,0.0382281475837637,0.193909692131368,0.221667413060839,0.00526411401783948,0.17109770939765,"GSE210616_GSM6433593"
"GSE210616_GSM6433593_AAGCACCCTGCGTATC-1",0.0543358195062692,0.224575136270973,0.0586066841651759,0.0923419589749574,0.0891022511141855,0.1872705671128,0.0884098810296201,0.0326120549899194,0.172745646836101,"GSE210616_GSM6433593"
"GSE210616_GSM6433593_AAGCATACTCTCCTGA-1",0.0952817591319251,0.0948942240666542,0.0921444340350941,0.141731432233229,0.173558292919603,0.112910374521977,0.0855782475564945,0.00868255309978451,0.195218682435239,"GSE210616_GSM6433593"
"GSE210616_GSM6433593_AAGCCACTTGCAGGTA-1",0.0534390437953855,0.258197884083187,0.0942657861613862,0.163289286405932,0.105017395422423,0.0798924142123263,0.100815599032876,0.0219608090503238,0.12312178183616,"GSE210616_GSM6433593"
"GSE210616_GSM6433593_AAGCCGCCGTGAAATC-1",0.117950368637277,0.0629255119468619,0.0674129092770718,0.173169422373839,0.17297093770677,0.0750271985037268,0.105811898669572,0.00732427896255018,0.217407473922331,"GSE210616_GSM6433593"
"GSE210616_GSM6433593_AAGCGCAGGGCTTTGA-1",0.0456918068155225,0.294587366184428,0.0199826634832568,0.0116953800952663,0.0137098189793588,0.221707951205192,0.17788911897554,0.139711608280051,0.075024285981385,"GSE210616_GSM6433593"
"GSE210616_GSM6433593_AAGCGTCCCTCATCGA-1",0.0904349306746999,0.15184556518387,0.071764193032828,0.0218148625138462,0.0228211337986905,0.233397801549146,0.220944370251247,0.00743590134660219,0.179541241649071,"GSE210616_GSM6433593"
"GSE210616_GSM6433593_AAGCTAGATCGAGTAA-1",0.102027386911807,0.0293942580765024,0.028995948562368,0.178109757603535,0.269235859637399,0.0538845721620225,0.101467767259974,0.00813812154675198,0.22874632823964,"GSE210616_GSM6433593"
"GSE210616_GSM6433593_AAGCTCTTTCATGGTG-1",0.0461433510997874,0.0667745302078599,0.109416098760686,0.262875073774245,0.125850566535146,0.10452990122616,0.0961490130141046,0.00343285740445864,0.184828607977554,"GSE210616_GSM6433593"
"GSE210616_GSM6433593_AAGGGAACGACTGGCT-1",0.101412474474291,0.0831004473341111,0.094886699226798,0.09814471355887,0.222472624613949,0.0824499661008542,0.0702474835101088,0.0124625299809861,0.234823061200032,"GSE210616_GSM6433593"
"GSE210616_GSM6433593_AAGGGACTATGCATTC-1",0.104090826985182,0.0574024121502784,0.0466535441516624,0.142277128144311,0.144754877034715,0.125906144691461,0.133291566121558,0.00633251493748836,0.239290985783346,"GSE210616_GSM6433593"
"GSE210616_GSM6433593_AAGTGACGACCGAATT-1",0.0832136306146206,0.106071658198647,0.10473323982517,0.08378702695995,0.179473990595605,0.123493875673905,0.105505228662,0.0138463001565862,0.199875049313517,"GSE210616_GSM6433593"
"GSE210616_GSM6433593_AAGTGAGTCGGGTTTA-1",0.0620484201487568,0.238695683518688,0.0525944563019593,0.117763969397878,0.0518920848231749,0.279831156522138,0.0551111204334015,0.0812732790380248,0.0607898298159784,"GSE210616_GSM6433593"
"GSE210616_GSM6433593_AAGTGCGTTAGAATCT-1",0.0782177473912094,0.0585576720539083,0.0552028443854964,0.149005778552088,0.152932493936298,0.128422790400679,0.183718426134032,0.0104732866293959,0.183468960516893,"GSE210616_GSM6433593"
"GSE210616_GSM6433593_AAGTGCTTCTCTATTG-1",0.112718708519549,0.0762237510026166,0.10275729933869,0.109449289451448,0.124850036526884,0.125907817572948,0.109695150129307,0.0161770205883555,0.222220926870201,"GSE210616_GSM6433593"
"GSE210616_GSM6433593_AAGTGTTTGGAGACGG-1",0.0899632794524625,0.233639316319559,0.0344766578626538,0.0685011802677467,0.163978514260221,0.12323158649221,0.0657844429991341,0.112085254233012,0.108339768113001,"GSE210616_GSM6433593"
"GSE210616_GSM6433593_AAGTTCACTCCAAGCT-1",0.0705220138946024,0.0240851665842382,0.0606045085228428,0.344550322901589,0.1990103235914,0.0393144771246023,0.0418311546985464,0.00262060043772371,0.217461432244455,"GSE210616_GSM6433593"
"GSE210616_GSM6433593_AAGTTCGGCCAACAGG-1",0.0687367713716496,0.0751463148962197,0.122309123635473,0.125490809441503,0.103338972335035,0.155552955748416,0.150719186899749,0.0108378085574854,0.187868057114469,"GSE210616_GSM6433593"
"GSE210616_GSM6433593_AAGTTTATGGGCCCAA-1",0.0454576632868779,0.345874312314617,0.0455950979297533,0.0391010381957686,0.0453765743211399,0.131081911330982,0.0806289900592654,0.188476818667421,0.0784075938941752,"GSE210616_GSM6433593"
"GSE210616_GSM6433593_AATAACACTAGAACAA-1",0.0871456935177389,0.186270334053874,0.075994232327181,0.102729532229515,0.0627334422635247,0.183157033217106,0.0672519890315742,0.0391080920735703,0.195609651285916,"GSE210616_GSM6433593"
"GSE210616_GSM6433593_AATACCGGAGGGCTGT-1",0.106838990727956,0.070216058642979,0.0607083289489708,0.141277071332174,0.196301247534377,0.0847908192769027,0.110757681242108,0.0188723909564885,0.210237411338044,"GSE210616_GSM6433593"
"GSE210616_GSM6433593_AATAGAACAGAGTGGC-1",0.0884029482112669,0.0670758498973769,0.0572316744527483,0.135580918822098,0.174147027062477,0.148948232897959,0.1190968199039,0.00537921855374317,0.204137310198431,"GSE210616_GSM6433593"
"GSE210616_GSM6433593_AATAGAATCTGTTTCA-1",0.174668827685982,0.332438825619344,0.118046276150833,0.0604219531509349,0.0508079525792959,0.196450764265846,0.0259308808441062,0.00918920315613313,0.0320453165475255,"GSE210616_GSM6433593"
"GSE210616_GSM6433593_AATAGGCACGACCCTT-1",0.0389445485576324,0.162005985114604,0.202282516152894,0.0597841092594333,0.0679479490352535,0.141654815980338,0.080695142717684,0.084798221122464,0.161886712059697,"GSE210616_GSM6433593"
"GSE210616_GSM6433593_AATAGTCCGTCCCGAC-1",0.146968747985901,0.224503091948752,0.179658689634186,0.0411316512845457,0.0530890204623044,0.185430600384157,0.0474787212785867,0.0164483806053874,0.10529109641618,"GSE210616_GSM6433593"
"GSE210616_GSM6433593_AATATCCTAGCAAACT-1",0.0683951514744998,0.212259282835797,0.187893819925421,0.015592155830913,0.0189993540163768,0.226587687854792,0.120639773940433,0.0184082851589525,0.131224488962814,"GSE210616_GSM6433593"
"GSE210616_GSM6433593_AATCAGGTTTCATTTA-1",0.0894302800560073,0.0531758883426474,0.0629569142398115,0.130059423329522,0.250345612885879,0.0826388456465064,0.0945136633591543,0.00482164198715059,0.232057730153322,"GSE210616_GSM6433593"
"GSE210616_GSM6433593_AATCCCGCTCAGAGCC-1",0.0299179123183627,0.37764229525423,0.200569425694194,0.0127721531244576,0.0209222168559882,0.155154817710133,0.0301181856150966,0.132232911785786,0.0406700816417518,"GSE210616_GSM6433593"
"GSE210616_GSM6433593_AATCGTGAGCCGAGCA-1",0.0896800305080251,0.161409944931603,0.0886480633311796,0.0994868089184732,0.106586954594315,0.16620809757823,0.0710923267996729,0.0322421181884631,0.184645655150038,"GSE210616_GSM6433593"
"GSE210616_GSM6433593_AATCTAGGTTTACTTG-1",0.114944398627499,0.290374011921735,0.145601046871233,0.028203131934792,0.0200677710834651,0.267857905603094,0.0322595515431233,0.0251663409710056,0.0755258414440541,"GSE210616_GSM6433593"
"GSE210616_GSM6433593_AATCTGGCTTTCTAGT-1",0.328132159801162,0.25385998922102,0.248886182638154,0.00217141060105207,0.00616741327416758,0.131721644186655,0.0104344204613327,0.00729096871514557,0.0113358111013114,"GSE210616_GSM6433593"
"GSE210616_GSM6433593_AATGACAGCAATGTCT-1",0.089661050191322,0.0979788874927331,0.0792454915237105,0.0588329529161186,0.188960839338648,0.244164492058112,0.111469215571158,0.00605687428182116,0.123630196626375,"GSE210616_GSM6433593"
"GSE210616_GSM6433593_AATGACGTAGGATGTC-1",0.0733475834845516,0.181550668904681,0.0644014314940078,0.0941548861854198,0.177383139416715,0.19796502513061,0.0611218625028799,0.00572280203929675,0.144352600841838,"GSE210616_GSM6433593"
"GSE210616_GSM6433593_AATGTATGGCACTGTA-1",0.09674187904049,0.117070580621704,0.114207618716455,0.0581505257778924,0.116554448178537,0.154990454246279,0.110328079366835,0.0121033419899552,0.219853072061852,"GSE210616_GSM6433593"
"GSE210616_GSM6433593_AATGTGCCCGAGGTGT-1",0.0905168427183384,0.0824636428907688,0.0376559656835874,0.216148313959753,0.213262814004903,0.135156146992153,0.0699587049740405,0.00517065947841603,0.149666909298039,"GSE210616_GSM6433593"
"GSE210616_GSM6433593_AATGTGCTAATCTGAG-1",0.109521432509548,0.0554473534184378,0.0692267319353626,0.161797839016669,0.137510208695914,0.099144129758309,0.126800990456034,0.0114789105996855,0.22907240361004,"GSE210616_GSM6433593"
"GSE210616_GSM6433593_AATTAAAGGTCGGCGT-1",0.024542281209101,0.304228588121043,0.0413342994552923,0.022944324386424,0.0254496669678003,0.496869119111298,0.0366359894557939,0.0155716945717802,0.0324240367214674,"GSE210616_GSM6433593"
"GSE210616_GSM6433593_AATTAACGGATTTCCA-1",0.0961718589355445,0.180969494396665,0.0647697598336929,0.0703226417686144,0.142674372941365,0.159103452248943,0.106748255402653,0.0245025701193296,0.154737594353192,"GSE210616_GSM6433593"
"GSE210616_GSM6433593_AATTACGAGACCCATC-1",0.082969135539482,0.0840808498918632,0.129146848257811,0.0802277340090853,0.170423580828349,0.142092301260092,0.120263737835438,0.00408919878857558,0.186706613589304,"GSE210616_GSM6433593"
"GSE210616_GSM6433593_AATTAGCGCTGCAGCG-1",0.08166569727473,0.0331039969187584,0.03332497278013,0.248389082513152,0.203747995181495,0.0660114491964555,0.077630402943136,0.00447285420646068,0.251653548985683,"GSE210616_GSM6433593"
"GSE210616_GSM6433593_AATTCATTGTCATGCA-1",0.141985581314669,0.110679898733209,0.101390969773104,0.0456820152971106,0.128800103236189,0.124974992678641,0.120064305977821,0.0180605523821992,0.208361580607057,"GSE210616_GSM6433593"
"GSE210616_GSM6433593_AATTCCAAGCATGTAC-1",0.0584105025345706,0.310095858818504,0.05523955410858,0.0456320178638242,0.0476046914002991,0.176603681343492,0.108457233762827,0.0767732209367921,0.121183239231111,"GSE210616_GSM6433593"
"GSE210616_GSM6433593_AATTCGATTCGAGGAT-1",0.085235038120121,0.18602198320851,0.0031786812435822,0.0225167764685436,0.0104209000865139,0.0913613340793022,0.527491591524943,0.0196105170940943,0.0541631781743895,"GSE210616_GSM6433593"
"GSE210616_GSM6433593_AATTCTAGAGTTAGGC-1",0.0858683398627144,0.0651794311793323,0.0495635702492886,0.127619516114215,0.140519137745614,0.141075493785086,0.115167148495487,0.00468272961348461,0.270324632954778,"GSE210616_GSM6433593"
"GSE210616_GSM6433593_AATTGAACGCTCTGGT-1",0.00350371755768334,0.626547953459586,0.00198969147208676,0.0483162235227361,0.0513344245710276,0.178949901939518,0.00416473958399463,0.0783538730637703,0.0068394748295976,"GSE210616_GSM6433593"
"GSE210616_GSM6433593_AATTGCGTGGATTACA-1",0.15023769040654,0.10589219275449,0.111882820551596,0.0779088969395741,0.0955544794071335,0.113867943223418,0.106428161874382,0.012998006804818,0.225229808038048,"GSE210616_GSM6433593"
"GSE210616_GSM6433593_ACAAACCATGCGTCCT-1",0.0969653779165903,0.11069267227267,0.0980316885537713,0.0720711955297874,0.146521238511639,0.129869511576104,0.0984091880831741,0.0080479175098219,0.239391210046441,"GSE210616_GSM6433593"
"GSE210616_GSM6433593_ACAAACTCCATCAGAG-1",0.0229155644533555,0.168312030807236,0.211195121144651,0.122964273638669,0.0362656199772125,0.223416435780329,0.0576873745392996,0.018185642831872,0.139057936827376,"GSE210616_GSM6433593"
"GSE210616_GSM6433593_ACAAAGAAGGTAGGCC-1",0.104700907543264,0.225775313944255,0.139939058673391,0.0265322158009679,0.0402013458008484,0.215475297774635,0.0955447606420412,0.00883338238098711,0.142997717439611,"GSE210616_GSM6433593"
"GSE210616_GSM6433593_ACAAATCGCACCGAAT-1",0.121528139985005,0.424287902905085,0.0511481916049204,0.0265263086822165,0.103391579082155,0.202738340438648,0.0182622298596331,0.0202353166715178,0.0318819907708199,"GSE210616_GSM6433593"
"GSE210616_GSM6433593_ACAAATGGTAGTGTTT-1",0.00337754492211671,0.619292473427946,0.00905198155219667,0.0330517368867913,0.0517058466130211,0.271122935894818,0.00721174740293609,0.00156122563257984,0.00362450766759344,"GSE210616_GSM6433593"
"GSE210616_GSM6433593_ACAAGGAAATCCGCCC-1",0.0939843201776322,0.0511501445054069,0.0367322772715503,0.151276318776729,0.265254761144289,0.0834555722895719,0.0935867111777859,0.00475274354401907,0.219807151113015,"GSE210616_GSM6433593"
"GSE210616_GSM6433593_ACAAGGATGCTTTAGG-1",0.0436246298880308,0.0237714229996708,0.0298653029138191,0.414965205063593,0.185618290973554,0.0270009575609002,0.0614526276217489,0.00283895724192466,0.210862605736758,"GSE210616_GSM6433593"
"GSE210616_GSM6433593_ACAAGGGCAGGCTCTG-1",0.0925718660079829,0.0469206509717401,0.0213905241648248,0.142774881654465,0.236364936205467,0.149697943700327,0.111014746158039,0.00385092451884904,0.195413526618305,"GSE210616_GSM6433593"
"GSE210616_GSM6433593_ACAAGTAATTGTAAGG-1",0.0727298164225635,0.213761518839778,0.304218682314354,0.0455511690548459,0.0394037438749036,0.0869784044791941,0.0829862190258465,0.0405246812349197,0.113845764753595,"GSE210616_GSM6433593"
"GSE210616_GSM6433593_ACAATAGTCGTACGTT-1",0.103124491304235,0.163880486710548,0.123366544987273,0.0271073823495422,0.0597802488998279,0.18692673103484,0.156736302940363,0.0126349192108905,0.166442892562481,"GSE210616_GSM6433593"
"GSE210616_GSM6433593_ACAATGAATACGGAGA-1",0.0853220020312552,0.0403416840520589,0.039214805906362,0.285649158275918,0.222230154489373,0.0536938216482529,0.0679015704802737,0.00894207690067935,0.196704726215828,"GSE210616_GSM6433593"
"GSE210616_GSM6433593_ACACATGATCAAATCT-1",0.0983051306901729,0.0779573322385496,0.0677006480531128,0.194503597556389,0.130014601157653,0.114817587071431,0.0767733484742753,0.010712418337945,0.229215336420472,"GSE210616_GSM6433593"
"GSE210616_GSM6433593_ACACATTTCCGTAGAC-1",0.0216324042834335,0.344364240818778,0.0289577887118007,0.0132704848320594,0.00442679609853049,0.158888710971277,0.0160892539710126,0.402970167724936,0.0094001525881725,"GSE210616_GSM6433593"
"GSE210616_GSM6433593_ACACCGGTCTGACCGC-1",0.0877272185356287,0.10708808319706,0.127804109867668,0.0633490821443932,0.179141861968778,0.120324354212186,0.0949138786456617,0.0118321412522451,0.20781927017638,"GSE210616_GSM6433593"
"GSE210616_GSM6433593_ACACTGATCAAGGTGT-1",0.118470424232419,0.128670076666128,0.0873689676065211,0.058852827096261,0.0878678217722707,0.260616300510779,0.091604355207541,0.00867916411475845,0.157870062793321,"GSE210616_GSM6433593"
"GSE210616_GSM6433593_ACAGAACTGAGAACAA-1",0.10569281574606,0.168321572747332,0.109216943822329,0.0548421880393921,0.0879904387302945,0.206511266559697,0.122341724497257,0.0134095859238749,0.131673463933763,"GSE210616_GSM6433593"
"GSE210616_GSM6433593_ACAGGCTTGCCCGACT-1",0.0421104952021554,0.107939262467495,0.157223184483146,0.115561406235953,0.0614803755012943,0.192969290062016,0.16120408124245,0.00339693701986895,0.158114967785621,"GSE210616_GSM6433593"
"GSE210616_GSM6433593_ACAGGTGGAGGTGAGG-1",0.0881831700360116,0.20084108252177,0.0666921425330753,0.0926346433546526,0.0994117351241059,0.186400964879225,0.120723501653533,0.0169652730700007,0.128147486827625,"GSE210616_GSM6433593"
"GSE210616_GSM6433593_ACAGTAATACAACTTG-1",0.0752352027621223,0.0871263096390728,0.131952601889022,0.0641826049191741,0.0959364320385115,0.169628583970575,0.193181157148128,0.0046147390837487,0.178142368549646,"GSE210616_GSM6433593"
"GSE210616_GSM6433593_ACATAAGTCGTGGTGA-1",0.097134668035645,0.110271437534636,0.093855119598938,0.109058595442651,0.146214533510295,0.132682065610243,0.130659957048821,0.0046871468511784,0.175436476367594,"GSE210616_GSM6433593"
"GSE210616_GSM6433593_ACATCCCGGCCATACG-1",0.0740178895888413,0.208670823914753,0.0303243451537951,0.0504132247122676,0.0835268738220416,0.283799046875668,0.114743226960177,0.0129417832686399,0.141562785703816,"GSE210616_GSM6433593"
"GSE210616_GSM6433593_ACATCGATCGTTTACC-1",0.0770913519572844,0.0363994287276356,0.0277733334983409,0.257865393529977,0.214667432637755,0.0835785893607946,0.0811427071091944,0.00963508238125598,0.211846680797763,"GSE210616_GSM6433593"
"GSE210616_GSM6433593_ACATCGCAATATTCGG-1",0.0335966170182314,0.203097001071195,0.232427224573841,0.0527547319662043,0.0469794272554369,0.118001995269326,0.0642303097493572,0.0657881462302265,0.183124546866182,"GSE210616_GSM6433593"
"GSE210616_GSM6433593_ACATCGGTCAGCCGCG-1",0.0727622441121017,0.291104340629239,0.108163632862462,0.00531729312123622,0.0105586508460011,0.242238366444776,0.152018617587958,0.0145644886511833,0.103272365745042,"GSE210616_GSM6433593"
"GSE210616_GSM6433593_ACATCGTATGCAATGG-1",0.0875138659526407,0.482049865794633,0.0750726013361636,0.0519438729158031,0.0276266910974633,0.197166066819972,0.0105825412659416,0.0455495371378713,0.0224949576795113,"GSE210616_GSM6433593"
"GSE210616_GSM6433593_ACATGCTTACGGCAGC-1",0.136441414491405,0.187562879527204,0.231154454393408,0.0926633477870511,0.0759266968634628,0.0774966839378521,0.0417548883356103,0.0320529476737689,0.124946686990237,"GSE210616_GSM6433593"
"GSE210616_GSM6433593_ACATTAGTTTATATCC-1",0.0996242994953616,0.0789682208748867,0.0560186212154586,0.159630518882705,0.177660303454634,0.130673972612904,0.0768009320036182,0.00670328083600457,0.213919850624426,"GSE210616_GSM6433593"
"GSE210616_GSM6433593_ACATTCGCGCGGAATA-1",0.136189933723391,0.129726054705797,0.0830044421821965,0.149975114990766,0.100627328765866,0.0793508428169025,0.0595528193694601,0.0253398047402922,0.236233658705329,"GSE210616_GSM6433593"
"GSE210616_GSM6433593_ACCAACGCTTATTTAT-1",0.16543536138496,0.224260529699434,0.0849956684419734,0.0261062729112016,0.0244487199303243,0.206078872247755,0.131683728760598,0.00736029583319675,0.129630550790557,"GSE210616_GSM6433593"
"GSE210616_GSM6433593_ACCAATATGCAAGTTA-1",0.0664486814180963,0.262231228396735,0.0549558764249653,0.0814444362254964,0.0636758143478326,0.171895194560528,0.0916701090422959,0.0931270442717357,0.114551615312315,"GSE210616_GSM6433593"
"GSE210616_GSM6433593_ACCACGTGCAGCTATA-1",0.100073055968863,0.0361865759915242,0.020551613863789,0.151776047403053,0.27446287093889,0.0757221809352793,0.121424813224398,0.00557015437704339,0.214232687297159,"GSE210616_GSM6433593"
"GSE210616_GSM6433593_ACCATCCGCCAACTAG-1",0.0907836892289611,0.338282230384788,0.223063340059284,0.0177577682104415,0.0249629187983414,0.182302290652016,0.0460354349553365,0.00346524623449001,0.0733470814763413,"GSE210616_GSM6433593"
"GSE210616_GSM6433593_ACCATCGTATATGGTA-1",0.0759206719566244,0.12940021690969,0.0927626120378518,0.102282525668352,0.0995928124481744,0.141967270233006,0.154798804415586,0.0128281129922964,0.190446973338419,"GSE210616_GSM6433593"
"GSE210616_GSM6433593_ACCCGAGCGAAATTAC-1",0.0944636695133009,0.041901062988008,0.0507916411591512,0.246177725401582,0.205722019795006,0.051470867869552,0.0778566522527017,0.00715138908230795,0.224464971938391,"GSE210616_GSM6433593"
"GSE210616_GSM6433593_ACCCGATTGGTTCCGA-1",0.117110871615014,0.0828103924431307,0.0862369326684495,0.100352584118392,0.088760971628586,0.174788318775187,0.132478119933962,0.00896657836953118,0.208495230447748,"GSE210616_GSM6433593"
"GSE210616_GSM6433593_ACCCGGAAACTCCCAG-1",0.0881034944858338,0.190579871154937,0.0778817965912797,0.066008146226065,0.0833068294845395,0.225793693939128,0.12733688348162,0.0174638035087507,0.123525481127846,"GSE210616_GSM6433593"
"GSE210616_GSM6433593_ACCCGGTTACACTTCC-1",0.0665502483651404,0.170571049870707,0.0821178726527949,0.0827989720683798,0.098921649701556,0.203759113033985,0.0926764174062673,0.0077463498966049,0.194858327004564,"GSE210616_GSM6433593"
"GSE210616_GSM6433593_ACCCGTAGCAGAGAAT-1",0.0974850408199685,0.0855380063119974,0.0953821962946351,0.130901330633484,0.147936878416009,0.113768890649395,0.116642528640179,0.0119457180921108,0.200399410142221,"GSE210616_GSM6433593"
"GSE210616_GSM6433593_ACCCGTGTCATCAGTA-1",0.0907549693506372,0.287090324921191,0.0815526378010889,0.0348673045081955,0.0263296431672642,0.228087684785052,0.082185454611824,0.0118760577909988,0.157255923063748,"GSE210616_GSM6433593"
"GSE210616_GSM6433593_ACCCTATGCCATATCG-1",0.092386120353708,0.0895328399208332,0.0898101845684415,0.0424117395654067,0.0312182740491534,0.247144970532453,0.186074271151588,0.00569942389563442,0.215722175962782,"GSE210616_GSM6433593"
"GSE210616_GSM6433593_ACCCTCCCTTGCTATT-1",0.00961978092066063,0.65618422585374,0.00375340301753534,0.016906287380466,0.0176184148325825,0.270376286136149,0.00230254679360403,0.0204816289461208,0.00275742611914245,"GSE210616_GSM6433593"
"GSE210616_GSM6433593_ACCGAAGAGTCTGGTT-1",0.0935386275669746,0.0669382910224928,0.0800783922930286,0.184499776395627,0.186856380636452,0.113689588071826,0.0813396653651221,0.00257277494231495,0.190486503706163,"GSE210616_GSM6433593"
"GSE210616_GSM6433593_ACCGACACATCTCCCA-1",0.0749057832286156,0.257732212175648,0.0455706165992511,0.0573710157691629,0.0392742424293054,0.315514857719374,0.0380452820032212,0.0752690827292337,0.0963169073461881,"GSE210616_GSM6433593"
"GSE210616_GSM6433593_ACCGAGTCTCCTTATT-1",0.0392054435500932,0.166266784763603,0.0152974465495162,0.0532578355998192,0.131760056923472,0.22943975630581,0.205018116423062,0.0921164512021542,0.0676381086824692,"GSE210616_GSM6433593"
"GSE210616_GSM6433593_ACCGCAATAACTGCCT-1",0.139225371522668,0.213755276814305,0.069922839490791,0.0751228106269422,0.175538403093642,0.167818991231327,0.0605506114817872,0.00825020321822193,0.0898154925203148,"GSE210616_GSM6433593"
"GSE210616_GSM6433593_ACCGCTAGTCATTGGT-1",0.0503753391118609,0.119566023050935,0.0466856521870631,0.253007903101998,0.182677674612336,0.0821919522249598,0.0952491323799392,0.0129737913008186,0.157272532030089,"GSE210616_GSM6433593"
"GSE210616_GSM6433593_ACCGGTCAGGTACACC-1",0.0880756653560293,0.124195461278326,0.0846047347636788,0.104685555229591,0.0825680266043786,0.227516169471258,0.110417145781776,0.00977572369271286,0.168161517822249,"GSE210616_GSM6433593"
"GSE210616_GSM6433593_ACCGTCCACTGGGCCC-1",0.114737972589507,0.0857776380852368,0.0848959762229363,0.0871701930470595,0.17940087065318,0.100638850177351,0.140014008039196,0.0123202109453502,0.195044280240183,"GSE210616_GSM6433593"
"GSE210616_GSM6433593_ACCGTGACCACGTGGG-1",0.0624032246726486,0.213030697071365,0.0432928629051249,0.0519210353126012,0.0718601930157573,0.220274590848466,0.0982233870594359,0.119654440678042,0.119339568436558,"GSE210616_GSM6433593"
"GSE210616_GSM6433593_ACCTAAGTACCTTTCA-1",0.0577506106293336,0.0823047555257611,0.12163395883822,0.215871433413889,0.138330540761634,0.140975898512834,0.0801627630966681,0.00799322607070376,0.154976813150958,"GSE210616_GSM6433593"
"GSE210616_GSM6433593_ACCTACTATAAATCTA-1",0.0163050899854549,0.445632619632907,0.017401777883919,0.0345394545756363,0.0135806825002001,0.105444934458165,0.0130249648932444,0.322767818986536,0.0313026570839366,"GSE210616_GSM6433593"
"GSE210616_GSM6433593_ACCTCGAACTTATGCT-1",0.121480414275719,0.0992319908786272,0.0726395222062371,0.0770169647302534,0.155255293832106,0.124695662487381,0.1118651854418,0.0121063480846771,0.225708618063199,"GSE210616_GSM6433593"
"GSE210616_GSM6433593_ACCTGCGTGTCATGTT-1",0.118153128149684,0.159544610612792,0.103886910792717,0.00779580076123906,0.0106623586208986,0.226204260469986,0.244079347277468,0.00674513009208737,0.122928453223127,"GSE210616_GSM6433593"
"GSE210616_GSM6433593_ACGACTGGTCATACTC-1",0.102388084824034,0.0484567207217753,0.0824253889021512,0.139877769988001,0.20140835504801,0.0816001751594961,0.118067969183384,0.0107916270176717,0.214983909155476,"GSE210616_GSM6433593"
"GSE210616_GSM6433593_ACGAGGATACCACTCT-1",0.140217777644941,0.152218913807318,0.117738904393229,0.00697967947871709,0.0232340110411692,0.256687771907697,0.177457657568389,0.0101330365011222,0.115332247657419,"GSE210616_GSM6433593"
"GSE210616_GSM6433593_ACGAGGTTTACAACGT-1",0.134056550649567,0.138798174120662,0.189090270934417,0.105392202318817,0.101401381900891,0.123886365134318,0.0587202662448317,0.00485292128120018,0.143801867415296,"GSE210616_GSM6433593"
"GSE210616_GSM6433593_ACGCAAACTAATAGAT-1",0.0879745645282561,0.190740686706765,0.119047993779751,0.0330434440160291,0.0365932847091734,0.248132045234947,0.077160682439985,0.103837357099369,0.103469941485725,"GSE210616_GSM6433593"
"GSE210616_GSM6433593_ACGCCGCTAGACGACC-1",0.113352309765988,0.269253323441794,0.137758809927414,0.0495051814562703,0.078599953687197,0.204235640663024,0.0434462192811522,0.0160344397743988,0.0878141220027615,"GSE210616_GSM6433593"
"GSE210616_GSM6433593_ACGCGAAGTCAGACGA-1",0.0975357113089451,0.0495163027714611,0.0305352290978847,0.162203288926346,0.197515413348212,0.0910411376643898,0.12558072293544,0.00249956019517169,0.24357263375215,"GSE210616_GSM6433593"
"GSE210616_GSM6433593_ACGCGCTACACAGGGT-1",0.102174337415556,0.103791768862702,0.0834950226321163,0.067047687820019,0.10597508003235,0.153429745199983,0.165773041759482,0.0083715184222802,0.209941797855512,"GSE210616_GSM6433593"
"GSE210616_GSM6433593_ACGGACGCAGCGACAA-1",0.0860909197710562,0.149675489514221,0.159139603880892,0.0803085993024414,0.0993153592014351,0.152019830630832,0.081491334749581,0.00910510083454086,0.182853762115001,"GSE210616_GSM6433593"
"GSE210616_GSM6433593_ACGGACTCTCAAAGCG-1",0.0519630611382366,0.236685036969421,0.0227081129669028,0.0328677788559052,0.0335137562812323,0.0994949211045484,0.0348799539164986,0.446726637912001,0.0411607408552536,"GSE210616_GSM6433593"
"GSE210616_GSM6433593_ACGGATGGTGCGGATA-1",0.128394491836848,0.241416499622985,0.13997002329601,0.104057149465159,0.0609737395394888,0.130549929612647,0.0429925752222364,0.0631819855663112,0.0884636058383144,"GSE210616_GSM6433593"
"GSE210616_GSM6433593_ACGGCACTTGCTTGGG-1",0.0871951111757529,0.0415245504212683,0.0295108210828451,0.179273364920927,0.219188247550774,0.0792942735138031,0.103401800840618,0.00847200789677333,0.252139822597238,"GSE210616_GSM6433593"
"GSE210616_GSM6433593_ACGGCCAACATGGACT-1",0.0968749430908373,0.114467433860489,0.0768130011792618,0.0429829929120457,0.0818891952066619,0.205041500623293,0.17653350025931,0.00521984277903357,0.200177590089068,"GSE210616_GSM6433593"
"GSE210616_GSM6433593_ACGGCGACGATGGGAA-1",0.0815083911668908,0.0266456556498431,0.0307387840552068,0.213926883177883,0.233617539320087,0.0717338545237455,0.0979321620791287,0.00586592246716549,0.23803080756005,"GSE210616_GSM6433593"
"GSE210616_GSM6433593_ACGGCTGGATGTAGAA-1",0.0952513831870986,0.0595037614359462,0.0541993516354001,0.226926143744373,0.198330867707357,0.0647309500909828,0.0646105435624891,0.00984849676037978,0.226598501875974,"GSE210616_GSM6433593"
"GSE210616_GSM6433593_ACGGGAGTGTCGGCCC-1",0.0912580855712037,0.077332112512238,0.0698378816407769,0.110290131190878,0.21496072918776,0.119602636672408,0.120704708521166,0.00649994925819797,0.189513765445371,"GSE210616_GSM6433593"
"GSE210616_GSM6433593_ACGGTCACCGAGAACA-1",0.066116179091453,0.182554472765282,0.210669572480224,0.0169903643041272,0.0399320066290406,0.217987911181244,0.0830917862969619,0.0241362242053081,0.158521483046359,"GSE210616_GSM6433593"
"GSE210616_GSM6433593_ACGTACTTTGGCACGG-1",0.121927719747006,0.0551557897552503,0.0651357274519511,0.140362357964295,0.171540506790886,0.108662502293806,0.0747036298303515,0.0171368257025476,0.245374940463907,"GSE210616_GSM6433593"
"GSE210616_GSM6433593_ACGTAGGAGAGTCGCT-1",0.0573396601449966,0.258258276716992,0.020274793662083,0.0307053637753819,0.0135050936270689,0.0967096001874696,0.0215755731978386,0.472876913821211,0.0287547248669577,"GSE210616_GSM6433593"
"GSE210616_GSM6433593_ACGTGACAAAGTAAGT-1",0.236271284024742,0.200620046138109,0.217790953193562,0.0189337670627129,0.0321594642285031,0.141928448594296,0.05914704709402,0.01498754223277,0.0781614474312842,"GSE210616_GSM6433593"
"GSE210616_GSM6433593_ACGTTAATGTCGAAGA-1",0.078317029811144,0.0385766241905279,0.0316361143206781,0.170817900696345,0.26476665707413,0.0644891043316707,0.074418631464549,0.0172698304861872,0.259708107624768,"GSE210616_GSM6433593"
"GSE210616_GSM6433593_ACGTTAGATTTGCCCG-1",0.0593671655227182,0.569175821714646,0.0125195362030291,0.0499565692716722,0.0368809880704717,0.178904424934641,0.0259895941593319,0.0268509902448894,0.0403549098785999,"GSE210616_GSM6433593"
"GSE210616_GSM6433593_ACGTTCACTATGCCGC-1",0.0584352752154501,0.0998765666723344,0.0350474264574491,0.395953298021308,0.117019856610383,0.0574384119715366,0.0813265866544297,0.00317996715121872,0.151722611245891,"GSE210616_GSM6433593"
"GSE210616_GSM6433593_ACGTTCGTTCAGGAAA-1",0.056464761834624,0.268844383785815,0.0878665435093552,0.0159322176619147,0.029377615982139,0.29175905400995,0.101037848321905,0.0118630962177366,0.13685447867656,"GSE210616_GSM6433593"
"GSE210616_GSM6433593_ACGTTGTCGTTGAAAG-1",0.0734551056314997,0.269401629127098,0.151075467578903,0.0443686243223981,0.047343646592675,0.212825632931922,0.0489014869477013,0.0301119855218186,0.122516421345984,"GSE210616_GSM6433593"
"GSE210616_GSM6433593_ACTACAAAGAGAGGTG-1",0.0444909154430428,0.0783537837663635,0.0318016955709619,0.3377657255913,0.171353276733307,0.0784626872706859,0.103970353810017,0.0156197059492615,0.13818185586506,"GSE210616_GSM6433593"
"GSE210616_GSM6433593_ACTACATCCCGACAAG-1",0.100616757250052,0.0845002555211784,0.0844185445427202,0.119593468972226,0.151332166511895,0.0969242098332757,0.131078102921135,0.00645833850027911,0.225078155947239,"GSE210616_GSM6433593"
"GSE210616_GSM6433593_ACTACCATCCGAGGGC-1",0.0612012239250747,0.241009894529634,0.157502039399381,0.141331195549156,0.0840319545842889,0.0621555662990521,0.0597908401513593,0.0581789985786423,0.134798286983412,"GSE210616_GSM6433593"
"GSE210616_GSM6433593_ACTACGCGTTAGAATT-1",0.107417368463879,0.0508090579424445,0.0466470411875455,0.147482175442681,0.216315707453945,0.0765672280152963,0.113690992528637,0.00677533130088677,0.234295097664685,"GSE210616_GSM6433593"
"GSE210616_GSM6433593_ACTATGTCCAGCTGCC-1",0.108202658608202,0.0736190744793341,0.078359693928932,0.138955522065018,0.190215922816668,0.0791876329940511,0.10342682004505,0.009062264610921,0.218970410451824,"GSE210616_GSM6433593"
