"","Endothelial","CAFs","PVL","B-cells","T-cells","Myeloid","Normal Epithelial","Plasmablasts","Cancer Epithelial","sid"
"Human_Breast_Andersson_10142021_ST_B6_10x13",0.0192891298301901,0.271124467311709,0.0275868746507837,0.00519894220659469,0.022367986341883,0.082853160977389,0.0778407394390118,0.370303705867824,0.123434993374614,"Human_Breast_Andersson_10142021_ST_B6"
"Human_Breast_Andersson_10142021_ST_B6_10x14",0.100074411057394,0.0899907955756987,0.139542159132964,0.00505234368393315,0.0254210479634131,0.0866732829017773,0.0764964530859234,0.136093736457014,0.340655770141883,"Human_Breast_Andersson_10142021_ST_B6"
"Human_Breast_Andersson_10142021_ST_B6_10x15",0.0515077581593359,0.201847362817577,0.0615659724191763,0.00168086104840211,0.0103668214391849,0.0061421636559925,0.168542894494911,0.311570749607033,0.186775416358387,"Human_Breast_Andersson_10142021_ST_B6"
"Human_Breast_Andersson_10142021_ST_B6_10x16",0.0354746821592157,0.216039331329388,0.0472465597135302,0.0323840549307642,0.0293052348840608,0.0817990719102118,0.0405490727204287,0.278411491660162,0.238790500692239,"Human_Breast_Andersson_10142021_ST_B6"
"Human_Breast_Andersson_10142021_ST_B6_10x17",0.0170518157223527,0.115830789091437,0.0364372646591746,0.00323564952630781,0.00548394539254491,0.143330203772747,0.136939388993058,0.353567133006797,0.188123809835581,"Human_Breast_Andersson_10142021_ST_B6"
"Human_Breast_Andersson_10142021_ST_B6_10x18",0.103752926859663,0.0552956955113933,0.0329804968181918,0.0070052526089714,0.00915908099990947,0.0341058031525698,0.0756537830006091,0.581845408267062,0.100201552781631,"Human_Breast_Andersson_10142021_ST_B6"
"Human_Breast_Andersson_10142021_ST_B6_10x19",0.0340540588228939,0.0616549364407124,0.127693795613519,0.00274158836205614,0.0061007353902923,0.0845884173387308,0.148376921390578,0.461133697939689,0.0736558487015288,"Human_Breast_Andersson_10142021_ST_B6"
"Human_Breast_Andersson_10142021_ST_B6_10x20",0.151859970151809,0.116123914967732,0.123133673498824,0.0102926201834673,0.0290698485156219,0.0440725897451164,0.117338349262547,0.312479730307422,0.0956293033674595,"Human_Breast_Andersson_10142021_ST_B6"
"Human_Breast_Andersson_10142021_ST_B6_10x21",0.0228825820814289,0.0951025272543252,0.040877174650421,0.00547756237422047,0.00564556913330698,0.0836921049269955,0.0839437669417908,0.51312313285554,0.149255579781972,"Human_Breast_Andersson_10142021_ST_B6"
"Human_Breast_Andersson_10142021_ST_B6_10x22",0.0130003993021605,0.262538492629046,0.0125910485864271,0.0195160552946843,0.0319939104105545,0.184156178335662,0.0902482517264332,0.183384133173798,0.202571530541236,"Human_Breast_Andersson_10142021_ST_B6"
"Human_Breast_Andersson_10142021_ST_B6_10x23",0.0751049574111055,0.148818895572458,0.0210868165234662,0.164385631285157,0.227896078677036,0.107952531423859,0.0372039477859452,0.0712239571163095,0.146327184204663,"Human_Breast_Andersson_10142021_ST_B6"
"Human_Breast_Andersson_10142021_ST_B6_10x24",0.0432233257543079,0.0833648426254946,0.0368699803298696,0.216207579088622,0.226287094167196,0.134072765309262,0.0168092073022373,0.155097769744603,0.0880674356784071,"Human_Breast_Andersson_10142021_ST_B6"
"Human_Breast_Andersson_10142021_ST_B6_10x25",0.0150648452473897,0.0596503087310693,0.0269379604322796,0.0354297123503881,0.0155486894232408,0.231389047829572,0.0926865284056961,0.207169363538023,0.316123544042342,"Human_Breast_Andersson_10142021_ST_B6"
"Human_Breast_Andersson_10142021_ST_B6_10x26",0.0459031721626772,0.0491543424580045,0.0399800939860826,0.0223625704621592,0.0244951615352999,0.280959202804991,0.0571211888017925,0.188279852679114,0.291744415109879,"Human_Breast_Andersson_10142021_ST_B6"
"Human_Breast_Andersson_10142021_ST_B6_10x27",0.0154626136830651,0.0451512258584223,0.0104736029419265,0.0290579525113438,0.025848257968167,0.240876930060398,0.065169022005699,0.254425384357254,0.313535010613725,"Human_Breast_Andersson_10142021_ST_B6"
"Human_Breast_Andersson_10142021_ST_B6_10x28",0.0162450923810791,0.0426857387761208,0.0215838805101749,0.0315237097089077,0.0534113521059328,0.443108161643355,0.0538316448691735,0.232377172637501,0.105233247367755,"Human_Breast_Andersson_10142021_ST_B6"
"Human_Breast_Andersson_10142021_ST_B6_10x29",0.0147313780675944,0.0697626291450726,0.013344471083044,0.0231975040240531,0.0235495964171224,0.495359641843968,0.0215015813542088,0.134093522297254,0.204459675767683,"Human_Breast_Andersson_10142021_ST_B6"
"Human_Breast_Andersson_10142021_ST_B6_11x13",0.177030411179652,0.357077416088859,0.0449426047584207,0.00498555010639828,0.00858862482884224,0.0647683498142385,0.0124398409577564,0.169637658663294,0.160529543602539,"Human_Breast_Andersson_10142021_ST_B6"
"Human_Breast_Andersson_10142021_ST_B6_11x14",0.195122945390317,0.0514365704656499,0.0497433047228529,0.0130004108736137,0.00618817801118475,0.0674257216297873,0.0526730165972607,0.498568301702829,0.0658415506065047,"Human_Breast_Andersson_10142021_ST_B6"
"Human_Breast_Andersson_10142021_ST_B6_11x15",0.0587110890394461,0.112395432058218,0.0155874363265791,0.00393865944522843,0.0252369219416478,0.121884485536136,0.0355928047902976,0.477208677760071,0.149444493102376,"Human_Breast_Andersson_10142021_ST_B6"
"Human_Breast_Andersson_10142021_ST_B6_11x16",0.195460807938816,0.108085302390806,0.0449347062657858,0.0102137729451433,0.0969007147541334,0.0243563131944917,0.0465469259385187,0.294845925529506,0.1786555310428,"Human_Breast_Andersson_10142021_ST_B6"
"Human_Breast_Andersson_10142021_ST_B6_11x18",0.0164876497021868,0.125779755146633,0.039737670042594,0.00543040624471589,0.0293721584185137,0.128309076756652,0.0294073538085484,0.414282462429764,0.211193467450393,"Human_Breast_Andersson_10142021_ST_B6"
"Human_Breast_Andersson_10142021_ST_B6_11x19",0.0445517269436934,0.114915689254696,0.0290535966212823,0.0213351577394073,0.164968736382957,0.137692557330486,0.0856043339333111,0.337445774612341,0.0644324271818259,"Human_Breast_Andersson_10142021_ST_B6"
"Human_Breast_Andersson_10142021_ST_B6_11x20",0.0269953339374234,0.0906847854534813,0.0349670432704903,0.0033762251261781,0.00555107465519006,0.087453464759779,0.026181136182758,0.590970232128522,0.133820704486178,"Human_Breast_Andersson_10142021_ST_B6"
"Human_Breast_Andersson_10142021_ST_B6_11x21",0.171982412730796,0.117470909949813,0.0887145002242195,0.0132713736212214,0.00826610200871798,0.0771241447079243,0.0387385119944262,0.414352495279977,0.0700795494829047,"Human_Breast_Andersson_10142021_ST_B6"
"Human_Breast_Andersson_10142021_ST_B6_11x22",0.20522308014672,0.0685429064230616,0.231536583045201,0.063034751578336,0.059165639224775,0.0829640227737965,0.0336154246944201,0.164294481432889,0.0916231106808008,"Human_Breast_Andersson_10142021_ST_B6"
"Human_Breast_Andersson_10142021_ST_B6_11x23",0.100360033739813,0.0902097161233078,0.0415169409749413,0.0446378774120299,0.114118161458372,0.134168707720476,0.065325788599605,0.332849750227496,0.0768130237439585,"Human_Breast_Andersson_10142021_ST_B6"
"Human_Breast_Andersson_10142021_ST_B6_11x24",0.0297722338497152,0.0678819061128632,0.0349953351328674,0.428536014299172,0.290499142179376,0.0618477445657406,0.015627164888358,0.052425545150817,0.01841491382109,"Human_Breast_Andersson_10142021_ST_B6"
"Human_Breast_Andersson_10142021_ST_B6_11x25",0.0101231363901668,0.0269311140981946,0.00774618956627017,0.222387455190979,0.221769380161043,0.215889170493388,0.0327336158296543,0.170901540488999,0.0915183977813053,"Human_Breast_Andersson_10142021_ST_B6"
"Human_Breast_Andersson_10142021_ST_B6_11x26",0.0105619861940604,0.0498887440389588,0.010659214260349,0.0650677598872251,0.0497808157546167,0.279934669516464,0.0792886459664677,0.237206953989102,0.217611210392756,"Human_Breast_Andersson_10142021_ST_B6"
"Human_Breast_Andersson_10142021_ST_B6_11x27",0.0189738820426337,0.0877855542524662,0.0239892747900968,0.0377333239486057,0.0317395752428667,0.195996963696266,0.117981832788484,0.116706389306,0.369093203932581,"Human_Breast_Andersson_10142021_ST_B6"
"Human_Breast_Andersson_10142021_ST_B6_11x28",0.0367146984558846,0.087306427588297,0.0286228006199393,0.170979368137067,0.143054461641769,0.188756737979147,0.0315227562226563,0.223338881607916,0.0897038677473234,"Human_Breast_Andersson_10142021_ST_B6"
"Human_Breast_Andersson_10142021_ST_B6_11x29",0.0155104460855144,0.0203448179430092,0.0127233811806639,0.0150376164845265,0.0336455412307867,0.0508217257029536,0.0888920441419667,0.308877299834445,0.454147127396134,"Human_Breast_Andersson_10142021_ST_B6"
"Human_Breast_Andersson_10142021_ST_B6_12x13",0.136139979475939,0.238676863979454,0.0223120308240349,0.00723795823264134,0.0224551246427057,0.192229426124874,0.161717032762027,0.0593862974624813,0.159845286495842,"Human_Breast_Andersson_10142021_ST_B6"
"Human_Breast_Andersson_10142021_ST_B6_12x14",0.0158214923181867,0.157833817832742,0.00558821903465465,0.00385812223755969,0.00328502740116256,0.0640273188971348,0.206596350131413,0.418083752086593,0.124905900060553,"Human_Breast_Andersson_10142021_ST_B6"
"Human_Breast_Andersson_10142021_ST_B6_12x15",0.0881960803448376,0.0726443062147312,0.0351073932175607,0.00927962246780677,0.00509506200723783,0.172821437425029,0.0755087265387436,0.469856671554614,0.071490700229439,"Human_Breast_Andersson_10142021_ST_B6"
"Human_Breast_Andersson_10142021_ST_B6_12x16",0.0566473076650751,0.174618030341524,0.0187040131831049,0.00523146071218991,0.00368098843145776,0.0405092055487382,0.0288169865057577,0.627008687381469,0.0447833202306831,"Human_Breast_Andersson_10142021_ST_B6"
"Human_Breast_Andersson_10142021_ST_B6_12x17",0.0618742182781026,0.10752665698328,0.0526435728083198,0.0025366482239886,0.00702386041958088,0.0430426185831659,0.0361087563539936,0.586335954828019,0.10290771352155,"Human_Breast_Andersson_10142021_ST_B6"
"Human_Breast_Andersson_10142021_ST_B6_12x18",0.0938459240737306,0.229316985006709,0.0234115669886729,0.0169122614384057,0.0212864413039807,0.0487992742604598,0.0834841957208357,0.407676185757113,0.0752671654500931,"Human_Breast_Andersson_10142021_ST_B6"
"Human_Breast_Andersson_10142021_ST_B6_12x19",0.053786586508873,0.229675926497318,0.0259227324321341,0.0219686165058272,0.0394394510078696,0.0896487200404173,0.0130610070751949,0.267733009843315,0.258763950089051,"Human_Breast_Andersson_10142021_ST_B6"
"Human_Breast_Andersson_10142021_ST_B6_12x20",0.0618880498982603,0.100756646874689,0.00803436949409552,0.00321040601644665,0.00464550112934837,0.122125172910214,0.0986365855385916,0.401582869167878,0.199120398970476,"Human_Breast_Andersson_10142021_ST_B6"
"Human_Breast_Andersson_10142021_ST_B6_12x21",0.135328714536283,0.105254399411649,0.073146605334417,0.000781994008665028,0.00386592304154051,0.0458219800360974,0.0306921549969348,0.478283549600698,0.126824679033714,"Human_Breast_Andersson_10142021_ST_B6"
"Human_Breast_Andersson_10142021_ST_B6_12x22",0.00966913800472347,0.11277447796548,0.0480311269460924,0.0274372250348641,0.0727125437988534,0.150057313366338,0.105996393025719,0.283928359642204,0.189393422215727,"Human_Breast_Andersson_10142021_ST_B6"
"Human_Breast_Andersson_10142021_ST_B6_12x23",0.032637934511395,0.11210271637184,0.0238387059268516,0.075936671386893,0.0457039300562094,0.0420825332758092,0.0382788625858112,0.423122589517814,0.206296056367377,"Human_Breast_Andersson_10142021_ST_B6"
"Human_Breast_Andersson_10142021_ST_B6_12x24",0.0592829016280903,0.175928327869987,0.0333219142159824,0.261046600624956,0.187532047894952,0.0832090966998444,0.00504250959743391,0.174220114222372,0.0204164872463824,"Human_Breast_Andersson_10142021_ST_B6"
"Human_Breast_Andersson_10142021_ST_B6_12x25",0.00548877127108049,0.0758568798077952,0.00278504985841306,0.405363869699804,0.311827920679708,0.0526466537456585,0.0101166881835807,0.11242200569841,0.0234921610555502,"Human_Breast_Andersson_10142021_ST_B6"
"Human_Breast_Andersson_10142021_ST_B6_12x26",0.0156138162336765,0.0312685654990165,0.0151801649882552,0.15644017535417,0.263491127329785,0.0497369468516482,0.0640898628879256,0.26436723650298,0.139812104352543,"Human_Breast_Andersson_10142021_ST_B6"
"Human_Breast_Andersson_10142021_ST_B6_12x27",0.0231723209309706,0.0726679936909234,0.027975355404581,0.0713808929404162,0.0855099064058662,0.248834911182456,0.0185579244489349,0.367850498952536,0.0840501960433156,"Human_Breast_Andersson_10142021_ST_B6"
"Human_Breast_Andersson_10142021_ST_B6_12x28",0.0191883790296125,0.0461424231210308,0.0166849841043791,0.0431200490943003,0.0189157598336904,0.325932402401562,0.0787613840348212,0.242143636848737,0.209110981531867,"Human_Breast_Andersson_10142021_ST_B6"
"Human_Breast_Andersson_10142021_ST_B6_13x14",0.00588312502578868,0.308210222441616,0.0182205522090924,0.000339911883757827,0.0358322021746267,0.125502286897838,0.331947436815864,0.0984403184655131,0.0756239440859028,"Human_Breast_Andersson_10142021_ST_B6"
"Human_Breast_Andersson_10142021_ST_B6_13x15",0.00382335595392632,0.129628885144582,0.094660349462225,0.15870121012163,0.0114144609615059,0.1985421268118,0.210137879041022,0.0912210947738534,0.101870637729456,"Human_Breast_Andersson_10142021_ST_B6"
"Human_Breast_Andersson_10142021_ST_B6_13x16",0.0403014156471681,0.287525553596976,0.00255276957016788,0.0179458034941123,0.00182646357507676,0.0419831633263458,0.0737246516460043,0.316627180852994,0.217512998291155,"Human_Breast_Andersson_10142021_ST_B6"
"Human_Breast_Andersson_10142021_ST_B6_13x17",0.00283430902579701,0.221829206383714,0.0637160907961023,0.0103673550184569,0.00211739328210364,0.0505779049754811,0.200456554996549,0.357898397171224,0.0902027883505725,"Human_Breast_Andersson_10142021_ST_B6"
"Human_Breast_Andersson_10142021_ST_B6_13x18",0.0092203720588182,0.102944127606463,0.00330088676361009,0.000762307874527722,0.000266811869946966,0.00528239954446115,0.0543623334785187,0.775241860252883,0.0486189005507711,"Human_Breast_Andersson_10142021_ST_B6"
"Human_Breast_Andersson_10142021_ST_B6_13x19",0.219823599724124,0.0902371158401845,0.0290082572904455,0.0139859806516803,0.00422058987944,0.107308670127806,0.0938446876749773,0.316677044475021,0.124894054336322,"Human_Breast_Andersson_10142021_ST_B6"
"Human_Breast_Andersson_10142021_ST_B6_13x20",0.350006772837504,0.254135164365407,0.0265572772641732,0.00038623992684116,0.00141022967301115,0.123205396299089,0.0168619275371807,0.119170912099404,0.10826607999739,"Human_Breast_Andersson_10142021_ST_B6"
"Human_Breast_Andersson_10142021_ST_B6_13x21",0.360202097504682,0.223404896915899,0.0419295131335892,0.0165101395060073,0.0557184951195762,0.00628107002624893,0.0291251893736194,0.247535640529462,0.0192929578909158,"Human_Breast_Andersson_10142021_ST_B6"
"Human_Breast_Andersson_10142021_ST_B6_13x22",0.156209237197478,0.0278645176060637,0.078920756920632,0.00527099841910538,0.00278049911939267,0.111206124032173,0.141328223501835,0.314846471938927,0.161573171264394,"Human_Breast_Andersson_10142021_ST_B6"
"Human_Breast_Andersson_10142021_ST_B6_13x23",0.247253071222481,0.501928958707621,0.00718684133687302,0.0181507482559009,0.0169513289699409,0.0432135997572627,0.0796389337723299,0.0547780440000627,0.0308984739775271,"Human_Breast_Andersson_10142021_ST_B6"
"Human_Breast_Andersson_10142021_ST_B6_13x24",0.0546379117249193,0.239735789475474,0.0425031945949551,0.309919077929475,0.202177327885202,0.0494320467884263,0.0233148937029585,0.0527949685742226,0.0254847893243682,"Human_Breast_Andersson_10142021_ST_B6"
"Human_Breast_Andersson_10142021_ST_B6_13x25",0.0381305229882727,0.207257778916155,0.0357068131847337,0.311097871042057,0.234514705296539,0.101897458213173,0.00338582882032922,0.0199928121980977,0.0480162093406429,"Human_Breast_Andersson_10142021_ST_B6"
"Human_Breast_Andersson_10142021_ST_B6_13x26",0.0445117292730387,0.0378840341932013,0.0204531178783702,0.250530346722535,0.273204712925614,0.03744239113919,0.0383791501394848,0.234418673173674,0.0631758445548916,"Human_Breast_Andersson_10142021_ST_B6"
"Human_Breast_Andersson_10142021_ST_B6_13x27",0.0240370729987818,0.0901405222851855,0.0175848742741506,0.330357802054707,0.143255969231805,0.0731841024179342,0.0326146689897259,0.232860355173487,0.055964632574223,"Human_Breast_Andersson_10142021_ST_B6"
"Human_Breast_Andersson_10142021_ST_B6_13x28",0.117735477404298,0.0885096435233401,0.0345911775467256,0.174951160210533,0.0323803899802199,0.118304069299289,0.00708366544658215,0.391244308426559,0.0352001081624527,"Human_Breast_Andersson_10142021_ST_B6"
"Human_Breast_Andersson_10142021_ST_B6_14x14",0.0764729531115982,0.189253961937455,0.054444754751022,0.00216103402770256,0.00167919233506562,0.0287019614179933,0.0147075742608932,0.56755521164203,0.0650233565162412,"Human_Breast_Andersson_10142021_ST_B6"
"Human_Breast_Andersson_10142021_ST_B6_14x15",0.0299970883767312,0.249972129755027,0.0145723760224803,0.130648119754908,0.0513605527200311,0.16479009614457,0.0678746104893655,0.241849406505735,0.0489356202311514,"Human_Breast_Andersson_10142021_ST_B6"
"Human_Breast_Andersson_10142021_ST_B6_14x16",0.0169652503194003,0.118214251871697,0.0126148916843533,0.000975989569670992,0.0191148585294668,0.0877217065369432,0.209092372961204,0.469006394359835,0.0662942841674294,"Human_Breast_Andersson_10142021_ST_B6"
"Human_Breast_Andersson_10142021_ST_B6_14x17",0.0344404187025139,0.0797000894649376,0.133686042291313,0.0770088728425111,0.00135001532830562,0.0216605108424725,0.0501455794198446,0.404564480069811,0.197443991038291,"Human_Breast_Andersson_10142021_ST_B6"
"Human_Breast_Andersson_10142021_ST_B6_14x18",0.00171936876430913,0.229846525729723,0.000273995990074746,0.00129544130175136,0.00113110424141458,0.0610922454878914,0.0599761074634699,0.570485507949317,0.0741797030720492,"Human_Breast_Andersson_10142021_ST_B6"
"Human_Breast_Andersson_10142021_ST_B6_14x20",0.179974220317902,0.139314656185674,0.0462815125673827,0.00154676640280656,0.000816897393364703,0.112547718221362,0.01081371024538,0.445456372270702,0.0632481463954265,"Human_Breast_Andersson_10142021_ST_B6"
"Human_Breast_Andersson_10142021_ST_B6_14x21",0.140964472423978,0.208229567556768,0.0501023071143279,0.023381114296254,0.0373234044038909,0.0940784162301761,0.0599982541676755,0.323847152234751,0.0620753115721785,"Human_Breast_Andersson_10142021_ST_B6"
"Human_Breast_Andersson_10142021_ST_B6_14x22",0.0186025364028148,0.557165350460828,0.000341447525975695,0.0682014078783731,0.111298646403677,0.139008863798263,0.0421589498923768,0.00723472319117255,0.0559880744465195,"Human_Breast_Andersson_10142021_ST_B6"
"Human_Breast_Andersson_10142021_ST_B6_14x23",0.00545983917125418,0.279495689229727,0.145753185519275,0.0756676104938953,0.0331582833282666,0.218888083358355,0.0310052977799398,0.158899516096635,0.0516724950226521,"Human_Breast_Andersson_10142021_ST_B6"
"Human_Breast_Andersson_10142021_ST_B6_14x24",0.225430522332596,0.235571209359073,0.00679450879581108,0.0284110093630115,0.0107968446881759,0.0865752696123757,0.0424845226890497,0.35768973774847,0.00624637541143734,"Human_Breast_Andersson_10142021_ST_B6"
"Human_Breast_Andersson_10142021_ST_B6_14x25",0.0101872948248403,0.411240746592643,0.00999575855627805,0.0154871621295006,0.202240297636602,0.147297280590581,0.00901202212932205,0.178358667941595,0.0161807695986379,"Human_Breast_Andersson_10142021_ST_B6"
"Human_Breast_Andersson_10142021_ST_B6_14x26",0.057243611270157,0.154537185106456,0.041258845491813,0.0265726210387968,0.0446212456904252,0.1502596058871,0.142615369795447,0.283564861616542,0.0993266541032632,"Human_Breast_Andersson_10142021_ST_B6"
"Human_Breast_Andersson_10142021_ST_B6_14x27",0.34670008885577,0.130171584377196,0.0869872804617949,0.0509031100793438,0.0779425373741883,0.0532404507724126,0.00703889684599197,0.212435844687913,0.0345802065453895,"Human_Breast_Andersson_10142021_ST_B6"
"Human_Breast_Andersson_10142021_ST_B6_14x28",0.154658088995322,0.0666913070882286,0.0543494903591457,0.00265860910003702,0.000797048596919729,0.21918860254178,0.0890423258063757,0.310495796358563,0.102118731153629,"Human_Breast_Andersson_10142021_ST_B6"
"Human_Breast_Andersson_10142021_ST_B6_15x14",0.0467815679684901,0.0273005873853804,0.0578658749648066,0.232886934607722,0.00344491672618068,0.396182614061835,0.013117944873239,0.022473179848942,0.199946379563405,"Human_Breast_Andersson_10142021_ST_B6"
"Human_Breast_Andersson_10142021_ST_B6_15x15",0.0125852116627539,0.0658417872084766,0.0474082835618674,0.0350800122668813,0.0422169758544613,0.050816783326046,0.381953738176256,0.00753840635616451,0.356558801587093,"Human_Breast_Andersson_10142021_ST_B6"
"Human_Breast_Andersson_10142021_ST_B6_15x17",0.0482959761558566,0.0330603337396525,0.383680828198541,0.12778381843956,0.00630141151269884,0.177134483828895,0.0180610673819367,0.0011915919119493,0.20449048883091,"Human_Breast_Andersson_10142021_ST_B6"
"Human_Breast_Andersson_10142021_ST_B6_15x18",0.131555558853116,0.205252459061806,0.022392549890988,0.0293509471450866,0.0439355662164216,0.279713653326618,0.0232920022645458,0.208104459370692,0.0564028038707254,"Human_Breast_Andersson_10142021_ST_B6"
"Human_Breast_Andersson_10142021_ST_B6_15x19",0.0883098561632804,0.269740729607067,0.0957399156970524,0.00147156716046498,0.0102491293737366,0.142716218448141,0.0333283419700401,0.311578379688828,0.0468658618913895,"Human_Breast_Andersson_10142021_ST_B6"
"Human_Breast_Andersson_10142021_ST_B6_15x20",0.0548054714844634,0.276651590245821,0.0154434090562339,0.211110812714907,0.231837085400769,0.105048329090514,0.0847902852539293,0.00832945708102807,0.0119835596723337,"Human_Breast_Andersson_10142021_ST_B6"
"Human_Breast_Andersson_10142021_ST_B6_15x21",0.121600171469635,0.174644906275526,0.00830668880893357,0.0227705208716514,0.0100752261600196,0.200476698671258,0.0240888130666675,0.402508977596652,0.0355279970796574,"Human_Breast_Andersson_10142021_ST_B6"
"Human_Breast_Andersson_10142021_ST_B6_15x22",0.130748235239822,0.304506594542349,0.128304514904544,0.00337728986252498,0.00381613817247875,0.0248330467810785,0.046527371681796,0.330879731512979,0.0270070773024279,"Human_Breast_Andersson_10142021_ST_B6"
"Human_Breast_Andersson_10142021_ST_B6_15x23",0.051534604376539,0.267910191337037,0.0345825691868791,0.0191404486113725,0.00552365745394069,0.127095370281473,0.00964259798110134,0.471629796362203,0.0129407644094533,"Human_Breast_Andersson_10142021_ST_B6"
"Human_Breast_Andersson_10142021_ST_B6_15x24",0.00447645840636387,0.291422750322283,0.0258595479251262,0.00218049130101586,0.00486548465900139,0.0389277692348544,0.197428147584866,0.422040703608127,0.0127986469583625,"Human_Breast_Andersson_10142021_ST_B6"
"Human_Breast_Andersson_10142021_ST_B6_15x25",0.0138974340155755,0.159650515712508,0.00916254351458117,0.0203116183502254,0.00231404320379221,0.107200274541981,0.0718992811885718,0.551436466750198,0.0641278227225678,"Human_Breast_Andersson_10142021_ST_B6"
"Human_Breast_Andersson_10142021_ST_B6_15x26",0.00302258967278948,0.278451827719141,0.0268922982964149,0.0164522336438118,0.0158014263551151,0.0483632918940174,0.200256304480603,0.348962480372165,0.0617975475659425,"Human_Breast_Andersson_10142021_ST_B6"
"Human_Breast_Andersson_10142021_ST_B6_15x27",0.0317815198249363,0.184989310934026,0.0168973555943295,0.0541836496773265,0.18553647889802,0.159453310565557,0.108501797671088,0.146044828595074,0.112611748239642,"Human_Breast_Andersson_10142021_ST_B6"
"Human_Breast_Andersson_10142021_ST_B6_16x16",0.092202544344375,0.0675108158734641,0.0238661409389218,0.0691915775996762,0.17588139279536,0.0426393078438603,0.0623150207865908,0.348250220392921,0.118142979424831,"Human_Breast_Andersson_10142021_ST_B6"
"Human_Breast_Andersson_10142021_ST_B6_16x17",0.000893561675694298,0.479185645867756,0.00140541260707373,0.0022759042899277,0.118750394685763,0.133064772363312,0.138700215474208,0.0240791835554347,0.10164490948083,"Human_Breast_Andersson_10142021_ST_B6"
"Human_Breast_Andersson_10142021_ST_B6_16x18",0.0107988834426201,0.191266590614382,0.0233389796149939,0.0729037937437534,0.137039673627046,0.216235613795899,0.127922722575648,0.158848702353676,0.0616450402319827,"Human_Breast_Andersson_10142021_ST_B6"
"Human_Breast_Andersson_10142021_ST_B6_16x19",0.0173443356140774,0.295976795444871,0.0372445583261311,0.0407668039944788,0.0675073659854669,0.129178987088628,0.0927827043994523,0.141847039872808,0.177351409274087,"Human_Breast_Andersson_10142021_ST_B6"
"Human_Breast_Andersson_10142021_ST_B6_16x20",0.000293306994470463,0.264593980734476,0.0697033837167934,0.130297470569941,0.0292339701449306,0.402408325784179,0.0514002067809836,0.00281368857234453,0.0492556667018814,"Human_Breast_Andersson_10142021_ST_B6"
"Human_Breast_Andersson_10142021_ST_B6_16x21",0.153017738974463,0.103124362752656,0.0459369306497916,0.00816420817254225,0.017564119808669,0.0588344061775157,0.0113718204569553,0.363330834931063,0.238655578076345,"Human_Breast_Andersson_10142021_ST_B6"
"Human_Breast_Andersson_10142021_ST_B6_16x22",0.192330324616255,0.211406994630973,0.09423632843496,0.00154855631427488,0.00319144844500313,0.0659966781778649,0.250948199635265,0.0657779354477194,0.114563534297685,"Human_Breast_Andersson_10142021_ST_B6"
"Human_Breast_Andersson_10142021_ST_B6_16x23",0.0370224293733765,0.32014084969353,0.0069837536342779,0.00438325890053785,0.00277296318687498,0.0378317130965066,0.361823672130276,0.207045107168643,0.0219962528159778,"Human_Breast_Andersson_10142021_ST_B6"
"Human_Breast_Andersson_10142021_ST_B6_16x24",0.088997277785988,0.307923294583708,0.0024577462315454,0.00626053761076467,0.00203491904908786,0.0505606033227446,0.0984312879860095,0.437718908092723,0.00561542533742959,"Human_Breast_Andersson_10142021_ST_B6"
"Human_Breast_Andersson_10142021_ST_B6_16x25",0.203801838099752,0.184717753114107,0.0528910055042726,0.00965217098597839,0.00955092339919798,0.0328223651481161,0.324621971594965,0.151829833541854,0.0301121386117573,"Human_Breast_Andersson_10142021_ST_B6"
"Human_Breast_Andersson_10142021_ST_B6_16x26",0.0174203926763823,0.192127477370637,0.0207136871873075,0.0168390385643148,0.0109997513227455,0.129746154531777,0.42336864212457,0.149315913482771,0.0394689427394955,"Human_Breast_Andersson_10142021_ST_B6"
"Human_Breast_Andersson_10142021_ST_B6_16x27",0.332099403960619,0.235401063390811,0.0274081581467097,0.00883077019566926,0.00944285790760634,0.070782078108967,0.203276321927247,0.098082682434553,0.014676663927818,"Human_Breast_Andersson_10142021_ST_B6"
"Human_Breast_Andersson_10142021_ST_B6_17x15",0.0547864783291811,0.165902123597603,0.00693897678222061,0.0595160003906807,0.00497361365670878,0.0964508898242184,0.0192265862592481,0.333150338087792,0.259054993072347,"Human_Breast_Andersson_10142021_ST_B6"
"Human_Breast_Andersson_10142021_ST_B6_17x16",0.00770814775531032,0.316073770124399,0.033930703152095,0.00271993344414963,0.00311227032768892,0.188211000549366,0.0213381336772431,0.350340634471449,0.0765654064982996,"Human_Breast_Andersson_10142021_ST_B6"
"Human_Breast_Andersson_10142021_ST_B6_17x17",0.145771983716057,0.53843539158896,0.00402787246355869,0.0126484678756611,0.00592330566436527,0.175087099280649,0.0341282951507546,0.0336680402181911,0.0503095440418033,"Human_Breast_Andersson_10142021_ST_B6"
"Human_Breast_Andersson_10142021_ST_B6_17x18",0.00670737351682527,0.156035414808634,0.0197770604571403,0.0208872265643197,0.00294728428721737,0.0264385023151063,0.0951130249616865,0.437086102803563,0.235008010285508,"Human_Breast_Andersson_10142021_ST_B6"
"Human_Breast_Andersson_10142021_ST_B6_17x19",0.0143944886011754,0.0817236715721772,0.322598349214527,0.143705355533616,0.000923277629648039,0.0865529080825348,0.134675956451894,0.0319035569341362,0.183522435980291,"Human_Breast_Andersson_10142021_ST_B6"
"Human_Breast_Andersson_10142021_ST_B6_17x20",0.000896281527374196,0.139505938040446,0.00365667887755753,0.000156040964356669,0.00385432899958709,0.0432910974749477,0.213429778469556,0.530749505492792,0.0644603501533827,"Human_Breast_Andersson_10142021_ST_B6"
"Human_Breast_Andersson_10142021_ST_B6_17x21",0.0340336649979531,0.12237672098826,0.0125089306259312,0.00293904494643597,0.0441639067155458,0.0875890403215578,0.0872591283817945,0.423796493515838,0.185333069506684,"Human_Breast_Andersson_10142021_ST_B6"
"Human_Breast_Andersson_10142021_ST_B6_17x22",0.0268279010200016,0.153739143651862,0.0275446401554086,0.00792490551728869,0.0139380399072542,0.0669576259687286,0.418124261637731,0.256571512506683,0.0283719696350419,"Human_Breast_Andersson_10142021_ST_B6"
"Human_Breast_Andersson_10142021_ST_B6_17x24",0.0565787023838223,0.0728831503002328,0.100617586306168,0.00369722622839451,0.00146234306034455,0.0953872734477808,0.516951446596834,0.11723066136368,0.0351916103127425,"Human_Breast_Andersson_10142021_ST_B6"
"Human_Breast_Andersson_10142021_ST_B6_17x25",0.024388603602008,0.0861038024103446,0.0935048152167835,0.00187473217277406,0.00102819817312648,0.0863300841907653,0.39374410209991,0.29463927327299,0.0183863888612982,"Human_Breast_Andersson_10142021_ST_B6"
"Human_Breast_Andersson_10142021_ST_B6_18x15",0.0528829912488381,0.0483000950439715,0.014035968719636,0.00034384284934528,8.03368706361419e-05,0.254009965767026,0.0156765864583478,0.566424189069045,0.0482460239731546,"Human_Breast_Andersson_10142021_ST_B6"
"Human_Breast_Andersson_10142021_ST_B6_18x16",0.0178001880795884,0.0518121765804716,0.161029736481857,0.0061514493019352,0.00209163145614356,0.161412207731472,0.327044926610826,0.176177688452526,0.0964799953051801,"Human_Breast_Andersson_10142021_ST_B6"
"Human_Breast_Andersson_10142021_ST_B6_18x17",0.0250139586052753,0.174401011599848,0.0319552547267989,0.00252663136845515,0.00115434483134711,0.0277705619199624,0.0364398612761915,0.563373223949378,0.137365151722743,"Human_Breast_Andersson_10142021_ST_B6"
"Human_Breast_Andersson_10142021_ST_B6_18x22",0.0020894585234074,0.101072355682221,0.0489196162304296,0.00995935964905592,0.00149257083490674,0.186948657617298,0.50075458882016,0.100868369720822,0.0478950229216993,"Human_Breast_Andersson_10142021_ST_B6"
"Human_Breast_Andersson_10142021_ST_B6_18x23",0.0107500477896143,0.103113584872554,0.0696769761699475,0.000385077441138883,8.76537806654621e-05,0.169922792746778,0.237711741772912,0.338627627980663,0.0697244974457273,"Human_Breast_Andersson_10142021_ST_B6"
"Human_Breast_Andersson_10142021_ST_B6_18x24",0.00257385250120591,0.0274080764626981,0.000172878966775822,0.000476686201388164,0.000371646205486722,0.00348810216057033,0.0851621360650191,0.861083628095219,0.0192629933416374,"Human_Breast_Andersson_10142021_ST_B6"
"Human_Breast_Andersson_10142021_ST_B6_18x25",0.019619918030895,0.260420624978453,0.0109040558405824,0.000553226775953549,0.0354059757887317,0.0323443064753003,0.0398651384698804,0.588916178408953,0.0119705752312506,"Human_Breast_Andersson_10142021_ST_B6"
"Human_Breast_Andersson_10142021_ST_B6_18x26",0.00399672291078277,0.0492356130292324,0.0168105384844898,0.00730752009857909,0.382390754786636,0.127429538610177,0.112005439830227,0.277513470396813,0.0233104018530629,"Human_Breast_Andersson_10142021_ST_B6"
"Human_Breast_Andersson_10142021_ST_B6_18x27",0.0193157115885943,0.0848923306482827,0.0230954133990752,0.0070604855954111,0.00493417645830175,0.0366392357475263,0.34944131200557,0.469624137829941,0.00499719672729753,"Human_Breast_Andersson_10142021_ST_B6"
"Human_Breast_Andersson_10142021_ST_B6_19x19",0.0360093370932936,0.206706761751946,0.0124724630284083,0.000154763238424808,0.000417470867727369,0.0346262579797305,0.471254575377001,0.000654913226921324,0.237703457436547,"Human_Breast_Andersson_10142021_ST_B6"
"Human_Breast_Andersson_10142021_ST_B6_19x20",0.00612391602770916,0.0284570048178564,0.084239076703531,0.000336989029405359,0.000288732891916433,0.135000934959044,0.0142273483622987,0.715595179555142,0.0157308176530968,"Human_Breast_Andersson_10142021_ST_B6"
"Human_Breast_Andersson_10142021_ST_B6_19x21",0.0132735537279206,0.0354791260183826,0.0520754736688096,0.00770785190271154,0.00531450430250759,0.0129813405706576,0.236943271705715,0.48083595584538,0.155388922257915,"Human_Breast_Andersson_10142021_ST_B6"
"Human_Breast_Andersson_10142021_ST_B6_19x23",0.147752751242225,0.32410533679029,0.0649626686357138,0.0717271259856415,0.098424809638628,0.0937043533579397,0.00307265900992952,0.0146492657267341,0.181601029612897,"Human_Breast_Andersson_10142021_ST_B6"
"Human_Breast_Andersson_10142021_ST_B6_19x24",0.000730118297741808,0.00244570843240548,0.186677382889674,0.033199473988357,0.000731590134134513,0.0358543436803715,0.140030553538713,0.490002569701467,0.110328259337136,"Human_Breast_Andersson_10142021_ST_B6"
"Human_Breast_Andersson_10142021_ST_B6_19x25",0.0132712315074443,0.0976806189599212,0.00516351640266262,0.313943179763959,0.0497629751908119,0.0805045298409337,0.0189141800544894,0.390701999816417,0.0300577684633611,"Human_Breast_Andersson_10142021_ST_B6"
"Human_Breast_Andersson_10142021_ST_B6_19x26",0.154595923283892,0.0872987887299296,0.0801433079787064,0.120417247054903,0.237135288415755,0.26904349791425,0.00621773979871891,0.0398490631331603,0.00529914369068441,"Human_Breast_Andersson_10142021_ST_B6"
"Human_Breast_Andersson_10142021_ST_B6_20x17",0.0129353788275338,0.153763615237382,0.297233519722342,0.00151532611536217,0.00148396095528975,0.162339937557281,0.0114352054387232,0.169525292957228,0.189767763188858,"Human_Breast_Andersson_10142021_ST_B6"
"Human_Breast_Andersson_10142021_ST_B6_20x18",0.310130614449126,0.0644828082601673,0.036548099657871,0.115693393209683,0.0375471724456668,0.214775596224964,0.129017894329927,0.000305825725225992,0.0914985956973699,"Human_Breast_Andersson_10142021_ST_B6"
"Human_Breast_Andersson_10142021_ST_B6_20x19",0.0575733799793626,0.039068325580576,0.0494454121732031,0.072298360586362,0.00919145058404868,0.328480400272471,0.152331009082707,0.00447595660919831,0.287135705132072,"Human_Breast_Andersson_10142021_ST_B6"
"Human_Breast_Andersson_10142021_ST_B6_20x21",0.00595448129174395,0.0154765665278744,0.0217192282136242,0.000655720746615503,7.29790396253446e-05,0.0179405277266142,0.00214165962637078,0.919459925033135,0.0165789117943969,"Human_Breast_Andersson_10142021_ST_B6"
"Human_Breast_Andersson_10142021_ST_B6_20x22",0.166820993670208,0.0355169432671572,0.00514732269138378,0.0470545540386521,0.0516587645998901,0.178606016834453,0.505249181922009,9.56799155493019e-05,0.00985054306069723,"Human_Breast_Andersson_10142021_ST_B6"
"Human_Breast_Andersson_10142021_ST_B6_20x23",0.00547378071059889,0.112451484897856,0.0527379986958165,0.047193712058352,0.445590033893013,0.0278282495356213,0.0416898929894246,0.189028101076454,0.0780067461428644,"Human_Breast_Andersson_10142021_ST_B6"
"Human_Breast_Andersson_10142021_ST_B6_20x24",0.017830855059353,0.0616110756601045,0.121625092016098,0.0133132424491131,0.0055560738245386,0.0661432719991109,0.00615884240593148,0.669107289036156,0.0386542575495942,"Human_Breast_Andersson_10142021_ST_B6"
"Human_Breast_Andersson_10142021_ST_B6_20x25",0.0390649464679603,0.0760396823161866,0.243273360038749,0.00491131658592723,0.0568020435845181,0.166648415310076,0.00678790382064566,0.369919561035758,0.0365527708401794,"Human_Breast_Andersson_10142021_ST_B6"
"Human_Breast_Andersson_10142021_ST_B6_20x26",0.0323240683305001,0.0261763300587351,0.0248202270791083,0.0225622769553013,0.0327332900172813,0.0701686662172114,0.072840286854525,0.674544351086122,0.0438305034012153,"Human_Breast_Andersson_10142021_ST_B6"
"Human_Breast_Andersson_10142021_ST_B6_21x18",0.0578540600626091,0.254623245270496,0.0455883542966703,0.0170020251373578,0.00733817221117282,0.018640555968741,0.239587484132455,0.0735674506915257,0.285798652228971,"Human_Breast_Andersson_10142021_ST_B6"
"Human_Breast_Andersson_10142021_ST_B6_21x19",0.0956619573628608,0.142640681797994,0.0274860343542114,0.46563724241565,0.0989345402940589,0.058088291292322,0.016589837986966,7.70220529318123e-05,0.094884392443005,"Human_Breast_Andersson_10142021_ST_B6"
"Human_Breast_Andersson_10142021_ST_B6_21x20",0.0429155378484802,0.142640319111218,0.15952050319899,0.00324145604382346,0.000691490564645906,0.231312741304492,0.0317544983610686,0.00486016274476608,0.383063290822516,"Human_Breast_Andersson_10142021_ST_B6"
"Human_Breast_Andersson_10142021_ST_B6_21x21",0.00547797613201857,0.215509383875685,0.00809017507225066,0.00334248460201415,0.00847920332617748,0.155171912606044,0.263439280984582,0.222700571406946,0.117789011994283,"Human_Breast_Andersson_10142021_ST_B6"
"Human_Breast_Andersson_10142021_ST_B6_21x22",4.45530661330361e-05,0.0761948748276468,0.0285085460570311,0.0133344156390733,0.000317258931191615,0.207736114285972,0.155732726818564,0.328499372324889,0.189632138049499,"Human_Breast_Andersson_10142021_ST_B6"
"Human_Breast_Andersson_10142021_ST_B6_21x24",0.121269766745651,0.0897931984774509,0.0191056153178697,0.000398996121164324,0.00214250068106388,0.0469694390349006,0.0129093450366105,0.678852787800648,0.0285583507846411,"Human_Breast_Andersson_10142021_ST_B6"
"Human_Breast_Andersson_10142021_ST_B6_21x25",0.142969831829456,0.124082083358016,0.0973018626020819,0.0159049135168423,0.00857299549537628,0.0743432426703329,0.0389401746301452,0.48193719744373,0.0159476984540192,"Human_Breast_Andersson_10142021_ST_B6"
"Human_Breast_Andersson_10142021_ST_B6_22x17",0.256174249855197,0.078907454298624,0.036400565637453,0.00970625221821473,0.0116765110538142,0.0320364345875912,0.212745729061611,0.260240790117608,0.102112013169887,"Human_Breast_Andersson_10142021_ST_B6"
"Human_Breast_Andersson_10142021_ST_B6_22x18",0.00830491813496154,0.20866574669708,0.123283910053672,0.143652108552615,0.0311265621876553,0.132340162226677,0.111689602715051,0.129247316353487,0.111689673078801,"Human_Breast_Andersson_10142021_ST_B6"
"Human_Breast_Andersson_10142021_ST_B6_22x19",0.102089727081815,0.0340513896885944,0.0789819060527848,0.103182132694769,0.0134191261195586,0.149831210695639,0.0162936632273923,0.250176500154473,0.251974344284975,"Human_Breast_Andersson_10142021_ST_B6"
"Human_Breast_Andersson_10142021_ST_B6_22x20",0.259729863781259,0.600798545652696,0.000624047531005865,0.00024502950701795,5.38122794437579e-05,0.00155003032343635,0.0131375132722216,0.105211635475588,0.0186495221773319,"Human_Breast_Andersson_10142021_ST_B6"
"Human_Breast_Andersson_10142021_ST_B6_22x21",0.00739190625088827,0.510720505194187,0.0936326026234144,0.00275841275060897,0.0343067999286757,0.189583190087269,0.0177068843376068,0.00627652086369857,0.137623177963651,"Human_Breast_Andersson_10142021_ST_B6"
"Human_Breast_Andersson_10142021_ST_B6_22x22",0.0687403609222755,0.0989558091133842,0.176387776123722,0.100691037082867,0.0788403091918704,0.0756677264632025,0.198839460302672,0.173250034140128,0.0286274866598784,"Human_Breast_Andersson_10142021_ST_B6"
"Human_Breast_Andersson_10142021_ST_B6_22x23",0.0273325253266628,0.105925566734857,0.00443230343192284,0.457862586396702,0.0114814566592365,0.28896744917213,0.0603945853974748,0.00237353605566162,0.0412299908253523,"Human_Breast_Andersson_10142021_ST_B6"
"Human_Breast_Andersson_10142021_ST_B6_22x25",0.0205922093236106,0.292206118307728,0.101574179684807,0.172389887347624,0.0199434519340964,0.0758750103653269,0.103727916494022,0.0103549167770516,0.203336309765735,"Human_Breast_Andersson_10142021_ST_B6"
"Human_Breast_Andersson_10142021_ST_B6_22x26",6.41980859498591e-05,0.000423252758850571,4.7322516418289e-05,0.00273646133233464,0.000460849571375839,0.0800639268229116,0.281732984231306,0.595279017362132,0.0391919873187207,"Human_Breast_Andersson_10142021_ST_B6"
"Human_Breast_Andersson_10142021_ST_B6_23x17",0.0756066885635723,0.170872433749602,0.312833706677167,0.000947537758000738,0.00137044600686949,0.0764508218054869,0.0920268688302011,0.192390785391411,0.0775007112176886,"Human_Breast_Andersson_10142021_ST_B6"
"Human_Breast_Andersson_10142021_ST_B6_23x18",0.0316347208442455,0.184696798129009,0.00773165110642686,0.0728281024844458,0.176392883587523,0.118942244740084,0.113294897416845,0.111160855990245,0.183317845701177,"Human_Breast_Andersson_10142021_ST_B6"
