"","Endothelial","CAFs","PVL","B-cells","T-cells","Myeloid","Normal Epithelial","Plasmablasts","Cancer Epithelial","sid"
"GSE203612_GSM6177603_AAACAACGAATAGTTC-1",0.0457704729050829,0.160340365580868,0.0615906342435616,0.000638632857947293,0.000877349084645764,0.0128859908421407,0.314137851070534,0.0257345730213358,0.378024130393883,"GSE203612_GSM6177603"
"GSE203612_GSM6177603_AAACAGCTTTCAGAAG-1",0.0138692364325095,0.127513656516736,0.0047102468070778,0.000979498483412051,0.00346181665342842,0.0258437812236797,0.205858482916613,0.00296750326508033,0.614795777701464,"GSE203612_GSM6177603"
"GSE203612_GSM6177603_AAACAGGGTCTATATT-1",0.0230014101820015,0.154379649643202,0.0140228089283668,0.0069596122361554,0.018294155990099,0.0936867455054638,0.135216424971463,0.0382090950463962,0.516230097496853,"GSE203612_GSM6177603"
"GSE203612_GSM6177603_AAACCGGGTAGGTACC-1",0.015329009067036,0.0188660882459422,0.00684652780024807,0.00458988720465783,0.0149100777139366,0.0921850708063532,0.153040904623179,0.0104774681369532,0.683754966401693,"GSE203612_GSM6177603"
"GSE203612_GSM6177603_AAACCGTTCGTCCAGG-1",0.0317880451953165,0.0214900622665208,0.0123408961510116,0.00606750405020665,0.019746386440023,0.076319003008267,0.163742337303071,0.0047443689071028,0.66376139667848,"GSE203612_GSM6177603"
"GSE203612_GSM6177603_AAACCTAAGCAGCCGG-1",0.0148210610316198,0.143649778527913,0.0114576486948985,0.00191287554508165,0.00704176979670758,0.0588824751373206,0.160586933013466,0.00372733963820311,0.59792011861479,"GSE203612_GSM6177603"
"GSE203612_GSM6177603_AAACCTCATGAAGTTG-1",0.0211248044670866,0.0256009493642273,0.0140539858521234,0.00732543937974004,0.0214222703228636,0.0872052426528862,0.22066639337509,0.0156588399442472,0.586942074641736,"GSE203612_GSM6177603"
"GSE203612_GSM6177603_AAACGGGTTGGTATCC-1",0.0232290802658355,0.102656010122765,0.0128393502568193,0.000475172754715866,0.00183440662094392,0.0317579472703539,0.256491257137504,0.00259814917153931,0.568118626399522,"GSE203612_GSM6177603"
"GSE203612_GSM6177603_AAACGGTTGCGAACTG-1",0.00892037736648703,0.0168971835249386,0.00868616105433383,0.00303460384408876,0.0135359355776985,0.0628849977980503,0.202306614130434,0.0170746946791828,0.666659432024786,"GSE203612_GSM6177603"
"GSE203612_GSM6177603_AAACTCGGTTCGCAAT-1",0.0182515546316163,0.0376848365510877,0.00845962057205262,0.00457830175139272,0.0188247143433896,0.0718813612496132,0.115752715589656,0.00591221253228885,0.718654682778903,"GSE203612_GSM6177603"
"GSE203612_GSM6177603_AAACTGCTGGCTCCAA-1",0.0317893076045519,0.147625664218693,0.0229659482785809,0.00646941919051394,0.0211372916534632,0.165416388729653,0.10587632818208,0.0356256159587204,0.463094036183743,"GSE203612_GSM6177603"
"GSE203612_GSM6177603_AAACTTGCAAACGTAT-1",0.024237792052452,0.022221361064599,0.0125990104366124,0.00590636815575828,0.0166210508106262,0.0719323481425503,0.230298163694084,0.00949647402664132,0.606687431616676,"GSE203612_GSM6177603"
"GSE203612_GSM6177603_AAAGACCCAAGTCGCG-1",0.0222409857656723,0.0428797603897058,0.0159494527857442,0.0103565939769724,0.011824005592906,0.0776857704062074,0.198028607214409,0.0307688179503387,0.590266005918044,"GSE203612_GSM6177603"
"GSE203612_GSM6177603_AAAGACTGGGCGCTTT-1",0.0189750653473738,0.0373668074797026,0.0101137770958323,0.00395534158670866,0.0120481989520305,0.0468436105502812,0.234654839121793,0.0161460481728613,0.619896311693417,"GSE203612_GSM6177603"
"GSE203612_GSM6177603_AAAGGCTACGGACCAT-1",0.0233983095873819,0.0103159622307738,0.011598597921965,0.00623762272179491,0.0147496182852723,0.0307526087064912,0.144233223503516,0.0100776506810973,0.748636406361708,"GSE203612_GSM6177603"
"GSE203612_GSM6177603_AAAGGCTCTCGCGCCG-1",0.0173512983627053,0.022667957373841,0.0115091141735434,0.0103717995256649,0.0261848276623917,0.0418045497703315,0.159802178604627,0.0178200614302997,0.692488213096596,"GSE203612_GSM6177603"
"GSE203612_GSM6177603_AAAGGGATGTAGCAAG-1",0.0367263141563036,0.083536242336269,0.0233176942830451,0.0079133322191467,0.0213574699106991,0.194009291681723,0.0955438896411105,0.0270691905677792,0.510526575203923,"GSE203612_GSM6177603"
"GSE203612_GSM6177603_AAAGGGCAGCTTGAAT-1",0.0311088262685612,0.0899738027079796,0.0121439358257871,0.0067157525799001,0.0177424673050741,0.149189479141011,0.236677526975121,0.00759491099277661,0.448853298203789,"GSE203612_GSM6177603"
"GSE203612_GSM6177603_AAAGTAGCATTGCTCA-1",0.0249425113301196,0.0161776344421951,0.0181891798600469,0.00535717564001534,0.0169002942127138,0.0638277833281038,0.1835613384848,0.0143751662802074,0.656668916421798,"GSE203612_GSM6177603"
"GSE203612_GSM6177603_AAAGTCGACCCTCAGT-1",0.0239736083003691,0.0435703462329288,0.00973445150569732,0.00810860157822102,0.0173046720479162,0.0860296538578371,0.237297248844534,0.0173348230050338,0.556646594627463,"GSE203612_GSM6177603"
"GSE203612_GSM6177603_AAATACCTATAAGCAT-1",0.0194577152136862,0.0882003900022382,0.00876834966421967,0.0100579991114925,0.0266808201283531,0.135855408970353,0.1094090917758,0.0131076407857684,0.588462584348089,"GSE203612_GSM6177603"
"GSE203612_GSM6177603_AAATAGGGTGCTATTG-1",0.0083226191511985,0.0115711700696851,0.00538136580841108,0.00400395371538072,0.0155267012166761,0.0405530340196258,0.156998470433547,0.00769284686628539,0.749949838719191,"GSE203612_GSM6177603"
"GSE203612_GSM6177603_AAATCGTGTACCACAA-1",0.0153650046668587,0.0567177523306284,0.0168200697716846,0.00425390772847637,0.015363218629926,0.101499437050605,0.204598822851014,0.00613527789217525,0.579246509078632,"GSE203612_GSM6177603"
"GSE203612_GSM6177603_AAATGCTCGTTACGTT-1",0.0174795290717325,0.151557073363386,0.0153037124111493,0.00409737006103494,0.00855050264721703,0.0708157072123322,0.171502394817508,0.0201191786205232,0.540574531795117,"GSE203612_GSM6177603"
"GSE203612_GSM6177603_AAATGGCCCGTGCCCT-1",0.0209034407284078,0.0264553269518692,0.0156295996216779,0.00798470024828889,0.0179149846290041,0.0681143105024959,0.194327185995887,0.0104374665689001,0.638232984753469,"GSE203612_GSM6177603"
"GSE203612_GSM6177603_AAATGGTCAATGTGCC-1",0.0202111315050568,0.0803812185702158,0.0130940909516937,0.00616907576455852,0.0195876878503651,0.074606103265616,0.266380733540084,0.0204516059822664,0.499118352570144,"GSE203612_GSM6177603"
"GSE203612_GSM6177603_AAATGTATCTTATCCC-1",0.154644670677062,0.641470108007008,0.0312711386323417,0.000264380768406497,0.00144307089863109,0.0243396147545732,0.0964671310916945,0.00206313715302784,0.0480367480172551,"GSE203612_GSM6177603"
"GSE203612_GSM6177603_AAATTAACGGGTAGCT-1",0.0182916553824285,0.252293925292424,0.0146260375443541,0.00679898299650696,0.011205681760905,0.108746018234084,0.154321556723766,0.015913075051935,0.417803067013597,"GSE203612_GSM6177603"
"GSE203612_GSM6177603_AAATTAATAAGCGCGA-1",0.0496139586100534,0.212560504738206,0.0111280107209871,0.00185160053777638,0.0052447855076263,0.0673025319383009,0.247010957383994,0.00554527726953359,0.399742373293522,"GSE203612_GSM6177603"
"GSE203612_GSM6177603_AAATTGATAGTCCTTT-1",0.0265098527597308,0.085041006157925,0.0243500878556523,0.0112405412491735,0.0227463564512497,0.156006337459611,0.216185896302469,0.00668770563821908,0.45123221612597,"GSE203612_GSM6177603"
"GSE203612_GSM6177603_AAATTGCGGCGGTTCT-1",0.00737245630737232,0.143047413305568,0.00414256572668414,0.00012671801364433,0.000752375909892462,0.0104300488871395,0.351915485196933,0.0138368380220608,0.468376098630706,"GSE203612_GSM6177603"
"GSE203612_GSM6177603_AAATTTGCGGGTGTGG-1",0.0219437647335422,0.0481753938243329,0.0141280374845831,0.00656584137623831,0.0170090623489254,0.0733364981613794,0.184436647207593,0.0224345610721468,0.611970193791259,"GSE203612_GSM6177603"
"GSE203612_GSM6177603_AACAACTGGTAGTTGC-1",0.0305867258358763,0.0809049455364597,0.016687885060197,0.0170782561181616,0.026927931071626,0.122249913215055,0.172921542637231,0.0124128124847782,0.520229988040614,"GSE203612_GSM6177603"
"GSE203612_GSM6177603_AACAATACATTGTCGA-1",0.0124721652714619,0.00860520339574657,0.00677503506854527,0.00604668663415286,0.0178668898860217,0.0376870426019338,0.188762523253593,0.0206398448552219,0.701144609033323,"GSE203612_GSM6177603"
"GSE203612_GSM6177603_AACAATTACTCTACGC-1",0.0205641964043371,0.189238596208989,0.0117786808189504,0.0104288669693609,0.0211009315685204,0.112608944148555,0.185555198902291,0.0289461491792764,0.41977843579972,"GSE203612_GSM6177603"
"GSE203612_GSM6177603_AACACGAGACGCGGCC-1",0.034947234480266,0.0273401401600541,0.0270310253181835,0.00684033115104427,0.0179372646598572,0.070180569645636,0.2005306492872,0.0121797411418054,0.603013044155954,"GSE203612_GSM6177603"
"GSE203612_GSM6177603_AACACGCGGCCGCGAA-1",0.0115273527824809,0.0217839406544143,0.00722898474008441,0.0010536777208108,0.00379808777732235,0.0263883618951655,0.264333567480601,0.0117053453524124,0.652180681596708,"GSE203612_GSM6177603"
"GSE203612_GSM6177603_AACAGCTGTGTGGCAA-1",0.0204059311376561,0.0289453826305504,0.0115639991171722,0.00548235299929869,0.0148752713449186,0.0628696381158477,0.176766938194464,0.0115668175381504,0.667523668921942,"GSE203612_GSM6177603"
"GSE203612_GSM6177603_AACAGGATGGGCCGCG-1",0.020439461431675,0.0656555408892013,0.00875357019913657,0.00331850617932882,0.0108807496433507,0.160886841159882,0.170292622974791,0.00783020307236225,0.551942504450272,"GSE203612_GSM6177603"
"GSE203612_GSM6177603_AACATAGCGTGTATCG-1",0.0386499042120167,0.017175856230867,0.0904625135834528,0.000224156809250018,0.000652117896543274,0.0808196630408567,0.102635530195078,0.0172016910624865,0.652178566969449,"GSE203612_GSM6177603"
"GSE203612_GSM6177603_AACATTGGTCAGCCGT-1",0.0244097604362054,0.143842122100517,0.0191783378655428,1.19057238529337e-05,0.000107615052051172,0.00668237339228098,0.317112202224953,0.0484899054260312,0.440165777778565,"GSE203612_GSM6177603"
"GSE203612_GSM6177603_AACATTGTGACTCGAG-1",0.0171331825128119,0.018030490526436,0.00931533661824839,0.00403248580691412,0.0124020671860907,0.0419587182286702,0.250798189132712,0.00577261740501932,0.640556912583098,"GSE203612_GSM6177603"
"GSE203612_GSM6177603_AACCAAGACTTCTCTG-1",0.0240029612283191,0.0596215732309177,0.0191050719992772,0.0109486617146551,0.0222016713365435,0.104756431751232,0.217583702073603,0.0143560216131788,0.527423905052273,"GSE203612_GSM6177603"
"GSE203612_GSM6177603_AACCATGGGATCGCTA-1",0.0111668900870678,0.0431518788692091,0.0137850147440759,0.00382587650377813,0.00817447860648256,0.0437297004011749,0.224773496762049,0.0150170087259231,0.636375655300239,"GSE203612_GSM6177603"
"GSE203612_GSM6177603_AACCCAGAGACGGAGA-1",0.0248049340860145,0.134368848564437,0.0204851722239297,0.00278389309087633,0.00847155280985038,0.119273504399055,0.187945952489174,0.0325771702020378,0.469288972134625,"GSE203612_GSM6177603"
"GSE203612_GSM6177603_AACCCATCCCATGATC-1",0.039168543140776,0.234446238172756,0.0282777960413589,0.000919177993064318,0.00290186038672202,0.0437136389406177,0.273058067729479,0.0300856005063376,0.347429077088888,"GSE203612_GSM6177603"
"GSE203612_GSM6177603_AACCCGACAACCCGTG-1",0.012966517633009,0.161561986362263,0.0290300376613277,0.005237471435991,0.00973305939655972,0.0446720180782899,0.30656453884638,0.0643815484143161,0.365852822171864,"GSE203612_GSM6177603"
"GSE203612_GSM6177603_AACCGAGCTTGGTCAT-1",0.0157326226055115,0.0618847006166961,0.020436191037671,0.00643480886415465,0.016793728688566,0.0647870159896769,0.23918355995614,0.0207005904295353,0.554046781812048,"GSE203612_GSM6177603"
"GSE203612_GSM6177603_AACCTCGCTTTAGCCC-1",0.00864903584764955,0.0285283932309709,0.00667952274662729,0.00387588009025933,0.00992372667460929,0.0418736691132875,0.154057217146571,0.00610355405416621,0.740309001095859,"GSE203612_GSM6177603"
"GSE203612_GSM6177603_AACCTTTAAATACGGT-1",0.0225207376121015,0.0637760051418402,0.0245602479862554,0.00639045945742457,0.0176230811347436,0.0940094001984121,0.156059306728846,0.00839131744559871,0.606669444294778,"GSE203612_GSM6177603"
"GSE203612_GSM6177603_AACGATAATGCCGTAG-1",0.0138074842631902,0.0129572648051763,0.0100364128626302,0.00760937625355195,0.0171060887993809,0.0363999103032895,0.167648077430844,0.0210012866827704,0.713434098599166,"GSE203612_GSM6177603"
"GSE203612_GSM6177603_AACGATAGAAGGGCCG-1",0.0352963619228072,0.0500293374076718,0.0184814076649305,0.0064783373919343,0.0210574807243073,0.0896922391110966,0.220647657389937,0.01024164142238,0.548075536964935,"GSE203612_GSM6177603"
"GSE203612_GSM6177603_AACGCGAACGGCAACA-1",0.0118198083726753,0.172882492251811,0.00653836719924128,0.00208940605965268,0.00717238008584379,0.04107480022853,0.24459306318975,0.0419642451771646,0.471865437435331,"GSE203612_GSM6177603"
"GSE203612_GSM6177603_AACGCGACCTTGGGCG-1",0.00860167186485563,0.0134660241765706,0.00529474159068414,0.00322158919968499,0.0206390868101015,0.0784678648038448,0.149413061028975,0.018712412146258,0.702183548379026,"GSE203612_GSM6177603"
"GSE203612_GSM6177603_AACGCGGTCTCCAGCC-1",0.082893049574555,0.108987726660773,0.0892374591619188,0.0104614900210832,0.0139473947113942,0.0826415268506483,0.163742771679539,0.0230843607052554,0.425004220634834,"GSE203612_GSM6177603"
"GSE203612_GSM6177603_AACGGCCATCTCCGGT-1",0.0239389503933367,0.123382857198916,0.0205801573683624,0.0045909535329363,0.0172263632307969,0.117214305590309,0.141216270997954,0.0161396015152846,0.535710540172104,"GSE203612_GSM6177603"
"GSE203612_GSM6177603_AACGTACTGTGGGTAC-1",0.0251536165092416,0.101097857846004,0.017057144353479,0.0071745453334764,0.0189369101050529,0.112788708375435,0.188077395325448,0.027400924760824,0.502312897391039,"GSE203612_GSM6177603"
"GSE203612_GSM6177603_AACGTCAGACTAGTGG-1",0.0245536491513361,0.103872022660871,0.020711892069253,0.00556085423917217,0.0136258773080025,0.10129620036734,0.235069571977645,0.0116734004346968,0.483636531791683,"GSE203612_GSM6177603"
"GSE203612_GSM6177603_AACGTGCGAAAGTCTC-1",0.0213713299538167,0.0571896246343018,0.0109889885480108,0.00638363366800997,0.0150558893442149,0.0743893816681495,0.165886452260519,0.0146957667272272,0.63403893319575,"GSE203612_GSM6177603"
"GSE203612_GSM6177603_AACGTTATCAGCACCT-1",0.0311404748727626,0.179156581698291,0.0278195184764073,0.0162542531102862,0.0383176437942681,0.127669578129716,0.191981955877857,0.14963000222027,0.238029991820142,"GSE203612_GSM6177603"
"GSE203612_GSM6177603_AACTAGGCTTGGGTGT-1",0.0254074246426034,0.0197356444956573,0.0194518722284627,0.0118366616061183,0.0265045399067137,0.0436171473004177,0.0999292938321522,0.0102822747341559,0.743235141253719,"GSE203612_GSM6177603"
"GSE203612_GSM6177603_AACTCAAGTTAATTGC-1",0.027110888252745,0.0441242893268819,0.0223601337096681,0.0110213572590873,0.0214242281613888,0.0751322616645071,0.198661880226525,0.0184663068048884,0.581698654594308,"GSE203612_GSM6177603"
"GSE203612_GSM6177603_AACTCGATAAACACGT-1",0.0371261195135485,0.389014425547466,0.0033259470459977,0.00128059151951456,0.00107810442154109,0.117893830761592,0.211210011245211,0.00877291286396406,0.230298057081165,"GSE203612_GSM6177603"
"GSE203612_GSM6177603_AACTCGATGGCGCAGT-1",0.012607298186721,0.181094297184779,0.0070711627092999,0.00208317151312075,0.0039752711172796,0.0427692229870188,0.144523023683049,0.0281527635513322,0.5777237890674,"GSE203612_GSM6177603"
"GSE203612_GSM6177603_AACTCTCAGTGTGCTC-1",0.0291375995520294,0.0292263976157522,0.0236259723384448,0.00931316772824067,0.0253880863747364,0.079057710098085,0.180341421831247,0.00856520187591996,0.615344442585545,"GSE203612_GSM6177603"
"GSE203612_GSM6177603_AACTGGGTCCCGACGT-1",0.0308199258716481,0.0298503480540527,0.0211927738325613,0.00901046297264342,0.021434559257014,0.0664666833975935,0.249243499734623,0.0129778925858776,0.559003854293986,"GSE203612_GSM6177603"
"GSE203612_GSM6177603_AACTGGTGTGGGCCTT-1",0.0237825957905767,0.1219737655372,0.0212883081695741,0.005367659891206,0.00963180409786743,0.0838325102206065,0.214143169864229,0.0140602377895139,0.505919948639227,"GSE203612_GSM6177603"
"GSE203612_GSM6177603_AACTTCTGCGTCTATC-1",0.0204537845004365,0.0645232615488918,0.016280134780559,0.0060198632659633,0.0156999419401857,0.0845577751984389,0.284718555452921,0.0137639741146232,0.49398270919798,"GSE203612_GSM6177603"
"GSE203612_GSM6177603_AACTTGCCCGTATGCA-1",0.0321698469821171,0.0644187229198633,0.0189285168076824,0.00893076038060635,0.0171690623613684,0.222915188860614,0.194038186017083,0.0100827932381411,0.431346922432524,"GSE203612_GSM6177603"
"GSE203612_GSM6177603_AACTTGCGTTCTCGCG-1",0.033760187970931,0.0532303319193692,0.016381748565545,0.00345932561832607,0.0121431493905184,0.0867217063370894,0.214034826672998,0.00616057829734263,0.574108145227881,"GSE203612_GSM6177603"
"GSE203612_GSM6177603_AACTTTACGGGAGCTT-1",0.0368005738106197,0.153008182090276,0.0237037635959423,0.00128768912903352,0.00395926268628935,0.077454938229658,0.3146077648563,0.0591913491541887,0.329986476447692,"GSE203612_GSM6177603"
"GSE203612_GSM6177603_AACTTTAGCTGCTGAG-1",0.0403246081228183,0.131072793837021,0.0238684724443078,0.00691773452297752,0.0264808028903981,0.0759236311542293,0.20612008726321,0.0160980845930076,0.47319378517203,"GSE203612_GSM6177603"
"GSE203612_GSM6177603_AAGAAGGATCAGTTAG-1",0.0160417982840012,0.0731936565863178,0.00856224745570511,0.00339204141297578,0.00838606730273149,0.0582837077830466,0.216817162838711,0.0233324368499816,0.59199088148653,"GSE203612_GSM6177603"
"GSE203612_GSM6177603_AAGACCCAACTGAACA-1",0.0171653945928634,0.0119880932545907,0.0068158283791038,0.00815546403901699,0.0127547019972196,0.0475510590438104,0.122011587516105,0.00527416629321031,0.76828370488408,"GSE203612_GSM6177603"
"GSE203612_GSM6177603_AAGACTAACCCGTTGT-1",0.0237178929918482,0.060879776439136,0.0103623161515613,0.00423924826629746,0.0139258407802101,0.0472896053032253,0.210045127613186,0.055318766027753,0.574221426426782,"GSE203612_GSM6177603"
"GSE203612_GSM6177603_AAGACTGCAAGCTACT-1",0.0296979081113781,0.141308638646118,0.0254242851213835,0.0169125769833549,0.0321345362869905,0.12951323909884,0.154138266632619,0.0218783680705526,0.448992181048763,"GSE203612_GSM6177603"
"GSE203612_GSM6177603_AAGAGATGAATCGGTA-1",0.0262417126828989,0.0952369102666268,0.0185937925000361,0.00666889400577077,0.0148458384367098,0.190172270971546,0.171913798335982,0.0220605030536363,0.454266279746793,"GSE203612_GSM6177603"
"GSE203612_GSM6177603_AAGAGCTCTTTATCGG-1",0.0353174882432214,0.126492189758896,0.0326051620904476,0.00927859186185971,0.0233206551251072,0.140906636568558,0.194067798025131,0.0202804016444347,0.417731076682344,"GSE203612_GSM6177603"
"GSE203612_GSM6177603_AAGAGGATGTACGCGA-1",0.0218125892310761,0.155763175755044,0.0198911792403019,0.00817421642331619,0.0187321093212975,0.102149130182633,0.178776662531912,0.010373348534854,0.484327588779566,"GSE203612_GSM6177603"
"GSE203612_GSM6177603_AAGATGGCACCGGACC-1",0.0252390195490485,0.043667789499618,0.0116048501392446,0.0063506989290999,0.018046728742195,0.0641328435020857,0.177922878690525,0.00810719755867013,0.644927993389513,"GSE203612_GSM6177603"
"GSE203612_GSM6177603_AAGCACCCTGCGTATC-1",0.0423251133892539,0.0310178000359176,0.0195561106324903,0.0058237823467016,0.0173360089227633,0.0953503300432987,0.184179663067858,0.0147637563387328,0.589647435222984,"GSE203612_GSM6177603"
"GSE203612_GSM6177603_AAGCATACTCTCCTGA-1",0.0164830501115516,0.0456970248865301,0.0080804591832105,0.0080991125961945,0.0212032905067642,0.0784248941879747,0.13762469391246,0.0105962581445614,0.673791216470753,"GSE203612_GSM6177603"
"GSE203612_GSM6177603_AAGCGCAGGGCTTTGA-1",0.0226125341524672,0.0507036846640188,0.0171529363133366,0.0037662907809001,0.0175060501978427,0.0647115024058457,0.169566950831071,0.0102712051495864,0.643708845504932,"GSE203612_GSM6177603"
"GSE203612_GSM6177603_AAGCGTCCCTCATCGA-1",0.0297658477616692,0.0300308364602972,0.0155725234193955,0.0102154373173588,0.0211652128958802,0.0837523914080091,0.193616151889681,0.0138436020711306,0.602037996776578,"GSE203612_GSM6177603"
"GSE203612_GSM6177603_AAGCTAGATCGAGTAA-1",0.0167033354129026,0.0184349273839052,0.00852429934515831,0.0078759102911104,0.0197772121081143,0.0484536759182119,0.161847215315493,0.0120933905271412,0.706290033697964,"GSE203612_GSM6177603"
"GSE203612_GSM6177603_AAGCTCGTGCCAAGTC-1",0.0290147238267164,0.0481544986375076,0.0222500274298871,0.0141085611703536,0.0252829378745819,0.0937510050164659,0.181065626773004,0.0134472880232244,0.57292533124826,"GSE203612_GSM6177603"
"GSE203612_GSM6177603_AAGCTCTTTCATGGTG-1",0.0160581425207182,0.0179316876197164,0.00638850853241266,0.00886650707685638,0.0129958171555162,0.041593561548267,0.180813767864574,0.0115625875459197,0.70378942013602,"GSE203612_GSM6177603"
"GSE203612_GSM6177603_AAGGAGCGGTTGGTGC-1",0.026133834472487,0.137973810144057,0.0189069120400405,0.0169857989706039,0.0330013748011344,0.241576167470489,0.173267793948952,0.0155362993838931,0.336618008768343,"GSE203612_GSM6177603"
"GSE203612_GSM6177603_AAGGCGCGTAAAGCTT-1",0.0123100829465956,0.0927633113399443,0.0116518286008174,0.00423562407089628,0.00843846855394967,0.0709642003115641,0.13841460897684,0.0139724616565193,0.647249413542873,"GSE203612_GSM6177603"
"GSE203612_GSM6177603_AAGGCTGTGCTCATCG-1",0.0303936980752008,0.0373540582840986,0.0243613790070493,0.0190746975453453,0.035071841804443,0.0844245882731238,0.196045040247674,0.0399382689485282,0.533336427814537,"GSE203612_GSM6177603"
"GSE203612_GSM6177603_AAGGGACTATGCATTC-1",0.0537104463688737,0.0967401605083715,0.0314802503449884,0.00391738405271806,0.0200904841575204,0.0653306684447214,0.204082428258438,0.072011636728108,0.452636541136261,"GSE203612_GSM6177603"
"GSE203612_GSM6177603_AAGTAGAAGACCGGGT-1",0.0382818666820351,0.0786974129565414,0.0283914251467009,0.00692310708367838,0.0152856014949418,0.124821547842802,0.190219727665204,0.0242602053741782,0.493119105753918,"GSE203612_GSM6177603"
"GSE203612_GSM6177603_AAGTAGTGACGCGAGG-1",0.0222237668658135,0.272197265879561,0.0139714172073674,0.00966571166412654,0.0175413433445451,0.148789283471376,0.147601111110113,0.0101272689689959,0.357882831488102,"GSE203612_GSM6177603"
"GSE203612_GSM6177603_AAGTCTTCTGTGGCCT-1",0.0338952252036424,0.141094569033231,0.0206702477753865,0.000798366203523898,0.00273092376242243,0.0243727066484632,0.21175127071084,0.027576658822091,0.5371100318404,"GSE203612_GSM6177603"
"GSE203612_GSM6177603_AAGTGACGACCGAATT-1",0.020903547225133,0.0290485622258934,0.0157952194332819,0.00736188861200273,0.0213430303763242,0.0990874890674056,0.234591114138052,0.00961573239474817,0.562253416527159,"GSE203612_GSM6177603"
"GSE203612_GSM6177603_AAGTGAGTCGGGTTTA-1",0.0131989191895444,0.0170902271367773,0.010616114793914,0.00724835336383921,0.0243977226743649,0.0520287902459163,0.159332753953565,0.00588690349940904,0.71020021514267,"GSE203612_GSM6177603"
"GSE203612_GSM6177603_AAGTGCAAAGGTAGAC-1",0.0243042973029969,0.15762544878555,0.017468198669622,0.00286927617054289,0.00594361957215589,0.0581464237702815,0.247019395524714,0.0113586605030304,0.475264679701105,"GSE203612_GSM6177603"
"GSE203612_GSM6177603_AAGTGCGTTAGAATCT-1",0.0444694976260527,0.0930681244474126,0.0177004187224034,0.00457152605593302,0.0164894263245129,0.101776012829238,0.160645788747846,0.0185665027661187,0.542712702480483,"GSE203612_GSM6177603"
"GSE203612_GSM6177603_AAGTGTTTGGAGACGG-1",0.0220541553407686,0.0197269378497968,0.00886809502593336,0.0131844961740499,0.0254323952606305,0.0952873996261938,0.162246991449671,0.00755037827247002,0.645649151000486,"GSE203612_GSM6177603"
"GSE203612_GSM6177603_AAGTTCACTCCAAGCT-1",0.0107355631522914,0.0416443665338332,0.00609968963490995,0.00358282305749168,0.0106796189132966,0.0342971689965185,0.203298259084151,0.0221859854025132,0.667476525224994,"GSE203612_GSM6177603"
"GSE203612_GSM6177603_AAGTTCGGCCAACAGG-1",0.0152795502638219,0.144219116609918,0.0146049759636356,0.00632330760982754,0.0185427096999262,0.0967082481909593,0.201132330767117,0.00929578496842068,0.493893975926374,"GSE203612_GSM6177603"
"GSE203612_GSM6177603_AAGTTTATGGGCCCAA-1",0.0110811052044508,0.0448851253684969,0.00569280495758138,0.00207808735763484,0.00361716980128103,0.0435616881611727,0.243991679337107,0.0174095700816527,0.627682769730623,"GSE203612_GSM6177603"
"GSE203612_GSM6177603_AATAACAACGCTCGGC-1",0.0330409996533304,0.030040878495729,0.0174267850152191,0.00643610213426907,0.0146858638389152,0.103485175602693,0.218060362741179,0.0221400563652628,0.554683776153403,"GSE203612_GSM6177603"
"GSE203612_GSM6177603_AATAACACTAGAACAA-1",0.0104229110006409,0.040106503146941,0.0130068016344413,0.00495661917971817,0.0163553295459381,0.0422063493658715,0.185985566280642,0.012102714947707,0.6748572048981,"GSE203612_GSM6177603"
"GSE203612_GSM6177603_AATACAATGTTTCAGG-1",0.0652642943243065,0.18803850586829,0.0350571026422947,0.00806950298353311,0.0215491213515176,0.137966931228983,0.172953344047306,0.0282485534612981,0.342852644092472,"GSE203612_GSM6177603"
"GSE203612_GSM6177603_AATAGAACAGAGTGGC-1",0.0126037189804632,0.0222075968024079,0.00844818797902983,0.00567565250560037,0.018483057099002,0.0879125695759087,0.188064585859492,0.0170621259474465,0.639542505250649,"GSE203612_GSM6177603"
"GSE203612_GSM6177603_AATAGTCCGTCCCGAC-1",0.0135707214304622,0.0135721143592925,0.011171168070267,0.00997107562476591,0.021062307646024,0.0439064876784454,0.170092388556368,0.00950413778232499,0.70714959885205,"GSE203612_GSM6177603"
"GSE203612_GSM6177603_AATAGTCGCGAGTCGG-1",0.0211906050010091,0.242205930251718,0.0103241471396016,0.00160759989346324,0.00374360236795538,0.0689889367253474,0.29293511683992,0.0404027080017981,0.318601353779188,"GSE203612_GSM6177603"
"GSE203612_GSM6177603_AATATCAAGGTCGGAT-1",0.00876760946111676,0.0526608084725275,0.00757846333768722,0.00301731975149516,0.0102798914279846,0.0297198498972796,0.262212079436318,0.0113549579016433,0.614409020313948,"GSE203612_GSM6177603"
"GSE203612_GSM6177603_AATATCCTAGCAAACT-1",0.178952312728064,0.464660121448929,0.0568796966823045,0.00376749173916032,0.00558809573937453,0.0404226819568909,0.136201705732286,0.0290780656431248,0.0844498283298664,"GSE203612_GSM6177603"
"GSE203612_GSM6177603_AATATTGGAGTATTGA-1",0.0178627560762153,0.0350182685858249,0.00819024245279807,0.00685206589356086,0.0143721355140073,0.0888286162876608,0.222420299309749,0.00734138762552,0.599114228254663,"GSE203612_GSM6177603"
"GSE203612_GSM6177603_AATCAGACTGCAGGAC-1",0.0153293899746967,0.0719311971197573,0.0083019247395809,0.00307189927176435,0.00807883649968137,0.0530079062422013,0.300784058708417,0.0084322234380754,0.531062564005826,"GSE203612_GSM6177603"
"GSE203612_GSM6177603_AATCCAAGGGCCTGAG-1",0.0145612574478077,0.155297947743845,0.0125372566506913,0.00278054609482828,0.00808070962992066,0.0760949772353699,0.218229703669363,0.0293923378274292,0.483025263700745,"GSE203612_GSM6177603"
"GSE203612_GSM6177603_AATCCATGCAAGGGTG-1",0.0128886623298243,0.100797221840722,0.0101930464849537,0.00173461024295764,0.00402415902960284,0.0309988725437239,0.248918070038995,0.00567321466322242,0.584772142825998,"GSE203612_GSM6177603"
"GSE203612_GSM6177603_AATCGCCTCAGCGCCA-1",0.0159656001157526,0.0807573800820132,0.0146122825729053,0.00375668493781578,0.00970205524329406,0.11924572853073,0.198443382506957,0.0144871819831579,0.543029704027374,"GSE203612_GSM6177603"
"GSE203612_GSM6177603_AATCGTGAGCCGAGCA-1",0.0125134525451114,0.298577876595184,0.0110718765159745,0.00263240471741624,0.0136601142813949,0.125107289724749,0.22307240637133,0.00575225882022461,0.307612320428615,"GSE203612_GSM6177603"
"GSE203612_GSM6177603_AATCTAGGTTTACTTG-1",0.0209348256616441,0.152591753068941,0.0100778666517451,0.00251756622604285,0.00706514515255027,0.0861587306250934,0.181078166276703,0.0080725399660047,0.531503406371276,"GSE203612_GSM6177603"
"GSE203612_GSM6177603_AATCTCTACTGTGGTT-1",0.0281971754036612,0.0449480364710658,0.0156422336878786,0.00673466703839658,0.014494783544701,0.0653569524836018,0.122280906924848,0.027866619533541,0.674478624912306,"GSE203612_GSM6177603"
"GSE203612_GSM6177603_AATCTGGCTTTCTAGT-1",0.0155041562998608,0.060360768376369,0.0112994544517197,0.00134229939426083,0.00603052360295808,0.0824488271393558,0.189378874638964,0.0194012535565602,0.614233842539952,"GSE203612_GSM6177603"
"GSE203612_GSM6177603_AATGACAGCAATGTCT-1",0.0238041051070909,0.0282380753389905,0.0240075023728244,0.00779391197152062,0.0193478557618367,0.0872117816780818,0.219689627412464,0.0131803892625486,0.576726751094642,"GSE203612_GSM6177603"
"GSE203612_GSM6177603_AATGACGTAGGATGTC-1",0.0295967988724174,0.156024884427156,0.0136835194835212,0.00433060846924985,0.0159045600141834,0.144428059950832,0.190590334199486,0.0214769550865491,0.423964279496605,"GSE203612_GSM6177603"
"GSE203612_GSM6177603_AATGACTGTCAGCCGG-1",0.0553420260051838,0.0884612735150135,0.0293405155615292,0.00943406436931177,0.0194369438197286,0.16497191826703,0.171144866834013,0.0330354153142265,0.428832976313964,"GSE203612_GSM6177603"
"GSE203612_GSM6177603_AATGAGTTCGCATATG-1",0.0270156295864007,0.135967656102191,0.0186239629248968,0.00331390646784823,0.00987032035604796,0.0950494116283312,0.227732240138185,0.0269977121362491,0.45542916065985,"GSE203612_GSM6177603"
"GSE203612_GSM6177603_AATGCAACCGGGTACC-1",0.0185208740852703,0.0991109026327179,0.0179875149948336,0.00791425832341728,0.0151677522587625,0.0900556026917975,0.163304850158529,0.0262575361139469,0.561680708740725,"GSE203612_GSM6177603"
"GSE203612_GSM6177603_AATGGTCCACCGTTCA-1",0.0336293045374126,0.060417764219714,0.0188490096242629,0.00877309718526125,0.0172901236559632,0.0899472176067407,0.225931962880654,0.0105812963668712,0.534580223923121,"GSE203612_GSM6177603"
"GSE203612_GSM6177603_AATGGTTCTCACAAGC-1",0.0234067824397583,0.0249211123986203,0.0116842998057528,0.0130140340617673,0.027329650509045,0.0551842639698268,0.267684629105845,0.0101655558714463,0.566609671837939,"GSE203612_GSM6177603"
"GSE203612_GSM6177603_AATGTGCCCGAGGTGT-1",0.0147011972778312,0.0184666964437826,0.012001177116508,0.00588167631280877,0.012893672927896,0.0684924240494173,0.176341779827732,0.0168557317016408,0.674365644342384,"GSE203612_GSM6177603"
"GSE203612_GSM6177603_AATGTTAAGACCCTGA-1",0.00400598961408776,0.0363718270327787,0.00832645087518941,6.68661471210393e-06,5.89689070341068e-05,0.0211441355852244,0.538346887489889,7.02053473978683e-05,0.391668848533686,"GSE203612_GSM6177603"
"GSE203612_GSM6177603_AATTAAAGGTCGGCGT-1",0.0237814111801503,0.0347493780426113,0.0160313458061865,0.00936540847186118,0.0140349335694274,0.0818815546086586,0.250434503196359,0.0172981099939364,0.552423355130809,"GSE203612_GSM6177603"
"GSE203612_GSM6177603_AATTAACGGATTTCCA-1",0.0110873417962947,0.0129781957526012,0.011435945871549,0.0102843764333478,0.0180757485884159,0.0520237422718626,0.102346525715749,0.00568882068917933,0.776079302881,"GSE203612_GSM6177603"
"GSE203612_GSM6177603_AATTACTCGTACGCTC-1",0.128841524591175,0.547554060358394,0.053396744905303,0.00302425597175556,0.00448504620058958,0.102213969782352,0.102806427300113,0.000749639948457371,0.0569283309418611,"GSE203612_GSM6177603"
"GSE203612_GSM6177603_AATTAGCGCTGCAGCG-1",0.0181627606675751,0.120084771053204,0.0170763234743144,0.00313902340110014,0.0115168971744517,0.190462759157253,0.111878305763673,0.00738715539288937,0.520292003915539,"GSE203612_GSM6177603"
"GSE203612_GSM6177603_AATTATACCCAGCAAG-1",0.0646327048112046,0.216713481923248,0.0674111610464119,0.000536115377114472,0.00334310708733886,0.0391667861703986,0.16531974202553,0.000608633443944591,0.442268268114809,"GSE203612_GSM6177603"
"GSE203612_GSM6177603_AATTCCAACTTGGTGA-1",0.0636092036132906,0.228516251539182,0.0578828778252336,0.00139324511200484,0.00159314568689849,0.0304960667220786,0.22980007217662,0.000129207502160919,0.386579929822531,"GSE203612_GSM6177603"
"GSE203612_GSM6177603_AATTCCAAGCATGTAC-1",0.0145881323159727,0.0152580598468304,0.00736902740752955,0.00596029298873718,0.0181636763105374,0.0478924106032523,0.179308775397453,0.0179959462878475,0.69346367884184,"GSE203612_GSM6177603"
"GSE203612_GSM6177603_AATTCGATTCGAGGAT-1",0.00861995666290314,0.0217708448792779,0.0104598001932843,0.00209964476285254,0.00841702059046235,0.069012130256524,0.130976792291023,0.00571518630629594,0.742928624057377,"GSE203612_GSM6177603"
"GSE203612_GSM6177603_AATTCTAGAGTTAGGC-1",0.0118346895130393,0.0222297436572185,0.00831533645630235,0.00615575181368718,0.0132640120742051,0.0438015319363924,0.154444415495714,0.0143845669706661,0.725569952082775,"GSE203612_GSM6177603"
"GSE203612_GSM6177603_AATTGAACGCTCTGGT-1",0.0109711141890548,0.174375032369915,0.00970223628305569,0.00462307761540368,0.0137700786863938,0.12615827485752,0.102574091020214,0.0075962654621915,0.550229829516252,"GSE203612_GSM6177603"
"GSE203612_GSM6177603_ACAAAGAAGGTAGGCC-1",0.0601069889577442,0.249380698644494,0.0222397751377488,0.0030745378652183,0.00428900270595208,0.0644099180267553,0.125498746307643,0.127292717449123,0.343707614905321,"GSE203612_GSM6177603"
"GSE203612_GSM6177603_ACAAATCGCACCGAAT-1",0.0292583920692268,0.147696615853222,0.0460907333302352,0.0064151293530634,0.0116900469140704,0.0960696779509777,0.168947520290757,0.00550633238362106,0.488325551854827,"GSE203612_GSM6177603"
"GSE203612_GSM6177603_ACAACAGCATGAGCTA-1",0.0211965136804902,0.130122345636911,0.0184066091938587,0.0125539313898773,0.0139757162450511,0.148425897283801,0.145358165854614,0.0227089173051818,0.487251903410214,"GSE203612_GSM6177603"
"GSE203612_GSM6177603_ACAACGGTCCCTGCGA-1",0.0220279824538462,0.0754068917832465,0.0132260379112457,0.00578151791778053,0.0177125295135348,0.096345790153613,0.21013744685656,0.0181080194111941,0.541253783998979,"GSE203612_GSM6177603"
"GSE203612_GSM6177603_ACAAGCAGTGCCTAGC-1",0.0250481406165333,0.1343049409511,0.0275235869626647,0.00764339635035317,0.0187279913287233,0.211063862478842,0.175997674459402,0.0178904994628212,0.38179990738956,"GSE203612_GSM6177603"
"GSE203612_GSM6177603_ACAAGCTATATGGAAG-1",0.0397283878741199,0.101805623794328,0.0497952620082811,0.0112853593333257,0.015761216163753,0.0750891311716435,0.27677201672521,0.326520835028675,0.103242167900665,"GSE203612_GSM6177603"
"GSE203612_GSM6177603_ACAAGGAAATCCGCCC-1",0.0242268084013279,0.0610050018703173,0.0196752512455869,0.00705686325133198,0.0200710037950477,0.16310669779055,0.14310850075119,0.0107215539053472,0.551028318989302,"GSE203612_GSM6177603"
"GSE203612_GSM6177603_ACAAGGACAAGAGGTT-1",0.0166623810672383,0.0292436666607641,0.017274584290652,0.00870038182743235,0.0157762571535978,0.106224701096877,0.174568100036094,0.0229299699469964,0.608619957920348,"GSE203612_GSM6177603"
"GSE203612_GSM6177603_ACAAGGATGCTTTAGG-1",0.00876937022042177,0.0418084706389346,0.00330947517083578,0.000627057689234267,0.00383547191045544,0.03958830004209,0.178115736503814,0.020822736861076,0.703123380963138,"GSE203612_GSM6177603"
"GSE203612_GSM6177603_ACAAGGGCAGGCTCTG-1",0.0166087428655705,0.416941665207995,0.02814406914967,0.00513754921884577,0.0138158799633426,0.104144395004654,0.103266872006624,0.00587077675960435,0.306070049823694,"GSE203612_GSM6177603"
"GSE203612_GSM6177603_ACAATAGTCGTACGTT-1",0.0248178122429319,0.0709035932508247,0.0181775733736112,0.00533195342975335,0.0146751052384961,0.0634671895804939,0.204939420597014,0.0148267159458454,0.58286063634103,"GSE203612_GSM6177603"
"GSE203612_GSM6177603_ACAATCCATTTAAACC-1",0.0200864378275067,0.218952972974991,0.0139878117484712,0.00907455940118743,0.0211175621971444,0.0959345697822489,0.126669207747563,0.0426210995979587,0.451555778722929,"GSE203612_GSM6177603"
"GSE203612_GSM6177603_ACAATGAATACGGAGA-1",0.0264964746301312,0.0229860130821759,0.0118397567664312,0.00541818977478488,0.0160726814114856,0.0682778037818524,0.178719850448647,0.0139316325517818,0.65625759755271,"GSE203612_GSM6177603"
"GSE203612_GSM6177603_ACAATTTAGGAGGCTC-1",0.025285350664268,0.359242806211978,0.0156180525273521,0.00392309280724225,0.0115282316692854,0.10766091490648,0.167388775922749,0.0493891346293923,0.259963640661253,"GSE203612_GSM6177603"
"GSE203612_GSM6177603_ACACAAAGACGGGTGG-1",0.0315032529325839,0.125277647753016,0.0244714514744296,0.0132528359485276,0.020597311632712,0.155475680525294,0.144778214169599,0.0211266571678879,0.463516948395949,"GSE203612_GSM6177603"
"GSE203612_GSM6177603_ACACATTGACGCAACA-1",0.120035262800686,0.453274704285318,0.0218202090553666,0.000606928699132028,0.00158025257299199,0.156639497628825,0.164856167808285,0.00317965916480693,0.0780073179845894,"GSE203612_GSM6177603"
"GSE203612_GSM6177603_ACACCCAGCATGCAGC-1",0.0243126991397314,0.0680688970746103,0.0166902606868344,0.0137405533160119,0.0307130051349951,0.0915076634609588,0.214393295678697,0.00778197116331632,0.532791654344845,"GSE203612_GSM6177603"
"GSE203612_GSM6177603_ACACCCGAGAAATCCG-1",0.0142225467899085,0.0538585147234154,0.0181075255263428,0.00336063049866933,0.0113756750633206,0.0961024217121165,0.233516807407325,0.0234961336905231,0.545959744588379,"GSE203612_GSM6177603"
"GSE203612_GSM6177603_ACACCGAGCGCTCTTT-1",0.141512445857497,0.600384874675702,0.0607026369124576,0.005657514396745,0.0065186499563174,0.0620384092384021,0.067163478526154,0.00658809998259881,0.0494338904541258,"GSE203612_GSM6177603"
"GSE203612_GSM6177603_ACACCTTAAGTAGGGC-1",0.0342833187053027,0.0934610590216503,0.0223352546235237,0.00552880034728692,0.0166678166772381,0.140475998488043,0.171775610399534,0.0157509288311193,0.499721212906301,"GSE203612_GSM6177603"
"GSE203612_GSM6177603_ACACGAGACTCCTTCT-1",0.144926577094869,0.0725269886176898,0.133271331986109,0.00677350994511901,0.0264825881895386,0.103144261628476,0.117285752779605,0.00814971961745701,0.387439270141136,"GSE203612_GSM6177603"
"GSE203612_GSM6177603_ACACGGGAACTTAGGG-1",0.0290189752942179,0.0526360910684119,0.0193401631817371,0.00494896676177234,0.012552098687756,0.105629099065091,0.132640246591622,0.010321264075471,0.63291309527392,"GSE203612_GSM6177603"
"GSE203612_GSM6177603_ACACTCCAATGTCACT-1",0.0221880580063111,0.179951741912091,0.019173597500095,0.00402025279799046,0.00775771878091098,0.113818657660596,0.193400566902062,0.00959025857013712,0.450099147869807,"GSE203612_GSM6177603"
"GSE203612_GSM6177603_ACACTGATCAAGGTGT-1",0.0256932529691312,0.0223084789580243,0.0133552770405792,0.0127732358533604,0.0255928230944867,0.0779104513047705,0.150769188294501,0.0246809717108105,0.646916320774337,"GSE203612_GSM6177603"
"GSE203612_GSM6177603_ACAGAACTGAGAACAA-1",0.0307653850717451,0.0516133660185111,0.0260321926356348,0.00678497628929858,0.0199785314126496,0.123258420483737,0.145367107807931,0.0186904967876953,0.577509523492797,"GSE203612_GSM6177603"
"GSE203612_GSM6177603_ACAGGTGGAGGTGAGG-1",0.0240449132692832,0.120249921517961,0.0116710223244762,0.00917458331403299,0.0211915933935576,0.104855982052324,0.175525037779655,0.0253118456290833,0.507975100719626,"GSE203612_GSM6177603"
"GSE203612_GSM6177603_ACAGGTGTGTTGTTGC-1",0.101847677071887,0.335081519923858,0.0728808994719087,0.0199679455379059,0.0141829003026068,0.0970223354867369,0.23153048010544,0.0143577200403599,0.113128522059296,"GSE203612_GSM6177603"
"GSE203612_GSM6177603_ACAGTAATACAACTTG-1",0.0184950587229405,0.0273570821522234,0.00845159552139399,0.00609772053037273,0.0188102095095021,0.0596764480697174,0.173132872152481,0.0108033763215877,0.677175637019781,"GSE203612_GSM6177603"
"GSE203612_GSM6177603_ACATAATAAGGCGGTG-1",0.0291748590835964,0.0389924775736314,0.0183428468886927,0.00839095710875017,0.0223648284646184,0.117831772993788,0.191117655226753,0.0252640453425988,0.54852055731757,"GSE203612_GSM6177603"
"GSE203612_GSM6177603_ACATCAGCTGGGACGC-1",0.0244245386564447,0.140085492840969,0.0175200952955339,0.00503278557167506,0.0179923835706865,0.161361573557992,0.173224224675525,0.0141277890131504,0.446231116818023,"GSE203612_GSM6177603"
"GSE203612_GSM6177603_ACATCCCGGCCATACG-1",0.0189882607368963,0.0186625197217552,0.0141572953446052,0.0153741753874656,0.0279710864301567,0.0589823603743145,0.187927459592528,0.00985619769472279,0.648080644717556,"GSE203612_GSM6177603"
"GSE203612_GSM6177603_ACATCGATCGTTTACC-1",0.00953122653427761,0.0209823601503416,0.00893384919936963,0.00626716143382861,0.0137032814749876,0.0689109605890668,0.141632206875547,0.0119123128714124,0.718126640871169,"GSE203612_GSM6177603"
