"","Endothelial","CAFs","PVL","B-cells","T-cells","Myeloid","Normal Epithelial","Plasmablasts","Cancer Epithelial","sid"
"Human_Breast_Andersson_10142021_ST_H1_10x10",0.079249812583229,0.0657289339047214,0.0427895328371318,0.00730815373591271,0.00573821655002089,0.0492518448831158,0.0927299913860428,0.554021854371706,0.10318165974812,"Human_Breast_Andersson_10142021_ST_H1"
"Human_Breast_Andersson_10142021_ST_H1_10x11",0.0673213948442145,0.0665399124385707,0.0466785567459484,0.0786719410892213,0.0644231797870553,0.302049965180472,0.136558668040055,0.0217930949228101,0.215963286951652,"Human_Breast_Andersson_10142021_ST_H1"
"Human_Breast_Andersson_10142021_ST_H1_10x12",0.00323972963031408,0.0504339368248197,0.0856115035932253,0.030552782573004,0.0101296134090877,0.0646684630423073,0.0141141346101202,0.69083648049651,0.0504133558206114,"Human_Breast_Andersson_10142021_ST_H1"
"Human_Breast_Andersson_10142021_ST_H1_10x13",0.140307956404639,0.081910284061841,0.0654637771975016,0.0253916067689333,0.0288576667532551,0.0541284058370039,0.0146485100646249,0.395978081136545,0.193313711775656,"Human_Breast_Andersson_10142021_ST_H1"
"Human_Breast_Andersson_10142021_ST_H1_10x14",0.0740948544608342,0.0413944051275333,0.106649304667897,0.0184087212000888,0.0561067000756124,0.0630704196712155,0.132324948357247,0.366390402761716,0.141560243677856,"Human_Breast_Andersson_10142021_ST_H1"
"Human_Breast_Andersson_10142021_ST_H1_10x15",0.0326867254075389,0.0614242227054037,0.144173955293707,0.0082934833170172,0.00530305527876339,0.0512110221933025,0.0801130354043794,0.456717648150413,0.160076852249475,"Human_Breast_Andersson_10142021_ST_H1"
"Human_Breast_Andersson_10142021_ST_H1_10x16",0.0533944151009338,0.0755173949127925,0.0655502871816775,0.00737237237498958,0.0227362180292594,0.026952570942592,0.201530964548716,0.199421361752193,0.347524415156847,"Human_Breast_Andersson_10142021_ST_H1"
"Human_Breast_Andersson_10142021_ST_H1_10x17",0.100285337853522,0.0537802606348691,0.0185441637293529,0.0132583345583268,0.0302492911923426,0.0392285808890303,0.170506056595335,0.184962662155387,0.389185312391835,"Human_Breast_Andersson_10142021_ST_H1"
"Human_Breast_Andersson_10142021_ST_H1_10x18",0.118676479856327,0.089096053594519,0.0784125521126028,0.00661320364091972,0.0177442625445206,0.0542837549581179,0.189818661949706,0.22285143473259,0.222503596610696,"Human_Breast_Andersson_10142021_ST_H1"
"Human_Breast_Andersson_10142021_ST_H1_10x19",0.0816796517548978,0.0885012828043926,0.068217019453999,0.0802540260912935,0.0505672630825345,0.175815189680583,0.0669985356115318,0.272277654026629,0.115689377494139,"Human_Breast_Andersson_10142021_ST_H1"
"Human_Breast_Andersson_10142021_ST_H1_10x20",0.0894457103204552,0.0937996760423841,0.0229646210371686,0.0436714527753622,0.0322404363650596,0.159681738266262,0.0258086644852404,0.39315581189008,0.139231888817989,"Human_Breast_Andersson_10142021_ST_H1"
"Human_Breast_Andersson_10142021_ST_H1_10x21",0.107313641367485,0.0626793818698533,0.01471944216254,0.0501242671413355,0.120646579517077,0.0947332788434122,0.0276364515563243,0.430368437800886,0.0917785197410864,"Human_Breast_Andersson_10142021_ST_H1"
"Human_Breast_Andersson_10142021_ST_H1_10x22",0.0263182883744995,0.0339262105434522,0.104759286147443,0.0459280176844564,0.00800966881143598,0.163603804357429,0.0360505131715065,0.454190513859123,0.127213697050655,"Human_Breast_Andersson_10142021_ST_H1"
"Human_Breast_Andersson_10142021_ST_H1_10x23",0.0747409674634828,0.102448535321386,0.0954898412361949,0.065124571779626,0.0328648614007821,0.165314604950036,0.0620491068028091,0.242109834743638,0.159857676302045,"Human_Breast_Andersson_10142021_ST_H1"
"Human_Breast_Andersson_10142021_ST_H1_10x24",0.101792305079343,0.0322664011065471,0.0145392765670565,0.0350769212609096,0.00754782934974601,0.0490790015954769,0.195692887314823,0.330371407836685,0.233633969889413,"Human_Breast_Andersson_10142021_ST_H1"
"Human_Breast_Andersson_10142021_ST_H1_10x25",0.0872861988053604,0.0782806329511164,0.0561618256199932,0.0458011714971022,0.0679356624401343,0.108274264459371,0.134142007455748,0.235183390575863,0.186934846195311,"Human_Breast_Andersson_10142021_ST_H1"
"Human_Breast_Andersson_10142021_ST_H1_10x26",0.0140878030964642,0.0394236917892438,0.003439709810127,0.00731440432375973,0.0129244581600504,0.0242577374949487,0.0672841178164865,0.504349003258287,0.326919074250633,"Human_Breast_Andersson_10142021_ST_H1"
"Human_Breast_Andersson_10142021_ST_H1_10x27",0.00540769706655089,0.0308797680863381,0.0230562286768772,0.343823947020089,0.112830255135109,0.117506525962241,0.112965731364605,0.0777526902594711,0.17577715642872,"Human_Breast_Andersson_10142021_ST_H1"
"Human_Breast_Andersson_10142021_ST_H1_10x28",0.0773222303890184,0.0603212259642119,0.0241918658627378,0.0735099480966194,0.0818220229405402,0.0635533812299468,0.183121955341479,0.0898326868706085,0.346324683304838,"Human_Breast_Andersson_10142021_ST_H1"
"Human_Breast_Andersson_10142021_ST_H1_10x29",0.13034182815699,0.115296805608175,0.0493288260269347,0.0126461694009645,0.0127107814450691,0.0811798425583779,0.112537109960707,0.270622761587287,0.215335875255494,"Human_Breast_Andersson_10142021_ST_H1"
"Human_Breast_Andersson_10142021_ST_H1_10x30",0.0713178260794234,0.0329620764316642,0.0323482623992853,0.0293615979637374,0.0291463001281239,0.0684961037279361,0.149806077558827,0.273141043166961,0.313420712544042,"Human_Breast_Andersson_10142021_ST_H1"
"Human_Breast_Andersson_10142021_ST_H1_10x31",0.111097369688048,0.105203199228697,0.0753908801200519,0.0122834967413155,0.0207100183767342,0.109358685172541,0.0574643265489534,0.37931461905579,0.129177405067868,"Human_Breast_Andersson_10142021_ST_H1"
"Human_Breast_Andersson_10142021_ST_H1_10x32",0.0262738846228952,0.0920161511208896,0.059816303909886,0.0553094104638883,0.0937485928348141,0.145666989072515,0.0515243529913355,0.393757407026085,0.0818869079576917,"Human_Breast_Andersson_10142021_ST_H1"
"Human_Breast_Andersson_10142021_ST_H1_10x33",0.067867554106581,0.135057048507603,0.0708635763832757,0.0806292427949495,0.027350916460179,0.296985293887657,0.0770571487344797,0.072572966961073,0.171616252164203,"Human_Breast_Andersson_10142021_ST_H1"
"Human_Breast_Andersson_10142021_ST_H1_11x10",0.0136872660869794,0.0394268373725751,0.0294453809683843,0.00407851994879892,0.00397945635536361,0.0166708463416782,0.0399059017101926,0.783164526280154,0.069641264935874,"Human_Breast_Andersson_10142021_ST_H1"
"Human_Breast_Andersson_10142021_ST_H1_11x12",0.00440081465334694,0.0412927431702214,0.082429755251803,0.0725857037525706,0.0777684223872527,0.0161435745868868,0.0519087083683165,0.493350487998549,0.160119789831053,"Human_Breast_Andersson_10142021_ST_H1"
"Human_Breast_Andersson_10142021_ST_H1_11x13",0.0371916179451984,0.0152892237669312,0.102147698589855,0.0151345481596711,0.0116478645504838,0.0384346927191325,0.0295711363857955,0.665687211896749,0.0848960059861833,"Human_Breast_Andersson_10142021_ST_H1"
"Human_Breast_Andersson_10142021_ST_H1_11x14",0.00293752493958895,0.0131923866284328,0.297897363952469,0.0195472339770386,0.00324321070100021,0.0853102636482142,0.0536484450763284,0.382915831253053,0.141307739823875,"Human_Breast_Andersson_10142021_ST_H1"
"Human_Breast_Andersson_10142021_ST_H1_11x15",0.109663153616426,0.0388715647401033,0.0290860585074929,0.00975983714739329,0.0164079467962675,0.0321884871498197,0.114710137283415,0.567550426433853,0.0817623883252291,"Human_Breast_Andersson_10142021_ST_H1"
"Human_Breast_Andersson_10142021_ST_H1_11x16",0.169369705708144,0.0908386882038324,0.0739559012780161,0.0229913040437525,0.00502747128262795,0.139646871489115,0.038019979065197,0.355011333417578,0.105138745511737,"Human_Breast_Andersson_10142021_ST_H1"
"Human_Breast_Andersson_10142021_ST_H1_11x17",0.192816548868633,0.117839352455279,0.216347626710891,0.0034172264850838,0.0119219108473149,0.0480477843126988,0.0854429511063015,0.1860424407691,0.138124158444698,"Human_Breast_Andersson_10142021_ST_H1"
"Human_Breast_Andersson_10142021_ST_H1_11x18",0.137289250778908,0.110302631974846,0.0803424100264695,0.0503862533015942,0.0472042066919664,0.0901980288180767,0.0798703737981955,0.170044127714634,0.234362716895309,"Human_Breast_Andersson_10142021_ST_H1"
"Human_Breast_Andersson_10142021_ST_H1_11x19",0.137135748702043,0.0964646150213044,0.0379341366547588,0.0271954020876008,0.0236280834018161,0.0671121051046482,0.0764403029505244,0.332846490153303,0.201243115924001,"Human_Breast_Andersson_10142021_ST_H1"
"Human_Breast_Andersson_10142021_ST_H1_11x20",0.103790029843931,0.0691543939119871,0.0635267621894903,0.10054555686814,0.116636915581321,0.156051092146838,0.0450653011971275,0.241590044341429,0.103639903919736,"Human_Breast_Andersson_10142021_ST_H1"
"Human_Breast_Andersson_10142021_ST_H1_11x21",0.140377970878385,0.0535534488432818,0.0398389623324916,0.0912046727336699,0.0835389959335718,0.120167308474483,0.0786292237634032,0.336019690977167,0.0566697260635467,"Human_Breast_Andersson_10142021_ST_H1"
"Human_Breast_Andersson_10142021_ST_H1_11x22",0.0267600229920909,0.0621937084471059,0.00967665314010149,0.0444349159213318,0.0227788293625344,0.193084121026645,0.0447950580628384,0.499120344421457,0.0971563466258948,"Human_Breast_Andersson_10142021_ST_H1"
"Human_Breast_Andersson_10142021_ST_H1_11x23",0.0128256382974462,0.0467139174706387,0.0753686618881127,0.0421884674961867,0.0239733720370622,0.14904158789095,0.100569419806265,0.379026050861819,0.170292884251519,"Human_Breast_Andersson_10142021_ST_H1"
"Human_Breast_Andersson_10142021_ST_H1_11x24",0.0441541937883255,0.0842283148764392,0.0487463292132795,0.0172676867408933,0.0078934319415861,0.135029383343945,0.0898660514794573,0.350901865687682,0.221912742928391,"Human_Breast_Andersson_10142021_ST_H1"
"Human_Breast_Andersson_10142021_ST_H1_11x25",0.0280605372098077,0.0561668098805281,0.226398434792089,0.00221980231820517,0.0066172347385932,0.0991309027364399,0.060520335995132,0.288544981665069,0.232340960664136,"Human_Breast_Andersson_10142021_ST_H1"
"Human_Breast_Andersson_10142021_ST_H1_11x26",0.0855463525534702,0.0406883088673938,0.0412090365562742,0.0260454909854581,0.03963093100699,0.0604540187601618,0.143796277595055,0.0858979166688868,0.47673166700631,"Human_Breast_Andersson_10142021_ST_H1"
"Human_Breast_Andersson_10142021_ST_H1_11x27",0.0895185927603903,0.111508747515882,0.0995256255672399,0.050512170514382,0.0189669659615132,0.109793374740651,0.0622059890303055,0.279916653253138,0.178051880656499,"Human_Breast_Andersson_10142021_ST_H1"
"Human_Breast_Andersson_10142021_ST_H1_11x28",0.083267406528985,0.0434041615324585,0.0343967391601284,0.004788861737244,0.00139156168642781,0.121065553671957,0.0729136078213736,0.482375273267654,0.156396834593771,"Human_Breast_Andersson_10142021_ST_H1"
"Human_Breast_Andersson_10142021_ST_H1_11x29",0.113241076046866,0.0369705125894997,0.010736597388679,0.032460973595794,0.0191566299720655,0.0113970366544052,0.17075721795758,0.196387372188965,0.408892583606146,"Human_Breast_Andersson_10142021_ST_H1"
"Human_Breast_Andersson_10142021_ST_H1_11x30",0.0238811589034645,0.0521214479390096,0.0337979490834711,0.0178500338888718,0.0120625355338928,0.0905441158005163,0.11527380242364,0.448070769029681,0.206398187397452,"Human_Breast_Andersson_10142021_ST_H1"
"Human_Breast_Andersson_10142021_ST_H1_11x31",0.0914109048894384,0.0914081947976733,0.0519690701997489,0.0184735021881477,0.0316729121747858,0.0730865775716153,0.139651231622722,0.166420186774137,0.335907419781731,"Human_Breast_Andersson_10142021_ST_H1"
"Human_Breast_Andersson_10142021_ST_H1_11x32",0.0228194323654453,0.0451320501577272,0.0487662056024958,0.0756384102259784,0.0819092309255297,0.0806745503258532,0.0734503743622975,0.424016817368596,0.147592928666077,"Human_Breast_Andersson_10142021_ST_H1"
"Human_Breast_Andersson_10142021_ST_H1_11x33",0.0164110683386475,0.0953732534959248,0.0972395683114983,0.0347011215576322,0.0277281368286866,0.128397651787043,0.0454515758655246,0.495542825874121,0.0591547979409222,"Human_Breast_Andersson_10142021_ST_H1"
"Human_Breast_Andersson_10142021_ST_H1_11x9",0.0545469574429266,0.0848926725165582,0.126993383863201,0.00105561937981269,0.00843739457851217,0.0544852687637144,0.0555230432727656,0.494727167153758,0.119338493028751,"Human_Breast_Andersson_10142021_ST_H1"
"Human_Breast_Andersson_10142021_ST_H1_12x10",0.00944613432467479,0.0101951370452615,0.00768818973059293,0.00256729430208274,0.00236477277832767,0.00805004796374673,0.111523800459082,0.713281867235907,0.134882756160324,"Human_Breast_Andersson_10142021_ST_H1"
"Human_Breast_Andersson_10142021_ST_H1_12x11",0.0726850992425346,0.0345559623323377,0.0272937001365689,0.0173639110729496,0.0133851688644403,0.117844214884413,0.0335411182685831,0.631870029873337,0.0514607953248363,"Human_Breast_Andersson_10142021_ST_H1"
"Human_Breast_Andersson_10142021_ST_H1_12x12",0.0148658118561307,0.0454989762771562,0.0766051535937899,0.00722339581228279,0.00991235260609229,0.069705196032653,0.041749550897855,0.662721045251835,0.0717185176722056,"Human_Breast_Andersson_10142021_ST_H1"
"Human_Breast_Andersson_10142021_ST_H1_12x13",0.0804720377839546,0.09045274906224,0.0495775776727447,0.00640276694832106,0.0134109270138491,0.0332175199823234,0.0421166661250754,0.591945882604834,0.0924038728066578,"Human_Breast_Andersson_10142021_ST_H1"
"Human_Breast_Andersson_10142021_ST_H1_12x14",0.0149100724600067,0.0113335711735035,0.0752411244344497,0.0560903542093524,0.143499706855792,0.0908610721123943,0.0641808310883423,0.395535977620015,0.148347290046143,"Human_Breast_Andersson_10142021_ST_H1"
"Human_Breast_Andersson_10142021_ST_H1_12x15",0.00929024257084621,0.0523553464338237,0.0498979754572875,0.033086307140277,0.0266448039062244,0.111986637029961,0.0309745831995432,0.559055471631223,0.126708632630814,"Human_Breast_Andersson_10142021_ST_H1"
"Human_Breast_Andersson_10142021_ST_H1_12x16",0.259432754053332,0.103544142947655,0.0588869091376542,0.0321718629286374,0.00576809143240149,0.158193313113694,0.0406722662686845,0.285860331516403,0.0554703286015391,"Human_Breast_Andersson_10142021_ST_H1"
"Human_Breast_Andersson_10142021_ST_H1_12x17",0.192994459110948,0.0498452538176597,0.0288857345972052,0.00807406375129576,0.0750903534840124,0.00934911624935494,0.167447032961392,0.161605463753697,0.306708522274434,"Human_Breast_Andersson_10142021_ST_H1"
"Human_Breast_Andersson_10142021_ST_H1_12x18",0.109973002324698,0.0351055209470283,0.00900484599190129,0.0281597720898974,0.0288424906560627,0.0370237437906474,0.182996526178698,0.382359682707602,0.186534415313466,"Human_Breast_Andersson_10142021_ST_H1"
"Human_Breast_Andersson_10142021_ST_H1_12x19",0.193174363670024,0.0587435866502975,0.0124746511133624,0.0231057103915465,0.0274610979760976,0.0296104007493506,0.148532834239855,0.204926199894338,0.301971155315128,"Human_Breast_Andersson_10142021_ST_H1"
"Human_Breast_Andersson_10142021_ST_H1_12x20",0.17077707721522,0.0602386148109736,0.0583327934718414,0.029159383802618,0.0601690010710549,0.0996069169345932,0.0664335787137726,0.320964909679537,0.13431772430039,"Human_Breast_Andersson_10142021_ST_H1"
"Human_Breast_Andersson_10142021_ST_H1_12x21",0.178882355350509,0.0981426479769607,0.0745310934737138,0.0269414085183001,0.0449918711636652,0.140799318770492,0.0810888753896109,0.176034251705538,0.178588177651211,"Human_Breast_Andersson_10142021_ST_H1"
"Human_Breast_Andersson_10142021_ST_H1_12x22",0.10214700951924,0.0851960606260743,0.0820596867308676,0.163722282976533,0.128189133790117,0.0555994772063655,0.0198385572250579,0.309035851505362,0.0542119404203844,"Human_Breast_Andersson_10142021_ST_H1"
"Human_Breast_Andersson_10142021_ST_H1_12x23",0.0295883685390766,0.0541264758269164,0.113378399028169,0.152111410160553,0.0844765026107834,0.144005683496723,0.0554584481193232,0.263918139526382,0.102936572692073,"Human_Breast_Andersson_10142021_ST_H1"
"Human_Breast_Andersson_10142021_ST_H1_12x24",0.0188126446057439,0.0804301327630962,0.11826724015122,0.0554043720758212,0.0299271582950101,0.170346693838706,0.0553800230889967,0.366475219753455,0.104956515427951,"Human_Breast_Andersson_10142021_ST_H1"
"Human_Breast_Andersson_10142021_ST_H1_12x25",0.0169554134843882,0.0839056344493363,0.0293052790715599,0.0206921221887923,0.00714219423237493,0.175063777032248,0.0149025539243506,0.508073466303727,0.143959559313222,"Human_Breast_Andersson_10142021_ST_H1"
"Human_Breast_Andersson_10142021_ST_H1_12x26",0.0966618401455431,0.0386227014310002,0.0223125390190355,0.0194411692465445,0.0395361620978609,0.0348652206851932,0.19987577625446,0.153542514678934,0.395142076441429,"Human_Breast_Andersson_10142021_ST_H1"
"Human_Breast_Andersson_10142021_ST_H1_12x27",0.0856281719873968,0.0867690048830256,0.0891161127463281,0.084761421914908,0.0465693398237601,0.212660545414544,0.0755145537994268,0.0995907268631036,0.219390122567507,"Human_Breast_Andersson_10142021_ST_H1"
"Human_Breast_Andersson_10142021_ST_H1_12x28",0.0185774109429029,0.114488707551547,0.0549736264845853,0.0708480877470393,0.00903379943708639,0.06403307816316,0.0974432601474244,0.363171486740929,0.207430542785327,"Human_Breast_Andersson_10142021_ST_H1"
"Human_Breast_Andersson_10142021_ST_H1_12x29",0.00734250604217211,0.0422652659002406,0.121812465667259,0.0195962045341422,0.0157380743178316,0.0228079697117897,0.207069355632731,0.340250968248504,0.22311718994533,"Human_Breast_Andersson_10142021_ST_H1"
"Human_Breast_Andersson_10142021_ST_H1_12x30",0.147331978930466,0.0299510318325888,0.0112143247800313,0.00494160492139848,0.0168162753412878,0.178038899062275,0.0614554762846936,0.430775241617288,0.119475167229971,"Human_Breast_Andersson_10142021_ST_H1"
"Human_Breast_Andersson_10142021_ST_H1_12x31",0.0641438131308892,0.0871058029544627,0.0185307965701394,0.0188762541238161,0.02341891650508,0.111988053187632,0.0969658733878805,0.200143856503028,0.378826633637072,"Human_Breast_Andersson_10142021_ST_H1"
"Human_Breast_Andersson_10142021_ST_H1_12x32",0.0110421293192037,0.0664408147304542,0.054627504674462,0.0229753308316101,0.0344120521302396,0.138298998502032,0.117065662987191,0.356728021010259,0.198409485814548,"Human_Breast_Andersson_10142021_ST_H1"
"Human_Breast_Andersson_10142021_ST_H1_12x33",0.0180555173705581,0.0841750145261468,0.0165070399263702,0.0529129357745359,0.0248176494620242,0.144969053196393,0.098712559912964,0.371106430165634,0.188743799665373,"Human_Breast_Andersson_10142021_ST_H1"
"Human_Breast_Andersson_10142021_ST_H1_12x34",0.032486925580981,0.125018956041507,0.0233452844198669,0.0359136494733367,0.012041711221608,0.125899274319885,0.0549461109991297,0.489852379376498,0.100495708567188,"Human_Breast_Andersson_10142021_ST_H1"
"Human_Breast_Andersson_10142021_ST_H1_12x9",0.00460570339321214,0.055309919077084,0.324197848017925,0.00743969656384714,0.0237648073692109,0.032612393195722,0.231281446962668,0.0335610063390641,0.287227179081267,"Human_Breast_Andersson_10142021_ST_H1"
"Human_Breast_Andersson_10142021_ST_H1_13x10",0.000952578255155835,0.0275585670951135,0.0753965782500304,4.51006331805048e-05,0.000179909053943901,7.08524097955809e-05,0.0329228385508971,0.838929878889116,0.0239436968627676,"Human_Breast_Andersson_10142021_ST_H1"
"Human_Breast_Andersson_10142021_ST_H1_13x11",0.0688076162936953,0.026335112974327,0.0916005684470794,0.00223021738778929,0.00254860192655382,0.111454343105712,0.0535055313253159,0.567926462610604,0.0755915459289235,"Human_Breast_Andersson_10142021_ST_H1"
"Human_Breast_Andersson_10142021_ST_H1_13x12",0.00510494406126625,0.0379041111584295,0.036043681222897,0.00163529447165773,0.0035162358018785,0.0543892242330763,0.00557917974079451,0.804883861258502,0.0509434680514979,"Human_Breast_Andersson_10142021_ST_H1"
"Human_Breast_Andersson_10142021_ST_H1_13x13",0.00471860463235539,0.0485909210065794,0.153626720181802,0.058059008666496,0.00751496489380455,0.141040782939664,0.0798657343985426,0.4025137753954,0.104069487885356,"Human_Breast_Andersson_10142021_ST_H1"
"Human_Breast_Andersson_10142021_ST_H1_13x14",0.0258510546179837,0.0563532572409299,0.134232960989059,0.0368297333023615,0.0834514470026219,0.0573604490669823,0.0891303197716943,0.364163964430554,0.152626813577813,"Human_Breast_Andersson_10142021_ST_H1"
"Human_Breast_Andersson_10142021_ST_H1_13x15",0.00584915501062377,0.122408572241826,0.0679182277351839,0.0140290218669899,0.0212173735137773,0.123493532755494,0.0829472860530737,0.418394673987269,0.143742156835763,"Human_Breast_Andersson_10142021_ST_H1"
"Human_Breast_Andersson_10142021_ST_H1_13x16",0.105507183843599,0.0530238469745657,0.0858051925204435,0.0648607169713177,0.0570420535150544,0.177302489551504,0.0699211088219304,0.291956612284536,0.094580795517049,"Human_Breast_Andersson_10142021_ST_H1"
"Human_Breast_Andersson_10142021_ST_H1_13x17",0.0711161964969617,0.0778228960264005,0.034941659365778,0.0314796007067443,0.0973729111023458,0.0658968710813195,0.0735016687224938,0.435365234546923,0.112502961951033,"Human_Breast_Andersson_10142021_ST_H1"
"Human_Breast_Andersson_10142021_ST_H1_13x18",0.294443427147512,0.118589877170117,0.0578847168818855,0.0378963979784585,0.0434316563118984,0.124166112688857,0.0471657099794715,0.139262524673158,0.137159577168641,"Human_Breast_Andersson_10142021_ST_H1"
"Human_Breast_Andersson_10142021_ST_H1_13x19",0.148117008187009,0.105246711540808,0.0590512697396504,0.0362134774217038,0.0148614976606795,0.213004560177534,0.111966242334108,0.10174736529559,0.209791867642917,"Human_Breast_Andersson_10142021_ST_H1"
"Human_Breast_Andersson_10142021_ST_H1_13x20",0.105686562712654,0.101189742132384,0.0829186709001865,0.0747620174162502,0.141193055723993,0.117886389628954,0.055123845323588,0.200835617251832,0.120404098910159,"Human_Breast_Andersson_10142021_ST_H1"
"Human_Breast_Andersson_10142021_ST_H1_13x21",0.131726029990026,0.0730599254037259,0.0887105878490917,0.0828627072285774,0.0811638285650384,0.0589900665377085,0.163366116721757,0.100430988627601,0.219689749076475,"Human_Breast_Andersson_10142021_ST_H1"
"Human_Breast_Andersson_10142021_ST_H1_13x22",0.0613532809571317,0.0845603254340722,0.0789675194332043,0.0360839646664342,0.0795407959648711,0.100458373204668,0.121788378098351,0.270426109405231,0.166821252836037,"Human_Breast_Andersson_10142021_ST_H1"
"Human_Breast_Andersson_10142021_ST_H1_13x23",0.054212050070075,0.0378083677663388,0.0403247265782535,0.0385151149274765,0.0534686467687738,0.147583394896205,0.0413995667187407,0.508714694748501,0.0779734375256354,"Human_Breast_Andersson_10142021_ST_H1"
"Human_Breast_Andersson_10142021_ST_H1_13x24",0.0276934321378196,0.0499821237502598,0.106468357249928,0.0323386898177503,0.015812851861006,0.0614771054423739,0.0277720002573296,0.544377625807244,0.134077813676289,"Human_Breast_Andersson_10142021_ST_H1"
"Human_Breast_Andersson_10142021_ST_H1_13x25",0.00571851308832332,0.0386342278846426,0.0975983747967187,0.0365263000329142,0.00911910381397523,0.0561194931487278,0.0698681797988664,0.564771889027218,0.121643918408614,"Human_Breast_Andersson_10142021_ST_H1"
"Human_Breast_Andersson_10142021_ST_H1_13x26",0.0169820393602672,0.0549786590386835,0.0354489870938403,0.0159244575059745,0.0112040431774196,0.109642548585108,0.044784951497125,0.609737299768038,0.101297013973544,"Human_Breast_Andersson_10142021_ST_H1"
"Human_Breast_Andersson_10142021_ST_H1_13x27",0.0272987963661666,0.0456998878038877,0.0196708131011139,0.0313456068560938,0.015376168958694,0.058644658299864,0.261150769450461,0.238396545616601,0.302416753547118,"Human_Breast_Andersson_10142021_ST_H1"
"Human_Breast_Andersson_10142021_ST_H1_13x28",0.0388867332245454,0.0312824798312574,0.0196591955451168,0.153550297198506,0.035380215152437,0.135499338754387,0.0189153543932609,0.458963562336966,0.107862823563523,"Human_Breast_Andersson_10142021_ST_H1"
"Human_Breast_Andersson_10142021_ST_H1_13x29",0.198649354983593,0.0628133694784683,0.0187215299688568,0.0727919758507521,0.112015860923386,0.0968649220169743,0.0455680140773673,0.108891124614389,0.283683848086212,"Human_Breast_Andersson_10142021_ST_H1"
"Human_Breast_Andersson_10142021_ST_H1_13x30",0.142691328082433,0.0230659559972385,0.0260097953354442,0.00922542597759259,0.0151385479917285,0.0360260209336493,0.156052832560596,0.387283221961224,0.204506871160094,"Human_Breast_Andersson_10142021_ST_H1"
"Human_Breast_Andersson_10142021_ST_H1_13x31",0.0359543161424354,0.0829728967168423,0.081763104135876,0.0676836283389911,0.0875057247040092,0.0974015526939852,0.103253464299245,0.212132695571695,0.23133261739692,"Human_Breast_Andersson_10142021_ST_H1"
"Human_Breast_Andersson_10142021_ST_H1_13x32",0.0185138449282735,0.088676025979847,0.0234670945427511,0.179643009219631,0.0291981021298957,0.171286711359532,0.055948027072116,0.280544713015504,0.152722471752449,"Human_Breast_Andersson_10142021_ST_H1"
"Human_Breast_Andersson_10142021_ST_H1_13x33",0.0404674428655887,0.0703258686908981,0.0397252849864573,0.0268180248995586,0.0256951023227376,0.174482926481591,0.0587504251932712,0.379822823271552,0.183912101288345,"Human_Breast_Andersson_10142021_ST_H1"
"Human_Breast_Andersson_10142021_ST_H1_13x34",0.0859102765327719,0.0850896299663682,0.0899819059645797,0.00599997576340836,0.00312289129450437,0.146820272534121,0.100886971413758,0.384424433485743,0.0977636430447456,"Human_Breast_Andersson_10142021_ST_H1"
"Human_Breast_Andersson_10142021_ST_H1_13x9",0.170897619389882,0.119517086981685,0.0763935391292549,0.0107752191726113,0.023884996905988,0.0328172576348852,0.107860656799224,0.334987412604378,0.122866211382092,"Human_Breast_Andersson_10142021_ST_H1"
"Human_Breast_Andersson_10142021_ST_H1_14x10",0.0622558288892302,0.0252640248906823,0.00814730160354186,0.00301748907326489,0.00275551102550779,0.0960861791292639,0.140223483925741,0.533201680981871,0.129048500480896,"Human_Breast_Andersson_10142021_ST_H1"
"Human_Breast_Andersson_10142021_ST_H1_14x11",0.0736771152633655,0.0535298549259985,0.0355397521797275,0.00184837556436881,0.00316551356766004,0.0470754500484862,0.0370219658079774,0.706977213426782,0.0411647592156341,"Human_Breast_Andersson_10142021_ST_H1"
"Human_Breast_Andersson_10142021_ST_H1_14x12",0.123796470809207,0.0180523704381401,0.0460620531994571,0.00784458731016376,0.121571122290224,0.0299214054982,0.0825523514894327,0.504843944451836,0.0653556945133396,"Human_Breast_Andersson_10142021_ST_H1"
"Human_Breast_Andersson_10142021_ST_H1_14x13",0.00290074962160782,0.127333571094159,0.0961918082803595,0.00431375464311276,0.00639645314470613,0.128054616277752,0.0643891228737479,0.410891755191976,0.159528168872578,"Human_Breast_Andersson_10142021_ST_H1"
"Human_Breast_Andersson_10142021_ST_H1_14x14",0.105343118345892,0.0347610268123616,0.0537178513446026,0.00188531169333026,0.0011566525811241,0.0265622459895094,0.133297878393792,0.545857197857185,0.0974187169822023,"Human_Breast_Andersson_10142021_ST_H1"
"Human_Breast_Andersson_10142021_ST_H1_14x15",0.101371544503243,0.0649497568677189,0.0299450729938708,0.0016579018381291,0.00541790241876536,0.0420555590673662,0.0249182754837932,0.622918926539082,0.106765060288031,"Human_Breast_Andersson_10142021_ST_H1"
"Human_Breast_Andersson_10142021_ST_H1_14x16",0.00996360184664444,0.0590184418729118,0.13242269752519,0.0526220000291152,0.0691638897313802,0.18710721101244,0.0832129484724376,0.248657322502983,0.157831887006898,"Human_Breast_Andersson_10142021_ST_H1"
"Human_Breast_Andersson_10142021_ST_H1_14x17",0.194566299283704,0.0361411568291827,0.0147367079552436,0.119091715322218,0.153555088974686,0.0839401249134304,0.0483545792523873,0.300785682454294,0.048828645014854,"Human_Breast_Andersson_10142021_ST_H1"
"Human_Breast_Andersson_10142021_ST_H1_14x18",0.0492925694205853,0.040898775718693,0.0135157646310946,0.0339019885783946,0.0661702568563213,0.034135336059037,0.30997736370521,0.0184191185085362,0.433688826522128,"Human_Breast_Andersson_10142021_ST_H1"
"Human_Breast_Andersson_10142021_ST_H1_14x19",0.204406812963581,0.0710666016034512,0.015411780030263,0.0336625407852395,0.029247902712708,0.0448283475449987,0.190166459061836,0.107589699945197,0.303619855352726,"Human_Breast_Andersson_10142021_ST_H1"
"Human_Breast_Andersson_10142021_ST_H1_14x20",0.139515771091527,0.0472336708216138,0.0340183468756343,0.102343722433258,0.149019396458937,0.120962930749689,0.0260280866503806,0.313003868474245,0.0678742064447154,"Human_Breast_Andersson_10142021_ST_H1"
"Human_Breast_Andersson_10142021_ST_H1_14x21",0.105482459717153,0.0526595755528371,0.027849763061374,0.298175767462395,0.138320431368127,0.167758059490754,0.0669880206121296,0.0741936431924864,0.068572279542744,"Human_Breast_Andersson_10142021_ST_H1"
"Human_Breast_Andersson_10142021_ST_H1_14x22",0.0676032056441211,0.0594431851267207,0.0480007758364771,0.08549897208489,0.0603335681294094,0.153905263847911,0.0871626708972534,0.340744122564481,0.097308235868736,"Human_Breast_Andersson_10142021_ST_H1"
"Human_Breast_Andersson_10142021_ST_H1_14x23",0.048825564931591,0.027992519727829,0.0634389600546766,0.0690277709602793,0.107341501702758,0.0988898110650603,0.0424326126349313,0.473352251840859,0.0686990070820161,"Human_Breast_Andersson_10142021_ST_H1"
"Human_Breast_Andersson_10142021_ST_H1_14x24",0.164156260753386,0.0654444552511178,0.033616020025912,0.2909397455522,0.0667475387885397,0.0624389171359966,0.0193926055172432,0.250533716471151,0.0467307405044546,"Human_Breast_Andersson_10142021_ST_H1"
"Human_Breast_Andersson_10142021_ST_H1_14x25",0.106547110071305,0.0926347250469517,0.0255990493114333,0.0359633729034704,0.144377625430292,0.122154861731361,0.0108949815550833,0.396023315421278,0.0658049585288245,"Human_Breast_Andersson_10142021_ST_H1"
"Human_Breast_Andersson_10142021_ST_H1_14x26",0.029240512440018,0.0864404653243283,0.0085605173910956,0.176362185015341,0.072422388514815,0.135703771478263,0.141785370192981,0.260340567087942,0.089144222555216,"Human_Breast_Andersson_10142021_ST_H1"
"Human_Breast_Andersson_10142021_ST_H1_14x27",0.101485467491467,0.0449882468780786,0.0680526344869824,0.0490560951789701,0.0166082611249529,0.0886042579432416,0.184995061149407,0.2338807784004,0.2123291973465,"Human_Breast_Andersson_10142021_ST_H1"
"Human_Breast_Andersson_10142021_ST_H1_14x28",0.0458335935081559,0.0771992879349993,0.0212067364022324,0.0348009591554666,0.0410761600727854,0.0892854594222316,0.184189326249596,0.219400834455896,0.287007642798636,"Human_Breast_Andersson_10142021_ST_H1"
"Human_Breast_Andersson_10142021_ST_H1_14x29",0.00518417091630712,0.0230544224676314,0.0146038516129395,0.0538388149567613,0.0449258840913053,0.0969411687026857,0.23719943054337,0.165322652775308,0.358929603933692,"Human_Breast_Andersson_10142021_ST_H1"
"Human_Breast_Andersson_10142021_ST_H1_14x30",0.0344270792762467,0.0849537784829645,0.0231000077951995,0.0747534207522331,0.12121829389629,0.165073079845041,0.148668915421586,0.076509104564853,0.271296319965587,"Human_Breast_Andersson_10142021_ST_H1"
"Human_Breast_Andersson_10142021_ST_H1_14x31",0.0978147373072773,0.0808100934417084,0.0282866034444622,0.0782617752033281,0.105688578062513,0.191769276748085,0.0426851884930946,0.261449007236522,0.113234740063009,"Human_Breast_Andersson_10142021_ST_H1"
"Human_Breast_Andersson_10142021_ST_H1_14x32",0.0218658738719815,0.0824793475552508,0.0313060329438095,0.0650698334254426,0.0240248921892554,0.0854812200138308,0.0864377274047459,0.418246136087626,0.185088936508057,"Human_Breast_Andersson_10142021_ST_H1"
"Human_Breast_Andersson_10142021_ST_H1_14x33",0.0999140112564086,0.066087244508621,0.0459186140953517,0.158384666995849,0.0292896719660883,0.131905720750893,0.0287763915009847,0.2514135417918,0.188310137134004,"Human_Breast_Andersson_10142021_ST_H1"
"Human_Breast_Andersson_10142021_ST_H1_14x34",0.0690418446758739,0.0501176143527144,0.0611273266462113,0.235948388680683,0.10711293305313,0.0621977915560761,0.0637347430723284,0.225155743675999,0.125563614286984,"Human_Breast_Andersson_10142021_ST_H1"
"Human_Breast_Andersson_10142021_ST_H1_14x9",0.0155844441516132,0.0172612125751029,0.00916889674023042,0.00304933607168182,0.00189004473312333,0.0536900510744211,0.130954033267108,0.694923502588258,0.0734784787984611,"Human_Breast_Andersson_10142021_ST_H1"
"Human_Breast_Andersson_10142021_ST_H1_15x10",0.115765234174456,0.147255572708236,0.0319723092003278,0.00157744365367036,0.000787813118605717,0.0307736075702133,0.00398243689349475,0.659654502365564,0.00823108031543236,"Human_Breast_Andersson_10142021_ST_H1"
"Human_Breast_Andersson_10142021_ST_H1_15x11",0.0749674472462909,0.0913643567995068,0.0571127173821234,0.00115495501437039,0.00252307518616135,0.052721235072493,0.326876868316415,0.355045857906862,0.0382334870757769,"Human_Breast_Andersson_10142021_ST_H1"
"Human_Breast_Andersson_10142021_ST_H1_15x12",0.0222993424291057,0.0832091443400288,0.131254259950728,0.00336492266238608,0.00135453680018498,0.121418076695551,0.0358869779491473,0.522245404843853,0.0789673343290152,"Human_Breast_Andersson_10142021_ST_H1"
"Human_Breast_Andersson_10142021_ST_H1_15x13",0.145035918117814,0.060770905738425,0.0334490580043265,0.0957178627809729,0.0159191744914938,0.0231364932257664,0.0201114072761511,0.487784030320882,0.118075150044168,"Human_Breast_Andersson_10142021_ST_H1"
"Human_Breast_Andersson_10142021_ST_H1_15x14",0.00786221397151394,0.0483046494664701,0.279886343829838,0.168246870215257,0.055276353471441,0.113447286091518,0.0729384699111788,0.153658581929174,0.100379231113609,"Human_Breast_Andersson_10142021_ST_H1"
"Human_Breast_Andersson_10142021_ST_H1_15x15",0.0414931463204178,0.0317730119740954,0.00237041024457826,0.0100984978303716,0.0230088074173807,0.215456665784953,0.083425659248095,0.385382162433861,0.206991638746247,"Human_Breast_Andersson_10142021_ST_H1"
"Human_Breast_Andersson_10142021_ST_H1_15x16",0.0271534782909247,0.0243335181654521,0.0895093280176752,0.0112565215582117,0.0119453807505119,0.0535449409725074,0.0414793462383337,0.619842599228981,0.120934886777402,"Human_Breast_Andersson_10142021_ST_H1"
"Human_Breast_Andersson_10142021_ST_H1_15x17",0.145959593413533,0.0967059751138043,0.0314777240178247,0.0603831504303667,0.245644258770334,0.163983236311944,0.0301915910718429,0.163270402832222,0.0623840680381278,"Human_Breast_Andersson_10142021_ST_H1"
"Human_Breast_Andersson_10142021_ST_H1_15x18",0.0997137783762877,0.0326152471230512,0.0096465757615045,0.0182370561414164,0.0347880473622743,0.0268084883457225,0.194170177529801,0.286446294875665,0.297574334484278,"Human_Breast_Andersson_10142021_ST_H1"
"Human_Breast_Andersson_10142021_ST_H1_15x19",0.159927116032009,0.0337989323501493,0.0145773397727172,0.032664972090893,0.0395289246946519,0.0365434802038641,0.121435991026476,0.187715782723293,0.373807461105947,"Human_Breast_Andersson_10142021_ST_H1"
"Human_Breast_Andersson_10142021_ST_H1_15x20",0.10291513939224,0.0887773720956236,0.0360534001891159,0.0990877534055285,0.136094070292629,0.15828851777412,0.0279941558928754,0.27893250700807,0.0718570839497974,"Human_Breast_Andersson_10142021_ST_H1"
"Human_Breast_Andersson_10142021_ST_H1_15x21",0.0183345915845542,0.062101684543647,0.0735076307137287,0.125921712582138,0.0572600606518212,0.196947469095453,0.0328230352115255,0.336534850568966,0.0965689650481657,"Human_Breast_Andersson_10142021_ST_H1"
"Human_Breast_Andersson_10142021_ST_H1_15x22",0.0835004575880472,0.110511620168047,0.0490079392329763,0.023773843392133,0.00936730802708681,0.260569481723245,0.0359230675970623,0.362648325572021,0.0646979566993813,"Human_Breast_Andersson_10142021_ST_H1"
"Human_Breast_Andersson_10142021_ST_H1_15x23",0.153252545169325,0.069165701121198,0.0775171784562462,0.0162459334354883,0.0185690133920421,0.0535997106868429,0.074940387057338,0.446177415634748,0.0905321150467715,"Human_Breast_Andersson_10142021_ST_H1"
"Human_Breast_Andersson_10142021_ST_H1_15x24",0.0866099081803534,0.112057772479717,0.094253313574602,0.156603258120615,0.0414839394744111,0.176944936011162,0.0119779382778781,0.261176891748811,0.0588920421324512,"Human_Breast_Andersson_10142021_ST_H1"
"Human_Breast_Andersson_10142021_ST_H1_15x25",0.0234742506774348,0.0658846738389002,0.0650842548071601,0.307722570552315,0.163774473756749,0.117845905114128,0.0157693753185417,0.196140057103173,0.044304438831598,"Human_Breast_Andersson_10142021_ST_H1"
"Human_Breast_Andersson_10142021_ST_H1_15x26",0.0128820125756359,0.0658959253355057,0.0907905422183635,0.356654291165439,0.0865990319704371,0.1491535746009,0.0222197893167394,0.16174565632487,0.0540591764921097,"Human_Breast_Andersson_10142021_ST_H1"
"Human_Breast_Andersson_10142021_ST_H1_15x27",0.0384041814659877,0.0330747188251573,0.00766724408422043,0.0706832814255018,0.0811323327012035,0.0757148285404477,0.202526837253064,0.098920299260568,0.39187627644385,"Human_Breast_Andersson_10142021_ST_H1"
"Human_Breast_Andersson_10142021_ST_H1_15x28",0.00636817461231342,0.0178310647259826,0.00175388079103281,0.046384502038285,0.045816316750335,0.0577762993085765,0.113125407681562,0.418194176806508,0.292750177285405,"Human_Breast_Andersson_10142021_ST_H1"
"Human_Breast_Andersson_10142021_ST_H1_15x29",0.0183709700162525,0.0541329233387611,0.03527878970212,0.0740610882949984,0.0275652427272845,0.066231724473055,0.206266476443441,0.159522136125095,0.358570648878993,"Human_Breast_Andersson_10142021_ST_H1"
"Human_Breast_Andersson_10142021_ST_H1_15x30",0.0613743747354437,0.0214222510961944,0.0106310196338213,0.038235681256508,0.06457314592145,0.101670028607255,0.164133888671079,0.280359841677521,0.257599768400728,"Human_Breast_Andersson_10142021_ST_H1"
"Human_Breast_Andersson_10142021_ST_H1_15x31",0.106365458932454,0.041355280169704,0.0225459950766084,0.0194965223904408,0.04012856514234,0.089548689105296,0.105124464003545,0.280201187184675,0.295233837994936,"Human_Breast_Andersson_10142021_ST_H1"
"Human_Breast_Andersson_10142021_ST_H1_15x33",0.00737314984431188,0.0490256313938338,0.0263366439567554,0.0156431442635398,0.0175022258049475,0.0146981061105201,0.340536370229286,0.261973197250307,0.266911531146499,"Human_Breast_Andersson_10142021_ST_H1"
"Human_Breast_Andersson_10142021_ST_H1_15x34",0.0600426681241407,0.106043301946239,0.0473295945055541,0.398718152828377,0.134794191727808,0.082111408545687,0.0318873839800049,0.0599566024451476,0.0791166958970416,"Human_Breast_Andersson_10142021_ST_H1"
"Human_Breast_Andersson_10142021_ST_H1_15x9",0.0511779717971978,0.0845319147089934,0.135694061456438,0.00308822265450052,0.00121635828954548,0.0544737543104177,0.040606118351953,0.590527707450347,0.0386838909806069,"Human_Breast_Andersson_10142021_ST_H1"
"Human_Breast_Andersson_10142021_ST_H1_16x10",0.0175747193446936,0.0878290985664752,0.0297934073430608,0.00598185382053342,0.00630784532061007,0.0153538936345986,0.460058975629866,0.29965073279585,0.0774494735443122,"Human_Breast_Andersson_10142021_ST_H1"
"Human_Breast_Andersson_10142021_ST_H1_16x11",0.0388523765479779,0.0614865330811777,0.0940259721556163,0.00920932168381587,0.00351040929813975,0.0537537846465038,0.29878498649394,0.352167977845077,0.0882086382477518,"Human_Breast_Andersson_10142021_ST_H1"
"Human_Breast_Andersson_10142021_ST_H1_16x12",0.0328997703648049,0.0159010870970314,0.0150336187722345,0.00496619013939848,0.00098396242447341,0.163364565673992,0.0314614845419457,0.618133426147356,0.117255894838763,"Human_Breast_Andersson_10142021_ST_H1"
"Human_Breast_Andersson_10142021_ST_H1_16x13",0.0169740482282286,0.0167491938932949,0.262027397921788,0.00211794666886359,0.00183906861545434,0.0276780823234189,0.177785498625497,0.463997844416651,0.030830919306804,"Human_Breast_Andersson_10142021_ST_H1"
"Human_Breast_Andersson_10142021_ST_H1_16x14",0.00190663238698651,0.0121429930647434,0.162149202568997,0.00249608103438876,0.00103888219619266,0.00137070239282387,0.0170841011163872,0.766123964585447,0.0356874406540331,"Human_Breast_Andersson_10142021_ST_H1"
"Human_Breast_Andersson_10142021_ST_H1_16x15",0.00998158846311245,0.0323227428567244,0.100807952651793,0.00318877181635816,0.0148954497211781,0.00390519483929581,0.0335218899246964,0.708263091383743,0.093113318343098,"Human_Breast_Andersson_10142021_ST_H1"
