"","Endothelial","CAFs","PVL","B-cells","T-cells","Myeloid","Normal Epithelial","Plasmablasts","Cancer Epithelial","sid"
"Human_Breast_He_06222020_ST_BC23288_E1_9x10",0.0191587434177616,0.0900817922987877,0.22453945347031,0.102623931061164,0.00197184093652342,0.18678021088521,0.000673042720252079,0.369934743501716,0.00423624170827617,"Human_Breast_He_06222020_ST_BC23288_E1"
"Human_Breast_He_06222020_ST_BC23288_E1_3x23",0.0751475040787235,0.124943182501571,0.309917543555785,0.000496758509305788,0.000286477841224793,0.225570961012736,0.00219141666295402,0.228177944873595,0.033268210964104,"Human_Breast_He_06222020_ST_BC23288_E1"
"Human_Breast_He_06222020_ST_BC23288_E1_23x21",0.0640523538640587,0.106138642991791,0.422026357077173,0.000543491920190312,0.000767261103851907,0.240567585437629,0.00186555109523038,0.142553106138213,0.0214856503718634,"Human_Breast_He_06222020_ST_BC23288_E1"
"Human_Breast_He_06222020_ST_BC23288_E1_23x22",0.0413770861774775,0.073339608388332,0.386750223927812,0.00256465286584421,0.000917835895034192,0.374421862670284,0.000233152634057432,0.105616778422461,0.0147787990186971,"Human_Breast_He_06222020_ST_BC23288_E1"
"Human_Breast_He_06222020_ST_BC23288_E1_23x23",0.0489465122200522,0.184245503919749,0.273612898753763,5.14786603519477e-05,0.000227541541621518,0.412428601437008,0.000379247616619716,0.0744517885964278,0.00565642725440669,"Human_Breast_He_06222020_ST_BC23288_E1"
"Human_Breast_He_06222020_ST_BC23288_E1_23x24",0.00504554548779365,0.104018578737736,0.357707905388859,4.04071379642187e-05,8.02425599802296e-05,0.400998921711642,0.000195857244256197,0.129216615592409,0.00269592613935989,"Human_Breast_He_06222020_ST_BC23288_E1"
"Human_Breast_He_06222020_ST_BC23288_E1_23x25",0.0387460156081322,0.0407323023748748,0.265782038647473,0.00175003751443861,0.00494888397136974,0.231205133752267,0.00127805068185024,0.405210232723121,0.0103473047264736,"Human_Breast_He_06222020_ST_BC23288_E1"
"Human_Breast_He_06222020_ST_BC23288_E1_23x27",0.020738357578362,0.0933397742764134,0.112569312040836,0.00125497877412051,0.00179826675665829,0.158422872598355,0.0394913080073037,0.541175066345036,0.0312100636229149,"Human_Breast_He_06222020_ST_BC23288_E1"
"Human_Breast_He_06222020_ST_BC23288_E1_30x21",0.0518415271965461,0.18120535845235,0.31228960792214,0.000190624228590686,8.77859202631215e-05,0.240987009386431,0.00345699273734463,0.194576606562636,0.0153644875936982,"Human_Breast_He_06222020_ST_BC23288_E1"
"Human_Breast_He_06222020_ST_BC23288_E1_25x13",0.000325717741768063,0.163028096942738,0.0430447016834141,0.000712300745203824,1.05304451692277e-05,0.393476811643617,4.53358839581816e-06,0.399327640164547,6.96670451465639e-05,"Human_Breast_He_06222020_ST_BC23288_E1"
"Human_Breast_He_06222020_ST_BC23288_E1_11x9",0.0225181789685132,0.132897804054262,0.159220544672445,0.00930693491421228,0.00168021143281513,0.216409106258321,0.000245859665592481,0.454816974445577,0.00290438558826112,"Human_Breast_He_06222020_ST_BC23288_E1"
"Human_Breast_He_06222020_ST_BC23288_E1_20x23",0.0298305224196979,0.0955360730999575,0.562115884571061,0.000151710654361798,0.000293630388128091,0.205876658973024,0.000320417050684444,0.103591095702214,0.0022840071408721,"Human_Breast_He_06222020_ST_BC23288_E1"
"Human_Breast_He_06222020_ST_BC23288_E1_25x17",0.00191996922868992,0.116468856254873,0.262415497346263,0.000319695628593046,2.88682841212139e-06,0.235051250545426,4.80491857348097e-06,0.383382116653927,0.000434922595242597,"Human_Breast_He_06222020_ST_BC23288_E1"
"Human_Breast_He_06222020_ST_BC23288_E1_18x28",0.0498396254957874,0.0457688904454323,0.21862714310127,0.00112444327649663,0.00151550782395142,0.264550105873926,0.0070147250918127,0.379668851719477,0.0318907071718466,"Human_Breast_He_06222020_ST_BC23288_E1"
"Human_Breast_He_06222020_ST_BC23288_E1_18x29",0.11839997220999,0.0253965052808169,0.365986619881526,0.0142063827618986,0.017536598706234,0.175118952565384,0.0633117612359561,0.175939051806376,0.0441041555518177,"Human_Breast_He_06222020_ST_BC23288_E1"
"Human_Breast_He_06222020_ST_BC23288_E1_18x26",0.0535913928335633,0.0535444148754274,0.468529752516785,0.0109639033701541,0.0181883974524918,0.200051813451799,0.00231486557931485,0.180348654388124,0.0124668055323404,"Human_Breast_He_06222020_ST_BC23288_E1"
"Human_Breast_He_06222020_ST_BC23288_E1_18x27",0.070274138815049,0.072996937755223,0.470354040572311,0.000795721814927302,0.00240193255452461,0.184908388272699,0.0038359693285492,0.183412210767545,0.0110206601191724,"Human_Breast_He_06222020_ST_BC23288_E1"
"Human_Breast_He_06222020_ST_BC23288_E1_18x24",0.078369448407378,0.058884305032135,0.31788201488682,0.0225629392469292,0.00626157397123086,0.397935412947839,0.00363597087342045,0.102245760727917,0.0122225739063304,"Human_Breast_He_06222020_ST_BC23288_E1"
"Human_Breast_He_06222020_ST_BC23288_E1_18x25",0.0288254522100822,0.0689125725875341,0.470416267795921,0.00394441519740189,0.000508842197595666,0.365192223333037,0.00377662057991026,0.0478410150866994,0.0105825910118193,"Human_Breast_He_06222020_ST_BC23288_E1"
"Human_Breast_He_06222020_ST_BC23288_E1_18x22",0.114588530824662,0.109853304332858,0.2062068899458,0.0158441746451165,0.00212490383733159,0.296627525167953,0.00654507043780075,0.203350210179894,0.0448593906285835,"Human_Breast_He_06222020_ST_BC23288_E1"
"Human_Breast_He_06222020_ST_BC23288_E1_18x23",0.0313612662473048,0.159027423203522,0.431754479918941,0.000547412785922697,0.000191230817945237,0.214328378443385,0.00254223208050227,0.149873927908974,0.0103736485935026,"Human_Breast_He_06222020_ST_BC23288_E1"
"Human_Breast_He_06222020_ST_BC23288_E1_18x20",0.0740520272038257,0.119897657398016,0.173889046866099,0.0100571394172611,0.00558448380902955,0.295414868980798,0.00495136204266321,0.286134928769194,0.0300184855131137,"Human_Breast_He_06222020_ST_BC23288_E1"
"Human_Breast_He_06222020_ST_BC23288_E1_18x21",0.112196670744353,0.138773909314786,0.383162663361431,3.84568144494367e-05,7.69259132195633e-05,0.227192390096185,0.0018744495733932,0.116027459540575,0.020657074641608,"Human_Breast_He_06222020_ST_BC23288_E1"
"Human_Breast_He_06222020_ST_BC23288_E1_24x26",0.0732525086287529,0.0646634276581925,0.40552056770771,0.00488307426775927,0.00110052858530634,0.218296075988282,0.0422627111057273,0.165164656594842,0.0248564494634276,"Human_Breast_He_06222020_ST_BC23288_E1"
"Human_Breast_He_06222020_ST_BC23288_E1_20x27",0.0167359551350499,0.0527137814666378,0.208388266403032,0.000298220143476335,0.000523316526191932,0.401315155822525,0.00103174334579123,0.252832239741136,0.0661613214161599,"Human_Breast_He_06222020_ST_BC23288_E1"
"Human_Breast_He_06222020_ST_BC23288_E1_25x14",0.00590986878328098,0.0960433159941708,0.125050286970288,0.000195262937244912,2.93802038558154e-05,0.25413948544316,4.75234213910683e-05,0.51830755294856,0.000277323298048708,"Human_Breast_He_06222020_ST_BC23288_E1"
"Human_Breast_He_06222020_ST_BC23288_E1_23x20",0.046927751562177,0.113371744531978,0.393656693701007,0.000631672099941616,0.00020213042337128,0.269813858611107,0.00113074537794021,0.165460227758685,0.00880517593379219,"Human_Breast_He_06222020_ST_BC23288_E1"
"Human_Breast_He_06222020_ST_BC23288_E1_23x26",0.0454281824701204,0.111670045109503,0.359951579817454,0.000489525547615776,0.000540349537762102,0.298467568271231,0.00383037917274647,0.127482532732382,0.0521398373411855,"Human_Breast_He_06222020_ST_BC23288_E1"
"Human_Breast_He_06222020_ST_BC23288_E1_22x13",0.00939210749640718,0.171167759882185,0.0557545160277416,0.000324901661685799,3.79610079008154e-05,0.311102300073948,5.22627242801354e-06,0.452148781090791,6.64464869121893e-05,"Human_Breast_He_06222020_ST_BC23288_E1"
"Human_Breast_He_06222020_ST_BC23288_E1_8x17",0.209126634541936,0.167907017840549,0.314034885311016,0.000737531367152257,0.00111010253184622,0.16623373343914,0.0206752638825933,0.0835213782962184,0.0366534527895481,"Human_Breast_He_06222020_ST_BC23288_E1"
"Human_Breast_He_06222020_ST_BC23288_E1_11x14",0.0305881251554291,0.1301593114795,0.27151604687919,0.00638953481347697,0.00232956976521566,0.281681164822296,0.00447397483104963,0.222211491004974,0.0506507812488684,"Human_Breast_He_06222020_ST_BC23288_E1"
"Human_Breast_He_06222020_ST_BC23288_E1_8x23",0.0862676929082025,0.134514282461115,0.315406293671782,0.00370768215483927,0.002126999862151,0.120639550856504,0.0215957688431133,0.282246299876061,0.0334954293662322,"Human_Breast_He_06222020_ST_BC23288_E1"
"Human_Breast_He_06222020_ST_BC23288_E1_8x21",0.0956876938354606,0.094677662609885,0.445886141453687,0.00757949160424055,0.0106249945217473,0.214584067511716,0.00709872797037593,0.0935329334150807,0.0303282870778065,"Human_Breast_He_06222020_ST_BC23288_E1"
"Human_Breast_He_06222020_ST_BC23288_E1_8x16",0.0720566419223276,0.109753681466173,0.327392948799572,0.000622821180534139,0.00120494944146459,0.284691769358232,0.0124707650620571,0.142885021330516,0.0489214014391228,"Human_Breast_He_06222020_ST_BC23288_E1"
"Human_Breast_He_06222020_ST_BC23288_E1_25x16",0.00627197154315158,0.101387248803287,0.202163517467814,0.00239955286317895,9.146636685044e-05,0.271484839311018,0.000151228898646646,0.415183833780982,0.000866340965072166,"Human_Breast_He_06222020_ST_BC23288_E1"
"Human_Breast_He_06222020_ST_BC23288_E1_20x30",0.0111283064689667,0.00903275385884759,0.488583981689974,3.1590761821085e-05,0.000168017314597715,0.138760643069712,4.05220303851844e-05,0.350900102476454,0.00135408232924187,"Human_Breast_He_06222020_ST_BC23288_E1"
"Human_Breast_He_06222020_ST_BC23288_E1_22x14",0.0148918777857413,0.168712665288407,0.0954790221699571,0.000315454899268328,5.14537220706813e-05,0.155159747538779,3.11810736581227e-05,0.564788020679432,0.00057057684268637,"Human_Breast_He_06222020_ST_BC23288_E1"
"Human_Breast_He_06222020_ST_BC23288_E1_23x19",0.0800345481465431,0.101913890464634,0.326366486607255,0.000491686194782608,0.00033844296468841,0.276108855306117,0.00185936712758845,0.198780778419704,0.0141059447686872,"Human_Breast_He_06222020_ST_BC23288_E1"
"Human_Breast_He_06222020_ST_BC23288_E1_23x18",0.0268653913500263,0.140887631921874,0.244530977011311,0.00352906424226003,0.000685840659768339,0.292343676444013,0.000502657187833542,0.274637647560554,0.0160171136223606,"Human_Breast_He_06222020_ST_BC23288_E1"
"Human_Breast_He_06222020_ST_BC23288_E1_23x11",0.00217403999920161,0.137213645708509,0.0453162394640082,0.021589014412773,0.000384105590370365,0.353888690202742,3.24278983947204e-05,0.439062164949444,0.000339671774557305,"Human_Breast_He_06222020_ST_BC23288_E1"
"Human_Breast_He_06222020_ST_BC23288_E1_23x13",0.00137737220404398,0.0938531069936057,0.0252031963443585,0.000355823756997565,4.95254953556746e-06,0.295426092756236,4.47677649674054e-06,0.583731974486291,4.3004132435333e-05,"Human_Breast_He_06222020_ST_BC23288_E1"
"Human_Breast_He_06222020_ST_BC23288_E1_23x12",0.000765534908007232,0.12926064549628,0.0214464083334181,7.89989516776313e-05,2.81465365045081e-06,0.167415439017693,2.4176326886614e-06,0.681000960799024,2.67802075612559e-05,"Human_Breast_He_06222020_ST_BC23288_E1"
"Human_Breast_He_06222020_ST_BC23288_E1_23x15",0.00586526096925858,0.131224699710196,0.103206166636028,0.00210443326000441,6.90113527637417e-05,0.237684527859429,4.32009099633286e-05,0.519502954768845,0.000299744533511762,"Human_Breast_He_06222020_ST_BC23288_E1"
"Human_Breast_He_06222020_ST_BC23288_E1_23x14",0.000628241302910644,0.12228440872656,0.141584524435188,0.00254960306500816,1.073635319455e-05,0.277805834334386,6.17521555678729e-06,0.455109405117296,2.10714498999328e-05,"Human_Breast_He_06222020_ST_BC23288_E1"
"Human_Breast_He_06222020_ST_BC23288_E1_23x17",0.0229365184171226,0.126459012605446,0.154227373719432,0.000594046112363368,7.011010820749e-05,0.216265079496074,0.000151948206517661,0.478492410811785,0.000803500523051899,"Human_Breast_He_06222020_ST_BC23288_E1"
"Human_Breast_He_06222020_ST_BC23288_E1_23x16",0.00257742031548592,0.19344439053461,0.0895118747466499,0.00283024965057997,3.33333326919648e-05,0.338047451903885,0.00018001106057174,0.372344066509061,0.00103120194646386,"Human_Breast_He_06222020_ST_BC23288_E1"
"Human_Breast_He_06222020_ST_BC23288_E1_8x22",0.059284133516349,0.16623532595918,0.277270364191952,0.00250869918387159,0.00111505363344074,0.235164569567675,0.0116636936598982,0.186494773843361,0.060263386444272,"Human_Breast_He_06222020_ST_BC23288_E1"
"Human_Breast_He_06222020_ST_BC23288_E1_11x15",0.0643826006488683,0.0814954768807665,0.433886448686118,0.00859469094319833,0.00830825757612703,0.211727288449867,0.00970412946017968,0.162670884184477,0.0192302231703984,"Human_Breast_He_06222020_ST_BC23288_E1"
"Human_Breast_He_06222020_ST_BC23288_E1_8x20",0.133018428927376,0.0625173107628783,0.345326834140536,0.00199130574246565,0.00423363904257685,0.20245690612332,0.0139058408466673,0.169068542730857,0.0674811916833235,"Human_Breast_He_06222020_ST_BC23288_E1"
"Human_Breast_He_06222020_ST_BC23288_E1_11x17",0.0607321737420716,0.0974641977863603,0.349293046582009,0.00205436345664953,0.000964872064251601,0.272005832557,0.00907536910301559,0.17854331213121,0.0298668325774323,"Human_Breast_He_06222020_ST_BC23288_E1"
"Human_Breast_He_06222020_ST_BC23288_E1_11x10",0.0532031769389234,0.15357822657389,0.130772257544138,0.0155872757276097,0.00783706202344912,0.408808800253184,0.00141100442806655,0.216617154956493,0.012185041554246,"Human_Breast_He_06222020_ST_BC23288_E1"
"Human_Breast_He_06222020_ST_BC23288_E1_8x27",0.0747772392563347,0.133639352622999,0.171049193766654,0.00142121911504011,0.00203582256617422,0.375761390644257,0.0872268889176109,0.0828953010216463,0.0711935920892843,"Human_Breast_He_06222020_ST_BC23288_E1"
"Human_Breast_He_06222020_ST_BC23288_E1_8x24",0.132266153762172,0.144807463297199,0.375617551009395,8.14209190453644e-05,0.000171842723787601,0.198547520841639,0.0121316971445852,0.0943053199157198,0.042071030386457,"Human_Breast_He_06222020_ST_BC23288_E1"
"Human_Breast_He_06222020_ST_BC23288_E1_8x25",0.123459538843785,0.128221447409764,0.391896838241632,0.00183649434430192,0.00610590550508271,0.219351517041717,0.00657018636098772,0.0404345061344669,0.0821235661182634,"Human_Breast_He_06222020_ST_BC23288_E1"
"Human_Breast_He_06222020_ST_BC23288_E1_11x18",0.0570430879467576,0.0913390374155643,0.321922558320078,0.00111469411107901,0.000270793464017977,0.227284450253777,0.00167377826413855,0.278894179605322,0.0204574206192658,"Human_Breast_He_06222020_ST_BC23288_E1"
"Human_Breast_He_06222020_ST_BC23288_E1_11x19",0.182154646304118,0.132990724461766,0.322214770201861,0.000334867621496019,0.00118387678172197,0.192145013981192,0.00180980070126817,0.148064798410241,0.0191015015363367,"Human_Breast_He_06222020_ST_BC23288_E1"
"Human_Breast_He_06222020_ST_BC23288_E1_2x15",0.0466425671420359,0.103834482961196,0.122580855867338,0.11248883965377,0.00932431276091934,0.32603810496004,0.00911210452638935,0.233314572208021,0.0366641599202903,"Human_Breast_He_06222020_ST_BC23288_E1"
"Human_Breast_He_06222020_ST_BC23288_E1_2x14",0.0670973461190723,0.0699725298076653,0.317856223142482,0.0112952350977007,0.00190070398525513,0.189321944961165,0.00604172568023508,0.330192387539697,0.00632190366672834,"Human_Breast_He_06222020_ST_BC23288_E1"
"Human_Breast_He_06222020_ST_BC23288_E1_2x17",0.0767153252457838,0.136732183325806,0.228180988538079,0.00683592148692229,0.00241624566827956,0.324581278320764,0.00627738486587457,0.202941482725631,0.0153191898228606,"Human_Breast_He_06222020_ST_BC23288_E1"
"Human_Breast_He_06222020_ST_BC23288_E1_2x16",0.0100471894142704,0.0582851312928044,0.215889311919261,0.354944325555306,0.0312523025966523,0.2247231490063,8.45967073272588e-05,0.104318681033192,0.000455312474887389,"Human_Breast_He_06222020_ST_BC23288_E1"
"Human_Breast_He_06222020_ST_BC23288_E1_17x14",0.0080550176832221,0.104818828318051,0.251105700736385,0.00421620473011626,0.00173603484385622,0.288478598504859,0.000301813960046829,0.332717430067531,0.0085703711559326,"Human_Breast_He_06222020_ST_BC23288_E1"
"Human_Breast_He_06222020_ST_BC23288_E1_2x13",0.00114866301102167,0.204757971093214,0.0568873084002397,0.0146746561420642,0.00251056488603575,0.269194913838021,0.00023589788585456,0.436092429665958,0.0144975950775913,"Human_Breast_He_06222020_ST_BC23288_E1"
"Human_Breast_He_06222020_ST_BC23288_E1_17x15",0.0358494705247299,0.089258934033565,0.0950971542221002,0.000239098315180717,0.000124409291394344,0.183173469487147,0.000146097139240407,0.595165447298584,0.000945919688057863,"Human_Breast_He_06222020_ST_BC23288_E1"
"Human_Breast_He_06222020_ST_BC23288_E1_2x19",0.0607530967691062,0.142776295874132,0.273528957852327,0.0128206925687212,0.00409404975699029,0.272805427770183,0.00262756116457487,0.131337993747999,0.0992559244959653,"Human_Breast_He_06222020_ST_BC23288_E1"
"Human_Breast_He_06222020_ST_BC23288_E1_2x18",0.028290028253024,0.0767040820378876,0.139110346654582,0.0405643608552714,0.0355543791128932,0.26987742854554,0.00496102610899513,0.337841626239552,0.0670967221922539,"Human_Breast_He_06222020_ST_BC23288_E1"
"Human_Breast_He_06222020_ST_BC23288_E1_17x12",0.0260207714099491,0.0980091627846941,0.172323225637496,0.00302597746562569,0.00057992072735243,0.210702758914477,0.00346915433634226,0.478894335642254,0.00697469308181001,"Human_Breast_He_06222020_ST_BC23288_E1"
"Human_Breast_He_06222020_ST_BC23288_E1_17x13",0.0560814898942344,0.0736495372744965,0.229586517232357,0.000674538283249555,0.000178560451861222,0.206605927524499,0.00931131117163743,0.417919629762632,0.00599248840503303,"Human_Breast_He_06222020_ST_BC23288_E1"
"Human_Breast_He_06222020_ST_BC23288_E1_17x11",0.028463788020476,0.0987952233184907,0.159935034702281,0.0162818527973238,0.00112290279099391,0.227993071972029,0.00208807312957187,0.46082000956252,0.004500043706313,"Human_Breast_He_06222020_ST_BC23288_E1"
"Human_Breast_He_06222020_ST_BC23288_E1_17x16",0.0518810095274952,0.0878611541660182,0.092615759351219,0.00731737251594582,0.000289921601587236,0.205200470346525,0.000274641673745859,0.551750996110843,0.0028086747066205,"Human_Breast_He_06222020_ST_BC23288_E1"
"Human_Breast_He_06222020_ST_BC23288_E1_17x17",0.0350549167785614,0.128559137405511,0.2488756508173,0.0133877649441008,0.000978511010321885,0.201025775750904,0.000719022915804637,0.368712207547442,0.00268701283005415,"Human_Breast_He_06222020_ST_BC23288_E1"
"Human_Breast_He_06222020_ST_BC23288_E1_26x18",0.038787440959405,0.13509177783761,0.196404262466962,0.00182591303502088,0.000870032267418478,0.308188478316492,0.000470224411285266,0.31418577504272,0.00417609566308555,"Human_Breast_He_06222020_ST_BC23288_E1"
"Human_Breast_He_06222020_ST_BC23288_E1_26x19",0.0107545516275316,0.131463482755652,0.253638635399382,0.0105000489961334,0.000365215328695669,0.342815722029898,0.000420813812236835,0.248953756056022,0.00108777399444838,"Human_Breast_He_06222020_ST_BC23288_E1"
"Human_Breast_He_06222020_ST_BC23288_E1_26x16",0.0148651408084175,0.152674325430297,0.280323736970415,0.000187159766746685,4.697964041798e-05,0.214568407035746,1.12926433577387e-05,0.337016454227235,0.000306503477366299,"Human_Breast_He_06222020_ST_BC23288_E1"
"Human_Breast_He_06222020_ST_BC23288_E1_26x17",0.105918756298402,0.171970313059641,0.285690222784379,0.00128944206795326,0.000259764875451944,0.255374447855371,0.00497283961070923,0.142495581132004,0.0320286323160876,"Human_Breast_He_06222020_ST_BC23288_E1"
"Human_Breast_He_06222020_ST_BC23288_E1_17x18",0.062726960394863,0.0628413640802555,0.153412675147698,0.0119641035124713,0.00762944939797806,0.212712228854512,0.00410985835785739,0.462948628169771,0.021654732084594,"Human_Breast_He_06222020_ST_BC23288_E1"
"Human_Breast_He_06222020_ST_BC23288_E1_17x19",0.0688102623315501,0.112928186108289,0.17102054023402,0.0562063832138544,0.00314236346168088,0.29703480966175,0.00571844991589432,0.2787057717745,0.00643323329846104,"Human_Breast_He_06222020_ST_BC23288_E1"
"Human_Breast_He_06222020_ST_BC23288_E1_26x12",0.00553847035889201,0.123742763712221,0.145759810600237,0.000105520940074802,4.88957144315628e-06,0.256779578605143,2.19244245189319e-05,0.467939081334309,0.000107960453161599,"Human_Breast_He_06222020_ST_BC23288_E1"
"Human_Breast_He_06222020_ST_BC23288_E1_26x14",0.000674794714646513,0.0839181040852145,0.134307854472776,0.0222589822565628,0.000254479543400665,0.23581493836187,3.82671687166958e-05,0.522216353134397,0.000516226262415078,"Human_Breast_He_06222020_ST_BC23288_E1"
"Human_Breast_He_06222020_ST_BC23288_E1_26x15",0.00606929344748322,0.116979055232046,0.290806252620528,0.00229758420154084,6.82470776608413e-05,0.196821765715375,0.000100741910882481,0.386622214029655,0.000234845764828674,"Human_Breast_He_06222020_ST_BC23288_E1"
"Human_Breast_He_06222020_ST_BC23288_E1_26x13",0.000858347591039213,0.197280612408739,0.0664719986468372,0.000238230763861908,3.36081940605203e-06,0.255432124460002,2.62285133297775e-06,0.479696849947825,1.58525109571481e-05,"Human_Breast_He_06222020_ST_BC23288_E1"
"Human_Breast_He_06222020_ST_BC23288_E1_10x26",0.0601997148169092,0.0871218934508602,0.387287680423079,0.00095557863752541,0.000939820041540216,0.200630280869686,0.00240463104132056,0.253473326815096,0.0069870739039832,"Human_Breast_He_06222020_ST_BC23288_E1"
"Human_Breast_He_06222020_ST_BC23288_E1_10x27",0.0151507365460803,0.129809765887847,0.251098769733588,0.00603311414233157,0.00358282246476112,0.278813535645696,0.0406054161893813,0.206782684809848,0.068123154580467,"Human_Breast_He_06222020_ST_BC23288_E1"
"Human_Breast_He_06222020_ST_BC23288_E1_10x24",0.023566000788272,0.113329926894272,0.317804526343794,1.36320665768885e-05,0.00020595982079645,0.284828810756636,0.000988130505401887,0.248810378536459,0.0104526342877916,"Human_Breast_He_06222020_ST_BC23288_E1"
"Human_Breast_He_06222020_ST_BC23288_E1_10x25",0.116858532099993,0.188563177553817,0.240546190784584,0.000641757534417538,0.000212968017713388,0.292470947424718,0.00170376593726644,0.149975645680455,0.00902701496703614,"Human_Breast_He_06222020_ST_BC23288_E1"
"Human_Breast_He_06222020_ST_BC23288_E1_10x22",0.0881049874626366,0.140899487969449,0.41447601773053,0.000146038043358475,0.00077957201256903,0.262790515591186,0.0059549705347748,0.0650752026198195,0.021773208035677,"Human_Breast_He_06222020_ST_BC23288_E1"
"Human_Breast_He_06222020_ST_BC23288_E1_10x23",0.15177104034908,0.116623849837274,0.399133659790914,0.000259004418938029,0.000469406155988377,0.189060045171141,0.0263162629565938,0.0911231679761917,0.0252435633438795,"Human_Breast_He_06222020_ST_BC23288_E1"
"Human_Breast_He_06222020_ST_BC23288_E1_10x20",0.111655248529516,0.149246113216032,0.328815555104232,0.000583621609803877,0.000254948737217477,0.196202070182959,0.0021849121143241,0.196191004739259,0.0148665257666572,"Human_Breast_He_06222020_ST_BC23288_E1"
"Human_Breast_He_06222020_ST_BC23288_E1_10x21",0.0624198690427522,0.0768201816539265,0.513898681694432,0.000940315153726926,0.000767296516352654,0.209955844878683,0.0152914036339925,0.101844219860022,0.0180621875661118,"Human_Breast_He_06222020_ST_BC23288_E1"
"Human_Breast_He_06222020_ST_BC23288_E1_7x16",0.0408672192478852,0.103419773122544,0.259695447679588,0.00472043234772461,0.00105897085302363,0.230160168219438,0.00152436964374585,0.344829651487027,0.0137239673990234,"Human_Breast_He_06222020_ST_BC23288_E1"
"Human_Breast_He_06222020_ST_BC23288_E1_7x17",0.103611859449181,0.147530258264112,0.275653112921943,0.011009039400914,0.00551179770854788,0.215798218356751,0.0102563706442177,0.12343502349061,0.107194319763723,"Human_Breast_He_06222020_ST_BC23288_E1"
"Human_Breast_He_06222020_ST_BC23288_E1_7x14",0.0027430812889243,0.102116126215043,0.0445356458476049,0.00599146916561462,0.000237332342685329,0.171792044622508,3.58331744552945e-05,0.672101580032484,0.000446887310680556,"Human_Breast_He_06222020_ST_BC23288_E1"
"Human_Breast_He_06222020_ST_BC23288_E1_7x15",0.0131998049395526,0.112384323996436,0.190305244160418,0.000408772824627937,4.87724085335822e-05,0.28393350976512,0.000100681194379794,0.399226367623399,0.000392523087532537,"Human_Breast_He_06222020_ST_BC23288_E1"
"Human_Breast_He_06222020_ST_BC23288_E1_7x12",0.0123364102810757,0.0739715258931217,0.149572653544826,0.00109646939282676,7.78257875663942e-05,0.251794550856841,4.6412690511876e-05,0.510065279919874,0.00103887163335736,"Human_Breast_He_06222020_ST_BC23288_E1"
"Human_Breast_He_06222020_ST_BC23288_E1_7x13",0.00288547509605756,0.0922082118324875,0.110882088424907,0.00113985471967648,4.03285179024592e-05,0.193954312454841,7.82203195861071e-05,0.598319924174944,0.000491584459598198,"Human_Breast_He_06222020_ST_BC23288_E1"
"Human_Breast_He_06222020_ST_BC23288_E1_7x10",0.0056682797212562,0.178977277210546,0.147835247145226,0.143943364598246,0.00486313160499306,0.177861635616626,0.00079343477788797,0.33891538212083,0.00114224720438889,"Human_Breast_He_06222020_ST_BC23288_E1"
"Human_Breast_He_06222020_ST_BC23288_E1_7x11",0.00611907642824619,0.0628610155960458,0.278448727623659,0.00273068941116402,0.000354982365637568,0.228117810769345,0.000538503882377715,0.412551646878925,0.0082775470446002,"Human_Breast_He_06222020_ST_BC23288_E1"
"Human_Breast_He_06222020_ST_BC23288_E1_7x18",0.189661836140268,0.134855944406433,0.27613717854808,7.57890452420715e-05,0.000411180904088114,0.12101484625171,0.00817115151622358,0.234399075017705,0.0352729981702507,"Human_Breast_He_06222020_ST_BC23288_E1"
"Human_Breast_He_06222020_ST_BC23288_E1_7x19",0.0924842665766175,0.162152316731725,0.314215015831657,5.95467342858665e-05,0.00103373675517894,0.191598557227608,0.00122512881831277,0.188105732215665,0.0491256991089504,"Human_Breast_He_06222020_ST_BC23288_E1"
"Human_Breast_He_06222020_ST_BC23288_E1_19x30",0.0829205785280143,0.0865731034416649,0.328697539160794,0.00577320143894431,0.00119896379539088,0.247908029562915,0.0108246646055788,0.205484132035607,0.0306197874310915,"Human_Breast_He_06222020_ST_BC23288_E1"
"Human_Breast_He_06222020_ST_BC23288_E1_21x17",0.00441931215904515,0.105455917314136,0.106540903112283,0.000241320701292515,1.6667433697272e-05,0.281856669074853,0.000119020043566433,0.497438693103897,0.00391149705722993,"Human_Breast_He_06222020_ST_BC23288_E1"
"Human_Breast_He_06222020_ST_BC23288_E1_21x16",0.0120993035121387,0.0928839759143306,0.116039403394354,0.00175550816771133,2.79506197336872e-05,0.275988839920955,3.8529544840984e-05,0.500469108956855,0.000697379969081572,"Human_Breast_He_06222020_ST_BC23288_E1"
"Human_Breast_He_06222020_ST_BC23288_E1_21x15",0.00209711875768965,0.0561896673612435,0.0850739718829379,0.000692305828984367,1.60101567114686e-05,0.244824584075682,1.47127297492096e-05,0.610949480985973,0.000142148221029054,"Human_Breast_He_06222020_ST_BC23288_E1"
"Human_Breast_He_06222020_ST_BC23288_E1_21x14",0.0187100880645375,0.139136887094745,0.187042832153303,0.00023295709120217,9.00550779796056e-06,0.279289588768142,9.03014281364827e-05,0.374377035056045,0.00111130483609026,"Human_Breast_He_06222020_ST_BC23288_E1"
"Human_Breast_He_06222020_ST_BC23288_E1_21x13",0.0123174430384003,0.116738645353137,0.12776922500969,0.000731439029733104,0.000326081542934395,0.287339908994241,0.00029208844131966,0.442517309454053,0.011967859136491,"Human_Breast_He_06222020_ST_BC23288_E1"
"Human_Breast_He_06222020_ST_BC23288_E1_21x12",0.00379374125427115,0.112250009443632,0.0248154578333433,0.000384970517952778,4.89120818396175e-05,0.370639373251384,4.33479302920673e-05,0.487417418834215,0.000606768853069435,"Human_Breast_He_06222020_ST_BC23288_E1"
"Human_Breast_He_06222020_ST_BC23288_E1_21x11",0.0390631595929206,0.175583826418847,0.16523396997704,0.00132458925512829,0.000239033804542877,0.32391369383584,0.000277958074399726,0.293163972450923,0.00119979659035786,"Human_Breast_He_06222020_ST_BC23288_E1"
"Human_Breast_He_06222020_ST_BC23288_E1_21x19",0.0436773399303619,0.0958823167418687,0.35120337557447,0.00435612859086933,0.000792148989180463,0.1824091882544,0.000792333604332409,0.314511687541522,0.00637548077299561,"Human_Breast_He_06222020_ST_BC23288_E1"
"Human_Breast_He_06222020_ST_BC23288_E1_21x18",0.0264150826677903,0.0621386027195042,0.263971432690681,0.00282771191054541,0.00292014067945671,0.460923957474224,0.00147893083977005,0.150527667946197,0.0287964730718321,"Human_Breast_He_06222020_ST_BC23288_E1"
"Human_Breast_He_06222020_ST_BC23288_E1_9x25",0.0526660746152779,0.156211627612188,0.331487042634822,0.000916369211706963,0.0010727631481339,0.27855987692998,0.00312879880084339,0.050098628986662,0.125858818060386,"Human_Breast_He_06222020_ST_BC23288_E1"
"Human_Breast_He_06222020_ST_BC23288_E1_9x24",0.0785016768099648,0.140030931554019,0.407073289497139,0.000453168575527523,0.000713750306754834,0.222984525552343,0.00213335691610162,0.136212122421524,0.0118971783666273,"Human_Breast_He_06222020_ST_BC23288_E1"
"Human_Breast_He_06222020_ST_BC23288_E1_13x28",0.0529840354833126,0.139913328013053,0.223108983569297,0.0591166071535524,0.00114939389977409,0.275811967460825,0.0261034514702695,0.197383796445019,0.024428436504898,"Human_Breast_He_06222020_ST_BC23288_E1"
"Human_Breast_He_06222020_ST_BC23288_E1_9x21",0.0959506256404318,0.124735124191906,0.155260602281523,5.54682110362514e-05,0.000110621006177804,0.312055927963001,0.00288074388186419,0.281929362693331,0.0270215241307283,"Human_Breast_He_06222020_ST_BC23288_E1"
"Human_Breast_He_06222020_ST_BC23288_E1_9x20",0.11561917638239,0.131652645843904,0.229181922835145,0.02176365445448,0.009447883720017,0.233981000307733,0.00968733567498294,0.184793449565732,0.0638729312156165,"Human_Breast_He_06222020_ST_BC23288_E1"
"Human_Breast_He_06222020_ST_BC23288_E1_9x23",0.161407369204051,0.109519385810016,0.187737579210774,0.00135885145448619,0.000492803272041256,0.323104596103673,0.00311853503318038,0.145896389349874,0.0673644905619043,"Human_Breast_He_06222020_ST_BC23288_E1"
"Human_Breast_He_06222020_ST_BC23288_E1_9x22",0.11564798223194,0.0545034556819574,0.329287126485031,0.000171567807369065,0.000686836603809487,0.239517331718266,0.0100695913892908,0.189674524586837,0.0604415834954992,"Human_Breast_He_06222020_ST_BC23288_E1"
"Human_Breast_He_06222020_ST_BC23288_E1_13x23",0.0647152223019847,0.157274539343348,0.312190075444059,0.0108294852758686,0.00134408106326739,0.232189395472114,0.0389653626279904,0.149510845174705,0.0329809932966624,"Human_Breast_He_06222020_ST_BC23288_E1"
"Human_Breast_He_06222020_ST_BC23288_E1_12x25",0.0995703569702233,0.203014628671798,0.269340349139169,9.0133823628739e-05,0.000111172770982656,0.217670411676399,0.000850635814206922,0.202508485567928,0.00684382556566372,"Human_Breast_He_06222020_ST_BC23288_E1"
"Human_Breast_He_06222020_ST_BC23288_E1_12x26",0.0293287674196101,0.103789161536786,0.344314115089141,0.00559538322213736,0.000765704578364464,0.353008972328128,0.00526749083435727,0.12401297319546,0.0339174317960156,"Human_Breast_He_06222020_ST_BC23288_E1"
"Human_Breast_He_06222020_ST_BC23288_E1_13x20",0.10402898279893,0.102054415953632,0.174835648355959,0.0067606598887213,0.0125401217647864,0.153219209712927,0.00784969373339022,0.339103307149769,0.0996079606418851,"Human_Breast_He_06222020_ST_BC23288_E1"
"Human_Breast_He_06222020_ST_BC23288_E1_13x27",0.0759560114795078,0.0579005105722043,0.411317779623977,0.0019574748235711,0.00344094763176238,0.285863546025814,0.017679363284268,0.109069846442415,0.0368145201164801,"Human_Breast_He_06222020_ST_BC23288_E1"
"Human_Breast_He_06222020_ST_BC23288_E1_12x21",0.125066624059592,0.151063452190945,0.272833317900267,0.00413471177895452,0.00914459150133697,0.227591540264772,0.00353287550494022,0.171941232649963,0.0346916541492299,"Human_Breast_He_06222020_ST_BC23288_E1"
"Human_Breast_He_06222020_ST_BC23288_E1_13x25",0.0627817225411286,0.0803967979518902,0.407193729136651,0.00226851504529376,0.00216685660929805,0.260801785569047,0.00604433656236658,0.142911959664025,0.0354342969202999,"Human_Breast_He_06222020_ST_BC23288_E1"
"Human_Breast_He_06222020_ST_BC23288_E1_13x24",0.0210043189106411,0.148402236211681,0.355506886938509,0.0166659232471381,0.00175026336322337,0.277422259815034,0.0015805461710976,0.166299863700815,0.0113677016418608,"Human_Breast_He_06222020_ST_BC23288_E1"
"Human_Breast_He_06222020_ST_BC23288_E1_13x21",0.0733512037804759,0.160819370783702,0.290541884560284,0.00184153156663433,0.00446198498706494,0.211459121106761,0.00395206212729229,0.21365861552092,0.0399142255668666,"Human_Breast_He_06222020_ST_BC23288_E1"
"Human_Breast_He_06222020_ST_BC23288_E1_24x17",0.0228385088373368,0.0931928332636321,0.232973808766452,0.00115570807071234,7.93147176801507e-05,0.181183490601114,6.62316265830161e-05,0.468068897644268,0.000441206472220887,"Human_Breast_He_06222020_ST_BC23288_E1"
"Human_Breast_He_06222020_ST_BC23288_E1_8x19",0.0599106068002518,0.1301483317059,0.24813748261107,0.0062206668200876,0.0077383198719317,0.266416438215158,0.01353040081338,0.196979283079921,0.0709184700823007,"Human_Breast_He_06222020_ST_BC23288_E1"
"Human_Breast_He_06222020_ST_BC23288_E1_3x22",0.0988970022967164,0.0932264697887014,0.33028191778907,0.00262456272268567,0.00419280800929164,0.260793352580842,0.00550980652955437,0.116920673486138,0.0875534067970007,"Human_Breast_He_06222020_ST_BC23288_E1"
"Human_Breast_He_06222020_ST_BC23288_E1_3x21",0.113132096479025,0.0738782897643078,0.396228888829955,0.00418987622101001,0.00278394134123329,0.191076005696854,0.00801661919106215,0.158220357953776,0.0524739245227769,"Human_Breast_He_06222020_ST_BC23288_E1"
"Human_Breast_He_06222020_ST_BC23288_E1_3x20",0.140053174444537,0.101298482458555,0.261932581203433,0.0020736804903137,0.00115695731467103,0.222644788752308,0.00685328399842512,0.201424662478958,0.0625623888587984,"Human_Breast_He_06222020_ST_BC23288_E1"
"Human_Breast_He_06222020_ST_BC23288_E1_11x25",0.0179443761697466,0.239424778485902,0.241423594747027,0.000134537247299102,5.69758180206881e-05,0.252216958447748,5.19331217021976e-05,0.248117991652563,0.000628854309991919,"Human_Breast_He_06222020_ST_BC23288_E1"
"Human_Breast_He_06222020_ST_BC23288_E1_11x24",0.0978900394412684,0.170424757306149,0.235359105728195,0.00388917572092115,0.000582187825927039,0.236906178395081,0.00372035594793199,0.229343159017514,0.0218850406170125,"Human_Breast_He_06222020_ST_BC23288_E1"
"Human_Breast_He_06222020_ST_BC23288_E1_11x27",0.0381633604603313,0.0609330850761424,0.27365786838772,0.0231651102404786,0.0335160137019349,0.267755988189858,0.00601069738169308,0.207917761544852,0.0888801150169897,"Human_Breast_He_06222020_ST_BC23288_E1"
"Human_Breast_He_06222020_ST_BC23288_E1_11x26",0.0588726609637608,0.0693451237507318,0.248149199217806,0.00221076947106774,0.00049192704452056,0.148032468267807,6.96876093028646e-05,0.472413510267938,0.000414653407065409,"Human_Breast_He_06222020_ST_BC23288_E1"
"Human_Breast_He_06222020_ST_BC23288_E1_11x21",0.154435232949969,0.164381244463084,0.224318608189985,0.00376347178613794,0.00345072166229424,0.198922248157265,0.00318126152539137,0.225783996258177,0.0217632150076963,"Human_Breast_He_06222020_ST_BC23288_E1"
"Human_Breast_He_06222020_ST_BC23288_E1_11x20",0.111904820426808,0.123687063571989,0.372314119153891,0.000560675279597617,0.00220665248058593,0.189425338113835,0.0117577544513142,0.116975544465231,0.0711680320567469,"Human_Breast_He_06222020_ST_BC23288_E1"
"Human_Breast_He_06222020_ST_BC23288_E1_11x23",0.136845891479363,0.114653901457852,0.301681255638887,0.00172897627664636,0.00192519123804192,0.205005234024406,0.00731950746637915,0.172254707578568,0.0585853348398564,"Human_Breast_He_06222020_ST_BC23288_E1"
"Human_Breast_He_06222020_ST_BC23288_E1_11x22",0.135216087547935,0.110095346682808,0.308728773883234,0.0138100968695862,0.00259255209346403,0.190270815612262,0.0106065807077045,0.187165229635532,0.0415145169674742,"Human_Breast_He_06222020_ST_BC23288_E1"
"Human_Breast_He_06222020_ST_BC23288_E1_18x19",0.0109494303972566,0.06971558567005,0.394510426769759,0.0148558736613063,0.00295835819129172,0.315899558225516,0.000922014894098993,0.179223120281262,0.0109656319094597,"Human_Breast_He_06222020_ST_BC23288_E1"
"Human_Breast_He_06222020_ST_BC23288_E1_18x13",0.00872342832960551,0.0933454064576622,0.0530210501810033,0.000608339180150961,3.01655676748305e-05,0.219168685930282,0.000219191489549207,0.624400332779416,0.000483400084655856,"Human_Breast_He_06222020_ST_BC23288_E1"
"Human_Breast_He_06222020_ST_BC23288_E1_18x12",0.00881492322997965,0.0666978025176524,0.112354466335775,0.0041052828372039,0.000310479148500754,0.210310907923235,0.000263326718701969,0.595580419106924,0.00156239218202769,"Human_Breast_He_06222020_ST_BC23288_E1"
"Human_Breast_He_06222020_ST_BC23288_E1_18x11",0.00131244061966592,0.0504223904442636,0.0355570377176782,0.000395800958383423,2.60676017788231e-06,0.242526141730102,9.27614702656277e-06,0.669719108411144,5.51972115588026e-05,"Human_Breast_He_06222020_ST_BC23288_E1"
"Human_Breast_He_06222020_ST_BC23288_E1_18x10",0.00807757174247078,0.119829648096975,0.0654168037526238,0.0186030205482809,0.00221045366325661,0.229324678938812,0.000211707522566698,0.55464242168209,0.001683694052924,"Human_Breast_He_06222020_ST_BC23288_E1"
"Human_Breast_He_06222020_ST_BC23288_E1_18x16",0.0232701286731133,0.10087680688798,0.0982235626878303,0.00488117223026068,0.000244422876936489,0.278492764370049,0.000117513146283083,0.491267952592447,0.00262567653510073,"Human_Breast_He_06222020_ST_BC23288_E1"
"Human_Breast_He_06222020_ST_BC23288_E1_18x14",0.00906987567008545,0.111974431111667,0.0837493251798742,0.00683680574453684,0.000503874020458331,0.154068819969741,0.000668593687857858,0.631788521389936,0.00133975322584325,"Human_Breast_He_06222020_ST_BC23288_E1"
"Human_Breast_He_06222020_ST_BC23288_E1_17x20",0.122899771939962,0.164011662269238,0.271278908567474,0.0027216820483083,0.00214267541765037,0.254812353756678,0.00335528661222533,0.157352347886548,0.0214253115019158,"Human_Breast_He_06222020_ST_BC23288_E1"
"Human_Breast_He_06222020_ST_BC23288_E1_25x25",0.0413679713192311,0.0343240709201661,0.336800884595624,0.00349390813947217,0.00476388916488243,0.141695806866038,0.0068626037977324,0.37782717069118,0.0528636945056738,"Human_Breast_He_06222020_ST_BC23288_E1"
"Human_Breast_He_06222020_ST_BC23288_E1_31x22",0.0464979920108302,0.101548841880241,0.366526322806599,0.000286809449946128,0.000369175666252743,0.317839344248736,0.00177956092821955,0.154487068855377,0.0106648841537985,"Human_Breast_He_06222020_ST_BC23288_E1"
"Human_Breast_He_06222020_ST_BC23288_E1_2x24",0.053822629632266,0.0592886884244484,0.386999282256975,0.00274483174472052,0.00434738696383131,0.328274697381734,0.0174317209847344,0.0787416905980678,0.0683490720132228,"Human_Breast_He_06222020_ST_BC23288_E1"
"Human_Breast_He_06222020_ST_BC23288_E1_2x20",0.156162558912359,0.102960073736664,0.297498132144395,0.00982114566692908,0.00631431238329168,0.183952315770197,0.0142021416188705,0.169424637919753,0.0596646818475408,"Human_Breast_He_06222020_ST_BC23288_E1"
"Human_Breast_He_06222020_ST_BC23288_E1_2x21",0.0239244285404778,0.0647337677657416,0.386082889087192,0.00416672174050071,0.00267040373757626,0.208709916110639,0.0026905487327891,0.255458247758495,0.0515630765265894,"Human_Breast_He_06222020_ST_BC23288_E1"
"Human_Breast_He_06222020_ST_BC23288_E1_2x22",0.104597740786549,0.0632214458256848,0.351572069372917,0.0313624506911974,0.0097040956902467,0.21769850278692,0.0209644440366998,0.123944000550238,0.0769352502595472,"Human_Breast_He_06222020_ST_BC23288_E1"
"Human_Breast_He_06222020_ST_BC23288_E1_2x23",0.067379866589948,0.121756077206778,0.235375775913863,0.0350442249781846,0.0120008709335498,0.26787743352056,0.0205090166609173,0.14946548220458,0.0905912519916193,"Human_Breast_He_06222020_ST_BC23288_E1"
"Human_Breast_He_06222020_ST_BC23288_E1_11x16",0.0235107195435982,0.101356480987785,0.345695674637422,0.00253190292956782,0.00138059396594381,0.199797494447585,0.000508367603705879,0.32101334618519,0.00420541969920143,"Human_Breast_He_06222020_ST_BC23288_E1"
"Human_Breast_He_06222020_ST_BC23288_E1_3x12",0.0287988927644517,0.0997283812484074,0.326124336900128,0.0124868307745853,0.000762526998341149,0.289726270086882,0.000783906759739913,0.235206860716342,0.00638199375112333,"Human_Breast_He_06222020_ST_BC23288_E1"
