"","Endothelial","CAFs","PVL","B-cells","T-cells","Myeloid","Normal Epithelial","Plasmablasts","Cancer Epithelial","sid"
"Human_Breast_Andersson_10142021_ST_C3_10x10",0.113033903472202,0.158238725274176,0.0374577843739733,0.0429527625651526,0.0290403489885297,0.110712419946488,0.108327511607986,0.12951477162946,0.270721772142032,"Human_Breast_Andersson_10142021_ST_C3"
"Human_Breast_Andersson_10142021_ST_C3_10x11",0.0918945555793783,0.198566129208066,0.0666493612738911,0.0154565966905871,0.0193660036628784,0.0729880525175586,0.0427088042622987,0.341764074527343,0.150606422278,"Human_Breast_Andersson_10142021_ST_C3"
"Human_Breast_Andersson_10142021_ST_C3_10x12",0.252376065167469,0.142713037716368,0.0249669574359969,0.00619167099585336,0.00332420281347268,0.0605903275309886,0.00334468748315381,0.448703008607768,0.05779004224893,"Human_Breast_Andersson_10142021_ST_C3"
"Human_Breast_Andersson_10142021_ST_C3_10x13",0.0455323230988219,0.176131699809216,0.0421939041671033,0.0261429780920682,0.0290849285261391,0.0855345809277776,0.0533680923894295,0.263204470567142,0.278807022422302,"Human_Breast_Andersson_10142021_ST_C3"
"Human_Breast_Andersson_10142021_ST_C3_10x14",0.0890841828065407,0.301740078421552,0.0420901842549725,0.00676745050631456,0.0224890663897218,0.227769662449092,0.0501255112368213,0.0725295776131196,0.187404286321866,"Human_Breast_Andersson_10142021_ST_C3"
"Human_Breast_Andersson_10142021_ST_C3_10x15",0.0848735986116848,0.301222818533001,0.0811674158757802,0.0115712319146747,0.00170698299860869,0.214893919966049,0.0126512407949452,0.247876923395892,0.0440358679093641,"Human_Breast_Andersson_10142021_ST_C3"
"Human_Breast_Andersson_10142021_ST_C3_10x16",0.0397262967216923,0.337404946216727,0.0441378737636814,0.0182002827826414,0.0281435668850939,0.153442196664786,0.0895791846805193,0.127005612472022,0.162360039812836,"Human_Breast_Andersson_10142021_ST_C3"
"Human_Breast_Andersson_10142021_ST_C3_11x10",0.135217692023769,0.146174803927885,0.0364713397721847,0.0174552794917034,0.024129556388975,0.0677302821023485,0.125225792966263,0.121033937191005,0.326561316135866,"Human_Breast_Andersson_10142021_ST_C3"
"Human_Breast_Andersson_10142021_ST_C3_11x11",0.215586459578877,0.184145143013983,0.205394552119513,0.0284189886133484,0.00490563556153909,0.0847027240938009,0.0491929071711802,0.144191910895272,0.0834616789524865,"Human_Breast_Andersson_10142021_ST_C3"
"Human_Breast_Andersson_10142021_ST_C3_11x12",0.138184221204607,0.151266801845011,0.0244323652317148,0.0146725596596744,0.019103373404197,0.0932446839926708,0.0270316684187793,0.466285365105963,0.0657789611373829,"Human_Breast_Andersson_10142021_ST_C3"
"Human_Breast_Andersson_10142021_ST_C3_11x13",0.0599430286594683,0.298775693520357,0.0578288392605012,0.00857254063620901,0.00760550088235437,0.0984490613037275,0.0253932118169443,0.292913248432018,0.15051887548842,"Human_Breast_Andersson_10142021_ST_C3"
"Human_Breast_Andersson_10142021_ST_C3_11x14",0.070842965027256,0.110544622330573,0.0361216586355349,0.0453792712436893,0.0549706721368354,0.0414206413040518,0.125966408302692,0.116645945751293,0.398107815268074,"Human_Breast_Andersson_10142021_ST_C3"
"Human_Breast_Andersson_10142021_ST_C3_11x15",0.0178113921494902,0.215465813812001,0.039466136697064,0.0107470459142461,0.0033144212696916,0.114143955048577,0.0322634869441256,0.458194438098376,0.108593310066428,"Human_Breast_Andersson_10142021_ST_C3"
"Human_Breast_Andersson_10142021_ST_C3_11x16",0.0840506366666858,0.176321214181117,0.0877139400441533,0.00476566524124585,0.00253932540478348,0.108638547192391,0.0201295698399354,0.462820289129271,0.053020812300417,"Human_Breast_Andersson_10142021_ST_C3"
"Human_Breast_Andersson_10142021_ST_C3_11x9",0.151684708791322,0.292891247958078,0.0310387842986613,0.0372952394891929,0.0258121585253518,0.0617765666787356,0.0935063933594462,0.0112341970414992,0.294760703857712,"Human_Breast_Andersson_10142021_ST_C3"
"Human_Breast_Andersson_10142021_ST_C3_12x10",0.18539258463209,0.166464691956671,0.0438567935648616,0.0366492935468555,0.0298514370876792,0.0983467784363811,0.0772679418644562,0.163011787257313,0.199158691653691,"Human_Breast_Andersson_10142021_ST_C3"
"Human_Breast_Andersson_10142021_ST_C3_12x11",0.324086981760545,0.161007701103785,0.0678718241738267,0.010552472697147,0.00908785955926439,0.110786720063528,0.0132832767035641,0.268403043349985,0.0349201205883544,"Human_Breast_Andersson_10142021_ST_C3"
"Human_Breast_Andersson_10142021_ST_C3_12x12",0.0415692538695785,0.242547629883203,0.0706838808753914,0.0292026452723456,0.0369197040100797,0.136961566634845,0.0398942973126456,0.312029718733424,0.0901913034084877,"Human_Breast_Andersson_10142021_ST_C3"
"Human_Breast_Andersson_10142021_ST_C3_12x13",0.0212576283982811,0.231127113983991,0.0788428058833987,0.00838973932996384,0.00598453892679584,0.121730911470014,0.0250320421813357,0.427965265807646,0.0796699540185732,"Human_Breast_Andersson_10142021_ST_C3"
"Human_Breast_Andersson_10142021_ST_C3_12x14",0.0537985213329307,0.131364890191708,0.0311613436044295,0.0345443614420313,0.0389145855862461,0.0199193284965264,0.13290467555707,0.234721029822667,0.32267126396639,"Human_Breast_Andersson_10142021_ST_C3"
"Human_Breast_Andersson_10142021_ST_C3_12x15",0.0335120765928687,0.173172822982056,0.0364136684029545,0.0170859282375551,0.0159982556580891,0.0909628045431097,0.046785309202759,0.41030334447279,0.175765789907817,"Human_Breast_Andersson_10142021_ST_C3"
"Human_Breast_Andersson_10142021_ST_C3_12x16",0.0306335730786251,0.179868245165192,0.0433727675650201,0.00921903245385488,0.0116971716630949,0.170138255572585,0.0256585598808536,0.439480801921141,0.0899315926996341,"Human_Breast_Andersson_10142021_ST_C3"
"Human_Breast_Andersson_10142021_ST_C3_12x17",0.0437235626763951,0.185057691890552,0.0409920233564653,0.0157422618294025,0.0213884385208539,0.124346979415054,0.075444755891189,0.3194005362706,0.173903750149489,"Human_Breast_Andersson_10142021_ST_C3"
"Human_Breast_Andersson_10142021_ST_C3_12x9",0.0624969790197602,0.0392864154206807,0.0303255294147434,0.0802570337988233,0.0429559199306203,0.0598123719848858,0.126741862869566,0.0752315755398405,0.482892312021079,"Human_Breast_Andersson_10142021_ST_C3"
"Human_Breast_Andersson_10142021_ST_C3_13x10",0.045798932719269,0.166307204811539,0.0227629879376127,0.0359470290536888,0.0282126123469637,0.0554176297701594,0.20427670622688,0.156622494909486,0.284654402224402,"Human_Breast_Andersson_10142021_ST_C3"
"Human_Breast_Andersson_10142021_ST_C3_13x11",0.0382140014049874,0.191998763686268,0.0227024616186501,0.00891984839612685,0.00814994007753016,0.381528223259939,0.00873999196518786,0.32534679854118,0.0143999710501307,"Human_Breast_Andersson_10142021_ST_C3"
"Human_Breast_Andersson_10142021_ST_C3_13x12",0.0694212870916777,0.259610773860283,0.0648241400274387,0.0327462436111451,0.0337487824553839,0.17216714432486,0.00638588486377933,0.344358258424275,0.0167374853411565,"Human_Breast_Andersson_10142021_ST_C3"
"Human_Breast_Andersson_10142021_ST_C3_13x13",0.0443634534789687,0.15937780804977,0.0329408514765051,0.0456858837332558,0.0253866284972988,0.0658897744287131,0.113416421497725,0.231346138136955,0.281593040700809,"Human_Breast_Andersson_10142021_ST_C3"
"Human_Breast_Andersson_10142021_ST_C3_13x14",0.0545635219848267,0.206076871036562,0.0299580439825636,0.0410852934358158,0.0301656097941954,0.0377533332954659,0.0905881023747394,0.258601075798968,0.251208148296863,"Human_Breast_Andersson_10142021_ST_C3"
"Human_Breast_Andersson_10142021_ST_C3_13x15",0.0298932421335955,0.200231439986822,0.0539994398113767,0.0110482562259792,0.00576315964229963,0.0889179868593514,0.0491022439852926,0.440981998751807,0.120062232603476,"Human_Breast_Andersson_10142021_ST_C3"
"Human_Breast_Andersson_10142021_ST_C3_13x16",0.0373270915418795,0.183847202240384,0.0508870494980612,0.0221809477505301,0.0175970255924299,0.15822555849721,0.0600318837712422,0.329186675176219,0.140716565932043,"Human_Breast_Andersson_10142021_ST_C3"
"Human_Breast_Andersson_10142021_ST_C3_13x17",0.0244908594259938,0.143751314587395,0.0522989514648895,0.0202085095438395,0.00919122742631681,0.230606519955101,0.0429006784461661,0.316743709133608,0.159808230016689,"Human_Breast_Andersson_10142021_ST_C3"
"Human_Breast_Andersson_10142021_ST_C3_13x18",0.0465917865748326,0.102101899411867,0.0369045598903806,0.0482371073504096,0.0284619489509472,0.0773239244974582,0.116904315042871,0.372773267369334,0.1707011909119,"Human_Breast_Andersson_10142021_ST_C3"
"Human_Breast_Andersson_10142021_ST_C3_13x8",0.0606797813612499,0.0513939114766284,0.0280664816428686,0.0451189894725918,0.0802855908338799,0.0559711247993371,0.234339556380631,0.0859188236259304,0.358225740406883,"Human_Breast_Andersson_10142021_ST_C3"
"Human_Breast_Andersson_10142021_ST_C3_14x10",0.0510559067614177,0.290767825666996,0.0156668123346192,0.154433559025794,0.0279055068387466,0.17761618974259,0.053767164326549,0.0433111071143339,0.185475928188953,"Human_Breast_Andersson_10142021_ST_C3"
"Human_Breast_Andersson_10142021_ST_C3_14x11",0.112066598934326,0.178054295047161,0.029312628807905,0.0182148086864314,0.0323262637867946,0.293900189920329,0.00597979782519237,0.305225069073751,0.0249203479181095,"Human_Breast_Andersson_10142021_ST_C3"
"Human_Breast_Andersson_10142021_ST_C3_14x12",0.00774738803803784,0.138034932637715,0.102415401262476,0.00681499705304195,0.00929940955835462,0.0977640421426372,0.00787778736767238,0.611205671186641,0.0188403707534235,"Human_Breast_Andersson_10142021_ST_C3"
"Human_Breast_Andersson_10142021_ST_C3_14x13",0.040007401029197,0.240980617518181,0.0644136066092764,0.025240146417051,0.0235835081231411,0.0571080257779294,0.108701376485009,0.210486095861342,0.229479222178873,"Human_Breast_Andersson_10142021_ST_C3"
"Human_Breast_Andersson_10142021_ST_C3_14x14",0.0338272321055098,0.220347467138137,0.0576197013080964,0.012681861570296,0.0217361177966132,0.0892982550685016,0.0272471036364732,0.39230110932494,0.144941152051433,"Human_Breast_Andersson_10142021_ST_C3"
"Human_Breast_Andersson_10142021_ST_C3_14x15",0.0423732865022902,0.160786273689459,0.0495552930107392,0.0237482273728991,0.0184468179669625,0.103638140286652,0.0367451439879091,0.478401351386073,0.0863054657970164,"Human_Breast_Andersson_10142021_ST_C3"
"Human_Breast_Andersson_10142021_ST_C3_14x16",0.021985248828766,0.145552696610684,0.0714635189727408,0.0114213975397751,0.0042408915007637,0.207199922863998,0.0249673707054083,0.45308316414066,0.0600857888372042,"Human_Breast_Andersson_10142021_ST_C3"
"Human_Breast_Andersson_10142021_ST_C3_14x17",0.0235386692382311,0.137987365478735,0.0230923952900537,0.013053955665618,0.0142737558736479,0.209600136116878,0.0392155719639328,0.434413765554781,0.104824384818122,"Human_Breast_Andersson_10142021_ST_C3"
"Human_Breast_Andersson_10142021_ST_C3_14x18",0.03208983562066,0.220884308597713,0.0316529217352598,0.0365731168605671,0.026244953574562,0.190703025198025,0.068137197013645,0.27937619129075,0.114338450108819,"Human_Breast_Andersson_10142021_ST_C3"
"Human_Breast_Andersson_10142021_ST_C3_14x19",0.0219277492325711,0.285814840673037,0.0304026923147413,0.029352401823974,0.0209063294907445,0.186855775734476,0.067742353895162,0.146797744386197,0.210200112449097,"Human_Breast_Andersson_10142021_ST_C3"
"Human_Breast_Andersson_10142021_ST_C3_14x8",0.118905781825814,0.161479764826977,0.112189242111884,0.0491485817648883,0.0410163577528898,0.130602941703214,0.0687793349068134,0.130038495976275,0.187839499131245,"Human_Breast_Andersson_10142021_ST_C3"
"Human_Breast_Andersson_10142021_ST_C3_14x9",0.0209359329449483,0.224749404587912,0.0369701206105418,0.0215320676609438,0.0162143369462403,0.0997807820223325,0.119226298404892,0.203877356110651,0.256713700711539,"Human_Breast_Andersson_10142021_ST_C3"
"Human_Breast_Andersson_10142021_ST_C3_15x10",0.04156405737958,0.323160947398494,0.076980729591077,0.0476833436906931,0.0200222519904343,0.20312792954665,0.0661037313877251,0.0753455573919602,0.146011451623386,"Human_Breast_Andersson_10142021_ST_C3"
"Human_Breast_Andersson_10142021_ST_C3_15x11",0.0812812982208001,0.225575156490476,0.157872079772733,0.0139694430114092,0.0149845094882672,0.0613732947705678,0.0840317792133284,0.248267553890152,0.112644885142267,"Human_Breast_Andersson_10142021_ST_C3"
"Human_Breast_Andersson_10142021_ST_C3_15x12",0.089596824058947,0.212903948585592,0.220438114437221,0.00577079335362747,0.00203994742968752,0.0433766686223266,0.00876425680560422,0.391712020641813,0.0253974260651812,"Human_Breast_Andersson_10142021_ST_C3"
"Human_Breast_Andersson_10142021_ST_C3_15x13",0.0413732835292951,0.18172198415512,0.0659129956837599,0.0355136273890739,0.0542594305414023,0.123287487062362,0.0278214597610992,0.402414739356337,0.0676949925215497,"Human_Breast_Andersson_10142021_ST_C3"
"Human_Breast_Andersson_10142021_ST_C3_15x14",0.0309229406266888,0.188497885089375,0.0404794245436886,0.0501738078892983,0.0251573261752952,0.117954369319947,0.0416545402293249,0.384843330301,0.120316375825382,"Human_Breast_Andersson_10142021_ST_C3"
"Human_Breast_Andersson_10142021_ST_C3_15x15",0.0585263749441416,0.150733185700262,0.0474834327892852,0.0132286790529839,0.0238665570526927,0.164054704602704,0.0752178263653424,0.225053763089295,0.241835476403293,"Human_Breast_Andersson_10142021_ST_C3"
"Human_Breast_Andersson_10142021_ST_C3_15x16",0.0409026492562443,0.190626166136841,0.0390390657242079,0.0230326237482988,0.022675202541464,0.157639600400524,0.0330557281260515,0.357451138625166,0.135577825441202,"Human_Breast_Andersson_10142021_ST_C3"
"Human_Breast_Andersson_10142021_ST_C3_15x17",0.0406780447767865,0.182247854187411,0.0349391324468324,0.0327165880141973,0.0388282139358481,0.138849808069865,0.0478200701043409,0.336166173852432,0.147754114612285,"Human_Breast_Andersson_10142021_ST_C3"
"Human_Breast_Andersson_10142021_ST_C3_15x18",0.0408985069717637,0.181234082638722,0.0538703873647363,0.0326904050218476,0.020252755716004,0.11116714846628,0.0715198961971105,0.241701384073016,0.246665433550519,"Human_Breast_Andersson_10142021_ST_C3"
"Human_Breast_Andersson_10142021_ST_C3_15x19",0.0324066514698272,0.130475526952378,0.0490021923725466,0.0096479180503697,0.0395559408211359,0.107716149756736,0.0708860928937413,0.245064382395672,0.315245145287594,"Human_Breast_Andersson_10142021_ST_C3"
"Human_Breast_Andersson_10142021_ST_C3_15x8",0.14310307201921,0.199086241945247,0.0515624477961663,0.0347422646011971,0.0157971835068684,0.026154562318215,0.0946757760704647,0.221318731935698,0.213559719806934,"Human_Breast_Andersson_10142021_ST_C3"
"Human_Breast_Andersson_10142021_ST_C3_15x9",0.0873021282139313,0.297422414000183,0.0739512416155323,0.00584007127974709,0.00215481959122531,0.251572132442525,0.0205091312087737,0.204627350945448,0.0566207107026342,"Human_Breast_Andersson_10142021_ST_C3"
"Human_Breast_Andersson_10142021_ST_C3_16x10",0.0649203941958931,0.237376465072141,0.0473424617190195,0.0198336368969826,0.0234721843937936,0.0659408444671524,0.122134453930014,0.150870644161799,0.268108915163206,"Human_Breast_Andersson_10142021_ST_C3"
"Human_Breast_Andersson_10142021_ST_C3_16x11",0.0450377471702484,0.308648886132059,0.0426379694398032,0.00569908973064251,0.0153604763961548,0.0669256343128776,0.0279737780950637,0.418987505435123,0.0687289132880282,"Human_Breast_Andersson_10142021_ST_C3"
"Human_Breast_Andersson_10142021_ST_C3_16x12",0.0265114822000856,0.172299820857647,0.133610098457985,0.00431005589780536,0.00868021629658585,0.0732678044532421,0.0138973122673388,0.450121631685224,0.117301577884087,"Human_Breast_Andersson_10142021_ST_C3"
"Human_Breast_Andersson_10142021_ST_C3_16x13",0.0273577722332976,0.214491380984961,0.0531418850185566,0.0254660238328125,0.0210521160870466,0.129234989408259,0.0390399486375189,0.350267555288513,0.139948328509035,"Human_Breast_Andersson_10142021_ST_C3"
"Human_Breast_Andersson_10142021_ST_C3_16x14",0.0498547751503168,0.143155467968931,0.0306615989167025,0.0437488549383627,0.0165031180906318,0.196362285718314,0.0930882164986856,0.230559899970201,0.196065782747854,"Human_Breast_Andersson_10142021_ST_C3"
"Human_Breast_Andersson_10142021_ST_C3_16x15",0.0372544705716808,0.171057124219077,0.0364704818485026,0.0696645046747478,0.0180958904054465,0.173884621518966,0.0398548885799978,0.254505816043854,0.199212202137728,"Human_Breast_Andersson_10142021_ST_C3"
"Human_Breast_Andersson_10142021_ST_C3_16x16",0.0293901020518522,0.122207944026522,0.0493683219145727,0.0227016723109671,0.0343565221543881,0.200775654090448,0.0611854174876797,0.309526108713154,0.170488257250416,"Human_Breast_Andersson_10142021_ST_C3"
"Human_Breast_Andersson_10142021_ST_C3_16x17",0.0208872191035805,0.147557765146246,0.0459284434851541,0.0328434355975815,0.0320149726078177,0.173381812665999,0.0952737281708043,0.292139093980803,0.159973529242014,"Human_Breast_Andersson_10142021_ST_C3"
"Human_Breast_Andersson_10142021_ST_C3_16x18",0.0236268935280468,0.148372562103183,0.0234384780071981,0.0482715672076781,0.0254259023096035,0.13628781076734,0.0982643375628882,0.273753067748162,0.2225593807659,"Human_Breast_Andersson_10142021_ST_C3"
"Human_Breast_Andersson_10142021_ST_C3_16x19",0.0500401820529636,0.0473420523521815,0.0299274737683395,0.0423918345097321,0.0551936677219167,0.0409110650818736,0.19285951766996,0.146616841279896,0.394717365563137,"Human_Breast_Andersson_10142021_ST_C3"
"Human_Breast_Andersson_10142021_ST_C3_16x20",0.0401226554055366,0.0874556592918319,0.0318145350628687,0.0727794975211883,0.036868670214742,0.143313304929333,0.117799088134907,0.208915892438307,0.260930697001285,"Human_Breast_Andersson_10142021_ST_C3"
"Human_Breast_Andersson_10142021_ST_C3_16x7",0.0170658419087871,0.154927129780193,0.0126325774808143,0.000656449241781346,0.00186670500061892,0.00111674930733254,0.00279516114504701,0.7911683560594,0.0177710300760257,"Human_Breast_Andersson_10142021_ST_C3"
"Human_Breast_Andersson_10142021_ST_C3_16x8",0.0503611191665952,0.200686813879411,0.0900382687522017,0.00250718901754755,0.00522866024443144,0.356003702818691,0.0497609235578686,0.106197030451686,0.139216292111566,"Human_Breast_Andersson_10142021_ST_C3"
"Human_Breast_Andersson_10142021_ST_C3_16x9",0.050708489765232,0.294849775705425,0.0394396649350668,0.0164554039119716,0.0266473099862574,0.0668064927074929,0.134387950718263,0.0828197713044632,0.287885140965828,"Human_Breast_Andersson_10142021_ST_C3"
"Human_Breast_Andersson_10142021_ST_C3_17x10",0.0307042982804137,0.277079504829345,0.0417278324857195,0.0200181653413232,0.00545488930145922,0.0911679340688123,0.0151689187432063,0.467588158675788,0.0510902982739327,"Human_Breast_Andersson_10142021_ST_C3"
"Human_Breast_Andersson_10142021_ST_C3_17x11",0.0557018715790464,0.323036791319417,0.0330539736740009,0.00407083700137457,0.00230046692948512,0.063902843133807,0.0127379683751434,0.446217753094283,0.0589774948934429,"Human_Breast_Andersson_10142021_ST_C3"
"Human_Breast_Andersson_10142021_ST_C3_17x12",0.0480654096839432,0.159312964127812,0.0934203096111561,0.0100436170516265,0.0116415486085965,0.0825932923816609,0.0555804502265148,0.349121040077621,0.190221368231068,"Human_Breast_Andersson_10142021_ST_C3"
"Human_Breast_Andersson_10142021_ST_C3_17x13",0.041692721896158,0.193176181842999,0.0651403756463365,0.0369297298985617,0.0380164250000835,0.106634837942854,0.0872596351616788,0.225136892392441,0.206013200218886,"Human_Breast_Andersson_10142021_ST_C3"
"Human_Breast_Andersson_10142021_ST_C3_17x15",0.0505703759014136,0.171687948528386,0.0390988668913191,0.010954403331894,0.01723760143778,0.117699066449849,0.0843922821520008,0.21615734621982,0.292202109087537,"Human_Breast_Andersson_10142021_ST_C3"
"Human_Breast_Andersson_10142021_ST_C3_17x16",0.0239653969669696,0.14251906742055,0.0388919037861792,0.026116525470851,0.0264718183794058,0.0735936104670108,0.100189131247661,0.340013880504854,0.228238665756518,"Human_Breast_Andersson_10142021_ST_C3"
"Human_Breast_Andersson_10142021_ST_C3_17x17",0.0495246308623365,0.11831960569741,0.0338365038064153,0.0499859750990458,0.0506277939034126,0.0238043021332891,0.227157211578273,0.0880791178877982,0.358664859032019,"Human_Breast_Andersson_10142021_ST_C3"
"Human_Breast_Andersson_10142021_ST_C3_17x18",0.0725821722579177,0.167543052456693,0.0364855183875352,0.0161167863780303,0.0226016661362564,0.0338181412177854,0.16676186921276,0.134054480128433,0.350036313824589,"Human_Breast_Andersson_10142021_ST_C3"
"Human_Breast_Andersson_10142021_ST_C3_17x19",0.0407613794729778,0.175392217552595,0.0574713240076789,0.0438164186908835,0.039497997022266,0.0575338104824254,0.163024975937109,0.18786212996748,0.234639746866585,"Human_Breast_Andersson_10142021_ST_C3"
"Human_Breast_Andersson_10142021_ST_C3_17x20",0.0385570312582287,0.141533949240085,0.0375124957981972,0.047877710856424,0.0815094848764883,0.0887252591982749,0.132315299229391,0.13673901923544,0.295229750307471,"Human_Breast_Andersson_10142021_ST_C3"
"Human_Breast_Andersson_10142021_ST_C3_17x7",0.119819888432206,0.301854499244416,0.0664865395918049,0.00500873264499239,0.00368400849255766,0.286452985070743,0.0172861001457325,0.0335666629065078,0.165840583471039,"Human_Breast_Andersson_10142021_ST_C3"
"Human_Breast_Andersson_10142021_ST_C3_17x8",0.0485012392800207,0.234124405365538,0.0418627759101464,0.00346651808985571,0.000473820714383163,0.46397083359408,0.0341113772769525,0.0964513394758002,0.0770376902932235,"Human_Breast_Andersson_10142021_ST_C3"
"Human_Breast_Andersson_10142021_ST_C3_17x9",0.0468578412864456,0.184516125115118,0.166083133528045,0.00243669779236111,0.00303380069452749,0.113621761544555,0.0480198976876689,0.304921880150962,0.130508862200316,"Human_Breast_Andersson_10142021_ST_C3"
"Human_Breast_Andersson_10142021_ST_C3_18x10",0.0932014520764186,0.141254509524264,0.154095129086358,0.00732544886503878,0.00644965707414117,0.0490093065614118,0.0404185226171834,0.448007903600599,0.0602380705945844,"Human_Breast_Andersson_10142021_ST_C3"
"Human_Breast_Andersson_10142021_ST_C3_18x11",0.0673656279983385,0.125204900570918,0.0362083759820715,0.0414397122901408,0.0347641396521003,0.131253705001801,0.0771767327570274,0.153167030153054,0.333419775594549,"Human_Breast_Andersson_10142021_ST_C3"
"Human_Breast_Andersson_10142021_ST_C3_18x12",0.0585241610470868,0.21101910557245,0.0566824164281768,0.0119707263710052,0.00915009266125602,0.051735195822875,0.111800241920597,0.11343724881521,0.375680811361343,"Human_Breast_Andersson_10142021_ST_C3"
"Human_Breast_Andersson_10142021_ST_C3_18x13",0.0411967034206076,0.182815432603749,0.0856709378624757,0.0325177678432596,0.0243098894175091,0.078607343127344,0.066586853661844,0.0794505136892219,0.40884455837399,"Human_Breast_Andersson_10142021_ST_C3"
"Human_Breast_Andersson_10142021_ST_C3_18x14",0.0568651204832698,0.149192645339982,0.0316123097718094,0.0314246708635176,0.0280941469406037,0.048289675995144,0.121492065858214,0.148125105897172,0.384904258850288,"Human_Breast_Andersson_10142021_ST_C3"
"Human_Breast_Andersson_10142021_ST_C3_18x15",0.0261692826304303,0.0712219007183026,0.0406494276135574,0.0270727226782431,0.0424836462714799,0.0260006833258389,0.179463744388926,0.089206383654004,0.497732208719217,"Human_Breast_Andersson_10142021_ST_C3"
"Human_Breast_Andersson_10142021_ST_C3_18x16",0.0473908376098345,0.136636928562669,0.0479247361293414,0.0474238662432785,0.0275704700268014,0.0347234790662627,0.175457667562,0.195170758591588,0.287701256208225,"Human_Breast_Andersson_10142021_ST_C3"
"Human_Breast_Andersson_10142021_ST_C3_18x17",0.0263158681599943,0.0663239594102797,0.0156065064125779,0.0425752328791778,0.0465613868601935,0.00915664916512988,0.204988041009323,0.190224998087498,0.398247358015825,"Human_Breast_Andersson_10142021_ST_C3"
"Human_Breast_Andersson_10142021_ST_C3_18x18",0.0572853758768121,0.0958941694660077,0.0270571271046306,0.0190901109033266,0.044493761125238,0.0299040436402814,0.154005581262431,0.193733583420177,0.378536247201096,"Human_Breast_Andersson_10142021_ST_C3"
"Human_Breast_Andersson_10142021_ST_C3_18x19",0.0316088405614262,0.0464310422044038,0.0159890048877324,0.0349866219064499,0.0396241619693631,0.0289354216624318,0.206174301871857,0.10983707980599,0.486413525130346,"Human_Breast_Andersson_10142021_ST_C3"
"Human_Breast_Andersson_10142021_ST_C3_18x6",0.0686264360438352,0.148338600791871,0.0381009473755741,0.0315002784826091,0.0247415563703837,0.106992202252946,0.0637704696537867,0.255590205581291,0.262339303447703,"Human_Breast_Andersson_10142021_ST_C3"
"Human_Breast_Andersson_10142021_ST_C3_18x7",0.0369782784095981,0.365474682513375,0.0256801436893319,0.0111229705934421,0.00345038032384646,0.0852355203174117,0.0610003409421866,0.191665637203589,0.219392046007219,"Human_Breast_Andersson_10142021_ST_C3"
"Human_Breast_Andersson_10142021_ST_C3_18x8",0.105793006244505,0.156291121019482,0.124844441503736,0.00761374213463317,0.00304643204421201,0.0446614036861599,0.0296189658422307,0.483589732186413,0.0445411553386289,"Human_Breast_Andersson_10142021_ST_C3"
"Human_Breast_Andersson_10142021_ST_C3_18x9",0.00703017236614499,0.157384236279853,0.0518530563147099,0.00210160465038566,0.00191335933563036,0.071830322058812,0.0121024771918562,0.677540404014733,0.0182443677878748,"Human_Breast_Andersson_10142021_ST_C3"
"Human_Breast_Andersson_10142021_ST_C3_19x10",0.0636229092317266,0.106539803284209,0.0291075098526126,0.0252689605994302,0.0191600553681977,0.0219809851985614,0.137793359045521,0.38526876720493,0.211257650214812,"Human_Breast_Andersson_10142021_ST_C3"
"Human_Breast_Andersson_10142021_ST_C3_19x11",0.0760764697200192,0.0801862751067012,0.0471110470614243,0.0778787047199877,0.0444198208257186,0.0268128976327716,0.119967945577061,0.168981625069848,0.358565214286468,"Human_Breast_Andersson_10142021_ST_C3"
"Human_Breast_Andersson_10142021_ST_C3_19x12",0.0536081967253052,0.127417824684122,0.028775240267455,0.0195761352073476,0.0170022804502769,0.0229279002404156,0.0889857716837131,0.199829292414348,0.441877358327017,"Human_Breast_Andersson_10142021_ST_C3"
"Human_Breast_Andersson_10142021_ST_C3_19x13",0.0700106636268862,0.0827745681696673,0.0313072942539295,0.0852312236151785,0.0686778669929086,0.035224181881724,0.182340428020012,0.0697740504282866,0.374659723011408,"Human_Breast_Andersson_10142021_ST_C3"
"Human_Breast_Andersson_10142021_ST_C3_19x14",0.043506682096922,0.140535099204392,0.0654063753801222,0.0279617709304125,0.062329391501222,0.0288766086019864,0.130547227898044,0.132029274790413,0.368807569596486,"Human_Breast_Andersson_10142021_ST_C3"
"Human_Breast_Andersson_10142021_ST_C3_19x15",0.05549830495367,0.148362580248914,0.0611748973946514,0.034055599648839,0.0490297722118762,0.0594720570250032,0.140176281719856,0.169450657050334,0.282779849746856,"Human_Breast_Andersson_10142021_ST_C3"
"Human_Breast_Andersson_10142021_ST_C3_19x16",0.0395396169642274,0.176758326684051,0.0413551128031195,0.00576823891400279,0.00654762866263696,0.112831129405171,0.0514106803469868,0.383621449753068,0.182167816466736,"Human_Breast_Andersson_10142021_ST_C3"
"Human_Breast_Andersson_10142021_ST_C3_19x17",0.0163236740055315,0.111804325498269,0.0241399220570465,0.0192646814646562,0.0190172625036622,0.0160006172163338,0.177256256314729,0.254469377136494,0.361723883803278,"Human_Breast_Andersson_10142021_ST_C3"
"Human_Breast_Andersson_10142021_ST_C3_19x18",0.0238211932572275,0.0256374809453894,0.0135903596584581,0.0408226088561656,0.0421202727231282,0.0102475627516751,0.259910253106414,0.22448454205358,0.359365726647962,"Human_Breast_Andersson_10142021_ST_C3"
"Human_Breast_Andersson_10142021_ST_C3_19x19",0.0144726445769647,0.0797736926738004,0.0236295912729629,0.0218218451135339,0.0310863840351638,0.0193878985654627,0.247057807037773,0.238223066237918,0.324547070486421,"Human_Breast_Andersson_10142021_ST_C3"
"Human_Breast_Andersson_10142021_ST_C3_19x6",0.0406551406027376,0.191994594553232,0.0257976678190117,0.0230896367626929,0.0173140092305105,0.0585499208455088,0.15823785567609,0.332475588510343,0.151885585999873,"Human_Breast_Andersson_10142021_ST_C3"
"Human_Breast_Andersson_10142021_ST_C3_19x7",0.0149368911745877,0.1047076892282,0.0107439125168328,0.00383774556514866,0.00109022603523232,0.0177529697609683,0.00349183648790116,0.838458769692172,0.00497995953895679,"Human_Breast_Andersson_10142021_ST_C3"
"Human_Breast_Andersson_10142021_ST_C3_19x8",0.012974243585803,0.205649204605471,0.0527214925692828,0.00455319897353684,0.000667327352188074,0.0801806075884867,0.00643063811773497,0.6223761426686,0.0144471445388964,"Human_Breast_Andersson_10142021_ST_C3"
"Human_Breast_Andersson_10142021_ST_C3_19x9",0.0758391455175803,0.205172640620623,0.0404349916083835,0.00980515582587479,0.00410296101458594,0.105865951744299,0.00916286714005063,0.52189964249679,0.0277166440318132,"Human_Breast_Andersson_10142021_ST_C3"
"Human_Breast_Andersson_10142021_ST_C3_20x10",0.0570603845769252,0.117196925302766,0.0378746401345064,0.0518034384960791,0.0241037293172612,0.0700351819827136,0.128421615759675,0.286472989102535,0.227031095327538,"Human_Breast_Andersson_10142021_ST_C3"
"Human_Breast_Andersson_10142021_ST_C3_20x11",0.0349409178228303,0.142807328066753,0.0284629665054527,0.0264657342591484,0.0322922051772481,0.0652809792137119,0.181286460667368,0.167767111411681,0.320696296875806,"Human_Breast_Andersson_10142021_ST_C3"
"Human_Breast_Andersson_10142021_ST_C3_20x12",0.0969704258835426,0.0649746981204859,0.0387424977008036,0.0442309163522519,0.0486123660500082,0.0375786501590218,0.144457119297485,0.124662379048829,0.399770947387572,"Human_Breast_Andersson_10142021_ST_C3"
"Human_Breast_Andersson_10142021_ST_C3_20x13",0.0589690592784853,0.100290912675772,0.0358146321706377,0.0310628075131492,0.0383742571564561,0.0362586825295358,0.138504506239393,0.179928779676289,0.380796362760282,"Human_Breast_Andersson_10142021_ST_C3"
"Human_Breast_Andersson_10142021_ST_C3_20x14",0.0718463647698796,0.119964211680009,0.0441750708243371,0.0304695272217366,0.0188691291374417,0.0554316652675264,0.0798418300757723,0.249667553632369,0.329734647390928,"Human_Breast_Andersson_10142021_ST_C3"
"Human_Breast_Andersson_10142021_ST_C3_20x15",0.0303511420598111,0.17079550039789,0.046630809579451,0.0327238009758837,0.0205310537179614,0.149437140366126,0.0795630187919923,0.216499541861819,0.253467992249064,"Human_Breast_Andersson_10142021_ST_C3"
"Human_Breast_Andersson_10142021_ST_C3_20x16",0.0271778856951693,0.134739223469128,0.0344540249933657,0.0418265825239602,0.0341686117749711,0.0401245887455873,0.153543607987667,0.260745543660468,0.273219931149684,"Human_Breast_Andersson_10142021_ST_C3"
"Human_Breast_Andersson_10142021_ST_C3_20x17",0.0379363806787842,0.140514657250852,0.0236626007227374,0.0305149800153398,0.0461866627833157,0.0257000594329309,0.171203522799867,0.255627184448537,0.268653951867637,"Human_Breast_Andersson_10142021_ST_C3"
"Human_Breast_Andersson_10142021_ST_C3_20x18",0.0332208284985864,0.130780750360281,0.0453504554858847,0.0233947641509505,0.0219673711075278,0.0418264334634466,0.168261605068473,0.292266795861277,0.242930996003573,"Human_Breast_Andersson_10142021_ST_C3"
"Human_Breast_Andersson_10142021_ST_C3_20x6",0.0264735889159887,0.188718893574935,0.0863820091294204,0.0268463644294814,0.0330954170931845,0.0274080883990308,0.115384976321128,0.309769618024254,0.185921044112577,"Human_Breast_Andersson_10142021_ST_C3"
"Human_Breast_Andersson_10142021_ST_C3_20x7",0.0859872318409479,0.235343165160529,0.0529137653304373,0.00658022055822327,0.00330042301318302,0.0410886630492038,0.0117251243847173,0.540215155546116,0.0228462511166429,"Human_Breast_Andersson_10142021_ST_C3"
"Human_Breast_Andersson_10142021_ST_C3_20x8",0.0384643689379852,0.133867479373313,0.0632294779278262,0.0299124082448438,0.011121526255039,0.077757530395601,0.0577496647056013,0.464327985908568,0.123569558251223,"Human_Breast_Andersson_10142021_ST_C3"
"Human_Breast_Andersson_10142021_ST_C3_20x9",0.0893809759324506,0.116892324087883,0.0223165802916969,0.0426753999320442,0.0454225611964502,0.040764181972032,0.149019352476581,0.246506793503922,0.24702183060694,"Human_Breast_Andersson_10142021_ST_C3"
"Human_Breast_Andersson_10142021_ST_C3_21x10",0.0526512878497292,0.10121768878079,0.0636548705509768,0.0145837810343715,0.0114841270353397,0.0764187981138003,0.115955409742267,0.237562347033232,0.326471689859493,"Human_Breast_Andersson_10142021_ST_C3"
"Human_Breast_Andersson_10142021_ST_C3_21x11",0.062722246906353,0.140252421234579,0.0482370424616616,0.0301737837897008,0.0265992756107692,0.151898312485117,0.127407379994759,0.241669647278313,0.171039890238748,"Human_Breast_Andersson_10142021_ST_C3"
"Human_Breast_Andersson_10142021_ST_C3_21x12",0.0522167029109591,0.144062525801633,0.0641827880276633,0.0379497554800466,0.0122941991918172,0.081963191216458,0.0902971923454205,0.235733812312008,0.281299832713995,"Human_Breast_Andersson_10142021_ST_C3"
"Human_Breast_Andersson_10142021_ST_C3_21x13",0.0438531488333781,0.0644740442119652,0.0487481718033277,0.0557830165143364,0.0431044685269095,0.0463703928653358,0.110797373800352,0.126523990584687,0.460345392859708,"Human_Breast_Andersson_10142021_ST_C3"
"Human_Breast_Andersson_10142021_ST_C3_21x14",0.044731625395803,0.126587578841415,0.0446743541464431,0.0368990469300712,0.0420196381191885,0.108754683521114,0.0568367968193936,0.221643474703953,0.317852801522619,"Human_Breast_Andersson_10142021_ST_C3"
"Human_Breast_Andersson_10142021_ST_C3_21x15",0.0208669949285009,0.202684989657047,0.0406695656271653,0.0126741157111382,0.0102159124084945,0.207164494406172,0.0497392394893869,0.29172421450761,0.164260473264484,"Human_Breast_Andersson_10142021_ST_C3"
"Human_Breast_Andersson_10142021_ST_C3_21x16",0.0370953977092273,0.154382023721384,0.0372679220254406,0.0228130604856507,0.0131032046404586,0.055063469709963,0.129283937829496,0.213135573535777,0.337855410342604,"Human_Breast_Andersson_10142021_ST_C3"
"Human_Breast_Andersson_10142021_ST_C3_21x17",0.00970274079432084,0.167284750242863,0.0491099068529246,0.0111717139990714,0.0209323141318476,0.0555316753318931,0.175739849844704,0.106185316629288,0.404341732173088,"Human_Breast_Andersson_10142021_ST_C3"
"Human_Breast_Andersson_10142021_ST_C3_21x18",0.0244566939084471,0.103713992517255,0.0335628111442531,0.0302707107186981,0.0596886841979765,0.044171763513892,0.20247151816773,0.113712609637026,0.387951216194722,"Human_Breast_Andersson_10142021_ST_C3"
"Human_Breast_Andersson_10142021_ST_C3_21x6",0.0351142370200702,0.111938984040247,0.0611494450618853,0.00523531384435151,0.00961369879973232,0.0288383175590947,0.046662991730875,0.577684784685641,0.123762227258103,"Human_Breast_Andersson_10142021_ST_C3"
"Human_Breast_Andersson_10142021_ST_C3_21x7",0.0729826922393548,0.100338630289483,0.0575465048412361,0.0497577443526228,0.0182460832528341,0.0841383385464382,0.114025449146802,0.33359689605453,0.169367661276699,"Human_Breast_Andersson_10142021_ST_C3"
"Human_Breast_Andersson_10142021_ST_C3_21x8",0.0521430034258171,0.13886441709654,0.0434099197827531,0.0315555439098581,0.0378919749271406,0.0585098618398902,0.132847177042277,0.222516186604107,0.282261915371618,"Human_Breast_Andersson_10142021_ST_C3"
"Human_Breast_Andersson_10142021_ST_C3_21x9",0.093087596574724,0.147496549239263,0.0400457663636927,0.0666344178499319,0.0293020193753048,0.136996598735571,0.0882346225720698,0.224646546183564,0.173555883105879,"Human_Breast_Andersson_10142021_ST_C3"
"Human_Breast_Andersson_10142021_ST_C3_22x10",0.0733756906150121,0.144354842172488,0.0756418686970124,0.041452140920145,0.0210027538201105,0.0600187195078294,0.124845189191187,0.324971485356756,0.13433730971946,"Human_Breast_Andersson_10142021_ST_C3"
"Human_Breast_Andersson_10142021_ST_C3_22x11",0.0453657336493683,0.142765017000284,0.0494731299628223,0.0802173933706708,0.0297685572046704,0.0760009378620608,0.112791744779264,0.169829495902551,0.293787990268308,"Human_Breast_Andersson_10142021_ST_C3"
"Human_Breast_Andersson_10142021_ST_C3_22x12",0.0287175228977122,0.12911563919491,0.0868345658859004,0.0376556008921331,0.0314779457347925,0.158979317275716,0.0754056379236457,0.216321973227752,0.235491796967438,"Human_Breast_Andersson_10142021_ST_C3"
"Human_Breast_Andersson_10142021_ST_C3_22x13",0.0490447716253127,0.14806690643905,0.0301184227413777,0.0254862777789715,0.0332289536605766,0.0469066899249682,0.126153849806142,0.169328381630715,0.371665746392887,"Human_Breast_Andersson_10142021_ST_C3"
"Human_Breast_Andersson_10142021_ST_C3_22x14",0.0537123786518142,0.123967074627195,0.0529355601897057,0.0261219307892153,0.0615146373737911,0.073546568081524,0.158498579625914,0.121170524328849,0.328532746331992,"Human_Breast_Andersson_10142021_ST_C3"
"Human_Breast_Andersson_10142021_ST_C3_22x15",0.0415138145693117,0.147944859182936,0.0503815971439142,0.0257943296471415,0.0273570757618211,0.152246986296096,0.0914096748799759,0.188908652107491,0.274443010411313,"Human_Breast_Andersson_10142021_ST_C3"
"Human_Breast_Andersson_10142021_ST_C3_22x16",0.0136166391174221,0.124479148126747,0.0923475858164051,0.0143578485581381,0.00731678787860068,0.127413307182832,0.0924543991711269,0.290703237364104,0.237311046784624,"Human_Breast_Andersson_10142021_ST_C3"
"Human_Breast_Andersson_10142021_ST_C3_22x17",0.0223098761768918,0.13503149775532,0.0393947688819967,0.0164966428641687,0.022165227553662,0.0559101027971353,0.176302054282475,0.316038872406582,0.216350957281769,"Human_Breast_Andersson_10142021_ST_C3"
"Human_Breast_Andersson_10142021_ST_C3_22x5",0.0514566417027912,0.170354834835293,0.0415213973573568,0.0345246961082161,0.0141254926112408,0.123530443410692,0.00795612714301128,0.508940477604735,0.047589889226663,"Human_Breast_Andersson_10142021_ST_C3"
"Human_Breast_Andersson_10142021_ST_C3_22x6",0.0649702850533943,0.121561175482093,0.0196843633949478,0.00585401520105513,0.00436981656984468,0.0440752951836044,0.0162364599015783,0.692203574992068,0.0310450142214142,"Human_Breast_Andersson_10142021_ST_C3"
"Human_Breast_Andersson_10142021_ST_C3_22x8",0.0315741142268835,0.166783350535104,0.044434954099019,0.0412189642106939,0.0666423382295084,0.218397521184316,0.0338747537588237,0.288279347065428,0.108794656690224,"Human_Breast_Andersson_10142021_ST_C3"
"Human_Breast_Andersson_10142021_ST_C3_22x9",0.0577570237505518,0.147208529710831,0.0634172853580863,0.0360995809979467,0.028342498221427,0.0920323904184778,0.105781652636428,0.302596434881565,0.166764604024686,"Human_Breast_Andersson_10142021_ST_C3"
"Human_Breast_Andersson_10142021_ST_C3_23x13",0.0632496855413715,0.197963511247642,0.0864019151769482,0.0274419710364796,0.0167487446958835,0.0940268864595735,0.0443705109481166,0.371355753144636,0.0984410217493491,"Human_Breast_Andersson_10142021_ST_C3"
"Human_Breast_Andersson_10142021_ST_C3_23x14",0.0532378305935065,0.144675750905522,0.0635782374642903,0.0803209915084288,0.0577720123779002,0.125166282170742,0.0646238517888279,0.26497987417789,0.145645169012892,"Human_Breast_Andersson_10142021_ST_C3"
"Human_Breast_Andersson_10142021_ST_C3_23x15",0.0625425733583108,0.150009887221743,0.0365919143625112,0.0882000207209656,0.137255249316443,0.14748011027589,0.0207844683940338,0.269707768089781,0.087428008260322,"Human_Breast_Andersson_10142021_ST_C3"
"Human_Breast_Andersson_10142021_ST_C3_23x16",0.027457432637633,0.177402436826096,0.0358135900890786,0.0416089405490113,0.0803827341624389,0.203694944033606,0.0483500509814538,0.268998769907934,0.116291100812748,"Human_Breast_Andersson_10142021_ST_C3"
"Human_Breast_Andersson_10142021_ST_C3_4x11",0.059867664905611,0.103920624429279,0.125675516217941,0.0396712965391494,0.0414668959193976,0.0370939736231482,0.143672726745172,0.251642983828285,0.196988317792016,"Human_Breast_Andersson_10142021_ST_C3"
"Human_Breast_Andersson_10142021_ST_C3_4x12",0.0511758235253603,0.20736426211069,0.0563921352683844,0.0693290670046029,0.0400112141355193,0.0825384180884227,0.07157540240102,0.202692931141529,0.218920746324471,"Human_Breast_Andersson_10142021_ST_C3"
