"","Endothelial","CAFs","PVL","B-cells","T-cells","Myeloid","Normal Epithelial","Plasmablasts","Cancer Epithelial","sid"
"Human_Breast_He_06222020_ST_BC23506_C1_23x20",0.0412023759478262,0.00625247733178966,0.0421986773615584,0.393480131193821,0.0550493081473311,0.00803261174416388,0.0707289169221801,0.122822732834434,0.260232768516896,"Human_Breast_He_06222020_ST_BC23506_C1"
"Human_Breast_He_06222020_ST_BC23506_C1_23x22",0.0352459465484782,0.00730992240736398,0.0431393430145866,0.457853698621366,0.0424180605999417,0.01857366597499,0.0630461933923908,0.0739860430565089,0.258427126384374,"Human_Breast_He_06222020_ST_BC23506_C1"
"Human_Breast_He_06222020_ST_BC23506_C1_23x23",0.0223219873143173,0.00578903001805778,0.0279614828716881,0.483776055690096,0.0404460784536609,0.00425890860787526,0.0680383390919796,0.0813615170676584,0.266046600884667,"Human_Breast_He_06222020_ST_BC23506_C1"
"Human_Breast_He_06222020_ST_BC23506_C1_23x24",0.0388892545216496,0.0111494925291996,0.0544008312631671,0.295432218137765,0.036755136835816,0.0171054068522971,0.0310905439228233,0.209940252851889,0.305236863085393,"Human_Breast_He_06222020_ST_BC23506_C1"
"Human_Breast_He_06222020_ST_BC23506_C1_21x6",0.016825498983833,0.0100197159868036,0.0133753218766966,0.363572049173736,0.0499737425767873,0.0127819194236978,0.0731343477209464,0.251054906627699,0.209262497629801,"Human_Breast_He_06222020_ST_BC23506_C1"
"Human_Breast_He_06222020_ST_BC23506_C1_21x5",0.0326846088122415,0.00701349863552307,0.015640160390717,0.454125609642328,0.0555558755338855,0.0213901576157317,0.0669282075619947,0.137403112781764,0.209258769025815,"Human_Breast_He_06222020_ST_BC23506_C1"
"Human_Breast_He_06222020_ST_BC23506_C1_23x27",0.0201434053041287,0.00818767200209553,0.0640656937765213,0.262912673892253,0.100178552646167,0.0133789295514333,0.0821690088246135,0.159296542731741,0.289667521271046,"Human_Breast_He_06222020_ST_BC23506_C1"
"Human_Breast_He_06222020_ST_BC23506_C1_23x28",0.02865172367942,0.00935938054188765,0.0324003697777824,0.328607108111303,0.0558530178119956,0.0139249309519868,0.120046494501545,0.167755489249252,0.243401485374828,"Human_Breast_He_06222020_ST_BC23506_C1"
"Human_Breast_He_06222020_ST_BC23506_C1_21x9",0.0187941174146763,0.00454593560787338,0.0159589851094549,0.574123322134946,0.0674237558303424,0.00309486668447613,0.0695981081358238,0.0317214039676594,0.214739505114748,"Human_Breast_He_06222020_ST_BC23506_C1"
"Human_Breast_He_06222020_ST_BC23506_C1_21x8",0.0131119948231896,0.00745298344496462,0.0145958615242781,0.41864215609599,0.0571568065582009,0.0172049192453272,0.0383231283714999,0.197987077336109,0.235525072600441,"Human_Breast_He_06222020_ST_BC23506_C1"
"Human_Breast_He_06222020_ST_BC23506_C1_30x17",0.0294516879874941,0.00515312988876315,0.0154290074821562,0.411999560537316,0.18652466350231,0.00833183047973447,0.108627942199478,0.01181762685206,0.222664551070688,"Human_Breast_He_06222020_ST_BC23506_C1"
"Human_Breast_He_06222020_ST_BC23506_C1_20x21",0.0346385221021689,0.00459959696064994,0.0279828145496892,0.14278491341076,0.0321717900443232,0.0159201076818539,0.119548516728628,0.2777677811259,0.344585957396027,"Human_Breast_He_06222020_ST_BC23506_C1"
"Human_Breast_He_06222020_ST_BC23506_C1_11x8",0.0055772395557207,0.00159418324249925,0.00292676816872515,0.59236927951076,0.0310869136602929,0.00922500042561541,0.15229362811007,0.069078818187047,0.13584816913927,"Human_Breast_He_06222020_ST_BC23506_C1"
"Human_Breast_He_06222020_ST_BC23506_C1_25x12",0.0179449620557666,0.0136665712376499,0.0234716003023858,0.501341970791094,0.0531919329554351,0.0114056917829031,0.0775469887045906,0.139306671432748,0.162123610737427,"Human_Breast_He_06222020_ST_BC23506_C1"
"Human_Breast_He_06222020_ST_BC23506_C1_11x6",0.0168393762256414,0.00536741835953165,0.0094463392534807,0.566978250687461,0.0260342532295173,0.00876704342787052,0.150795759022178,0.0605910602820218,0.155180499512297,"Human_Breast_He_06222020_ST_BC23506_C1"
"Human_Breast_He_06222020_ST_BC23506_C1_11x4",0.010399360541488,0.00392419157910797,0.00673489934239913,0.586044216845202,0.0695400713911777,0.00296090311318823,0.100575894089468,0.0564221972270092,0.16339826587096,"Human_Breast_He_06222020_ST_BC23506_C1"
"Human_Breast_He_06222020_ST_BC23506_C1_11x5",0.0129824978504945,0.00596985243281422,0.00962888445562516,0.537328382495226,0.0526799234789504,0.00817610242217459,0.065482436101841,0.126321099135384,0.181430821627491,"Human_Breast_He_06222020_ST_BC23506_C1"
"Human_Breast_He_06222020_ST_BC23506_C1_11x2",0.0121079485047445,0.00358650333179905,0.00749051835405455,0.552207966281197,0.0748756109455901,0.00795913177732234,0.100804436318047,0.0603234487376712,0.180644435749575,"Human_Breast_He_06222020_ST_BC23506_C1"
"Human_Breast_He_06222020_ST_BC23506_C1_25x11",0.0212102690224199,0.0158437696240177,0.0468004952221335,0.328941684898469,0.021042406233416,0.0273085395971216,0.0583537821659719,0.265181166319023,0.215317886917427,"Human_Breast_He_06222020_ST_BC23506_C1"
"Human_Breast_He_06222020_ST_BC23506_C1_25x10",0.0209174326642272,0.00854262405667498,0.0248110672317307,0.39220532220121,0.037670246959845,0.0574743880922026,0.108495209330412,0.134101623879259,0.215782085584439,"Human_Breast_He_06222020_ST_BC23506_C1"
"Human_Breast_He_06222020_ST_BC23506_C1_25x17",0.0260164529348712,0.00926439918146986,0.030546152961326,0.319657813337313,0.0811312309629128,0.0242992494164252,0.0619865645772345,0.161738863503742,0.285359273124706,"Human_Breast_He_06222020_ST_BC23506_C1"
"Human_Breast_He_06222020_ST_BC23506_C1_18x24",0.0247650425836224,0.0126083035170906,0.0364684446005385,0.379319547239106,0.0484498255990103,0.0688139504620178,0.108364663681243,0.0518630964614343,0.269347125855938,"Human_Breast_He_06222020_ST_BC23506_C1"
"Human_Breast_He_06222020_ST_BC23506_C1_18x25",0.0694680649107268,0.0155221048525261,0.0730197838341276,0.193250249191577,0.0224603331765813,0.0470502706639815,0.114215986396386,0.19088166463869,0.274131542335404,"Human_Breast_He_06222020_ST_BC23506_C1"
"Human_Breast_He_06222020_ST_BC23506_C1_18x22",0.0235673765176475,0.00630780894796775,0.023825572258392,0.247451429080701,0.0224699172302665,0.0133375970985649,0.129154202977696,0.173317557001735,0.360568538887029,"Human_Breast_He_06222020_ST_BC23506_C1"
"Human_Breast_He_06222020_ST_BC23506_C1_18x23",0.0607807430374417,0.00607749182795136,0.0715612365602388,0.289627984216758,0.0171490302612967,0.00940895720435468,0.0549759319489194,0.144607803979699,0.345810820963341,"Human_Breast_He_06222020_ST_BC23506_C1"
"Human_Breast_He_06222020_ST_BC23506_C1_18x20",0.0252471140128341,0.0117710570586434,0.0343944984665598,0.28835999596898,0.0628776977151674,0.0250526173894431,0.12658565010764,0.0742044618411057,0.351506907439627,"Human_Breast_He_06222020_ST_BC23506_C1"
"Human_Breast_He_06222020_ST_BC23506_C1_18x21",0.0312529164594144,0.00478394891979946,0.0232121556073626,0.279976048965028,0.0266882457880692,0.00869006589774248,0.0760462324208781,0.246924932531984,0.302425453409721,"Human_Breast_He_06222020_ST_BC23506_C1"
"Human_Breast_He_06222020_ST_BC23506_C1_20x27",0.0171522187957166,0.0146215950583903,0.0145914862841585,0.214006349844635,0.044010133102481,0.0215182656567683,0.104453260555858,0.245831843318853,0.32381484738314,"Human_Breast_He_06222020_ST_BC23506_C1"
"Human_Breast_He_06222020_ST_BC23506_C1_24x21",0.019868862849994,0.0039542998723777,0.0247797168263114,0.544817659687101,0.0403896315165006,0.00393590638677779,0.114744724100348,0.0678765462389055,0.179632652521684,"Human_Breast_He_06222020_ST_BC23506_C1"
"Human_Breast_He_06222020_ST_BC23506_C1_25x14",0.0244113383239228,0.0415826547356767,0.053568677310561,0.0859073509451366,0.00454533727550803,0.0513975895859464,0.180175637082786,0.368602170460888,0.189809244279575,"Human_Breast_He_06222020_ST_BC23506_C1"
"Human_Breast_He_06222020_ST_BC23506_C1_23x21",0.0216495339507757,0.00727807898836647,0.0277777609895966,0.501097617658505,0.0763933486797479,0.00545204109628722,0.072904515915179,0.0588264411259561,0.228620661595586,"Human_Breast_He_06222020_ST_BC23506_C1"
"Human_Breast_He_06222020_ST_BC23506_C1_26x8",0.0204844274247614,0.00480459675731771,0.0227524064385059,0.384579512242548,0.0606359139988092,0.0201013639861029,0.075961651049152,0.105735124685004,0.304945003417799,"Human_Breast_He_06222020_ST_BC23506_C1"
"Human_Breast_He_06222020_ST_BC23506_C1_26x9",0.0279360686053686,0.0125251516315231,0.0217665885357781,0.445760730571157,0.045414626745987,0.0372507482287307,0.070519818334699,0.114457750603986,0.224368516742771,"Human_Breast_He_06222020_ST_BC23506_C1"
"Human_Breast_He_06222020_ST_BC23506_C1_23x10",0.0281114621736985,0.0150954403357095,0.0176787848235778,0.271154417872731,0.0488368526913065,0.0407818074719974,0.0974259063319009,0.287924493328689,0.192990834970389,"Human_Breast_He_06222020_ST_BC23506_C1"
"Human_Breast_He_06222020_ST_BC23506_C1_21x7",0.0237493572965015,0.00646008548942489,0.0197728665027066,0.506517305659568,0.0521957881089775,0.00210802374688488,0.0640215491142601,0.145231240671089,0.179943783410588,"Human_Breast_He_06222020_ST_BC23506_C1"
"Human_Breast_He_06222020_ST_BC23506_C1_17x8",0.023219610758023,0.0128484747057461,0.0290049444085903,0.386408522946761,0.0430059328135604,0.014460053333618,0.103800750008348,0.128347778011067,0.258903933014287,"Human_Breast_He_06222020_ST_BC23506_C1"
"Human_Breast_He_06222020_ST_BC23506_C1_23x26",0.0352195160176412,0.00847417896979639,0.0795018390279939,0.383545393088481,0.0383823618608168,0.0184895612064437,0.069580774204838,0.0653092658332866,0.301497109790702,"Human_Breast_He_06222020_ST_BC23506_C1"
"Human_Breast_He_06222020_ST_BC23506_C1_11x14",0.0834936943979449,0.0116584529880401,0.0683512838439258,0.0835791199180541,0.0056247829128574,0.0231100900505125,0.0975296547595682,0.312328940204812,0.314323980924285,"Human_Breast_He_06222020_ST_BC23506_C1"
"Human_Breast_He_06222020_ST_BC23506_C1_26x18",0.0215308098438956,0.00523591999259031,0.0163826216465074,0.408168477435688,0.0621011010822751,0.0271412479999925,0.0547475661643084,0.178387865713419,0.226304390121324,"Human_Breast_He_06222020_ST_BC23506_C1"
"Human_Breast_He_06222020_ST_BC23506_C1_11x15",0.0433501641559347,0.0209922997812839,0.038762455939436,0.0418267939109792,0.0138813673901797,0.0134081533304159,0.0929449972300677,0.309312688823453,0.42552107943825,"Human_Breast_He_06222020_ST_BC23506_C1"
"Human_Breast_He_06222020_ST_BC23506_C1_29x19",0.0269471494357329,0.00792899374490847,0.0220868702087948,0.493873455948923,0.101758082710257,0.0149082631961895,0.0940619666343533,0.0830334247953788,0.155401793325462,"Human_Breast_He_06222020_ST_BC23506_C1"
"Human_Breast_He_06222020_ST_BC23506_C1_8x15",0.0129629813217626,0.00384235461705641,0.0143863676828216,0.29107249108204,0.0522935772520129,0.0272253399321904,0.240091204003216,0.077760016637154,0.280365667471746,"Human_Breast_He_06222020_ST_BC23506_C1"
"Human_Breast_He_06222020_ST_BC23506_C1_11x9",0.0400680988805933,0.0144320951126394,0.0643896087851791,0.319086215951693,0.0491891353410043,0.0383784124800029,0.061814515008909,0.125206630170474,0.287435288269504,"Human_Breast_He_06222020_ST_BC23506_C1"
"Human_Breast_He_06222020_ST_BC23506_C1_11x7",0.0140329079726318,0.00641345223444126,0.0109373204044804,0.585551421043153,0.0508060687411041,0.0131838633566555,0.104868399613737,0.0559590150675622,0.158247551566235,"Human_Breast_He_06222020_ST_BC23506_C1"
"Human_Breast_He_06222020_ST_BC23506_C1_11x3",0.0199909517220299,0.0026465654384926,0.0103640007070679,0.502311054275058,0.0544045573121522,0.00993903872014735,0.100817167268046,0.128592799232553,0.170933865324453,"Human_Breast_He_06222020_ST_BC23506_C1"
"Human_Breast_He_06222020_ST_BC23506_C1_14x11",0.00856017299846934,0.00557114745714721,0.0122940779258609,0.553232582096088,0.0428895884699366,0.00662241683537356,0.136889182615523,0.0607582853731424,0.173182546228459,"Human_Breast_He_06222020_ST_BC23506_C1"
"Human_Breast_He_06222020_ST_BC23506_C1_26x14",0.0558215630997336,0.0181204034775805,0.0549116993632289,0.00701146619867725,0.00127543221207425,0.0260738619593046,0.185788211721999,0.398728238660394,0.252269123307008,"Human_Breast_He_06222020_ST_BC23506_C1"
"Human_Breast_He_06222020_ST_BC23506_C1_12x5",0.0116967132693398,0.00852641536852181,0.0229821596271839,0.474493406032766,0.0516569849639332,0.0120392551129496,0.0554854605511368,0.161476938996078,0.201642666078091,"Human_Breast_He_06222020_ST_BC23506_C1"
"Human_Breast_He_06222020_ST_BC23506_C1_12x4",0.0169792209056069,0.00850139069209281,0.00771582864232649,0.506959633456678,0.0511427953371739,0.00870808061245835,0.102170590405921,0.123924612274648,0.173897847673095,"Human_Breast_He_06222020_ST_BC23506_C1"
"Human_Breast_He_06222020_ST_BC23506_C1_20x8",0.0278528710633441,0.00591983991709463,0.0236116742480465,0.381332316235292,0.0403609572401728,0.0202915127719225,0.0824203240790172,0.146445077268512,0.271765427176598,"Human_Breast_He_06222020_ST_BC23506_C1"
"Human_Breast_He_06222020_ST_BC23506_C1_12x6",0.0136242356910564,0.00414616047312593,0.0164873231185425,0.444407859417958,0.0756062999752017,0.0162900766297458,0.106616014020586,0.117219428287083,0.205602602386701,"Human_Breast_He_06222020_ST_BC23506_C1"
"Human_Breast_He_06222020_ST_BC23506_C1_12x3",0.0215921372137594,0.00396656375784497,0.0111791249523494,0.56310146071865,0.0570053513914828,0.0102861110650632,0.0910842104403848,0.0695037683317892,0.172281272128677,"Human_Breast_He_06222020_ST_BC23506_C1"
"Human_Breast_He_06222020_ST_BC23506_C1_12x2",0.0146579274425144,0.00350768582111333,0.0116631452475964,0.56821327420556,0.0687138531785362,0.00895911628813529,0.0803819749442739,0.0659950662071007,0.17790795666517,"Human_Breast_He_06222020_ST_BC23506_C1"
"Human_Breast_He_06222020_ST_BC23506_C1_12x9",0.0142729245016273,0.0105892754564936,0.01375593317388,0.573067029077432,0.0752098523333349,0.0017128773960749,0.0595436905160858,0.0903386005925204,0.161509816952552,"Human_Breast_He_06222020_ST_BC23506_C1"
"Human_Breast_He_06222020_ST_BC23506_C1_20x7",0.0191338163981364,0.00495377222660639,0.0130253999417513,0.402916079257315,0.0320870264611494,0.0319369944309133,0.0409073449865617,0.20263605299012,0.252403513307447,"Human_Breast_He_06222020_ST_BC23506_C1"
"Human_Breast_He_06222020_ST_BC23506_C1_20x4",0.0166275200776088,0.00592847151729951,0.0146859722114542,0.469159003649242,0.0709084136134771,0.0268481279824664,0.0585492513976977,0.120153108269921,0.217140131280832,"Human_Breast_He_06222020_ST_BC23506_C1"
"Human_Breast_He_06222020_ST_BC23506_C1_20x5",0.0279823595206262,0.00664390675914609,0.0146301948649971,0.391037506775501,0.0492646845838393,0.0168873540915501,0.114300571529999,0.174586201698166,0.204667220176175,"Human_Breast_He_06222020_ST_BC23506_C1"
"Human_Breast_He_06222020_ST_BC23506_C1_26x15",0.0188586765878812,0.00599910721601478,0.0285353929148294,0.37614524284206,0.0494843812119431,0.0114008127095721,0.0687853363704296,0.250123051017026,0.190667999130243,"Human_Breast_He_06222020_ST_BC23506_C1"
"Human_Breast_He_06222020_ST_BC23506_C1_23x19",0.0200912323847979,0.00563286458427264,0.0239664733053603,0.490553319654117,0.0731871686027053,0.00753832330347859,0.119933370302755,0.0574901995862982,0.201607048276215,"Human_Breast_He_06222020_ST_BC23506_C1"
"Human_Breast_He_06222020_ST_BC23506_C1_23x18",0.0341316295191957,0.00791388903317728,0.0266841300165926,0.250474605088465,0.0772732792951607,0.0185677571379719,0.0561085371798076,0.146622382333188,0.382223790396441,"Human_Breast_He_06222020_ST_BC23506_C1"
"Human_Breast_He_06222020_ST_BC23506_C1_23x11",0.0182054397710925,0.0131995340576155,0.0113643961078716,0.397930781571098,0.0358615792284443,0.0303260888411447,0.0465491273125929,0.220365778792398,0.226197274317742,"Human_Breast_He_06222020_ST_BC23506_C1"
"Human_Breast_He_06222020_ST_BC23506_C1_19x8",0.0146641173662106,0.00322836698787886,0.0216426249910053,0.318788825956675,0.00914809646427174,0.00675973278358006,0.120099423641141,0.305893412959783,0.199775398849455,"Human_Breast_He_06222020_ST_BC23506_C1"
"Human_Breast_He_06222020_ST_BC23506_C1_23x13",0.0368413391292446,0.00875897883929024,0.0301337928097823,0.168161770814288,0.0250240320695987,0.0242367206456295,0.076722800781581,0.293000647916606,0.33711991699398,"Human_Breast_He_06222020_ST_BC23506_C1"
"Human_Breast_He_06222020_ST_BC23506_C1_23x12",0.031671548375609,0.0104005355087996,0.0221925761281225,0.274348705519599,0.020915295710941,0.0122627480098112,0.0895429104816522,0.337364213704997,0.201301466560468,"Human_Breast_He_06222020_ST_BC23506_C1"
"Human_Breast_He_06222020_ST_BC23506_C1_23x15",0.0288678794578917,0.0156987287107842,0.0365955310548592,0.272901547214392,0.0719848848834095,0.0279259832749613,0.0497117422349914,0.26862984101825,0.22768386215046,"Human_Breast_He_06222020_ST_BC23506_C1"
"Human_Breast_He_06222020_ST_BC23506_C1_23x14",0.0191871579883032,0.00886819318225196,0.0306237670609871,0.298439677690536,0.0430207453933196,0.0147812095905934,0.209756468360209,0.188236245880962,0.187086534852838,"Human_Breast_He_06222020_ST_BC23506_C1"
"Human_Breast_He_06222020_ST_BC23506_C1_23x17",0.0170449266120415,0.00316436879252966,0.0192354441381656,0.357887467263622,0.0273231244941223,0.00680495272123806,0.14292516074414,0.202144529139966,0.223470026094175,"Human_Breast_He_06222020_ST_BC23506_C1"
"Human_Breast_He_06222020_ST_BC23506_C1_23x16",0.00856013560760208,0.00749122007909187,0.0208667703110795,0.341979288675048,0.0433313714161461,0.0166942502195659,0.16783303221701,0.236705281963553,0.156538649510904,"Human_Breast_He_06222020_ST_BC23506_C1"
"Human_Breast_He_06222020_ST_BC23506_C1_11x16",0.029057154247452,0.00952242952269717,0.046927638435568,0.0414421461455959,0.00930333799223595,0.021167212540918,0.243927884545043,0.23648008984552,0.36217210672497,"Human_Breast_He_06222020_ST_BC23506_C1"
"Human_Breast_He_06222020_ST_BC23506_C1_11x17",0.0362019808466587,0.00828516615397429,0.0401450534618374,0.221979585570978,0.0318342035794315,0.0137230736829937,0.14738567215095,0.178900872953646,0.321544391599531,"Human_Breast_He_06222020_ST_BC23506_C1"
"Human_Breast_He_06222020_ST_BC23506_C1_11x10",0.0317597471370197,0.011616513560383,0.0206042734291718,0.420103729299124,0.0605119896051834,0.0245918645676758,0.0821313431687553,0.134315635752294,0.214364903480393,"Human_Breast_He_06222020_ST_BC23506_C1"
"Human_Breast_He_06222020_ST_BC23506_C1_11x12",0.048356521092517,0.0150598379208113,0.0983585324490997,0.106368576927254,0.0211873224539737,0.0162822251225596,0.0639703531694345,0.302288518318854,0.328128112545497,"Human_Breast_He_06222020_ST_BC23506_C1"
"Human_Breast_He_06222020_ST_BC23506_C1_23x9",0.0262135908991302,0.0151231518644028,0.0170048314680019,0.361366865923697,0.0716634752669365,0.0318909153198635,0.106347725760061,0.19464375027039,0.175745693227516,"Human_Breast_He_06222020_ST_BC23506_C1"
"Human_Breast_He_06222020_ST_BC23506_C1_23x8",0.0154503117616852,0.00746142624892022,0.0116275664797604,0.425606194403984,0.0220078417054681,0.0121446181128853,0.0764697008604372,0.157524995007705,0.271707345419155,"Human_Breast_He_06222020_ST_BC23506_C1"
"Human_Breast_He_06222020_ST_BC23506_C1_11x18",0.0209786774936696,0.00891012412440108,0.0360756200860275,0.0880379912439514,0.0286711917285328,0.0201185319121764,0.236087503995835,0.151389484752064,0.409730874663343,"Human_Breast_He_06222020_ST_BC23506_C1"
"Human_Breast_He_06222020_ST_BC23506_C1_11x19",0.0369868558318424,0.00867597415438293,0.0234502680072843,0.169690182874031,0.0372351348156463,0.0237748682593841,0.14167850831016,0.307771782435951,0.250736425311318,"Human_Breast_He_06222020_ST_BC23506_C1"
"Human_Breast_He_06222020_ST_BC23506_C1_8x3",0.0084483226594289,0.00805365272731469,0.00705400639049967,0.629229419782267,0.0730931116620925,0.00758515459634969,0.0915423416552317,0.0382578053452242,0.136736185181592,"Human_Breast_He_06222020_ST_BC23506_C1"
"Human_Breast_He_06222020_ST_BC23506_C1_30x14",0.0210897478710428,0.00468759128679361,0.0257752499057906,0.560119852717649,0.0998170720665893,0.00425682058131254,0.113953771932626,0.0395513319400658,0.13074856169813,"Human_Breast_He_06222020_ST_BC23506_C1"
"Human_Breast_He_06222020_ST_BC23506_C1_17x15",0.0347234047629262,0.00677338524636254,0.0273491639522427,0.120489777638017,0.0231822169891212,0.00971372604637493,0.151538562278238,0.374036451383723,0.252193311702994,"Human_Breast_He_06222020_ST_BC23506_C1"
"Human_Breast_He_06222020_ST_BC23506_C1_17x12",0.0160559931382496,0.00358380635322411,0.00684980958602597,0.567435381932161,0.0608869294259994,0.00819713535766641,0.096644998744214,0.0902790239646144,0.150066921497846,"Human_Breast_He_06222020_ST_BC23506_C1"
"Human_Breast_He_06222020_ST_BC23506_C1_17x13",0.0288595224349021,0.0087710957678293,0.0308655590882783,0.407937022166527,0.065973688558075,0.00946114047084119,0.10232486103143,0.10629832877658,0.239508781705538,"Human_Breast_He_06222020_ST_BC23506_C1"
"Human_Breast_He_06222020_ST_BC23506_C1_17x10",0.0196007573910594,0.00582248348987081,0.0173625901800993,0.302553671773313,0.0745147184113025,0.017149706556542,0.117873283739961,0.181663143107406,0.263459645350446,"Human_Breast_He_06222020_ST_BC23506_C1"
"Human_Breast_He_06222020_ST_BC23506_C1_17x11",0.0285034552068023,0.00546436678218201,0.0244230648172931,0.386130856830113,0.0614064424494859,0.0156718094496574,0.0913805182240274,0.107311578651945,0.279707907588495,"Human_Breast_He_06222020_ST_BC23506_C1"
"Human_Breast_He_06222020_ST_BC23506_C1_17x16",0.0169748492423698,0.00456486221989078,0.0150062792392187,0.206084437321573,0.0367937024850419,0.0166651003040163,0.167790465017066,0.228581675815978,0.307538628354845,"Human_Breast_He_06222020_ST_BC23506_C1"
"Human_Breast_He_06222020_ST_BC23506_C1_17x17",0.0352541373305447,0.00521019878340775,0.0327586845316147,0.160335583923675,0.0461334875191266,0.0118090307747791,0.120475121160287,0.24611524895583,0.341908507020735,"Human_Breast_He_06222020_ST_BC23506_C1"
"Human_Breast_He_06222020_ST_BC23506_C1_17x14",0.0119020089038511,0.0061474838149813,0.0276659504124715,0.433108097102605,0.0533368154643083,0.00618228541599085,0.0997340761246329,0.114359580246097,0.247563702515063,"Human_Breast_He_06222020_ST_BC23506_C1"
"Human_Breast_He_06222020_ST_BC23506_C1_26x19",0.0256519225014344,0.0104387503732835,0.0489802204615442,0.441852599778053,0.0265064290701541,0.0149050101491081,0.0830008200426746,0.139848827633429,0.208815419990319,"Human_Breast_He_06222020_ST_BC23506_C1"
"Human_Breast_He_06222020_ST_BC23506_C1_26x16",0.0189060356607883,0.0141969866392962,0.0287438082050001,0.389972034483385,0.0447810906739831,0.0211037579554706,0.11848794300354,0.118643718573318,0.245164624805218,"Human_Breast_He_06222020_ST_BC23506_C1"
"Human_Breast_He_06222020_ST_BC23506_C1_26x17",0.00702339500992817,0.00709683933051089,0.0114961574700036,0.523179533209318,0.0438108492305433,0.011456153348022,0.128575928469935,0.0740129608290638,0.193348183102675,"Human_Breast_He_06222020_ST_BC23506_C1"
"Human_Breast_He_06222020_ST_BC23506_C1_17x18",0.036746860392727,0.00797962077343387,0.0324693827084417,0.124770381225572,0.0199643778299614,0.0103189555554326,0.124916155332804,0.332286594651165,0.310547671530462,"Human_Breast_He_06222020_ST_BC23506_C1"
"Human_Breast_He_06222020_ST_BC23506_C1_17x19",0.0199836650943424,0.00748832750309291,0.0499875444780358,0.147854433925862,0.0304913539672086,0.0331993335169697,0.14243942617436,0.269373555373425,0.299182359966703,"Human_Breast_He_06222020_ST_BC23506_C1"
"Human_Breast_He_06222020_ST_BC23506_C1_26x12",0.0322500069900987,0.00832541474970905,0.0193362276646342,0.438222699548453,0.0356506125870473,0.0274359933419193,0.0838440870211526,0.217826647107625,0.137108310989361,"Human_Breast_He_06222020_ST_BC23506_C1"
"Human_Breast_He_06222020_ST_BC23506_C1_26x13",0.0252572074411918,0.025563910815178,0.0318810282249482,0.357762140171406,0.0232499172262063,0.0326671611009373,0.0655069069182536,0.212672384568815,0.225439343533064,"Human_Breast_He_06222020_ST_BC23506_C1"
"Human_Breast_He_06222020_ST_BC23506_C1_26x10",0.0166946422835235,0.00601876595297943,0.0195919743669604,0.534931278297539,0.0525168760032707,0.0134463561323242,0.0751635579291919,0.0747885848703512,0.20684796416386,"Human_Breast_He_06222020_ST_BC23506_C1"
"Human_Breast_He_06222020_ST_BC23506_C1_26x11",0.0134431031168131,0.0112906573709635,0.0222188105802195,0.395461057139711,0.0421611993008664,0.028475949673817,0.0848092695192401,0.203813090630969,0.198326862667401,"Human_Breast_He_06222020_ST_BC23506_C1"
"Human_Breast_He_06222020_ST_BC23506_C1_31x16",0.0179701529530098,0.00506041861881447,0.0167651366194517,0.495647090471805,0.106843843288589,0.0149688464637693,0.0623092757697348,0.0345506382935845,0.245884597521241,"Human_Breast_He_06222020_ST_BC23506_C1"
"Human_Breast_He_06222020_ST_BC23506_C1_31x17",0.00797319330039554,0.00847126574665865,0.0042312212537608,0.689024096100566,0.0621983755464987,0.00403847317822307,0.073993839194413,0.0297857614787084,0.120283774200776,"Human_Breast_He_06222020_ST_BC23506_C1"
"Human_Breast_He_06222020_ST_BC23506_C1_31x14",0.0196876473762697,0.00817659406290123,0.017327406928374,0.509150265150964,0.0839739356303625,0.010831219628906,0.081920225932531,0.0399967418105986,0.228935963479093,"Human_Breast_He_06222020_ST_BC23506_C1"
"Human_Breast_He_06222020_ST_BC23506_C1_31x15",0.0247928254353896,0.00568163616857226,0.0145077390838017,0.509995808624929,0.0920938649827886,0.0175861658439288,0.0769863346232965,0.0590959214429851,0.199259703794308,"Human_Breast_He_06222020_ST_BC23506_C1"
"Human_Breast_He_06222020_ST_BC23506_C1_31x12",0.0320974893459937,0.0153729150394691,0.0270256454292008,0.365792030226613,0.0348545226872418,0.0273214228181174,0.115039947174316,0.136791570423389,0.24570445685566,"Human_Breast_He_06222020_ST_BC23506_C1"
"Human_Breast_He_06222020_ST_BC23506_C1_31x13",0.0110907366279776,0.00287660631403298,0.0102096447019712,0.62472505456826,0.048409017015929,0.0100024279274353,0.0992715486977274,0.00694935545968362,0.186465608686983,"Human_Breast_He_06222020_ST_BC23506_C1"
"Human_Breast_He_06222020_ST_BC23506_C1_31x11",0.0227245195040332,0.019121454694398,0.0507213001582013,0.374968277518144,0.0128236182915589,0.0271065612055848,0.0660858189009721,0.154654681153912,0.271793768573196,"Human_Breast_He_06222020_ST_BC23506_C1"
"Human_Breast_He_06222020_ST_BC23506_C1_10x20",0.0360950515347599,0.015889041209647,0.0603209084634586,0.217015900320477,0.0309614229459719,0.0306503039065674,0.136538633512702,0.151413418497467,0.32111531960895,"Human_Breast_He_06222020_ST_BC23506_C1"
"Human_Breast_He_06222020_ST_BC23506_C1_7x16",0.0194166051236281,0.0162071305381161,0.0439156385587999,0.0431506340659751,0.0101433598371424,0.0575594680970371,0.16483649819984,0.316285461486058,0.328485204093403,"Human_Breast_He_06222020_ST_BC23506_C1"
"Human_Breast_He_06222020_ST_BC23506_C1_7x17",0.0329254101727881,0.00863771190372084,0.0442272721908633,0.193328751100044,0.0423827261324804,0.0224772146433126,0.132259163518387,0.154935251911708,0.368826498426696,"Human_Breast_He_06222020_ST_BC23506_C1"
"Human_Breast_He_06222020_ST_BC23506_C1_7x14",0.015554538485222,0.00500872216223119,0.0117240529482681,0.367512364105374,0.0610959700117239,0.0126039541124072,0.143624706397959,0.184875807119021,0.197999884657792,"Human_Breast_He_06222020_ST_BC23506_C1"
"Human_Breast_He_06222020_ST_BC23506_C1_7x15",0.0301431865918892,0.0162457672737425,0.111656162724033,0.0701693997020578,0.00460435785614402,0.0574538443648695,0.11385144133628,0.141024950315217,0.454850889835768,"Human_Breast_He_06222020_ST_BC23506_C1"
"Human_Breast_He_06222020_ST_BC23506_C1_7x12",0.0164799778383819,0.0136363656234834,0.0158090178726764,0.488625289543841,0.0399200060307206,0.0189086692381204,0.0832158427464977,0.172271775182227,0.151133055924052,"Human_Breast_He_06222020_ST_BC23506_C1"
"Human_Breast_He_06222020_ST_BC23506_C1_7x13",0.0144376039651341,0.0187701740616598,0.0270408605946472,0.303300233356778,0.0316230621337116,0.0286918826838665,0.125482307063358,0.219501261639742,0.231152614501103,"Human_Breast_He_06222020_ST_BC23506_C1"
"Human_Breast_He_06222020_ST_BC23506_C1_7x10",0.0150527916342737,0.0057265821551063,0.0176032685909424,0.47122740616881,0.0631446272833125,0.00678914407726887,0.0917693775960781,0.100968561084352,0.227718241409857,"Human_Breast_He_06222020_ST_BC23506_C1"
"Human_Breast_He_06222020_ST_BC23506_C1_7x11",0.00917167215971758,0.0112838692100812,0.00628636264370878,0.467133581056631,0.0575308514639476,0.0197519651482767,0.0973350139613763,0.159585677417125,0.171921006939137,"Human_Breast_He_06222020_ST_BC23506_C1"
"Human_Breast_He_06222020_ST_BC23506_C1_7x18",0.027325731791238,0.00847588566570024,0.0207081601963785,0.276399877504128,0.0260408755919012,0.0168577187701761,0.176617609973654,0.213229463022601,0.234344677484223,"Human_Breast_He_06222020_ST_BC23506_C1"
"Human_Breast_He_06222020_ST_BC23506_C1_14x3",0.0135285872499161,0.00260620511196812,0.0133924590007496,0.461222202520059,0.0194145713256729,0.004027058857705,0.0868017044679354,0.187709944409555,0.211297267056439,"Human_Breast_He_06222020_ST_BC23506_C1"
"Human_Breast_He_06222020_ST_BC23506_C1_14x2",0.0202193395832667,0.00305403732925033,0.0198585461918049,0.655754044825716,0.0399740010649174,0.00256633195603515,0.0816414609392043,0.0512031706432188,0.125729067466586,"Human_Breast_He_06222020_ST_BC23506_C1"
"Human_Breast_He_06222020_ST_BC23506_C1_14x4",0.0190097033948771,0.0053049053712804,0.0146372963960762,0.448375215578026,0.0570288658068597,0.00782633471873425,0.0939351523032899,0.150674710373462,0.203207816057395,"Human_Breast_He_06222020_ST_BC23506_C1"
"Human_Breast_He_06222020_ST_BC23506_C1_14x9",0.0265188721402516,0.00643982903461468,0.0179072337749788,0.279522174984136,0.0297189421058687,0.0100507499138732,0.138717011432382,0.328732195759341,0.162392990854555,"Human_Breast_He_06222020_ST_BC23506_C1"
"Human_Breast_He_06222020_ST_BC23506_C1_14x8",0.00914899436258336,0.00535658493894729,0.0150284895659249,0.489570355956256,0.0357349893703196,0.0188672290190629,0.0821926410092345,0.161330609171178,0.182770106606494,"Human_Breast_He_06222020_ST_BC23506_C1"
"Human_Breast_He_06222020_ST_BC23506_C1_21x17",0.0405612229731755,0.0142703138095673,0.0281661261726405,0.182174658903157,0.00715114885940935,0.00777413770655686,0.0309476828456224,0.222961576095421,0.46599313263445,"Human_Breast_He_06222020_ST_BC23506_C1"
"Human_Breast_He_06222020_ST_BC23506_C1_21x16",0.0159593155832737,0.00841936170413691,0.0188219965378698,0.180595371394,0.0441248729774754,0.0381404258521238,0.153581083923524,0.243713323106483,0.296644248921113,"Human_Breast_He_06222020_ST_BC23506_C1"
"Human_Breast_He_06222020_ST_BC23506_C1_21x15",0.0241291795547216,0.00365753748214682,0.0312969193417942,0.509166190048464,0.0368655865958721,0.00615879415498626,0.0763393488602135,0.0939361667072919,0.21845027725451,"Human_Breast_He_06222020_ST_BC23506_C1"
"Human_Breast_He_06222020_ST_BC23506_C1_21x14",0.0340195638855571,0.00502649070828195,0.0172162746617978,0.394717674300656,0.0436659203259971,0.0120257630053496,0.0891545125393797,0.209711804300534,0.194461996272446,"Human_Breast_He_06222020_ST_BC23506_C1"
"Human_Breast_He_06222020_ST_BC23506_C1_21x13",0.0188818222884741,0.00945835927724141,0.036468048570901,0.242200939370188,0.0464345560640171,0.0101402335430158,0.10379389313809,0.181158727367109,0.351463420380964,"Human_Breast_He_06222020_ST_BC23506_C1"
"Human_Breast_He_06222020_ST_BC23506_C1_21x12",0.020229372193977,0.00594862182342409,0.0409981970811276,0.2946493328,0.0420236934995286,0.0159318712928977,0.0873354799420478,0.198280372449388,0.294603058917609,"Human_Breast_He_06222020_ST_BC23506_C1"
"Human_Breast_He_06222020_ST_BC23506_C1_21x11",0.0200088230201677,0.0118010726002682,0.0296473805907005,0.309670754289473,0.0212428732489688,0.0219312160734274,0.115211433856118,0.222798914776899,0.247687531543977,"Human_Breast_He_06222020_ST_BC23506_C1"
"Human_Breast_He_06222020_ST_BC23506_C1_21x10",0.0235326683998348,0.00846875429652619,0.0198266206429836,0.338976931002363,0.025857435530981,0.0175657351066841,0.12585241461195,0.170970086926223,0.268949353482454,"Human_Breast_He_06222020_ST_BC23506_C1"
"Human_Breast_He_06222020_ST_BC23506_C1_21x19",0.0378462768759854,0.00342477264151109,0.0152207413145963,0.311164879947843,0.0289653983152333,0.0105740965880653,0.130059102397701,0.218136754256053,0.244607977663012,"Human_Breast_He_06222020_ST_BC23506_C1"
"Human_Breast_He_06222020_ST_BC23506_C1_21x18",0.0230777628888748,0.00718033786072527,0.0134004722441548,0.12611752694156,0.0144279708883896,0.0157474176671534,0.0765642614017323,0.418313113147657,0.305171136959753,"Human_Breast_He_06222020_ST_BC23506_C1"
"Human_Breast_He_06222020_ST_BC23506_C1_22x8",0.0205476966204935,0.00695133893495074,0.0144582595432993,0.426772947554823,0.0316962795285317,0.0235858788141702,0.0891283379830296,0.230647177927776,0.156212083092926,"Human_Breast_He_06222020_ST_BC23506_C1"
"Human_Breast_He_06222020_ST_BC23506_C1_22x9",0.019074903949253,0.0140945986196058,0.0255231551984872,0.370032163275293,0.0282422716350585,0.0342044319619874,0.0574601972132226,0.222184208071056,0.229184070076037,"Human_Breast_He_06222020_ST_BC23506_C1"
"Human_Breast_He_06222020_ST_BC23506_C1_22x7",0.0168313817158341,0.0119375725859236,0.0236581263683316,0.423267911188275,0.0270207570544917,0.00651745442551578,0.031813799656562,0.184714995685695,0.274238001319371,"Human_Breast_He_06222020_ST_BC23506_C1"
"Human_Breast_He_06222020_ST_BC23506_C1_13x23",0.053698697142706,0.0252202812812405,0.038142287250752,0.147135510323229,0.0189583368925378,0.0536781354443448,0.0399275112998243,0.324901171997219,0.298338068368147,"Human_Breast_He_06222020_ST_BC23506_C1"
"Human_Breast_He_06222020_ST_BC23506_C1_13x22",0.0389336389520918,0.00799943835020414,0.0626539054302338,0.146535173839691,0.0257358866545601,0.0122841026477988,0.0680836478771855,0.286782767651926,0.350991438596308,"Human_Breast_He_06222020_ST_BC23506_C1"
"Human_Breast_He_06222020_ST_BC23506_C1_13x20",0.0441850733609868,0.00927276095926553,0.0103262140203374,0.271885081510907,0.0314377790962317,0.0080082420287385,0.141160041808832,0.256039657209281,0.22768515000542,"Human_Breast_He_06222020_ST_BC23506_C1"
"Human_Breast_He_06222020_ST_BC23506_C1_12x20",0.0286103634650131,0.0121195008914624,0.0527668092289397,0.0595508423958434,0.0196624694741873,0.00996803639376566,0.0814891996013137,0.41188294861254,0.323949829936935,"Human_Breast_He_06222020_ST_BC23506_C1"
"Human_Breast_He_06222020_ST_BC23506_C1_8x10",0.0419058914783783,0.013612754692433,0.028117586564229,0.341211532668646,0.0311058166602292,0.0275717192469826,0.0650156238194016,0.229371375626418,0.222087699243282,"Human_Breast_He_06222020_ST_BC23506_C1"
"Human_Breast_He_06222020_ST_BC23506_C1_24x17",0.0150988755169833,0.00770392082457689,0.0120904263670722,0.44157305362247,0.0867277151942692,0.013935899973358,0.122157224200881,0.0440768667832433,0.256636017517146,"Human_Breast_He_06222020_ST_BC23506_C1"
"Human_Breast_He_06222020_ST_BC23506_C1_11x20",0.0187261793892634,0.00561041903676724,0.0236224028467,0.283932798229298,0.0261890421278195,0.0226412083580883,0.194335535268993,0.121232688732916,0.303709726010155,"Human_Breast_He_06222020_ST_BC23506_C1"
"Human_Breast_He_06222020_ST_BC23506_C1_18x19",0.0556071131015585,0.0172613741722982,0.101106729009497,0.311464198866707,0.0340254150471621,0.0172761514083775,0.0519532747154686,0.149605990423595,0.261699753255336,"Human_Breast_He_06222020_ST_BC23506_C1"
"Human_Breast_He_06222020_ST_BC23506_C1_18x12",0.0533403202084163,0.0256639366741741,0.0492762452896008,0.203009773977616,0.0218807518814748,0.0158533498844464,0.0736969243168269,0.269911350949287,0.287367346818158,"Human_Breast_He_06222020_ST_BC23506_C1"
"Human_Breast_He_06222020_ST_BC23506_C1_18x11",0.0470024060281869,0.0143826141601906,0.0822675268323506,0.124424540182723,0.00410558119762292,0.0240099494526865,0.0910000667718093,0.287395934267327,0.325411381107104,"Human_Breast_He_06222020_ST_BC23506_C1"
"Human_Breast_He_06222020_ST_BC23506_C1_18x14",0.0124957654722159,0.00388380780477059,0.00532198451093491,0.373947996061162,0.0268066407589662,0.000850139314703093,0.139434749943559,0.204227635419881,0.233031280713807,"Human_Breast_He_06222020_ST_BC23506_C1"
"Human_Breast_He_06222020_ST_BC23506_C1_9x9",0.01265963832034,0.0125734714955352,0.00899221912767188,0.254226609542441,0.0862340736017783,0.0223388565317488,0.106286464497282,0.213267930695106,0.283420736188096,"Human_Breast_He_06222020_ST_BC23506_C1"
"Human_Breast_He_06222020_ST_BC23506_C1_18x9",0.00667120612499229,0.002879604672846,0.00439807634999822,0.519095893806886,0.066989299295328,0.0068974311330811,0.150685167693427,0.067898028363121,0.174485292560321,"Human_Breast_He_06222020_ST_BC23506_C1"
"Human_Breast_He_06222020_ST_BC23506_C1_18x8",0.0154535092594051,0.00423502775829,0.0144236089496003,0.371564527610288,0.0510602798182605,0.0103950778308054,0.133553235642199,0.205280058856827,0.194034674274325,"Human_Breast_He_06222020_ST_BC23506_C1"
"Human_Breast_He_06222020_ST_BC23506_C1_18x7",0.0302943338238107,0.0143440303352815,0.051839358053614,0.235525863396692,0.0300395850846991,0.0217318743424769,0.0661901698909509,0.206197732697003,0.343837052375473,"Human_Breast_He_06222020_ST_BC23506_C1"
"Human_Breast_He_06222020_ST_BC23506_C1_13x7",0.00588365270430468,0.00645282017090239,0.0130343367234645,0.540012550063544,0.0358160810649556,0.00684639932618689,0.067177869626267,0.135744909048987,0.189031381271388,"Human_Breast_He_06222020_ST_BC23506_C1"
"Human_Breast_He_06222020_ST_BC23506_C1_18x5",0.0299909028514544,0.00508041909957801,0.0144557580233162,0.391883559358545,0.129177314978828,0.0104416126508249,0.0759932038129436,0.152881274621295,0.190095954603215,"Human_Breast_He_06222020_ST_BC23506_C1"
"Human_Breast_He_06222020_ST_BC23506_C1_18x4",0.00973381740231558,0.0034416967329439,0.00912656871007071,0.576315206090812,0.0766521948170234,0.0105567005619624,0.0992038354544031,0.0608337781946508,0.154136202035818,"Human_Breast_He_06222020_ST_BC23506_C1"
"Human_Breast_He_06222020_ST_BC23506_C1_13x2",0.00861528295038663,0.00289787284234045,0.00507199533889093,0.607651108653771,0.0621200991320774,0.00421079178815123,0.134129947642261,0.0523684063685662,0.122934495283555,"Human_Breast_He_06222020_ST_BC23506_C1"
"Human_Breast_He_06222020_ST_BC23506_C1_9x2",0.0151427138302673,0.00579456838407952,0.0129861828192982,0.602531558054618,0.0526555969223504,0.00539590687397892,0.0716039468134413,0.0471663180128339,0.186723208289132,"Human_Breast_He_06222020_ST_BC23506_C1"
"Human_Breast_He_06222020_ST_BC23506_C1_9x3",0.011952672920156,0.00309209843441563,0.00536942679653884,0.683852598208238,0.0302764781848502,0.00998663296151086,0.0923873234906777,0.0350012315990083,0.128081537404604,"Human_Breast_He_06222020_ST_BC23506_C1"
"Human_Breast_He_06222020_ST_BC23506_C1_6x5",0.0197404947659973,0.00461185555091157,0.0143046392769692,0.344943613070259,0.0851761928595331,0.00448875305759642,0.162410675971063,0.156777411031893,0.207546364415777,"Human_Breast_He_06222020_ST_BC23506_C1"
"Human_Breast_He_06222020_ST_BC23506_C1_6x6",0.0120441111923816,0.00723104588141895,0.0143652672002678,0.544022881970949,0.0480339980697046,0.019251819610404,0.0616785304996373,0.0915548573937044,0.201817488181532,"Human_Breast_He_06222020_ST_BC23506_C1"
"Human_Breast_He_06222020_ST_BC23506_C1_6x3",0.0314807324032281,0.0114631908811317,0.0426507029092756,0.558590001506463,0.0309167981183129,0.0202591575828664,0.0674619145672894,0.0531813228289606,0.183996179202472,"Human_Breast_He_06222020_ST_BC23506_C1"
"Human_Breast_He_06222020_ST_BC23506_C1_6x2",0.0144643509916344,0.0141692240864582,0.0066297111269255,0.605260441401786,0.0588148570922224,0.0040174357558193,0.0505343264977482,0.0595259268713796,0.186583726176026,"Human_Breast_He_06222020_ST_BC23506_C1"
"Human_Breast_He_06222020_ST_BC23506_C1_6x15",0.0153668458507872,0.0237895352159625,0.0290578348051622,0.0417413307401046,0.00753563405257215,0.0213350142009731,0.0777025010928108,0.616014889562418,0.16745641447921,"Human_Breast_He_06222020_ST_BC23506_C1"
