"","Endothelial","CAFs","PVL","B-cells","T-cells","Myeloid","Normal Epithelial","Plasmablasts","Cancer Epithelial","sid"
"Human_Breast_He_06222020_ST_BC23803_E1_18x14",0.0488724327061236,0.136207004858164,0.0174258738846176,0.242944923149266,0.0130291165914434,0.148042865413846,0.141667882449073,0.237144448303476,0.0146654526439896,"Human_Breast_He_06222020_ST_BC23803_E1"
"Human_Breast_He_06222020_ST_BC23803_E1_30x25",0.192230604152627,0.0718229520528308,0.0185372509132484,0.0264202327807154,0.0501386749230025,0.109565413065729,0.482245129591075,0.00025496759007717,0.0487847749306955,"Human_Breast_He_06222020_ST_BC23803_E1"
"Human_Breast_He_06222020_ST_BC23803_E1_23x21",0.132540779768563,0.0689331493567015,0.0521306525069085,0.305680842905615,0.0333181807450093,0.154789451178422,0.157568124581141,0.0625866738625962,0.0324521450950429,"Human_Breast_He_06222020_ST_BC23803_E1"
"Human_Breast_He_06222020_ST_BC23803_E1_23x22",0.159946006482131,0.0859292701584674,0.0669402955301239,0.0896460922127692,0.0182728225090822,0.265460724972579,0.212073877516175,0.0602138659125796,0.0415170447060923,"Human_Breast_He_06222020_ST_BC23803_E1"
"Human_Breast_He_06222020_ST_BC23803_E1_23x23",0.0873977748486894,0.10980125251621,0.0149171014904516,0.0283394998091033,0.0473435200282854,0.201720624672467,0.427799351825857,0.0406667971858362,0.0420140776231008,"Human_Breast_He_06222020_ST_BC23803_E1"
"Human_Breast_He_06222020_ST_BC23803_E1_23x24",0.121391411899121,0.14483202605621,0.0258002699334518,0.0779008863483165,0.0247316829373422,0.322175058400999,0.241184383216057,0.0143914046150927,0.0275928765934099,"Human_Breast_He_06222020_ST_BC23803_E1"
"Human_Breast_He_06222020_ST_BC23803_E1_23x26",0.0805467305393682,0.109428577863825,0.0395841230796705,0.0963577573938808,0.0632071073302474,0.271627806056981,0.323062751802928,0.00348710259337115,0.0126980433397275,"Human_Breast_He_06222020_ST_BC23803_E1"
"Human_Breast_He_06222020_ST_BC23803_E1_23x27",0.0931558881048938,0.0802487645586453,0.0158240733565967,0.158747634440743,0.0377053681073989,0.244934282840606,0.304892448248215,0.00198991951550547,0.0625016208273953,"Human_Breast_He_06222020_ST_BC23803_E1"
"Human_Breast_He_06222020_ST_BC23803_E1_23x28",0.126895174171473,0.0582600306082359,0.0184920086491549,0.101006386082382,0.0159598356125783,0.260447523028694,0.293240584330806,0.0851448950434885,0.040553562473189,"Human_Breast_He_06222020_ST_BC23803_E1"
"Human_Breast_He_06222020_ST_BC23803_E1_23x29",0.0919496292315,0.108276038164985,0.028893743935868,0.0697514253639009,0.0308386432154081,0.184468389408468,0.330902775007594,0.110100134946316,0.04481922072596,"Human_Breast_He_06222020_ST_BC23803_E1"
"Human_Breast_He_06222020_ST_BC23803_E1_30x21",0.070425793673395,0.106115250153918,0.0160473148988913,0.244038463162224,0.0518253146534908,0.163057403689481,0.285022785148028,0.0190184522084838,0.044449222412089,"Human_Breast_He_06222020_ST_BC23803_E1"
"Human_Breast_He_06222020_ST_BC23803_E1_20x21",0.0760163648095939,0.0683653234362752,0.0217231296938,0.296901585271331,0.0374372482232636,0.209405258656568,0.244374843578154,0.0176644298071819,0.0281118165238323,"Human_Breast_He_06222020_ST_BC23803_E1"
"Human_Breast_He_06222020_ST_BC23803_E1_30x23",0.138786902557469,0.0379264618191684,0.0204142791591935,0.39057027832987,0.0567006721415423,0.0656782216519196,0.26901132528403,0.00307214416477696,0.0178397148920302,"Human_Breast_He_06222020_ST_BC23803_E1"
"Human_Breast_He_06222020_ST_BC23803_E1_20x23",0.0991028357342666,0.0739965187059479,0.0128985149466367,0.431671267691253,0.0326287447254206,0.139560645103013,0.124989970217095,0.0320192856183232,0.0531322172580436,"Human_Breast_He_06222020_ST_BC23803_E1"
"Human_Breast_He_06222020_ST_BC23803_E1_25x17",0.0803119743762603,0.076926069671122,0.0137391439614285,0.127760073186731,0.00910683354991289,0.120835963661469,0.337596661914617,0.216927670724724,0.0167956089537352,"Human_Breast_He_06222020_ST_BC23803_E1"
"Human_Breast_He_06222020_ST_BC23803_E1_18x28",0.111503369291595,0.120704184842732,0.0341730372965115,0.0703793359514132,0.0360040406018632,0.28701920550417,0.28127778882279,0.0134821449154089,0.0454568927735159,"Human_Breast_He_06222020_ST_BC23803_E1"
"Human_Breast_He_06222020_ST_BC23803_E1_18x29",0.0801605851030072,0.0832377962879577,0.04604136395566,0.287360419837924,0.0557885880393814,0.133778364657037,0.191801996926348,0.012836477156252,0.108994408036433,"Human_Breast_He_06222020_ST_BC23803_E1"
"Human_Breast_He_06222020_ST_BC23803_E1_18x26",0.108233103181271,0.0954279147102002,0.0306885295328184,0.0581468948010615,0.04522786223942,0.331901110854938,0.276117603481072,0.029682945531074,0.0245740356681447,"Human_Breast_He_06222020_ST_BC23803_E1"
"Human_Breast_He_06222020_ST_BC23803_E1_18x27",0.156259878210974,0.119411429106827,0.0339093416747126,0.0661828501019014,0.0570529427451932,0.159455943807422,0.27940433796355,0.0621200844954979,0.0662031918939224,"Human_Breast_He_06222020_ST_BC23803_E1"
"Human_Breast_He_06222020_ST_BC23803_E1_18x24",0.0865213572385145,0.106570520010295,0.0278512946185424,0.282602458445432,0.0338325958147231,0.184969279647121,0.235196491030454,0.0200182179890414,0.0224377852058764,"Human_Breast_He_06222020_ST_BC23803_E1"
"Human_Breast_He_06222020_ST_BC23803_E1_18x25",0.0960219445262711,0.0596690928128358,0.0103875308850513,0.320267380035284,0.0491539835540654,0.140719467852314,0.274899820618887,0.00146098155411369,0.0474197981611777,"Human_Breast_He_06222020_ST_BC23803_E1"
"Human_Breast_He_06222020_ST_BC23803_E1_18x22",0.0821361796036623,0.0771512020675045,0.0188109630596906,0.326045352180434,0.0621767007063383,0.199875390364117,0.202548816731018,0.00331726215553752,0.0279381331316969,"Human_Breast_He_06222020_ST_BC23803_E1"
"Human_Breast_He_06222020_ST_BC23803_E1_18x23",0.119030159105752,0.142797702796013,0.0412118572484379,0.112718809897558,0.0328204013878644,0.198773246946424,0.318334827913688,0.00117915737396575,0.0331338373302964,"Human_Breast_He_06222020_ST_BC23803_E1"
"Human_Breast_He_06222020_ST_BC23803_E1_18x20",0.084843504720436,0.0589415018014446,0.0934113849453824,0.335842826933606,0.0348768355509848,0.113489926556602,0.239962462416068,0.00673340786460672,0.0318981492108701,"Human_Breast_He_06222020_ST_BC23803_E1"
"Human_Breast_He_06222020_ST_BC23803_E1_18x21",0.111375882925493,0.072295432745024,0.0416701677634724,0.088350421031611,0.0450769090674101,0.296912248854658,0.257902563133509,0.0430240810180548,0.043392293460768,"Human_Breast_He_06222020_ST_BC23803_E1"
"Human_Breast_He_06222020_ST_BC23803_E1_20x27",0.0990126815403908,0.0716539692646669,0.0109237436150767,0.239544907798476,0.0321382939747798,0.142862572469618,0.379654174734238,0.00129329377233899,0.022916362830415,"Human_Breast_He_06222020_ST_BC23803_E1"
"Human_Breast_He_06222020_ST_BC23803_E1_24x21",0.130122423843181,0.088470113011317,0.0178454073113546,0.217444477608483,0.0135839217688963,0.242526226883488,0.265109585022769,0.00381692546448597,0.0210809190860259,"Human_Breast_He_06222020_ST_BC23803_E1"
"Human_Breast_He_06222020_ST_BC23803_E1_25x14",0.0814969320627222,0.0984294697761497,0.0290017447020715,0.274676223573823,0.025755880620463,0.210949286661247,0.202507036073352,0.0302816826799895,0.0469017438501823,"Human_Breast_He_06222020_ST_BC23803_E1"
"Human_Breast_He_06222020_ST_BC23803_E1_24x20",0.114870116937042,0.0600308065035887,0.0149297430889856,0.122571722592152,0.0423839771516072,0.184100933808821,0.42240637630857,0.00551573669198473,0.033190586917248,"Human_Breast_He_06222020_ST_BC23803_E1"
"Human_Breast_He_06222020_ST_BC23803_E1_23x20",0.103880810569149,0.0711827324443548,0.0266559102409848,0.171645791649664,0.031897561402274,0.170778358097717,0.36989234795518,0.0274196403508557,0.026646847289821,"Human_Breast_He_06222020_ST_BC23803_E1"
"Human_Breast_He_06222020_ST_BC23803_E1_20x30",0.169648507269881,0.125702730574123,0.019795386433403,0.101617361017545,0.0101968417495827,0.297231976841268,0.258192243315039,0.00665829275142098,0.0109566600477374,"Human_Breast_He_06222020_ST_BC23803_E1"
"Human_Breast_He_06222020_ST_BC23803_E1_20x31",0.105059342067746,0.122038118242866,0.0234038850326704,0.0497941566136366,0.0200281717221795,0.261681811113092,0.389573124052191,0.00517046781133174,0.0232509233442871,"Human_Breast_He_06222020_ST_BC23803_E1"
"Human_Breast_He_06222020_ST_BC23803_E1_30x15",0.0761962644739103,0.058011954152369,0.0134518158544175,0.42800111858606,0.0258575320540182,0.157699583561659,0.1941589007067,0.0130747040168505,0.0335481265940153,"Human_Breast_He_06222020_ST_BC23803_E1"
"Human_Breast_He_06222020_ST_BC23803_E1_22x14",0.0906933134040208,0.0864574130577949,0.0143312577167485,0.0542065225005631,0.0124787504339373,0.342466054057821,0.341323960530166,0.0239958266569626,0.034046901641986,"Human_Breast_He_06222020_ST_BC23803_E1"
"Human_Breast_He_06222020_ST_BC23803_E1_26x15",0.117626733585441,0.0731786605628403,0.029300481457804,0.213122891813828,0.0498358186051915,0.127134832071742,0.332122833579975,0.0143426865709557,0.0433350617522223,"Human_Breast_He_06222020_ST_BC23803_E1"
"Human_Breast_He_06222020_ST_BC23803_E1_23x19",0.118712686622405,0.0986850411106957,0.0499931394836119,0.197684087730009,0.0451071976533973,0.185414588063293,0.249699620241119,0.0116144011342685,0.0430892379612012,"Human_Breast_He_06222020_ST_BC23803_E1"
"Human_Breast_He_06222020_ST_BC23803_E1_23x18",0.130334984620434,0.0920394960100238,0.0943644698556056,0.0582764410545934,0.0288794559317004,0.187301123495964,0.358907187737209,0.00915061490719809,0.0407462263872721,"Human_Breast_He_06222020_ST_BC23803_E1"
"Human_Breast_He_06222020_ST_BC23803_E1_23x15",0.153470698154621,0.0490715081579184,0.015947070736134,0.195423656350237,0.0772739623070312,0.18537834493006,0.260293799524733,0.00274330044959037,0.0603976593896752,"Human_Breast_He_06222020_ST_BC23803_E1"
"Human_Breast_He_06222020_ST_BC23803_E1_23x14",0.0727728364757907,0.0890368942686363,0.0689322427425548,0.0524688153441066,0.0141150348741141,0.292672104190737,0.322590360260055,0.0438741425069938,0.0435375693370111,"Human_Breast_He_06222020_ST_BC23803_E1"
"Human_Breast_He_06222020_ST_BC23803_E1_23x17",0.131182647923438,0.110001837541599,0.0368130234150684,0.222405818728261,0.0404671737130834,0.190485339109992,0.22039592604989,0.030194268566353,0.0180539649523148,"Human_Breast_He_06222020_ST_BC23803_E1"
"Human_Breast_He_06222020_ST_BC23803_E1_23x16",0.118876996861973,0.0793712226116172,0.0264529098177006,0.123400466977202,0.032618509534581,0.203050263378595,0.280897094710114,0.0485027421643067,0.086829793943911,"Human_Breast_He_06222020_ST_BC23803_E1"
"Human_Breast_He_06222020_ST_BC23803_E1_17x18",0.103204789892119,0.0300638162070167,0.0154041671420021,0.437182972533833,0.0271586908802404,0.163063101274765,0.150139207893771,0.0377178294380164,0.0360654247382362,"Human_Breast_He_06222020_ST_BC23803_E1"
"Human_Breast_He_06222020_ST_BC23803_E1_26x18",0.136371059990786,0.0609441487275013,0.0429164210812182,0.195921127431757,0.0312323238870649,0.220161996809815,0.265116689303154,0.0069653454958011,0.0403708872729014,"Human_Breast_He_06222020_ST_BC23803_E1"
"Human_Breast_He_06222020_ST_BC23803_E1_30x14",0.0777490036476763,0.076699216650736,0.029734632810606,0.128037784387479,0.0249289530286301,0.259994191822204,0.370482108766983,0.0113716070127867,0.0210025018728991,"Human_Breast_He_06222020_ST_BC23803_E1"
"Human_Breast_He_06222020_ST_BC23803_E1_26x19",0.145158833900891,0.080168318890163,0.0249112948911122,0.272940120856575,0.0452710880736684,0.0862552553537244,0.282960951418811,0.0492815012577724,0.0130526353572821,"Human_Breast_He_06222020_ST_BC23803_E1"
"Human_Breast_He_06222020_ST_BC23803_E1_17x16",0.0930696345674858,0.0452407364419953,0.00534033585921389,0.309710836842664,0.0199141501132898,0.239287760057919,0.223848057829008,0.0292272861670456,0.0343612021213779,"Human_Breast_He_06222020_ST_BC23803_E1"
"Human_Breast_He_06222020_ST_BC23803_E1_17x17",0.0484958626171296,0.0425930134167588,0.0481398091692333,0.244252263875287,0.0443234556043722,0.301803138824482,0.19831164973964,0.00723782605842699,0.06484298069467,"Human_Breast_He_06222020_ST_BC23803_E1"
"Human_Breast_He_06222020_ST_BC23803_E1_17x14",0.0156259025802375,0.158943978707181,0.0222487366884624,0.115698263939077,0.0249474507616033,0.357727117431567,0.208110450238474,0.0543288325774361,0.0423692670759614,"Human_Breast_He_06222020_ST_BC23803_E1"
"Human_Breast_He_06222020_ST_BC23803_E1_17x15",0.034515730368289,0.0526967938888193,0.0185122670372632,0.317887581794001,0.0937548427216878,0.145487122572858,0.31461196392815,0.00533164012090586,0.0172020575680252,"Human_Breast_He_06222020_ST_BC23803_E1"
"Human_Breast_He_06222020_ST_BC23803_E1_26x16",0.144589376788577,0.0635864791682586,0.0285152652107909,0.245180981156077,0.0365182097726327,0.145025394730351,0.304625693133182,0.00130854015377181,0.030650059886359,"Human_Breast_He_06222020_ST_BC23803_E1"
"Human_Breast_He_06222020_ST_BC23803_E1_26x17",0.0677397822663388,0.0916594979305237,0.0249196776284713,0.264422883344635,0.0456964955850894,0.182068977349958,0.262112521985576,0.0131066712116531,0.0482734926977541,"Human_Breast_He_06222020_ST_BC23803_E1"
"Human_Breast_He_06222020_ST_BC23803_E1_26x14",0.10800185678086,0.0697632216196522,0.0220736694061421,0.221936264465832,0.0362390939282346,0.270947522263552,0.214628390712351,0.0241489780073081,0.0322610028160677,"Human_Breast_He_06222020_ST_BC23803_E1"
"Human_Breast_He_06222020_ST_BC23803_E1_17x19",0.083563617496559,0.0361473560516968,0.0349442970387759,0.48001247834208,0.0437013891811492,0.120297922564099,0.18957652925702,0.00044500638058264,0.0113114036880375,"Human_Breast_He_06222020_ST_BC23803_E1"
"Human_Breast_He_06222020_ST_BC23803_E1_31x16",0.114855151317805,0.0968165919026165,0.0455200266866713,0.113280930758214,0.0528473130780267,0.173908771824773,0.262091765853983,0.100962971390125,0.0397164771877853,"Human_Breast_He_06222020_ST_BC23803_E1"
"Human_Breast_He_06222020_ST_BC23803_E1_31x17",0.107570145929784,0.077624355963727,0.0845719838460376,0.0323063217275382,0.00931886173296112,0.235787384864953,0.320084330511866,0.0876546453275905,0.0450819700955429,"Human_Breast_He_06222020_ST_BC23803_E1"
"Human_Breast_He_06222020_ST_BC23803_E1_31x14",0.0993373442034727,0.0793977420948921,0.0353960526574164,0.0673241808707067,0.0766992693910352,0.225595811365737,0.321196802102607,0.0447353229614538,0.0503174743526792,"Human_Breast_He_06222020_ST_BC23803_E1"
"Human_Breast_He_06222020_ST_BC23803_E1_31x15",0.0966598083570911,0.0914080398900975,0.0340032368510455,0.130085616135395,0.0836471591522285,0.137836534275002,0.323200472740752,0.0420832737020703,0.0610758588963177,"Human_Breast_He_06222020_ST_BC23803_E1"
"Human_Breast_He_06222020_ST_BC23803_E1_31x13",0.0570127543612619,0.0566245566000079,0.0761707895619377,0.174803912036031,0.0336862887529185,0.218828595947107,0.267274369357925,0.0811989163265648,0.0343998170562467,"Human_Breast_He_06222020_ST_BC23803_E1"
"Human_Breast_He_06222020_ST_BC23803_E1_31x18",0.0800099747862915,0.0925222439181177,0.0638196115791924,0.11323872937259,0.015085559596084,0.213278490320983,0.350703311357362,0.0523274434239964,0.0190146356453836,"Human_Breast_He_06222020_ST_BC23803_E1"
"Human_Breast_He_06222020_ST_BC23803_E1_31x19",0.120420739653183,0.0957086777332746,0.0220616252169512,0.0909814353195538,0.0622709279161996,0.170985179768312,0.379502351832186,0.0286462550066381,0.029422807553702,"Human_Breast_He_06222020_ST_BC23803_E1"
"Human_Breast_He_06222020_ST_BC23803_E1_19x30",0.0879883459851101,0.0542197110555113,0.0345328910737655,0.38290026179932,0.0318592844842258,0.178858599745744,0.153954792857511,0.0184912281447623,0.0571948848540509,"Human_Breast_He_06222020_ST_BC23803_E1"
"Human_Breast_He_06222020_ST_BC23803_E1_19x31",0.029586830200422,0.202941891940929,0.00843325144742318,0.137198879973511,0.0346515787994487,0.314465172737809,0.20183150718703,0.0408665540321133,0.0300243336813134,"Human_Breast_He_06222020_ST_BC23803_E1"
"Human_Breast_He_06222020_ST_BC23803_E1_30x31",0.0582318685947154,0.15708340004676,0.0310003537489598,0.163420129321018,0.036883720030081,0.249164696444883,0.244346989065852,0.0204887862165269,0.039380056531204,"Human_Breast_He_06222020_ST_BC23803_E1"
"Human_Breast_He_06222020_ST_BC23803_E1_30x30",0.156430059658287,0.121101546783246,0.0260131122083016,0.125602848980982,0.0630109883189309,0.184544911209435,0.269328041380104,0.00106838884785175,0.0529001026128623,"Human_Breast_He_06222020_ST_BC23803_E1"
"Human_Breast_He_06222020_ST_BC23803_E1_24x29",0.134312448350658,0.0774678745560001,0.0438520593949131,0.0289505810529078,0.018987537685047,0.229248718770321,0.261533887455202,0.167913603759061,0.03773328897589,"Human_Breast_He_06222020_ST_BC23803_E1"
"Human_Breast_He_06222020_ST_BC23803_E1_21x17",0.0300761379412262,0.102014349965565,0.0522280960917455,0.0630727560788399,0.00863563657264622,0.309506949482545,0.28317946910716,0.133312565967555,0.0179740387927176,"Human_Breast_He_06222020_ST_BC23803_E1"
"Human_Breast_He_06222020_ST_BC23803_E1_21x16",0.119808681607802,0.079469123333459,0.0361631620418743,0.187540385738969,0.0562520502165518,0.199833707527076,0.285648298742627,0.00192624353148936,0.0333583472601512,"Human_Breast_He_06222020_ST_BC23803_E1"
"Human_Breast_He_06222020_ST_BC23803_E1_21x15",0.0442115217875007,0.0492960082657505,0.0249080039114163,0.256323835465785,0.0489458127379108,0.27056335054267,0.266714398412947,0.00878335269748409,0.0302537161785351,"Human_Breast_He_06222020_ST_BC23803_E1"
"Human_Breast_He_06222020_ST_BC23803_E1_32x14",0.118816568155482,0.114447707224009,0.0186934053121902,0.0481939894068209,0.0509433904349468,0.173920009636432,0.333449255303947,0.106315547791277,0.0352201267348936,"Human_Breast_He_06222020_ST_BC23803_E1"
"Human_Breast_He_06222020_ST_BC23803_E1_21x19",0.0888097756411851,0.085505316780269,0.0241633462289951,0.0793219752962143,0.0460931888168371,0.241420272639763,0.386136356777681,0.0066760781106812,0.0418736897083749,"Human_Breast_He_06222020_ST_BC23803_E1"
"Human_Breast_He_06222020_ST_BC23803_E1_21x18",0.0821947897065647,0.0757410239233912,0.0201405633355651,0.0788585029078357,0.0388753601316695,0.253957250011117,0.404535715907933,0.00604796933732478,0.0396488247385993,"Human_Breast_He_06222020_ST_BC23803_E1"
"Human_Breast_He_06222020_ST_BC23803_E1_25x31",0.0733648308563715,0.0783801219848479,0.0370094946124897,0.210615259824625,0.0447280765026378,0.240652867051437,0.270075543887524,0.0261568104898378,0.0190169947902305,"Human_Breast_He_06222020_ST_BC23803_E1"
"Human_Breast_He_06222020_ST_BC23803_E1_25x30",0.0749226503409688,0.0615030174149102,0.0291123306978349,0.390419535156433,0.0383013607733213,0.113616214871113,0.240082471024409,0.00135650492906027,0.0506859147919495,"Human_Breast_He_06222020_ST_BC23803_E1"
"Human_Breast_He_06222020_ST_BC23803_E1_24x17",0.0492593206808773,0.0993186427470406,0.0254444858107143,0.179063379573376,0.046842201247725,0.216958212553573,0.313391457249161,0.015602751888685,0.0541195482488478,"Human_Breast_He_06222020_ST_BC23803_E1"
"Human_Breast_He_06222020_ST_BC23803_E1_25x16",0.0976418033483758,0.0821252003384714,0.0123724427215932,0.0512689246416892,0.0501484475354995,0.300828233033887,0.287554555836681,0.00396673808316787,0.114093654460635,"Human_Breast_He_06222020_ST_BC23803_E1"
"Human_Breast_He_06222020_ST_BC23803_E1_18x19",0.0691178298956483,0.0749039521120274,0.052581961937276,0.116468150171995,0.0410186829656316,0.250705571526319,0.301203041306337,0.0670624962491809,0.0269383138355851,"Human_Breast_He_06222020_ST_BC23803_E1"
"Human_Breast_He_06222020_ST_BC23803_E1_32x31",0.120001609668672,0.113666777733668,0.0229337662583978,0.084876546966011,0.0542247888099274,0.124229116125777,0.45690684638921,0.000265177180972175,0.0228953708673644,"Human_Breast_He_06222020_ST_BC23803_E1"
"Human_Breast_He_06222020_ST_BC23803_E1_32x30",0.0913672943297979,0.085443687521102,0.0490624914038908,0.160071924240262,0.114206288776024,0.0887468894321651,0.38268201559687,0.000783183792686428,0.0276362249072018,"Human_Breast_He_06222020_ST_BC23803_E1"
"Human_Breast_He_06222020_ST_BC23803_E1_27x31",0.152386305200257,0.0551668988475079,0.0227091761519415,0.189425822184866,0.109539535788381,0.105698803902148,0.266712133190084,0.0524688034881618,0.0458925212466531,"Human_Breast_He_06222020_ST_BC23803_E1"
"Human_Breast_He_06222020_ST_BC23803_E1_27x30",0.0342850724303111,0.117860055191561,0.0179545021776119,0.202014170898226,0.0860259111984586,0.0850342281712143,0.363885608027228,0.046286882113846,0.046653569791543,"Human_Breast_He_06222020_ST_BC23803_E1"
"Human_Breast_He_06222020_ST_BC23803_E1_29x31",0.123601751718772,0.0962521803088788,0.128322223353208,0.00618883588397513,0.0441792324222134,0.242520154331901,0.307048426407899,0.0369269739908752,0.014960221582277,"Human_Breast_He_06222020_ST_BC23803_E1"
"Human_Breast_He_06222020_ST_BC23803_E1_29x30",0.0988103494083998,0.0559797074524651,0.030869658537819,0.250443042660752,0.0377209233063072,0.179875928734859,0.278363614336802,0.00238781035801048,0.0655489652045844,"Human_Breast_He_06222020_ST_BC23803_E1"
"Human_Breast_He_06222020_ST_BC23803_E1_23x25",0.102560327895322,0.076171562266768,0.0475729271984264,0.100226343769001,0.0562555068026665,0.223671651570762,0.264891094409302,0.0466808503887011,0.0819697356990517,"Human_Breast_He_06222020_ST_BC23803_E1"
"Human_Breast_He_06222020_ST_BC23803_E1_16x30",0.0940567211186223,0.106673507085241,0.0555647300259342,0.167408513943568,0.0183932905897896,0.173536182443738,0.272876537708852,0.0384809638264799,0.073009553257776,"Human_Breast_He_06222020_ST_BC23803_E1"
"Human_Breast_He_06222020_ST_BC23803_E1_14x17",0.0972927647678261,0.0513760448782128,0.0119281810042956,0.415631672737684,0.145997941528848,0.0630566730206838,0.175077453713876,0.00233770686159796,0.0373015614869768,"Human_Breast_He_06222020_ST_BC23803_E1"
"Human_Breast_He_06222020_ST_BC23803_E1_17x21",0.0867224058443343,0.118472441684018,0.0230417276481637,0.296580630517447,0.0471269855996006,0.122858331469471,0.283899560230175,0.00512960886280085,0.0161683081439904,"Human_Breast_He_06222020_ST_BC23803_E1"
"Human_Breast_He_06222020_ST_BC23803_E1_24x14",0.0916842787582094,0.0723389131994536,0.011827736651274,0.321972672849679,0.0500632645148654,0.163856346208331,0.254006308314345,0.0122592748054924,0.0219912046983504,"Human_Breast_He_06222020_ST_BC23803_E1"
"Human_Breast_He_06222020_ST_BC23803_E1_24x15",0.0512694666499417,0.0821609468162628,0.0360050312567575,0.12337718245102,0.0222324179801768,0.24782878454967,0.401013185796526,0.00626369493694107,0.029849289562704,"Human_Breast_He_06222020_ST_BC23803_E1"
"Human_Breast_He_06222020_ST_BC23803_E1_24x16",0.105431346737633,0.0832624373286202,0.0197310675178267,0.18527788596018,0.0327887282229118,0.242485464974643,0.23600437546068,0.0469132628418242,0.0481054309556817,"Human_Breast_He_06222020_ST_BC23803_E1"
"Human_Breast_He_06222020_ST_BC23803_E1_24x18",0.133364694865412,0.10238297588384,0.0401331820511293,0.0908379649562786,0.0176091944392004,0.185680775352801,0.325206128796012,0.0700827452748932,0.0347023383804333,"Human_Breast_He_06222020_ST_BC23803_E1"
"Human_Breast_He_06222020_ST_BC23803_E1_14x16",0.107875003191771,0.0958971190689858,0.0109002006581353,0.116688630342416,0.01111563340719,0.337942896302201,0.235807702897674,0.00595975893903682,0.0778130551925908,"Human_Breast_He_06222020_ST_BC23803_E1"
"Human_Breast_He_06222020_ST_BC23803_E1_28x13",0.111625358783346,0.0594326192749198,0.0323100466697228,0.114180672204519,0.0128172469534892,0.233411835166664,0.308475125552762,0.109231096199168,0.018515999195409,"Human_Breast_He_06222020_ST_BC23803_E1"
"Human_Breast_He_06222020_ST_BC23803_E1_28x14",0.10879115499036,0.0611067366192435,0.0296129469349464,0.225701701549209,0.0383641953880279,0.192265339476992,0.264573863204705,0.0272512989817654,0.0523327628547509,"Human_Breast_He_06222020_ST_BC23803_E1"
"Human_Breast_He_06222020_ST_BC23803_E1_28x15",0.128656114940005,0.0653459272504337,0.0197895381213917,0.231487810297227,0.061514315566769,0.174053615006726,0.242541990847584,0.0232816490166792,0.053329038953184,"Human_Breast_He_06222020_ST_BC23803_E1"
"Human_Breast_He_06222020_ST_BC23803_E1_28x16",0.175682152685579,0.0602506084931594,0.0476307216851467,0.141638896379395,0.0283766378166787,0.167387653967739,0.340328249816408,0.00878703476604641,0.0299180443898474,"Human_Breast_He_06222020_ST_BC23803_E1"
"Human_Breast_He_06222020_ST_BC23803_E1_28x17",0.11990955519603,0.060649555667755,0.0331594722275228,0.205765676840741,0.0494950329892681,0.131930838188462,0.340227011478734,0.000428028408939042,0.0584348290025469,"Human_Breast_He_06222020_ST_BC23803_E1"
"Human_Breast_He_06222020_ST_BC23803_E1_28x18",0.119540202711282,0.0949676578735608,0.0437888682190487,0.0959358944780308,0.0268193577407323,0.177014607865865,0.279933285438482,0.107964061844544,0.0540360638284542,"Human_Breast_He_06222020_ST_BC23803_E1"
"Human_Breast_He_06222020_ST_BC23803_E1_28x19",0.179964732254925,0.059016100637877,0.00820629932231862,0.167152050941619,0.0369050099241768,0.207831732803327,0.23134041590943,0.0705249894895706,0.0390586687167564,"Human_Breast_He_06222020_ST_BC23803_E1"
"Human_Breast_He_06222020_ST_BC23803_E1_22x16",0.12852327792967,0.0734231111287248,0.0126796929497948,0.183128534474241,0.0661325438593514,0.121266197596439,0.373436996531226,0.00218975973001961,0.0392198858005338,"Human_Breast_He_06222020_ST_BC23803_E1"
"Human_Breast_He_06222020_ST_BC23803_E1_22x17",0.134159824525503,0.0560535041676772,0.0209338878831545,0.212857720577387,0.152276875596033,0.0917181483784855,0.240519354216374,0.0020868733868538,0.0893938112685334,"Human_Breast_He_06222020_ST_BC23803_E1"
"Human_Breast_He_06222020_ST_BC23803_E1_22x15",0.108755978962191,0.0643234240986719,0.0407260830262937,0.0475259231133494,0.0277404616300492,0.224765513579909,0.447942691425426,0.00272838422805309,0.0354915399360569,"Human_Breast_He_06222020_ST_BC23803_E1"
"Human_Breast_He_06222020_ST_BC23803_E1_22x18",0.0960005525436051,0.0481027861683489,0.072686258369697,0.29083734250576,0.0371812042063528,0.0618221113365947,0.300248391750723,0.0195501471935865,0.0735712059253327,"Human_Breast_He_06222020_ST_BC23803_E1"
"Human_Breast_He_06222020_ST_BC23803_E1_22x19",0.125791759638561,0.0941516273193883,0.0343101851215112,0.105859068494129,0.0652369473846211,0.203841598335391,0.323869839725399,0.00534828683877772,0.0415906871422213,"Human_Breast_He_06222020_ST_BC23803_E1"
"Human_Breast_He_06222020_ST_BC23803_E1_24x19",0.133099595741726,0.0578766000406439,0.0764039904071416,0.140562694406188,0.0508341977461764,0.234826887956133,0.290557657534809,0.00049117602640736,0.0153472001407741,"Human_Breast_He_06222020_ST_BC23803_E1"
"Human_Breast_He_06222020_ST_BC23803_E1_14x14",0.0553999010913269,0.132312199984762,0.038160262947258,0.0811972361796269,0.0479724985664866,0.160318103749955,0.275571473443344,0.128504535930039,0.0805637881072017,"Human_Breast_He_06222020_ST_BC23803_E1"
"Human_Breast_He_06222020_ST_BC23803_E1_14x18",0.14735957452759,0.0506252958479711,0.0553236856392865,0.131249560112346,0.0204085280328226,0.285249550282977,0.246679415256879,0.025965714177554,0.0371386761225734,"Human_Breast_He_06222020_ST_BC23803_E1"
"Human_Breast_He_06222020_ST_BC23803_E1_28x24",0.115101861103217,0.0600791261326077,0.0565735768079686,0.141607579863495,0.0358941895396433,0.137828794812483,0.420060691379762,0.0037900599387827,0.0290641204220402,"Human_Breast_He_06222020_ST_BC23803_E1"
"Human_Breast_He_06222020_ST_BC23803_E1_15x18",0.112543445622318,0.0338376724293634,0.0107018659450056,0.274803032198587,0.116649073616652,0.132054112197706,0.286520616751622,0.0120520289092377,0.0208381523295078,"Human_Breast_He_06222020_ST_BC23803_E1"
"Human_Breast_He_06222020_ST_BC23803_E1_15x19",0.163006473897916,0.127850582364973,0.0949472325344815,0.131155067697846,0.0369066773112096,0.168523468474994,0.199677455722074,0.0217569537653155,0.0561760882311907,"Human_Breast_He_06222020_ST_BC23803_E1"
"Human_Breast_He_06222020_ST_BC23803_E1_15x14",0.0156411376764079,0.0728444162908268,0.0374736870710349,0.180204718959929,0.0639798722772121,0.272249331921085,0.333594528306116,0.00209423471736475,0.0219180727800236,"Human_Breast_He_06222020_ST_BC23803_E1"
"Human_Breast_He_06222020_ST_BC23803_E1_15x15",0.0838038405254916,0.0487013535471154,0.0246200735919035,0.396158941005358,0.0844469810163286,0.182819480574165,0.105290670855431,0.00277424500746398,0.0713844138767436,"Human_Breast_He_06222020_ST_BC23803_E1"
"Human_Breast_He_06222020_ST_BC23803_E1_15x16",0.0595619005407339,0.056739092844188,0.0194228405679759,0.332159607843841,0.07961579644436,0.167462477994037,0.213555203362676,0.0408457637847967,0.0306373166173909,"Human_Breast_He_06222020_ST_BC23803_E1"
"Human_Breast_He_06222020_ST_BC23803_E1_15x17",0.132353556743224,0.0400684287904959,0.00772461290358012,0.291902309565873,0.040894416420248,0.0948898620208382,0.290174317277787,0.0712104248465151,0.0307820714314386,"Human_Breast_He_06222020_ST_BC23803_E1"
"Human_Breast_He_06222020_ST_BC23803_E1_31x29",0.109942585684393,0.0745821534927466,0.0206039529224699,0.252807610045069,0.0326761416593583,0.154402118294811,0.309992511908426,0.0124351360127757,0.0325577899799508,"Human_Breast_He_06222020_ST_BC23803_E1"
"Human_Breast_He_06222020_ST_BC23803_E1_26x29",0.138125044231808,0.118383485590607,0.0495275087874009,0.0488738426559506,0.0277660635870964,0.204937724406939,0.382346098155185,0.00161735339804072,0.0284228791869712,"Human_Breast_He_06222020_ST_BC23803_E1"
"Human_Breast_He_06222020_ST_BC23803_E1_26x28",0.0983814372327197,0.0944571917915433,0.033246374410324,0.0500032503854826,0.0184693984181496,0.249456877296286,0.41563123156578,0.0048487369606641,0.0355055019390509,"Human_Breast_He_06222020_ST_BC23803_E1"
"Human_Breast_He_06222020_ST_BC23803_E1_17x29",0.157797325906969,0.0857905151973278,0.024054136472985,0.142278358324089,0.0415735803085804,0.199256248545188,0.21143534705334,0.0959770084610207,0.0418374797304998,"Human_Breast_He_06222020_ST_BC23803_E1"
"Human_Breast_He_06222020_ST_BC23803_E1_17x28",0.129202537103534,0.0992778939641486,0.0415280475293153,0.241565039278016,0.0313225617342752,0.190004748262136,0.191897633167261,0.024368073405876,0.0508334655554382,"Human_Breast_He_06222020_ST_BC23803_E1"
"Human_Breast_He_06222020_ST_BC23803_E1_17x27",0.123964048862527,0.109089580247606,0.0181197871948308,0.17427853887872,0.0514683351759871,0.170407924788025,0.255048583321065,0.0378889615007171,0.0597342400305217,"Human_Breast_He_06222020_ST_BC23803_E1"
"Human_Breast_He_06222020_ST_BC23803_E1_26x22",0.112293655919288,0.0968160322393502,0.0322251044494485,0.0572342047295599,0.0193576889953034,0.215044656564536,0.416477503261643,0.0191517736763755,0.0313993801644953,"Human_Breast_He_06222020_ST_BC23803_E1"
"Human_Breast_He_06222020_ST_BC23803_E1_26x21",0.0964413060442139,0.0537119913208345,0.0256413779341935,0.270800087987466,0.102592548445806,0.176945095899752,0.206033550921069,0.0489371817657375,0.0188968596809283,"Human_Breast_He_06222020_ST_BC23803_E1"
"Human_Breast_He_06222020_ST_BC23803_E1_17x24",0.0983699730035672,0.184846937954329,0.0360573096095232,0.170895393335499,0.019451645708886,0.150877456354398,0.311358994851671,0.00083186359301782,0.0273104255891081,"Human_Breast_He_06222020_ST_BC23803_E1"
"Human_Breast_He_06222020_ST_BC23803_E1_26x27",0.0941631082727519,0.0814344466924728,0.0214821435472262,0.118278155457745,0.059901217673572,0.140500848617756,0.406071929876579,0.00130471994481952,0.0768634299170774,"Human_Breast_He_06222020_ST_BC23803_E1"
"Human_Breast_He_06222020_ST_BC23803_E1_26x26",0.111975044276039,0.0817950713107948,0.0557935358078167,0.203534738064791,0.0258457292356335,0.172476911249591,0.302383552437387,0.0246844402215913,0.021510977396355,"Human_Breast_He_06222020_ST_BC23803_E1"
"Human_Breast_He_06222020_ST_BC23803_E1_26x25",0.0966297667306143,0.11899588790919,0.0214265017929961,0.166561180959273,0.00881400455400589,0.224078836406807,0.329891079802616,0.00206139000039386,0.0315413518441041,"Human_Breast_He_06222020_ST_BC23803_E1"
"Human_Breast_He_06222020_ST_BC23803_E1_26x24",0.0816221769868493,0.0465628481925669,0.0161882381674047,0.284796866094928,0.0786732073610429,0.14748503155833,0.324158655062369,0.00180383968983839,0.0187091368866703,"Human_Breast_He_06222020_ST_BC23803_E1"
"Human_Breast_He_06222020_ST_BC23803_E1_31x23",0.057022037984958,0.097647492134667,0.026567479603121,0.219843266204454,0.0504522334612023,0.189160116231784,0.261076642848105,0.0534805692469702,0.0447501622847384,"Human_Breast_He_06222020_ST_BC23803_E1"
"Human_Breast_He_06222020_ST_BC23803_E1_31x22",0.112181700988778,0.0677661894405829,0.044405949436557,0.246862444799361,0.017025253245851,0.156399277990835,0.25752188806975,0.0758196075081154,0.0220176885201697,"Human_Breast_He_06222020_ST_BC23803_E1"
"Human_Breast_He_06222020_ST_BC23803_E1_31x21",0.112509730500826,0.0655960622051371,0.0463678826095025,0.164249905168036,0.0116804708868221,0.16972544245188,0.251060865212561,0.152573349857266,0.0262362911079686,"Human_Breast_He_06222020_ST_BC23803_E1"
"Human_Breast_He_06222020_ST_BC23803_E1_31x20",0.103909206856486,0.0774871388681607,0.0483001651393451,0.274828739618088,0.0287513695235577,0.139592535809812,0.247807160359253,0.0273977551921452,0.0519259286331525,"Human_Breast_He_06222020_ST_BC23803_E1"
"Human_Breast_He_06222020_ST_BC23803_E1_31x25",0.180187039299918,0.0630429536833866,0.0227922926864479,0.228016808427336,0.0476718802236571,0.0722605225441653,0.351914920456508,0.0079584332386129,0.0261551494399687,"Human_Breast_He_06222020_ST_BC23803_E1"
"Human_Breast_He_06222020_ST_BC23803_E1_30x24",0.0965651003750865,0.0532052153726712,0.0656505589209142,0.19375059488214,0.0534752107204997,0.152905121206163,0.328073149290258,0.0208949373971063,0.0354801118351608,"Human_Breast_He_06222020_ST_BC23803_E1"
"Human_Breast_He_06222020_ST_BC23803_E1_30x26",0.207027830825916,0.0532914442034632,0.0212466096760704,0.00412669151665387,0.0112235544636732,0.0801978103577228,0.281914547850951,0.261048303172475,0.0799232079330748,"Human_Breast_He_06222020_ST_BC23803_E1"
"Human_Breast_He_06222020_ST_BC23803_E1_30x27",0.142458586588581,0.016132756870398,0.0200146962742912,0.524343430418584,0.0285218189349177,0.0241469027647982,0.241398058197242,0.000146460218003955,0.00283728973318371,"Human_Breast_He_06222020_ST_BC23803_E1"
"Human_Breast_He_06222020_ST_BC23803_E1_30x20",0.155141099514855,0.0959437355017728,0.026045799877196,0.135088652530235,0.0411117505238363,0.166909471411746,0.308840531667385,0.0348597397075204,0.0360592192654535,"Human_Breast_He_06222020_ST_BC23803_E1"
"Human_Breast_He_06222020_ST_BC23803_E1_24x28",0.0229568250394945,0.066033560674434,0.0121924046588797,0.22005494339676,0.0221333115452679,0.272361291348509,0.29036264184094,0.0496496217656849,0.0442553997300302,"Human_Breast_He_06222020_ST_BC23803_E1"
"Human_Breast_He_06222020_ST_BC23803_E1_24x25",0.141203359693839,0.129500480035926,0.026141794545471,0.0909342139417129,0.0384482198757898,0.188601586415029,0.227154903117447,0.142786829633232,0.015228612741553,"Human_Breast_He_06222020_ST_BC23803_E1"
"Human_Breast_He_06222020_ST_BC23803_E1_24x24",0.0791477299886583,0.112318677316252,0.0185798981100389,0.0239258149272473,0.0597172612957496,0.200126225403256,0.44633923496789,0.0037222351309533,0.0561229228599541,"Human_Breast_He_06222020_ST_BC23803_E1"
"Human_Breast_He_06222020_ST_BC23803_E1_24x27",0.192523850902177,0.1066717134059,0.0155927394506107,0.204742363842872,0.0121070042564921,0.185650881786525,0.24289411272946,0.0239340958960243,0.0158832377299389,"Human_Breast_He_06222020_ST_BC23803_E1"
"Human_Breast_He_06222020_ST_BC23803_E1_24x26",0.0571331397670605,0.0762121072236428,0.020554498159762,0.306735406991797,0.0604550548002056,0.208423111179689,0.237849599091753,0.00461214127102544,0.028024941515065,"Human_Breast_He_06222020_ST_BC23803_E1"
"Human_Breast_He_06222020_ST_BC23803_E1_30x28",0.102757445540949,0.0419421132756845,0.026203052802025,0.208860585508031,0.0875394357394517,0.119455580634497,0.373877652145782,0.0132539675538685,0.026110166799711,"Human_Breast_He_06222020_ST_BC23803_E1"
"Human_Breast_He_06222020_ST_BC23803_E1_30x29",0.0890647500685883,0.0553886049105716,0.0662076147576755,0.353040187622528,0.034029020572728,0.103294904935681,0.231215252298803,0.0453965285432575,0.0223631362901667,"Human_Breast_He_06222020_ST_BC23803_E1"
"Human_Breast_He_06222020_ST_BC23803_E1_24x23",0.0927257300613407,0.0824548153871954,0.0392134589365348,0.023287037339121,0.0337191372026708,0.283108252019576,0.331254801647338,0.103268336512281,0.0109684308939423,"Human_Breast_He_06222020_ST_BC23803_E1"
"Human_Breast_He_06222020_ST_BC23803_E1_26x31",0.154090618266371,0.090515052654594,0.0202438529286342,0.0978990295642172,0.0333636488263902,0.145388863865776,0.310593461339514,0.0971493967549466,0.0507560757995566,"Human_Breast_He_06222020_ST_BC23803_E1"
"Human_Breast_He_06222020_ST_BC23803_E1_32x25",0.102345714040347,0.132008131049947,0.0531703248775403,0.074464021056688,0.0250711448022776,0.176234973590046,0.356356221301494,0.0567081241180017,0.0236413451636581,"Human_Breast_He_06222020_ST_BC23803_E1"
"Human_Breast_He_06222020_ST_BC23803_E1_25x26",0.035831148965405,0.0764701486193129,0.0472842659193285,0.0449348835190197,0.025015295836152,0.257259945479348,0.483960595705634,0.0102283243747695,0.0190153915810308,"Human_Breast_He_06222020_ST_BC23803_E1"
"Human_Breast_He_06222020_ST_BC23803_E1_25x27",0.150977298433509,0.0700118011912243,0.0215208965354006,0.0390028051190243,0.0380451795173318,0.226519119172975,0.419567800054119,0.00543214013013514,0.0289229598462814,"Human_Breast_He_06222020_ST_BC23803_E1"
"Human_Breast_He_06222020_ST_BC23803_E1_25x24",0.10847780209653,0.0936975727274281,0.017544167448887,0.0489797174532017,0.0390169074772184,0.287157669441117,0.369244693863233,0.0118411638799795,0.0240403056124047,"Human_Breast_He_06222020_ST_BC23803_E1"
"Human_Breast_He_06222020_ST_BC23803_E1_25x25",0.137539300005223,0.0890034380897947,0.0198164951002229,0.229106178964266,0.0565820990839321,0.180605709134764,0.200655812891649,0.0330440464278065,0.0536469203023419,"Human_Breast_He_06222020_ST_BC23803_E1"
"Human_Breast_He_06222020_ST_BC23803_E1_25x22",0.0928965003449435,0.0751557604356436,0.0213744483139938,0.147425115369833,0.0536213724580789,0.299316826690108,0.282632212760289,0.00403841063009894,0.0235393529970118,"Human_Breast_He_06222020_ST_BC23803_E1"
"Human_Breast_He_06222020_ST_BC23803_E1_25x23",0.17465088337337,0.0515385199873336,0.0251792600752208,0.293528991864147,0.0318952788547848,0.16932820370277,0.224248951461009,0.0120017375961504,0.0176281730852137,"Human_Breast_He_06222020_ST_BC23803_E1"
"Human_Breast_He_06222020_ST_BC23803_E1_25x20",0.0716139285166346,0.0940107935419924,0.0423507976412689,0.0110108189675829,0.0160377550678002,0.286467570919455,0.437597628382981,0.0043512845145416,0.0365594224477435,"Human_Breast_He_06222020_ST_BC23803_E1"
"Human_Breast_He_06222020_ST_BC23803_E1_25x21",0.104633762507265,0.0872486495970001,0.0153871161611424,0.157493889059665,0.063854546988937,0.216995443874172,0.286898466848533,0.021045891868862,0.0464422330944223,"Human_Breast_He_06222020_ST_BC23803_E1"
"Human_Breast_He_06222020_ST_BC23803_E1_25x28",0.1122482274646,0.0616865143076354,0.0163626443813254,0.188915294485691,0.0313958814477098,0.215019712437065,0.358399854609405,0.00033686495863086,0.0156350059079368,"Human_Breast_He_06222020_ST_BC23803_E1"
"Human_Breast_He_06222020_ST_BC23803_E1_25x29",0.162154435489534,0.0875456872744233,0.0941189569029331,0.0507821701290718,0.0135263669242281,0.168484827808507,0.315439693230693,0.0661173951835146,0.0418304670570943,"Human_Breast_He_06222020_ST_BC23803_E1"
"Human_Breast_He_06222020_ST_BC23803_E1_14x28",0.0548971627716804,0.134344306516535,0.0082241194532425,0.250635367651662,0.0442328503011245,0.210563245811148,0.25754106968283,0.00166636343796064,0.0378955143738163,"Human_Breast_He_06222020_ST_BC23803_E1"
