"","Endothelial","CAFs","PVL","B-cells","T-cells","Myeloid","Normal Epithelial","Plasmablasts","Cancer Epithelial","sid"
"Human_Breast_He_06222020_ST_BC23377_C2_3x30",0.0931203663670775,0.136464435388048,0.164259547005188,0.236705400857892,0.0490458212680254,0.0988568938231876,0.050106635341469,0.0733761759078388,0.0980647240412731,"Human_Breast_He_06222020_ST_BC23377_C2"
"Human_Breast_He_06222020_ST_BC23377_C2_3x31",0.0867669387071712,0.150510801838252,0.075630899105443,0.449404432452161,0.085182128563548,0.022362262221282,0.0572205567537449,0.00158661566263446,0.0713353646957642,"Human_Breast_He_06222020_ST_BC23377_C2"
"Human_Breast_He_06222020_ST_BC23377_C2_3x32",0.0968697992407335,0.0982483689824273,0.175318016360029,0.260344221253247,0.0676418895978305,0.0757646237631675,0.0661966590056564,0.0567101785203334,0.102906243276575,"Human_Breast_He_06222020_ST_BC23377_C2"
"Human_Breast_He_06222020_ST_BC23377_C2_23x20",0.111112270402828,0.0692593097959094,0.0649025059464656,0.351257360983264,0.126393482872542,0.0421251416190648,0.0621691558131463,0.0127767299329013,0.160004042633878,"Human_Breast_He_06222020_ST_BC23377_C2"
"Human_Breast_He_06222020_ST_BC23377_C2_23x21",0.0684773800661445,0.0518672759145591,0.0326185738715369,0.482235699055229,0.128324769091573,0.0151906036931639,0.109226669641017,0.0129157915507221,0.0991432371160538,"Human_Breast_He_06222020_ST_BC23377_C2"
"Human_Breast_He_06222020_ST_BC23377_C2_23x22",0.0948820799704271,0.072414419430479,0.0764799111113894,0.393113315706986,0.095898564748296,0.0169192591099063,0.0961259962797744,0.00679597151676716,0.147370482125974,"Human_Breast_He_06222020_ST_BC23377_C2"
"Human_Breast_He_06222020_ST_BC23377_C2_23x23",0.0901176810964225,0.0718036063173379,0.0479521957433066,0.280276441689068,0.146319890875611,0.0654682637023472,0.104006545855103,0.0175692939290199,0.176486080791784,"Human_Breast_He_06222020_ST_BC23377_C2"
"Human_Breast_He_06222020_ST_BC23377_C2_23x24",0.0968114054686406,0.0592687669228071,0.0613368691915026,0.393308171365259,0.12737276606654,0.024440170401089,0.0794181344715807,0.00294678696768769,0.155096929144893,"Human_Breast_He_06222020_ST_BC23377_C2"
"Human_Breast_He_06222020_ST_BC23377_C2_23x25",0.103037951491805,0.0978563128632415,0.0900425782202797,0.353287364515832,0.102631150717598,0.0275073407200836,0.106130413116534,0.00650376732603599,0.11300312102859,"Human_Breast_He_06222020_ST_BC23377_C2"
"Human_Breast_He_06222020_ST_BC23377_C2_21x5",0.170226568907649,0.188790154905784,0.137946022527909,0.242630534607759,0.0307542496517304,0.0477069142856742,0.0652083178369065,0.0438846551608396,0.0728525821157477,"Human_Breast_He_06222020_ST_BC23377_C2"
"Human_Breast_He_06222020_ST_BC23377_C2_21x4",0.288340113088507,0.139353653847972,0.331178479925011,0.132131739192425,0.0165162992202298,0.0214843423751771,0.0214233752662368,0.0277500701684491,0.0218219269159918,"Human_Breast_He_06222020_ST_BC23377_C2"
"Human_Breast_He_06222020_ST_BC23377_C2_23x28",0.0924492533695153,0.0681355886041545,0.0292918955557767,0.529711316910753,0.083619258320232,0.0421232058188221,0.0639964964222687,0.00573722813309901,0.0849357568653791,"Human_Breast_He_06222020_ST_BC23377_C2"
"Human_Breast_He_06222020_ST_BC23377_C2_23x29",0.078857650837364,0.098837095306697,0.116857384819077,0.404655952311405,0.0420713303275025,0.0355306527426975,0.0723547451598774,0.0263801300764103,0.124455058418969,"Human_Breast_He_06222020_ST_BC23377_C2"
"Human_Breast_He_06222020_ST_BC23377_C2_21x9",0.129244354952079,0.341358135273448,0.136406466526637,0.0836353108607779,0.0220596748573141,0.133893009313771,0.0508747821185049,0.0365127865200513,0.0660154795774165,"Human_Breast_He_06222020_ST_BC23377_C2"
"Human_Breast_He_06222020_ST_BC23377_C2_21x8",0.26420548249499,0.131606701534704,0.192485422460163,0.200482884161339,0.0325034831524508,0.0269452284399413,0.0944006167688773,0.00166448624471165,0.0557056947428227,"Human_Breast_He_06222020_ST_BC23377_C2"
"Human_Breast_He_06222020_ST_BC23377_C2_7x32",0.191748136521987,0.135598480247472,0.0789840451760678,0.270119336059038,0.0840954514176239,0.0444354926871562,0.0110193056288842,0.0226526289173102,0.161347123344461,"Human_Breast_He_06222020_ST_BC23377_C2"
"Human_Breast_He_06222020_ST_BC23377_C2_20x21",0.0995300438782852,0.109861347209994,0.0662372145144657,0.359166553819481,0.0887104920676013,0.0484334094634112,0.0574733578422774,0.0416360196285302,0.128951561575954,"Human_Breast_He_06222020_ST_BC23377_C2"
"Human_Breast_He_06222020_ST_BC23377_C2_16x28",0.0978005588470246,0.0633266137509761,0.0980417363021829,0.4344890577355,0.076559904122245,0.0228686191255455,0.0862259527806207,0.00174892024016968,0.118938637095736,"Human_Breast_He_06222020_ST_BC23377_C2"
"Human_Breast_He_06222020_ST_BC23377_C2_3x33",0.0274104484042955,0.0364362173034696,0.164604714209918,0.350556060709665,0.0826945995933922,0.0150629928325637,0.0307454183003063,0.104405643607554,0.188083905038835,"Human_Breast_He_06222020_ST_BC23377_C2"
"Human_Breast_He_06222020_ST_BC23377_C2_20x20",0.0898092452354911,0.105163832648037,0.0860980698353429,0.466598472875059,0.057268211037064,0.0284070580008298,0.0931886299391074,0.00844429922478733,0.0650221812042817,"Human_Breast_He_06222020_ST_BC23377_C2"
"Human_Breast_He_06222020_ST_BC23377_C2_30x11",0.122441377556257,0.158085061831841,0.0642542793343679,0.319341697784495,0.12238977594143,0.0987069612930732,0.0311863894250304,0.00389052984190976,0.0797039269915956,"Human_Breast_He_06222020_ST_BC23377_C2"
"Human_Breast_He_06222020_ST_BC23377_C2_25x11",0.0480168073579253,0.156789164495985,0.182955015147765,0.33582469470987,0.124996835847676,0.0716453075858394,0.0324062065566052,0.0044890252136075,0.0428769430847271,"Human_Breast_He_06222020_ST_BC23377_C2"
"Human_Breast_He_06222020_ST_BC23377_C2_3x22",0.0964111464330279,0.110375302278482,0.157181399377561,0.244085201475271,0.107860372267681,0.0404252111559813,0.0746864486356949,0.0727532207526004,0.0962216976237,"Human_Breast_He_06222020_ST_BC23377_C2"
"Human_Breast_He_06222020_ST_BC23377_C2_25x10",0.0808847317813367,0.20172391885255,0.251813619963834,0.265793437518325,0.031673376910879,0.0607830320749777,0.0481643971019071,0.0129612867663884,0.046202199029803,"Human_Breast_He_06222020_ST_BC23377_C2"
"Human_Breast_He_06222020_ST_BC23377_C2_25x17",0.149785969256413,0.0494248854318174,0.0997522681454207,0.365556327706717,0.133352564908663,0.0381964460073841,0.0736615112160352,0.00115722509559317,0.089112802231956,"Human_Breast_He_06222020_ST_BC23377_C2"
"Human_Breast_He_06222020_ST_BC23377_C2_18x28",0.118246628400764,0.0729196509104386,0.0438606218853958,0.153894831016059,0.177714711381479,0.0156621389943479,0.218820846204431,0.0346412330374281,0.164239338169656,"Human_Breast_He_06222020_ST_BC23377_C2"
"Human_Breast_He_06222020_ST_BC23377_C2_18x29",0.186217352154113,0.131588405268504,0.149910754990887,0.166053460897612,0.0275517290157868,0.148409839500679,0.0851471486467437,0.0178167182289357,0.0873045912967387,"Human_Breast_He_06222020_ST_BC23377_C2"
"Human_Breast_He_06222020_ST_BC23377_C2_18x26",0.0696264661002717,0.0578428377600248,0.0690349807856156,0.43150424637543,0.104240336019006,0.0491170378489983,0.0451235349213271,0.010845676982707,0.162664883206619,"Human_Breast_He_06222020_ST_BC23377_C2"
"Human_Breast_He_06222020_ST_BC23377_C2_18x27",0.109858879060709,0.0498431729969954,0.0557127881558971,0.41219194741794,0.128935654337043,0.0126011091671947,0.108946119178539,0.00727783928000622,0.114632490405675,"Human_Breast_He_06222020_ST_BC23377_C2"
"Human_Breast_He_06222020_ST_BC23377_C2_18x24",0.124875445333545,0.0617223277372521,0.0200268199076889,0.435106493002486,0.0926742652019545,0.018592824283674,0.11600630994352,0.012608228523022,0.118387286066858,"Human_Breast_He_06222020_ST_BC23377_C2"
"Human_Breast_He_06222020_ST_BC23377_C2_18x25",0.0763734730742422,0.0661391967634646,0.0508810537223556,0.413279548728605,0.113880413020641,0.031220686471272,0.0957981052465701,0.00614184547132338,0.146285677501526,"Human_Breast_He_06222020_ST_BC23377_C2"
"Human_Breast_He_06222020_ST_BC23377_C2_18x22",0.12018341258061,0.0281197060280288,0.0272044446476293,0.421820313032786,0.101881097830179,0.0283760062546495,0.150457366535267,0.0500068410132283,0.0719508120776202,"Human_Breast_He_06222020_ST_BC23377_C2"
"Human_Breast_He_06222020_ST_BC23377_C2_18x23",0.139151765693893,0.0755632086842968,0.032505365058153,0.252776640384046,0.0700129748312838,0.047794517295592,0.247832568995927,0.0638920551331239,0.0704709039236844,"Human_Breast_He_06222020_ST_BC23377_C2"
"Human_Breast_He_06222020_ST_BC23377_C2_18x20",0.097625984832832,0.0974667505858791,0.11841277405747,0.36351800816117,0.129432820093301,0.0265950485243606,0.0935513123017216,0.00529872466009213,0.0680985767831734,"Human_Breast_He_06222020_ST_BC23377_C2"
"Human_Breast_He_06222020_ST_BC23377_C2_18x21",0.0883509901023277,0.0636261070674862,0.0735464363839239,0.37680662821012,0.120835265975382,0.0322463829490664,0.115534583801083,0.00432505912926411,0.124728546381347,"Human_Breast_He_06222020_ST_BC23377_C2"
"Human_Breast_He_06222020_ST_BC23377_C2_20x27",0.0747459891496882,0.0812565504385011,0.088479215783993,0.167841281406109,0.157876850392594,0.108933011808546,0.0945499236382964,0.00392077730928968,0.222396400072983,"Human_Breast_He_06222020_ST_BC23377_C2"
"Human_Breast_He_06222020_ST_BC23377_C2_25x14",0.0510700983043453,0.0940925260561787,0.157763494172937,0.446275242227336,0.0321248417270773,0.109230083010973,0.0709802542304607,0.00129215003145374,0.0371713102392379,"Human_Breast_He_06222020_ST_BC23377_C2"
"Human_Breast_He_06222020_ST_BC23377_C2_21x3",0.22300715853493,0.128178617942855,0.30871901213628,0.107985841706896,0.0120589373234297,0.0972119123040141,0.0391518009295482,0.00475131932540319,0.0789353997966437,"Human_Breast_He_06222020_ST_BC23377_C2"
"Human_Breast_He_06222020_ST_BC23377_C2_21x6",0.139121587637765,0.174270400705073,0.14801545615459,0.154502365612135,0.049427390471671,0.0819457984643805,0.0266441789969816,0.117250206884808,0.108822615072595,"Human_Breast_He_06222020_ST_BC23377_C2"
"Human_Breast_He_06222020_ST_BC23377_C2_26x8",0.0912858528307801,0.153687090253108,0.160571105729919,0.31608801682687,0.102086998008709,0.0599681245095575,0.0362096046853848,0.0193071456328488,0.0607960615228222,"Human_Breast_He_06222020_ST_BC23377_C2"
"Human_Breast_He_06222020_ST_BC23377_C2_26x9",0.0566680802993781,0.272268739531773,0.367722045143529,0.125043822154651,0.0188385712959687,0.0361159880064636,0.0351600671570562,0.0347659553112285,0.0534167310999519,"Human_Breast_He_06222020_ST_BC23377_C2"
"Human_Breast_He_06222020_ST_BC23377_C2_23x10",0.0735201520792052,0.0863410121406666,0.10359090272411,0.50828336281581,0.0366785209389305,0.0676000687777551,0.0732110847476464,0.00929910562676765,0.0414757901491094,"Human_Breast_He_06222020_ST_BC23377_C2"
"Human_Breast_He_06222020_ST_BC23377_C2_21x7",0.180140948647119,0.140084320344338,0.0937371227633674,0.276914169287444,0.0688580506649528,0.031912825664964,0.0711109363520656,0.039526071122314,0.0977155551534357,"Human_Breast_He_06222020_ST_BC23377_C2"
"Human_Breast_He_06222020_ST_BC23377_C2_26x6",0.0669666017672502,0.0775871133346968,0.115984386548915,0.264213619923469,0.101215850570231,0.0494749312761062,0.157074866604298,0.0221777508080014,0.145304879167033,"Human_Breast_He_06222020_ST_BC23377_C2"
"Human_Breast_He_06222020_ST_BC23377_C2_26x7",0.0709613373863947,0.137008160404322,0.0604182759060705,0.414646041012061,0.0636380864577543,0.087647497115712,0.0377319602011317,0.0537251511123203,0.0742234904042336,"Human_Breast_He_06222020_ST_BC23377_C2"
"Human_Breast_He_06222020_ST_BC23377_C2_5x16",0.084161064271166,0.109259276860836,0.113450477161061,0.439613394033561,0.044248678247646,0.0281849936802694,0.0418380483579644,0.0318645863283895,0.107379481059107,"Human_Breast_He_06222020_ST_BC23377_C2"
"Human_Breast_He_06222020_ST_BC23377_C2_22x26",0.0367427070468363,0.0439536306625929,0.0385687914403159,0.518889368947979,0.0963250875663738,0.0138116420972891,0.114751456908755,0.00316355829966716,0.13379375703019,"Human_Breast_He_06222020_ST_BC23377_C2"
"Human_Breast_He_06222020_ST_BC23377_C2_23x27",0.0971635402697048,0.0651195826969598,0.0619646552837675,0.311843525380367,0.0883413161433453,0.135116861768254,0.0972895627351355,0.0516641773642615,0.0914967783582037,"Human_Breast_He_06222020_ST_BC23377_C2"
"Human_Breast_He_06222020_ST_BC23377_C2_17x26",0.0902479056707375,0.0494313062200858,0.0263705512571767,0.400176579227346,0.129684496100898,0.0215506688275757,0.161284697714056,0.00434064124122821,0.116913153740896,"Human_Breast_He_06222020_ST_BC23377_C2"
"Human_Breast_He_06222020_ST_BC23377_C2_22x13",0.0332667247564261,0.14497088203703,0.0937034157812933,0.50143591623856,0.0305682570394533,0.10738876013948,0.0496650378674457,0.0207128537778195,0.0182881523624927,"Human_Breast_He_06222020_ST_BC23377_C2"
"Human_Breast_He_06222020_ST_BC23377_C2_11x14",0.121941248445299,0.0835700503801904,0.0843738021617946,0.327888776000109,0.10514051082996,0.0109424926502234,0.0942544950537082,0.00230870896021183,0.169579915518503,"Human_Breast_He_06222020_ST_BC23377_C2"
"Human_Breast_He_06222020_ST_BC23377_C2_11x15",0.109979644614951,0.035435570492345,0.0623143510359725,0.494800474602631,0.100549745596956,0.0199054905046825,0.0688998101958121,0.00312246869974667,0.104992444256902,"Human_Breast_He_06222020_ST_BC23377_C2"
"Human_Breast_He_06222020_ST_BC23377_C2_29x9",0.0550939869138237,0.137656309847813,0.401654155243054,0.0763541851899399,0.0293748385113372,0.16803609987973,0.0619391269268507,0.0123071007121168,0.0575841967753347,"Human_Breast_He_06222020_ST_BC23377_C2"
"Human_Breast_He_06222020_ST_BC23377_C2_8x20",0.103928500224942,0.106840643161861,0.0650268878256024,0.343445381928471,0.150077355941961,0.0167417817046194,0.0660491885679855,0.00212891490983657,0.145761345734721,"Human_Breast_He_06222020_ST_BC23377_C2"
"Human_Breast_He_06222020_ST_BC23377_C2_8x21",0.179150619130845,0.136124867939887,0.10304842153018,0.304464212020904,0.0506484202355496,0.0631937057355987,0.0485915100134522,0.00347930668961886,0.111298936703964,"Human_Breast_He_06222020_ST_BC23377_C2"
"Human_Breast_He_06222020_ST_BC23377_C2_11x12",0.0573770348770348,0.0574279448352162,0.137508175487916,0.385890762594815,0.128191658575509,0.00758011865985757,0.105628568665973,0.0240887190718927,0.0963070172317866,"Human_Breast_He_06222020_ST_BC23377_C2"
"Human_Breast_He_06222020_ST_BC23377_C2_23x5",0.113006572381041,0.123336038658739,0.156269399982023,0.289891712382807,0.0795825391364722,0.0290575577024995,0.0436168594550126,0.0223213694781204,0.142917950823285,"Human_Breast_He_06222020_ST_BC23377_C2"
"Human_Breast_He_06222020_ST_BC23377_C2_8x16",0.125026160323184,0.0440483272083605,0.0488799015878293,0.599380493219393,0.0394230508777185,0.00106123760564358,0.0641720149688953,0.000598037719274233,0.0774107764897014,"Human_Breast_He_06222020_ST_BC23377_C2"
"Human_Breast_He_06222020_ST_BC23377_C2_8x27",0.10853817725934,0.202817780839679,0.0473393132837935,0.26410481577171,0.0934343929437442,0.0759224401158952,0.0715366981122259,0.0600492206600096,0.0762571610136035,"Human_Breast_He_06222020_ST_BC23377_C2"
"Human_Breast_He_06222020_ST_BC23377_C2_14x29",0.145776339264475,0.09055259738851,0.222071512513449,0.148460063195641,0.123502480211759,0.0523983231106505,0.0594560879099052,0.0631626239118755,0.0946199724937349,"Human_Breast_He_06222020_ST_BC23377_C2"
"Human_Breast_He_06222020_ST_BC23377_C2_23x7",0.0582146351731353,0.0768488132492728,0.0906620751685619,0.532667265389445,0.078844349461401,0.0110739983192833,0.0261951185899456,0.00192168298407509,0.12357206166488,"Human_Breast_He_06222020_ST_BC23377_C2"
"Human_Breast_He_06222020_ST_BC23377_C2_23x6",0.129323107685451,0.0951478096512672,0.31941841352472,0.137298844885427,0.0355758043115061,0.0751278335005913,0.0749068551189698,0.038177467461051,0.0950238638610165,"Human_Breast_He_06222020_ST_BC23377_C2"
"Human_Breast_He_06222020_ST_BC23377_C2_8x15",0.191149227740497,0.0801781213096662,0.217025168205693,0.21146373439097,0.0582877978320116,0.0355968065780465,0.113614774984725,0.0103048808946573,0.0823794880637331,"Human_Breast_He_06222020_ST_BC23377_C2"
"Human_Breast_He_06222020_ST_BC23377_C2_24x5",0.0967083874677064,0.0691757770205416,0.197515113392708,0.229005382451095,0.0401868955118919,0.0802628097685764,0.0382472617656933,0.175352494548865,0.0735458780729223,"Human_Breast_He_06222020_ST_BC23377_C2"
"Human_Breast_He_06222020_ST_BC23377_C2_20x30",0.0977423219357158,0.0998679975237076,0.0571606073537038,0.398610064008323,0.174736992421497,0.0282635010326706,0.0577380128701013,0.00238882427094472,0.0834916785833356,"Human_Breast_He_06222020_ST_BC23377_C2"
"Human_Breast_He_06222020_ST_BC23377_C2_20x31",0.144835076970052,0.307047527143873,0.0344036984926471,0.219558306465283,0.116607026640025,0.026968317425506,0.0320853484557499,0.00177160920915575,0.116723089197707,"Human_Breast_He_06222020_ST_BC23377_C2"
"Human_Breast_He_06222020_ST_BC23377_C2_28x16",0.0957366364397457,0.111060389843574,0.0818503051676297,0.368857495998587,0.0701079678752419,0.0630178005797388,0.0470765096483921,0.0706109205272012,0.0916819739198902,"Human_Breast_He_06222020_ST_BC23377_C2"
"Human_Breast_He_06222020_ST_BC23377_C2_14x11",0.115137628437815,0.174968425624551,0.102677064434199,0.300784428250552,0.0858588545475643,0.0238175920905474,0.122523461262623,0.00144543701474724,0.0727871083374007,"Human_Breast_He_06222020_ST_BC23377_C2"
"Human_Breast_He_06222020_ST_BC23377_C2_14x8",0.127532276179355,0.0881537922982983,0.0461954463999956,0.495367356025996,0.0859271649640732,0.0318382473226556,0.0674177265841559,0.0025831642914067,0.0549848259340638,"Human_Breast_He_06222020_ST_BC23377_C2"
"Human_Breast_He_06222020_ST_BC23377_C2_26x14",0.164480454496483,0.123207249659598,0.176073160724374,0.214431103968023,0.0544187241889285,0.119658591547295,0.0388228024408542,0.03564685155734,0.0732610614171047,"Human_Breast_He_06222020_ST_BC23377_C2"
"Human_Breast_He_06222020_ST_BC23377_C2_20x8",0.0618735331314368,0.310382186083324,0.324643695675465,0.0491514008878251,0.0284926726573593,0.0982197845643827,0.0389930805008255,0.0103746389563609,0.0778690075430206,"Human_Breast_He_06222020_ST_BC23377_C2"
"Human_Breast_He_06222020_ST_BC23377_C2_20x9",0.107631706429675,0.157989933169872,0.197628141532366,0.236721589151498,0.0766795523778395,0.108862671017473,0.0343013132515983,0.0420155370064443,0.0381695560632344,"Human_Breast_He_06222020_ST_BC23377_C2"
"Human_Breast_He_06222020_ST_BC23377_C2_20x6",0.186166452704656,0.215024076227231,0.15426453883325,0.142092743370372,0.0484130953994405,0.025219871611729,0.0318883523543997,0.115848335287605,0.0810825342113167,"Human_Breast_He_06222020_ST_BC23377_C2"
"Human_Breast_He_06222020_ST_BC23377_C2_20x7",0.0740020207299194,0.235167206703632,0.178627789931225,0.199668621434632,0.0445022362144225,0.03054922815343,0.0939348773540189,0.035310242823396,0.108237776655324,"Human_Breast_He_06222020_ST_BC23377_C2"
"Human_Breast_He_06222020_ST_BC23377_C2_20x4",0.204873833201319,0.0880889472192417,0.166521878548986,0.323554532775449,0.0684483843154449,0.0310760355562163,0.0171026776279052,0.0226160175380817,0.0777176932173563,"Human_Breast_He_06222020_ST_BC23377_C2"
"Human_Breast_He_06222020_ST_BC23377_C2_20x5",0.0607515461944594,0.121781775497104,0.239509241005992,0.276512591491298,0.0332957775865303,0.060375663653585,0.0520129071290173,0.0891790885605157,0.0665814088814977,"Human_Breast_He_06222020_ST_BC23377_C2"
"Human_Breast_He_06222020_ST_BC23377_C2_26x15",0.0817665329028208,0.063952771511921,0.0902494734911348,0.360535997025105,0.12384875221159,0.0431942571643235,0.075397759032725,0.0165312233856059,0.144523233274773,"Human_Breast_He_06222020_ST_BC23377_C2"
"Human_Breast_He_06222020_ST_BC23377_C2_6x33",0.11160208340833,0.153462394523748,0.0914628583739415,0.180494968130247,0.167451347837053,0.0105447556615832,0.0725968075521002,0.092473153623108,0.119911630889889,"Human_Breast_He_06222020_ST_BC23377_C2"
"Human_Breast_He_06222020_ST_BC23377_C2_6x32",0.0626962528421917,0.0724116085534047,0.19694708861646,0.372034349521137,0.0783955223158555,0.0724350016780783,0.0446157232092028,0.0339932505466888,0.0664712027169807,"Human_Breast_He_06222020_ST_BC23377_C2"
"Human_Breast_He_06222020_ST_BC23377_C2_6x31",0.11460182064336,0.128712115993694,0.125954255616331,0.263447796322696,0.0790680194123533,0.0942916592438443,0.0330461911039025,0.0323785002900484,0.128499641373771,"Human_Breast_He_06222020_ST_BC23377_C2"
"Human_Breast_He_06222020_ST_BC23377_C2_6x30",0.131403252260588,0.143351536735451,0.198759123346258,0.267044964740849,0.0738909110460735,0.0748800664325766,0.0500120966628771,0.0104207181945819,0.0502373305807455,"Human_Breast_He_06222020_ST_BC23377_C2"
"Human_Breast_He_06222020_ST_BC23377_C2_6x34",0.0897402213594613,0.100908993625294,0.15749525391032,0.295234040922645,0.132436287459928,0.0267752134663815,0.0637731471088926,0.0468536529285503,0.0867831892185271,"Human_Breast_He_06222020_ST_BC23377_C2"
"Human_Breast_He_06222020_ST_BC23377_C2_29x8",0.0607941299093668,0.177974200097274,0.236996905533502,0.176436495082192,0.0821119467554753,0.100676356393935,0.0680713989742813,0.0093506832680599,0.0875878839859131,"Human_Breast_He_06222020_ST_BC23377_C2"
"Human_Breast_He_06222020_ST_BC23377_C2_23x19",0.0619547298540401,0.0532352262556474,0.0492267584079756,0.485752161618183,0.0625322101032312,0.0418728162336127,0.126681387974766,0.00699827623345776,0.111746433319087,"Human_Breast_He_06222020_ST_BC23377_C2"
"Human_Breast_He_06222020_ST_BC23377_C2_23x18",0.088993267419206,0.135833243923947,0.0461311645914299,0.396792925644455,0.126186779764219,0.0724169719049352,0.0543742504087042,0.0182367657651902,0.0610346305779145,"Human_Breast_He_06222020_ST_BC23377_C2"
"Human_Breast_He_06222020_ST_BC23377_C2_23x11",0.0652600467032143,0.106352550907212,0.0647008917483386,0.373824171940072,0.107641895726273,0.037136725023391,0.129070854135292,0.00634443250252382,0.109668431313683,"Human_Breast_He_06222020_ST_BC23377_C2"
"Human_Breast_He_06222020_ST_BC23377_C2_19x8",0.0318950779728183,0.241778519716592,0.15456535361853,0.253323342551498,0.05327286485633,0.0720733465808258,0.0402458335042012,0.10647102814831,0.0463746330508953,"Human_Breast_He_06222020_ST_BC23377_C2"
"Human_Breast_He_06222020_ST_BC23377_C2_23x13",0.0675181312160447,0.167226863165635,0.0387383822451973,0.312948331352328,0.0218063563991888,0.243839159540413,0.0443108546541363,0.0527742842225872,0.0508376372044696,"Human_Breast_He_06222020_ST_BC23377_C2"
"Human_Breast_He_06222020_ST_BC23377_C2_23x12",0.114013530759239,0.0476278162644147,0.0764434923293796,0.409174330340732,0.0455325660790573,0.0893019861994332,0.0529968167865447,0.0178332529013627,0.147076208339836,"Human_Breast_He_06222020_ST_BC23377_C2"
"Human_Breast_He_06222020_ST_BC23377_C2_23x15",0.0657915190543791,0.16998685625662,0.0604181424486507,0.370117536649958,0.0901744164138021,0.104924961980862,0.0384402445773512,0.028295462113622,0.0718508605047554,"Human_Breast_He_06222020_ST_BC23377_C2"
"Human_Breast_He_06222020_ST_BC23377_C2_23x14",0.0602251084734449,0.124407982945352,0.075774534609315,0.370431094919561,0.0904083353682371,0.155749089331334,0.0459449889207136,0.0250751809011054,0.0519836845309372,"Human_Breast_He_06222020_ST_BC23377_C2"
"Human_Breast_He_06222020_ST_BC23377_C2_23x17",0.0386468268221125,0.112900086138421,0.0857441761371872,0.481735172502182,0.0765213503756193,0.0937831291296927,0.0474670338092846,0.0116280501852677,0.0515741749002331,"Human_Breast_He_06222020_ST_BC23377_C2"
"Human_Breast_He_06222020_ST_BC23377_C2_23x16",0.0961468265562224,0.122923926677726,0.0713480273789193,0.3140574480117,0.0983945104787152,0.129070308239702,0.0494716734748816,0.0397372791766229,0.0788500000055107,"Human_Breast_He_06222020_ST_BC23377_C2"
"Human_Breast_He_06222020_ST_BC23377_C2_8x22",0.067116350313815,0.12755754479873,0.134482757292717,0.39114247510532,0.0709340461310398,0.0322441164873567,0.0908948008437812,0.00434430987024719,0.0812835991569934,"Human_Breast_He_06222020_ST_BC23377_C2"
"Human_Breast_He_06222020_ST_BC23377_C2_8x23",0.144022400789694,0.062808952354867,0.0459893713351043,0.543756890195557,0.0590694436529636,0.0100143977429055,0.0805461293073183,0.00122759903465008,0.0525648155869397,"Human_Breast_He_06222020_ST_BC23377_C2"
"Human_Breast_He_06222020_ST_BC23377_C2_23x3",0.0964142491626645,0.109251737445963,0.205835046092282,0.154746724616126,0.069154049392351,0.168545417022905,0.0526593615983856,0.0414339057546029,0.10195950891472,"Human_Breast_He_06222020_ST_BC23377_C2"
"Human_Breast_He_06222020_ST_BC23377_C2_11x17",0.0740420378142796,0.0607890775988626,0.0960376761781508,0.451990939228515,0.080764485792379,0.0353887385761904,0.0948978776471961,0.00106366314233331,0.105025504022093,"Human_Breast_He_06222020_ST_BC23377_C2"
"Human_Breast_He_06222020_ST_BC23377_C2_8x26",0.291341151294184,0.0569625349821223,0.0662834724965715,0.259849980350674,0.0580219144999589,0.0522502989882444,0.0940212304594222,0.00047447791541947,0.120794939013404,"Human_Breast_He_06222020_ST_BC23377_C2"
"Human_Breast_He_06222020_ST_BC23377_C2_23x4",0.23704936164796,0.085887170523391,0.249117378408059,0.266373266849266,0.0220902405789227,0.00291296569357824,0.082139685183334,0.0196787806351987,0.03475115048029,"Human_Breast_He_06222020_ST_BC23377_C2"
"Human_Breast_He_06222020_ST_BC23377_C2_8x24",0.0891826356964121,0.0619265307538067,0.144439754328136,0.476642831389739,0.0538284009117288,0.0186358306606271,0.0928969383448735,0.01792173044045,0.044525347474227,"Human_Breast_He_06222020_ST_BC23377_C2"
"Human_Breast_He_06222020_ST_BC23377_C2_8x25",0.0839164473698289,0.15635879780125,0.162540272645086,0.229343457807245,0.0767866333982763,0.03662499177549,0.0954732649409404,0.00811750883349295,0.15083862542839,"Human_Breast_He_06222020_ST_BC23377_C2"
"Human_Breast_He_06222020_ST_BC23377_C2_23x9",0.0970249561380219,0.0553654616749653,0.13826334168148,0.525737403232635,0.0549560210801025,0.0243873537481494,0.0517269594453638,0.00058487492249117,0.0519536280767915,"Human_Breast_He_06222020_ST_BC23377_C2"
"Human_Breast_He_06222020_ST_BC23377_C2_23x8",0.10487556211624,0.170109094393623,0.207022736818315,0.322180638405465,0.0292580530729442,0.0266947599364397,0.0769621044907192,0.0119185800508765,0.050978470715378,"Human_Breast_He_06222020_ST_BC23377_C2"
"Human_Breast_He_06222020_ST_BC23377_C2_8x28",0.055266278191527,0.0930162644499991,0.264062134697264,0.376490512056608,0.0528945280002445,0.0321933326217113,0.0421717283217237,0.0133127293627705,0.0705924922981516,"Human_Breast_He_06222020_ST_BC23377_C2"
"Human_Breast_He_06222020_ST_BC23377_C2_8x29",0.1326314947155,0.148960112983813,0.0689553831751628,0.30676080298393,0.10262600896211,0.0384377913075586,0.106173419695776,0.0109499049904077,0.0845050811857414,"Human_Breast_He_06222020_ST_BC23377_C2"
"Human_Breast_He_06222020_ST_BC23377_C2_11x18",0.116914767570985,0.133612678990709,0.114230800159294,0.413126391063886,0.0637160577322174,0.0306120692175987,0.0559109480113767,0.0102361806614027,0.0616401065925307,"Human_Breast_He_06222020_ST_BC23377_C2"
"Human_Breast_He_06222020_ST_BC23377_C2_11x19",0.0735667652850732,0.0554757826394216,0.124866165985223,0.404800607633233,0.0907698108692973,0.0243608359143616,0.105839323894681,0.00386981460753851,0.116450893171171,"Human_Breast_He_06222020_ST_BC23377_C2"
"Human_Breast_He_06222020_ST_BC23377_C2_2x17",0.146815679507096,0.0909360352648817,0.127542265349566,0.365767020655315,0.0933624783703537,0.0191709324223299,0.0432897053068371,0.0500910978942457,0.0630247852293749,"Human_Breast_He_06222020_ST_BC23377_C2"
"Human_Breast_He_06222020_ST_BC23377_C2_30x14",0.117729576182697,0.157607621135077,0.110585540789985,0.331700219585485,0.0437091069293411,0.0732016597471914,0.0514967494031813,0.00182363760919059,0.112145888617852,"Human_Breast_He_06222020_ST_BC23377_C2"
"Human_Breast_He_06222020_ST_BC23377_C2_17x15",0.196260175376368,0.0441403137090358,0.0745361397397638,0.41699839957903,0.0711242732393587,0.0296430365105955,0.0829694276314375,0.0039951218015028,0.0803331124129085,"Human_Breast_He_06222020_ST_BC23377_C2"
"Human_Breast_He_06222020_ST_BC23377_C2_2x19",0.0821289097224315,0.0767334794284158,0.104975365779067,0.471105195323743,0.0626389403340594,0.0486673439595221,0.0685631198523939,0.0276510886935415,0.057536556906826,"Human_Breast_He_06222020_ST_BC23377_C2"
"Human_Breast_He_06222020_ST_BC23377_C2_2x18",0.137645176218508,0.0890207803406108,0.116595013834297,0.355983997566757,0.0532980807905694,0.0281634118114738,0.0715857789605389,0.0882921080174617,0.059415652459784,"Human_Breast_He_06222020_ST_BC23377_C2"
"Human_Breast_He_06222020_ST_BC23377_C2_17x12",0.150293137127883,0.036321119858538,0.0507514001853264,0.443624073434451,0.0673813981695244,0.0583547951405558,0.129547634383109,0.00528027798556999,0.0584461637150426,"Human_Breast_He_06222020_ST_BC23377_C2"
"Human_Breast_He_06222020_ST_BC23377_C2_17x13",0.108379213192072,0.0980777907564263,0.138257118883132,0.294494023680856,0.125383177150791,0.0411671232829846,0.0545455196645485,0.00515014301274709,0.134545890376442,"Human_Breast_He_06222020_ST_BC23377_C2"
"Human_Breast_He_06222020_ST_BC23377_C2_17x10",0.0678435075092167,0.0703469544670152,0.0382252407375724,0.291490070802459,0.117915790520785,0.0193434323199461,0.127657587783527,0.0694362984807873,0.197741117378691,"Human_Breast_He_06222020_ST_BC23377_C2"
"Human_Breast_He_06222020_ST_BC23377_C2_17x11",0.102934551191868,0.0585041937771081,0.0905266413018587,0.465691616646424,0.0778101668144534,0.0385960758502851,0.0724532336890712,0.0110974675302341,0.082386053198697,"Human_Breast_He_06222020_ST_BC23377_C2"
"Human_Breast_He_06222020_ST_BC23377_C2_17x16",0.0857244357679481,0.0695152917055736,0.0752415489760017,0.494329332734942,0.064055338426172,0.0145021150502111,0.0948301552937478,0.00739972649098008,0.0944020555544232,"Human_Breast_He_06222020_ST_BC23377_C2"
"Human_Breast_He_06222020_ST_BC23377_C2_17x17",0.128329371206597,0.0930972361150561,0.0744302177271829,0.367663773719741,0.0589208532228023,0.0694812929815688,0.0873753441940431,0.0032113643725201,0.117490546460489,"Human_Breast_He_06222020_ST_BC23377_C2"
"Human_Breast_He_06222020_ST_BC23377_C2_26x18",0.064991579783422,0.0743614253312308,0.111929970930195,0.536662601008566,0.0823095258497318,0.0190035596438358,0.0654823011132498,0.00288064369245532,0.0423783926473133,"Human_Breast_He_06222020_ST_BC23377_C2"
"Human_Breast_He_06222020_ST_BC23377_C2_26x19",0.0869502536287395,0.089450857557552,0.0525248841409083,0.484688555496535,0.0660449665785788,0.0623007001047984,0.0644457782638293,0.0148548873051799,0.0787391169238784,"Human_Breast_He_06222020_ST_BC23377_C2"
"Human_Breast_He_06222020_ST_BC23377_C2_26x16",0.0782627579986113,0.0763038784478033,0.0663597032204803,0.413482898808805,0.1511466248438,0.0183339307618046,0.093932063623351,0.00353821850602031,0.0986399237893241,"Human_Breast_He_06222020_ST_BC23377_C2"
"Human_Breast_He_06222020_ST_BC23377_C2_26x17",0.143168299246057,0.0426178977074144,0.0892229809472629,0.31115304528933,0.0849501291214466,0.0422060195983886,0.10395790618021,0.00765197783174722,0.175071744078143,"Human_Breast_He_06222020_ST_BC23377_C2"
"Human_Breast_He_06222020_ST_BC23377_C2_17x18",0.134745003846555,0.108080186323815,0.0456343576338151,0.346762694602332,0.0791307992571542,0.0298258097768358,0.134838660906909,0.0020554323339602,0.118927055318623,"Human_Breast_He_06222020_ST_BC23377_C2"
"Human_Breast_He_06222020_ST_BC23377_C2_17x19",0.11000925111987,0.0402503977776899,0.0670686660167738,0.357537866579368,0.0773745574799152,0.0226299911349344,0.0893694318993375,0.0156423766155011,0.220117461376611,"Human_Breast_He_06222020_ST_BC23377_C2"
"Human_Breast_He_06222020_ST_BC23377_C2_26x12",0.0688744921459949,0.161205199976435,0.0852833945397226,0.360244269935733,0.0211101814639715,0.193845896389843,0.0617704628921734,0.00453416889098139,0.0431319337651455,"Human_Breast_He_06222020_ST_BC23377_C2"
"Human_Breast_He_06222020_ST_BC23377_C2_26x13",0.143685287681047,0.111775018528994,0.0385642553127319,0.414538989320238,0.0641614016589554,0.0806184254019914,0.0872900396532628,0.00506438510696828,0.0543021973358108,"Human_Breast_He_06222020_ST_BC23377_C2"
"Human_Breast_He_06222020_ST_BC23377_C2_26x10",0.123937862064549,0.161504188374241,0.141942754102043,0.234132090514068,0.0398981164760724,0.111027780500132,0.0509859196930378,0.0344243109415781,0.102146977334279,"Human_Breast_He_06222020_ST_BC23377_C2"
"Human_Breast_He_06222020_ST_BC23377_C2_13x31",0.193169182962906,0.0750544055563653,0.140820353010784,0.271677693932631,0.086112169247942,0.0312153841640005,0.108719976857479,0.0132572861991244,0.0799735480687678,"Human_Breast_He_06222020_ST_BC23377_C2"
"Human_Breast_He_06222020_ST_BC23377_C2_31x16",0.125222472595602,0.102517400471858,0.0526280652780152,0.522570698250428,0.0501291965600099,0.0104884869915767,0.0408284664761853,0.00765345710290574,0.0879617562734189,"Human_Breast_He_06222020_ST_BC23377_C2"
"Human_Breast_He_06222020_ST_BC23377_C2_31x17",0.0548583801045961,0.109339063684149,0.157967916410185,0.496118011520258,0.0747241472066635,0.012254248157159,0.0252973903677137,0.00159909286835332,0.0678417496809224,"Human_Breast_He_06222020_ST_BC23377_C2"
"Human_Breast_He_06222020_ST_BC23377_C2_31x14",0.0211184404953913,0.107141761267234,0.0733279765884672,0.607571121246121,0.0295822123220675,0.0195893103766118,0.0516133465377033,0.0283557460442031,0.0617000851222009,"Human_Breast_He_06222020_ST_BC23377_C2"
"Human_Breast_He_06222020_ST_BC23377_C2_31x15",0.0461120469165272,0.0940762092705628,0.0303542522277767,0.566741828088192,0.0972145095488435,0.00599612833206786,0.0627257004938248,0.0330989272191909,0.0636803979030142,"Human_Breast_He_06222020_ST_BC23377_C2"
"Human_Breast_He_06222020_ST_BC23377_C2_31x12",0.109560518124178,0.111588087616893,0.138631138750104,0.225824623459443,0.0798362417700857,0.0388252857078177,0.0584737553534806,0.11141910739152,0.12584124182648,"Human_Breast_He_06222020_ST_BC23377_C2"
"Human_Breast_He_06222020_ST_BC23377_C2_13x32",0.118958404375358,0.0736503087910058,0.0362488983152153,0.219551317438404,0.233054655487872,0.0171751760676939,0.0927822404721124,0.0144369276490089,0.194142071403331,"Human_Breast_He_06222020_ST_BC23377_C2"
"Human_Breast_He_06222020_ST_BC23377_C2_31x10",0.0361896273791216,0.0927577270699548,0.235083218970024,0.210778184748585,0.0436131446727016,0.116703891478292,0.0362860210237626,0.092963114551304,0.135625070106254,"Human_Breast_He_06222020_ST_BC23377_C2"
"Human_Breast_He_06222020_ST_BC23377_C2_31x11",0.0555736896195656,0.141968003285574,0.24217908640119,0.293732976813824,0.0529474868379554,0.0516361967536958,0.0911736772653777,0.0114642776304443,0.0593246053923729,"Human_Breast_He_06222020_ST_BC23377_C2"
"Human_Breast_He_06222020_ST_BC23377_C2_13x33",0.0544638767036274,0.0742754303698272,0.104020713448962,0.382206829839975,0.12735945024777,0.041687852956828,0.073130635907792,0.00184481746956128,0.141010393055658,"Human_Breast_He_06222020_ST_BC23377_C2"
"Human_Breast_He_06222020_ST_BC23377_C2_31x18",0.123867834691855,0.137460407822485,0.0862539962573123,0.384710664220898,0.0854982646202763,0.0397989047211738,0.0965192535856213,0.00261225279897844,0.0432784212814,"Human_Breast_He_06222020_ST_BC23377_C2"
"Human_Breast_He_06222020_ST_BC23377_C2_31x19",0.131520491652206,0.0801876136103635,0.0964854027753089,0.266736971556862,0.089944704009444,0.0515619940994784,0.123265929203043,0.0643929208471384,0.0959039722461551,"Human_Breast_He_06222020_ST_BC23377_C2"
"Human_Breast_He_06222020_ST_BC23377_C2_10x26",0.0907989851740762,0.0465130064426524,0.103608001111581,0.471066102680204,0.091989367012212,0.0248376247453654,0.0916533172289362,0.00188936276851063,0.0776442328364622,"Human_Breast_He_06222020_ST_BC23377_C2"
"Human_Breast_He_06222020_ST_BC23377_C2_10x27",0.137159572852554,0.103082705085842,0.0704385668636056,0.451477537801838,0.0958065299252967,0.0172801184922202,0.0384015717018803,0.00758521999648957,0.0787681772802734,"Human_Breast_He_06222020_ST_BC23377_C2"
"Human_Breast_He_06222020_ST_BC23377_C2_10x24",0.123544986600761,0.139565799602172,0.0725568020808226,0.344284023409258,0.0499468335024887,0.074918388964307,0.0813287671871949,0.00132813051453191,0.112526268138464,"Human_Breast_He_06222020_ST_BC23377_C2"
"Human_Breast_He_06222020_ST_BC23377_C2_10x25",0.100325089524667,0.0988204401361189,0.145486361797886,0.309244855262754,0.0752903263330066,0.0415237537496916,0.118420289284116,0.0143417438269952,0.096547140084765,"Human_Breast_He_06222020_ST_BC23377_C2"
"Human_Breast_He_06222020_ST_BC23377_C2_10x22",0.111501171619149,0.0501335314605146,0.0547023668062123,0.492130689795368,0.0987783408716655,0.00531534097111743,0.0771470663300897,0.00293628084460956,0.107355211301274,"Human_Breast_He_06222020_ST_BC23377_C2"
"Human_Breast_He_06222020_ST_BC23377_C2_10x23",0.11064392829334,0.0737049173396903,0.0508888073243876,0.484160000211884,0.0843194439687829,0.0103620121129925,0.0461407188681857,0.0230736706130984,0.116706501267638,"Human_Breast_He_06222020_ST_BC23377_C2"
"Human_Breast_He_06222020_ST_BC23377_C2_10x20",0.121543893770187,0.0791452085947829,0.13709200414755,0.313300529249187,0.0633660737325221,0.0536444252352668,0.0764119107291506,0.00700481557469475,0.14849113896666,"Human_Breast_He_06222020_ST_BC23377_C2"
"Human_Breast_He_06222020_ST_BC23377_C2_10x21",0.160749860931095,0.0967876923760502,0.113238186795415,0.215813991293241,0.144067634322555,0.056171329312515,0.0963893723341889,0.00535662632240724,0.111425306312533,"Human_Breast_He_06222020_ST_BC23377_C2"
"Human_Breast_He_06222020_ST_BC23377_C2_26x11",0.114624975447033,0.080059214923988,0.140497253589311,0.305892517025869,0.108599935673657,0.0697094149833594,0.115910708555062,0.0079482572701619,0.056757722531559,"Human_Breast_He_06222020_ST_BC23377_C2"
"Human_Breast_He_06222020_ST_BC23377_C2_10x28",0.130331778875319,0.137645730280547,0.0855123671257174,0.386998518497415,0.0412441505984535,0.0859755291265281,0.064627251455126,0.00552307396944371,0.0621416000714501,"Human_Breast_He_06222020_ST_BC23377_C2"
"Human_Breast_He_06222020_ST_BC23377_C2_10x29",0.1053503368824,0.113298594371733,0.165028361444904,0.34114704894454,0.0668708201260831,0.0626553012491519,0.0519938647030077,0.00584124582140971,0.0878144264567711,"Human_Breast_He_06222020_ST_BC23377_C2"
"Human_Breast_He_06222020_ST_BC23377_C2_7x16",0.065531697913918,0.114033057889966,0.131373603243123,0.38935309257668,0.0633618558469248,0.0138375716831854,0.106783007268911,0.0319676028487041,0.0837585107285888,"Human_Breast_He_06222020_ST_BC23377_C2"
"Human_Breast_He_06222020_ST_BC23377_C2_7x17",0.093805565923006,0.054689399621557,0.0346336769950472,0.542003517670448,0.0651449364925965,0.0132160826106914,0.116203508994187,0.0518653724005821,0.0284379392918842,"Human_Breast_He_06222020_ST_BC23377_C2"
"Human_Breast_He_06222020_ST_BC23377_C2_7x14",0.182821708059632,0.156080049326221,0.17793253974236,0.300525672850965,0.033565953023008,0.0281966823150437,0.0495507375463816,0.00420298049434512,0.0671236766420443,"Human_Breast_He_06222020_ST_BC23377_C2"
"Human_Breast_He_06222020_ST_BC23377_C2_7x15",0.378513608463717,0.131055177424223,0.166413288211073,0.0242280441509148,0.00798624092015684,0.181678628257948,0.0140688140657245,0.0061924067123304,0.0898637917939126,"Human_Breast_He_06222020_ST_BC23377_C2"
"Human_Breast_He_06222020_ST_BC23377_C2_7x13",0.062926501993077,0.121353830618217,0.273944538063476,0.181008019116135,0.0463206940172256,0.031586946536336,0.116386249364073,0.023106992539557,0.143366227751904,"Human_Breast_He_06222020_ST_BC23377_C2"
"Human_Breast_He_06222020_ST_BC23377_C2_12x13",0.0599269152877884,0.0692953469951039,0.0474944926315181,0.532195207097046,0.119648172496538,0.0018141158713155,0.0909873507717903,0.000793595118641548,0.0778448037302589,"Human_Breast_He_06222020_ST_BC23377_C2"
