"","Endothelial","CAFs","PVL","B-cells","T-cells","Myeloid","Normal Epithelial","Plasmablasts","Cancer Epithelial","sid"
"Human_Breast_Andersson_10142021_ST_B1_10x13",0.00759571044909569,0.067351009207084,0.0555987833666947,0.000993574582639091,0.00859403189495893,0.000658761655131642,0.0312841268367025,0.77638190981129,0.0515420921964033,"Human_Breast_Andersson_10142021_ST_B1"
"Human_Breast_Andersson_10142021_ST_B1_10x14",0.00183142787626756,0.00889874350123027,0.0246328885862494,7.46155381961474e-05,0.676020246275555,0.049830891058307,0.112600640388329,0.000187837167910182,0.125922709607955,"Human_Breast_Andersson_10142021_ST_B1"
"Human_Breast_Andersson_10142021_ST_B1_10x15",0.0424201840257094,0.0419989672867876,0.0076053667784628,0.0024300684805203,0.0211876552625871,0.00423612187082643,0.0348177267689827,0.539014259055656,0.306289650470467,"Human_Breast_Andersson_10142021_ST_B1"
"Human_Breast_Andersson_10142021_ST_B1_10x16",0.0569137314555996,0.0585086465583064,0.0115028177100374,0.0123357361095251,0.013660097620514,0.000297913643330398,0.321227877266907,0.392894703113851,0.13265847652193,"Human_Breast_Andersson_10142021_ST_B1"
"Human_Breast_Andersson_10142021_ST_B1_10x17",0.0207557079354578,0.0370219257776824,0.00573266441265449,0.08774274449879,0.0528361095909453,0.00293479733458178,0.145558155779877,0.537022156750304,0.110395737919708,"Human_Breast_Andersson_10142021_ST_B1"
"Human_Breast_Andersson_10142021_ST_B1_10x18",0.0279168933369509,0.0305706519864137,0.138882364225831,0.07299652105185,0.26919547220469,0.0987621741481019,0.132777725939744,0.164299291927296,0.0645989051791211,"Human_Breast_Andersson_10142021_ST_B1"
"Human_Breast_Andersson_10142021_ST_B1_10x19",0.0512808224060659,0.137053564861762,0.0960831348845618,0.017597101974304,0.297312783996001,0.105089418485,0.0563718114069938,0.00187472605445526,0.237336635930856,"Human_Breast_Andersson_10142021_ST_B1"
"Human_Breast_Andersson_10142021_ST_B1_10x20",0.00973645481931184,0.107581683934455,0.023801349982447,0.0178825890994866,0.00819349097879049,0.113026769470195,0.0767417217591755,0.622023929076953,0.021012010879185,"Human_Breast_Andersson_10142021_ST_B1"
"Human_Breast_Andersson_10142021_ST_B1_10x21",0.0111637302759009,0.125432071621734,0.00781123970249894,0.0056375425248141,0.00937785297513631,0.0943001186027449,0.108203318046016,0.422416371023192,0.215657755227963,"Human_Breast_Andersson_10142021_ST_B1"
"Human_Breast_Andersson_10142021_ST_B1_10x22",0.00433448209050329,0.0464093729433612,0.0167781663706615,0.00368148592183392,0.00591296800496836,0.0854467687838896,0.0297768456677113,0.529618629924959,0.278041280292112,"Human_Breast_Andersson_10142021_ST_B1"
"Human_Breast_Andersson_10142021_ST_B1_10x23",0.0329308282867262,0.0571572886561159,0.0329662918822221,0.00553523055318564,0.0103092799927413,0.0657441572687549,0.0732676189670707,0.450225457767521,0.271863846625662,"Human_Breast_Andersson_10142021_ST_B1"
"Human_Breast_Andersson_10142021_ST_B1_10x24",0.0981959728410696,0.0526877528740417,0.0590015347412461,0.0181910531049022,0.0184039886782345,0.0986909141850752,0.141113130749482,0.400372403892068,0.113343248933881,"Human_Breast_Andersson_10142021_ST_B1"
"Human_Breast_Andersson_10142021_ST_B1_10x25",0.0665289872553294,0.110107422176575,0.0389554758109727,0.0399045939715395,0.00827014461091293,0.0599819967903685,0.036419315575093,0.484129669573318,0.155702394235891,"Human_Breast_Andersson_10142021_ST_B1"
"Human_Breast_Andersson_10142021_ST_B1_10x26",0.00597471759441983,0.0336540019055927,0.0435287656077568,0.154544587642694,0.0431463757841452,0.113795848923473,0.217713107120092,0.301770308540146,0.0858722868816799,"Human_Breast_Andersson_10142021_ST_B1"
"Human_Breast_Andersson_10142021_ST_B1_10x27",0.05760223819682,0.120891592398678,0.00436103069147949,0.022612755496463,0.00145407834036849,0.138794350922458,0.152283246805893,0.447216241825336,0.0547844653225038,"Human_Breast_Andersson_10142021_ST_B1"
"Human_Breast_Andersson_10142021_ST_B1_10x28",0.00856237977377383,0.113428918687861,0.00383215789437471,0.0718370166569329,0.0853434480855932,0.154300821541572,0.259710130651666,0.0681986852432728,0.234786441464953,"Human_Breast_Andersson_10142021_ST_B1"
"Human_Breast_Andersson_10142021_ST_B1_10x29",0.00530501900643932,0.0385546063969491,0.0159142603513739,0.0467337492962858,0.0168741409378085,0.184144078990124,0.0372253802382226,0.432318508866264,0.222930255916533,"Human_Breast_Andersson_10142021_ST_B1"
"Human_Breast_Andersson_10142021_ST_B1_10x30",0.0136684468197311,0.075375792321557,0.0101091304074803,0.0428234874103263,0.0447996338936518,0.241500949751805,0.0855076965608068,0.161105189292297,0.325109673542345,"Human_Breast_Andersson_10142021_ST_B1"
"Human_Breast_Andersson_10142021_ST_B1_11x14",0.00420511678872618,0.0938373984917588,0.000760876960970927,0.00642679603286781,0.00198678188032169,0.0827198477894681,0.0866269421428961,0.688961316995142,0.0344749229178484,"Human_Breast_Andersson_10142021_ST_B1"
"Human_Breast_Andersson_10142021_ST_B1_11x15",0.00194029432687203,0.014462470242911,0.0127686622305428,0.344202474127384,0.002922027853457,0.108788352864719,0.0341167625691528,0.449412330041191,0.0313866257437702,"Human_Breast_Andersson_10142021_ST_B1"
"Human_Breast_Andersson_10142021_ST_B1_11x16",0.176466357226116,0.0275691744411689,0.00179813511885904,0.00502496901269845,0.00337036104158532,0.0176689519722245,0.280829259928436,0.00216529499398768,0.485107496264924,"Human_Breast_Andersson_10142021_ST_B1"
"Human_Breast_Andersson_10142021_ST_B1_11x18",0.00102533067379874,0.0526640387286864,0.0260668245952405,0.00997211687237721,0.0138202828113411,0.01194268166489,0.090782132253553,0.439378441574911,0.354348150825202,"Human_Breast_Andersson_10142021_ST_B1"
"Human_Breast_Andersson_10142021_ST_B1_11x19",0.003902538870838,0.00481946617406451,0.118814006940044,0.0549229453485098,0.0186914507971981,0.158837211990612,0.0520167961517879,0.145565632723222,0.442429951003724,"Human_Breast_Andersson_10142021_ST_B1"
"Human_Breast_Andersson_10142021_ST_B1_11x20",0.00201143008970595,0.0419279305648834,0.0101035320139493,0.139727710625847,0.113350721334242,0.163774470493749,0.0610552424798969,0.349402504729789,0.118646457667938,"Human_Breast_Andersson_10142021_ST_B1"
"Human_Breast_Andersson_10142021_ST_B1_11x21",0.00536927006076984,0.0809124128776839,0.00905009242641304,0.105408615537031,0.0748346285201903,0.194350172368918,0.0653229852025532,0.314240593576964,0.150511229429477,"Human_Breast_Andersson_10142021_ST_B1"
"Human_Breast_Andersson_10142021_ST_B1_11x22",0.0264072420025937,0.0662786437134244,0.0366228619934661,0.035918985719491,0.0301640153113871,0.0925512648396407,0.0407818934899852,0.543741230613059,0.127533862316952,"Human_Breast_Andersson_10142021_ST_B1"
"Human_Breast_Andersson_10142021_ST_B1_11x23",0.0971029321242674,0.149977207811615,0.0230952372466201,0.0123765263178606,0.00553206280989521,0.151307445414088,0.055849938894648,0.273957039484603,0.230801609896403,"Human_Breast_Andersson_10142021_ST_B1"
"Human_Breast_Andersson_10142021_ST_B1_11x24",0.0229114597523574,0.088476778037459,0.0653337801760969,0.0197153761644111,0.00504630757464949,0.145863854090589,0.127090782088003,0.350419938987431,0.175141723129003,"Human_Breast_Andersson_10142021_ST_B1"
"Human_Breast_Andersson_10142021_ST_B1_11x25",0.0271693520986692,0.140099827120539,0.0495722542098152,0.0238362330570048,0.0184109550199953,0.149979432747095,0.107439770851229,0.292906225203863,0.19058594969179,"Human_Breast_Andersson_10142021_ST_B1"
"Human_Breast_Andersson_10142021_ST_B1_11x26",0.0879345071182713,0.05777292918671,0.0212122548349867,0.0448853097368855,0.00589777093483425,0.154027568654151,0.127910008910114,0.39692406832009,0.103435582303957,"Human_Breast_Andersson_10142021_ST_B1"
"Human_Breast_Andersson_10142021_ST_B1_11x27",0.0148205060376135,0.0458074818655668,0.063637892293364,0.0301175001425084,0.0616747338589711,0.0993180083707947,0.275858987049965,0.345899947315909,0.0628649430653078,"Human_Breast_Andersson_10142021_ST_B1"
"Human_Breast_Andersson_10142021_ST_B1_11x28",0.022391404278287,0.114487368025702,0.0461567045348224,0.0228128618101526,0.0288002586907335,0.141326254299406,0.0993566971523045,0.367806120173639,0.156862331034953,"Human_Breast_Andersson_10142021_ST_B1"
"Human_Breast_Andersson_10142021_ST_B1_11x29",0.0184443757024711,0.111165259458344,0.0328618974836819,0.0368566274188621,0.0170831985645061,0.134661217251149,0.0493909867325935,0.347389108887967,0.252147328500426,"Human_Breast_Andersson_10142021_ST_B1"
"Human_Breast_Andersson_10142021_ST_B1_11x30",0.0328996530137636,0.0739610658866731,0.00899275058053734,0.0244485285198013,0.0393764852448751,0.19882924938697,0.154678092556061,0.297892062060719,0.1689221127506,"Human_Breast_Andersson_10142021_ST_B1"
"Human_Breast_Andersson_10142021_ST_B1_12x14",0.00137329889460674,0.259801417731466,2.96874180808994e-05,0.00321621992826153,0.47705673368318,0.000172290918463892,0.102767445701375,0.000794916835026687,0.154787988889539,"Human_Breast_Andersson_10142021_ST_B1"
"Human_Breast_Andersson_10142021_ST_B1_12x15",0.0155052681775868,0.0398011542480208,0.0242947420907071,0.15686499287429,0.0797833032135163,0.172451727001592,0.0181618456891082,0.363906748254375,0.129230218450804,"Human_Breast_Andersson_10142021_ST_B1"
"Human_Breast_Andersson_10142021_ST_B1_12x16",0.019270887285437,0.0650975319789569,0.000889540883662543,0.019935773984837,0.0101275828986027,0.0319747953714906,0.151324583732326,0.65479321754402,0.0465860863206665,"Human_Breast_Andersson_10142021_ST_B1"
"Human_Breast_Andersson_10142021_ST_B1_12x17",0.00285664973036784,0.0150983980904359,0.00223609153559334,0.134854960742816,0.0148534049285,0.234447926275329,0.073448431304659,0.094741200511093,0.427462936881206,"Human_Breast_Andersson_10142021_ST_B1"
"Human_Breast_Andersson_10142021_ST_B1_12x18",0.0203595816255107,0.0191517023404263,0.174929017055963,0.0342824176244647,0.0122455614253089,0.269650316570147,0.125237833080246,0.0124117555224312,0.331731814755503,"Human_Breast_Andersson_10142021_ST_B1"
"Human_Breast_Andersson_10142021_ST_B1_12x19",0.0335387662719139,0.0216257131320347,0.00311134256037509,0.0121806296792155,0.0143617331696822,0.0329274267639216,0.0365343392464561,0.723372062233661,0.12234798694274,"Human_Breast_Andersson_10142021_ST_B1"
"Human_Breast_Andersson_10142021_ST_B1_12x20",0.00209664054873756,0.0285690551052286,0.00461412229125021,0.173749716158838,0.11247912502616,0.211865080462715,0.0811186761782444,0.274835564021296,0.110672020207531,"Human_Breast_Andersson_10142021_ST_B1"
"Human_Breast_Andersson_10142021_ST_B1_12x21",0.0265398153828885,0.0475350675256373,0.00388451528705014,0.00479317964840105,0.0229972521837901,0.193041117656245,0.112295320741048,0.398883237035692,0.190030494539248,"Human_Breast_Andersson_10142021_ST_B1"
"Human_Breast_Andersson_10142021_ST_B1_12x22",0.0563378408430623,0.0241074565821104,0.00815607536469853,0.0134549097254059,0.000740063618862969,0.177606753350489,0.0577953191538144,0.483347835835575,0.178453745525982,"Human_Breast_Andersson_10142021_ST_B1"
"Human_Breast_Andersson_10142021_ST_B1_12x23",0.0123087623313398,0.0542108735662365,0.00827139945846127,0.0201744184235699,0.00579041762779531,0.140702107000575,0.128958858504821,0.512586743090904,0.116996419996297,"Human_Breast_Andersson_10142021_ST_B1"
"Human_Breast_Andersson_10142021_ST_B1_12x24",0.0331722655798922,0.0918707680786481,0.0290463462194584,0.00972874071796665,0.00591781623472586,0.175959243856896,0.175272941401653,0.272482138795381,0.206549739115378,"Human_Breast_Andersson_10142021_ST_B1"
"Human_Breast_Andersson_10142021_ST_B1_12x25",0.00450125871543734,0.0446593670065618,0.0118701989626985,0.0262642589039132,0.0158721567103277,0.20659371159785,0.42304201154194,0.19840791450218,0.068789122059091,"Human_Breast_Andersson_10142021_ST_B1"
"Human_Breast_Andersson_10142021_ST_B1_12x26",0.0287801392939704,0.0271886646914484,0.0426371922787261,0.0588845272351706,0.036102639972501,0.145925537136382,0.421145270292126,0.216630741277469,0.0227052878222068,"Human_Breast_Andersson_10142021_ST_B1"
"Human_Breast_Andersson_10142021_ST_B1_12x27",0.077383990006529,0.146221621064472,0.0141850474524093,0.0281084353669625,0.0146653790989644,0.0702971214923878,0.12788641817107,0.471687330419545,0.0495646569276607,"Human_Breast_Andersson_10142021_ST_B1"
"Human_Breast_Andersson_10142021_ST_B1_12x28",0.00370868771768916,0.0506756002738113,0.0188299722605359,0.0231686954776825,0.019944711412639,0.331864687429468,0.223684207964718,0.0513056980439021,0.276817739419554,"Human_Breast_Andersson_10142021_ST_B1"
"Human_Breast_Andersson_10142021_ST_B1_12x29",0.00375533503886849,0.0701215572229565,0.0103133723498886,0.0388508302908536,0.0166815922037057,0.175075664609875,0.078846714652983,0.375698075104022,0.230656858526847,"Human_Breast_Andersson_10142021_ST_B1"
"Human_Breast_Andersson_10142021_ST_B1_12x30",0.0105455902164369,0.0696875801163936,0.0043555459328893,0.0188699918566853,0.0325183601614894,0.136180568953038,0.244900754844816,0.417552189672953,0.0653894182452995,"Human_Breast_Andersson_10142021_ST_B1"
"Human_Breast_Andersson_10142021_ST_B1_13x15",0.033224933548445,0.122469176821203,0.0392953741623559,0.00182681982024737,0.448077090245066,0.0986763901339345,0.139672180660732,0.039528331564469,0.0772297030435474,"Human_Breast_Andersson_10142021_ST_B1"
"Human_Breast_Andersson_10142021_ST_B1_13x16",0.0341873823842697,0.00569780260102849,0.0470243638700547,0.541004351876725,0.0385977286314,0.055880064130668,0.0601322614710637,0.120950980199931,0.0965250648348601,"Human_Breast_Andersson_10142021_ST_B1"
"Human_Breast_Andersson_10142021_ST_B1_13x17",0.00835744194013256,0.00551735305242339,0.0893940190695218,0.143611778562689,0.235608628732443,0.0519935709591629,0.159164459342671,0.0514310142191231,0.254921734121834,"Human_Breast_Andersson_10142021_ST_B1"
"Human_Breast_Andersson_10142021_ST_B1_13x18",0.0720087175753413,0.109333428823305,0.0465681730983947,0.000571498239364225,0.00821980128656056,0.00563390051278589,0.0372011199184723,0.697459028164351,0.0230043323814251,"Human_Breast_Andersson_10142021_ST_B1"
"Human_Breast_Andersson_10142021_ST_B1_13x19",0.186301163718969,0.0379450542782288,0.028105452097093,0.0915919133860538,0.00684919157612037,0.351311421287101,0.046864017448159,0.0609306801938024,0.190101106014473,"Human_Breast_Andersson_10142021_ST_B1"
"Human_Breast_Andersson_10142021_ST_B1_13x20",0.0370752985915844,0.010746312385939,0.0290111442877533,0.0439218823884064,0.0204814392906261,0.265942323812523,0.0448681249422789,0.454131106817195,0.093822367483694,"Human_Breast_Andersson_10142021_ST_B1"
"Human_Breast_Andersson_10142021_ST_B1_13x21",0.0131674216271519,0.026806621836125,0.00928585415112623,0.00737216604249173,0.00130103880711376,0.125518543038293,0.0384667760190212,0.552139397247959,0.225942181230718,"Human_Breast_Andersson_10142021_ST_B1"
"Human_Breast_Andersson_10142021_ST_B1_13x22",0.0644616161138418,0.0172556767226415,0.0141090057215722,0.0161623039266868,0.032432772441528,0.0666839740856617,0.0132263895325134,0.588214232140363,0.187454029315192,"Human_Breast_Andersson_10142021_ST_B1"
"Human_Breast_Andersson_10142021_ST_B1_13x23",0.0234834091232913,0.193109861199726,0.0112165233089672,0.00453698492427545,0.0237797587559462,0.0666092427897387,0.160575545810627,0.159927404236327,0.356761269851102,"Human_Breast_Andersson_10142021_ST_B1"
"Human_Breast_Andersson_10142021_ST_B1_13x24",0.0482753877815612,0.070980243703994,0.00458427165557326,0.0261987201955051,0.00967061874379193,0.258126530986687,0.290771125947046,0.153958079406935,0.137435021578907,"Human_Breast_Andersson_10142021_ST_B1"
"Human_Breast_Andersson_10142021_ST_B1_13x25",0.0412988986558295,0.124516239659738,0.0321977176044121,0.00916318930463489,0.0146218124602395,0.0804557266053292,0.257371200414851,0.335484292310855,0.104890922984111,"Human_Breast_Andersson_10142021_ST_B1"
"Human_Breast_Andersson_10142021_ST_B1_13x26",0.00740910749445837,0.0644698966945584,0.0162464518206068,0.0118763210922378,0.0840442479815267,0.0683749099082943,0.121049361677387,0.467034497333738,0.159495205997192,"Human_Breast_Andersson_10142021_ST_B1"
"Human_Breast_Andersson_10142021_ST_B1_13x27",0.0428748559653591,0.0756496461473191,0.0284416440219549,0.0230327042312345,0.0032373560727326,0.19321915263452,0.0257795801145192,0.466501193746643,0.141263867065719,"Human_Breast_Andersson_10142021_ST_B1"
"Human_Breast_Andersson_10142021_ST_B1_13x28",0.0565303175975427,0.0243007885065852,0.0235679529883378,0.0169479990260684,0.0398992223570495,0.18887533240975,0.0360843732111155,0.386452145154253,0.227341868749298,"Human_Breast_Andersson_10142021_ST_B1"
"Human_Breast_Andersson_10142021_ST_B1_13x29",0.00274849242527303,0.0946931715576291,0.0445429880776273,0.0194877179724941,0.0590496010755047,0.199581744016087,0.0765121650801098,0.195738279140398,0.307645840654876,"Human_Breast_Andersson_10142021_ST_B1"
"Human_Breast_Andersson_10142021_ST_B1_14x17",0.011755809342576,0.000967293490125058,0.00322724042587182,0.0870347184717902,0.111047333423399,0.00271032203943847,0.393159770622731,0.146666067092992,0.243431445091076,"Human_Breast_Andersson_10142021_ST_B1"
"Human_Breast_Andersson_10142021_ST_B1_14x18",0.03036351099313,0.121954220469517,0.00697895771771823,0.00816064100322613,0.0215563253518395,0.00499527040890127,0.0184087311949526,0.620788563785624,0.166793779075091,"Human_Breast_Andersson_10142021_ST_B1"
"Human_Breast_Andersson_10142021_ST_B1_14x19",0.102154723162238,0.0878209794569891,0.0204990936393307,0.0330918706823719,0.0159613661770755,0.0426777962415601,0.074020211972309,0.379242439074181,0.244531519593945,"Human_Breast_Andersson_10142021_ST_B1"
"Human_Breast_Andersson_10142021_ST_B1_14x20",0.014121012990951,0.0509798685291807,0.0142293068292077,0.0532728637133548,0.277668380721279,0.130720598895222,0.0684333852993319,0.0930500985025506,0.297524484518923,"Human_Breast_Andersson_10142021_ST_B1"
"Human_Breast_Andersson_10142021_ST_B1_14x21",0.022435777021269,0.0545570507797994,0.011091962258774,0.0145553588510699,0.0300700115136081,0.201901752775338,0.0150234077047633,0.477058782435179,0.173305896660199,"Human_Breast_Andersson_10142021_ST_B1"
"Human_Breast_Andersson_10142021_ST_B1_14x22",0.0030697446538145,0.11774963536576,0.0960197895871082,0.0456518231134354,0.140800381996426,0.0281512378392568,0.0183566467031346,0.320071767457126,0.230128973283939,"Human_Breast_Andersson_10142021_ST_B1"
"Human_Breast_Andersson_10142021_ST_B1_14x23",0.0637042239084317,0.0266996858827322,0.00925366592694501,0.0149819997824238,0.0131730225594424,0.159129873469491,0.0308737306058188,0.502218743479325,0.17996505438539,"Human_Breast_Andersson_10142021_ST_B1"
"Human_Breast_Andersson_10142021_ST_B1_14x24",0.024910942737868,0.116704978314469,0.0134184683256193,0.00398261241667158,0.00111491300821625,0.16546232090386,0.0974871008756603,0.461735944141964,0.115182719275672,"Human_Breast_Andersson_10142021_ST_B1"
"Human_Breast_Andersson_10142021_ST_B1_14x25",0.0111904363287117,0.0709115765542246,0.00870935898578398,0.0398767659542068,0.0262659954218781,0.126026381809954,0.0843223124226815,0.371306966987839,0.261390205534721,"Human_Breast_Andersson_10142021_ST_B1"
"Human_Breast_Andersson_10142021_ST_B1_14x26",0.0357189536562482,0.0375079084453561,0.00775250979110325,0.0187552162796113,0.00966943525689615,0.0911183454184031,0.112092099383477,0.455967568673706,0.231417963095199,"Human_Breast_Andersson_10142021_ST_B1"
"Human_Breast_Andersson_10142021_ST_B1_14x27",0.00287154059942367,0.0406977874813977,0.0123343911801615,0.00335178475730095,0.0214857732370758,0.113781847597684,0.0568078611823117,0.460319195326843,0.288349818637802,"Human_Breast_Andersson_10142021_ST_B1"
"Human_Breast_Andersson_10142021_ST_B1_14x28",0.00978631547215537,0.0245346532854321,0.0204812867024103,0.011875786817864,0.0132382998328349,0.193761215087113,0.0544980848807894,0.38688082763119,0.284943530290211,"Human_Breast_Andersson_10142021_ST_B1"
"Human_Breast_Andersson_10142021_ST_B1_14x29",0.0252337468010719,0.0207240274065459,0.0112560469785744,0.0945878067665203,0.10640535296411,0.153587304848318,0.0589553981641144,0.254219014259076,0.27503130181167,"Human_Breast_Andersson_10142021_ST_B1"
"Human_Breast_Andersson_10142021_ST_B1_14x30",0.00210001784090225,0.0480751707211901,0.0251078371023684,0.129732371301926,0.0494962408922701,0.272181633272875,0.109707980082994,0.201820563621499,0.161778185163975,"Human_Breast_Andersson_10142021_ST_B1"
"Human_Breast_Andersson_10142021_ST_B1_15x17",0.0498459031712631,0.000747065038371257,0.00396510226275397,0.0874150807313751,0.000542145892000505,0.124884280688288,0.0768924401709267,0.424709244756365,0.230998737288656,"Human_Breast_Andersson_10142021_ST_B1"
"Human_Breast_Andersson_10142021_ST_B1_15x18",0.0498430426933726,0.00375856478933996,0.00204419056567805,0.000275661343986894,0.000347441606525178,0.00415828488962513,0.015915996183528,0.870588158219801,0.0530686597081432,"Human_Breast_Andersson_10142021_ST_B1"
"Human_Breast_Andersson_10142021_ST_B1_15x19",0.0155931577076585,0.120997316994334,0.0735151336766724,0.0292695221892439,0.00957359282738439,0.257436450694123,0.0670743226178304,0.224855964610192,0.201684538682561,"Human_Breast_Andersson_10142021_ST_B1"
"Human_Breast_Andersson_10142021_ST_B1_15x20",0.0794193510761819,0.0166541300601814,0.00162835050924349,0.300436162803945,0.30723364373972,0.0101104116656286,0.0323482837225531,0.021200066353358,0.230969600069188,"Human_Breast_Andersson_10142021_ST_B1"
"Human_Breast_Andersson_10142021_ST_B1_15x21",0.0224047006672609,0.00750317776458834,0.0127990566302233,0.00492353757291747,0.102559383479313,0.0434551442457521,0.107857392138044,0.382886767817553,0.315610839684347,"Human_Breast_Andersson_10142021_ST_B1"
"Human_Breast_Andersson_10142021_ST_B1_15x25",0.00261829698819533,0.0144479674114021,0.00651592570849664,0.0255575420387123,0.00604613997352412,0.238930820421074,0.0404198004753064,0.469122600701153,0.196340906282136,"Human_Breast_Andersson_10142021_ST_B1"
"Human_Breast_Andersson_10142021_ST_B1_15x26",0.0191515952568018,0.10145715008,0.0540602187822809,0.0188399037076449,0.0109976210724369,0.266298959048699,0.0485931472104227,0.192624973492824,0.287976431348889,"Human_Breast_Andersson_10142021_ST_B1"
"Human_Breast_Andersson_10142021_ST_B1_15x27",0.0209244966488546,0.112633421967508,0.0352423554196314,0.00391237425305563,0.0104899852612434,0.171709157267442,0.0277914234470069,0.386297606072125,0.230999179663133,"Human_Breast_Andersson_10142021_ST_B1"
"Human_Breast_Andersson_10142021_ST_B1_15x28",0.00719842484393034,0.0160968931575938,0.0106589195276469,0.0304416424618415,0.00750034831639079,0.165128511352132,0.0321032905700149,0.487563524851001,0.243308444919449,"Human_Breast_Andersson_10142021_ST_B1"
"Human_Breast_Andersson_10142021_ST_B1_15x29",0.036878610688236,0.0153392856923837,0.0112490592479552,0.00155821664759748,0.0296978563841943,0.133325406905934,0.0605554700654772,0.439898237059087,0.271497857309135,"Human_Breast_Andersson_10142021_ST_B1"
"Human_Breast_Andersson_10142021_ST_B1_15x30",0.0285372774552192,0.0221211091617953,0.0516206973024284,0.024396703148742,0.0154586820096968,0.0742220571359926,0.0303097787037287,0.41695337987896,0.336380315203437,"Human_Breast_Andersson_10142021_ST_B1"
"Human_Breast_Andersson_10142021_ST_B1_16x18",0.0225384630017144,0.0150661462748025,0.00116233056508639,0.0282735804071519,0.33181650237995,0.227289981388411,0.0163552923733578,0.241903512785061,0.115594190824466,"Human_Breast_Andersson_10142021_ST_B1"
"Human_Breast_Andersson_10142021_ST_B1_16x19",0.0458581689863724,0.00811912317440085,0.0017373260008175,0.00451363514724389,0.00125074409696788,0.159384080069517,0.0278315902818641,0.45775544594408,0.293549886298736,"Human_Breast_Andersson_10142021_ST_B1"
"Human_Breast_Andersson_10142021_ST_B1_16x20",0.00852559259921754,0.0480648829956509,0.0305660005289312,0.0187085528006305,0.0168512215298213,0.101631285882816,0.0238466089527039,0.596028859627085,0.155776995083144,"Human_Breast_Andersson_10142021_ST_B1"
"Human_Breast_Andersson_10142021_ST_B1_16x21",0.0247952780651335,0.0870768104173088,0.025801494293679,0.0421724107658244,0.249052022352605,0.207047007553328,0.146047262430558,0.0412880597001948,0.176719654421369,"Human_Breast_Andersson_10142021_ST_B1"
"Human_Breast_Andersson_10142021_ST_B1_16x22",0.0229354149671044,0.0446710851586943,0.0499116308603502,0.00998430449903493,0.00870632684504277,0.070501558942313,0.0859874085178271,0.394813405034971,0.312488865174662,"Human_Breast_Andersson_10142021_ST_B1"
"Human_Breast_Andersson_10142021_ST_B1_16x23",0.0446538724899877,0.0542748536357007,0.0182989872275344,0.0908241600691311,0.11035469657893,0.0234705936217153,0.0128658580622919,0.521675692902996,0.123581285411713,"Human_Breast_Andersson_10142021_ST_B1"
"Human_Breast_Andersson_10142021_ST_B1_16x24",0.0187451214823078,0.024421538004615,0.0456888249335808,0.000769036522562092,0.00733262286342615,0.156094550463841,0.0692632470477994,0.36024283588702,0.317442222794848,"Human_Breast_Andersson_10142021_ST_B1"
"Human_Breast_Andersson_10142021_ST_B1_16x25",0.00652643814284313,0.0646077754733814,0.0559238440888226,0.00348725324528005,0.0141698017190292,0.106104307678373,0.0648517001659381,0.408291883630252,0.27603699585608,"Human_Breast_Andersson_10142021_ST_B1"
"Human_Breast_Andersson_10142021_ST_B1_16x26",0.0254371800652165,0.0233773890182697,0.0157436480269217,0.0095931106609774,0.0137521014440686,0.106685909352025,0.122826395359078,0.381192939576761,0.301391326496682,"Human_Breast_Andersson_10142021_ST_B1"
"Human_Breast_Andersson_10142021_ST_B1_16x27",0.010934886051603,0.0630496779221548,0.00398555056205531,0.0306249126959632,0.00548551287101508,0.177847185667009,0.070380633955713,0.309693948694383,0.327997691580103,"Human_Breast_Andersson_10142021_ST_B1"
"Human_Breast_Andersson_10142021_ST_B1_16x28",0.00936720861902007,0.0348963126348327,0.0132504308746052,0.0595822853292627,0.0034469889331534,0.148567286976601,0.0652172718101857,0.489440294051147,0.176231920771192,"Human_Breast_Andersson_10142021_ST_B1"
"Human_Breast_Andersson_10142021_ST_B1_16x29",0.00506469996296284,0.0123940554690824,0.00495808644641087,0.0452417466948971,0.00537633824563233,0.243693589520954,0.273984604304916,0.111188029083699,0.298098850271446,"Human_Breast_Andersson_10142021_ST_B1"
"Human_Breast_Andersson_10142021_ST_B1_16x30",0.0167597681423854,0.0707755258580876,0.0500436419525809,0.100364710439298,0.0634692952149899,0.242637990576833,0.0239023982175844,0.197446183647486,0.234600485950755,"Human_Breast_Andersson_10142021_ST_B1"
"Human_Breast_Andersson_10142021_ST_B1_17x20",0.00596971791766046,0.0349499234897858,0.0445602502512207,0.00231413845666709,0.00624220270493967,0.0955673034381413,0.0527636359759152,0.650689274917655,0.106943552848014,"Human_Breast_Andersson_10142021_ST_B1"
"Human_Breast_Andersson_10142021_ST_B1_17x21",0.00484154831581775,0.0446562140391949,0.00303742282999019,0.00236036700924831,0.119380419192069,0.104309802996395,0.0586182637500821,0.452932510289137,0.209863451578066,"Human_Breast_Andersson_10142021_ST_B1"
"Human_Breast_Andersson_10142021_ST_B1_17x24",0.0176280104490583,0.0155235767792664,0.00309326216863058,0.0024931206468311,0.0148373116976963,0.256326886112087,0.0733357153678297,0.32247823135136,0.294283885427241,"Human_Breast_Andersson_10142021_ST_B1"
"Human_Breast_Andersson_10142021_ST_B1_17x25",0.00625581677739708,0.0271861130796153,0.0108043973439375,0.015358190572201,0.00668951106322871,0.122088032388604,0.063830559734141,0.441045616994867,0.306741762046008,"Human_Breast_Andersson_10142021_ST_B1"
"Human_Breast_Andersson_10142021_ST_B1_17x26",0.0111373230630289,0.0321020895603127,0.00377058040587668,0.00577621526654275,0.0122310833240246,0.0854294596029872,0.0932141880210887,0.405486869038825,0.350852191717314,"Human_Breast_Andersson_10142021_ST_B1"
"Human_Breast_Andersson_10142021_ST_B1_17x27",0.0463716884336696,0.081870510663321,0.0225831869533378,0.0127325946335513,0.0133880258787299,0.201970005446544,0.0636863205686755,0.313111385070136,0.244286282352034,"Human_Breast_Andersson_10142021_ST_B1"
"Human_Breast_Andersson_10142021_ST_B1_17x29",0.0524457766664913,0.0501371773555716,0.0373585124997841,0.0950991575052231,0.0251412345024878,0.133637195803485,0.0896736243714918,0.196375016552209,0.320132304743256,"Human_Breast_Andersson_10142021_ST_B1"
"Human_Breast_Andersson_10142021_ST_B1_17x30",0.000630932848378979,0.0699622952808741,0.00145997172156182,0.00904979279943637,0.0153124681783901,0.116068457517579,0.0729937740352655,0.567432301543271,0.147090006075243,"Human_Breast_Andersson_10142021_ST_B1"
"Human_Breast_Andersson_10142021_ST_B1_18x19",0.00927454597779177,0.144611734855939,0.123998167956083,0.000723388204205387,0.00296021435205597,0.377315645801518,0.0890914581282888,0.0646187179912458,0.187406126732871,"Human_Breast_Andersson_10142021_ST_B1"
"Human_Breast_Andersson_10142021_ST_B1_18x21",0.00226856792484413,0.0588777441929711,0.00640311983539361,0.0521753455572385,0.0623973697915519,0.116937285434969,0.0368532450722606,0.417856689977441,0.24623063221333,"Human_Breast_Andersson_10142021_ST_B1"
"Human_Breast_Andersson_10142021_ST_B1_18x22",0.00835190515832284,0.0516853747861761,0.0328159426382193,0.010707845973919,0.0576975533498358,0.114674674013969,0.0434625929425148,0.528747171202367,0.151856939934677,"Human_Breast_Andersson_10142021_ST_B1"
"Human_Breast_Andersson_10142021_ST_B1_18x23",0.00383531055761142,0.0137730274805371,0.0309482222175454,0.0102468342240768,0.0102045340301243,0.0496968298336392,0.0395453615718672,0.606230970235128,0.235518909849471,"Human_Breast_Andersson_10142021_ST_B1"
"Human_Breast_Andersson_10142021_ST_B1_18x24",0.00729481479923429,0.0119422229416324,0.0172270628796363,0.00136091574826717,0.0042950849936084,0.153746463088326,0.0480741207665203,0.518311679672886,0.237747635109889,"Human_Breast_Andersson_10142021_ST_B1"
"Human_Breast_Andersson_10142021_ST_B1_18x25",0.0013227200405994,0.025704361287315,0.00728818857524761,0.0584081070567709,0.00557429431879438,0.182077714721616,0.0853454732103624,0.207660660015084,0.42661848077421,"Human_Breast_Andersson_10142021_ST_B1"
"Human_Breast_Andersson_10142021_ST_B1_18x26",0.00788024499144162,0.0166624345721089,0.0209952275826982,0.0155071084545222,0.0496775059020599,0.140491623445974,0.0552762298209864,0.390586531846805,0.302923093383404,"Human_Breast_Andersson_10142021_ST_B1"
"Human_Breast_Andersson_10142021_ST_B1_18x28",0.00371897994691363,0.00634659113977025,0.00238050290349217,0.00674285032115116,0.0196975955635833,0.271688141067153,0.097768400890084,0.141238148652012,0.450418789515841,"Human_Breast_Andersson_10142021_ST_B1"
"Human_Breast_Andersson_10142021_ST_B1_18x29",0.0177043731565877,0.0539696825844491,0.0455579375924737,0.0022487300927616,0.0183329022873637,0.0227303511989578,0.0376907973052062,0.675312949129683,0.126452276652517,"Human_Breast_Andersson_10142021_ST_B1"
"Human_Breast_Andersson_10142021_ST_B1_18x30",0.00426522858979924,0.0653662745569183,0.0211603107727192,0.00916450342114846,0.00611320183417511,0.141788103098249,0.0334027801597809,0.473809233066357,0.244930364500853,"Human_Breast_Andersson_10142021_ST_B1"
"Human_Breast_Andersson_10142021_ST_B1_19x19",0.00018622062986882,0.000517785485763244,8.80396399695215e-05,0.0154321212493807,0.0188228365872644,0.0141764199260222,0.237323820965111,0.523601276483104,0.189851479033516,"Human_Breast_Andersson_10142021_ST_B1"
"Human_Breast_Andersson_10142021_ST_B1_19x23",0.00398386741758683,0.0240476643258764,0.0501075325683005,0.0144849017825725,0.0101203537014211,0.0870034764029488,0.0211301679969876,0.56580431695413,0.223317718850177,"Human_Breast_Andersson_10142021_ST_B1"
"Human_Breast_Andersson_10142021_ST_B1_19x24",0.00553811862467843,0.00570518780748217,0.00374934283428871,0.0331541288046971,0.0726596548222184,0.113973369226283,0.029326100959399,0.411489949138346,0.324404147782607,"Human_Breast_Andersson_10142021_ST_B1"
"Human_Breast_Andersson_10142021_ST_B1_19x25",0.000360044378505319,0.0354433454670555,0.00338218724412124,0.10684659694457,0.0212869631059357,0.0627792717368575,0.277145690325654,0.0016681602468736,0.491087740550427,"Human_Breast_Andersson_10142021_ST_B1"
"Human_Breast_Andersson_10142021_ST_B1_19x26",0.00207363547778016,0.0224323181112073,0.00262759332400145,0.000325146547109387,0.00103584854970524,0.131098716800259,0.0778557900840338,0.553050434759153,0.209500516346751,"Human_Breast_Andersson_10142021_ST_B1"
"Human_Breast_Andersson_10142021_ST_B1_19x28",0.0685038183850109,0.171534892477954,0.00705830584731591,0.0466960735069984,0.0335939316720284,0.162795902243461,0.0598235355222838,0.177531901107665,0.272461639237282,"Human_Breast_Andersson_10142021_ST_B1"
"Human_Breast_Andersson_10142021_ST_B1_19x29",0.0364855209092845,0.085135267168553,0.00890009218898782,0.0120463903961039,0.00691391070325176,0.122554001777338,0.139332129490292,0.403634140568358,0.184998546797831,"Human_Breast_Andersson_10142021_ST_B1"
"Human_Breast_Andersson_10142021_ST_B1_19x30",0.069325029304103,0.178044307351274,0.0230737267631792,0.00798873487726353,0.0150691324968932,0.202249257128384,0.0379264579379164,0.18676149622608,0.279561857914906,"Human_Breast_Andersson_10142021_ST_B1"
"Human_Breast_Andersson_10142021_ST_B1_20x20",0.0447346421298418,0.095478521352373,0.00951418177362774,0.00229162698603447,0.0414378352895085,0.116330143884479,0.250710223207762,0.235203619002343,0.204299206374031,"Human_Breast_Andersson_10142021_ST_B1"
"Human_Breast_Andersson_10142021_ST_B1_20x21",0.0132361474695122,0.0404530464229306,0.0452956066833684,0.00621754597475493,0.0398045619774026,0.128716139281181,0.0806036471491714,0.419338193837808,0.226335111203871,"Human_Breast_Andersson_10142021_ST_B1"
"Human_Breast_Andersson_10142021_ST_B1_20x22",0.0305348230779659,0.0333325954404739,0.0120164401808444,0.0293904767505048,0.0309005324976011,0.113975912302815,0.0206542579585841,0.43071976315234,0.298475198638871,"Human_Breast_Andersson_10142021_ST_B1"
"Human_Breast_Andersson_10142021_ST_B1_20x23",0.010784004685993,0.0321153171372278,0.00963145565184665,0.0324075150444147,0.0814263015519461,0.121525905252995,0.113364612009097,0.37814974681418,0.220595141852299,"Human_Breast_Andersson_10142021_ST_B1"
"Human_Breast_Andersson_10142021_ST_B1_20x24",0.0213980374717964,0.0299440751826864,0.049681624750391,0.00521586215881441,0.00100499421048264,0.096261616088126,0.0138021661874023,0.654391020075866,0.128300603874435,"Human_Breast_Andersson_10142021_ST_B1"
"Human_Breast_Andersson_10142021_ST_B1_20x25",0.0081990590128279,0.0420665179268757,0.0499491520378854,0.0201644191650263,0.0312198723918849,0.17624357806385,0.0481147596149045,0.192989891405539,0.431052750381207,"Human_Breast_Andersson_10142021_ST_B1"
"Human_Breast_Andersson_10142021_ST_B1_20x26",0.0365045386465469,0.032190140139378,0.021644194896026,0.0079508534604973,0.00165728401919774,0.145917530506059,0.050613013345981,0.469497064941321,0.234025380044993,"Human_Breast_Andersson_10142021_ST_B1"
"Human_Breast_Andersson_10142021_ST_B1_20x27",0.00601300579523678,0.042584147650189,0.0450964229740696,0.0711646114006344,0.00563491747595714,0.253156794743948,0.0655608677902081,0.140207090992337,0.37058214117742,"Human_Breast_Andersson_10142021_ST_B1"
"Human_Breast_Andersson_10142021_ST_B1_20x28",0.0199188354346883,0.0620261875324049,0.0198292020848821,0.00378104410428303,0.0076160598037578,0.10004810651622,0.0661373650661539,0.505337042562079,0.215306156895531,"Human_Breast_Andersson_10142021_ST_B1"
"Human_Breast_Andersson_10142021_ST_B1_20x29",0.0179915461756055,0.0579989775246606,0.0207943213166734,0.0112931373371203,0.002472189637573,0.173723944052827,0.0449573058605785,0.523317533376084,0.147451044718878,"Human_Breast_Andersson_10142021_ST_B1"
"Human_Breast_Andersson_10142021_ST_B1_20x30",0.00641891935153186,0.100974340572997,0.0307858183224092,0.074782023183938,0.00234418660029322,0.218654103376654,0.0132697465634603,0.29157608673381,0.261194775294907,"Human_Breast_Andersson_10142021_ST_B1"
"Human_Breast_Andersson_10142021_ST_B1_21x23",0.00211296227459307,0.0227508679829169,0.00427094549069624,0.00957044833399534,0.00531598948512984,0.208459703921913,0.0886373591166857,0.281106800977848,0.377774922416222,"Human_Breast_Andersson_10142021_ST_B1"
"Human_Breast_Andersson_10142021_ST_B1_21x25",0.0124290280270423,0.0607845167030749,0.0266677043621966,0.00440936344533668,0.0110406788948887,0.140050939128072,0.0831017726577608,0.331350390344198,0.33016560643743,"Human_Breast_Andersson_10142021_ST_B1"
"Human_Breast_Andersson_10142021_ST_B1_21x26",0.0599356042723504,0.0297103596149753,0.0335456098393488,0.0781967579799188,0.0289429686825833,0.159956509153507,0.0776045483383164,0.16570353786116,0.36640410425784,"Human_Breast_Andersson_10142021_ST_B1"
"Human_Breast_Andersson_10142021_ST_B1_21x27",0.0154566587134905,0.048149717219881,0.0577633026097182,0.00192964108448872,0.00165967442928685,0.133349583602705,0.0687839890286254,0.42582553296265,0.247081900349155,"Human_Breast_Andersson_10142021_ST_B1"
"Human_Breast_Andersson_10142021_ST_B1_21x28",0.00460694329370041,0.133177795628537,0.0316749370834324,0.0261572038398516,0.0438504678695185,0.221172797838954,0.114954750637938,0.138566288205613,0.285838815602454,"Human_Breast_Andersson_10142021_ST_B1"
"Human_Breast_Andersson_10142021_ST_B1_21x29",0.0131867482898531,0.00667718981295856,0.00853266933017984,0.0100165184159303,0.00852377972736662,0.110821828338769,0.0144187533189191,0.69204295862259,0.135779554143433,"Human_Breast_Andersson_10142021_ST_B1"
"Human_Breast_Andersson_10142021_ST_B1_22x22",0.0345029955609551,0.0628837020425101,0.0558844048650441,0.00775631106707326,0.0259146377104659,0.229636818790685,0.0415884164881176,0.238920717949691,0.302911995525458,"Human_Breast_Andersson_10142021_ST_B1"
"Human_Breast_Andersson_10142021_ST_B1_22x25",0.0425445250115788,0.112743247306195,0.0463173873025922,0.00788471268317878,0.00828291974680421,0.0536291502303017,0.0850430109726444,0.45991009812656,0.183644948620145,"Human_Breast_Andersson_10142021_ST_B1"
"Human_Breast_Andersson_10142021_ST_B1_22x26",0.024186281823008,0.111109005276476,0.0730492678802882,0.0282342065318251,0.103443163957061,0.152151133463013,0.0847459489831588,0.297999403409355,0.125081588675814,"Human_Breast_Andersson_10142021_ST_B1"
"Human_Breast_Andersson_10142021_ST_B1_22x27",0.0291392382617529,0.023119252275794,0.00649693807123402,0.00777110840225053,0.00165030020387016,0.0358719965993313,0.0673156890589992,0.565431544430072,0.263203932696696,"Human_Breast_Andersson_10142021_ST_B1"
"Human_Breast_Andersson_10142021_ST_B1_22x28",0.0483989366346876,0.0696359537772231,0.0331327907256036,0.192925578818518,0.0384659613644548,0.18782205828584,0.0860597849019885,0.161689997386813,0.181868938104871,"Human_Breast_Andersson_10142021_ST_B1"
"Human_Breast_Andersson_10142021_ST_B1_22x29",0.074366792156887,0.16361053334637,0.00955511283452707,0.0289581306246787,0.0325864457034197,0.0957426507080184,0.0779112573689237,0.284903719554408,0.232365357702767,"Human_Breast_Andersson_10142021_ST_B1"
"Human_Breast_Andersson_10142021_ST_B1_22x30",0.0311069573213834,0.0387547905117529,0.0172284460748534,0.167592072084037,0.0450707022660747,0.236636314798071,0.108904225074021,0.0307059090539337,0.324000582815872,"Human_Breast_Andersson_10142021_ST_B1"
"Human_Breast_Andersson_10142021_ST_B1_23x24",0.00592007583404146,0.0420078647822385,0.0063629052502831,0.0153065629444248,0.0349032675012416,0.172172200609269,0.111636979160689,0.333593926272083,0.278096217645729,"Human_Breast_Andersson_10142021_ST_B1"
"Human_Breast_Andersson_10142021_ST_B1_23x25",0.0131309056498486,0.0736271415749767,0.0599759430234686,0.0237125047225122,0.0130776988793041,0.0684848800731386,0.143038717058416,0.431662001224001,0.173290207794334,"Human_Breast_Andersson_10142021_ST_B1"
