"","Endothelial","CAFs","PVL","B-cells","T-cells","Myeloid","Normal Epithelial","Plasmablasts","Cancer Epithelial","sid"
"Human_Breast_Andersson_10142021_ST_C2_10x21",0.123540817040987,0.0751645173996123,0.0428223144877105,0.00411272528893882,0.00537521405983604,0.00981888700982261,0.0227197607857889,0.596597702359535,0.119848061567768,"Human_Breast_Andersson_10142021_ST_C2"
"Human_Breast_Andersson_10142021_ST_C2_10x22",0.186922916803357,0.158853678033467,0.102262470128897,0.0206552463986887,0.031454425417286,0.0551825716050319,0.0321698762409145,0.13676613135666,0.275732684015698,"Human_Breast_Andersson_10142021_ST_C2"
"Human_Breast_Andersson_10142021_ST_C2_10x23",0.103919464736235,0.128287147671114,0.0422094455278147,0.015844642865423,0.032093027248119,0.0727026294189559,0.0171374735710529,0.222854817381566,0.36495135157972,"Human_Breast_Andersson_10142021_ST_C2"
"Human_Breast_Andersson_10142021_ST_C2_11x21",0.333443819866525,0.0715486706191623,0.0546190169506726,0.00260127316493439,0.00413035393873234,0.0207573250522004,0.000636384741840875,0.455798816863607,0.0564643388023256,"Human_Breast_Andersson_10142021_ST_C2"
"Human_Breast_Andersson_10142021_ST_C2_11x22",0.0496676327104978,0.331997847664957,0.0263153929403947,0.00288015238278245,0.0199657646519112,0.0836175852750912,0.00563070451135842,0.233984200623756,0.245940719239252,"Human_Breast_Andersson_10142021_ST_C2"
"Human_Breast_Andersson_10142021_ST_C2_11x23",0.102451508566145,0.138427001036094,0.0467256472215857,0.0352268225981577,0.0542973439128858,0.0614643441920324,0.0239417906570267,0.180915130337868,0.356550411478204,"Human_Breast_Andersson_10142021_ST_C2"
"Human_Breast_Andersson_10142021_ST_C2_11x24",0.0951649243854261,0.139778788455837,0.0553621637262493,0.00216258963381366,0.0163267290802794,0.025742006993185,0.00602426665068504,0.537112297055013,0.122326234019512,"Human_Breast_Andersson_10142021_ST_C2"
"Human_Breast_Andersson_10142021_ST_C2_12x20",0.117407435366258,0.110857860482824,0.0254533712853304,0.00471491883035651,0.0104159388794857,0.0642870430420018,0.0111377681738061,0.202840525365588,0.452885138574351,"Human_Breast_Andersson_10142021_ST_C2"
"Human_Breast_Andersson_10142021_ST_C2_12x21",0.130009454147813,0.129347839307249,0.0688781745765554,0.0227329539903533,0.0492518075993921,0.0550806390494938,0.00722759471578746,0.267015503745022,0.270456032868334,"Human_Breast_Andersson_10142021_ST_C2"
"Human_Breast_Andersson_10142021_ST_C2_12x22",0.0289645138669427,0.171401003960032,0.0461493890571747,0.0308194710852329,0.0635410621151815,0.0505348594344538,0.0155524614534588,0.277442883610998,0.315594355416526,"Human_Breast_Andersson_10142021_ST_C2"
"Human_Breast_Andersson_10142021_ST_C2_12x23",0.244020435076183,0.11555493822411,0.0270227240502396,0.00318693844157534,0.0241722513510211,0.034988116782955,0.00229280841467838,0.41084676851106,0.137915019148178,"Human_Breast_Andersson_10142021_ST_C2"
"Human_Breast_Andersson_10142021_ST_C2_12x24",0.0506056521884711,0.122844138878259,0.0390168009216128,0.00761998965567322,0.0298739072638118,0.0437871530513507,0.0129345220072019,0.294526248833828,0.398791587199792,"Human_Breast_Andersson_10142021_ST_C2"
"Human_Breast_Andersson_10142021_ST_C2_13x19",0.0628774246101219,0.0697489882360414,0.02520048816896,0.0156715312533398,0.0102211665030959,0.0439234581125878,0.0187384125464249,0.169744156686111,0.583874373883317,"Human_Breast_Andersson_10142021_ST_C2"
"Human_Breast_Andersson_10142021_ST_C2_13x20",0.185006339493982,0.102690731840253,0.0647318938510514,0.00789864897067012,0.0104710774792412,0.0352115182040596,0.015797403804704,0.163729911945774,0.414462474410266,"Human_Breast_Andersson_10142021_ST_C2"
"Human_Breast_Andersson_10142021_ST_C2_13x21",0.09739265527622,0.168707518084833,0.039296472603157,0.00518561315562568,0.00774445060948905,0.0238033894160547,0.00596885231263355,0.452194344378364,0.199706704163623,"Human_Breast_Andersson_10142021_ST_C2"
"Human_Breast_Andersson_10142021_ST_C2_13x22",0.1303989325468,0.126991422793268,0.0442541640150022,0.00585802636994265,0.0185592740488342,0.0293681988911505,0.0150189130731895,0.443540766602006,0.186010301659807,"Human_Breast_Andersson_10142021_ST_C2"
"Human_Breast_Andersson_10142021_ST_C2_13x23",0.0451788392755616,0.294629443187673,0.0986506191317739,0.0107517511367556,0.0360139762814789,0.169559932249447,0.0139606478654986,0.219291532097899,0.111963258773912,"Human_Breast_Andersson_10142021_ST_C2"
"Human_Breast_Andersson_10142021_ST_C2_13x24",0.13087900171753,0.171556495816262,0.0981833596402592,0.0118859436733973,0.0149088325843782,0.125201078912333,0.0210113534533543,0.292607671318886,0.133766262883601,"Human_Breast_Andersson_10142021_ST_C2"
"Human_Breast_Andersson_10142021_ST_C2_13x25",0.0724714402101843,0.146092981990431,0.0980735395115977,0.00928180156138417,0.0328215976949603,0.119975911307409,0.0338883449180423,0.195074852565383,0.292319530240608,"Human_Breast_Andersson_10142021_ST_C2"
"Human_Breast_Andersson_10142021_ST_C2_14x19",0.0932716865711407,0.0750015523021928,0.015875444611977,0.0151001588182486,0.0197320208654141,0.0302162134581214,0.0304423726370508,0.1252676202911,0.595092930444755,"Human_Breast_Andersson_10142021_ST_C2"
"Human_Breast_Andersson_10142021_ST_C2_14x20",0.109799796739632,0.0916393532841506,0.0403545446227469,0.018688976354831,0.0297236633006609,0.116864977195447,0.00322847303081188,0.349688217685168,0.240011997786552,"Human_Breast_Andersson_10142021_ST_C2"
"Human_Breast_Andersson_10142021_ST_C2_14x21",0.0905444946598146,0.146481291516387,0.12426491769601,0.000374022298828426,0.00265994060552132,0.0205177232489425,0.000884538243741066,0.463106480548852,0.151166591181903,"Human_Breast_Andersson_10142021_ST_C2"
"Human_Breast_Andersson_10142021_ST_C2_14x22",0.0681422944840821,0.0598753239957573,0.0166388383665768,4.77355626280586e-05,0.000214397955221507,0.00550904830358129,0.0092004081193499,0.764727707904304,0.0756442453084989,"Human_Breast_Andersson_10142021_ST_C2"
"Human_Breast_Andersson_10142021_ST_C2_14x23",0.0801640453184096,0.20208616740886,0.0400048091914186,0.00873089360951472,0.00552228966694814,0.10524283851671,0.00840766302493557,0.420262147745409,0.129579145517794,"Human_Breast_Andersson_10142021_ST_C2"
"Human_Breast_Andersson_10142021_ST_C2_14x24",0.0350838260391063,0.121042671013117,0.0384925878658324,0.00343975348193118,0.0054133195454093,0.163029639051656,0.00322211923513192,0.452505771553105,0.177770312214712,"Human_Breast_Andersson_10142021_ST_C2"
"Human_Breast_Andersson_10142021_ST_C2_14x25",0.063975677614995,0.150588998937066,0.0409212323600122,0.00901077742960877,0.0234827102659482,0.050930869392777,0.0318958050963019,0.315946944339714,0.313246984563577,"Human_Breast_Andersson_10142021_ST_C2"
"Human_Breast_Andersson_10142021_ST_C2_15x18",0.112249467950483,0.0696399903023593,0.0234182077588086,0.0277966868413144,0.0170455416373968,0.0323964527522119,0.026691391213569,0.0801145340784171,0.61064772746544,"Human_Breast_Andersson_10142021_ST_C2"
"Human_Breast_Andersson_10142021_ST_C2_15x19",0.144724089415151,0.161242280455382,0.0699119223704307,0.0120615468967627,0.0106182125374542,0.0910139042566437,0.0130257466591782,0.0956444734453026,0.401757823963695,"Human_Breast_Andersson_10142021_ST_C2"
"Human_Breast_Andersson_10142021_ST_C2_15x20",0.137835064271486,0.185918109842237,0.10454279090558,0.105560059907782,0.181901848082908,0.088294177034587,0.0226408890645681,0.0205967327766417,0.15271032811421,"Human_Breast_Andersson_10142021_ST_C2"
"Human_Breast_Andersson_10142021_ST_C2_15x21",0.131253819705086,0.139150179115158,0.0376593467801876,0.00603253670705697,0.00901955037829498,0.0341143849001557,0.00745339171057227,0.425246049917669,0.210070740785819,"Human_Breast_Andersson_10142021_ST_C2"
"Human_Breast_Andersson_10142021_ST_C2_15x22",0.209911023246594,0.108114052010741,0.0730299461483939,0.00149581461529291,0.00263894095446048,0.0146716311846068,0.000765133995179629,0.580979391071543,0.00839406677318822,"Human_Breast_Andersson_10142021_ST_C2"
"Human_Breast_Andersson_10142021_ST_C2_15x23",0.127725830719907,0.170165855315215,0.0556167471892863,0.0164141215732137,0.020182745348839,0.0562488444746839,0.00642959018163425,0.217621716708902,0.329594548488319,"Human_Breast_Andersson_10142021_ST_C2"
"Human_Breast_Andersson_10142021_ST_C2_15x24",0.0660152302338586,0.157949431394365,0.0438012098222008,0.0140085995282946,0.0247235892034097,0.0977586949838499,0.0136085466424379,0.192708096052763,0.38942660213882,"Human_Breast_Andersson_10142021_ST_C2"
"Human_Breast_Andersson_10142021_ST_C2_15x25",0.0914752280949827,0.117577327063957,0.0501789617449212,0.0158685224921868,0.0478988698730756,0.0945401229631439,0.00793452834328432,0.441218040818128,0.133308398606321,"Human_Breast_Andersson_10142021_ST_C2"
"Human_Breast_Andersson_10142021_ST_C2_15x26",0.163192582875337,0.117989477049512,0.0445937047078351,0.029324222632768,0.119987638592471,0.0923284156529665,0.00740359079018146,0.159742996344867,0.265437371354062,"Human_Breast_Andersson_10142021_ST_C2"
"Human_Breast_Andersson_10142021_ST_C2_16x18",0.0716057257044969,0.0835335749895189,0.0355493771969904,0.01433962165771,0.0273559764388386,0.0610599741948519,0.0271861522297968,0.0809971368933687,0.598372460694428,"Human_Breast_Andersson_10142021_ST_C2"
"Human_Breast_Andersson_10142021_ST_C2_16x19",0.118728114279282,0.0848978296491248,0.0567413150609008,0.00468682609596221,0.0361014622697232,0.0522293129555835,0.00748955121059646,0.489238685313926,0.1498869031649,"Human_Breast_Andersson_10142021_ST_C2"
"Human_Breast_Andersson_10142021_ST_C2_16x20",0.0435705085753563,0.202068134110597,0.0805726749999978,0.016130011241082,0.0219659807878079,0.045926284304296,0.0152474763181118,0.28560695063767,0.288911979025081,"Human_Breast_Andersson_10142021_ST_C2"
"Human_Breast_Andersson_10142021_ST_C2_16x21",0.32116898451738,0.130903147318522,0.0376214248041209,0.000507700347049078,0.00230496444769331,0.0340577690713167,0.00025485386514273,0.423338782687179,0.0498423729415968,"Human_Breast_Andersson_10142021_ST_C2"
"Human_Breast_Andersson_10142021_ST_C2_16x22",0.334696901133319,0.108345542167488,0.0391884740956044,0.00347627954306089,0.0106959421517858,0.0394165306222628,0.00200626845057008,0.423085805789851,0.0390882560460581,"Human_Breast_Andersson_10142021_ST_C2"
"Human_Breast_Andersson_10142021_ST_C2_16x23",0.0953548734076994,0.0985228413388342,0.037985590860087,0.0107987773127787,0.0153429888982378,0.0363012731567866,0.00885246563272034,0.416626548293374,0.280214641099482,"Human_Breast_Andersson_10142021_ST_C2"
"Human_Breast_Andersson_10142021_ST_C2_16x24",0.0783268674548947,0.133904002610767,0.035053869909635,0.00548056001045954,0.0119364068118102,0.0608746231960243,0.00439979208535908,0.506468805938572,0.163555071982477,"Human_Breast_Andersson_10142021_ST_C2"
"Human_Breast_Andersson_10142021_ST_C2_16x25",0.0644038164729141,0.166051241986176,0.046118858433865,0.00961302312667589,0.0221104961908975,0.110816863564706,0.0159217844809952,0.435520043182069,0.129443872561702,"Human_Breast_Andersson_10142021_ST_C2"
"Human_Breast_Andersson_10142021_ST_C2_16x26",0.0789743507247553,0.122285303689633,0.0909314721170324,0.0105589157285777,0.0165742680582142,0.0784272814331402,0.00699680177480756,0.487103725404727,0.108147881069113,"Human_Breast_Andersson_10142021_ST_C2"
"Human_Breast_Andersson_10142021_ST_C2_17x17",0.223884622249761,0.110999391287739,0.0726804818034652,0.0172633066991882,0.0462604313897065,0.0975237904795685,0.014340769419739,0.274899164826314,0.142148041844519,"Human_Breast_Andersson_10142021_ST_C2"
"Human_Breast_Andersson_10142021_ST_C2_17x18",0.128953601535625,0.19726471144758,0.0468927820008677,0.00179387426457292,0.00658175255068134,0.044844816900901,0.00727439503508779,0.26566306927345,0.300730996991234,"Human_Breast_Andersson_10142021_ST_C2"
"Human_Breast_Andersson_10142021_ST_C2_17x19",0.0508855121642805,0.101432474280448,0.0474479063006763,0.0340855917372609,0.0519369621166596,0.0429649611294711,0.0513818083339202,0.0822468201191724,0.537617963818111,"Human_Breast_Andersson_10142021_ST_C2"
"Human_Breast_Andersson_10142021_ST_C2_17x20",0.0484051874667166,0.181670921325371,0.109095328986542,0.0108978735353895,0.014357250137481,0.0767777205272646,0.0048551250049441,0.300161807766945,0.253778785249346,"Human_Breast_Andersson_10142021_ST_C2"
"Human_Breast_Andersson_10142021_ST_C2_17x21",0.156423349678521,0.152310120407468,0.0460762958958138,0.0126105493970809,0.0173386391153898,0.0431257013901228,0.0121419086825257,0.515407466890005,0.0445659685430729,"Human_Breast_Andersson_10142021_ST_C2"
"Human_Breast_Andersson_10142021_ST_C2_17x22",0.0796656861914498,0.125622677919722,0.0316423198129073,0.02810917869366,0.0546121603012293,0.127880409064151,0.00751414272468955,0.409036446674425,0.135916978617767,"Human_Breast_Andersson_10142021_ST_C2"
"Human_Breast_Andersson_10142021_ST_C2_17x23",0.0736415757562492,0.0827039051810506,0.0336992362779657,0.0213955924979214,0.0347154585809572,0.0428770687622444,0.010029966946483,0.126776670187638,0.57416052580949,"Human_Breast_Andersson_10142021_ST_C2"
"Human_Breast_Andersson_10142021_ST_C2_17x24",0.0561612268069917,0.12581967036516,0.0312520358542759,0.00314242317863738,0.0073849839344252,0.0281063848239793,0.00526679572876929,0.576272692235098,0.166593787072663,"Human_Breast_Andersson_10142021_ST_C2"
"Human_Breast_Andersson_10142021_ST_C2_17x25",0.0783266758523571,0.146412812842103,0.0502701733367481,0.0088292613240447,0.0233086197592604,0.0866474631973636,0.00477204001579074,0.37900835275351,0.222424600918822,"Human_Breast_Andersson_10142021_ST_C2"
"Human_Breast_Andersson_10142021_ST_C2_17x26",0.0321880950292266,0.191591243378473,0.0970096085288421,0.00733583880773023,0.0205192544643187,0.129672615946159,0.00619862372550644,0.394880079598808,0.120604640520937,"Human_Breast_Andersson_10142021_ST_C2"
"Human_Breast_Andersson_10142021_ST_C2_17x27",0.0731308426620878,0.178959240011424,0.0979718006015673,0.0140704104899349,0.0214647826077236,0.102764472734689,0.00604660422847172,0.347194553291537,0.158397293372565,"Human_Breast_Andersson_10142021_ST_C2"
"Human_Breast_Andersson_10142021_ST_C2_18x17",0.108465105527621,0.132665221382403,0.178661138428562,0.0140990015424547,0.046429109130628,0.083472582864727,0.00542159349715321,0.279029737278396,0.151756510348055,"Human_Breast_Andersson_10142021_ST_C2"
"Human_Breast_Andersson_10142021_ST_C2_18x18",0.0961990934300532,0.154722553965876,0.0474906688216087,0.00883075843279336,0.0111950979273211,0.0436997879237251,0.0200193851277138,0.331437000581533,0.286405653789376,"Human_Breast_Andersson_10142021_ST_C2"
"Human_Breast_Andersson_10142021_ST_C2_18x19",0.0791104465894889,0.179274799578656,0.0533312575021826,0.0233409604316499,0.021038653962771,0.110090523362953,0.0109125373476281,0.316718815198178,0.206182006026493,"Human_Breast_Andersson_10142021_ST_C2"
"Human_Breast_Andersson_10142021_ST_C2_18x21",0.154544942204975,0.155970482428468,0.0821916602290621,0.0297458754099025,0.0764826317583191,0.0762409769408924,0.00448396422134226,0.324493126935437,0.0958463398716021,"Human_Breast_Andersson_10142021_ST_C2"
"Human_Breast_Andersson_10142021_ST_C2_18x22",0.0570811891999473,0.207462254467126,0.0319563089884317,0.0143018798097469,0.0518725049857314,0.0873085808635664,0.00582719222526381,0.288201209047838,0.255988880412349,"Human_Breast_Andersson_10142021_ST_C2"
"Human_Breast_Andersson_10142021_ST_C2_18x23",0.0517900588391206,0.157761534100589,0.0525767162114724,0.00810274193442885,0.0294281465991264,0.0615923473426344,0.00449749874311277,0.403601442871192,0.230649513358323,"Human_Breast_Andersson_10142021_ST_C2"
"Human_Breast_Andersson_10142021_ST_C2_18x24",0.0740733300908724,0.177099672930951,0.0477252339404964,0.0208002235582071,0.037792298920133,0.0957650301155903,0.0159302036118202,0.259087785388421,0.271726221443509,"Human_Breast_Andersson_10142021_ST_C2"
"Human_Breast_Andersson_10142021_ST_C2_18x25",0.0773662223794453,0.180759141909331,0.0506348197097142,0.00834620859483114,0.0247063189597161,0.127504015800097,0.00727874588764995,0.358538173837805,0.164866352921411,"Human_Breast_Andersson_10142021_ST_C2"
"Human_Breast_Andersson_10142021_ST_C2_18x26",0.0438243156421532,0.136364229038525,0.0455786015198657,0.0129147760829595,0.00747989496418835,0.126109399830022,0.00317789923338141,0.48268922084728,0.141861662841624,"Human_Breast_Andersson_10142021_ST_C2"
"Human_Breast_Andersson_10142021_ST_C2_18x27",0.0388485673708393,0.119271124137386,0.0657879571579585,0.0212155221994995,0.0530370164101391,0.0555265878176564,0.0147266095798692,0.26628429924964,0.365302316077012,"Human_Breast_Andersson_10142021_ST_C2"
"Human_Breast_Andersson_10142021_ST_C2_19x16",0.106249956427243,0.169397206012477,0.0551474787457896,0.155381249805421,0.120893555729543,0.0566173535910415,0.00210710832565097,0.0379850826056195,0.296221008757214,"Human_Breast_Andersson_10142021_ST_C2"
"Human_Breast_Andersson_10142021_ST_C2_19x17",0.057637402065277,0.101398342805384,0.0423419096115948,0.012146938758665,0.0190607229533762,0.0911192579129541,0.0113367551157946,0.562494441062229,0.102464229714726,"Human_Breast_Andersson_10142021_ST_C2"
"Human_Breast_Andersson_10142021_ST_C2_19x18",0.0370654725051469,0.166645630436646,0.0605951406879275,0.00725008301413429,0.00266783206244552,0.261574004660151,0.00854774588200144,0.309622793070836,0.146031297680711,"Human_Breast_Andersson_10142021_ST_C2"
"Human_Breast_Andersson_10142021_ST_C2_19x19",0.098544752890436,0.243122722954069,0.0455335503288425,0.0107244060030335,0.0142154358084023,0.216896969009252,0.00429744820276703,0.21533669374639,0.151328021056807,"Human_Breast_Andersson_10142021_ST_C2"
"Human_Breast_Andersson_10142021_ST_C2_19x20",0.182624416258808,0.178785703591571,0.0467457664602026,0.015828424627637,0.0335057621405334,0.113089414940385,0.00717132390211217,0.285286237675961,0.13696295040279,"Human_Breast_Andersson_10142021_ST_C2"
"Human_Breast_Andersson_10142021_ST_C2_19x21",0.06792123435411,0.129087687693523,0.0428404705435918,0.00922612062968109,0.0298378944184303,0.0678289361926692,0.0113954876541106,0.403782673622596,0.238079494891288,"Human_Breast_Andersson_10142021_ST_C2"
"Human_Breast_Andersson_10142021_ST_C2_19x22",0.0659034961126031,0.163009974309896,0.0405844026301242,0.0102026034590704,0.0403473825068178,0.0547763970310681,0.0101162860775666,0.42797942146627,0.187080036406583,"Human_Breast_Andersson_10142021_ST_C2"
"Human_Breast_Andersson_10142021_ST_C2_19x23",0.05275044261908,0.116749462810238,0.0466081934045822,0.0158670321869667,0.0430718644049956,0.0560451316283832,0.00878665959043248,0.460182119254943,0.199939094100379,"Human_Breast_Andersson_10142021_ST_C2"
"Human_Breast_Andersson_10142021_ST_C2_19x24",0.0374359155198019,0.1224618048622,0.0232454293176676,0.0172095311560302,0.0112851229978872,0.0549495484823224,0.0047664344999612,0.589081913952616,0.139564299211513,"Human_Breast_Andersson_10142021_ST_C2"
"Human_Breast_Andersson_10142021_ST_C2_19x25",0.0965386767770998,0.161214272259516,0.0395260882068843,0.00782915241327949,0.0181535506183682,0.117572967167374,0.00953641907696297,0.358275802748416,0.191353070732099,"Human_Breast_Andersson_10142021_ST_C2"
"Human_Breast_Andersson_10142021_ST_C2_19x26",0.138609216018498,0.16334998397867,0.0566785415522151,0.00897911338846082,0.0268614655922404,0.116767637469872,0.0100178222651054,0.348450522543053,0.130285697191885,"Human_Breast_Andersson_10142021_ST_C2"
"Human_Breast_Andersson_10142021_ST_C2_19x27",0.0466048992280105,0.0955458896503002,0.0410023036728217,0.0038951691812549,0.0307757656666395,0.112176932679834,0.00418031323097761,0.549473993224835,0.116344733465327,"Human_Breast_Andersson_10142021_ST_C2"
"Human_Breast_Andersson_10142021_ST_C2_20x15",0.0327945822670711,0.108422660258725,0.101785425218587,0.002394521255156,0.00626844013752266,0.0270693575855325,0.0124393572883445,0.501061431026524,0.207764224962536,"Human_Breast_Andersson_10142021_ST_C2"
"Human_Breast_Andersson_10142021_ST_C2_20x16",0.0809788617449222,0.141192076166842,0.104940505773375,0.0011029016733696,0.00232668450274222,0.120165567912045,0.00114545459255452,0.411406255162599,0.13674169247155,"Human_Breast_Andersson_10142021_ST_C2"
"Human_Breast_Andersson_10142021_ST_C2_20x17",0.0817026703415995,0.192436398836373,0.103098688872232,0.00627667549445635,0.0157802358243941,0.214792844572638,0.0134189356042057,0.114985976894171,0.257507573559931,"Human_Breast_Andersson_10142021_ST_C2"
"Human_Breast_Andersson_10142021_ST_C2_20x18",0.0476310160750687,0.156112993511976,0.0478036512646561,0.00567258270193963,0.0125849088133123,0.0557317084679164,0.0165462580634389,0.263015481667039,0.394901399434653,"Human_Breast_Andersson_10142021_ST_C2"
"Human_Breast_Andersson_10142021_ST_C2_20x19",0.0436082212847936,0.096297403574977,0.0399819977619036,0.0321097152058711,0.09140435704443,0.0431408898211446,0.0359233974085656,0.16878160418085,0.448752413717465,"Human_Breast_Andersson_10142021_ST_C2"
"Human_Breast_Andersson_10142021_ST_C2_20x20",0.0347808095417901,0.188728368722431,0.0223335259910231,0.0055914247388724,0.00787684839688439,0.103359403889871,0.00718406399608318,0.291279273159944,0.338866281563101,"Human_Breast_Andersson_10142021_ST_C2"
"Human_Breast_Andersson_10142021_ST_C2_20x21",0.0733790109337991,0.0954053755391794,0.0558825963259173,0.0147811538223122,0.00866676134399345,0.047472668768865,0.0142387116251104,0.389442932238249,0.300730789402574,"Human_Breast_Andersson_10142021_ST_C2"
"Human_Breast_Andersson_10142021_ST_C2_20x22",0.060135379899588,0.162739127729076,0.0302454763423105,0.00667906901577539,0.0145592615391675,0.034630766613693,0.0113956495542706,0.377473399866568,0.302141869439551,"Human_Breast_Andersson_10142021_ST_C2"
"Human_Breast_Andersson_10142021_ST_C2_20x23",0.0517536367804022,0.103291841856971,0.0361058462592635,0.0177312944700039,0.0285951759010269,0.0481710552270433,0.0255880109933772,0.343193920149368,0.345569218362544,"Human_Breast_Andersson_10142021_ST_C2"
"Human_Breast_Andersson_10142021_ST_C2_20x24",0.0756903867574711,0.121003164312338,0.034964581840308,0.0207296593122871,0.0325205338789362,0.0809618555262566,0.02724294605956,0.314102101625462,0.292784770687381,"Human_Breast_Andersson_10142021_ST_C2"
"Human_Breast_Andersson_10142021_ST_C2_20x25",0.0538681322873479,0.126811997366375,0.0485111261500254,0.0174719310879968,0.0250731169602011,0.0851362932656403,0.0111033769335147,0.406952574993765,0.225071450955134,"Human_Breast_Andersson_10142021_ST_C2"
"Human_Breast_Andersson_10142021_ST_C2_20x26",0.0201887755905263,0.109567360088385,0.0453425728366026,0.00929865488398534,0.0116200580494703,0.080064275243482,0.00646146351573328,0.501731476458093,0.215725363333722,"Human_Breast_Andersson_10142021_ST_C2"
"Human_Breast_Andersson_10142021_ST_C2_20x27",0.0505476188448854,0.116544991537746,0.0498719292993914,0.0120785150953917,0.0201588225018879,0.103175889028543,0.00979820257140467,0.430736842670803,0.207087188449947,"Human_Breast_Andersson_10142021_ST_C2"
"Human_Breast_Andersson_10142021_ST_C2_20x28",0.0589367558745998,0.0940385902448089,0.0569054529000446,0.0142332439830395,0.0889148589525254,0.104265391661382,0.0066523750133953,0.382476052102556,0.193577279267648,"Human_Breast_Andersson_10142021_ST_C2"
"Human_Breast_Andersson_10142021_ST_C2_21x15",0.0936522489413129,0.1881765012772,0.0411965719858261,0.00527536139020155,0.00781796823466298,0.0147760172624067,0.0133751758428087,0.183462119445629,0.452268035619952,"Human_Breast_Andersson_10142021_ST_C2"
"Human_Breast_Andersson_10142021_ST_C2_21x16",0.0404266767669054,0.119678980002802,0.00905039231236439,0.010309007950403,0.0152595913784535,0.0375920693227018,0.00880506873771802,0.288038850233527,0.470839363295125,"Human_Breast_Andersson_10142021_ST_C2"
"Human_Breast_Andersson_10142021_ST_C2_21x17",0.0736212821963595,0.153063144601559,0.0903662548170166,0.00140757639570361,0.00405333207786779,0.0367536851897412,0.00417266520310099,0.468377565746932,0.168184493771719,"Human_Breast_Andersson_10142021_ST_C2"
"Human_Breast_Andersson_10142021_ST_C2_21x18",0.0317246712776784,0.127969443412229,0.0318863514628473,0.00440742928630882,0.0153020635569812,0.0514315028597432,0.013189739437626,0.378593641792457,0.345495156914129,"Human_Breast_Andersson_10142021_ST_C2"
"Human_Breast_Andersson_10142021_ST_C2_21x19",0.0459430749148063,0.132242035694965,0.0537047505740981,0.0131996120965769,0.0370420355005475,0.0368686407500556,0.0295845568216377,0.280835320400855,0.370579973246458,"Human_Breast_Andersson_10142021_ST_C2"
"Human_Breast_Andersson_10142021_ST_C2_21x20",0.0557086551413584,0.140828356716828,0.0379337915015677,0.00814616152314593,0.0139578042175504,0.0424907162007022,0.00748454147546334,0.415746583358592,0.277703389864793,"Human_Breast_Andersson_10142021_ST_C2"
"Human_Breast_Andersson_10142021_ST_C2_21x21",0.0607599490406868,0.103192718712798,0.030521328774285,0.00888909900719269,0.0264439357655379,0.0291243269226647,0.0170338135142543,0.342358469708178,0.381676358554402,"Human_Breast_Andersson_10142021_ST_C2"
"Human_Breast_Andersson_10142021_ST_C2_21x22",0.0696482491313502,0.133733550767401,0.0424026422700533,0.0304774577337891,0.0411370568350031,0.0366224925234898,0.0299378642013203,0.133837287735966,0.482203398801627,"Human_Breast_Andersson_10142021_ST_C2"
"Human_Breast_Andersson_10142021_ST_C2_21x23",0.0701958172817494,0.0911316690689951,0.0523208274491006,0.0134427788162033,0.0298864237370686,0.0422738434603227,0.0176008105197971,0.324985922413509,0.358161907253254,"Human_Breast_Andersson_10142021_ST_C2"
"Human_Breast_Andersson_10142021_ST_C2_21x24",0.057596788969246,0.106821031288407,0.0565380063135058,0.00965680036892817,0.0210572129490944,0.0593606787236359,0.0205259632044526,0.388350660573979,0.280092857608751,"Human_Breast_Andersson_10142021_ST_C2"
"Human_Breast_Andersson_10142021_ST_C2_21x25",0.0759551920036752,0.128350693982867,0.0559692241314459,0.024049824212725,0.0229630543783849,0.0826657525959925,0.0168848266587039,0.251926146530235,0.341235285505971,"Human_Breast_Andersson_10142021_ST_C2"
"Human_Breast_Andersson_10142021_ST_C2_21x26",0.0698483479226462,0.099828964601949,0.0512639368176768,0.0197949577944299,0.0312521627616666,0.0910414336523703,0.0209461635024465,0.329812076253555,0.28621195669326,"Human_Breast_Andersson_10142021_ST_C2"
"Human_Breast_Andersson_10142021_ST_C2_21x27",0.0247712667990374,0.114497042071342,0.0456878662973043,0.010414142755898,0.078577926882481,0.10209741038504,0.00845185746914268,0.396272326542638,0.219230160797117,"Human_Breast_Andersson_10142021_ST_C2"
"Human_Breast_Andersson_10142021_ST_C2_21x28",0.0657950227309737,0.165230686474892,0.0533055166882779,0.0248291067670595,0.072266851179057,0.144489245466123,0.00758756417610315,0.199502998993781,0.266993007523733,"Human_Breast_Andersson_10142021_ST_C2"
"Human_Breast_Andersson_10142021_ST_C2_22x14",0.0784395169501314,0.110226454534005,0.0482475366305202,0.0129297713602914,0.0394604402690901,0.0869260745452539,0.0171584947049527,0.41442014598017,0.192191565025586,"Human_Breast_Andersson_10142021_ST_C2"
"Human_Breast_Andersson_10142021_ST_C2_22x15",0.0490835071780218,0.139100147560723,0.061298654668641,0.0138338480043089,0.0182985909594867,0.0565398964376659,0.00927788572334008,0.458618981291154,0.193948488176659,"Human_Breast_Andersson_10142021_ST_C2"
"Human_Breast_Andersson_10142021_ST_C2_22x16",0.048197060589668,0.0961571078371571,0.0529736340126434,0.00464167351812465,0.0103028437038022,0.0360996566829517,0.00756542748391973,0.604166339743997,0.139896256427736,"Human_Breast_Andersson_10142021_ST_C2"
"Human_Breast_Andersson_10142021_ST_C2_22x17",0.0490947226024274,0.117510894905764,0.0357747920028942,0.00674722100420774,0.0126956272620801,0.044488226625869,0.0117764447506776,0.56183265674756,0.16007941409852,"Human_Breast_Andersson_10142021_ST_C2"
"Human_Breast_Andersson_10142021_ST_C2_22x18",0.0353624241954036,0.115844461044199,0.0549000432803645,0.0070147844331433,0.00511804127808028,0.0263366975763445,0.0175841956142193,0.567402616980427,0.170436735597819,"Human_Breast_Andersson_10142021_ST_C2"
"Human_Breast_Andersson_10142021_ST_C2_22x19",0.0807607157168129,0.113061722007225,0.0415035611335635,0.0178010918398045,0.0363084232751165,0.0567941706014692,0.0147936901229059,0.336575914994112,0.302400710308991,"Human_Breast_Andersson_10142021_ST_C2"
"Human_Breast_Andersson_10142021_ST_C2_22x20",0.0482323137875204,0.110565240635039,0.0215047238713775,0.0199722935724483,0.0199617423208048,0.0444365256306369,0.0342948305909263,0.303731034601127,0.39730129499012,"Human_Breast_Andersson_10142021_ST_C2"
"Human_Breast_Andersson_10142021_ST_C2_22x21",0.0524407283502527,0.159574962671204,0.0374553950410898,0.0159128486880887,0.0305705566963009,0.0399265123475222,0.0148681227844365,0.134436501733135,0.51481437168797,"Human_Breast_Andersson_10142021_ST_C2"
"Human_Breast_Andersson_10142021_ST_C2_22x22",0.132816189503062,0.0986910250482073,0.0415726107420841,0.0226654065526157,0.0224863544421928,0.0527313357222323,0.0354548394315216,0.127217553083756,0.466364685474329,"Human_Breast_Andersson_10142021_ST_C2"
"Human_Breast_Andersson_10142021_ST_C2_22x23",0.0603521670975479,0.142301097840558,0.0452570793516499,0.00756272445468674,0.0166356403101067,0.0662964870172005,0.0283438685693622,0.17693949810476,0.456311437254128,"Human_Breast_Andersson_10142021_ST_C2"
"Human_Breast_Andersson_10142021_ST_C2_22x24",0.0799016691477183,0.0773326651861652,0.0442898721734465,0.00987864131058192,0.0228264189423961,0.0514315331877868,0.0284999939222269,0.324634134566587,0.361205071563091,"Human_Breast_Andersson_10142021_ST_C2"
"Human_Breast_Andersson_10142021_ST_C2_22x25",0.0494890348624481,0.133270500074246,0.0297001572833205,0.018762927153546,0.023314239478875,0.0481083017585711,0.0413327667110995,0.190878154043647,0.465143918634247,"Human_Breast_Andersson_10142021_ST_C2"
"Human_Breast_Andersson_10142021_ST_C2_22x26",0.0921646004684288,0.110764395582326,0.0310899424640379,0.0179563374355024,0.030520373788988,0.0526167320282856,0.0223095810299841,0.151131586062147,0.4914464511403,"Human_Breast_Andersson_10142021_ST_C2"
"Human_Breast_Andersson_10142021_ST_C2_22x27",0.0362433329207161,0.115693723000365,0.0417936407897512,0.0179088636862095,0.0238907386393873,0.07867321061555,0.015392219156887,0.339596093945356,0.330808177245778,"Human_Breast_Andersson_10142021_ST_C2"
"Human_Breast_Andersson_10142021_ST_C2_22x28",0.0619726967813274,0.101117013531569,0.0436924613791927,0.0273223693241014,0.0430112217512436,0.103319303214506,0.0276666297564918,0.300021028347362,0.291877275914207,"Human_Breast_Andersson_10142021_ST_C2"
"Human_Breast_Andersson_10142021_ST_C2_22x29",0.0894951157978732,0.0861946035782905,0.0415645354808528,0.0249532591213517,0.0683867444756561,0.112073632916699,0.018747508701595,0.279466494776815,0.279118105150867,"Human_Breast_Andersson_10142021_ST_C2"
"Human_Breast_Andersson_10142021_ST_C2_23x14",0.0805610190899192,0.167084493993752,0.0259507074294163,0.0152558489269956,0.0199643685256962,0.0437104275347271,0.0471400892996868,0.122660385407834,0.477672659791973,"Human_Breast_Andersson_10142021_ST_C2"
"Human_Breast_Andersson_10142021_ST_C2_23x15",0.0708102460498941,0.107861062622077,0.0127927636790041,0.00505814428816933,0.0165687754137964,0.0271532279743282,0.0128339539268318,0.561258487833713,0.185663338212186,"Human_Breast_Andersson_10142021_ST_C2"
"Human_Breast_Andersson_10142021_ST_C2_23x16",0.0348169741077367,0.220385626471273,0.0473776925021825,0.0270237280302523,0.022271014314161,0.0404146971536972,0.00381294991263084,0.523149382374991,0.0807479351330752,"Human_Breast_Andersson_10142021_ST_C2"
"Human_Breast_Andersson_10142021_ST_C2_23x17",0.10067911214353,0.122467444961702,0.050781355986963,0.0106425613570903,0.0107526907932666,0.0377286629552603,0.0154979990560867,0.393954385711023,0.257495787035078,"Human_Breast_Andersson_10142021_ST_C2"
"Human_Breast_Andersson_10142021_ST_C2_23x18",0.103634259118189,0.0995039731778683,0.0323168593910887,0.0220285101657773,0.0381797727926667,0.0560802118590472,0.0518109799925043,0.245322820283399,0.35112261321946,"Human_Breast_Andersson_10142021_ST_C2"
"Human_Breast_Andersson_10142021_ST_C2_23x19",0.0810425095703774,0.0775380131306408,0.0437259773357562,0.0091102321398667,0.0119673920191737,0.0341549910497738,0.0183050014461284,0.157251023530125,0.566904859778158,"Human_Breast_Andersson_10142021_ST_C2"
"Human_Breast_Andersson_10142021_ST_C2_23x20",0.110903127216149,0.0776465369292587,0.0288471320213226,0.0311073217169868,0.0411428548709579,0.0430807246274438,0.0393957041076767,0.129644714694123,0.498231883816082,"Human_Breast_Andersson_10142021_ST_C2"
"Human_Breast_Andersson_10142021_ST_C2_23x21",0.0792153821638873,0.103002525099843,0.0371120790365723,0.0182998607530357,0.0139718182381226,0.0523828593552951,0.0273680217181524,0.178851102682589,0.489796350952503,"Human_Breast_Andersson_10142021_ST_C2"
"Human_Breast_Andersson_10142021_ST_C2_23x22",0.0751942519316279,0.095471109859958,0.0566954210730951,0.0264419186587007,0.0303662188328494,0.0476586886373216,0.0145508423532192,0.120658164096464,0.532963384556764,"Human_Breast_Andersson_10142021_ST_C2"
"Human_Breast_Andersson_10142021_ST_C2_23x23",0.101304061405124,0.12220800733238,0.0493711990728685,0.0176478079352996,0.029414382209981,0.063452982583835,0.0210092041228279,0.202246581969281,0.393345773368403,"Human_Breast_Andersson_10142021_ST_C2"
"Human_Breast_Andersson_10142021_ST_C2_23x24",0.0758046601978016,0.100757846198933,0.031405758365025,0.0116518696990817,0.0309649261425572,0.0542454744889383,0.0203220659722987,0.261055087717412,0.413792311217953,"Human_Breast_Andersson_10142021_ST_C2"
"Human_Breast_Andersson_10142021_ST_C2_23x25",0.0827408149516721,0.147510873848142,0.0425053853882808,0.0224914308889046,0.0412644104319469,0.0583807538792686,0.010806726668066,0.124751412663997,0.469548191279722,"Human_Breast_Andersson_10142021_ST_C2"
"Human_Breast_Andersson_10142021_ST_C2_23x26",0.0586332958175239,0.0550389592385831,0.0240124812475665,0.0163122180443275,0.0550586672901479,0.036823578159515,0.0554583183233141,0.167031211651768,0.531631270227254,"Human_Breast_Andersson_10142021_ST_C2"
"Human_Breast_Andersson_10142021_ST_C2_24x13",0.10261748422278,0.0833834595572989,0.0318966434176322,0.0051002465183373,0.0283734091842331,0.0623616253549049,0.00389773467525222,0.664740501437978,0.0176288956315843,"Human_Breast_Andersson_10142021_ST_C2"
"Human_Breast_Andersson_10142021_ST_C2_24x14",0.0529054000578468,0.091592558449445,0.0562212083080728,0.00528261559741509,0.0177954807104985,0.0228460273524103,0.00774428532236343,0.574055412612495,0.171557011589453,"Human_Breast_Andersson_10142021_ST_C2"
"Human_Breast_Andersson_10142021_ST_C2_24x15",0.045563887578703,0.246263161197233,0.0496867514464203,0.00359441064847406,0.0049688509250294,0.0239083066433475,0.00896617744475058,0.422218283718643,0.1948301703974,"Human_Breast_Andersson_10142021_ST_C2"
"Human_Breast_Andersson_10142021_ST_C2_24x16",0.114696567724698,0.193003636272267,0.066602783928722,0.00780758000534264,0.0238904460022918,0.078158060818212,0.0239091194254328,0.173387291968303,0.318544513854731,"Human_Breast_Andersson_10142021_ST_C2"
"Human_Breast_Andersson_10142021_ST_C2_24x17",0.0512785125013336,0.182932656315821,0.028193763683391,0.0163687168211188,0.0326248070263062,0.059168835715554,0.0177891336118153,0.216805334677537,0.394838239647123,"Human_Breast_Andersson_10142021_ST_C2"
"Human_Breast_Andersson_10142021_ST_C2_24x18",0.0846490121084883,0.186350803406067,0.0475016621040634,0.0196785278623068,0.039571865231961,0.104155327088458,0.01960635808438,0.198398305472979,0.300088138641296,"Human_Breast_Andersson_10142021_ST_C2"
"Human_Breast_Andersson_10142021_ST_C2_24x19",0.106542426107167,0.12744194311208,0.044883499554939,0.0139511511261748,0.0068336032868961,0.0363214310787936,0.0131747321355407,0.270667557700991,0.380183655897417,"Human_Breast_Andersson_10142021_ST_C2"
"Human_Breast_Andersson_10142021_ST_C2_24x20",0.107793489980128,0.0959970906873411,0.0360566171169906,0.0164215553219222,0.0308680637922732,0.03173008962977,0.0144119307640838,0.121875600259146,0.544845562448345,"Human_Breast_Andersson_10142021_ST_C2"
"Human_Breast_Andersson_10142021_ST_C2_24x21",0.145876293896972,0.0635359313884847,0.0326674151916954,0.0270895199267402,0.0582827872005791,0.058794772468966,0.0180339115759789,0.0248052529040643,0.57091411544652,"Human_Breast_Andersson_10142021_ST_C2"
"Human_Breast_Andersson_10142021_ST_C2_24x22",0.0998229085264579,0.112265855926094,0.041723303373449,0.0164240163211248,0.0467881814421413,0.0582977019437003,0.030741505333586,0.109205789561542,0.484730737571905,"Human_Breast_Andersson_10142021_ST_C2"
"Human_Breast_Andersson_10142021_ST_C2_24x23",0.106197671971816,0.117055429222031,0.0474004974406557,0.0167564432313905,0.0369796525782112,0.0557537506814445,0.0215354949062616,0.166561710781773,0.431759349186417,"Human_Breast_Andersson_10142021_ST_C2"
"Human_Breast_Andersson_10142021_ST_C2_24x24",0.0431142361112263,0.0705482965381348,0.0381454920810808,0.0142468767822987,0.0341031233492551,0.0557181786715753,0.036280193308294,0.255211346461054,0.452632256697081,"Human_Breast_Andersson_10142021_ST_C2"
"Human_Breast_Andersson_10142021_ST_C2_24x25",0.0921125077524,0.0773028342535616,0.0318726149811169,0.0184556628846808,0.0641054584463352,0.0393406347008666,0.0478036740674269,0.218152825964952,0.41085378694866,"Human_Breast_Andersson_10142021_ST_C2"
"Human_Breast_Andersson_10142021_ST_C2_24x26",0.0384670055307573,0.0641609213663045,0.0256839981614379,0.0185755689334992,0.0500687531149279,0.0321493445134923,0.0487308850478672,0.189240059451125,0.532923463880589,"Human_Breast_Andersson_10142021_ST_C2"
"Human_Breast_Andersson_10142021_ST_C2_24x27",0.0537580137731372,0.0614184401313797,0.0426059723041132,0.013390525702511,0.0357444547965397,0.0458176565086564,0.0362156404482453,0.26456687073465,0.446482425600768,"Human_Breast_Andersson_10142021_ST_C2"
"Human_Breast_Andersson_10142021_ST_C2_25x13",0.135832294634734,0.0774607377980755,0.0303559922896707,0.00205920185162399,0.018906390410194,0.0268542333870701,0.00268294077923084,0.661938601894252,0.0439096069551485,"Human_Breast_Andersson_10142021_ST_C2"
"Human_Breast_Andersson_10142021_ST_C2_25x14",0.0479258103474914,0.0893616017072704,0.0207891389868365,0.0050160129899687,0.00668584553599969,0.0117890810781796,0.00860813598970827,0.192739701749234,0.617084671615311,"Human_Breast_Andersson_10142021_ST_C2"
"Human_Breast_Andersson_10142021_ST_C2_25x15",0.0778642579073245,0.195346151110841,0.0273786019058444,0.0137024651755912,0.0278196646317701,0.0776259797984872,0.00879842817101099,0.392605935133895,0.178858516165235,"Human_Breast_Andersson_10142021_ST_C2"
"Human_Breast_Andersson_10142021_ST_C2_25x16",0.0769390116682878,0.151473037751985,0.0537882330261277,0.00874315909755579,0.0119056482176058,0.133240664997231,0.00739712930596603,0.374422135947739,0.182090979987501,"Human_Breast_Andersson_10142021_ST_C2"
"Human_Breast_Andersson_10142021_ST_C2_25x17",0.0827728454250304,0.141759091133976,0.0254401132440487,0.0160760770370222,0.0302758121280929,0.0830151323113563,0.0113438428855953,0.502893093120194,0.106423992714684,"Human_Breast_Andersson_10142021_ST_C2"
"Human_Breast_Andersson_10142021_ST_C2_25x18",0.104636895283654,0.180680302961761,0.0316462686475271,0.0159089965306175,0.0304039750296707,0.117898467859811,0.0110499640156094,0.339137984684933,0.168637144986417,"Human_Breast_Andersson_10142021_ST_C2"
"Human_Breast_Andersson_10142021_ST_C2_25x19",0.0801945192063429,0.170457353453045,0.0471886026445705,0.0235119413536117,0.0375696887143666,0.143177533547942,0.0108561295896625,0.271056190667161,0.215988040823298,"Human_Breast_Andersson_10142021_ST_C2"
"Human_Breast_Andersson_10142021_ST_C2_25x20",0.0855949694222643,0.102779349340082,0.0363793770682316,0.0318241487448603,0.0259241390793666,0.0501412904678136,0.0154029668640961,0.267368237384147,0.384585521629138,"Human_Breast_Andersson_10142021_ST_C2"
