"","Endothelial","CAFs","PVL","B-cells","T-cells","Myeloid","Normal Epithelial","Plasmablasts","Cancer Epithelial","sid"
"GSE210616_GSM6433614_AAACATTTCCCGGATT-1",0.0308808392635565,0.0721087424031932,0.0924794134976563,0.075452823904461,0.0276971457529744,0.0196220940153095,0.330892715653068,0.000294897033843312,0.350571328475938,"GSE210616_GSM6433614"
"GSE210616_GSM6433614_AAACCTAAGCAGCCGG-1",0.0412793766984317,0.0139868520390637,0.0446634349715816,0.412972346183695,0.103700746442249,0.00286701098925906,0.193734865586087,0.000398633204892978,0.18639673388474,"GSE210616_GSM6433614"
"GSE210616_GSM6433614_AAACGAGACGGTTGAT-1",0.0277070369866292,0.0145770210167644,0.0395156899504873,0.36878459227538,0.105933136186041,0.0190055319520772,0.145269467895518,0.000279600633766321,0.278927923103337,"GSE210616_GSM6433614"
"GSE210616_GSM6433614_AAACTCGGTTCGCAAT-1",0.0417173500411547,0.0155325346392413,0.0540231698776879,0.394395314380407,0.104620348325503,0.00430770121545271,0.175941604192195,0.000741943522582667,0.208720033805776,"GSE210616_GSM6433614"
"GSE210616_GSM6433614_AAACTGCTGGCTCCAA-1",0.048530399063082,0.0371089006336801,0.0395412836688558,0.213392585704412,0.13830618648105,0.0321969450925121,0.198756382412563,0.000333371350647765,0.291833945593198,"GSE210616_GSM6433614"
"GSE210616_GSM6433614_AAAGTGTGATTTATCT-1",0.0484877272432786,0.0365602486157617,0.0569655549918113,0.227558876060994,0.0856440991518778,0.0121497482544771,0.230464573296547,0.00183959579947915,0.300329576585773,"GSE210616_GSM6433614"
"GSE210616_GSM6433614_AAAGTTGACTCCCGTA-1",0.0378885647316501,0.025317048266715,0.0687629419283346,0.29713239626158,0.13166930287164,0.0128241752170048,0.153284632026625,0.00220750806081784,0.270913430635633,"GSE210616_GSM6433614"
"GSE210616_GSM6433614_AAATAACCATACGGGA-1",0.0262839894199137,0.0200823182487988,0.0608305842432513,0.518952668045384,0.0971785310811893,0.00540292119386989,0.137261660325314,0.000213840230490634,0.133793487211788,"GSE210616_GSM6433614"
"GSE210616_GSM6433614_AAATACCTATAAGCAT-1",0.0449789575624164,0.0424197994600751,0.0737577975297327,0.216204855789861,0.149765060991241,0.0275644190177342,0.142241058848072,0.00144253971642362,0.301625511084444,"GSE210616_GSM6433614"
"GSE210616_GSM6433614_AAATAGGGTGCTATTG-1",0.0582028269829402,0.0302474149916845,0.0602805408945206,0.19908632051123,0.107603253568848,0.0215452010042035,0.186604932496056,0.00134085130617377,0.335088658244343,"GSE210616_GSM6433614"
"GSE210616_GSM6433614_AAATCCGATACACGCC-1",0.0858694189969225,0.0356411661752635,0.0727734819859374,0.129180667247094,0.117014308984645,0.0395300121806033,0.269637464652898,0.00082103365915706,0.24953244611748,"GSE210616_GSM6433614"
"GSE210616_GSM6433614_AAATCGTGTACCACAA-1",0.0769770270870091,0.044158021840173,0.105309619220461,0.263839287537145,0.10716676698399,0.021756041654435,0.175675062044454,0.000581388744183607,0.204536784888149,"GSE210616_GSM6433614"
"GSE210616_GSM6433614_AAATGATTCGATCAGC-1",0.0193933667586398,0.103551503833999,0.09269415237025,0.2881964647874,0.0337550697689325,0.0636187260253409,0.223995871617255,0.000312800983936217,0.174482043854246,"GSE210616_GSM6433614"
"GSE210616_GSM6433614_AAATTACACGACTCTG-1",0.035528789087175,0.0130956587009017,0.0262721539410349,0.392230527298021,0.0737827721991329,0.0253050215198444,0.239450354146609,0.000961951956338018,0.193372771150943,"GSE210616_GSM6433614"
"GSE210616_GSM6433614_AAATTACCTATCGATG-1",0.0410299629471479,0.0660689511367481,0.0848712979014213,0.269854643476636,0.102812294027408,0.0275474362734473,0.184401169517634,0.00174682137861966,0.221667423340939,"GSE210616_GSM6433614"
"GSE210616_GSM6433614_AACACACGCTCGCCGC-1",0.0369792091599733,0.0219506754506448,0.04430181535791,0.257438848320273,0.122132763356036,0.00792333596053825,0.213727112377661,0.00268571135244192,0.292860528664521,"GSE210616_GSM6433614"
"GSE210616_GSM6433614_AACAGGAAATCGAATA-1",0.0410637157118656,0.0208761744114859,0.0501409178077603,0.327678775962891,0.0985531957234162,0.00659797697963355,0.229725849114943,0.00232850281156711,0.223034891476438,"GSE210616_GSM6433614"
"GSE210616_GSM6433614_AACATATCAACTGGTG-1",0.0237295074929441,0.179025080946951,0.0712307617932551,0.157444069011992,0.045557107370425,0.119374980923988,0.236579948115301,0.000516463127052901,0.166542081218091,"GSE210616_GSM6433614"
"GSE210616_GSM6433614_AACCCTACTGTCAATA-1",0.0361440085757867,0.0718957255411118,0.0621741140215318,0.172928245680763,0.0903476209857311,0.0745576286205159,0.169225764517542,0.00120611917991944,0.321520772877097,"GSE210616_GSM6433614"
"GSE210616_GSM6433614_AACCGAGCTTGGTCAT-1",0.0283691533954855,0.0299369675617831,0.0470661510460686,0.459870881071338,0.0844393315461304,0.0132577493077468,0.151864544574782,0.000641083554629498,0.184554137942036,"GSE210616_GSM6433614"
"GSE210616_GSM6433614_AACCGCTAAGGGATGC-1",0.0674309274609873,0.0645426874477292,0.0376781492256107,0.133653397454177,0.0830547158309126,0.0331551064641469,0.205163689025352,0.00111471032705582,0.374206616764028,"GSE210616_GSM6433614"
"GSE210616_GSM6433614_AACCTCGCTTTAGCCC-1",0.0248475073142023,0.012262797360683,0.0442514179550224,0.393830193294584,0.149211208909967,0.0044503849375459,0.180218627706735,0.000667484052130283,0.19026037846913,"GSE210616_GSM6433614"
"GSE210616_GSM6433614_AACCTTTAAATACGGT-1",0.050155527865419,0.08848300179694,0.0651692446620483,0.119856342790099,0.0678881909083391,0.124176087265912,0.23455458310205,0.000874905641832861,0.24884211596736,"GSE210616_GSM6433614"
"GSE210616_GSM6433614_AACCTTTACGACGTCT-1",0.0299291807147514,0.0302178732757615,0.0626789186293387,0.410624160302044,0.0821601935198713,0.0193206589568957,0.163337797147153,0.000394943559281817,0.201336273894903,"GSE210616_GSM6433614"
"GSE210616_GSM6433614_AACGATAATGCCGTAG-1",0.040718544846129,0.058340091574191,0.0876392456443735,0.215046045289098,0.10114579283976,0.0639747664145451,0.117361795382236,0.0007822369106688,0.314991481098999,"GSE210616_GSM6433614"
"GSE210616_GSM6433614_AACGATATGTCAACTG-1",0.0370969765970962,0.0365389172025849,0.0530456278851915,0.0841500922466249,0.084139380516078,0.0218372508827552,0.342386210501206,0.000603377057318198,0.340202167111145,"GSE210616_GSM6433614"
"GSE210616_GSM6433614_AACGCATGATCTGGGT-1",0.0185953596286072,0.0227954920285265,0.0885453306921063,0.285917945291799,0.0628851830643942,0.00967297415971616,0.274198216443688,0.000351083033736508,0.237038415657425,"GSE210616_GSM6433614"
"GSE210616_GSM6433614_AACGCTGTTGCTGAAA-1",0.0287551600096646,0.105492062674275,0.117546105808837,0.0489966648453835,0.030058872394872,0.0448731904648667,0.30128828958042,0.00192187890639033,0.321067775315291,"GSE210616_GSM6433614"
"GSE210616_GSM6433614_AACGGACGTACGTATA-1",0.0421903383008815,0.0229130751237257,0.0401612963527157,0.222494132835621,0.120828266514879,0.02929000449186,0.276352470018328,0.00155087494779719,0.244219541414192,"GSE210616_GSM6433614"
"GSE210616_GSM6433614_AACGGCCATCTCCGGT-1",0.0280203896005611,0.0346132523899825,0.0832737029029989,0.384174229483792,0.0723405739963204,0.0240140672592897,0.154315843635347,0.000581607720206188,0.218666333011503,"GSE210616_GSM6433614"
"GSE210616_GSM6433614_AACGTGCGAAAGTCTC-1",0.0497669289690934,0.0207932433112994,0.0230900802048086,0.287271861394055,0.104269767860407,0.0186171325505313,0.27858394616187,0.000199240167472442,0.217407799380463,"GSE210616_GSM6433614"
"GSE210616_GSM6433614_AACTAGGCTTGGGTGT-1",0.0423995603068863,0.022668840325263,0.0498042131197613,0.286224888499518,0.140189768081939,0.011333032773489,0.210549170323636,0.00151644620992473,0.235314080359583,"GSE210616_GSM6433614"
"GSE210616_GSM6433614_AACTCCAGAGCGTGTT-1",0.0585732538872471,0.023512455316756,0.0209972399999478,0.241449421100344,0.0818216693714243,0.00904062062541958,0.277988987536861,0.00122521253187892,0.285391139630121,"GSE210616_GSM6433614"
"GSE210616_GSM6433614_AACTCTCAATAGAGCG-1",0.0454266004569727,0.0282809493458733,0.060082399430197,0.26816361361432,0.110843863746495,0.015895232184455,0.207477527014568,0.0007459374154366,0.263083876791682,"GSE210616_GSM6433614"
"GSE210616_GSM6433614_AACTGATATTAGGCCT-1",0.0268460780080594,0.00898265028268641,0.0307537418642714,0.485483699087876,0.0679971787146385,0.00185498596719486,0.238938365572539,0.000325141769546614,0.138818158733188,"GSE210616_GSM6433614"
"GSE210616_GSM6433614_AACTGGGTCCCGACGT-1",0.0213510597079524,0.0212115135071291,0.0533016352668625,0.426952235655268,0.104429974899414,0.0102490882516626,0.181784917765668,0.000256788493680074,0.180462786452364,"GSE210616_GSM6433614"
"GSE210616_GSM6433614_AAGACCCAACTGAACA-1",0.0240374624999589,0.112105137213581,0.0126303057941557,0.441758833763013,0.128736859836197,0.0496523836224156,0.115998241482894,0.000830421602059075,0.114250354185725,"GSE210616_GSM6433614"
"GSE210616_GSM6433614_AAGAGCTCTTTATCGG-1",0.0373943399668461,0.0208295193131463,0.0333969165208897,0.359502990678645,0.0847151348676607,0.0265722097991003,0.212741777180391,0.000585854315681385,0.224261257357639,"GSE210616_GSM6433614"
"GSE210616_GSM6433614_AAGAGGCATGGATCGC-1",0.0424321911850072,0.0285001004515475,0.0373508730404281,0.372118251883498,0.110402236509261,0.0239104623392229,0.124514764455387,0.000648051123493225,0.260123069012155,"GSE210616_GSM6433614"
"GSE210616_GSM6433614_AAGATTGGCGGAACGT-1",0.0569422455702076,0.0474385708374672,0.0419252968808065,0.209146698249015,0.0795125301608776,0.0111652012679687,0.267607067855406,0.00216573467936613,0.284096654498885,"GSE210616_GSM6433614"
"GSE210616_GSM6433614_AAGCACCCTGCGTATC-1",0.0339899466431392,0.0392916008377338,0.110646381346138,0.234144674021192,0.0684908800132994,0.0374962318678896,0.204084271402295,0.000976253960183053,0.27087975990813,"GSE210616_GSM6433614"
"GSE210616_GSM6433614_AAGCATACTCTCCTGA-1",0.0428886410783785,0.0740051917215589,0.10985076480827,0.104531462532915,0.073514624981765,0.145123424632605,0.188285116849458,0.0023790761285854,0.259421697266464,"GSE210616_GSM6433614"
"GSE210616_GSM6433614_AAGCGCAGGGCTTTGA-1",0.042868031521886,0.0163489229885756,0.029073042724091,0.317695277292838,0.0824090295494763,0.00408672789349462,0.278126367590144,0.000299458483879233,0.229093141955615,"GSE210616_GSM6433614"
"GSE210616_GSM6433614_AAGCTAGATCGAGTAA-1",0.0523718199582509,0.0323850979055181,0.0635142124465486,0.226168570163342,0.0918400830144449,0.0322847384602928,0.16463116080021,0.00200262682498178,0.334801690426411,"GSE210616_GSM6433614"
"GSE210616_GSM6433614_AAGCTCGTGCCAAGTC-1",0.048605552185917,0.0197434916529383,0.0289625013921243,0.271322829082426,0.0973838081012008,0.0165711813538718,0.265244274265796,0.00215727659859658,0.25000908536713,"GSE210616_GSM6433614"
"GSE210616_GSM6433614_AAGCTCTTTCATGGTG-1",0.0331552814988458,0.0265538339578287,0.0360749941787034,0.20982478069564,0.0496458355948875,0.0308918455619182,0.289786618247979,0.000349507868176218,0.323717302396021,"GSE210616_GSM6433614"
"GSE210616_GSM6433614_AAGGATGAGGGACCTC-1",0.0357122477949455,0.0410835447120205,0.0605364555026343,0.267705136581772,0.0856434584112175,0.0463452255442178,0.229110477585152,0.000731310123859303,0.23313214374418,"GSE210616_GSM6433614"
"GSE210616_GSM6433614_AAGGGACAGATTCTGT-1",0.037398012610003,0.0957098747841885,0.12404678106106,0.262938009481904,0.0862082081678208,0.0379311035702717,0.155086668500097,0.00215949743090577,0.198521844393749,"GSE210616_GSM6433614"
"GSE210616_GSM6433614_AAGGTATCCTAATATA-1",0.0302833711089311,0.0395644821064133,0.0408873244424313,0.343877831039698,0.114792655215517,0.0134989386861487,0.166342194376938,0.00179743248629724,0.248955770537626,"GSE210616_GSM6433614"
"GSE210616_GSM6433614_AAGGTGATAAACCAGC-1",0.0443223609226131,0.0303816643479575,0.0710555169888864,0.179579598124495,0.0656614438706635,0.0284118439985371,0.254642482101065,0.000371429197469537,0.325573660448313,"GSE210616_GSM6433614"
"GSE210616_GSM6433614_AAGTCAATTGTCGTCA-1",0.0262646327925663,0.116977177378068,0.100283130500223,0.131000878695331,0.0699456421777962,0.103983166626916,0.211530902770441,0.000707933550818888,0.23930653550784,"GSE210616_GSM6433614"
"GSE210616_GSM6433614_AAGTGTTTGGAGACGG-1",0.0528405710064823,0.0141492177656824,0.042970436762431,0.24456933832961,0.125046598653512,0.022066349359088,0.166382229540081,0.00124092171750456,0.330734336865608,"GSE210616_GSM6433614"
"GSE210616_GSM6433614_AAGTTCACTCCAAGCT-1",0.051542763577216,0.0375959053668641,0.0494974100356357,0.212871346467177,0.118408016537297,0.0177054750229049,0.220384480880279,0.00116659752994524,0.290828004582681,"GSE210616_GSM6433614"
"GSE210616_GSM6433614_AAGTTCAGTCTGCGTA-1",0.0210865973353944,0.0229966280994183,0.048968976737708,0.351644985340192,0.152299623546259,0.0192607797768229,0.222383430619284,0.000203829508278205,0.161155149036642,"GSE210616_GSM6433614"
"GSE210616_GSM6433614_AATAGAACAGAGTGGC-1",0.0491589333543322,0.0272094043483927,0.0637919152780773,0.267490576483613,0.0889570498694223,0.0189351830528816,0.18925995617058,0.0011816301145333,0.294015351328168,"GSE210616_GSM6433614"
"GSE210616_GSM6433614_AATAGAATCTGTTTCA-1",0.0358375908627477,0.031598331904089,0.0301859146356064,0.0675336588120622,0.148307949365399,0.0442459719254471,0.393974349291457,0.00118288586065147,0.24713334734254,"GSE210616_GSM6433614"
"GSE210616_GSM6433614_AATAGCTACCGCGTGC-1",0.010473021359401,0.0764996771207359,0.0694986466584161,0.36473718294689,0.0477616740629479,0.0461953412223165,0.22474261630806,0.000406377409802495,0.15968546291143,"GSE210616_GSM6433614"
"GSE210616_GSM6433614_AATAGTCCGTCCCGAC-1",0.0318492529239684,0.0314761157291206,0.0700739928996487,0.131830810057352,0.06931735374093,0.0133554014793419,0.243688232008776,0.00220873206600398,0.406200109094859,"GSE210616_GSM6433614"
"GSE210616_GSM6433614_AATATCGAGGGTTCTC-1",0.0184924094053324,0.247162688785104,0.0611602580318022,0.150068347720857,0.0427705858195662,0.11642425666701,0.17143963411123,0.000625613191403014,0.191856206267694,"GSE210616_GSM6433614"
"GSE210616_GSM6433614_AATCATGTAAAGACTC-1",0.0396572952467604,0.0511341198543363,0.0673318857783387,0.102490457798495,0.0864245632941325,0.0230272127153737,0.365462028371189,0.0014564417986557,0.263015995142719,"GSE210616_GSM6433614"
"GSE210616_GSM6433614_AATCGCCTCAGCGCCA-1",0.0443245424656712,0.0331183222045203,0.0577498348853744,0.114608083370387,0.0554380584403675,0.0238016012560617,0.340051692325566,0.00298524497814445,0.327922620073908,"GSE210616_GSM6433614"
"GSE210616_GSM6433614_AATCGTGAGCCGAGCA-1",0.0295994462645405,0.0185059930748906,0.0638583394755596,0.434446036078463,0.104623213506458,0.00554225857605278,0.17166592432317,0.000464211035702323,0.171294577665163,"GSE210616_GSM6433614"
"GSE210616_GSM6433614_AATCTGCGTTGGGACG-1",0.0466777881483025,0.0458741630549524,0.0205713845857777,0.367593636124148,0.112042244199214,0.021332052382795,0.167856620908207,0.000255523083318074,0.217796587513285,"GSE210616_GSM6433614"
"GSE210616_GSM6433614_AATGACGTAGGATGTC-1",0.0434079350719967,0.0303279231018203,0.0303549468009851,0.242500914076006,0.0866069287189918,0.0271720688298325,0.143176912881189,0.000556819809828527,0.39589555070935,"GSE210616_GSM6433614"
"GSE210616_GSM6433614_AATGATGATACGCTAT-1",0.0232048025057027,0.042871708934345,0.120927003762621,0.227431360560035,0.0702264014478572,0.0373352197281036,0.216299625257956,0.00127086249260872,0.260433015310771,"GSE210616_GSM6433614"
"GSE210616_GSM6433614_AATGATGCGACTCCTG-1",0.0125195341885829,0.231857121343136,0.113656703183364,0.211583177019571,0.0353605395299105,0.0771073666231634,0.206806797291022,0.000145128008377723,0.110963632812872,"GSE210616_GSM6433614"
"GSE210616_GSM6433614_AATGCACCAAGCAATG-1",0.0263542675232081,0.0196325254029898,0.0415903217150045,0.520878452365729,0.0685948276681042,0.00796109044339369,0.150535006915353,0.000615116285419289,0.163838391680798,"GSE210616_GSM6433614"
"GSE210616_GSM6433614_AATTAACGGATTTCCA-1",0.0616413707943092,0.165878811138449,0.0593085871972225,0.176431179804559,0.0728874901840387,0.120771185179548,0.193509735466722,0.00271702927856251,0.146854610956589,"GSE210616_GSM6433614"
"GSE210616_GSM6433614_AATTAGCGCTGCAGCG-1",0.0381874373498649,0.024756084340261,0.0517037051543766,0.279748164156974,0.108084105058684,0.00620467224375977,0.177909476972122,0.00115751229515611,0.312248842428802,"GSE210616_GSM6433614"
"GSE210616_GSM6433614_AATTCATAAGGGATCT-1",0.0233462764978486,0.0736824307782295,0.170287130406917,0.15626874012448,0.0396991791801926,0.0582135566171223,0.228969395094701,0.00155531362109168,0.247977977679417,"GSE210616_GSM6433614"
"GSE210616_GSM6433614_AATTCGATTCGAGGAT-1",0.0585299129078539,0.017695170599415,0.0487618592034195,0.231482465974791,0.133672023373048,0.00713566204077571,0.263671045198648,0.000604362182846294,0.238447498519203,"GSE210616_GSM6433614"
"GSE210616_GSM6433614_AATTCTAGAGTTAGGC-1",0.052965289164046,0.0435655610976706,0.0423743934863577,0.157368759119296,0.160854838433387,0.0200784977364537,0.166060821616612,0.00137012168430001,0.355361717661878,"GSE210616_GSM6433614"
"GSE210616_GSM6433614_AATTGAACGCTCTGGT-1",0.0615275089102604,0.0299631067665467,0.0797323965402339,0.175926673477584,0.0908942575319603,0.0312342612600556,0.121893079134401,0.00381164131255155,0.405017075066406,"GSE210616_GSM6433614"
"GSE210616_GSM6433614_AATTTGGGACATAGTA-1",0.0393777281218563,0.0231891341114721,0.0297467408635203,0.520545717710744,0.0722703675041224,0.00622387447713193,0.149660630798643,0.000512826156383536,0.158472980256127,"GSE210616_GSM6433614"
"GSE210616_GSM6433614_ACAAAGCATGACCTAG-1",0.0514271341820511,0.0204762699279847,0.0269378412760799,0.202610456931345,0.10779933277649,0.015574941934153,0.306773110650402,7.40576935440911e-05,0.26832685462795,"GSE210616_GSM6433614"
"GSE210616_GSM6433614_ACAAATCGCACCGAAT-1",0.052097144335438,0.0263198590001585,0.0783004462701637,0.158572332649031,0.106750376964734,0.0183988432133736,0.26603936341374,0.00331965086135055,0.29020198329201,"GSE210616_GSM6433614"
"GSE210616_GSM6433614_ACAAATGGTAGTGTTT-1",0.0402286099390189,0.0453616712577192,0.0644029463415982,0.20795436297351,0.119335787979083,0.0830142088110411,0.171002216216987,0.0025358745316166,0.266164321949426,"GSE210616_GSM6433614"
"GSE210616_GSM6433614_ACAACAGCATGAGCTA-1",0.0324714780622286,0.0294885186461145,0.0514183808576543,0.328081529576303,0.0878098811574178,0.0152877427820376,0.207752850671423,0.000552191437464785,0.247137426809357,"GSE210616_GSM6433614"
"GSE210616_GSM6433614_ACAAGGAAATCCGCCC-1",0.0435898586332526,0.0501001752171174,0.0415370463846877,0.22247866609322,0.108855366705551,0.0605698808807682,0.197309561197837,0.000592293371343775,0.274967151516223,"GSE210616_GSM6433614"
"GSE210616_GSM6433614_ACAAGGATGCTTTAGG-1",0.0516505083666294,0.0305202439277698,0.071091113724687,0.31987767134118,0.116791167657669,0.0206072777849894,0.172731608910766,0.000869220439865161,0.215861187846445,"GSE210616_GSM6433614"
"GSE210616_GSM6433614_ACAAGGGCAGGCTCTG-1",0.0331898992282558,0.0309017009098716,0.0506636172267904,0.167567205750986,0.0988616088882712,0.0264877118783753,0.254103481343449,0.00390052902767124,0.33432424574633,"GSE210616_GSM6433614"
"GSE210616_GSM6433614_ACAATTGTGTCTCTTT-1",0.0714925900507778,0.039417842377614,0.0333184605458392,0.0981752649543296,0.0897086441558583,0.046711771840899,0.319936493190056,0.000858596985999008,0.300380335898628,"GSE210616_GSM6433614"
"GSE210616_GSM6433614_ACAATTTGAGCAGTGG-1",0.0349116145536875,0.0127830994253213,0.0202903668071351,0.283926569714519,0.109138688449658,0.015537965068175,0.245648795223521,0.00129264518112631,0.276470255576857,"GSE210616_GSM6433614"
"GSE210616_GSM6433614_ACACACCAGGACCAGT-1",0.0402240003877056,0.0265550224564985,0.079134890071324,0.336136934263989,0.0743027892726157,0.0136022745507565,0.179613705418029,0.000532390668257298,0.249897992910824,"GSE210616_GSM6433614"
"GSE210616_GSM6433614_ACACGAGACTCCTTCT-1",0.0565720566268534,0.0320647622799115,0.0657789041667175,0.209329014787775,0.0925092292336325,0.0278129749993533,0.174253204389353,0.00143698700632192,0.340242866510081,"GSE210616_GSM6433614"
"GSE210616_GSM6433614_ACACGGGAACTTAGGG-1",0.0372344921767334,0.0295037025489202,0.0877299705667496,0.285963220154453,0.0894762489279648,0.0288376892424247,0.211413509356227,0.00134938917200802,0.228491777854518,"GSE210616_GSM6433614"
"GSE210616_GSM6433614_ACACTGATCAAGGTGT-1",0.0302258917553265,0.0217146936810796,0.0590562890705779,0.385815012974286,0.0985529641175817,0.00968485095405632,0.176502380521836,0.000695399118517241,0.21775251780674,"GSE210616_GSM6433614"
"GSE210616_GSM6433614_ACAGCGACATTCTCAT-1",0.0568629000177422,0.0254643547721719,0.0217584436638614,0.269283974254511,0.101191144965231,0.0226573094075597,0.266766953582395,0.000114236649699594,0.235900682686829,"GSE210616_GSM6433614"
"GSE210616_GSM6433614_ACAGGCTTGCCCGACT-1",0.0312029426581232,0.0479629756273678,0.0883771656808428,0.325176241261799,0.100519777683576,0.0205253985871392,0.104369819679867,0.0010056006874398,0.280860078133844,"GSE210616_GSM6433614"
"GSE210616_GSM6433614_ACATCCCGGCCATACG-1",0.030661814499603,0.0338941890315356,0.0615911509919043,0.216473725511096,0.0828877200193581,0.0184303738260568,0.210319178821227,0.000752778840912566,0.344989068458306,"GSE210616_GSM6433614"
"GSE210616_GSM6433614_ACATCGATCGTTTACC-1",0.0396443937702876,0.0284184745759197,0.075238063430515,0.196511848422022,0.141267992659527,0.0235768376350444,0.175966391773779,0.00224882007600818,0.317127177656897,"GSE210616_GSM6433614"
"GSE210616_GSM6433614_ACATCGTATGCAATGG-1",0.0365133989034055,0.0257685455522643,0.0708365223727867,0.211110820305376,0.110069632137584,0.0241835731873279,0.173123355420889,0.00141030902703357,0.346983843093333,"GSE210616_GSM6433614"
"GSE210616_GSM6433614_ACATTAGTTTATATCC-1",0.0262820659282266,0.023103311950604,0.045436747474297,0.319685078995907,0.128592725513789,0.0121147616388139,0.162675459818528,0.00075257563507796,0.281357273044757,"GSE210616_GSM6433614"
"GSE210616_GSM6433614_ACCAACACCACACACT-1",0.0281971489507598,0.083623535832428,0.0567192495917666,0.297834507827754,0.072681094717229,0.0606103896893619,0.211019855403366,0.00134171178125169,0.187972506206083,"GSE210616_GSM6433614"
"GSE210616_GSM6433614_ACCAACGCTTATTTAT-1",0.0520834693620268,0.0275129555107188,0.0494086945715565,0.285871239417713,0.119324311772416,0.0186518624875115,0.180696616482147,0.00119452459333908,0.265256325802572,"GSE210616_GSM6433614"
"GSE210616_GSM6433614_ACCAATATGCAAGTTA-1",0.0248557447293972,0.0962630733692505,0.103674037267255,0.15900656420167,0.0616341594439542,0.0508915186310335,0.242659746761469,0.00190148210554546,0.259113673490425,"GSE210616_GSM6433614"
"GSE210616_GSM6433614_ACCACGTGCAGCTATA-1",0.0302572314508001,0.0715652904076001,0.0369797128334567,0.229333566945304,0.0985185209558867,0.0157565851696043,0.167387767219204,0.000654116496886985,0.349547208521257,"GSE210616_GSM6433614"
"GSE210616_GSM6433614_ACCAGTGCGGGAGACG-1",0.0467914877042324,0.0295591151970246,0.0315025530381909,0.137859928123743,0.104184409108567,0.0237883650901338,0.21508701445838,0.00106965594404833,0.41015747133568,"GSE210616_GSM6433614"
"GSE210616_GSM6433614_ACCATATCCGCAATAA-1",0.0541171088549925,0.0228626571914155,0.0671463145612891,0.268831253314675,0.118709698289182,0.0143339406059905,0.200945252659528,0.00107747249219704,0.25197630203073,"GSE210616_GSM6433614"
"GSE210616_GSM6433614_ACCCAACGCCCGTGGC-1",0.0402254752764223,0.0220780342979983,0.0537761888219093,0.309499444651032,0.101411802213199,0.0281059233381283,0.150877757573165,0.000388196764232469,0.293637177063913,"GSE210616_GSM6433614"
"GSE210616_GSM6433614_ACCCATTTGTCCCTCT-1",0.0542569016005477,0.0559736522342305,0.138109995696535,0.0296243783924849,0.0201035048519891,0.0802457125899737,0.257714431238327,0.000282390715819561,0.363689032680093,"GSE210616_GSM6433614"
"GSE210616_GSM6433614_ACCCGGAAACTCCCAG-1",0.0305591227495503,0.104879730551983,0.108040194946602,0.169765561149066,0.0327122737251548,0.101271474995438,0.211533469429886,0.00265396567916409,0.238584206773158,"GSE210616_GSM6433614"
"GSE210616_GSM6433614_ACCCGGATGACGCATC-1",0.053607221415973,0.077881205053393,0.0971388340465262,0.259876636975143,0.072067273540131,0.0368979959849117,0.180014788367356,0.00273478252134038,0.219781262095226,"GSE210616_GSM6433614"
"GSE210616_GSM6433614_ACCCGTGTCATCAGTA-1",0.0179774236728776,0.0590491343649776,0.0783457471003432,0.28374623098893,0.134284905133475,0.0132663718949773,0.238937341789986,0.00054427641337872,0.173848568641055,"GSE210616_GSM6433614"
"GSE210616_GSM6433614_ACCCTATGCCATATCG-1",0.050537028396015,0.0240966403175297,0.071167168241697,0.160408173136641,0.12998054039368,0.015948957875099,0.226646236505326,0.00168263356727101,0.319532621566741,"GSE210616_GSM6433614"
"GSE210616_GSM6433614_ACCCTCCCTTGCTATT-1",0.0360839499145818,0.0267306126423819,0.0367911537811911,0.109517343150627,0.0994169831997346,0.0277877863634578,0.310429495630072,0.000494124338216143,0.352748550979739,"GSE210616_GSM6433614"
"GSE210616_GSM6433614_ACCGACACATCTCCCA-1",0.0428348565579207,0.0404263244289064,0.113377078476246,0.293940656826013,0.107801487928758,0.0114625423864212,0.212781773887239,0.000980730602928629,0.176394548905567,"GSE210616_GSM6433614"
"GSE210616_GSM6433614_ACCGATGGTAGCATCG-1",0.0312862333002494,0.0411277732590647,0.0512705733263732,0.271705486431961,0.0930080025130285,0.0170500037629571,0.240962946994906,0.00145690667127529,0.252132073740185,"GSE210616_GSM6433614"
"GSE210616_GSM6433614_ACCGCAATAACTGCCT-1",0.0369309034371432,0.0260319528098044,0.0640946946834903,0.20051113078354,0.0986457653055238,0.014666987398825,0.190836241160094,0.00248066069247271,0.365801663729106,"GSE210616_GSM6433614"
"GSE210616_GSM6433614_ACCGGGCCTTTGTTGA-1",0.0708665419173791,0.14340248966393,0.133531130619361,0.16254885224711,0.0617850389347635,0.129627768549965,0.142974093837658,0.000950867435200022,0.154313216794632,"GSE210616_GSM6433614"
"GSE210616_GSM6433614_ACGAGTACGGATGCCC-1",0.0154505097390609,0.207888928327698,0.0326085801620679,0.31470256094409,0.0744168006027259,0.0429900653921458,0.18607978727131,0.000682361638831067,0.125180405922071,"GSE210616_GSM6433614"
"GSE210616_GSM6433614_ACGATACATAGAACTA-1",0.0264811091977712,0.0291622514782135,0.0382357162098006,0.396380626058521,0.0801321547159261,0.0109842220301567,0.226699224985505,0.00053992425751252,0.191384771066593,"GSE210616_GSM6433614"
"GSE210616_GSM6433614_ACGATCATCTTGTAAA-1",0.0350394411982549,0.0412681118858498,0.0627498322145681,0.437399588233319,0.0779408649245478,0.0112783722472258,0.148245789357478,0.00120104628834632,0.18487695365041,"GSE210616_GSM6433614"
"GSE210616_GSM6433614_ACGCCAGATGATTTCT-1",0.0247090389237389,0.0120135136958072,0.0459005567346998,0.440425260928978,0.0520461177740057,0.00537154392532037,0.234987825908953,0.000334320823325628,0.184211821285172,"GSE210616_GSM6433614"
"GSE210616_GSM6433614_ACGCCGCTAGACGACC-1",0.037298381988442,0.0367860552149558,0.0949631638852472,0.130114977587212,0.107359063683826,0.0499778580024552,0.19583079339546,0.000847378825151438,0.346822327417251,"GSE210616_GSM6433614"
"GSE210616_GSM6433614_ACGCGAAGTCAGACGA-1",0.0452950320459324,0.0467388545910023,0.0887538584192405,0.323567083429736,0.0874266866138126,0.0225115201975038,0.158359908392588,0.000323328824256168,0.227023727485929,"GSE210616_GSM6433614"
"GSE210616_GSM6433614_ACGCTAGTGATACACT-1",0.0261576317548076,0.200487818777709,0.0641149551209855,0.112211246583339,0.0309285279387764,0.153325302994445,0.224159004047846,0.00202137388985976,0.186594138892233,"GSE210616_GSM6433614"
"GSE210616_GSM6433614_ACGGACTCTCAAAGCG-1",0.0208058918117944,0.0403865273308958,0.0674409482477277,0.433828832177779,0.0666567712918503,0.0197743306147533,0.147681609460633,0.000825841492248832,0.202599247572317,"GSE210616_GSM6433614"
"GSE210616_GSM6433614_ACGGAGCGCAAATTAC-1",0.0107021437943461,0.0623718722454259,0.101025087910586,0.352441802567877,0.059944677677497,0.0631354624387941,0.200159689740621,0.0009793293564169,0.149239934268436,"GSE210616_GSM6433614"
"GSE210616_GSM6433614_ACGGATGGTGCGGATA-1",0.0302439717968969,0.0483743141464548,0.0559240129831457,0.213175280822663,0.0736235469904525,0.0612510892771861,0.270879473659266,0.000563664407960528,0.245964645915975,"GSE210616_GSM6433614"
"GSE210616_GSM6433614_ACGGCACTTGCTTGGG-1",0.0458149560219583,0.0130642960856996,0.0250909851758978,0.255454382893178,0.125766653244203,0.00630187693590316,0.192746052127382,0.000697271645631703,0.335063525870147,"GSE210616_GSM6433614"
"GSE210616_GSM6433614_ACGGCCAACATGGACT-1",0.0425471070432408,0.0211063380247398,0.0412971505809751,0.246496296011384,0.117274400311645,0.0148858187840645,0.213680711857075,0.000947860734755219,0.301764316652121,"GSE210616_GSM6433614"
"GSE210616_GSM6433614_ACGGCGACGATGGGAA-1",0.0544829036686171,0.0647221490351358,0.0824302417869541,0.17724661639733,0.109505962563583,0.0221285971795133,0.167625608343535,0.000681778267434956,0.321176142757897,"GSE210616_GSM6433614"
"GSE210616_GSM6433614_ACGTATTACTCCGATC-1",0.0383852041747163,0.0349788527593784,0.0587029659160265,0.263143538282249,0.0497098204997575,0.023843903060669,0.218390106495297,0.00179938393887184,0.311046224873034,"GSE210616_GSM6433614"
"GSE210616_GSM6433614_ACGTTAATGTCGAAGA-1",0.0496625204326742,0.0364762744393363,0.0508165145714146,0.152104693833303,0.101203924868418,0.0455917380170749,0.210623004324559,0.00120425192550323,0.352317077587717,"GSE210616_GSM6433614"
"GSE210616_GSM6433614_ACGTTTAGTTGTGATC-1",0.0381137022641183,0.0322616296771781,0.037244361922071,0.409861973822065,0.087920649179853,0.00727761889536185,0.244187037343376,0.0006545421304016,0.142478484765575,"GSE210616_GSM6433614"
"GSE210616_GSM6433614_ACTACGCGTTAGAATT-1",0.0401817778269431,0.148322686989846,0.0446385218764177,0.179449315463504,0.116245635115129,0.138750600903305,0.124623400316967,0.00238803817819369,0.205400023329694,"GSE210616_GSM6433614"
"GSE210616_GSM6433614_ACTATTCGTCCGTGGT-1",0.030725923590297,0.0219127232547206,0.0486539234658907,0.139459282693739,0.075831145189942,0.0270585295690933,0.431578901811822,0.00122284104514218,0.223556729379353,"GSE210616_GSM6433614"
"GSE210616_GSM6433614_ACTCAAGTGCAAGGCT-1",0.0597571947387417,0.0352950963291465,0.0391160881840079,0.221241555171583,0.0470378020184838,0.0196574401866731,0.334291878285339,0.0021662069447219,0.241436738141303,"GSE210616_GSM6433614"
"GSE210616_GSM6433614_ACTCAATAAAGGCACG-1",0.0665569750246778,0.0406514116239483,0.106191701332302,0.261829604748861,0.0787391599169413,0.0351562991069933,0.12889689733934,0.00211158273560225,0.279866368171333,"GSE210616_GSM6433614"
"GSE210616_GSM6433614_ACTCCCGAATTCGTTT-1",0.0223372422960094,0.309756970091764,0.0571702053645303,0.0818497801239566,0.0152104097761394,0.228282202420757,0.17196296133855,0.000588388417227053,0.112841840171066,"GSE210616_GSM6433614"
"GSE210616_GSM6433614_ACTCCCTAATGCTAAA-1",0.027728567038857,0.127367452401039,0.0838958107181666,0.0294135500003772,0.0228732510095514,0.255525036165387,0.154029627156607,0.000734862223931823,0.298431843286083,"GSE210616_GSM6433614"
"GSE210616_GSM6433614_ACTCCCTAGAATAGTA-1",0.0441002940451381,0.034844648221176,0.0533519850571936,0.257019205304009,0.120642534890056,0.0234388802620041,0.129230242323741,0.00107201506881477,0.336300194827867,"GSE210616_GSM6433614"
"GSE210616_GSM6433614_ACTCGTCAGTAATCCC-1",0.040539714846158,0.0225089260363313,0.0425780658771383,0.231001437471823,0.112418646016875,0.0101145508835535,0.188401941945453,0.00114309519223093,0.351293621730437,"GSE210616_GSM6433614"
"GSE210616_GSM6433614_ACTCTCTGACTTAGGT-1",0.0315407801416895,0.0846566987974515,0.0542892934673291,0.110800147667138,0.054181521383694,0.305699871493398,0.139830900700022,0.00517703121257112,0.213823755136707,"GSE210616_GSM6433614"
"GSE210616_GSM6433614_ACTGAAACGCCGTTAG-1",0.0353622586281077,0.0195097981577732,0.0427002267289521,0.239234792731228,0.0782108349128909,0.0126602103091638,0.313415374425411,0.000333053592698502,0.258573450513775,"GSE210616_GSM6433614"
"GSE210616_GSM6433614_ACTGAATGGCGAAAGT-1",0.0493590775656023,0.0275791440837432,0.0703039494802563,0.190836589702366,0.0883761455777485,0.0289568467608157,0.207183030757765,0.000901120366005988,0.336504095705697,"GSE210616_GSM6433614"
"GSE210616_GSM6433614_ACTGCCCGCCATTCTC-1",0.045590460547853,0.0197082548118128,0.0404787007038813,0.243452905697551,0.161853528729934,0.0205419794268159,0.186752189687781,0.000390813506501111,0.281231166887869,"GSE210616_GSM6433614"
"GSE210616_GSM6433614_ACTGCCGTCGTAACTC-1",0.0256847287299692,0.0203128049534043,0.0304278457760392,0.435558741757882,0.0825062404779609,0.00671013267017159,0.23077787287772,0.000418111993781741,0.167603520763071,"GSE210616_GSM6433614"
"GSE210616_GSM6433614_ACTGTACGATACACAT-1",0.0368421933149339,0.0281592467726178,0.0233645674018638,0.379290473648866,0.106928189541506,0.0260262658762451,0.180689289613776,0.000357757954691547,0.218342015875499,"GSE210616_GSM6433614"
"GSE210616_GSM6433614_ACTTACGCATCCACGC-1",0.0448731392794165,0.0389531966362956,0.0336871248234363,0.336479436531992,0.0906961943773592,0.0291895999579963,0.14028942296154,0.00157068705095233,0.284261198381012,"GSE210616_GSM6433614"
"GSE210616_GSM6433614_ACTTATACTTACCCGG-1",0.0360986026292702,0.0231527284317679,0.0413982827956428,0.333454217473745,0.0966616403284876,0.0148085669876813,0.179581109126668,0.000790547386822224,0.274054304839915,"GSE210616_GSM6433614"
"GSE210616_GSM6433614_ACTTATTTATGTGCCA-1",0.0436014144262796,0.0206413520191355,0.050592690471409,0.155669286277353,0.0616660050615524,0.0263945916630336,0.29203356598578,0.000315055218468553,0.349086038876989,"GSE210616_GSM6433614"
"GSE210616_GSM6433614_ACTTCAGGCTGATCCC-1",0.061066757438554,0.0319391639860945,0.0461466606587753,0.13981347026514,0.118112307268015,0.0339323555158677,0.286767458517533,0.00248940404693047,0.279732422303089,"GSE210616_GSM6433614"
"GSE210616_GSM6433614_ACTTCCATGCGGGACA-1",0.0225698898696162,0.0272748963526714,0.0363524359917134,0.350461343935044,0.142045787695417,0.00990139357413612,0.16517127757682,0.000797233986845437,0.245425741017736,"GSE210616_GSM6433614"
"GSE210616_GSM6433614_ACTTCGCCATACGCAC-1",0.026654410876566,0.0335300254637631,0.0776486123265336,0.300928245412543,0.116001292282441,0.0250599906178381,0.188050186765083,0.00108221952531067,0.231045016729922,"GSE210616_GSM6433614"
"GSE210616_GSM6433614_ACTTGACTCCCTCTTT-1",0.0555217020276574,0.0325299165880161,0.0500852190006025,0.090533081541257,0.111853511683524,0.0407023199391283,0.277682631261573,0.00461345266911125,0.33647816528913,"GSE210616_GSM6433614"
"GSE210616_GSM6433614_ACTTTACCCTCATGAA-1",0.0161219536277951,0.268720472641274,0.0546732715218419,0.0740338115655999,0.0427446699545558,0.20715058316233,0.157589531661063,0.00625792725950263,0.172707778606038,"GSE210616_GSM6433614"
"GSE210616_GSM6433614_AGAACGTGGTACATTC-1",0.0787957719868111,0.0689455625207907,0.0746482585227715,0.202134146753707,0.079477362565191,0.0799871192377722,0.181588081919436,0.00139858944802676,0.233025107045494,"GSE210616_GSM6433614"
"GSE210616_GSM6433614_AGAAGAGCGCCGTTCC-1",0.0425392596242961,0.0146625617030752,0.0666098218222855,0.361139955025798,0.133536321738048,0.0437479537906608,0.209306504046367,0.0146057518019052,0.113851870447563,"GSE210616_GSM6433614"
"GSE210616_GSM6433614_AGAAGGTTGTAGGTCG-1",0.0265129003307023,0.0416449417318541,0.0680190572679213,0.363809996782678,0.0755131644672279,0.0104958438123564,0.19399911950686,0.0015249132337724,0.218480062866627,"GSE210616_GSM6433614"
"GSE210616_GSM6433614_AGAAGTGATTCGTGAT-1",0.0439063974805852,0.0134476378561552,0.0335219520429442,0.331261224005752,0.149110913558204,0.013371329678129,0.187161508328004,0.00115850432725412,0.227060532722972,"GSE210616_GSM6433614"
"GSE210616_GSM6433614_AGAATTATGGATTCGA-1",0.0573708049615912,0.0483876785384589,0.0644378839952449,0.100395291896292,0.0431270556685023,0.0253617278564222,0.344186296793693,0.00186406359003661,0.314869196699758,"GSE210616_GSM6433614"
"GSE210616_GSM6433614_AGACCCACCGCTGATC-1",0.0420118703965572,0.0447772294515537,0.0607371756241154,0.235352912953366,0.125721113521858,0.0248872625677131,0.138676614025379,0.00193218639447555,0.325903635064983,"GSE210616_GSM6433614"
"GSE210616_GSM6433614_AGACGAAGTGCCGGTC-1",0.0486155030496831,0.0304857706058724,0.0407488732492123,0.243462680494888,0.129413854242165,0.0228932458807852,0.170128722268869,0.00144408164212455,0.3128072685664,"GSE210616_GSM6433614"
"GSE210616_GSM6433614_AGAGAACCGTCTAGGA-1",0.0387501766599125,0.0276993645052704,0.0637260232199373,0.210612514435393,0.0858476924962852,0.021504539918467,0.27069158366667,0.00437884630158663,0.276789258796478,"GSE210616_GSM6433614"
"GSE210616_GSM6433614_AGATACTCAAGATCGA-1",0.0621051251880556,0.0276572248615828,0.0443233303326297,0.238004598758676,0.0915509431679594,0.0195895098690757,0.169861303825364,0.00216502321290367,0.344742940783753,"GSE210616_GSM6433614"
"GSE210616_GSM6433614_AGATATAATACGACTA-1",0.038511981122353,0.0108099737644225,0.0307745852882747,0.352187009185047,0.108900001598072,0.00450053013099112,0.223665082563614,0.000299514960212744,0.230351321387013,"GSE210616_GSM6433614"
"GSE210616_GSM6433614_AGATCGTGCATAAGAT-1",0.0183574378533441,0.0207794768648037,0.0553092293017236,0.436645182797944,0.0694400640102122,0.00917435123293935,0.228769211466305,8.74831568216798e-05,0.161437563315908,"GSE210616_GSM6433614"
"GSE210616_GSM6433614_AGATCTCAGGTGTGAT-1",0.039253683714641,0.0207686245814358,0.0427925521437343,0.42972191500482,0.0941751970230559,0.015194743082091,0.153448830181081,0.000293083964781124,0.20435137030436,"GSE210616_GSM6433614"
"GSE210616_GSM6433614_AGCAAAGGCCGCTAGT-1",0.0400889486975043,0.0255276363495739,0.0486296353259288,0.414074438486089,0.0963514443381637,0.0167746522433083,0.17784161691575,0.000383290389961589,0.180328337253721,"GSE210616_GSM6433614"
"GSE210616_GSM6433614_AGCAACATATCTTATT-1",0.0453832518058218,0.0685819820538976,0.0961835257390924,0.212588429896562,0.0713470885896111,0.0552788426195283,0.130694235057332,0.00141647693954984,0.318526167298605,"GSE210616_GSM6433614"
"GSE210616_GSM6433614_AGCACTACCTCACCAG-1",0.0454554440011825,0.0281959672693588,0.0604388200683164,0.207571876470563,0.0874066909096752,0.0249547745466074,0.217871295568017,0.000420881899879966,0.3276842492664,"GSE210616_GSM6433614"
"GSE210616_GSM6433614_AGCAGAAGGAGAAAGA-1",0.0587047923306521,0.0240725122689741,0.0579115193644529,0.377075635358496,0.10588480327361,0.00822110593508502,0.204576469650615,0.000345020418846538,0.163208141399268,"GSE210616_GSM6433614"
"GSE210616_GSM6433614_AGCAGCCAGATGAATA-1",0.0346887117553196,0.0287600511895276,0.0809108466935099,0.272141071863099,0.090168790135907,0.0170553578619106,0.175903313639939,0.000699362680065138,0.299672494180722,"GSE210616_GSM6433614"
"GSE210616_GSM6433614_AGCATATCAATATGCT-1",0.0396021741902143,0.0307956311497619,0.0673930700626789,0.168538816516353,0.108789589148208,0.021741501729592,0.22888948795908,0.00302286947770942,0.331226859766403,"GSE210616_GSM6433614"
"GSE210616_GSM6433614_AGCCACAGGTTACCCG-1",0.0469310778398467,0.0417781183764671,0.0902945155009016,0.265013400489905,0.127775543537139,0.0352941152902335,0.203559082282721,0.000981056926495607,0.188373089756291,"GSE210616_GSM6433614"
"GSE210616_GSM6433614_AGCCACTCCCGTGCTT-1",0.0346104670892843,0.0243615278786077,0.04604403678729,0.423865052483752,0.125258660408339,0.00489613151169531,0.145264676632784,0.00217010122584812,0.193529345982399,"GSE210616_GSM6433614"
"GSE210616_GSM6433614_AGCCCTTCTAATCCGA-1",0.0243814664609885,0.0383319423825627,0.105501709908335,0.338483519395324,0.0770670988543681,0.00395522211165713,0.251665739499714,0.000214285107862193,0.160399016279188,"GSE210616_GSM6433614"
"GSE210616_GSM6433614_AGCGCATAATGAATCG-1",0.0339625605755568,0.0263781410776607,0.0633143035261221,0.236303054194861,0.0989715117467926,0.0145713027576245,0.19594328303782,0.00147986780935812,0.329075975274204,"GSE210616_GSM6433614"
"GSE210616_GSM6433614_AGCGCGGGTGCCAATG-1",0.0213223798609764,0.0594174671472152,0.091036325940216,0.277123087247372,0.0614560918167494,0.0243800264045781,0.206170457226841,0.000930738662069453,0.258163425693982,"GSE210616_GSM6433614"
