"","Endothelial","CAFs","PVL","B-cells","T-cells","Myeloid","Normal Epithelial","Plasmablasts","Cancer Epithelial","sid"
"Human_Breast_He_06222020_ST_BC23803_D2_23x20",0.0456024401270741,0.101339451935771,0.0431931696752696,0.139144646213254,0.0450796764627964,0.178358445596134,0.172412750326099,0.0320219232251955,0.242847496438406,"Human_Breast_He_06222020_ST_BC23803_D2"
"Human_Breast_He_06222020_ST_BC23803_D2_23x21",0.0590211444894514,0.0821136007814888,0.0498141365975757,0.10638844199366,0.0669836679704236,0.117844429497784,0.156926369927933,0.0825534438158987,0.278354764925784,"Human_Breast_He_06222020_ST_BC23803_D2"
"Human_Breast_He_06222020_ST_BC23803_D2_23x22",0.0656694078134492,0.0695641539543011,0.0740580095862556,0.137882219481174,0.0572081005902147,0.172578759308804,0.136609422820076,0.0270470448999117,0.259382881545813,"Human_Breast_He_06222020_ST_BC23803_D2"
"Human_Breast_He_06222020_ST_BC23803_D2_23x23",0.0647831577980789,0.0566866232114107,0.0487815196144637,0.289363429141555,0.0669019437500964,0.146662137616532,0.0723730216909517,0.0506415063486234,0.203806660828288,"Human_Breast_He_06222020_ST_BC23803_D2"
"Human_Breast_He_06222020_ST_BC23803_D2_23x24",0.0886794936029407,0.0626615124954977,0.081636829561352,0.0482065542498203,0.0753356409976538,0.221071412572693,0.119946072132922,0.0342362428529877,0.268226241534134,"Human_Breast_He_06222020_ST_BC23803_D2"
"Human_Breast_He_06222020_ST_BC23803_D2_23x25",0.070012960106391,0.0439734010837467,0.0275543166112732,0.12575755453275,0.0501405098397631,0.135122165660199,0.285759504413445,0.030072881119589,0.231606706632843,"Human_Breast_He_06222020_ST_BC23803_D2"
"Human_Breast_He_06222020_ST_BC23803_D2_23x26",0.0872692097622062,0.118598960967338,0.0678823106222885,0.0729442637403552,0.07539108202446,0.160309123374973,0.167300680041831,0.0631885520751479,0.187115817391399,"Human_Breast_He_06222020_ST_BC23803_D2"
"Human_Breast_He_06222020_ST_BC23803_D2_23x27",0.0668463159059176,0.0907482097884069,0.055585605097584,0.139106190713488,0.0850662669697683,0.157332664680944,0.155195426563852,0.0307297006691668,0.219389619610872,"Human_Breast_He_06222020_ST_BC23803_D2"
"Human_Breast_He_06222020_ST_BC23803_D2_23x28",0.0652292681980117,0.126760734681801,0.090130514127248,0.02872755258936,0.0358036159941168,0.10809310676397,0.306165961080887,0.0152583513890826,0.223830895175523,"Human_Breast_He_06222020_ST_BC23803_D2"
"Human_Breast_He_06222020_ST_BC23803_D2_23x29",0.0647920136222145,0.181085984699208,0.0311746079877067,0.214963092745965,0.108217550655426,0.069591165562579,0.111363271573473,0.0489609687228975,0.169851344430529,"Human_Breast_He_06222020_ST_BC23803_D2"
"Human_Breast_He_06222020_ST_BC23803_D2_16x16",0.0805621103359466,0.131294173751608,0.0782461709203588,0.0954709288150647,0.0696712049904269,0.218168695131781,0.0919279907511513,0.0529450429643717,0.181713682339291,"Human_Breast_He_06222020_ST_BC23803_D2"
"Human_Breast_He_06222020_ST_BC23803_D2_7x32",0.0440439107238205,0.0452783326425695,0.0415072186900124,0.304930906152086,0.0467499732936244,0.240167135019893,0.114642315942853,0.0456246146812301,0.117055592853912,"Human_Breast_He_06222020_ST_BC23803_D2"
"Human_Breast_He_06222020_ST_BC23803_D2_8x25",0.0384270575298388,0.0614595364110035,0.0803306288938137,0.359424647574928,0.0291173470028743,0.191222823320671,0.104490418499914,0.0234663261229018,0.112061214644055,"Human_Breast_He_06222020_ST_BC23803_D2"
"Human_Breast_He_06222020_ST_BC23803_D2_20x20",0.0570352275913681,0.0825360005405043,0.0440767686152027,0.103349450778217,0.0456167464728367,0.229168060944431,0.204828583373735,0.0529771457307999,0.180412015952906,"Human_Breast_He_06222020_ST_BC23803_D2"
"Human_Breast_He_06222020_ST_BC23803_D2_20x23",0.0721616170420672,0.105805188444621,0.0484145285261527,0.065617146072959,0.0368363811720581,0.244685327990997,0.139563465394417,0.0476800473054019,0.239236298051327,"Human_Breast_He_06222020_ST_BC23803_D2"
"Human_Breast_He_06222020_ST_BC23803_D2_18x28",0.0686715981485358,0.146401177759698,0.0365115906235612,0.0445117323229408,0.0509343361074871,0.225603841673142,0.169975132269137,0.0359246578519316,0.221465933243567,"Human_Breast_He_06222020_ST_BC23803_D2"
"Human_Breast_He_06222020_ST_BC23803_D2_18x29",0.0573591960491862,0.129440770751136,0.0774228446417706,0.0390310952889917,0.0300120790154054,0.357396075193516,0.0660190651246545,0.0412703676122904,0.202048506323049,"Human_Breast_He_06222020_ST_BC23803_D2"
"Human_Breast_He_06222020_ST_BC23803_D2_18x26",0.0272505925679212,0.144266193922394,0.0305938658483719,0.0919313160143047,0.0747216920561026,0.210483037193831,0.218923787508493,0.0195641107986031,0.182265404089978,"Human_Breast_He_06222020_ST_BC23803_D2"
"Human_Breast_He_06222020_ST_BC23803_D2_25x17",0.0601471435765771,0.160316986895664,0.117697285066128,0.0454614092988172,0.0344168739226643,0.193291964231928,0.0858613552838834,0.169969622978438,0.1328373587459,"Human_Breast_He_06222020_ST_BC23803_D2"
"Human_Breast_He_06222020_ST_BC23803_D2_18x24",0.0936285629124732,0.133438732988845,0.0947915319064143,0.0220028848104285,0.0241821021625809,0.237612864592033,0.221487340541313,0.0110129775036016,0.16184300258231,"Human_Breast_He_06222020_ST_BC23803_D2"
"Human_Breast_He_06222020_ST_BC23803_D2_18x25",0.05595292731618,0.119743744891839,0.0234507552574881,0.104398208232633,0.0575967639278107,0.250148483023923,0.147667710760941,0.0333177301186994,0.207723676470486,"Human_Breast_He_06222020_ST_BC23803_D2"
"Human_Breast_He_06222020_ST_BC23803_D2_18x22",0.0703822089614151,0.145918913277248,0.0914900733998841,0.0393629959354655,0.0475913550640044,0.260258061892975,0.130503068035416,0.0334854855088386,0.181007837924754,"Human_Breast_He_06222020_ST_BC23803_D2"
"Human_Breast_He_06222020_ST_BC23803_D2_18x23",0.0851976975254039,0.123195848396802,0.0843716292565103,0.0291077259918388,0.026933598365649,0.289049818805676,0.141982052592185,0.0778327393386851,0.142328889727249,"Human_Breast_He_06222020_ST_BC23803_D2"
"Human_Breast_He_06222020_ST_BC23803_D2_18x20",0.0771584478909938,0.0937836676729954,0.108022542133163,0.0677254016704679,0.0318418520711747,0.234853583795166,0.0843991061232416,0.0239130851051863,0.278302313537611,"Human_Breast_He_06222020_ST_BC23803_D2"
"Human_Breast_He_06222020_ST_BC23803_D2_18x21",0.0911034170676542,0.0576414243699604,0.0784752776179692,0.157810294947707,0.0564403913628989,0.200390247227423,0.115851292749165,0.0532297823602318,0.18905787229699,"Human_Breast_He_06222020_ST_BC23803_D2"
"Human_Breast_He_06222020_ST_BC23803_D2_20x27",0.0808644956360673,0.09775373280702,0.0375392968948598,0.0587046961452982,0.0488686812477578,0.242539886679871,0.190928992087657,0.0216635768330921,0.221136641668377,"Human_Breast_He_06222020_ST_BC23803_D2"
"Human_Breast_He_06222020_ST_BC23803_D2_24x21",0.0468015280979713,0.102863531992708,0.0461713128178245,0.18875628704829,0.0384827863182036,0.148485273974626,0.191266770238834,0.0160912876736666,0.221081221837876,"Human_Breast_He_06222020_ST_BC23803_D2"
"Human_Breast_He_06222020_ST_BC23803_D2_25x18",0.0762098355031587,0.0999469710084893,0.0614049925786431,0.105203672246664,0.026318228119012,0.179325308306577,0.217752867276725,0.030904324240784,0.202933800719947,"Human_Breast_He_06222020_ST_BC23803_D2"
"Human_Breast_He_06222020_ST_BC23803_D2_8x23",0.0784657111561259,0.122282599299708,0.0879544313877674,0.0609172253519146,0.0311002232295773,0.258312858779052,0.19160767385678,0.0267053988222774,0.142653878116796,"Human_Breast_He_06222020_ST_BC23803_D2"
"Human_Breast_He_06222020_ST_BC23803_D2_8x20",0.0439408430216798,0.0690276970992457,0.096266884372749,0.230252881069133,0.0361922022660781,0.226558854084254,0.115535489645703,0.068377961669057,0.1138471867721,"Human_Breast_He_06222020_ST_BC23803_D2"
"Human_Breast_He_06222020_ST_BC23803_D2_8x21",0.0438701541944392,0.102393616602782,0.0428729355257794,0.0711001339062805,0.0392011321749981,0.30165817128957,0.143472082067493,0.0399392863459795,0.215492487892679,"Human_Breast_He_06222020_ST_BC23803_D2"
"Human_Breast_He_06222020_ST_BC23803_D2_20x32",0.0635308122073561,0.080336505180159,0.0626008321155663,0.0686990881669139,0.0684037853074952,0.156124863354073,0.121896795059821,0.109505482772179,0.268901835836436,"Human_Breast_He_06222020_ST_BC23803_D2"
"Human_Breast_He_06222020_ST_BC23803_D2_20x30",0.0753382538952666,0.0894452053858764,0.0633658033041125,0.116681344802602,0.0364813936308912,0.195706811820784,0.121868590060671,0.143197614471544,0.157914982628252,"Human_Breast_He_06222020_ST_BC23803_D2"
"Human_Breast_He_06222020_ST_BC23803_D2_29x18",0.0584736291906853,0.0976750886884646,0.0558403130084734,0.0746211982031066,0.0760489581468043,0.242773384099861,0.160960619585438,0.0553144679761618,0.178292341101004,"Human_Breast_He_06222020_ST_BC23803_D2"
"Human_Breast_He_06222020_ST_BC23803_D2_26x17",0.06589182498228,0.0898769175193359,0.119229523914094,0.0446448322644773,0.0345818725490458,0.261182094871765,0.0735854759361516,0.062652617665169,0.248354840297682,"Human_Breast_He_06222020_ST_BC23803_D2"
"Human_Breast_He_06222020_ST_BC23803_D2_18x27",0.0316955782652813,0.202253416934773,0.0692414779977766,0.00695994874615174,0.0142811479884123,0.281389584806172,0.153582300011977,0.00875940928153537,0.231837135967921,"Human_Breast_He_06222020_ST_BC23803_D2"
"Human_Breast_He_06222020_ST_BC23803_D2_23x19",0.052317613422866,0.0908845641665159,0.0697534012776201,0.179138092522005,0.0703240975967386,0.151028827815854,0.133706356898185,0.0692176699247532,0.183629376375462,"Human_Breast_He_06222020_ST_BC23803_D2"
"Human_Breast_He_06222020_ST_BC23803_D2_23x18",0.0699231630922718,0.0963747292779581,0.0729584009235695,0.0995616371075154,0.0500517713164717,0.200461579527126,0.179067395079718,0.0346385557733046,0.196962767902065,"Human_Breast_He_06222020_ST_BC23803_D2"
"Human_Breast_He_06222020_ST_BC23803_D2_23x17",0.0839106490176482,0.0809194890305195,0.0920931972183312,0.0287920200850675,0.0470037055300663,0.246357715153955,0.121470645521335,0.0432209822058818,0.256231596237196,"Human_Breast_He_06222020_ST_BC23803_D2"
"Human_Breast_He_06222020_ST_BC23803_D2_23x16",0.0681668078315006,0.142640291973421,0.0695659181767531,0.0662974251890095,0.0556238707325086,0.284244462252873,0.100985158811587,0.0307340833615757,0.181741981670772,"Human_Breast_He_06222020_ST_BC23803_D2"
"Human_Breast_He_06222020_ST_BC23803_D2_8x22",0.0732415713789049,0.0996617805805786,0.113462579602219,0.044987467288004,0.0168094658395644,0.252129648772185,0.127382453951053,0.069156666647902,0.20316836593959,"Human_Breast_He_06222020_ST_BC23803_D2"
"Human_Breast_He_06222020_ST_BC23803_D2_11x17",0.0841624595196408,0.133178602471349,0.0804761599587711,0.0182451834960981,0.0243586385096949,0.23098762407684,0.145195364959179,0.0558616858868162,0.22753428112161,"Human_Breast_He_06222020_ST_BC23803_D2"
"Human_Breast_He_06222020_ST_BC23803_D2_8x26",0.0276963509591239,0.0974173831358384,0.079097797399519,0.19001619127909,0.0384401069071208,0.261803745997843,0.135665856259528,0.0616474563007826,0.108215111761154,"Human_Breast_He_06222020_ST_BC23803_D2"
"Human_Breast_He_06222020_ST_BC23803_D2_8x27",0.0289583804337504,0.0284947637514378,0.0552460698200072,0.336755998956333,0.0287105559118083,0.232784323029734,0.112848085813403,0.0801450322554442,0.0960567900280829,"Human_Breast_He_06222020_ST_BC23803_D2"
"Human_Breast_He_06222020_ST_BC23803_D2_8x24",0.0502857886314757,0.0867565950753863,0.0624906410217188,0.175688959743383,0.066011593728177,0.268205826172747,0.0770235643211311,0.0378899892741308,0.17564704203185,"Human_Breast_He_06222020_ST_BC23803_D2"
"Human_Breast_He_06222020_ST_BC23803_D2_8x28",0.0186880747903419,0.0753617382466754,0.0723497328851219,0.216173447126931,0.0241450262599204,0.258444978668496,0.16415853458608,0.0484964578216236,0.122182009614809,"Human_Breast_He_06222020_ST_BC23803_D2"
"Human_Breast_He_06222020_ST_BC23803_D2_8x29",0.041993283225116,0.0995276297581236,0.0707295423735276,0.195577818457696,0.0389645684088411,0.21213238176193,0.194054446900525,0.0404874621322433,0.106532866981998,"Human_Breast_He_06222020_ST_BC23803_D2"
"Human_Breast_He_06222020_ST_BC23803_D2_11x18",0.0313483221998659,0.0804583562017604,0.0631946653546227,0.119061800599613,0.0430124418997836,0.309939939926264,0.145472922787157,0.0336241675331649,0.173887383497768,"Human_Breast_He_06222020_ST_BC23803_D2"
"Human_Breast_He_06222020_ST_BC23803_D2_11x19",0.0470741437731545,0.0499392350779174,0.0448816506713766,0.18357395685708,0.0456471566785232,0.269250232879911,0.146048112274331,0.0464657212622462,0.16711979052546,"Human_Breast_He_06222020_ST_BC23803_D2"
"Human_Breast_He_06222020_ST_BC23803_D2_17x18",0.108288187780732,0.125358586696226,0.0858284549136043,0.00935375138938141,0.0141959551055523,0.311384930048993,0.110249457884457,0.0198316008889344,0.215509075292121,"Human_Breast_He_06222020_ST_BC23803_D2"
"Human_Breast_He_06222020_ST_BC23803_D2_26x19",0.0470846549852468,0.109777357680016,0.0939334527163695,0.134922588724468,0.0479392436090904,0.154804117318816,0.204825103504593,0.0259821834821029,0.180731297979297,"Human_Breast_He_06222020_ST_BC23803_D2"
"Human_Breast_He_06222020_ST_BC23803_D2_17x16",0.0768526856111201,0.0944505446385628,0.0878639025764508,0.0405048840270595,0.0582955843377406,0.25236558551014,0.149282539941144,0.036299600025194,0.204084673332587,"Human_Breast_He_06222020_ST_BC23803_D2"
"Human_Breast_He_06222020_ST_BC23803_D2_17x17",0.0848234718609422,0.0960051087232872,0.0815020755682862,0.0720208070230838,0.047656360999934,0.241967716197146,0.110994441778194,0.0582710901894797,0.206758927659647,"Human_Breast_He_06222020_ST_BC23803_D2"
"Human_Breast_He_06222020_ST_BC23803_D2_26x18",0.0499862905084266,0.143701367211692,0.0565063891618037,0.104197201793756,0.0828702912695647,0.182286060712994,0.11235447571463,0.0352787627374668,0.232819160889666,"Human_Breast_He_06222020_ST_BC23803_D2"
"Human_Breast_He_06222020_ST_BC23803_D2_26x16",0.0547027239726406,0.0755259279504586,0.0600512755290082,0.0460350910567595,0.0227888882632776,0.326523170353729,0.128742842750343,0.0453313918308896,0.240298688292894,"Human_Breast_He_06222020_ST_BC23803_D2"
"Human_Breast_He_06222020_ST_BC23803_D2_13x30",0.0544155245679434,0.109792628883229,0.0629628099471167,0.122363035432052,0.100464264747891,0.222482405965274,0.0892471482088968,0.0475814907771412,0.190690691470456,"Human_Breast_He_06222020_ST_BC23803_D2"
"Human_Breast_He_06222020_ST_BC23803_D2_26x15",0.058009371943803,0.0572508133549128,0.0440754036647121,0.127045666046317,0.050765904701045,0.19061184919742,0.181662256092214,0.0563116526766278,0.234267082322948,"Human_Breast_He_06222020_ST_BC23803_D2"
"Human_Breast_He_06222020_ST_BC23803_D2_10x26",0.0382381449287848,0.189947274495811,0.0683915498300735,0.0463487257242384,0.0249436835001058,0.307055770128409,0.14690652614942,0.0335742376803747,0.144594087562784,"Human_Breast_He_06222020_ST_BC23803_D2"
"Human_Breast_He_06222020_ST_BC23803_D2_10x27",0.0622578366035199,0.139280016415408,0.0865613785522905,0.022490208123676,0.036903124380115,0.3022597101502,0.103807178490217,0.0526762227880775,0.193764324496497,"Human_Breast_He_06222020_ST_BC23803_D2"
"Human_Breast_He_06222020_ST_BC23803_D2_10x24",0.0661415467973967,0.0978038360713754,0.0702029716381708,0.0560687315928828,0.0430078676523707,0.356059449073596,0.0760097860301924,0.0765268204596942,0.158178990684321,"Human_Breast_He_06222020_ST_BC23803_D2"
"Human_Breast_He_06222020_ST_BC23803_D2_10x25",0.0288096107430136,0.060065313426248,0.0688720493310742,0.193685905094077,0.0434361299672046,0.288841726472631,0.0472336882969025,0.0730534559950306,0.196002120673818,"Human_Breast_He_06222020_ST_BC23803_D2"
"Human_Breast_He_06222020_ST_BC23803_D2_10x22",0.0633282740442943,0.122159739241986,0.105299044270257,0.0891773299123357,0.0345514796201433,0.29679399015675,0.0888102407937563,0.0183709009260541,0.181509001034423,"Human_Breast_He_06222020_ST_BC23803_D2"
"Human_Breast_He_06222020_ST_BC23803_D2_10x23",0.0496103648458485,0.118586928579039,0.0934110124561421,0.0775594663230803,0.0255443079754266,0.298419664066145,0.126094503029529,0.0311485242165424,0.179625228508247,"Human_Breast_He_06222020_ST_BC23803_D2"
"Human_Breast_He_06222020_ST_BC23803_D2_10x20",0.0418146061675688,0.0743558678338811,0.0420646974359704,0.331151848107113,0.0363603816472706,0.201542713634241,0.0517548424903451,0.0462566860064664,0.174698356677143,"Human_Breast_He_06222020_ST_BC23803_D2"
"Human_Breast_He_06222020_ST_BC23803_D2_10x21",0.0421800791978574,0.0737778565286443,0.07117146918615,0.152882199126238,0.0702729507699884,0.268443046204181,0.110806166386815,0.0303537798171747,0.180112452782952,"Human_Breast_He_06222020_ST_BC23803_D2"
"Human_Breast_He_06222020_ST_BC23803_D2_10x28",0.0542459162856946,0.127582671894576,0.11487944731218,0.0703181115506209,0.0258434408743136,0.293689283441562,0.154562577341099,0.0274518941032768,0.131426657196677,"Human_Breast_He_06222020_ST_BC23803_D2"
"Human_Breast_He_06222020_ST_BC23803_D2_10x29",0.059597862587168,0.191866962648081,0.0762130930835793,0.045686852522164,0.0114857575989929,0.31626192117072,0.12427028303495,0.0332696194128975,0.141347647941448,"Human_Breast_He_06222020_ST_BC23803_D2"
"Human_Breast_He_06222020_ST_BC23803_D2_7x17",0.0366594287953493,0.115764399492743,0.0750616976444348,0.0576268811199973,0.0227080962758639,0.370967465752326,0.150009965201695,0.0642990691910912,0.106902996526499,"Human_Breast_He_06222020_ST_BC23803_D2"
"Human_Breast_He_06222020_ST_BC23803_D2_7x18",0.0535194611177864,0.12053546545236,0.0591399018509034,0.124778540271809,0.0307446722061857,0.331374269598069,0.088394333478157,0.0577234721001341,0.133789883924595,"Human_Breast_He_06222020_ST_BC23803_D2"
"Human_Breast_He_06222020_ST_BC23803_D2_7x19",0.0402261053836714,0.0976735938479887,0.0452567186125067,0.088143753711562,0.030625519535756,0.290869006445213,0.151648258073694,0.0639665654733348,0.191590478916273,"Human_Breast_He_06222020_ST_BC23803_D2"
"Human_Breast_He_06222020_ST_BC23803_D2_19x32",0.063841395895402,0.122883243883165,0.0347131730470695,0.0926366794876285,0.0898506119827732,0.153970733818602,0.145313438165494,0.0777605189759083,0.219030204743957,"Human_Breast_He_06222020_ST_BC23803_D2"
"Human_Breast_He_06222020_ST_BC23803_D2_19x30",0.0560469041999458,0.121772982983675,0.0465784105726432,0.0873335260731523,0.0710712069064962,0.210565750077989,0.15528247438907,0.0282008718295836,0.223147872967445,"Human_Breast_He_06222020_ST_BC23803_D2"
"Human_Breast_He_06222020_ST_BC23803_D2_19x31",0.0825747344230413,0.0870899833388631,0.106231565465772,0.173783374814283,0.0557412672508461,0.164952704567878,0.116130005888046,0.0233358529909352,0.190160511260335,"Human_Breast_He_06222020_ST_BC23803_D2"
"Human_Breast_He_06222020_ST_BC23803_D2_24x29",0.10437389315803,0.114859730403786,0.0476556623140524,0.0779551760090827,0.029022897611658,0.19606458204765,0.139885001762431,0.027537882776441,0.262645173916869,"Human_Breast_He_06222020_ST_BC23803_D2"
"Human_Breast_He_06222020_ST_BC23803_D2_21x17",0.15847366151479,0.105420490179943,0.0631527514858281,0.0242186233742398,0.0354443506212712,0.23330379909306,0.219101624385625,0.0150319669546852,0.145852732390559,"Human_Breast_He_06222020_ST_BC23803_D2"
"Human_Breast_He_06222020_ST_BC23803_D2_21x16",0.0610818738293496,0.0987927728518008,0.0856485607552711,0.0874530965745299,0.0582007961074422,0.209998372162303,0.204450750734324,0.0416521880347129,0.152721588950267,"Human_Breast_He_06222020_ST_BC23803_D2"
"Human_Breast_He_06222020_ST_BC23803_D2_21x15",0.0475779535902244,0.0597945716889519,0.0498397735737089,0.15682740977555,0.0570667611577254,0.25355596418266,0.0982917365595699,0.0514781596826021,0.225567669789007,"Human_Breast_He_06222020_ST_BC23803_D2"
"Human_Breast_He_06222020_ST_BC23803_D2_21x19",0.0455240892738561,0.0986646498284423,0.0711451936983834,0.112754471264149,0.0565141693958309,0.17204390730868,0.172559552145933,0.054520849382035,0.21627311770269,"Human_Breast_He_06222020_ST_BC23803_D2"
"Human_Breast_He_06222020_ST_BC23803_D2_21x18",0.126011348487164,0.0700194074702,0.0788027683570197,0.0981651418073307,0.0695657322543282,0.163668503501287,0.136658721585951,0.0678993160879051,0.189209060448814,"Human_Breast_He_06222020_ST_BC23803_D2"
"Human_Breast_He_06222020_ST_BC23803_D2_9x25",0.033647443774418,0.0481402403063533,0.0441122757879663,0.220090353772655,0.0525528751550972,0.251279638924304,0.130662045952049,0.0767997788614222,0.142715347465735,"Human_Breast_He_06222020_ST_BC23803_D2"
"Human_Breast_He_06222020_ST_BC23803_D2_9x24",0.0414599451083763,0.0749213102648496,0.0806100337105692,0.190954835602387,0.0611191302699813,0.223881215501545,0.121305319883912,0.0703564527739312,0.135391756884448,"Human_Breast_He_06222020_ST_BC23803_D2"
"Human_Breast_He_06222020_ST_BC23803_D2_13x29",0.0442463363610308,0.110136304127913,0.0482808603594314,0.0833404508832808,0.056536335878558,0.315232784405452,0.145073439027639,0.0427356227769591,0.154417866179736,"Human_Breast_He_06222020_ST_BC23803_D2"
"Human_Breast_He_06222020_ST_BC23803_D2_13x28",0.0371651009923599,0.161864325125833,0.0616510243713009,0.0406062517457691,0.0324497211637248,0.303701632552205,0.166235976470677,0.0466224984137974,0.149703469164332,"Human_Breast_He_06222020_ST_BC23803_D2"
"Human_Breast_He_06222020_ST_BC23803_D2_9x21",0.0490192706252852,0.0857205306289308,0.0678808538684363,0.21914006317177,0.0357514159217185,0.220786783365347,0.106405589359729,0.0803475309762392,0.134947962082545,"Human_Breast_He_06222020_ST_BC23803_D2"
"Human_Breast_He_06222020_ST_BC23803_D2_9x20",0.0508026704175547,0.0714770474189502,0.0546621489847567,0.136213909584249,0.0616458998743759,0.261680592636267,0.134810335500297,0.0649076629584389,0.163799732625111,"Human_Breast_He_06222020_ST_BC23803_D2"
"Human_Breast_He_06222020_ST_BC23803_D2_9x23",0.0783841667769556,0.116210153904695,0.122425491373054,0.0855041801915315,0.0286948557077339,0.215816011715591,0.170194791581718,0.0701819204438814,0.11258842830484,"Human_Breast_He_06222020_ST_BC23803_D2"
"Human_Breast_He_06222020_ST_BC23803_D2_9x22",0.0595194098436524,0.0772255039535536,0.0748484164082934,0.130296440229725,0.0288191123989299,0.338514369171125,0.129731766540555,0.0226947363661636,0.138350245088003,"Human_Breast_He_06222020_ST_BC23803_D2"
"Human_Breast_He_06222020_ST_BC23803_D2_13x23",0.0428984553426989,0.1132125647938,0.0943387570803696,0.184818467268637,0.0343133836240807,0.207556202340779,0.151990629630242,0.0165483070110873,0.154323232908306,"Human_Breast_He_06222020_ST_BC23803_D2"
"Human_Breast_He_06222020_ST_BC23803_D2_12x25",0.0342181001867758,0.104406775233313,0.07095114548503,0.148144311618151,0.0189764539880142,0.318936782278467,0.0614917285823419,0.0560727966064962,0.186801906021411,"Human_Breast_He_06222020_ST_BC23803_D2"
"Human_Breast_He_06222020_ST_BC23803_D2_12x26",0.0354210896130092,0.0916766059059903,0.0429676575350422,0.125360232048299,0.0324726564224475,0.391165702289996,0.0541354389191852,0.0688214664510715,0.157979150814959,"Human_Breast_He_06222020_ST_BC23803_D2"
"Human_Breast_He_06222020_ST_BC23803_D2_12x27",0.0548243071973365,0.132793904461051,0.0919686573243496,0.0357837630228969,0.0298317160065246,0.418000927367768,0.0668198939563917,0.0338527623923838,0.136124068271298,"Human_Breast_He_06222020_ST_BC23803_D2"
"Human_Breast_He_06222020_ST_BC23803_D2_9x29",0.0520870535197858,0.0970563890308088,0.0807742724127382,0.174296670471502,0.0378439735237883,0.240341418671216,0.120544908000754,0.0406165946538714,0.156438719715536,"Human_Breast_He_06222020_ST_BC23803_D2"
"Human_Breast_He_06222020_ST_BC23803_D2_12x21",0.0419765538196444,0.165646651646234,0.0609015078285686,0.0286090440398146,0.0440142249832422,0.157968813372552,0.113830132356833,0.0276262197281252,0.359426852224987,"Human_Breast_He_06222020_ST_BC23803_D2"
"Human_Breast_He_06222020_ST_BC23803_D2_13x25",0.0679102206442495,0.136819875772735,0.0848877464414659,0.05321419501269,0.0310026014251359,0.287195967712958,0.136060583771722,0.0416488161909662,0.161259993028077,"Human_Breast_He_06222020_ST_BC23803_D2"
"Human_Breast_He_06222020_ST_BC23803_D2_12x23",0.0509587454950437,0.153125085907879,0.106765723160416,0.0993358974611008,0.0657420124911765,0.146957579133925,0.148384627413731,0.0617125107884299,0.167017818148298,"Human_Breast_He_06222020_ST_BC23803_D2"
"Human_Breast_He_06222020_ST_BC23803_D2_13x21",0.107128544848932,0.0995694991932841,0.0953276226877111,0.0537570799186861,0.0846095690013837,0.144471648964585,0.150743567338271,0.0112575743477208,0.253134893699426,"Human_Breast_He_06222020_ST_BC23803_D2"
"Human_Breast_He_06222020_ST_BC23803_D2_14x25",0.151601712158222,0.16532706470287,0.087532092248831,0.00555879570526222,0.0106931453841647,0.245876377940547,0.0700270587469476,0.00725170038897158,0.256132052724183,"Human_Breast_He_06222020_ST_BC23803_D2"
"Human_Breast_He_06222020_ST_BC23803_D2_25x31",0.0375096830232772,0.20864790948492,0.0128260252021956,0.0305795460982123,0.0261538379925717,0.108069637384825,0.373970911658655,0.05614564311166,0.146096806043683,"Human_Breast_He_06222020_ST_BC23803_D2"
"Human_Breast_He_06222020_ST_BC23803_D2_25x30",0.0358995488103755,0.125644631829362,0.0534797423537878,0.144373806261186,0.0625003727213963,0.195800264150272,0.112285292415312,0.0314059709791055,0.238610370479203,"Human_Breast_He_06222020_ST_BC23803_D2"
"Human_Breast_He_06222020_ST_BC23803_D2_25x32",0.0587517064350247,0.0985852281097029,0.0829668234494551,0.172743819413732,0.101167879381849,0.116439650921098,0.160642168680186,0.0238868373854341,0.184815886223518,"Human_Breast_He_06222020_ST_BC23803_D2"
"Human_Breast_He_06222020_ST_BC23803_D2_11x29",0.0437852510868189,0.188416863808894,0.0735721531464819,0.00621661539666239,0.00975241355033107,0.312907928611337,0.125778517582542,0.0619370161458795,0.177633240671053,"Human_Breast_He_06222020_ST_BC23803_D2"
"Human_Breast_He_06222020_ST_BC23803_D2_11x28",0.0452164652036631,0.155828813469267,0.0614906957817118,0.0891224315781577,0.0137726021443642,0.379549221905455,0.0906398969120698,0.0422695836686454,0.122110289336666,"Human_Breast_He_06222020_ST_BC23803_D2"
"Human_Breast_He_06222020_ST_BC23803_D2_11x25",0.0497897684187265,0.0709398140619983,0.0514176499099522,0.208599609736942,0.0353983121838914,0.274696447692935,0.136030046120995,0.0462044581196669,0.126923893754892,"Human_Breast_He_06222020_ST_BC23803_D2"
"Human_Breast_He_06222020_ST_BC23803_D2_11x24",0.0339173017738644,0.141987827535014,0.0696537306081757,0.0395010382480785,0.036342218471696,0.279690780267698,0.158730074646993,0.0333674848038419,0.206809543644639,"Human_Breast_He_06222020_ST_BC23803_D2"
"Human_Breast_He_06222020_ST_BC23803_D2_11x27",0.0554863397182903,0.0824097190426557,0.0891472199012235,0.186761983160229,0.0597689956943806,0.227375955685737,0.114595753476974,0.0650166170793814,0.119437416241128,"Human_Breast_He_06222020_ST_BC23803_D2"
"Human_Breast_He_06222020_ST_BC23803_D2_14x32",0.0347377457358405,0.0849486962609483,0.0698388659189881,0.112513723252997,0.0667194633511821,0.266067408220008,0.138393371531396,0.0341850832599348,0.192595642468705,"Human_Breast_He_06222020_ST_BC23803_D2"
"Human_Breast_He_06222020_ST_BC23803_D2_11x21",0.0326593915978361,0.0989560026745291,0.0782298687127883,0.119460871541105,0.0412332281355956,0.292387673538183,0.102344233538804,0.0445500369449744,0.190178693316185,"Human_Breast_He_06222020_ST_BC23803_D2"
"Human_Breast_He_06222020_ST_BC23803_D2_11x20",0.0478446636924577,0.0708345107017789,0.0646767459279781,0.217013455821734,0.0536047636837659,0.226003734174125,0.113965542259181,0.0410405338342764,0.165016049904702,"Human_Breast_He_06222020_ST_BC23803_D2"
"Human_Breast_He_06222020_ST_BC23803_D2_11x23",0.0577767061259263,0.173234920253433,0.0729116195732738,0.019509385323161,0.0275613105872541,0.24834027539357,0.188594936620918,0.0103149868982164,0.201755859224248,"Human_Breast_He_06222020_ST_BC23803_D2"
"Human_Breast_He_06222020_ST_BC23803_D2_11x22",0.0299321612861236,0.102394595156749,0.0450939722730679,0.0761273637278691,0.0378549268825504,0.3054764498887,0.143673145408995,0.0930695100021771,0.166377875373767,"Human_Breast_He_06222020_ST_BC23803_D2"
"Human_Breast_He_06222020_ST_BC23803_D2_13x27",0.0572396589301938,0.127898258609074,0.044927338825165,0.0887438470811461,0.0392121429525887,0.263858881503528,0.141985281765752,0.0210639476106389,0.215070642721913,"Human_Breast_He_06222020_ST_BC23803_D2"
"Human_Breast_He_06222020_ST_BC23803_D2_18x19",0.0819381374554412,0.0881811984398022,0.0789435133504465,0.0833547288397023,0.0302329754851177,0.270387697653135,0.140060407799842,0.0478454051757309,0.179055935800782,"Human_Breast_He_06222020_ST_BC23803_D2"
"Human_Breast_He_06222020_ST_BC23803_D2_14x20",0.0587543006026834,0.161765691050986,0.0907283817398821,0.0281128735529022,0.0331483031179157,0.181796303008704,0.160692124448667,0.072146498683072,0.212855523795188,"Human_Breast_He_06222020_ST_BC23803_D2"
"Human_Breast_He_06222020_ST_BC23803_D2_18x17",0.0919132556112059,0.0655158712355154,0.0620824150415677,0.122085596957998,0.0380467337913951,0.210254666456631,0.157175337247717,0.0609895722950893,0.191936551362881,"Human_Breast_He_06222020_ST_BC23803_D2"
"Human_Breast_He_06222020_ST_BC23803_D2_27x32",0.0547586550661089,0.131862473615494,0.0792299734582397,0.0621763338262758,0.0377357180406878,0.142902768999416,0.259691529351366,0.0272080088694034,0.204434538773008,"Human_Breast_He_06222020_ST_BC23803_D2"
"Human_Breast_He_06222020_ST_BC23803_D2_27x31",0.0956256110734322,0.0583493714986017,0.104879781214133,0.12204243733981,0.0794782985444313,0.145200553492588,0.0797675235514691,0.0667699062088916,0.247886517076643,"Human_Breast_He_06222020_ST_BC23803_D2"
"Human_Breast_He_06222020_ST_BC23803_D2_27x30",0.0587905660083992,0.128415077481028,0.0609852185739294,0.0591244747017257,0.0146040369520469,0.233718969088016,0.167995719038535,0.0860711588193523,0.190294779336968,"Human_Breast_He_06222020_ST_BC23803_D2"
"Human_Breast_He_06222020_ST_BC23803_D2_25x27",0.106981604493619,0.0917269439116762,0.0892716528152873,0.0289183297743003,0.0149983020197158,0.257366804201549,0.122343092486925,0.0296997771788771,0.25869349311805,"Human_Breast_He_06222020_ST_BC23803_D2"
"Human_Breast_He_06222020_ST_BC23803_D2_17x25",0.0574277972913238,0.117481246501629,0.0558196966180213,0.0701140720317251,0.0273105518450572,0.314739909305813,0.146239520507309,0.0312442820255296,0.179622923873591,"Human_Breast_He_06222020_ST_BC23803_D2"
"Human_Breast_He_06222020_ST_BC23803_D2_13x24",0.0501557960760893,0.16253004696212,0.116406969286151,0.0390255932242628,0.0243666533704453,0.306313778946368,0.106557404644904,0.0346002896482748,0.160043467841384,"Human_Breast_He_06222020_ST_BC23803_D2"
"Human_Breast_He_06222020_ST_BC23803_D2_20x24",0.0560337402218704,0.110469955831345,0.0309686475929502,0.0808026831581296,0.0760119640406006,0.185259352692633,0.174846059896712,0.0563130982497058,0.229294498316053,"Human_Breast_He_06222020_ST_BC23803_D2"
"Human_Breast_He_06222020_ST_BC23803_D2_29x31",0.0593673637052016,0.0691467571921696,0.099969656851193,0.0612488274259524,0.0824202991742139,0.07623673469158,0.314201134618164,0.00580808945930062,0.231601136882225,"Human_Breast_He_06222020_ST_BC23803_D2"
"Human_Breast_He_06222020_ST_BC23803_D2_29x30",0.0435054051952547,0.0821246301917731,0.0429379055404118,0.13496563891125,0.0559068435632575,0.140878264994918,0.262596664438928,0.0232907811913123,0.213793865972895,"Human_Breast_He_06222020_ST_BC23803_D2"
"Human_Breast_He_06222020_ST_BC23803_D2_29x32",0.0517715338439908,0.0497765407561864,0.0661466316048627,0.196105067229246,0.0678398398047042,0.0842955158111486,0.159552215728458,0.0333691123836335,0.29114354283777,"Human_Breast_He_06222020_ST_BC23803_D2"
"Human_Breast_He_06222020_ST_BC23803_D2_25x29",0.0539643124851168,0.0509253917046134,0.0723046686509134,0.258448077893501,0.0556948386903471,0.0949959788405879,0.215940677341916,0.0221468096258661,0.175579244767138,"Human_Breast_He_06222020_ST_BC23803_D2"
"Human_Breast_He_06222020_ST_BC23803_D2_29x26",0.0547120955384996,0.0514401560694029,0.0242394754659498,0.0464286043298209,0.0369261359670881,0.123624893396347,0.304785470513021,0.106643165489896,0.251200003229975,"Human_Breast_He_06222020_ST_BC23803_D2"
"Human_Breast_He_06222020_ST_BC23803_D2_14x28",0.0492850350578815,0.191526419960689,0.0751400198858021,0.0222698889248276,0.0142339152516877,0.274397482536409,0.0673303745664497,0.0938994018813704,0.211917461934883,"Human_Breast_He_06222020_ST_BC23803_D2"
"Human_Breast_He_06222020_ST_BC23803_D2_16x32",0.0424841793032123,0.136354896831765,0.0556858427424633,0.171397087887416,0.0473122839430309,0.240134033516058,0.173389804777574,0.0231784652018098,0.11006340579667,"Human_Breast_He_06222020_ST_BC23803_D2"
"Human_Breast_He_06222020_ST_BC23803_D2_16x31",0.0323292466752435,0.204189138124505,0.0812945123086832,0.0947141239333342,0.0163825775929603,0.245991441338395,0.0786935990169415,0.0360965327482607,0.210308828261676,"Human_Breast_He_06222020_ST_BC23803_D2"
"Human_Breast_He_06222020_ST_BC23803_D2_16x30",0.047150767242774,0.148220951508547,0.080663579970267,0.105278803132149,0.0248545922269672,0.298263453217384,0.0665216791650117,0.0470963250619277,0.181949848474973,"Human_Breast_He_06222020_ST_BC23803_D2"
"Human_Breast_He_06222020_ST_BC23803_D2_14x17",0.0644323219949476,0.129591164955359,0.0912202779588524,0.086381992187982,0.0281991120422594,0.395496502225671,0.0536549758566977,0.01112884077878,0.139894811999451,"Human_Breast_He_06222020_ST_BC23803_D2"
"Human_Breast_He_06222020_ST_BC23803_D2_8x17",0.0302781149381428,0.0827284295299381,0.0589572979616578,0.153042942604207,0.0451560226153022,0.290254903976607,0.0822490490066779,0.0914039828911032,0.165929256476364,"Human_Breast_He_06222020_ST_BC23803_D2"
"Human_Breast_He_06222020_ST_BC23803_D2_29x27",0.05958299392267,0.110293696026581,0.0569170471525319,0.156400433247893,0.0406953325914197,0.192213686532592,0.104951476496248,0.0438448617029362,0.235100472327128,"Human_Breast_He_06222020_ST_BC23803_D2"
"Human_Breast_He_06222020_ST_BC23803_D2_24x16",0.0725021496267141,0.0972510157214743,0.0917802791683093,0.0465456090394204,0.070320927187022,0.182425382527374,0.200853169481167,0.0282096128143543,0.210111854434165,"Human_Breast_He_06222020_ST_BC23803_D2"
"Human_Breast_He_06222020_ST_BC23803_D2_24x17",0.0605653582000871,0.0779964270509243,0.0671008826385584,0.0296119087479481,0.0318627318686891,0.247478280733425,0.14284943377577,0.122142276279133,0.220392700705465,"Human_Breast_He_06222020_ST_BC23803_D2"
"Human_Breast_He_06222020_ST_BC23803_D2_24x18",0.0634376485239316,0.100057054153553,0.105018065869435,0.0756029363701941,0.0383082153054591,0.155754955430807,0.16646423698681,0.117058260815896,0.178298626543915,"Human_Breast_He_06222020_ST_BC23803_D2"
"Human_Breast_He_06222020_ST_BC23803_D2_24x19",0.0874744486665646,0.0574301537152866,0.10566356198913,0.140344133606215,0.0471661767137628,0.153781161529403,0.232538035027234,0.0242553524385478,0.151346976313856,"Human_Breast_He_06222020_ST_BC23803_D2"
"Human_Breast_He_06222020_ST_BC23803_D2_13x26",0.0468808641329497,0.169694841276926,0.0851162265861322,0.060611423249588,0.0667256970393993,0.288369484546697,0.0681328044747131,0.0755486067081092,0.138920051985486,"Human_Breast_He_06222020_ST_BC23803_D2"
"Human_Breast_He_06222020_ST_BC23803_D2_28x16",0.0464406564596404,0.139975888857501,0.0421609338645898,0.125132878567428,0.0448853708522455,0.191744907713736,0.179529716700062,0.0399924318467901,0.190137215138007,"Human_Breast_He_06222020_ST_BC23803_D2"
"Human_Breast_He_06222020_ST_BC23803_D2_28x17",0.0626799006188416,0.129026320025747,0.0741940571635514,0.113245779534244,0.0348602448739843,0.219964816724949,0.166898758871369,0.0297170200120845,0.16941310217523,"Human_Breast_He_06222020_ST_BC23803_D2"
"Human_Breast_He_06222020_ST_BC23803_D2_28x18",0.0713684678837699,0.108954635827034,0.120966614638464,0.0381513125426222,0.0196090106588198,0.137434911135035,0.149701883402785,0.0700336898068926,0.283779474104578,"Human_Breast_He_06222020_ST_BC23803_D2"
"Human_Breast_He_06222020_ST_BC23803_D2_14x26",0.0626319775592668,0.123079545229647,0.0765509380521222,0.081904445179951,0.057733873827492,0.244226171830337,0.146368855880162,0.017682974104179,0.189821218336843,"Human_Breast_He_06222020_ST_BC23803_D2"
"Human_Breast_He_06222020_ST_BC23803_D2_14x27",0.0479703709217769,0.116106648229617,0.0409953829588052,0.0274510997677499,0.0303064568165555,0.369819520360988,0.107878542836099,0.00885081743447042,0.250621160673938,"Human_Breast_He_06222020_ST_BC23803_D2"
"Human_Breast_He_06222020_ST_BC23803_D2_12x17",0.0509052139365593,0.14058460618356,0.0668720401032672,0.0411922410622884,0.0359445438479518,0.256342299692142,0.173589781816165,0.0469855193450358,0.18758375401303,"Human_Breast_He_06222020_ST_BC23803_D2"
"Human_Breast_He_06222020_ST_BC23803_D2_22x16",0.100169192141336,0.08885803506691,0.0744706190960803,0.0636045827360839,0.056706624702268,0.147806638097721,0.14966423288504,0.032331763736827,0.286388311537734,"Human_Breast_He_06222020_ST_BC23803_D2"
"Human_Breast_He_06222020_ST_BC23803_D2_22x18",0.044529913915049,0.0842153423130468,0.0563203850486079,0.057778335158611,0.0238862984625803,0.256905101711892,0.185868706093595,0.0507112785051811,0.239784638791437,"Human_Breast_He_06222020_ST_BC23803_D2"
"Human_Breast_He_06222020_ST_BC23803_D2_22x19",0.0737619811237307,0.0910105852394493,0.0511087121905018,0.155118493306695,0.0945914818195068,0.129940405794339,0.236105614203702,0.0345334872338367,0.133829239088238,"Human_Breast_He_06222020_ST_BC23803_D2"
"Human_Breast_He_06222020_ST_BC23803_D2_12x19",0.0401503469423007,0.103353483860938,0.0572104543820324,0.0545298678379411,0.0622619587688254,0.257701442452732,0.120189079027433,0.0239207627061987,0.280682604021598,"Human_Breast_He_06222020_ST_BC23803_D2"
"Human_Breast_He_06222020_ST_BC23803_D2_12x18",0.0367273661526223,0.179872708058475,0.0526197539485538,0.0439878166655216,0.0252555433569801,0.195456510603752,0.224808848005253,0.0140108811882006,0.227260572020641,"Human_Breast_He_06222020_ST_BC23803_D2"
"Human_Breast_He_06222020_ST_BC23803_D2_9x18",0.0351721413052628,0.137672003226869,0.0775777534476198,0.0494691685790425,0.0380449063654525,0.300806270620616,0.0783849014077821,0.0279258298557729,0.254947025191583,"Human_Breast_He_06222020_ST_BC23803_D2"
"Human_Breast_He_06222020_ST_BC23803_D2_9x19",0.0428826005245791,0.0761804643619574,0.0606713348353894,0.173089072882236,0.0442604619814064,0.289868481344441,0.0907582916083967,0.0436839584191874,0.178605334042406,"Human_Breast_He_06222020_ST_BC23803_D2"
"Human_Breast_He_06222020_ST_BC23803_D2_9x17",0.0412899441103449,0.0940521147123513,0.0899615800055226,0.0968728015535221,0.0196269526528668,0.401608130007811,0.111853877067928,0.0573361157360646,0.0873984841535894,"Human_Breast_He_06222020_ST_BC23803_D2"
"Human_Breast_He_06222020_ST_BC23803_D2_8x19",0.0353003985613179,0.059012011237248,0.0495518682178488,0.171329023267872,0.0324216377078282,0.245416820738045,0.135954892265327,0.10454564673979,0.166467701264723,"Human_Breast_He_06222020_ST_BC23803_D2"
"Human_Breast_He_06222020_ST_BC23803_D2_8x18",0.0431534792917025,0.101969257672967,0.0701864264108766,0.175468834290465,0.0345617570304148,0.380303810464806,0.062354031957554,0.0214150874354993,0.110587315445715,"Human_Breast_He_06222020_ST_BC23803_D2"
"Human_Breast_He_06222020_ST_BC23803_D2_26x23",0.0625146904497367,0.101943029731291,0.0510317905042783,0.0648935621344422,0.0635376511452505,0.19294660706261,0.188973578538335,0.0218535853678662,0.25230550506619,"Human_Breast_He_06222020_ST_BC23803_D2"
"Human_Breast_He_06222020_ST_BC23803_D2_15x18",0.0529960106469101,0.0812711321952765,0.0693902104550702,0.0452791965891255,0.0686378771794039,0.254713319773498,0.141363276589775,0.0264785420971268,0.259870434473814,"Human_Breast_He_06222020_ST_BC23803_D2"
"Human_Breast_He_06222020_ST_BC23803_D2_15x19",0.062122204809138,0.12634171138215,0.054698921435507,0.156450578105124,0.0575916495716926,0.140072273823435,0.1236695436917,0.0575410906225745,0.221512026558679,"Human_Breast_He_06222020_ST_BC23803_D2"
