"","Endothelial","CAFs","PVL","B-cells","T-cells","Myeloid","Normal Epithelial","Plasmablasts","Cancer Epithelial","sid"
"Human_Breast_He_06222020_ST_BC23288_E2_23x20",0.013292119088864,0.100143965425229,0.235889753830207,0.0238480893312406,0.00118310776726902,0.398206659965687,0.000745118033839464,0.222906847077637,0.00378433948002696,"Human_Breast_He_06222020_ST_BC23288_E2"
"Human_Breast_He_06222020_ST_BC23288_E2_23x21",0.0143370975975275,0.137829651091611,0.215228198685705,0.00093950282318181,0.000205622134027105,0.314670454911942,0.000145093661675603,0.31425819616847,0.00238618292585964,"Human_Breast_He_06222020_ST_BC23288_E2"
"Human_Breast_He_06222020_ST_BC23288_E2_23x22",0.0302607103402432,0.12907259910042,0.329653327167076,0.000334701311769277,0.00014189481896367,0.341358394880669,0.00073673678528181,0.159771313292318,0.00867032230325892,"Human_Breast_He_06222020_ST_BC23288_E2"
"Human_Breast_He_06222020_ST_BC23288_E2_23x23",0.0639412790181238,0.0725889204925498,0.207980370155428,0.000948193949852654,0.000439239392605802,0.343021673027587,0.000484046311057623,0.302810137652273,0.0077861400005229,"Human_Breast_He_06222020_ST_BC23288_E2"
"Human_Breast_He_06222020_ST_BC23288_E2_23x24",0.0222674530440489,0.0948092137541506,0.451736950922146,1.6179831392126e-06,5.49441755547351e-06,0.406417465486501,7.99540863808522e-05,0.024246970432977,0.000434879873101533,"Human_Breast_He_06222020_ST_BC23288_E2"
"Human_Breast_He_06222020_ST_BC23288_E2_23x26",0.0319340050734884,0.11899122341293,0.225233942809654,0.039140658697224,0.00218003007517325,0.253434610356758,0.00944383563216211,0.304921065566193,0.0147206283764185,"Human_Breast_He_06222020_ST_BC23288_E2"
"Human_Breast_He_06222020_ST_BC23288_E2_23x27",0.0616833818945675,0.112943841174959,0.367193347169454,0.000125213563636953,6.77871524818183e-05,0.237320500883844,0.00300749774122918,0.202618246534499,0.0150401838853283,"Human_Breast_He_06222020_ST_BC23288_E2"
"Human_Breast_He_06222020_ST_BC23288_E2_23x28",0.0780484544166214,0.0643859308905746,0.378717103181327,0.00845262188393948,0.00132642888433991,0.241737876350948,0.00475928906088043,0.197828951601096,0.0247433437302733,"Human_Breast_He_06222020_ST_BC23288_E2"
"Human_Breast_He_06222020_ST_BC23288_E2_25x13",0.00652215242374528,0.177236907729728,0.287571454956412,0.000158740937305118,7.02130918072935e-06,0.275399439067828,0.000810219569087161,0.251004541865434,0.0012895221412789,"Human_Breast_He_06222020_ST_BC23288_E2"
"Human_Breast_He_06222020_ST_BC23288_E2_25x12",0.0115771118875204,0.174106057735243,0.194700043403985,9.41036999671207e-06,3.38541685377944e-06,0.242556468933519,4.75607037348785e-05,0.376754561144827,0.000245400404320314,"Human_Breast_He_06222020_ST_BC23288_E2"
"Human_Breast_He_06222020_ST_BC23288_E2_20x23",0.0860219479472276,0.118430414956411,0.34923221343715,0.00672714761394402,0.00568015721544271,0.264702643356161,0.00580630392813572,0.141220704000141,0.0221784675453865,"Human_Breast_He_06222020_ST_BC23288_E2"
"Human_Breast_He_06222020_ST_BC23288_E2_3x22",0.114956303474171,0.12432807890481,0.233768452458543,0.000290748538127227,0.000104639419675224,0.23188096596203,0.00360137811739023,0.279678207714792,0.0113912254104606,"Human_Breast_He_06222020_ST_BC23288_E2"
"Human_Breast_He_06222020_ST_BC23288_E2_18x28",0.0095516530836048,0.0753434161189647,0.292308544343172,0.0870729836461441,0.00207104997491668,0.415035521336047,0.00812482165604671,0.0801568121936444,0.0303351976474589,"Human_Breast_He_06222020_ST_BC23288_E2"
"Human_Breast_He_06222020_ST_BC23288_E2_18x29",0.0161321833511206,0.0294609844203682,0.279434336675473,0.000173550023375767,9.30458904236273e-06,0.28229873078322,0.00177542603534165,0.389629278749801,0.00108620537225693,"Human_Breast_He_06222020_ST_BC23288_E2"
"Human_Breast_He_06222020_ST_BC23288_E2_18x26",0.025101357520903,0.0988750666039784,0.278064600386981,0.00137410309783394,0.00046789242820299,0.410957325726628,0.000332194090359829,0.177158246681376,0.00766921346373673,"Human_Breast_He_06222020_ST_BC23288_E2"
"Human_Breast_He_06222020_ST_BC23288_E2_25x17",0.0814169448784664,0.0589679500771295,0.436920324244635,9.14552017146535e-05,0.000109118519912102,0.317953677959992,0.00474844287414566,0.0632138362994136,0.036578249944591,"Human_Breast_He_06222020_ST_BC23288_E2"
"Human_Breast_He_06222020_ST_BC23288_E2_18x24",0.0300239748642327,0.103021140771739,0.389494372054981,0.00251404319505114,0.00116641875197733,0.28786018452334,0.00417139763621377,0.161923258937365,0.0198252092651001,"Human_Breast_He_06222020_ST_BC23288_E2"
"Human_Breast_He_06222020_ST_BC23288_E2_18x25",0.0270904860809033,0.0555226286601215,0.399057175197913,0.00399310712466541,0.00273745150753333,0.320141762769058,0.000679114805135428,0.187873725558844,0.00290454829582581,"Human_Breast_He_06222020_ST_BC23288_E2"
"Human_Breast_He_06222020_ST_BC23288_E2_18x22",0.0576977750889577,0.13555003916052,0.231356682230962,0.00447325439767596,0.00228261117453626,0.318302259979596,0.00777879692910689,0.179355470279677,0.0632031107589683,"Human_Breast_He_06222020_ST_BC23288_E2"
"Human_Breast_He_06222020_ST_BC23288_E2_18x23",0.0911024402155856,0.0415716870196607,0.398736445120238,0.000582547347830938,0.000923218394486039,0.195746703059348,0.00599767887053343,0.258788049412338,0.00655123055997851,"Human_Breast_He_06222020_ST_BC23288_E2"
"Human_Breast_He_06222020_ST_BC23288_E2_18x20",0.0621199398362698,0.103244700960689,0.308538891468495,0.000592121921958744,0.000465710164382633,0.308958227781148,0.00144575181331806,0.202231190204739,0.0124034658490002,"Human_Breast_He_06222020_ST_BC23288_E2"
"Human_Breast_He_06222020_ST_BC23288_E2_25x16",0.048536507571595,0.0757468774686054,0.466514678327036,0.000943734946497038,0.000943550145790153,0.280143997030868,0.00339522559845644,0.111597901449105,0.0121775274620462,"Human_Breast_He_06222020_ST_BC23288_E2"
"Human_Breast_He_06222020_ST_BC23288_E2_24x26",0.00946377982911916,0.0755937896726784,0.298764868682798,0.032826734346415,0.0064072213690303,0.251867997337024,0.00406563937975189,0.28817141570289,0.0328385536802941,"Human_Breast_He_06222020_ST_BC23288_E2"
"Human_Breast_He_06222020_ST_BC23288_E2_20x27",0.0963499351828552,0.0568421925998549,0.3011990043104,0.00383754218924977,0.00351563946787028,0.32522640184531,0.00795499382764848,0.182338298482589,0.0227359920942231,"Human_Breast_He_06222020_ST_BC23288_E2"
"Human_Breast_He_06222020_ST_BC23288_E2_20x26",0.00413891582329062,0.0554696640449819,0.404821232911765,0.00482992796027844,0.000191406428624672,0.390554607314239,0.000192098780722844,0.135180165487687,0.00462198124841098,"Human_Breast_He_06222020_ST_BC23288_E2"
"Human_Breast_He_06222020_ST_BC23288_E2_24x20",0.00559563154904004,0.0756956720597205,0.206576111567415,0.000386884482731861,3.162838139276e-05,0.339974421147223,7.89285272479662e-05,0.371283963080241,0.000376759204987394,"Human_Breast_He_06222020_ST_BC23288_E2"
"Human_Breast_He_06222020_ST_BC23288_E2_20x29",0.0217176824537691,0.10993339774687,0.327490319836204,0.0395228372099751,0.159368159411682,0.178289481781969,0.014413546647339,0.0507102075999777,0.0985543673122137,"Human_Breast_He_06222020_ST_BC23288_E2"
"Human_Breast_He_06222020_ST_BC23288_E2_18x21",0.0528042681183684,0.0595250758613779,0.466252409163885,1.99805923695521e-05,1.02229521393658e-05,0.29678898040483,0.000304380590407994,0.120468329357588,0.00382635295903443,"Human_Breast_He_06222020_ST_BC23288_E2"
"Human_Breast_He_06222020_ST_BC23288_E2_5x19",0.0750896727103755,0.137073176554047,0.396880877111821,0.00933665814719771,0.00176583293850584,0.185204847252794,0.0113842483281394,0.129425742316622,0.0538389446404981,"Human_Breast_He_06222020_ST_BC23288_E2"
"Human_Breast_He_06222020_ST_BC23288_E2_5x16",0.00206551942520326,0.06451498745996,0.186798442107482,0.00369158220694038,0.000220722401608141,0.314411451316944,0.000219213488015116,0.425200161487184,0.00287792010666258,"Human_Breast_He_06222020_ST_BC23288_E2"
"Human_Breast_He_06222020_ST_BC23288_E2_8x17",0.0388880944502478,0.122471024875701,0.22565596773655,0.00339760694295515,0.00219406511079094,0.245050298005264,0.00415966344391013,0.338017662684579,0.0201656167500028,"Human_Breast_He_06222020_ST_BC23288_E2"
"Human_Breast_He_06222020_ST_BC23288_E2_5x17",0.0384608111365289,0.065911607539788,0.165482514501204,0.000100352442574034,0.000156182617953315,0.327801350807618,0.00119343565369705,0.391587258767648,0.00930648653298895,"Human_Breast_He_06222020_ST_BC23288_E2"
"Human_Breast_He_06222020_ST_BC23288_E2_8x23",0.0282770137963813,0.181554909275241,0.145454147473322,0.00362251929532329,0.000685399521835138,0.328524669809951,0.000918914142341485,0.29545839717288,0.0155040295127249,"Human_Breast_He_06222020_ST_BC23288_E2"
"Human_Breast_He_06222020_ST_BC23288_E2_11x16",0.0024204758499333,0.0782376729556934,0.340998224343353,0.0147791226096895,0.00124445866593087,0.255102718319921,0.000394376691350084,0.305174347323424,0.00164860324070593,"Human_Breast_He_06222020_ST_BC23288_E2"
"Human_Breast_He_06222020_ST_BC23288_E2_8x27",0.240091050078361,0.11512123396103,0.136360280099172,0.0247630222746584,0.00133233936319124,0.215335199150069,0.00736406374888295,0.231737003144128,0.0278958081805075,"Human_Breast_He_06222020_ST_BC23288_E2"
"Human_Breast_He_06222020_ST_BC23288_E2_11x12",0.00295513849360427,0.0645970932515636,0.146997294712588,0.000207490046193701,8.56223717159114e-06,0.303136988195758,3.36022483813649e-05,0.481946326796455,0.000117504018284394,"Human_Breast_He_06222020_ST_BC23288_E2"
"Human_Breast_He_06222020_ST_BC23288_E2_8x25",0.0786723019331511,0.089375194968276,0.300159593653448,0.000128548420590475,4.69755584524396e-05,0.265748539260748,0.000888508568405613,0.262297909383947,0.00268242825298185,"Human_Breast_He_06222020_ST_BC23288_E2"
"Human_Breast_He_06222020_ST_BC23288_E2_8x15",0.0444385581167698,0.0819117159701546,0.427750186844341,0.00398389403526264,0.000428814060665085,0.324117094900308,0.000842781703197536,0.109182556803941,0.00734439756536049,"Human_Breast_He_06222020_ST_BC23288_E2"
"Human_Breast_He_06222020_ST_BC23288_E2_20x30",0.0380637545616833,0.0600636164553108,0.367361106083314,0.000859343729084268,0.000876109649872906,0.157202671157029,0.000901378581531806,0.344253709084543,0.0304183106976316,"Human_Breast_He_06222020_ST_BC23288_E2"
"Human_Breast_He_06222020_ST_BC23288_E2_8x14",0.00854161057387384,0.0973670673178433,0.181666111810805,0.00163598545129323,6.16378293073521e-05,0.210052418373418,0.000301715986952368,0.499020794238208,0.00135265841829901,"Human_Breast_He_06222020_ST_BC23288_E2"
"Human_Breast_He_06222020_ST_BC23288_E2_22x17",0.00635496919910611,0.0638163172849388,0.319133426180979,0.000123138042282353,5.81037671888672e-06,0.284861594278897,0.000408682781031659,0.324883105566095,0.000412956289950907,"Human_Breast_He_06222020_ST_BC23288_E2"
"Human_Breast_He_06222020_ST_BC23288_E2_8x12",0.0335746170166301,0.0857670363869368,0.236686083935967,0.0181104724661997,0.000294819034221711,0.240951711618829,0.000728221149062472,0.383340226927535,0.000546811464617968,"Human_Breast_He_06222020_ST_BC23288_E2"
"Human_Breast_He_06222020_ST_BC23288_E2_6x30",0.0153708430892367,0.125102627851579,0.305622876285593,0.00884608774436603,0.0147187129520206,0.260458554292247,0.00365122900405271,0.153100215012936,0.113128853767969,"Human_Breast_He_06222020_ST_BC23288_E2"
"Human_Breast_He_06222020_ST_BC23288_E2_8x11",0.00711128841787026,0.0416151545130837,0.243377872447071,0.0504278041304239,0.00362829248311483,0.239098329149059,0.00166783618201092,0.407388832478395,0.00568459019897123,"Human_Breast_He_06222020_ST_BC23288_E2"
"Human_Breast_He_06222020_ST_BC23288_E2_18x27",0.00693319668609212,0.07731084087373,0.384424684082667,0.000443393698384652,0.000153384286429076,0.174600566147561,0.000487320022310107,0.353804299196509,0.00184231500631692,"Human_Breast_He_06222020_ST_BC23288_E2"
"Human_Breast_He_06222020_ST_BC23288_E2_23x19",0.0033577155642291,0.0872750220455134,0.305200001093301,0.00350872264306317,0.000233938463604615,0.318867110740665,0.000211244935986162,0.279021449089206,0.00232479542443142,"Human_Breast_He_06222020_ST_BC23288_E2"
"Human_Breast_He_06222020_ST_BC23288_E2_23x18",0.048134084016649,0.0904468727026958,0.39385944930454,0.00089253155562509,0.000270815849637439,0.237298017047411,0.00420491499988837,0.205772275548685,0.0191210389748686,"Human_Breast_He_06222020_ST_BC23288_E2"
"Human_Breast_He_06222020_ST_BC23288_E2_23x13",0.00936858043201678,0.0883568710638804,0.242667011416707,0.00063946028518294,0.000132273441337073,0.397509910281076,0.000418994634310884,0.258312589002987,0.00259430944250274,"Human_Breast_He_06222020_ST_BC23288_E2"
"Human_Breast_He_06222020_ST_BC23288_E2_23x12",0.00445752518634358,0.103650481612879,0.214368838688323,0.000448542026936849,4.16780786156288e-05,0.404399900609111,0.000109315267932176,0.271679215236674,0.000844503293184893,"Human_Breast_He_06222020_ST_BC23288_E2"
"Human_Breast_He_06222020_ST_BC23288_E2_23x15",0.0163055224280841,0.0899300255212651,0.246116275257391,0.000487914782448416,9.88092819771751e-05,0.314164489334964,0.000527472644436091,0.322650741477692,0.00971874927174324,"Human_Breast_He_06222020_ST_BC23288_E2"
"Human_Breast_He_06222020_ST_BC23288_E2_23x14",0.0236259616044021,0.1049563338992,0.339565348152697,9.91141493259577e-06,3.49050003744796e-06,0.243352670211453,0.000487900234302477,0.286627466398913,0.00137091758406377,"Human_Breast_He_06222020_ST_BC23288_E2"
"Human_Breast_He_06222020_ST_BC23288_E2_23x17",0.0218099615163461,0.0626534676067828,0.443677900560917,0.00141641060261632,0.000930801235615149,0.278630646551017,0.00186038488622606,0.182893254518074,0.00612717252240573,"Human_Breast_He_06222020_ST_BC23288_E2"
"Human_Breast_He_06222020_ST_BC23288_E2_23x16",0.00806861353553609,0.0700980576576123,0.345902372383408,0.000463351306314298,0.000113358711949761,0.238414830852676,0.000334026292348405,0.332706847050254,0.00389854220990062,"Human_Breast_He_06222020_ST_BC23288_E2"
"Human_Breast_He_06222020_ST_BC23288_E2_8x22",0.0951056935373478,0.0990571160132436,0.288731154582815,0.000290190935241666,0.000179607535816067,0.190484715341287,0.000147697157329256,0.322753753328679,0.00325007156824047,"Human_Breast_He_06222020_ST_BC23288_E2"
"Human_Breast_He_06222020_ST_BC23288_E2_11x15",0.0163576957554374,0.0499434778151729,0.225246789138941,7.65405214963281e-05,1.89526423942488e-05,0.224313628314143,0.000107494810917758,0.483377304463028,0.000558116538469885,"Human_Breast_He_06222020_ST_BC23288_E2"
"Human_Breast_He_06222020_ST_BC23288_E2_8x20",0.0627715778036689,0.146003497751244,0.283006552053356,0.000772142657609702,0.000717750817084398,0.167035479287429,0.000432254802202571,0.329312338968798,0.00994840585860689,"Human_Breast_He_06222020_ST_BC23288_E2"
"Human_Breast_He_06222020_ST_BC23288_E2_11x17",0.0283765663200732,0.11210711825741,0.254561259951864,0.00279142047817232,0.00019554785060405,0.302764266539268,0.000344397704992992,0.295839188436375,0.00302023446124008,"Human_Breast_He_06222020_ST_BC23288_E2"
"Human_Breast_He_06222020_ST_BC23288_E2_11x13",0.0114082191818256,0.0914920983206483,0.164652817844728,0.0101120073104117,0.000339300953275009,0.30066284807986,0.000461567213235436,0.418322767793386,0.00254837330263048,"Human_Breast_He_06222020_ST_BC23288_E2"
"Human_Breast_He_06222020_ST_BC23288_E2_8x28",0.0127942493505327,0.0574686401531203,0.423930421644391,0.000638390705120714,0.00185421793976914,0.244542458754971,0.000613335583423762,0.231429328966553,0.026728956902118,"Human_Breast_He_06222020_ST_BC23288_E2"
"Human_Breast_He_06222020_ST_BC23288_E2_8x29",0.00267077598820845,0.127069083307844,0.113472895447446,0.00451936438192387,0.0119240512508978,0.526245097311638,0.000274292565588797,0.206260939968184,0.00756349977826919,"Human_Breast_He_06222020_ST_BC23288_E2"
"Human_Breast_He_06222020_ST_BC23288_E2_11x18",0.0229832440866321,0.109361533558957,0.19655516214741,2.90313379229337e-05,1.10394919691807e-05,0.277569259497786,9.69126948396398e-05,0.38896014587243,0.00443367131205344,"Human_Breast_He_06222020_ST_BC23288_E2"
"Human_Breast_He_06222020_ST_BC23288_E2_11x19",0.0201683130314438,0.101530504901544,0.261905860247414,0.00145004252359007,0.000196975651331125,0.239915359041751,0.000414552392167549,0.36553374409658,0.00888464811417873,"Human_Breast_He_06222020_ST_BC23288_E2"
"Human_Breast_He_06222020_ST_BC23288_E2_2x15",0.0117570639738155,0.0490291909015194,0.219387272642686,0.00285417195913179,0.000253161474466571,0.36085532996612,0.000199568939640338,0.354497050204179,0.00116718993844089,"Human_Breast_He_06222020_ST_BC23288_E2"
"Human_Breast_He_06222020_ST_BC23288_E2_2x14",0.0158074370697988,0.176844519538166,0.186683355066331,0.000436451890167407,9.83001198431422e-06,0.290616648522451,4.38676446490771e-05,0.329254703798165,0.000303186458286344,"Human_Breast_He_06222020_ST_BC23288_E2"
"Human_Breast_He_06222020_ST_BC23288_E2_2x17",0.00835566521422565,0.0826747046467472,0.200024688820795,0.00177509314887866,0.00029366445541878,0.300329708826172,0.00108411844500863,0.400507988892675,0.00495436755007879,"Human_Breast_He_06222020_ST_BC23288_E2"
"Human_Breast_He_06222020_ST_BC23288_E2_2x16",0.00088233256243802,0.0492261832259994,0.158190928602665,0.000160436319118477,6.18835719495731e-06,0.340844708258439,6.21565193960002e-05,0.450416123085886,0.000210943068862594,"Human_Breast_He_06222020_ST_BC23288_E2"
"Human_Breast_He_06222020_ST_BC23288_E2_26x18",0.0376491156059867,0.106086007536913,0.449156273417081,0.000198701152582708,4.66984655949459e-05,0.286261028886926,0.000953193346337506,0.111268963213381,0.00838001837519804,"Human_Breast_He_06222020_ST_BC23288_E2"
"Human_Breast_He_06222020_ST_BC23288_E2_2x13",0.00516900371458628,0.0689640555327274,0.297627300481283,0.0466963046228652,0.00152658935313918,0.270353929116899,0.000587535997886652,0.307805656681996,0.00126962449861684,"Human_Breast_He_06222020_ST_BC23288_E2"
"Human_Breast_He_06222020_ST_BC23288_E2_2x12",0.0113321617086914,0.106708422465995,0.118769851437264,0.027378804097301,0.00345845495223358,0.44452342552131,0.00437453522135204,0.250386290974885,0.0330680536209679,"Human_Breast_He_06222020_ST_BC23288_E2"
"Human_Breast_He_06222020_ST_BC23288_E2_17x15",0.0158185507833604,0.105840690719916,0.179508812165711,4.75778281775954e-06,2.93084586848166e-05,0.397777444970462,0.000226243128038965,0.294914545197227,0.0058796467937827,"Human_Breast_He_06222020_ST_BC23288_E2"
"Human_Breast_He_06222020_ST_BC23288_E2_2x19",0.0358018469262989,0.086129216038901,0.296421470992089,0.000342369073903341,0.000705479452460711,0.289169596828774,0.00116002511364437,0.285205450715502,0.00506454485842695,"Human_Breast_He_06222020_ST_BC23288_E2"
"Human_Breast_He_06222020_ST_BC23288_E2_2x18",0.0153699186308403,0.0631656519099302,0.273683158988456,0.00153724432711425,0.00222664771431393,0.28256056610085,0.000584069633296205,0.356279224546918,0.00459351814828161,"Human_Breast_He_06222020_ST_BC23288_E2"
"Human_Breast_He_06222020_ST_BC23288_E2_17x12",0.00570634154611352,0.098732136452985,0.13711075364973,0.0138899906258925,0.00213075620762867,0.323963810418762,0.0014224333248933,0.412472825614221,0.00457095215977306,"Human_Breast_He_06222020_ST_BC23288_E2"
"Human_Breast_He_06222020_ST_BC23288_E2_17x13",0.0167173147457017,0.123631510424756,0.0654144942304408,0.00429423501901523,8.64122373058069e-05,0.309443155333336,0.000161771483484498,0.478595610311096,0.00165549621486442,"Human_Breast_He_06222020_ST_BC23288_E2"
"Human_Breast_He_06222020_ST_BC23288_E2_17x11",0.00853015434852991,0.120593189868696,0.161809023051018,0.000225480619072405,4.70284323160147e-05,0.269181539082875,0.000169462522255156,0.438816988000937,0.000627134074301287,"Human_Breast_He_06222020_ST_BC23288_E2"
"Human_Breast_He_06222020_ST_BC23288_E2_17x16",0.0258828249127256,0.0491174061148583,0.126542381567184,0.000573245761168324,0.000388427222052967,0.258237146206383,5.67135223087384e-05,0.538870528456234,0.00033132623708494,"Human_Breast_He_06222020_ST_BC23288_E2"
"Human_Breast_He_06222020_ST_BC23288_E2_17x17",0.0080292737208417,0.116276968679456,0.190798631716904,0.000137962540877614,9.56682857933162e-06,0.251070639442956,6.26189168380026e-05,0.433123707380069,0.000490630773477857,"Human_Breast_He_06222020_ST_BC23288_E2"
"Human_Breast_He_06222020_ST_BC23288_E2_17x14",0.0671989301392947,0.157103088159283,0.277139412641161,0.00267128327659715,0.000511084974095476,0.216800631323258,0.00119206875656034,0.275132176205908,0.00225132452384289,"Human_Breast_He_06222020_ST_BC23288_E2"
"Human_Breast_He_06222020_ST_BC23288_E2_26x19",0.0406154171530978,0.0837616573393851,0.579931570088683,0.000354882430411375,0.000530662235604619,0.225352481658068,0.00186636236748666,0.0472927690532984,0.020294197673965,"Human_Breast_He_06222020_ST_BC23288_E2"
"Human_Breast_He_06222020_ST_BC23288_E2_26x16",0.0270887886992858,0.197132952648513,0.41068393221453,0.000158759904783167,4.05610482395467e-05,0.312876245649898,0.000903482825989341,0.0467788994673891,0.00433637754137263,"Human_Breast_He_06222020_ST_BC23288_E2"
"Human_Breast_He_06222020_ST_BC23288_E2_26x17",0.0342089740330734,0.0612443980590315,0.495536857696003,0.0011862730653478,0.00061972824065001,0.268891147630391,0.00491972035976148,0.120406242210495,0.0129866587052461,"Human_Breast_He_06222020_ST_BC23288_E2"
"Human_Breast_He_06222020_ST_BC23288_E2_17x18",0.0050450349285138,0.127055823951875,0.0978928305957405,0.00026131267058782,2.69131789121444e-05,0.343820241608645,0.000303003145608207,0.424650301895481,0.000944538024636863,"Human_Breast_He_06222020_ST_BC23288_E2"
"Human_Breast_He_06222020_ST_BC23288_E2_17x19",0.00831067904503986,0.15644899081262,0.207860320092971,0.00084313490996346,8.23446668775115e-05,0.257756999321528,0.000212511891873396,0.367027109674585,0.00145790958454159,"Human_Breast_He_06222020_ST_BC23288_E2"
"Human_Breast_He_06222020_ST_BC23288_E2_26x13",0.0170225911392391,0.228674581840652,0.071554161714767,0.0134627413773358,0.000139367261561769,0.324813646596946,0.000325139512396837,0.343607593247878,0.00040017730922475,"Human_Breast_He_06222020_ST_BC23288_E2"
"Human_Breast_He_06222020_ST_BC23288_E2_10x26",0.010298858956572,0.0727221345658801,0.282252566015144,0.0656298679128884,0.00789970642596783,0.23704175456718,0.000923504916033798,0.299522214562853,0.0237093920774809,"Human_Breast_He_06222020_ST_BC23288_E2"
"Human_Breast_He_06222020_ST_BC23288_E2_10x27",0.010187122745701,0.0359020898445285,0.47952749344916,0.00920480938367568,0.00278647886072655,0.199476134415008,0.00102129436935977,0.247049526656128,0.0148450502757128,"Human_Breast_He_06222020_ST_BC23288_E2"
"Human_Breast_He_06222020_ST_BC23288_E2_10x24",0.0336744062896178,0.074359955365646,0.328976691018308,0.00401998263607343,0.00042267898378379,0.333002039230089,0.00077475057270463,0.216013444495938,0.00875605140784011,"Human_Breast_He_06222020_ST_BC23288_E2"
"Human_Breast_He_06222020_ST_BC23288_E2_10x25",0.0311648508623986,0.0824958650019211,0.311239186379923,0.00275509225170686,0.000182137518537996,0.37741089129063,0.00038846300710737,0.184847000503302,0.00951651318447233,"Human_Breast_He_06222020_ST_BC23288_E2"
"Human_Breast_He_06222020_ST_BC23288_E2_10x22",0.0577252892607637,0.0434939178094753,0.291294232699466,0.000243398115955445,0.000196138889284688,0.16370835347034,0.00161784594527533,0.422401235957277,0.0193195878521624,"Human_Breast_He_06222020_ST_BC23288_E2"
"Human_Breast_He_06222020_ST_BC23288_E2_10x23",0.0385614779263984,0.0872110794875555,0.31550318547441,0.0584834555626658,0.00529073278654945,0.286334077825125,0.00195154200601933,0.184972520343155,0.0216919285881209,"Human_Breast_He_06222020_ST_BC23288_E2"
"Human_Breast_He_06222020_ST_BC23288_E2_10x20",0.0202435648184286,0.0960603452197149,0.295007557591754,0.00214041453014169,0.000350191782399624,0.259626496562895,0.000505573008959946,0.317638020476924,0.00842783600878248,"Human_Breast_He_06222020_ST_BC23288_E2"
"Human_Breast_He_06222020_ST_BC23288_E2_10x21",0.04558994858175,0.0462513089086109,0.41967457463686,0.00132769678300965,2.49752574479959e-05,0.214579866940849,0.00027230332194237,0.270556215359947,0.00172311020958348,"Human_Breast_He_06222020_ST_BC23288_E2"
"Human_Breast_He_06222020_ST_BC23288_E2_10x28",0.0288864013431196,0.147735950247722,0.225785833408901,0.000194667328084618,0.0020379484134352,0.334672430811947,5.06122130713738e-05,0.255913539780118,0.00472261645360097,"Human_Breast_He_06222020_ST_BC23288_E2"
"Human_Breast_He_06222020_ST_BC23288_E2_10x29",0.0206538696468341,0.081183712688215,0.335910164153763,0.000610546650313376,0.000174289242721082,0.444940089184628,0.000170619834617672,0.113814941208679,0.00254176739022901,"Human_Breast_He_06222020_ST_BC23288_E2"
"Human_Breast_He_06222020_ST_BC23288_E2_7x16",0.0631506717882556,0.145917164903741,0.130834789364037,0.0356464447255571,0.00847827535897998,0.230435357933312,0.00191555828289906,0.349729532884596,0.0338922047586216,"Human_Breast_He_06222020_ST_BC23288_E2"
"Human_Breast_He_06222020_ST_BC23288_E2_7x17",0.0230236724013729,0.168250160537065,0.222031173492491,1.7453252927075e-05,1.99707594220561e-05,0.15616339477275,1.63396750946612e-06,0.430418335753988,7.42050624751474e-05,"Human_Breast_He_06222020_ST_BC23288_E2"
"Human_Breast_He_06222020_ST_BC23288_E2_7x14",0.0450592609901323,0.131160100774931,0.0984892699121641,0.0158526292743175,0.00187140225525637,0.324196116451206,0.00156461435532736,0.36806231266084,0.0137442933258253,"Human_Breast_He_06222020_ST_BC23288_E2"
"Human_Breast_He_06222020_ST_BC23288_E2_7x15",0.0160359284102697,0.0741688371354078,0.297048979191412,7.41872611498387e-06,1.71584540683231e-07,0.24712034555687,1.30295641613694e-05,0.365584218915976,2.10709152470355e-05,"Human_Breast_He_06222020_ST_BC23288_E2"
"Human_Breast_He_06222020_ST_BC23288_E2_7x12",0.00495020840891796,0.121874135477421,0.10127660278915,0.0374405198592213,0.00159097623799806,0.222487450184207,0.000311887048983553,0.50830183395977,0.00176638603433131,"Human_Breast_He_06222020_ST_BC23288_E2"
"Human_Breast_He_06222020_ST_BC23288_E2_7x13",0.00755720804427002,0.12592176442255,0.122656949692122,0.00910617553004886,0.00332157590141525,0.334776374878719,0.000500216377947761,0.389551534743561,0.00660820040936731,"Human_Breast_He_06222020_ST_BC23288_E2"
"Human_Breast_He_06222020_ST_BC23288_E2_7x11",0.0137255953753768,0.0573753972922314,0.218070847471303,0.177018401083446,0.0299684776126203,0.165437902980962,0.00241049103997472,0.28675745947266,0.0492354276714271,"Human_Breast_He_06222020_ST_BC23288_E2"
"Human_Breast_He_06222020_ST_BC23288_E2_12x13",0.00690775505667357,0.0806974783793619,0.0834001868355466,0.000174177902052483,7.59150476604803e-06,0.289593630939957,5.33842069526382e-05,0.538934688561369,0.000231106613321396,"Human_Breast_He_06222020_ST_BC23288_E2"
"Human_Breast_He_06222020_ST_BC23288_E2_7x18",0.0499799325222863,0.0905350145431477,0.244276033428093,3.79426814197691e-05,4.29080876805363e-07,0.124503463691895,7.53503331295899e-05,0.490572698240196,1.91354789552232e-05,"Human_Breast_He_06222020_ST_BC23288_E2"
"Human_Breast_He_06222020_ST_BC23288_E2_7x19",0.00423775293216305,0.135350983870072,0.210017258998487,0.000266674783468855,0.000417162517925245,0.254394007550759,0.00188526899801433,0.376777945845456,0.0166529445036531,"Human_Breast_He_06222020_ST_BC23288_E2"
"Human_Breast_He_06222020_ST_BC23288_E2_19x30",0.0310707805931826,0.0317737140979876,0.564679716540086,0.000195171002893439,0.000193944362085143,0.23188172360649,0.000262266200254489,0.138542307020083,0.00140037657693691,"Human_Breast_He_06222020_ST_BC23288_E2"
"Human_Breast_He_06222020_ST_BC23288_E2_21x17",0.00166824694260344,0.0973778375543566,0.30392746952164,0.000410718081755064,0.000138075093810628,0.273553535714013,0.000447771513126316,0.318367247151798,0.00410909842689676,"Human_Breast_He_06222020_ST_BC23288_E2"
"Human_Breast_He_06222020_ST_BC23288_E2_21x16",0.00601873353990243,0.128025735456677,0.245901101516995,0.00909211600770249,0.000613155657685664,0.331831265894288,0.00133660802040244,0.273391719864685,0.00378956404166232,"Human_Breast_He_06222020_ST_BC23288_E2"
"Human_Breast_He_06222020_ST_BC23288_E2_21x15",0.00984259660929513,0.107733813277104,0.261406046036547,0.0214498874313301,0.000318826368787061,0.378565607133243,0.000624676964073787,0.218878460476528,0.00118008570309239,"Human_Breast_He_06222020_ST_BC23288_E2"
"Human_Breast_He_06222020_ST_BC23288_E2_21x14",0.000893679139402835,0.0907197880949517,0.218255984253677,1.21244850484092e-05,7.31150428265964e-07,0.365496652170618,2.8154734124595e-05,0.32442847354081,0.000164412430939003,"Human_Breast_He_06222020_ST_BC23288_E2"
"Human_Breast_He_06222020_ST_BC23288_E2_21x13",0.000957433528701747,0.116967973854156,0.156792904753323,0.00428855766934393,6.83724906224025e-05,0.381312139561031,6.92478366228365e-05,0.339262036317024,0.000281333989175325,"Human_Breast_He_06222020_ST_BC23288_E2"
"Human_Breast_He_06222020_ST_BC23288_E2_21x12",0.010897931952682,0.134437654828763,0.158999617141567,0.00655821865534244,0.000614194638700391,0.345633526938054,0.000753723028713322,0.338494857763385,0.00361027505279255,"Human_Breast_He_06222020_ST_BC23288_E2"
"Human_Breast_He_06222020_ST_BC23288_E2_21x19",0.0191555712089821,0.105168291847843,0.318164685003111,0.00426959546574197,0.00028139972142495,0.286388342002944,0.000560553940384887,0.261913734335375,0.00409782647419377,"Human_Breast_He_06222020_ST_BC23288_E2"
"Human_Breast_He_06222020_ST_BC23288_E2_21x18",0.0155919436323241,0.0815198078978393,0.173137765255552,0.00284090891041475,6.69121758039669e-05,0.344701841190517,0.000158619508233594,0.381554984650464,0.000427216778851277,"Human_Breast_He_06222020_ST_BC23288_E2"
"Human_Breast_He_06222020_ST_BC23288_E2_9x25",0.117555482128043,0.102376681590872,0.418009511510986,1.24550211130394e-05,2.38718699758792e-06,0.19659288102389,0.00238283714111898,0.159607150904127,0.00346061349285169,"Human_Breast_He_06222020_ST_BC23288_E2"
"Human_Breast_He_06222020_ST_BC23288_E2_9x24",0.0451914683691376,0.060140362314444,0.470792494130211,0.00175999524513673,0.000214066160296091,0.232222586981562,0.00246604034728585,0.179060216224979,0.00815277022694813,"Human_Breast_He_06222020_ST_BC23288_E2"
"Human_Breast_He_06222020_ST_BC23288_E2_9x27",0.0129207501519683,0.042028156420886,0.411822999615538,0.000760388464168276,0.00023844335584657,0.420809634816936,0.000325936942453543,0.107338071971932,0.00375561826027143,"Human_Breast_He_06222020_ST_BC23288_E2"
"Human_Breast_He_06222020_ST_BC23288_E2_13x28",0.0766861228322869,0.045094886079602,0.504454097491438,0.000100820661767557,6.60661743950423e-05,0.231086877753486,0.00323324778689231,0.123719094239629,0.0155587869805028,"Human_Breast_He_06222020_ST_BC23288_E2"
"Human_Breast_He_06222020_ST_BC23288_E2_9x21",0.0359446784308107,0.0640249330096282,0.459749287981005,0.000185101343307163,3.28413061577801e-05,0.234371051939519,0.000137023531389979,0.203853962191716,0.00170112026646564,"Human_Breast_He_06222020_ST_BC23288_E2"
"Human_Breast_He_06222020_ST_BC23288_E2_12x29",0.0307665196823153,0.0441133098736024,0.359300462814143,0.00903793546288923,0.00171605030516458,0.400145210167826,0.00114683431039781,0.146590211780573,0.00718346560308944,"Human_Breast_He_06222020_ST_BC23288_E2"
"Human_Breast_He_06222020_ST_BC23288_E2_9x23",0.0205890538951752,0.0878035740822296,0.13778645743398,0.339493807387813,0.0337803778864212,0.146301360606341,0.00155170726220286,0.203342794437847,0.0293508670079898,"Human_Breast_He_06222020_ST_BC23288_E2"
"Human_Breast_He_06222020_ST_BC23288_E2_9x22",0.0222028466556041,0.0456514399042543,0.421944615330873,0.00214571654864985,0.00411587039638803,0.217430808787124,0.00697200064289729,0.203644317944297,0.075892383789912,"Human_Breast_He_06222020_ST_BC23288_E2"
"Human_Breast_He_06222020_ST_BC23288_E2_12x24",0.100304265512384,0.0356868588464832,0.307488419949107,0.00284606370434332,0.00024744396716564,0.21900871801309,0.000935868373439424,0.329875950308676,0.00360641132531093,"Human_Breast_He_06222020_ST_BC23288_E2"
"Human_Breast_He_06222020_ST_BC23288_E2_13x22",0.071511084802718,0.0612025343299975,0.476326912927944,0.00197235035970611,0.000200131052253592,0.298515657452568,0.0015953983610295,0.083178175932824,0.00549775478095915,"Human_Breast_He_06222020_ST_BC23288_E2"
"Human_Breast_He_06222020_ST_BC23288_E2_13x21",0.0196367343609342,0.0576680615804937,0.281344174281827,0.00209492780105996,0.000261687334946471,0.258555973101826,0.000794310062353435,0.369776169571269,0.00986796190529092,"Human_Breast_He_06222020_ST_BC23288_E2"
"Human_Breast_He_06222020_ST_BC23288_E2_12x27",0.0555557857273723,0.129233071981265,0.333794116950141,0.00954428117447961,0.00596279890198817,0.264190408098079,0.00177764932143933,0.157682249129511,0.0422596387157245,"Human_Breast_He_06222020_ST_BC23288_E2"
"Human_Breast_He_06222020_ST_BC23288_E2_13x27",0.0856774056329745,0.102596417685493,0.398761198348641,0.000330797578845187,8.75732435138179e-05,0.215540940434458,0.00373134497634411,0.185603416687389,0.00767090541234127,"Human_Breast_He_06222020_ST_BC23288_E2"
"Human_Breast_He_06222020_ST_BC23288_E2_9x28",0.00646181265194011,0.146842939317443,0.236754770665059,0.00144110832103576,0.000125883065366864,0.408012628924979,0.000476619112617932,0.194725312133257,0.00515892580830139,"Human_Breast_He_06222020_ST_BC23288_E2"
"Human_Breast_He_06222020_ST_BC23288_E2_13x25",0.106174673224478,0.093971419199716,0.328680943063498,0.000946305878072922,0.000157298023800193,0.276009768583927,0.00291409311266557,0.178257438566687,0.0128880603471553,"Human_Breast_He_06222020_ST_BC23288_E2"
"Human_Breast_He_06222020_ST_BC23288_E2_13x24",0.0848748553682771,0.107143996737368,0.540707988051516,7.91549911001177e-06,3.67624564510915e-07,0.152459904097894,8.83441146266622e-05,0.113916999986093,0.000799628520550232,"Human_Breast_He_06222020_ST_BC23288_E2"
"Human_Breast_He_06222020_ST_BC23288_E2_24x17",0.0793217401575318,0.0676456836925763,0.540402166162552,0.00140160095443837,0.000146247914740373,0.262621517186861,0.00134728750313211,0.0359509249325441,0.0111628314956237,"Human_Breast_He_06222020_ST_BC23288_E2"
"Human_Breast_He_06222020_ST_BC23288_E2_3x27",0.044918630701823,0.0953428310245489,0.289808326108648,0.00326525206065928,0.00209168990058765,0.261967854817344,0.000838444892026747,0.286306338607361,0.0154606318870019,"Human_Breast_He_06222020_ST_BC23288_E2"
"Human_Breast_He_06222020_ST_BC23288_E2_3x26",0.0500190112997669,0.0684607243527407,0.240217429575439,0.00678995860182151,0.00716274948211687,0.185692013853095,0.00196544432026973,0.404367375010734,0.0353252935040166,"Human_Breast_He_06222020_ST_BC23288_E2"
"Human_Breast_He_06222020_ST_BC23288_E2_3x25",0.0708484122522444,0.113777717879293,0.326531392500839,0.000380881939943104,4.63365433948873e-05,0.207026400211945,0.000741326620987042,0.27472730388541,0.00592022816594235,"Human_Breast_He_06222020_ST_BC23288_E2"
"Human_Breast_He_06222020_ST_BC23288_E2_3x24",0.142264400806693,0.0828377290822573,0.281168162866328,3.19185345258417e-05,0.000192561073028276,0.31259599600648,0.00134544376379352,0.173301741265247,0.00626204660164795,"Human_Breast_He_06222020_ST_BC23288_E2"
"Human_Breast_He_06222020_ST_BC23288_E2_11x29",0.0311456948812897,0.103173933781053,0.521941609040628,0.000638804423034137,0.000617286670333353,0.278430188471256,0.00045235903174198,0.0576616522961652,0.00593847140449766,"Human_Breast_He_06222020_ST_BC23288_E2"
"Human_Breast_He_06222020_ST_BC23288_E2_11x28",0.0609434249322651,0.0880934696333398,0.442001254403972,0.00556250958046205,0.000479708281143612,0.288643751958984,0.00113917984330454,0.102666970556278,0.0104697308102509,"Human_Breast_He_06222020_ST_BC23288_E2"
"Human_Breast_He_06222020_ST_BC23288_E2_3x21",0.031757243481167,0.125017930499907,0.336074190727034,0.00036128962147007,0.000632093043305277,0.169082207520912,0.00370166956790634,0.325411473854212,0.00796190168408619,"Human_Breast_He_06222020_ST_BC23288_E2"
"Human_Breast_He_06222020_ST_BC23288_E2_3x20",0.054456277353561,0.123033400946408,0.232258258078262,0.00252679693391682,0.00142994380542226,0.367005721809716,0.0075049257414474,0.195348234579947,0.0164364407513202,"Human_Breast_He_06222020_ST_BC23288_E2"
"Human_Breast_He_06222020_ST_BC23288_E2_14x30",0.0804585864209045,0.0578709102337462,0.624699836790107,0.0025487535704217,0.0012019471548838,0.165364750029896,0.0122999027410549,0.0221560416783179,0.0333992713806675,"Human_Breast_He_06222020_ST_BC23288_E2"
"Human_Breast_He_06222020_ST_BC23288_E2_11x27",0.0382486857363419,0.0779439750674304,0.383906084358783,0.000988837034929015,0.000472616304226347,0.260018052986854,0.00205468339513375,0.226201537601963,0.0101655275143391,"Human_Breast_He_06222020_ST_BC23288_E2"
"Human_Breast_He_06222020_ST_BC23288_E2_11x26",0.0370178148500379,0.0638729097429258,0.248811160646844,0.111293705692088,0.00729736365256623,0.319609319318803,0.000713177785836174,0.14449625197092,0.0668882963399785,"Human_Breast_He_06222020_ST_BC23288_E2"
"Human_Breast_He_06222020_ST_BC23288_E2_11x21",0.0388089427182489,0.0842910274868652,0.218727812200924,0.00178446638313809,0.000826125438397653,0.208521582833313,0.00171035241214,0.43061425551107,0.0147154350159039,"Human_Breast_He_06222020_ST_BC23288_E2"
"Human_Breast_He_06222020_ST_BC23288_E2_11x20",0.0674394608841652,0.082154277069943,0.302543520474092,0.00321805658262782,0.000320900786492945,0.244207711566869,0.00231284486932635,0.289133852661743,0.00866937510474072,"Human_Breast_He_06222020_ST_BC23288_E2"
"Human_Breast_He_06222020_ST_BC23288_E2_11x23",0.0252277221322782,0.133690312142912,0.172817401595664,0.00247210247292079,0.00125195314273846,0.347332352225433,0.00312336857845201,0.270522123317,0.0435626643926025,"Human_Breast_He_06222020_ST_BC23288_E2"
"Human_Breast_He_06222020_ST_BC23288_E2_3x28",0.0800386480280697,0.0978608267546734,0.256903731058717,0.00471841606080615,0.00291831954699593,0.287492364854327,0.0114830038247732,0.203358243067775,0.0552264468038624,"Human_Breast_He_06222020_ST_BC23288_E2"
"Human_Breast_He_06222020_ST_BC23288_E2_18x19",0.0503330491794647,0.12961326161388,0.366233864226803,0.000958300615044365,0.000123564421808393,0.185364157655306,0.00186783235654599,0.262076464754375,0.00342950517677188,"Human_Breast_He_06222020_ST_BC23288_E2"
"Human_Breast_He_06222020_ST_BC23288_E2_18x13",0.00433379527063939,0.0919771734169194,0.133763210769667,0.000145687640668226,2.81723106479619e-05,0.222737574285905,9.65306462791251e-06,0.546973798836936,3.09344039887872e-05,"Human_Breast_He_06222020_ST_BC23288_E2"
"Human_Breast_He_06222020_ST_BC23288_E2_18x12",0.00067725820931118,0.0560639825961597,0.115595247821443,0.000255011351418932,1.37970578853712e-05,0.257204698079439,3.0827978450003e-05,0.569865595774309,0.000293581131584164,"Human_Breast_He_06222020_ST_BC23288_E2"
"Human_Breast_He_06222020_ST_BC23288_E2_18x11",0.00346381997035005,0.0806728154297627,0.222434930690457,0.00012727247721687,1.16017235882745e-05,0.335073454510729,5.15830784105688e-05,0.357781160361933,0.000383361757552187,"Human_Breast_He_06222020_ST_BC23288_E2"
"Human_Breast_He_06222020_ST_BC23288_E2_18x17",0.00376125714320596,0.121733173298691,0.0674434227634165,0.000729744887217222,4.78536194223877e-05,0.39697049314591,6.41111065918107e-05,0.407316773594538,0.00193317044100779,"Human_Breast_He_06222020_ST_BC23288_E2"
"Human_Breast_He_06222020_ST_BC23288_E2_18x15",0.000486850659538498,0.156865497281617,0.105455986179362,0.000169127273613145,2.32464022409333e-05,0.105408405154409,3.2577482611619e-05,0.630658838734254,0.000899470832354153,"Human_Breast_He_06222020_ST_BC23288_E2"
"Human_Breast_He_06222020_ST_BC23288_E2_18x14",0.0057849185575907,0.0821234720559529,0.14954630089011,0.00028901909091589,2.25390294490495e-05,0.241287858905845,0.000142286807077596,0.520188839179786,0.000614765483273531,"Human_Breast_He_06222020_ST_BC23288_E2"
"Human_Breast_He_06222020_ST_BC23288_E2_25x24",0.00657050295696547,0.095811336713279,0.145153509543097,0.00196758880959136,2.63661858189824e-05,0.408509112985017,8.71111373549398e-05,0.341368958746841,0.000505512922035008,"Human_Breast_He_06222020_ST_BC23288_E2"
