"","Endothelial","CAFs","PVL","B-cells","T-cells","Myeloid","Normal Epithelial","Plasmablasts","Cancer Epithelial","sid"
"GSE210616_GSM6433592_AAACAGAGCGACTCCT-1",0.0218207982107456,0.12333086233787,0.00616482323326716,0.0930221941134175,0.171075024377352,0.214373369760556,0.299768838478613,0.00377556568723313,0.0666685238009453,"GSE210616_GSM6433592"
"GSE210616_GSM6433592_AAACGAGACGGTTGAT-1",0.033261875916671,0.0735367793970671,0.00555628080864926,0.121105157476737,0.136258555782292,0.214246149458082,0.363227780078956,0.00265235926513082,0.0501550618164139,"GSE210616_GSM6433592"
"GSE210616_GSM6433592_AAACGCCCGAGATCGG-1",0.0102463175102845,0.290405207023805,0.00872180717037274,0.0273339799873764,0.0117026679266134,0.323311229430385,0.285385661930189,0.0146142682994162,0.0282788607215581,"GSE210616_GSM6433592"
"GSE210616_GSM6433592_AAACTAACGTGGCGAC-1",0.00701532753792301,0.241840802381953,0.012385470228996,0.0134342190604735,0.0493247731841791,0.366312317837888,0.253686527791183,0.0215567973702687,0.0344437646071354,"GSE210616_GSM6433592"
"GSE210616_GSM6433592_AAACTGCTGGCTCCAA-1",0.0131099379890564,0.045259786729291,0.00341166877885681,0.00209543242395461,0.389532405998999,0.190521528689817,0.323169374957259,0.000514349941600929,0.0323855144911657,"GSE210616_GSM6433592"
"GSE210616_GSM6433592_AAAGACCCAAGTCGCG-1",0.0121152451507924,0.0538678732336619,0.00141146936394496,0.0157819147160446,0.369851005447859,0.178248351815394,0.348600767895522,0.00378672818766149,0.0163366441891194,"GSE210616_GSM6433592"
"GSE210616_GSM6433592_AAAGGGATGTAGCAAG-1",0.0252846456332531,0.0980002639514972,0.00905674723318254,0.0202006943493195,0.264265053535227,0.276374070541733,0.276013981084554,0.00255620116744626,0.0282483425037872,"GSE210616_GSM6433592"
"GSE210616_GSM6433592_AAAGGGCAGCTTGAAT-1",0.325745693946571,0.200200005312256,0.0325186748232372,0.00213389573047037,0.0270888968173081,0.213485626700172,0.0981194311249926,0.0737111380706303,0.0269966374743626,"GSE210616_GSM6433592"
"GSE210616_GSM6433592_AAAGGTAAGCTGTACC-1",0.0105669950094208,0.0428690677282131,0.00130472490249853,0.0124988922499339,0.344009010652137,0.290842404085004,0.285896724002614,0.00072836861177832,0.0112838127584004,"GSE210616_GSM6433592"
"GSE210616_GSM6433592_AAAGTCACTGATGTAA-1",0.014605016717703,0.0683612647823351,0.0135099562190869,0.00423776714013723,0.381740750671359,0.181818020938204,0.246368759638744,0.0410664988458143,0.0482919650466159,"GSE210616_GSM6433592"
"GSE210616_GSM6433592_AAATAACCATACGGGA-1",0.029643589936505,0.146467886020268,0.00402333412016563,0.0164932629074745,0.198864922013513,0.200737796218807,0.313948184007024,0.00248763310840722,0.0873333916678355,"GSE210616_GSM6433592"
"GSE210616_GSM6433592_AAATACCTATAAGCAT-1",0.00591626881713125,0.055038230719544,0.000942091523361551,0.000438170133471507,0.399904638277425,0.173652223667373,0.354061218967655,0.000852422636934685,0.00919473525710328,"GSE210616_GSM6433592"
"GSE210616_GSM6433592_AAATCGTGTACCACAA-1",0.0186318752511689,0.0554133153517514,0.0059585170210543,0.0751335574156839,0.228898487183814,0.220380759959118,0.33434287095549,0.00674871342806372,0.0544919034338562,"GSE210616_GSM6433592"
"GSE210616_GSM6433592_AAATGGCATGTCTTGT-1",0.00504563607248309,0.19560575438224,0.0030377261778359,0.00366381423982696,0.149068282184968,0.306509621380434,0.296541830634623,0.013664837810183,0.0268624971174054,"GSE210616_GSM6433592"
"GSE210616_GSM6433592_AAATGGTCAATGTGCC-1",0.0290161482054834,0.0620084499977784,0.00597686265580966,0.0876471421848826,0.221660430144233,0.214788419435441,0.296973691410604,0.0217722646984112,0.0601565912673559,"GSE210616_GSM6433592"
"GSE210616_GSM6433592_AAATTAACGGGTAGCT-1",0.012354162183495,0.11186687582547,0.00498147321164163,0.0220677721968589,0.213921979997962,0.219368429188617,0.358039568320004,0.00502386843378165,0.0523758706421697,"GSE210616_GSM6433592"
"GSE210616_GSM6433592_AAATTACACGACTCTG-1",0.0127141821390901,0.180832519898263,0.00339132838802004,0.0223688632869083,0.276195785724156,0.189409964927814,0.235637377573691,0.00409836608527521,0.0753516119767821,"GSE210616_GSM6433592"
"GSE210616_GSM6433592_AAATTACCTATCGATG-1",0.0171945748760186,0.0791937524398745,0.00649600724363396,0.00303015125798323,0.332756705701978,0.185966900276164,0.355304503432529,0.00151063419422301,0.018546770577596,"GSE210616_GSM6433592"
"GSE210616_GSM6433592_AACAACTGGTAGTTGC-1",0.0111095515302738,0.16264197828279,0.022030523875787,0.0206511248092766,0.0385092865865073,0.463217937088448,0.197116097296606,0.0308527201879411,0.0538707803423697,"GSE210616_GSM6433592"
"GSE210616_GSM6433592_AACAATTACTCTACGC-1",0.0122301267465705,0.116738441259633,0.0399107639083873,0.00775591890053849,0.139316566153083,0.371268954868944,0.244644551933562,0.000595844803363594,0.0675388314259181,"GSE210616_GSM6433592"
"GSE210616_GSM6433592_AACACGCGGCCGCGAA-1",0.00942537899129356,0.101587096009907,0.001218544755957,0.000118178977755746,0.304446630319128,0.301461256391268,0.251496571663922,0.00581456242542224,0.0244317804653471,"GSE210616_GSM6433592"
"GSE210616_GSM6433592_AACAGGAAATCGAATA-1",0.00441226997081641,0.115400691663071,0.00609706266337092,0.00925907126774211,0.3122001991844,0.216250747734669,0.293008851349025,0.012025509073445,0.0313455970934615,"GSE210616_GSM6433592"
"GSE210616_GSM6433592_AACAGGATGGGCCGCG-1",0.00972450573755216,0.232263053618867,0.0252055785809838,0.00109330490116206,0.0654943451909551,0.352035564895502,0.215202662688726,0.0576834537526804,0.0412975306335716,"GSE210616_GSM6433592"
"GSE210616_GSM6433592_AACCATGGGATCGCTA-1",0.00696975070640333,0.10001519917275,0.00494784019261102,0.00264663692292266,0.271777069414192,0.257183936494611,0.293865684747175,0.0229512546466115,0.0396426277027236,"GSE210616_GSM6433592"
"GSE210616_GSM6433592_AACCCAGAGACGGAGA-1",0.00783715351988357,0.13293582066583,0.010340997419793,0.00179224229050517,0.0927884191423372,0.356171327819803,0.280395556315742,0.0722421519775786,0.0454963308485279,"GSE210616_GSM6433592"
"GSE210616_GSM6433592_AACCGAGCTTGGTCAT-1",0.0158053325370791,0.158500076937169,0.00617271985309737,0.0182026402138608,0.0921972409540054,0.269399636169796,0.393468296963843,0.010018303561896,0.0362357528092527,"GSE210616_GSM6433592"
"GSE210616_GSM6433592_AACCGTTGTGTTTGCT-1",0.0128012224360972,0.113070408852748,0.0211512786550342,0.109012121230168,0.279121807738706,0.17594359070405,0.236183847363299,0.00182672841302324,0.0508889946068736,"GSE210616_GSM6433592"
"GSE210616_GSM6433592_AACCTTTACGACGTCT-1",0.0369714982380467,0.0904672310897541,0.00579460079974733,0.047877977399127,0.252842625203577,0.199811980097835,0.302542996921955,0.0080793158868253,0.0556117743631318,"GSE210616_GSM6433592"
"GSE210616_GSM6433592_AACGATAGAAGGGCCG-1",0.00981045029699972,0.0974852853549457,0.0113693279461335,0.0532054473455276,0.192500134330211,0.238985596472879,0.344553214543163,0.0172799486328497,0.0348105950772899,"GSE210616_GSM6433592"
"GSE210616_GSM6433592_AACGATATGTCAACTG-1",0.0149907706589912,0.0917255558077435,0.0101636588859324,0.0310917477931604,0.119610393741152,0.310647434564936,0.332074034358151,0.0138503318036148,0.0758460723863185,"GSE210616_GSM6433592"
"GSE210616_GSM6433592_AACGCGGTCTCCAGCC-1",0.00660386938787677,0.151700241408209,0.017756154918229,0.00377101368024772,0.0895848385364677,0.297090018349075,0.337986831453396,0.0472695915595521,0.0482374407069465,"GSE210616_GSM6433592"
"GSE210616_GSM6433592_AACGTCAGACTAGTGG-1",0.0607053666142661,0.164280693954653,0.0488683371426341,0.0109397735578659,0.0847200154840157,0.327329128806519,0.191470910131877,0.0436476944113054,0.0680380798968632,"GSE210616_GSM6433592"
"GSE210616_GSM6433592_AACGTGCGAAAGTCTC-1",0.0170382481096803,0.0506501120581479,0.00177362402070665,0.0285439778286807,0.355039322849442,0.186623030326482,0.336930161687984,0.000639693741612051,0.0227618293772643,"GSE210616_GSM6433592"
"GSE210616_GSM6433592_AACGTTATCAGCACCT-1",0.186604723943941,0.119865844736794,0.0355979894529026,0.010198980185335,0.197789179487221,0.208060532822701,0.1687988847253,0.0592194882287794,0.0138643764170248,"GSE210616_GSM6433592"
"GSE210616_GSM6433592_AACTCAAGTTAATTGC-1",0.017067859345678,0.0634187087935905,0.00801059325443372,0.0203603001602344,0.262775848122368,0.230259410214605,0.324823907619475,0.00137597525839388,0.0719073972312207,"GSE210616_GSM6433592"
"GSE210616_GSM6433592_AACTCCTAATCCCATG-1",0.0238260249612162,0.0757560744711677,0.00374749935615454,0.020525874558796,0.171871543082587,0.244817727893813,0.3784885393383,0.00389841072091053,0.0770683056170557,"GSE210616_GSM6433592"
"GSE210616_GSM6433592_AACTGAGGTCAGCGTC-1",0.00339271291234985,0.318954077838883,0.01871810193251,0.0260796376257808,0.0353100118357135,0.377507368074941,0.185404481640928,0.00333998453125733,0.031293623607637,"GSE210616_GSM6433592"
"GSE210616_GSM6433592_AACTGATATTAGGCCT-1",0.0178260593369731,0.129071469486107,0.0183084052570204,0.0195055679600619,0.145269153864692,0.277415657569247,0.36059805534813,0.00288585971260067,0.0291197714651679,"GSE210616_GSM6433592"
"GSE210616_GSM6433592_AACTGGGTCCCGACGT-1",0.011069830661539,0.161649603663301,0.0127725731951739,0.00171817569194685,0.0770138996710316,0.286389073529748,0.355022804020857,0.0246702233528169,0.0696938162135852,"GSE210616_GSM6433592"
"GSE210616_GSM6433592_AACTTCTGCGTCTATC-1",0.101011524539258,0.12361480848444,0.0303661800095041,0.00987781265419404,0.186967121214659,0.244105778476809,0.226150586913254,0.00113617886816321,0.0767700088397183,"GSE210616_GSM6433592"
"GSE210616_GSM6433592_AACTTGCCCGTATGCA-1",0.00241698974340112,0.193453913202219,0.0180647672419996,0.000406994629266694,0.0555053147055799,0.364829552532652,0.281302129590102,0.00753232726566921,0.0764880110891108,"GSE210616_GSM6433592"
"GSE210616_GSM6433592_AAGACTGCAAGCTACT-1",0.0173405913897604,0.0403768310417966,0.000796568571737008,0.00433677584614262,0.36236492198936,0.201749904572733,0.352661957017476,0.00202060971507804,0.0183518398559159,"GSE210616_GSM6433592"
"GSE210616_GSM6433592_AAGAGATGAATCGGTA-1",0.00423365900438112,0.133796029383796,0.0258425466864523,0.0153458201600742,0.152903428772342,0.33034720315809,0.25834091176469,0.0196881848797551,0.0595022161904193,"GSE210616_GSM6433592"
"GSE210616_GSM6433592_AAGAGCTCTTTATCGG-1",0.0261855077167304,0.0662156363497135,0.00881792683026145,0.116931278239251,0.124642915519314,0.188894960014878,0.428011519706109,0.00243322297572893,0.0378670326480136,"GSE210616_GSM6433592"
"GSE210616_GSM6433592_AAGAGGCATGGATCGC-1",0.0187101954873478,0.0649885437881579,0.00452970142822959,0.042133317757773,0.263299173126718,0.189281970602421,0.386281276800864,0.00180849445585356,0.0289673265526343,"GSE210616_GSM6433592"
"GSE210616_GSM6433592_AAGATTGGCGGAACGT-1",0.00925966655825327,0.110759975902826,0.0211761684485782,0.0156150599681875,0.0891531844213743,0.307162597159053,0.40673657894886,0.00302476734655924,0.0371120012463085,"GSE210616_GSM6433592"
"GSE210616_GSM6433592_AAGCTCGTGCCAAGTC-1",0.0211264591493433,0.0525755573297988,0.00430201327619618,0.0207598194577445,0.361659339699651,0.186272991313125,0.323197647696211,0.00140293224842178,0.0287032398295091,"GSE210616_GSM6433592"
"GSE210616_GSM6433592_AAGGAGCGGTTGGTGC-1",0.0100787468058362,0.149885145603358,0.0255647456452927,0.0356587703073782,0.112689592827028,0.288762748995385,0.24514548052307,0.0593797642386969,0.0728350050539556,"GSE210616_GSM6433592"
"GSE210616_GSM6433592_AAGGATGAGGGACCTC-1",0.018886661557476,0.0831939461027778,0.00647512637309929,0.00756271456330161,0.167790621554708,0.237070676154452,0.415507154722331,0.0260793215591554,0.0374337774126982,"GSE210616_GSM6433592"
"GSE210616_GSM6433592_AAGGCGCGTAAAGCTT-1",0.0230827687914363,0.146946727339501,0.0176682238220739,0.0633081782966168,0.136988070380702,0.293865887971843,0.233696400755974,0.000662084148788635,0.0837816584930645,"GSE210616_GSM6433592"
"GSE210616_GSM6433592_AAGGCTGTGCTCATCG-1",0.0113380750490073,0.176856924513358,0.0401543480268845,0.0226441445672476,0.0792190554105523,0.338119494104914,0.249887781673548,0.0210856798279232,0.0606944968265646,"GSE210616_GSM6433592"
"GSE210616_GSM6433592_AAGGGACAGATTCTGT-1",0.0223203907646746,0.0925753643034314,0.010241755332526,0.00506046985554788,0.152765871062276,0.260528083642261,0.404737065295748,0.0134922264388971,0.0382787733046383,"GSE210616_GSM6433592"
"GSE210616_GSM6433592_AAGGTATCCTAATATA-1",0.0298948824201819,0.09709265571231,0.012027328749931,0.0339937867974177,0.182134706973742,0.236005455776104,0.328664975361215,0.00509826175741827,0.0750879464516814,"GSE210616_GSM6433592"
"GSE210616_GSM6433592_AAGTAGAAGACCGGGT-1",0.0115955480223606,0.0986614823388459,0.0149481096796644,0.0117507379197652,0.071927235216562,0.284907556176058,0.409510495031904,0.0244172728314284,0.0722815627834111,"GSE210616_GSM6433592"
"GSE210616_GSM6433592_AAGTAGTGACGCGAGG-1",0.0259541112517343,0.14306941625844,0.0123991554112765,0.001546182234365,0.145380898874696,0.312191319246024,0.310345147182975,0.0115748894013782,0.0375388801391114,"GSE210616_GSM6433592"
"GSE210616_GSM6433592_AAGTTCAGTCTGCGTA-1",0.00758923966513423,0.0667181743436288,0.00155573292708465,0.000876631372403299,0.41268352675497,0.199018646543636,0.282584972418833,0.00685069714278005,0.0221223788315298,"GSE210616_GSM6433592"
"GSE210616_GSM6433592_AATAGCAAGCCTCCTG-1",0.0232973866883145,0.124075945633425,0.00481838443467976,0.0441959011452938,0.0856788206440271,0.321201398856448,0.359091714804794,0.0138586314179175,0.0237818163751009,"GSE210616_GSM6433592"
"GSE210616_GSM6433592_AATAGTCGCGAGTCGG-1",0.122253032053469,0.0882579564788134,0.00902307485381221,0.00514169479353182,0.293301362761677,0.206008719482512,0.179587212812128,0.0860825965863087,0.0103443501777471,"GSE210616_GSM6433592"
"GSE210616_GSM6433592_AATATCAAGGTCGGAT-1",0.0134695370187059,0.184235624473219,0.0270126223610584,0.000435756024271953,0.043021756401313,0.391071084223526,0.305064863835522,0.0109000307237573,0.0247887249386276,"GSE210616_GSM6433592"
"GSE210616_GSM6433592_AATCCAAGGGCCTGAG-1",0.0206027899286272,0.0894425635087964,0.0058448517906871,0.0128515291121547,0.227211501439453,0.254510145055347,0.349949008231724,0.00619315695014636,0.033394453983065,"GSE210616_GSM6433592"
"GSE210616_GSM6433592_AATCGCCTCAGCGCCA-1",0.014079696941508,0.0716725429689298,0.00564057586093877,0.0019950906270972,0.329214214690479,0.194037163216025,0.342880437713727,0.017008553112164,0.023471724869131,"GSE210616_GSM6433592"
"GSE210616_GSM6433592_AATGACTGTCAGCCGG-1",0.0539311201791225,0.158147485791756,0.0354592711970524,0.0210436615218564,0.143668805902686,0.258397337455071,0.251799572398449,0.0227718000402526,0.0547809455137534,"GSE210616_GSM6433592"
"GSE210616_GSM6433592_AATGATGATACGCTAT-1",0.0249023220684262,0.0722798474699146,0.00674465605862801,0.0105897670504034,0.247434280374065,0.253484765718876,0.344813440720743,0.00749148775823177,0.0322594327807124,"GSE210616_GSM6433592"
"GSE210616_GSM6433592_AATGCAACCGGGTACC-1",0.0159701071603452,0.149037406402582,0.01319125167941,0.0306640261804297,0.143148405985799,0.257964657291961,0.30974733746164,0.0207723250332225,0.059504482804611,"GSE210616_GSM6433592"
"GSE210616_GSM6433592_AATGCACCAAGCAATG-1",0.0284688585087346,0.0500134165452776,0.0034658554602251,0.0168366239223481,0.356480632540934,0.201037978087718,0.31905204823017,0.00349495673290066,0.0211496299716926,"GSE210616_GSM6433592"
"GSE210616_GSM6433592_AATGGTTCTCACAAGC-1",0.0683463672004534,0.265588199631416,0.109281473588485,0.000556901619852093,0.0154413628878183,0.362709207944105,0.147641067264909,0.00532440563188616,0.0251110142310759,"GSE210616_GSM6433592"
"GSE210616_GSM6433592_AATTAAAGGTCGGCGT-1",0.0106645481272082,0.0533672083671406,0.00285008781639857,0.00533881503662712,0.348281828797444,0.197959781806942,0.352295582481764,0.0013294253137237,0.0279127222527521,"GSE210616_GSM6433592"
"GSE210616_GSM6433592_AATTAGCGCTGCAGCG-1",0.0279059420180212,0.0754275664623578,0.0130002264611633,0.125191475451741,0.142063567978067,0.20757588173822,0.355819709845154,0.00325374607295947,0.0497618839723171,"GSE210616_GSM6433592"
"GSE210616_GSM6433592_AATTCATAAGGGATCT-1",0.0247427175600864,0.0760022887712638,0.0058228203960189,0.00858523354964099,0.204445533098209,0.274452344872565,0.347774409963754,0.0153453105014329,0.0428293412870293,"GSE210616_GSM6433592"
"GSE210616_GSM6433592_AATTCTAGAGTTAGGC-1",0.0215056552593832,0.0730362972418318,0.0123924839763715,0.0302049196044046,0.23077438985012,0.240568321176956,0.330118982154326,0.00819951782217504,0.0531994329144321,"GSE210616_GSM6433592"
"GSE210616_GSM6433592_AATTTGGGACATAGTA-1",0.011508249033929,0.0860461827363342,0.000897338392431064,0.00455974295097691,0.489176055981342,0.127515323437652,0.245240965143255,0.000636620745352221,0.0344195215787285,"GSE210616_GSM6433592"
"GSE210616_GSM6433592_AATTTGGTTCCAAAGA-1",0.029412260852534,0.0760392552309883,0.00632753355001429,0.243199534627776,0.180276572698583,0.10832821851826,0.266212638442444,0.0202825116420169,0.0699214744373832,"GSE210616_GSM6433592"
"GSE210616_GSM6433592_ACAAATTCAGATCTGA-1",0.0241722196616467,0.0548421828650768,0.00481397079277218,0.188271916169763,0.174579083224384,0.197186323292358,0.294487078121248,0.0119788985898281,0.0496683272829226,"GSE210616_GSM6433592"
"GSE210616_GSM6433592_ACAACAGCATGAGCTA-1",0.0175336072197354,0.0565329976241821,0.0031050154255007,0.0732400174538789,0.153565281774028,0.194117559754399,0.454421751053785,0.00349934518688025,0.0439844245076115,"GSE210616_GSM6433592"
"GSE210616_GSM6433592_ACAACGGTCCCTGCGA-1",0.0964932292132625,0.246237536317346,0.074885253575975,0.000534440579184109,0.0270637978698039,0.352185852006491,0.150014857055762,0.0272344235405686,0.0253506098416068,"GSE210616_GSM6433592"
"GSE210616_GSM6433592_ACAAGCAGTGCCTAGC-1",0.00553047532428227,0.140140960454805,0.0293998574842104,0.00107737996306833,0.0344732304518957,0.378739958307998,0.274020454668085,0.0927445078991083,0.0438731754465478,"GSE210616_GSM6433592"
"GSE210616_GSM6433592_ACAAGGACAAGAGGTT-1",0.00508729782784586,0.322012935042569,0.00657743698267681,0.0116774962935225,0.114202050543277,0.351715281045187,0.13048345314772,0.0019791731648462,0.0562648759523561,"GSE210616_GSM6433592"
"GSE210616_GSM6433592_ACAAGGCCTACCAGCC-1",0.00412611053338182,0.395988908325092,0.00295017676789245,0.0165488687665488,0.0118043805819375,0.303242283749907,0.212998207540487,0.000981327016128471,0.0513597367186246,"GSE210616_GSM6433592"
"GSE210616_GSM6433592_ACAATCCATTTAAACC-1",0.00136166272931759,0.165505272217015,0.0177587903469933,0.00362552980038895,0.0793206068728121,0.324246855667832,0.35184172888211,0.00896139499714554,0.0473781584863856,"GSE210616_GSM6433592"
"GSE210616_GSM6433592_ACAATGATTCTTCTAC-1",0.007552131730328,0.14814532013191,0.0139399215790735,0.11559118438251,0.143802890584221,0.282875356349647,0.249244330095878,0.0132665198016226,0.0255823453448097,"GSE210616_GSM6433592"
"GSE210616_GSM6433592_ACAATTTGAGCAGTGG-1",0.0348826429698652,0.074980979970196,0.0131050587301554,0.0851089661947756,0.129348823625401,0.205448221081447,0.395472414987439,0.00901803416496432,0.0526348582757565,"GSE210616_GSM6433592"
"GSE210616_GSM6433592_ACACAAAGACGGGTGG-1",0.0124780134061685,0.142532246499368,0.0311645371470766,0.0258806311820282,0.108444004287457,0.291426548445093,0.315598507502674,0.022435433980329,0.0500400775498059,"GSE210616_GSM6433592"
"GSE210616_GSM6433592_ACACACTTTCTACACG-1",0.0290442551406016,0.0891638366824312,0.00467002844020388,0.0267241978861605,0.176137282335194,0.272011143910674,0.305629369475362,0.0455277302565844,0.0510921558727884,"GSE210616_GSM6433592"
"GSE210616_GSM6433592_ACACCCAGCATGCAGC-1",0.0293591620744052,0.109384421782903,0.0197808250586788,0.0155682243887286,0.149016444344383,0.276912211355939,0.280784264111462,0.065400692663408,0.0537937542200921,"GSE210616_GSM6433592"
"GSE210616_GSM6433592_ACACCCGAGAAATCCG-1",0.0317491827657457,0.168165763345046,0.0536226887227589,0.0023175945029674,0.0400758614556219,0.396821135590354,0.245379851642241,0.00773135010129892,0.054136571873966,"GSE210616_GSM6433592"
"GSE210616_GSM6433592_ACACCTTAAGTAGGGC-1",0.0147402502161237,0.122767167424903,0.0469230303232249,0.0417521838206274,0.174168458036861,0.276040445737956,0.244859433223342,0.0298039531783387,0.0489450780386235,"GSE210616_GSM6433592"
"GSE210616_GSM6433592_ACACGAGACTCCTTCT-1",0.0251601620661104,0.0594099765522226,0.00506534595997026,0.095951818267064,0.171472788048956,0.186247361133875,0.392691169897363,0.00391974903562367,0.0600816290388147,"GSE210616_GSM6433592"
"GSE210616_GSM6433592_ACACGGGAACTTAGGG-1",0.0261647918114962,0.0812895041492198,0.00946817489541584,0.0534348392991128,0.146177750543458,0.277718056110284,0.338677055756134,0.00308745673165051,0.0639823707032292,"GSE210616_GSM6433592"
"GSE210616_GSM6433592_ACACTCCAATGTCACT-1",0.0263513293478599,0.208125538010345,0.0351389844191196,0.0123321176458502,0.159912437603204,0.251351987534084,0.253185022931362,0.00487811739357058,0.0487244651146053,"GSE210616_GSM6433592"
"GSE210616_GSM6433592_ACATAATAAGGCGGTG-1",0.0121226616319496,0.123491500382202,0.0302829799348024,0.0209886628201114,0.145607217852267,0.269826069919215,0.346917260068072,0.00471388298674466,0.0460497644046362,"GSE210616_GSM6433592"
"GSE210616_GSM6433592_ACATCGATCGTTTACC-1",0.0178572360690626,0.0307928420326742,0.00262813614520806,0.0105306067244562,0.361227661351074,0.190464016977642,0.343733062526195,0.0107650466236585,0.032001391550029,"GSE210616_GSM6433592"
"GSE210616_GSM6433592_ACATCGGTCAGCCGCG-1",0.0112899215653276,0.0940550419483783,0.0117348950062637,0.0211171113892271,0.307276121946695,0.213454331239005,0.318689171441506,8.8555949742834e-05,0.0222948495138542,"GSE210616_GSM6433592"
"GSE210616_GSM6433592_ACCAAGAACGCGTGTC-1",0.00412801419475568,0.177805313924257,0.0254540530563353,0.00193941434031972,0.0177306852949258,0.298160534508858,0.305419530970045,0.0987514401486249,0.0706110135618793,"GSE210616_GSM6433592"
"GSE210616_GSM6433592_ACCACAAGTTTCTATC-1",0.0258985609881618,0.068915790411204,0.00503366285493138,0.0721094180502216,0.258981730892509,0.214479066330082,0.267515352300875,0.00416091754725051,0.0829055006247649,"GSE210616_GSM6433592"
"GSE210616_GSM6433592_ACCAGTGCCCGGTCAA-1",0.0216666130745788,0.0722384809330315,0.00755268225095139,0.0796513427008687,0.21867486446482,0.217586423184567,0.330819285885546,0.00283616688466589,0.0489741406209711,"GSE210616_GSM6433592"
"GSE210616_GSM6433592_ACCATATCCGCAATAA-1",0.00648514357793949,0.0538893320628141,0.003144831794045,0.00255258449001895,0.310839266720035,0.202127574172228,0.391783021992589,0.000342353090753464,0.0288358920995774,"GSE210616_GSM6433592"
"GSE210616_GSM6433592_ACCATCGTATATGGTA-1",0.00701732923227918,0.079426877161844,0.00230467620706391,0.00818097131674376,0.459563224628517,0.132220327369647,0.272348808956762,0.000397464083460456,0.0385403210436828,"GSE210616_GSM6433592"
"GSE210616_GSM6433592_ACCCAACGCCCGTGGC-1",0.0218370941951919,0.098813385030601,0.0123788216803933,0.000681782531430431,0.0427136103422339,0.33135366934094,0.448986755782889,0.00328223730329579,0.039952643793024,"GSE210616_GSM6433592"
"GSE210616_GSM6433592_ACCCACCTACATGCTC-1",0.0254737923699873,0.253327168218467,0.0192916549507229,0.00530072891631332,0.00908233047103122,0.427945499536982,0.221990912728805,0.00422534211819152,0.0333625706894998,"GSE210616_GSM6433592"
"GSE210616_GSM6433592_ACCCATCTTGAGGGTA-1",0.00305983007036667,0.128517406280721,0.00188496203557229,0.0191994410622913,0.405416915936727,0.188917344587509,0.213538270344628,0.0125961744875508,0.0268696551946346,"GSE210616_GSM6433592"
"GSE210616_GSM6433592_ACCCGGTTACACTTCC-1",0.0201895108704306,0.0301982269103291,0.00430628539147826,0.0375988140251633,0.335508463864409,0.164224835318957,0.337167475029382,0.000558261261507272,0.070248127328343,"GSE210616_GSM6433592"
"GSE210616_GSM6433592_ACCCTTCATCTGCGAA-1",0.00908330572161092,0.108048054852014,0.00532506585074677,0.137842264210391,0.109178295434244,0.245116581021864,0.262342775681733,0.073686422051623,0.0493772351757734,"GSE210616_GSM6433592"
"GSE210616_GSM6433592_ACCGACTGAGTCCCAC-1",0.0180041548972294,0.0768799775468188,0.00663066196182865,0.0957639885111666,0.180021708785384,0.186273794249911,0.381626993469467,0.00293604971937872,0.0518626708588157,"GSE210616_GSM6433592"
"GSE210616_GSM6433592_ACCTAATCGACTTCCT-1",0.0020713620927353,0.16445939326276,0.029655263816436,0.00439511362331987,0.0665608040426984,0.347407744701972,0.305940817534357,0.00811571799517428,0.0713937829305468,"GSE210616_GSM6433592"
"GSE210616_GSM6433592_ACGAGAACCCATCACG-1",0.00515156051338824,0.0389630850460603,0.00070624338880244,0.000101286301949763,0.529598270751247,0.209392187822417,0.190670739732467,0.0165932378945601,0.00882338854910867,"GSE210616_GSM6433592"
"GSE210616_GSM6433592_ACGATACATAGAACTA-1",0.0278312305325293,0.0907764589021147,0.0117023482305514,0.102534245556298,0.188951579014884,0.201575510690902,0.279366735092464,0.0134724124038697,0.0837894795763871,"GSE210616_GSM6433592"
"GSE210616_GSM6433592_ACGATCATACATAGAG-1",0.0214812770725695,0.0847528982598927,0.0142465413867587,0.121663657894445,0.247107226561739,0.19179257054075,0.243664377297566,0.00667747854866839,0.0686139724376105,"GSE210616_GSM6433592"
"GSE210616_GSM6433592_ACGATGCATATGTTAT-1",0.00851666941303051,0.0995368354608909,0.0053975656261355,0.0255133002536194,0.276675868981004,0.198739741359661,0.316016389710193,0.00278857140898523,0.0668150577864807,"GSE210616_GSM6433592"
"GSE210616_GSM6433592_ACGATGGATCCGATGC-1",0.0234959137413858,0.0575385100539639,0.00700281120318048,0.11093102935535,0.282673454369272,0.160022305494929,0.298001667398045,0.00579210408867118,0.0545422042952021,"GSE210616_GSM6433592"
"GSE210616_GSM6433592_ACGCATTCGTGAGTAC-1",0.0230492652133784,0.0852232516361426,0.00829773195856707,0.042526791820888,0.232687337524413,0.191971054186638,0.32846113604972,0.00333665400043181,0.0844467776098211,"GSE210616_GSM6433592"
"GSE210616_GSM6433592_ACGCCAGATGATTTCT-1",0.0160498102661869,0.12732055668323,0.0367632947589583,0.0151905838177881,0.19394993329788,0.263180147088652,0.284174348583747,0.019158198846737,0.0442131266568203,"GSE210616_GSM6433592"
"GSE210616_GSM6433592_ACGCCGCTAGACGACC-1",0.0262336928173589,0.0675988899123995,0.00361834614857634,0.00411800929251084,0.320348853417992,0.233036930849802,0.323253522140398,0.000738711037745414,0.0210530443832173,"GSE210616_GSM6433592"
"GSE210616_GSM6433592_ACGCGAAGTCAGACGA-1",0.0763172815946265,0.105866839116926,0.0333592570934336,0.0829276661196372,0.139422339763224,0.201864396221355,0.284286893573446,0.0137427771682218,0.0622125493491313,"GSE210616_GSM6433592"
"GSE210616_GSM6433592_ACGCGGGCCAAGGACA-1",0.0210352089083651,0.0528869352107296,0.0093114705469711,0.0851695691815739,0.235793409323713,0.182221095772536,0.327826778557531,0.00490915384146817,0.0808463786571122,"GSE210616_GSM6433592"
"GSE210616_GSM6433592_ACGGAATTTAGCAAAT-1",0.0121860834299482,0.130136469643268,0.0180833164935592,0.001180601962122,0.0382331872026595,0.320561020703766,0.399396931533805,0.0443862233137893,0.0358361657170833,"GSE210616_GSM6433592"
"GSE210616_GSM6433592_ACGGCACTTGCTTGGG-1",0.0338411143324203,0.0603887668491261,0.0103519173597272,0.11654539140999,0.178067606441795,0.176608790077379,0.339992208121063,0.00497433942353179,0.079229865984968,"GSE210616_GSM6433592"
"GSE210616_GSM6433592_ACGTACAGATTTCTCT-1",0.150748370602201,0.0961892494694544,0.0255972184655309,0.187020632162988,0.171178310462429,0.12517812710259,0.18137955256663,0.0013480541626449,0.0613604850055305,"GSE210616_GSM6433592"
"GSE210616_GSM6433592_ACGTAGATTGCTGATG-1",0.0197762761494639,0.0636440452572847,0.00681902903815927,0.0604745330532419,0.206517429727191,0.212305660874297,0.353291804146713,0.00299059738577355,0.0741806243678753,"GSE210616_GSM6433592"
"GSE210616_GSM6433592_ACGTGCGCCTCGTGCA-1",0.043437958005913,0.148575309283896,0.0134555324374899,0.0269062101147316,0.0525080118727923,0.233406864144676,0.446756946764661,0.00577104323320384,0.0291821241426354,"GSE210616_GSM6433592"
"GSE210616_GSM6433592_ACGTTAATGTCGAAGA-1",0.0275960739923687,0.054400242340365,0.00605943176386303,0.128463194559617,0.262503535918785,0.159296484081765,0.312686167169285,0.00299834556429099,0.0459965246096603,"GSE210616_GSM6433592"
"GSE210616_GSM6433592_ACGTTAGATTTGCCCG-1",0.0332133585188487,0.0722677380278314,0.0109426935161285,0.0124097346873611,0.412655266593833,0.166801399581919,0.272111018108644,0.00793883659498776,0.0116599543704473,"GSE210616_GSM6433592"
"GSE210616_GSM6433592_ACGTTATTGGTCACTC-1",0.0564465539738915,0.110930732239222,0.021913399428342,0.0137100660285187,0.0956641664929954,0.408678752615987,0.205575139490893,0.031211331967066,0.0558698577630847,"GSE210616_GSM6433592"
"GSE210616_GSM6433592_ACGTTTAGTTGTGATC-1",0.00495575790703233,0.165184471300891,0.0156470013254484,0.00471161240714076,0.160022736938973,0.291793404369379,0.278185796367737,0.0378935978052728,0.041605621578126,"GSE210616_GSM6433592"
"GSE210616_GSM6433592_ACTACCAGCTCTCTGG-1",0.0125865423743327,0.0848463629675315,0.00855635280739226,0.100024297609892,0.0985246906657238,0.255467206369849,0.385983938568977,0.0045643351625783,0.0494462734737233,"GSE210616_GSM6433592"
"GSE210616_GSM6433592_ACTATATGCTGTGTTC-1",0.00753627557332283,0.0704076886245023,0.00167652255937029,0.0143432640136125,0.363007265389338,0.241977819493795,0.278778493754703,0.00538775385533133,0.0168849167360252,"GSE210616_GSM6433592"
"GSE210616_GSM6433592_ACTATTCGTCCGTGGT-1",0.0061448924966596,0.142848026594681,0.0118442311253439,0.00767077581753544,0.0436968956355804,0.38945659401993,0.316891426574405,0.00854926352771644,0.072897894208149,"GSE210616_GSM6433592"
"GSE210616_GSM6433592_ACTCAACGAATGTATT-1",0.00479219958497688,0.041191347345783,0.000381940990401455,4.31043296856718e-05,0.579401267561178,0.201762751498232,0.156255763884765,0.0107229228952386,0.00544870190973938,"GSE210616_GSM6433592"
"GSE210616_GSM6433592_ACTCAATAAAGGCACG-1",0.010530214415963,0.113229202299787,0.00356839114705272,0.00948945290126493,0.208493169613118,0.247159980139109,0.327009222622469,0.0332704955161097,0.0472498713451278,"GSE210616_GSM6433592"
"GSE210616_GSM6433592_ACTCAGACCTGCTTCT-1",0.00684740151695717,0.110363629829252,0.0113856303719431,0.0106246053919522,0.0947532934954771,0.326398687351123,0.384283001835825,0.0214746492921234,0.0338691009153471,"GSE210616_GSM6433592"
"GSE210616_GSM6433592_ACTCGTCAGTAATCCC-1",0.0195565635420955,0.054102379063185,0.00424072814871094,0.0875863594085786,0.237814158400171,0.182958518105865,0.369449246068185,0.00052143501950151,0.0437706122437084,"GSE210616_GSM6433592"
"GSE210616_GSM6433592_ACTCTTGTATAGTAAC-1",0.0248568180595698,0.0485860083878331,0.00236329691157537,0.0302390780796765,0.273726855663285,0.224712146913148,0.365982473560928,0.00348854778077448,0.0260447746432106,"GSE210616_GSM6433592"
"GSE210616_GSM6433592_ACTGCCGTCGTAACTC-1",0.0139504783850668,0.153046296309896,0.0121826908243197,0.00760437514237673,0.0925142263338926,0.301148798554167,0.36530766614868,0.00342161320980511,0.0508238550917965,"GSE210616_GSM6433592"
"GSE210616_GSM6433592_ACTGTACGATACACAT-1",0.0323847101363507,0.0638327455244434,0.00672367690981914,0.0974118037331444,0.194497200950569,0.174822293255681,0.375487272177237,0.00175739797408111,0.0530828993386735,"GSE210616_GSM6433592"
"GSE210616_GSM6433592_ACTGTAGCACTTTGGA-1",0.049453146489591,0.170997210440682,0.0274743809861735,0.0410581870366183,0.0624443399194385,0.36242978872296,0.206636041387794,0.0297583083487626,0.0497485966679797,"GSE210616_GSM6433592"
"GSE210616_GSM6433592_ACTGTATACGCGAGCA-1",0.0117641585676439,0.0606670586177437,0.00139524840825428,0.00207946687290069,0.312920328562921,0.297961764142195,0.289602206418712,0.00606492205741098,0.0175448463522177,"GSE210616_GSM6433592"
"GSE210616_GSM6433592_ACTGTCCAGGATTATA-1",0.0153834512064905,0.088092474945367,0.0108779379110398,0.013485843772044,0.191391152837834,0.273048286839497,0.340546853651685,0.00685225334211487,0.0603217454939284,"GSE210616_GSM6433592"
"GSE210616_GSM6433592_ACTGTCTTCTTTAGAA-1",0.017039366478532,0.0660403740908561,0.00628883122166743,0.0324967863795903,0.208747510825938,0.235183703473043,0.379027295580534,0.00142290611699727,0.0537532258328419,"GSE210616_GSM6433592"
"GSE210616_GSM6433592_ACTGTGCTAGTAGATC-1",0.00634429182757731,0.0764477621204256,0.00183483749062139,0.00156762814052649,0.272024541760361,0.261571389201831,0.324011897116007,0.0297347641672303,0.0264628881754192,"GSE210616_GSM6433592"
"GSE210616_GSM6433592_ACTTACCGGGCGCGCA-1",0.0217766181067297,0.0759294219285644,0.0023550721560326,0.00329851602481219,0.254592996765689,0.223630655625516,0.374274790075735,0.006603995143763,0.0375379341731573,"GSE210616_GSM6433592"
"GSE210616_GSM6433592_ACTTAGTACGACAAGA-1",0.0102516103924531,0.0792187994201475,0.00428598001732345,0.00614825660799536,0.212291069032026,0.251966709481873,0.39975150364455,0.0172824523725847,0.0188036190310474,"GSE210616_GSM6433592"
"GSE210616_GSM6433592_ACTTATTAGGATCGGT-1",0.00525714782193708,0.0465982390912005,0.00122173929966566,0.0132386422939549,0.31413008701786,0.170577652575374,0.398428250037712,0.00193905380986696,0.0486091880524289,"GSE210616_GSM6433592"
"GSE210616_GSM6433592_ACTTCGCCATACGCAC-1",0.0238901964448396,0.0814045181054587,0.00871826525085428,0.137135586374625,0.161366957730377,0.18369049085899,0.314275501947618,0.0164586238945932,0.0730598593926447,"GSE210616_GSM6433592"
"GSE210616_GSM6433592_ACTTGACTCCCTCTTT-1",0.0217815654352296,0.0473322366058453,0.00163929757885741,0.00896170574383469,0.418437358711408,0.215877733873541,0.258184120938212,0.00115859538128165,0.0266273857317899,"GSE210616_GSM6433592"
"GSE210616_GSM6433592_ACTTGGGACCCGGTGG-1",0.0451414359851403,0.113856855832183,0.016945487612816,0.0596560414895779,0.2319516834678,0.230675823822397,0.232446411255068,0.0139895071884597,0.0553367533465575,"GSE210616_GSM6433592"
"GSE210616_GSM6433592_ACTTTCCTATAGCTTC-1",0.0445572383190657,0.0696560306063573,0.0147796607614281,0.132172602186642,0.175550440857859,0.207648736685059,0.275423973511347,0.00743337876055524,0.0727779383116871,"GSE210616_GSM6433592"
"GSE210616_GSM6433592_AGAACGTGGTACATTC-1",0.024516477968209,0.0713402103259432,0.0112971688148716,0.098083820006236,0.186719383699117,0.229641728187639,0.314733468988015,0.0069267670402626,0.0567409749697053,"GSE210616_GSM6433592"
"GSE210616_GSM6433592_AGAAGGTTGCCGAATT-1",0.0136056009101869,0.0564061977137008,0.00510437875629439,0.00210381990703077,0.424888131527952,0.156175271741152,0.315783655481773,0.00118116631838246,0.0247517776435275,"GSE210616_GSM6433592"
"GSE210616_GSM6433592_AGAATGCGGGTTCGGA-1",0.020088447316554,0.128698767150996,0.0103865413689551,0.0156669825045,0.140967342300631,0.267461144200316,0.33922894998343,0.0123554552742259,0.0651463699003933,"GSE210616_GSM6433592"
"GSE210616_GSM6433592_AGACAGCTCAGAATCC-1",0.0896821226965336,0.122971894715693,0.0369649254183261,0.00364745204068193,0.226350449337116,0.25473938990732,0.209782658824141,0.000144352860961876,0.0557167541992263,"GSE210616_GSM6433592"
"GSE210616_GSM6433592_AGACCATGGGATACAA-1",0.295845043923908,0.194256993662245,0.056593703934182,0.000570441682051321,0.0159253505447236,0.290829120785124,0.0655169306283831,0.00721548005948464,0.073246934779898,"GSE210616_GSM6433592"
"GSE210616_GSM6433592_AGACCCACCGCTGATC-1",0.0211409812375376,0.0889301892025111,0.00911248605028655,0.0070134229449308,0.25811005536649,0.216864600903817,0.359129527437266,0.00391002978277173,0.0357887070743896,"GSE210616_GSM6433592"
"GSE210616_GSM6433592_AGACCCGCCCTCCTCG-1",0.0150816730215984,0.117434386699805,0.0135755689586646,0.0346160194719878,0.231806160166987,0.233041169688491,0.277955671750796,0.00809427872395542,0.0683950715177142,"GSE210616_GSM6433592"
"GSE210616_GSM6433592_AGACGGGCCGATTTAA-1",0.0294916652791579,0.0562695429657096,0.00534823944172019,0.110702605256524,0.175799724173851,0.232537124178479,0.310730732765426,0.00362466652665774,0.0754956994124738,"GSE210616_GSM6433592"
"GSE210616_GSM6433592_AGACTAGCCTTCCAGA-1",0.0172986981276097,0.131025077650058,0.0340054933521561,0.0210584202646291,0.060483086557471,0.335944118640819,0.26168312890029,0.069800064270412,0.0687019122365558,"GSE210616_GSM6433592"
"GSE210616_GSM6433592_AGAGAACCGTCTAGGA-1",0.0157833144391796,0.0805058114103295,0.00353995559810582,0.0120090482908713,0.273354185259238,0.223236342683316,0.336670970362542,0.0155509166754096,0.0393494552810086,"GSE210616_GSM6433592"
"GSE210616_GSM6433592_AGAGCGGGCTAATCAT-1",0.0363206631804726,0.113393986634082,0.0137293245745778,0.0250119403651846,0.0939515505957177,0.264773963421789,0.401967118527724,0.00905364074834599,0.0417978119521063,"GSE210616_GSM6433592"
"GSE210616_GSM6433592_AGAGCGTACAAGCTCG-1",0.0528679996804611,0.243518021847011,0.0461244226836032,0.00209028353067417,0.0158696782537443,0.358985155394881,0.168881247627701,0.00908627551308316,0.102576915468841,"GSE210616_GSM6433592"
"GSE210616_GSM6433592_AGATAACTTCAGGGCC-1",0.0163407507406711,0.127211272999176,0.0156283770857868,0.037811379458753,0.0785607455909649,0.3270985999853,0.305316314208928,0.0443140298171017,0.047718530113318,"GSE210616_GSM6433592"
"GSE210616_GSM6433592_AGATACCGGTGTTCAC-1",0.0248703375521846,0.0630282046063927,0.00595722218021076,0.0234185640722807,0.426257905117558,0.144536818542867,0.247992341489792,0.0107979882083332,0.0531406182303812,"GSE210616_GSM6433592"
"GSE210616_GSM6433592_AGATACGACTTCATAT-1",0.00501314804997676,0.0869175255226627,0.0097877169096592,0.00798853098479957,0.230724250918521,0.256208599127048,0.354530959913243,0.00162145361581793,0.0472078149582715,"GSE210616_GSM6433592"
"GSE210616_GSM6433592_AGATCGTGCATAAGAT-1",0.0223870807354096,0.0595665147462744,0.00339705724257164,0.0410787669245163,0.334517654949543,0.194297570305444,0.307029511783082,0.00630911231869352,0.0314167309944649,"GSE210616_GSM6433592"
"GSE210616_GSM6433592_AGATCTCAGGTGTGAT-1",0.0250768838108382,0.0610364778273425,0.00652546503293663,0.0736405894434604,0.21837813706395,0.194009805848329,0.35150696444535,0.00194793826117038,0.0678777382666224,"GSE210616_GSM6433592"
"GSE210616_GSM6433592_AGATGACTCGCCCACG-1",0.0200852959218222,0.112299276138444,0.0154747514067073,0.0448126560317601,0.116236531841352,0.217843622384686,0.385032414058048,0.0347261022586303,0.0534893499585497,"GSE210616_GSM6433592"
"GSE210616_GSM6433592_AGATGAGGGTTGCGAT-1",0.0358860570032025,0.0403700077882723,0.00140961676046834,0.146644820746165,0.254462404082938,0.19164365256595,0.276527918159246,0.0073941628964004,0.0456613599973578,"GSE210616_GSM6433592"
"GSE210616_GSM6433592_AGATTATAGGACGTTT-1",0.0232564057655413,0.0628726521944494,0.00239095228323447,0.0328059929630984,0.159707519202733,0.235754907667465,0.408514185370507,0.00240750501806964,0.0722898795349009,"GSE210616_GSM6433592"
"GSE210616_GSM6433592_AGCACCAGTACTCACG-1",0.025838353792302,0.105585845364392,0.0132683143334648,0.0472772995441694,0.120673433019446,0.220481586935483,0.3822204429976,0.0139332953136057,0.0707214286995373,"GSE210616_GSM6433592"
"GSE210616_GSM6433592_AGCACTTAAGGACGCC-1",0.0100830136149665,0.155390918677776,0.0128956561445487,0.0358143196410699,0.210850686198321,0.25655536933238,0.236449254841899,0.0337143519253938,0.0482464296236452,"GSE210616_GSM6433592"
"GSE210616_GSM6433592_AGCATCGTCGATAATT-1",0.0218196158926511,0.112888871516393,0.026727068693107,0.0413395743332685,0.153071932822753,0.262844224927133,0.306740703811598,0.00666511082266303,0.0679028971804338,"GSE210616_GSM6433592"
"GSE210616_GSM6433592_AGCCACTCCCGTGCTT-1",0.0446589790589326,0.0757076085583243,0.0151383686401109,0.0935981452982706,0.138953858630831,0.210290501512915,0.329743395516687,0.00348831076893705,0.0884208320149924,"GSE210616_GSM6433592"
"GSE210616_GSM6433592_AGCCCTAAGCGAAGTT-1",0.0257719883917893,0.101257512699811,0.0124435462723072,0.0678292870426909,0.17780981610259,0.241501386775548,0.319799738149562,0.00127122513192121,0.052315499433781,"GSE210616_GSM6433592"
