"","Endothelial","CAFs","PVL","B-cells","T-cells","Myeloid","Normal Epithelial","Plasmablasts","Cancer Epithelial","sid"
"GSE210616_GSM6433591_AAACATTTCCCGGATT-1",0.00220895996795571,0.102060285364111,0.000146722890032071,0.000173623393056937,2.68302704278634e-05,0.515953058544286,0.343895193169744,0.000928667367213752,0.0346066590331727,"GSE210616_GSM6433591"
"GSE210616_GSM6433591_AAACCGGGTAGGTACC-1",0.00986111262651962,0.0821152384905829,0.00362281853181965,0.00174558924289973,0.364005765131314,0.266561722236918,0.250514857014519,0.00231559172264204,0.0192573050027856,"GSE210616_GSM6433591"
"GSE210616_GSM6433591_AAACGAGACGGTTGAT-1",0.0255227000054721,0.0432136546854493,0.00870039954440365,0.0620458660648521,0.32644880420248,0.18787250503055,0.253567447137494,0.00150749225487134,0.0911211310744289,"GSE210616_GSM6433591"
"GSE210616_GSM6433591_AAAGGGATGTAGCAAG-1",0.00450713523220927,0.0504763099989907,0.000737374599411469,0.000145814516494225,0.506113621736762,0.260821524901957,0.15491115053639,0.00563011830954804,0.0166569501682377,"GSE210616_GSM6433591"
"GSE210616_GSM6433591_AAATCGTGTACCACAA-1",0.0393821768097199,0.0996475315173869,0.00856469201413771,0.00216742675586905,0.357326026412179,0.225976283573544,0.208952716208909,0.0035887785637881,0.0543943681444661,"GSE210616_GSM6433591"
"GSE210616_GSM6433591_AAATGGTCAATGTGCC-1",0.00501912897940499,0.159046990220483,0.00447276083977413,0.00135154301266736,0.166408997056533,0.348097679236335,0.27948034075937,0.00373638481876228,0.032386175076671,"GSE210616_GSM6433591"
"GSE210616_GSM6433591_AAATTAACGGGTAGCT-1",0.00782563836770707,0.063982871756462,0.00323833982936485,0.00119066479006103,0.39319173976233,0.2366032245785,0.247878757924675,0.0042330743723672,0.0418556886185329,"GSE210616_GSM6433591"
"GSE210616_GSM6433591_AACAACTGGTAGTTGC-1",0.0146060068755272,0.105881807604704,0.00249301953965247,0.000175091304564441,0.186154754588382,0.276219033888508,0.395348725490705,0.00512198033215847,0.0139995803757983,"GSE210616_GSM6433591"
"GSE210616_GSM6433591_AACACGAGACGCGGCC-1",0.00671190245214886,0.174214098809567,0.00517560650229323,0.00082865167758882,0.169684971015667,0.369963431783168,0.231167201167502,0.00029249388872296,0.0419616427033417,"GSE210616_GSM6433591"
"GSE210616_GSM6433591_AACAGGATGGGCCGCG-1",0.0146342833576768,0.266755658723597,0.00260325227183468,0.00327063979213301,0.130196357642337,0.357351061108131,0.197916545048658,0.00263256259279241,0.0246396394628394,"GSE210616_GSM6433591"
"GSE210616_GSM6433591_AACCAAGACTTCTCTG-1",0.00900714633629824,0.176511289316969,0.00921668518744748,3.40578878147003e-05,0.145426227247162,0.390632563539301,0.234997047130628,0.00364400754863048,0.0305309758057493,"GSE210616_GSM6433591"
"GSE210616_GSM6433591_AACCGAGCTTGGTCAT-1",0.0080526561821775,0.0324211120337331,0.000722808804394215,0.000196592209792846,0.554051102720445,0.222628198431712,0.15850587623444,0.0045656453184415,0.0188560080648643,"GSE210616_GSM6433591"
"GSE210616_GSM6433591_AACGATATGTCAACTG-1",0.0242655092457077,0.108834154760366,0.00908893556978289,0.0259833224685675,0.247024175982384,0.304528845633603,0.206588321412999,0.0186340519479746,0.0550526829786153,"GSE210616_GSM6433591"
"GSE210616_GSM6433591_AACGCGGTCTCCAGCC-1",0.00419943752073315,0.0281505652000385,0.000500912506470387,0.000198415253014909,0.596607506425002,0.178638117347402,0.176971038729546,0.00274500434600772,0.0119890026717848,"GSE210616_GSM6433591"
"GSE210616_GSM6433591_AACGTCAGACTAGTGG-1",0.0273306512799193,0.0695728375897462,0.00433325160047668,0.0115578215532964,0.286522702832809,0.275002541567036,0.262866159999349,0.00147383067898282,0.0613402028983844,"GSE210616_GSM6433591"
"GSE210616_GSM6433591_AACGTGCGAAAGTCTC-1",0.0309596658998444,0.043130413511376,0.0041252127420735,0.0534108703615535,0.252488045145981,0.177345820524737,0.333587831014932,0.000854172599121083,0.104097968200382,"GSE210616_GSM6433591"
"GSE210616_GSM6433591_AACTCAAGTTAATTGC-1",0.0137806678945127,0.0587855629078311,0.00517278504547086,0.000890221860937655,0.348246095984196,0.297508860391761,0.230301632872419,0.00560837762813028,0.0397057954147414,"GSE210616_GSM6433591"
"GSE210616_GSM6433591_AACTGGGTCCCGACGT-1",0.020819684853156,0.0618231084949707,0.00465995093894843,0.00332713651551572,0.417688846294517,0.245587752168892,0.201285333657667,0.0059467796776908,0.0388614073986426,"GSE210616_GSM6433591"
"GSE210616_GSM6433591_AAGACTGCAAGCTACT-1",0.020558334856209,0.0356355542962436,0.00288227187682334,0.00672778225835986,0.44850929360662,0.238831015396708,0.195492376954707,0.000793033420186773,0.0505703373341428,"GSE210616_GSM6433591"
"GSE210616_GSM6433591_AAGAGCTCTTTATCGG-1",0.0301106246462686,0.0425241059445586,0.00320453006360206,0.0110134147981163,0.3247399856436,0.282697453505985,0.225541408648631,0.00545986666626092,0.0747086100829774,"GSE210616_GSM6433591"
"GSE210616_GSM6433591_AAGAGGATGTACGCGA-1",0.00459897542611804,0.220400271300077,0.00631645394979107,5.12070815035597e-05,0.043965412810266,0.410380493019917,0.259377162002798,0.0122697811581063,0.0426402432514219,"GSE210616_GSM6433591"
"GSE210616_GSM6433591_AAGAGGCATGGATCGC-1",0.0167913467009171,0.0780657377062971,0.00680875318981698,0.00922244329138093,0.17997225996199,0.256686607563939,0.402698072589243,0.00140079944449133,0.048353979551925,"GSE210616_GSM6433591"
"GSE210616_GSM6433591_AAGATTGGCGGAACGT-1",0.0256774199751987,0.0685124305650704,0.00320741254451746,0.00312910921376784,0.37565688603638,0.258095657346002,0.196988239978747,0.0145727201863253,0.0541601241539902,"GSE210616_GSM6433591"
"GSE210616_GSM6433591_AAGCTCGTGCCAAGTC-1",0.0235915525405407,0.0621989335141129,0.00684511263458099,0.0251596285992153,0.311153127816703,0.216586943828963,0.264248580992894,0.00486097916790026,0.0853551409050898,"GSE210616_GSM6433591"
"GSE210616_GSM6433591_AAGGAGCGGTTGGTGC-1",0.0201009735776193,0.131529464003949,0.0140074472955915,0.00257745391565795,0.123334301176039,0.313781494237696,0.359330505089002,0.0106926614437028,0.0246456992607424,"GSE210616_GSM6433591"
"GSE210616_GSM6433591_AAGGATGAGGGACCTC-1",0.0128368732733773,0.106664719674291,0.00648552728697562,0.00283450996279668,0.326286687819102,0.295005946662465,0.187153260807072,0.00391976070308296,0.058812713810838,"GSE210616_GSM6433591"
"GSE210616_GSM6433591_AAGGCGCGTAAAGCTT-1",0.0288146178335089,0.061337778023709,0.00606565651532983,0.0114239245870183,0.25981033964096,0.255117108014214,0.310329909325965,0.000988848890562627,0.0661118171687322,"GSE210616_GSM6433591"
"GSE210616_GSM6433591_AAGGCTGTGCTCATCG-1",0.0106457637055395,0.14939903023119,0.0110680401831734,0.000864380243799216,0.0342167399111781,0.401938616186651,0.351472357684384,0.0192408310086172,0.0211542408454675,"GSE210616_GSM6433591"
"GSE210616_GSM6433591_AAGGTATCCTAATATA-1",0.0269385461702607,0.0512337915281225,0.00651887456235232,0.0191041567234634,0.333447225875722,0.301157094882838,0.209443238983287,0.00306422461232102,0.0490928466616331,"GSE210616_GSM6433591"
"GSE210616_GSM6433591_AAGTAGTGACGCGAGG-1",0.00491491571855479,0.183188845864704,0.00522128091692314,0.000114743811180127,0.0532369530436555,0.378015110965998,0.346468887430443,0.00330346280819057,0.0255357994403511,"GSE210616_GSM6433591"
"GSE210616_GSM6433591_AAGTGACGACCGAATT-1",0.0073168542173221,0.0827948516829696,0.00214734536877596,0.0004192164654287,0.412190657536817,0.237576554105338,0.232665305304851,0.00315460417069947,0.0217346111477979,"GSE210616_GSM6433591"
"GSE210616_GSM6433591_AATAACAACGCTCGGC-1",0.00900126183925666,0.161594167988989,0.00900198686190505,0.00018962109723302,0.190674832821205,0.31975646996229,0.284799122259853,0.0058600441668627,0.0191224930024045,"GSE210616_GSM6433591"
"GSE210616_GSM6433591_AATAGAATCTGTTTCA-1",0.0279751713929562,0.238762869756416,0.00115897928245261,0.0155686521160566,0.324761214216728,0.216229886305457,0.153467785813663,0.000185456756025341,0.0218899843602458,"GSE210616_GSM6433591"
"GSE210616_GSM6433591_AATCGCCTCAGCGCCA-1",0.0125888798889473,0.136082093034916,0.0022630917653925,0.000759923405377373,0.343492357042499,0.275777545766853,0.17548641267689,0.00212155605086037,0.0514281403682652,"GSE210616_GSM6433591"
"GSE210616_GSM6433591_AATCTGCGTTGGGACG-1",0.043172306019296,0.117590248903548,0.00820939186046781,0.0236496250247296,0.208141238925574,0.302966380983621,0.239608107794187,0.000293281433993476,0.0563694190545827,"GSE210616_GSM6433591"
"GSE210616_GSM6433591_AATGACGTAGGATGTC-1",0.0177483571363306,0.15753386478748,0.00839244316031703,0.000769055049128318,0.278550543212457,0.272842777189052,0.210836116936583,0.0271980335841183,0.0261288089445348,"GSE210616_GSM6433591"
"GSE210616_GSM6433591_AATGACTGTCAGCCGG-1",0.00558015184161429,0.0449432640033542,0.000879655308671052,0.000818575814927198,0.411171222551065,0.219822456466901,0.293373014631709,0.00206843681631555,0.0213432225654422,"GSE210616_GSM6433591"
"GSE210616_GSM6433591_AATGCAACCGGGTACC-1",0.00347676932549416,0.0237539061886728,0.000156397724577669,6.09557981906611e-05,0.64878967382445,0.161885661149235,0.155101988249662,0.0012958837390924,0.00547876400062513,"GSE210616_GSM6433591"
"GSE210616_GSM6433591_AATTAAAGGTCGGCGT-1",0.00901123311231999,0.147943715356491,0.0078375842975633,0.00178410683873686,0.298320749367582,0.28297038005602,0.191948663828293,0.012690162821691,0.0474934043213021,"GSE210616_GSM6433591"
"GSE210616_GSM6433591_AATTCATAAGGGATCT-1",0.0192906276119542,0.140503455462788,0.00315952215692561,0.00108272057681683,0.243050710026074,0.27883552040679,0.204836382406507,0.0250329836740288,0.0842080776781161,"GSE210616_GSM6433591"
"GSE210616_GSM6433591_AATTGAACGCTCTGGT-1",0.0359015049157452,0.343393993618092,0.00744066256698552,0.000172803991901064,0.0600872403747264,0.340047233442824,0.180548129351399,0.00880882023421923,0.0235996115041077,"GSE210616_GSM6433591"
"GSE210616_GSM6433591_ACAAATCGCACCGAAT-1",0.00883600551813502,0.350656253481878,0.000397855096625554,0.00307620986818613,0.107885392725636,0.242922536292405,0.228297676724725,0.00102003517783084,0.0569080351145788,"GSE210616_GSM6433591"
"GSE210616_GSM6433591_ACAAATGGTAGTGTTT-1",0.0386041615080407,0.164598982457929,0.00279324155942394,0.00989474587211305,0.306086422840417,0.231784734524387,0.190779418443276,0.00305657588873697,0.0524017169056761,"GSE210616_GSM6433591"
"GSE210616_GSM6433591_ACAACAGCATGAGCTA-1",0.0150005739884648,0.083403163527852,0.00502511334178021,0.00819469255265618,0.348936314398958,0.250944906964778,0.210263841171507,0.00741188096677533,0.0708195130872296,"GSE210616_GSM6433591"
"GSE210616_GSM6433591_ACAAGGACAAGAGGTT-1",0.0168797641808113,0.185204180215564,0.00420076231025895,0.00235164403582061,0.155440819284611,0.311692991102774,0.30218064714738,0.000364144465936174,0.0216850472568443,"GSE210616_GSM6433591"
"GSE210616_GSM6433591_ACAAGGGCAGGCTCTG-1",0.0114235962303623,0.154726644397273,0.00630052817969351,0.0136546610522187,0.221726569733896,0.307530695803028,0.197644488990982,0.0132131015987948,0.0737797140137515,"GSE210616_GSM6433591"
"GSE210616_GSM6433591_ACAATAGTCGTACGTT-1",0.0122223887788075,0.116031450982422,0.00589206017788423,0.00235497468284579,0.235770971722268,0.326650525639239,0.256720977550628,0.00352198931422883,0.040834661151677,"GSE210616_GSM6433591"
"GSE210616_GSM6433591_ACAATCCATTTAAACC-1",0.00528973107860316,0.276897074519573,0.0138994614431212,3.24577018479626e-05,0.0307793270346885,0.369199585039307,0.278944696380876,0.000543807850779347,0.0244138589512037,"GSE210616_GSM6433591"
"GSE210616_GSM6433591_ACAATTTGAGCAGTGG-1",0.0110805534197134,0.103165024093599,0.00251182452014287,0.03663583366788,0.460898628600185,0.210125568823899,0.140893058980816,0.00100840482662606,0.0336811030671392,"GSE210616_GSM6433591"
"GSE210616_GSM6433591_ACACAAAGACGGGTGG-1",0.00504462814487719,0.0685505391362409,0.00158213093706438,0.00107423172937934,0.368628799290879,0.240329992770999,0.292399857831344,0.00500689231765664,0.0173829278415588,"GSE210616_GSM6433591"
"GSE210616_GSM6433591_ACACCCAGCATGCAGC-1",0.0119682623099902,0.0594781153488981,0.00333305985035723,0.00560865832674555,0.308650577953941,0.236499557008127,0.343687427319408,0.00195056928015743,0.0288237726023754,"GSE210616_GSM6433591"
"GSE210616_GSM6433591_ACACCTTAAGTAGGGC-1",0.00993026527580527,0.0962933793442242,0.00587746502858729,0.000770931923292564,0.232743221520834,0.297865625262904,0.323904969129403,0.00209801144255907,0.0305161310723904,"GSE210616_GSM6433591"
"GSE210616_GSM6433591_ACACGAGACTCCTTCT-1",0.0237156295230182,0.0532735367075019,0.00604932003017601,0.0103363479182218,0.420344343004795,0.226685134720935,0.200600789085265,0.0036852072211832,0.0553096917889042,"GSE210616_GSM6433591"
"GSE210616_GSM6433591_ACACGGGAACTTAGGG-1",0.019869387804901,0.0731399466761124,0.00709247337406187,0.00252543724185015,0.360425512756687,0.252077594929797,0.215138323556668,0.00118350423444413,0.0685478194254794,"GSE210616_GSM6433591"
"GSE210616_GSM6433591_ACATAATAAGGCGGTG-1",0.00473771235700007,0.107847099193684,0.00242362778740724,0.000540747725042887,0.420336453845144,0.289186180201253,0.150680959053093,0.00429038326922248,0.0199568365681532,"GSE210616_GSM6433591"
"GSE210616_GSM6433591_ACATCGGTCAGCCGCG-1",0.0193135876834853,0.105085824601023,0.0106308311158881,0.00321253303279694,0.192445979624574,0.289252655977992,0.284237235820869,0.0278467432602053,0.0679746088831668,"GSE210616_GSM6433591"
"GSE210616_GSM6433591_ACATCGTATGCAATGG-1",0.00312733844289872,0.254767346170026,0.000200691914517006,0.000866836056384078,0.208866184523316,0.230112636562255,0.230366685871518,0.0239865788909272,0.0477057015681571,"GSE210616_GSM6433591"
"GSE210616_GSM6433591_ACCACAAGTTTCTATC-1",0.00723384802268203,0.118900198479945,0.00307140304061484,0.000498081551075186,0.291811103450548,0.258384429215043,0.289361432731251,0.00691857462082043,0.0238209288880198,"GSE210616_GSM6433591"
"GSE210616_GSM6433591_ACCCAACGCCCGTGGC-1",0.0196815596830822,0.115173891046527,0.00581719842581608,0.00127598949330541,0.32826045389578,0.30940397087312,0.154672005455615,0.00670030656963606,0.0590146245571189,"GSE210616_GSM6433591"
"GSE210616_GSM6433591_ACCCATCTTGAGGGTA-1",0.00345866696660924,0.0854683284792357,0.0010318956321202,0.000272781990461661,0.24817291234294,0.345065775169891,0.294552467644284,0.00558599375368448,0.0163911780207738,"GSE210616_GSM6433591"
"GSE210616_GSM6433591_ACCCTCCCTTGCTATT-1",0.00530254311406317,0.332840262262853,0.00424959825213868,0.00111042885087762,0.115861623794342,0.282456067407948,0.23298435369707,0.000517355060042594,0.024677767560665,"GSE210616_GSM6433591"
"GSE210616_GSM6433591_ACCGACTGAGTCCCAC-1",0.00660440107706096,0.0304097734878825,0.00038321171398394,0.000265299627546076,0.537595391355059,0.198872961696551,0.20906343897291,0.00254602779931823,0.0142594942696876,"GSE210616_GSM6433591"
"GSE210616_GSM6433591_ACCTAATCGACTTCCT-1",0.0125590829582056,0.116076529093185,0.002633131902081,0.000919425242175444,0.21665612045973,0.282078752543491,0.33961759229162,0.0156127770797716,0.0138465884297397,"GSE210616_GSM6433591"
"GSE210616_GSM6433591_ACGATACATAGAACTA-1",0.0118519078006502,0.152575789417515,0.00866075141968391,0.00101016140465085,0.128575675077947,0.37614696283896,0.23009659017533,0.021809065081132,0.0692730967841313,"GSE210616_GSM6433591"
"GSE210616_GSM6433591_ACGATCATACATAGAG-1",0.00378055106024071,0.0562394336757045,0.00112741601182516,0.000222589492358576,0.435719779797859,0.280477251679615,0.19087862351752,0.0142381539928054,0.0173162007720714,"GSE210616_GSM6433591"
"GSE210616_GSM6433591_ACGATGCATATGTTAT-1",0.0178792276647881,0.0761344702182882,0.00487941944182245,0.00111850948565644,0.159888353175504,0.370972173452101,0.326980468940244,0.00555839660555955,0.0365889810160359,"GSE210616_GSM6433591"
"GSE210616_GSM6433591_ACGCATTCGTGAGTAC-1",0.0160295003120772,0.0603369325690654,0.00574872896148894,0.00605498685850668,0.34744465737289,0.232399599123041,0.241941118466438,0.00385512800100311,0.0861893483354893,"GSE210616_GSM6433591"
"GSE210616_GSM6433591_ACGCCGCTAGACGACC-1",0.0104049953905288,0.160958548364587,0.0154228879725338,0.00105862926201685,0.224431056922026,0.305524488849736,0.238506069441304,0.000230890552897444,0.0434624332443708,"GSE210616_GSM6433591"
"GSE210616_GSM6433591_ACGCGCTACACAGGGT-1",0.0116743515190604,0.190576252929078,0.0215017920544037,0.00102435990914396,0.132533070872539,0.346640917757607,0.253847697382888,0.0119754071766015,0.0302261503986786,"GSE210616_GSM6433591"
"GSE210616_GSM6433591_ACGCGGGCCAAGGACA-1",0.0273653582976406,0.0871814507546653,0.0112842124910487,0.0189075169095628,0.270621869310286,0.248280249244258,0.230592458344471,0.00411490311448569,0.101651981533582,"GSE210616_GSM6433591"
"GSE210616_GSM6433591_ACGGCGACGATGGGAA-1",0.00945284770604417,0.236280008879276,0.0113510684158181,0.0172782384386528,0.324783794804569,0.205382700594917,0.132222989601374,0.0171665175160535,0.0460818340432956,"GSE210616_GSM6433591"
"GSE210616_GSM6433591_ACGTAGATTGCTGATG-1",0.022382293018986,0.0580122156194745,0.00626565982099456,0.00763157422616027,0.318192316388146,0.244279854806426,0.250908138332418,0.00251261222134939,0.0898153355660462,"GSE210616_GSM6433591"
"GSE210616_GSM6433591_ACGTTAATGTCGAAGA-1",0.018888062947076,0.108980412133187,0.0128763168822762,0.00580808833528417,0.33331069771025,0.223655214234016,0.214082677890453,0.000583793186952616,0.0818147366805057,"GSE210616_GSM6433591"
"GSE210616_GSM6433591_ACGTTAGATTTGCCCG-1",0.00811617591025525,0.205486527807497,0.015346923406987,0.000693044904895727,0.0774010297406413,0.366901691771121,0.245550971566534,0.0062965640264996,0.0742070708655687,"GSE210616_GSM6433591"
"GSE210616_GSM6433591_ACTACCAGCTCTCTGG-1",0.0212020952441304,0.151131056669086,0.0100412917790414,0.00222360259740215,0.233738344935607,0.256912155672842,0.284081906031335,0.00249431730851609,0.0381752297620407,"GSE210616_GSM6433591"
"GSE210616_GSM6433591_ACTCAATAAAGGCACG-1",0.00347677992805343,0.116569912797673,0.00540224436018768,0.000493225467021791,0.326453021114131,0.311699046239579,0.196778496365394,0.00448922577101936,0.0346380479569411,"GSE210616_GSM6433591"
"GSE210616_GSM6433591_ACTCGTCAGTAATCCC-1",0.0451369762217861,0.0580789962852358,0.0097609454342284,0.0773778302641625,0.156648769817102,0.233516449323131,0.314933429616692,0.00579175170864798,0.098754851329015,"GSE210616_GSM6433591"
"GSE210616_GSM6433591_ACTCTCTGACTTAGGT-1",0.029702856846695,0.201606271325495,0.0235134806090784,0.000311231875219397,0.0473028090510534,0.406114989148068,0.187700774808542,0.0420015179435221,0.0617460683923265,"GSE210616_GSM6433591"
"GSE210616_GSM6433591_ACTCTTGTATAGTAAC-1",0.0188964536272771,0.121488762484072,0.00450069420868691,0.00465816239856758,0.237299783535958,0.29170138129621,0.244884529161836,0.00433788592925535,0.0722323473581366,"GSE210616_GSM6433591"
"GSE210616_GSM6433591_ACTGAATGGCGAAAGT-1",0.00837562019008218,0.174607790874843,0.000942155900312732,0.000992896225306476,0.410382990806304,0.167190789167942,0.164636194099947,0.000161938356501062,0.0727096243787616,"GSE210616_GSM6433591"
"GSE210616_GSM6433591_ACTGTACGATACACAT-1",0.016974051012375,0.106779870124365,0.00626547768180009,0.00568980378246929,0.352792907842173,0.266337848771438,0.200244297497292,0.00155741961691613,0.0433583236711723,"GSE210616_GSM6433591"
"GSE210616_GSM6433591_ACTGTAGCACTTTGGA-1",0.00953501369209142,0.189615809144419,0.00258027844955656,0.000340720580198744,0.244177133384354,0.294055675342621,0.224380245339453,0.00258008376189304,0.0327350403054133,"GSE210616_GSM6433591"
"GSE210616_GSM6433591_ACTGTCCAGGATTATA-1",0.00593174224716985,0.0808608353555313,0.0043689017635698,0.000909173122450684,0.28808272458911,0.29956337587061,0.269955714725429,0.00765112091179219,0.0426764114143368,"GSE210616_GSM6433591"
"GSE210616_GSM6433591_ACTGTCTTCTTTAGAA-1",0.010996081401575,0.0861312603469032,0.00761416788671859,0.0060861793764535,0.315593646238195,0.293601935097112,0.22966113756587,0.0104681122756319,0.0398474798115404,"GSE210616_GSM6433591"
"GSE210616_GSM6433591_ACTTATACTTACCCGG-1",0.0160600134765167,0.16390207455791,0.00195461773154462,0.015021396540179,0.412988483597501,0.147237041008235,0.178614011169456,0.0121754026585457,0.0520469592601116,"GSE210616_GSM6433591"
"GSE210616_GSM6433591_ACTTCAGGCTGATCCC-1",0.103074509001207,0.163292205184863,0.0228389903985326,0.00155427797600573,0.0416742901930714,0.300257186739602,0.294995417473864,0.00322618562931905,0.0690869374035364,"GSE210616_GSM6433591"
"GSE210616_GSM6433591_ACTTCGCCATACGCAC-1",0.0229812170220197,0.0824897430036705,0.00550899513984334,0.0180585733356316,0.29174510539793,0.2873067479281,0.216217594000568,0.000982933708201014,0.0747090904640354,"GSE210616_GSM6433591"
"GSE210616_GSM6433591_ACTTGACTCCCTCTTT-1",0.023869812338019,0.167883181976428,0.00586295731204718,0.0126755842408792,0.237187894263865,0.296092633081586,0.199280539545295,0.00767316181379115,0.0494742354280895,"GSE210616_GSM6433591"
"GSE210616_GSM6433591_ACTTGGGACCCGGTGG-1",0.0104869141498469,0.121607350970123,0.007252659682997,0.000849905032018962,0.266161735429941,0.261309288061016,0.296406802096839,0.00857121639658071,0.0273541281806378,"GSE210616_GSM6433591"
"GSE210616_GSM6433591_ACTTTCCTATAGCTTC-1",0.00883739129419223,0.131171809430574,0.00669415860934385,0.000769462532977927,0.171753952203466,0.391051545441882,0.230901674342413,0.011555545245222,0.0472644608999293,"GSE210616_GSM6433591"
"GSE210616_GSM6433591_AGAACGTGGTACATTC-1",0.0260453996947132,0.0635335011389184,0.00731238018535265,0.00373260735471626,0.280258753529176,0.276412172007274,0.255752593547669,0.0040292027630287,0.0829233897791516,"GSE210616_GSM6433591"
"GSE210616_GSM6433591_AGAAGAGCGCCGTTCC-1",0.0069032331102044,0.104698235455467,0.000876216883514596,0.0177785987783348,0.691507541939591,0.0927165736744046,0.000627309118794341,5.97611735351033e-06,0.0848863149223357,"GSE210616_GSM6433591"
"GSE210616_GSM6433591_AGACCCGCCCTCCTCG-1",0.00329905354815565,0.0722877248933219,0.00124212067447803,0.000140393493155322,0.404901679109054,0.270203441666914,0.221379492330493,0.00852614766302619,0.0180199466214028,"GSE210616_GSM6433591"
"GSE210616_GSM6433591_AGACTAGCCTTCCAGA-1",0.0133809515140063,0.14981711466927,0.0134014742791131,0.00223953124289307,0.105098518102232,0.313640246814239,0.327167062836208,0.00858422617371142,0.0666708743683271,"GSE210616_GSM6433591"
"GSE210616_GSM6433591_AGAGAACCGTCTAGGA-1",0.0163225311405467,0.110668414136332,0.00700176405856886,0.00543382068959621,0.303669754313567,0.309333229495363,0.199548600236881,0.00461969612949185,0.043402189799652,"GSE210616_GSM6433591"
"GSE210616_GSM6433591_AGATAACTTCAGGGCC-1",0.0207561758349623,0.0844719116135685,0.00493454221128116,0.0141219978867884,0.12606856536267,0.328759091280418,0.37775309759241,0.00373592633432184,0.0393986918835793,"GSE210616_GSM6433591"
"GSE210616_GSM6433591_AGATACCGGTGTTCAC-1",0.0350703589229503,0.141244961469046,0.0323732695018645,0.00937730542413727,0.155218182375902,0.288341093179397,0.261876529609376,0.0127710863653473,0.0637272131519799,"GSE210616_GSM6433591"
"GSE210616_GSM6433591_AGATACTCAAGATCGA-1",0.00563464161940808,0.187354004637094,0.00305352964553745,0.000361624957934164,0.0929011705048149,0.391548072770646,0.173861710872576,0.0459032382341027,0.0993820067578866,"GSE210616_GSM6433591"
"GSE210616_GSM6433591_AGATCTCAGGTGTGAT-1",0.0310837913655664,0.0833778649838502,0.00817808537910212,0.0123530283498829,0.349114633030967,0.269377985890636,0.180837557459732,0.00239862326159342,0.0632784302786698,"GSE210616_GSM6433591"
"GSE210616_GSM6433591_AGATGACTCGCCCACG-1",0.0115507061353129,0.0550961739824698,0.00218327232707355,0.00122329300493824,0.409522221171718,0.245784808929341,0.25156301171137,0.002267146698373,0.0208093660394039,"GSE210616_GSM6433591"
"GSE210616_GSM6433591_AGCACCAGTACTCACG-1",0.00433497554769875,0.0426409920801717,0.00107712789721089,0.000666000711880437,0.515034716054964,0.201025947446726,0.208294665748041,0.00340970978785261,0.0235158647254545,"GSE210616_GSM6433591"
"GSE210616_GSM6433591_AGCACTTAAGGACGCC-1",0.0181925143227182,0.158698947740527,0.0130591689419962,0.00126814467007088,0.106574277418417,0.314419238337127,0.340441584513835,0.000505517603768017,0.0468406064515411,"GSE210616_GSM6433591"
"GSE210616_GSM6433591_AGCATCGTCGATAATT-1",0.0150169458454068,0.0494706185292631,0.00140003826533198,0.00459902916670501,0.370945486526072,0.222438804439412,0.30941304647254,0.00320703032605043,0.0235090004292192,"GSE210616_GSM6433591"
"GSE210616_GSM6433591_AGCCACTCCCGTGCTT-1",0.00346942866659217,0.137092016127725,0.00588481053742048,0.00106511046880704,0.0755316532567609,0.42436545512669,0.255764923733373,0.00456706564760198,0.0922595364350285,"GSE210616_GSM6433591"
"GSE210616_GSM6433591_AGCCCATACATGTAAG-1",0.00899343132784457,0.0955996017957934,0.00143153620550599,0.000355529073808779,0.365408924263435,0.242388919859736,0.264035269384058,0.0088849512866306,0.0129018368031875,"GSE210616_GSM6433591"
"GSE210616_GSM6433591_AGCGACCAACGATATT-1",0.0039577839824253,0.0794080678980102,0.0019402341003829,0.000139158428810831,0.381162632207793,0.248235418173666,0.260809824376389,0.00523134403884093,0.0191155367936821,"GSE210616_GSM6433591"
"GSE210616_GSM6433591_AGCTCTAGACGTTCCA-1",0.0141168589834535,0.133057704007635,0.00743138683449055,0.00295278707503008,0.326343006942655,0.302472354667206,0.126400273316426,0.028478124843489,0.0587475033296142,"GSE210616_GSM6433591"
"GSE210616_GSM6433591_AGCTCTTCCCAGTGCA-1",0.0111289433384681,0.118033058574727,0.0111590517239417,0.00481426633199161,0.154851453045574,0.375135991165831,0.255026980518608,0.000788811098267549,0.0690614442025907,"GSE210616_GSM6433591"
"GSE210616_GSM6433591_AGCTCTTTACTCAGTT-1",0.0175090145613583,0.160734697741993,0.00435852369250734,0.00218993502203946,0.242637778741025,0.267218504635293,0.269684490310361,0.0119645883190366,0.0237024669763852,"GSE210616_GSM6433591"
"GSE210616_GSM6433591_AGCTGAAGTAAACCAA-1",0.0223227111887711,0.114916000749831,0.00858483752804563,0.00165824986867859,0.257577567378993,0.311570895535923,0.237779558012809,0.000959814452380444,0.044630365284568,"GSE210616_GSM6433591"
"GSE210616_GSM6433591_AGCTTGATCTTAACTT-1",0.0131326986233583,0.139608670199202,0.004161514244249,0.00112491862963319,0.242393661982343,0.300642550711518,0.246985292576327,0.00769857862878585,0.0442521144045838,"GSE210616_GSM6433591"
"GSE210616_GSM6433591_AGGACAGTCGAATCCC-1",0.0222145309105048,0.111836079843026,0.00619741691252134,0.000982219580045813,0.408231251654145,0.205312307326465,0.0963145576799544,0.105981622480494,0.0429300136128435,"GSE210616_GSM6433591"
"GSE210616_GSM6433591_AGGCAGATGCGTAAAC-1",0.0283800532770671,0.108207576544529,0.0234943561616032,0.00213116966547786,0.225772150913301,0.310533811898382,0.221800759098854,0.00100462779036553,0.0786754946504206,"GSE210616_GSM6433591"
"GSE210616_GSM6433591_AGGCCACCCGTTATGA-1",0.00926820718710102,0.265681971054134,0.00901916427921311,0.00289333690128135,0.0979999215603345,0.310132693093107,0.281357541625621,0.00461642098503234,0.0190307433141759,"GSE210616_GSM6433591"
"GSE210616_GSM6433591_AGGCTATGGTTAGCTT-1",0.0329067701814515,0.10625938433084,0.0107411170735224,0.00641889940604708,0.183951146056961,0.344458706410627,0.259802771456735,0.00246605124405183,0.0529951538397648,"GSE210616_GSM6433591"
"GSE210616_GSM6433591_AGGGCGAGCAGCTGAT-1",0.0158437009999192,0.113429407463901,0.00535268773195227,0.000754602844589728,0.323370000527475,0.306176503065664,0.206519712054433,0.000801734808199992,0.027751650503865,"GSE210616_GSM6433591"
"GSE210616_GSM6433591_AGGGCTGCAGTTACAG-1",0.0286073221330942,0.0638047080821406,0.00496723191828051,0.0304930757518154,0.240871200454198,0.27794958325802,0.25831102438905,0.0022273287310264,0.0927685252823756,"GSE210616_GSM6433591"
"GSE210616_GSM6433591_AGGGTTCCCTTTGGTT-1",0.00783146166488644,0.135600643931346,0.00576869437555856,0.00140661433721348,0.215943794906151,0.347951219974311,0.170548045016256,0.0208890946756112,0.0940604311186662,"GSE210616_GSM6433591"
"GSE210616_GSM6433591_AGGGTTTAGTTCGGGA-1",0.0371042148149991,0.0914935593031344,0.00608624414610698,0.0113938213487743,0.271350005669632,0.249009215976584,0.244774901704263,0.00886748830484348,0.0799205487316623,"GSE210616_GSM6433591"
"GSE210616_GSM6433591_AGGTAGGTACAAAGCT-1",0.0046816370494697,0.32653114907393,0.00609533148464645,7.22083348702456e-05,0.0435861801229238,0.392497732789351,0.203636348735,0.00574674605321714,0.0171526663565915,"GSE210616_GSM6433591"
"GSE210616_GSM6433591_AGGTTGAGGCACGCTT-1",0.0132325447302619,0.0959717518755839,0.00541778591560379,0.00321796410653787,0.378809533392014,0.272071794879485,0.179054439035649,0.0107988680205329,0.0414253180443322,"GSE210616_GSM6433591"
"GSE210616_GSM6433591_AGGTTTCACACACCTT-1",0.0148530704361061,0.104339010039465,0.00267863521255131,0.00683515714533631,0.383355060821544,0.220163848173492,0.218888199055786,0.00427712079155289,0.0446098983241659,"GSE210616_GSM6433591"
"GSE210616_GSM6433591_AGTACGGGCACCTGGC-1",0.0108922642678656,0.134355807139225,0.00257685648433288,0.00377638216721209,0.283721169929687,0.320216037473054,0.18816851541967,0.0120127634153623,0.0442802037035904,"GSE210616_GSM6433591"
"GSE210616_GSM6433591_AGTCGACGGTCTCAAG-1",0.0334145685492115,0.134935569484078,0.0129746659839295,0.0017502230505445,0.283979098796627,0.23509713114211,0.265089401122494,0.000206397212971925,0.0325529446580333,"GSE210616_GSM6433591"
"GSE210616_GSM6433591_AGTCGGCCCAAACGAC-1",0.0241299575746277,0.0994162196740583,0.00554201639310387,0.0154867958016667,0.255480331694997,0.254351495251323,0.296314745255884,0.000832767317726579,0.0484456710366131,"GSE210616_GSM6433591"
"GSE210616_GSM6433591_AGTCTTCTCCTCAAAT-1",0.00505876577646701,0.056802117911869,0.00161204879573162,0.000316192150229178,0.47962363955678,0.256318699414034,0.173748144930074,0.00925054682232398,0.0172698446424913,"GSE210616_GSM6433591"
"GSE210616_GSM6433591_AGTGAGACTTCCAGTA-1",0.0394781220368737,0.161933112856505,0.0033128112127293,0.00563470185074034,0.0374891578916293,0.321179015018013,0.363548860650169,0.00161445439554197,0.0658097640877983,"GSE210616_GSM6433591"
"GSE210616_GSM6433591_AGTGATTCAAGCAGGA-1",0.0489541252115082,0.13281480800628,0.014662239625307,0.0552653277806927,0.31512545569445,0.208793854853086,0.189648713750942,0.00382201413382976,0.0309134609439043,"GSE210616_GSM6433591"
"GSE210616_GSM6433591_AGTGCTTGCACGAATA-1",0.0174152454012884,0.0913897558027034,0.00345083041772766,0.00106158277125087,0.381948462082338,0.278738313337528,0.202473421816242,0.000314309758433059,0.0232080786124885,"GSE210616_GSM6433591"
"GSE210616_GSM6433591_AGTTAAACACTTGCGA-1",0.00888359141587195,0.0857453966046499,0.00457068363110244,0.00761759685259484,0.319258488982237,0.243340645426518,0.279023094460418,0.00135711981945267,0.0502033828071559,"GSE210616_GSM6433591"
"GSE210616_GSM6433591_AGTTCCTACAGAATTA-1",0.0174064760328027,0.133430424916318,0.00511082427397231,0.000769797672791111,0.218485468251777,0.306567327658509,0.288378246480513,0.00473948218393633,0.0251119525293811,"GSE210616_GSM6433591"
"GSE210616_GSM6433591_ATAAAGGCTCGGTCGT-1",0.00969613576883627,0.129339410527433,0.0140659871193375,0.0033482676963273,0.160193873586018,0.308826364209157,0.338359678052414,0.00445973863675084,0.0317105444037263,"GSE210616_GSM6433591"
"GSE210616_GSM6433591_ATAAATATTAGCAGCT-1",0.0200917347235771,0.122512958414855,0.00508330301102118,0.000795203866978219,0.0684849364740717,0.348699421188728,0.382411254343492,0.0038093895242095,0.0481117984530669,"GSE210616_GSM6433591"
"GSE210616_GSM6433591_ATAACGCCGGAGGGTC-1",0.0127637733989099,0.117364743423164,0.00866722544658838,0.00168494313937018,0.290667363938427,0.256651790128087,0.285435689596269,0.000107567922088505,0.0266569030070948,"GSE210616_GSM6433591"
"GSE210616_GSM6433591_ATAACGGAGTCCAACG-1",0.0237704994328639,0.0829738252307502,0.0069351779203552,0.00413647774121213,0.330069683502814,0.280050931683404,0.199559202068841,0.00907187165542393,0.0634323307643363,"GSE210616_GSM6433591"
"GSE210616_GSM6433591_ATACCACGGGCAACTT-1",0.00560653816728998,0.267148016777987,0.011415293736231,0.000517253158490874,0.0931955557284208,0.352625759748358,0.229667496163849,0.0207673775554192,0.0190567089639542,"GSE210616_GSM6433591"
"GSE210616_GSM6433591_ATACGCCGGCGAAACC-1",0.00868993434797804,0.156318952008676,0.00998804996546943,0.002808900907456,0.236135363808006,0.265298821267385,0.232790126902275,0.0226874531869195,0.0652823976058352,"GSE210616_GSM6433591"
"GSE210616_GSM6433591_ATACGGGTTTCGATTG-1",0.0117319531832058,0.112499511000017,0.0144374930961892,0.0029494823042321,0.270695242713172,0.325568736248966,0.194093807705157,0.00961293549974742,0.0584108382493136,"GSE210616_GSM6433591"
"GSE210616_GSM6433591_ATACGTACTTAGCCAC-1",0.0116218273938096,0.0885648133177688,0.0323613219791901,0.00785579782389751,0.410298606679654,0.18220833296344,0.248762097596033,0.000309012086145819,0.0180181901600611,"GSE210616_GSM6433591"
"GSE210616_GSM6433591_ATACGTCCACTCCTGT-1",0.0519823964372728,0.221600212988515,0.0452280441477442,0.000404276015887665,0.233275870964403,0.257003772919983,0.163431819158493,0.000351335191205273,0.0267222721764966,"GSE210616_GSM6433591"
"GSE210616_GSM6433591_ATACTAGCATGACCCT-1",0.00585143948619569,0.0732685618652639,0.00160897254081652,0.00223474667944875,0.459469195091837,0.233086346006845,0.194719936415541,0.00286391451863373,0.0268968873954181,"GSE210616_GSM6433591"
"GSE210616_GSM6433591_ATAGACGAAGAGAAAG-1",0.0191736096849089,0.113577435541638,0.00816181124322781,0.00678209466051344,0.0916006567903522,0.316308953645873,0.396147235304475,0.00668201098809216,0.0415661921409194,"GSE210616_GSM6433591"
"GSE210616_GSM6433591_ATAGAGTACTGGGACA-1",0.00523307380444447,0.121916303801414,0.00508797324243334,0.000156606553817602,0.277620068770184,0.306995113286548,0.249440156432743,0.00194069166896971,0.0316100124394461,"GSE210616_GSM6433591"
"GSE210616_GSM6433591_ATAGGGATATCCTTGA-1",0.0142246092881522,0.0902025997692485,0.00863210883355216,0.00315398535975776,0.347295182780773,0.263491228794491,0.21239442050175,0.00660051308851154,0.0540053515837636,"GSE210616_GSM6433591"
"GSE210616_GSM6433591_ATAGGTTGGGCAGATG-1",0.00903620871367505,0.0309036524280619,0.000922160933524339,0.000466111385631114,0.549660100728679,0.19960379585322,0.190378317474834,0.00367289522555218,0.0153567572568221,"GSE210616_GSM6433591"
"GSE210616_GSM6433591_ATATCTCCCTCGTTAA-1",0.0208089208662936,0.0675260138392476,0.00299205963834599,0.0328316436671713,0.388055805521628,0.258850991999611,0.206400624118908,0.00119803159532097,0.0213359087534738,"GSE210616_GSM6433591"
"GSE210616_GSM6433591_ATATCTTAGGGCCTTC-1",0.0213254000216283,0.106630757922611,0.00500485436816498,0.010147080666381,0.358992366800662,0.236464875162553,0.20642529239372,0.00869573469140548,0.0463136379728755,"GSE210616_GSM6433591"
"GSE210616_GSM6433591_ATATTTAACCCTCAAG-1",0.00434626545393891,0.120598059683919,0.00624202385413033,0.000704850841515159,0.160343789849959,0.329744501285435,0.332671882475853,0.0133678204673705,0.0319808060878791,"GSE210616_GSM6433591"
"GSE210616_GSM6433591_ATCAATCTGGGCTGCA-1",0.026581490787416,0.055050339203082,0.00579971150972127,0.0203594337730031,0.307499953034562,0.254030661456701,0.234149484702932,0.00383757097682994,0.0926913545557526,"GSE210616_GSM6433591"
"GSE210616_GSM6433591_ATCACATTAGAATATC-1",0.0232999510552365,0.131443188372882,0.00755773931196538,0.00197085768751559,0.267713699422381,0.312252754189712,0.196078845404325,0.00471588029583744,0.0549670842601453,"GSE210616_GSM6433591"
"GSE210616_GSM6433591_ATCACTTCATCCTCGC-1",0.0179367906832673,0.0824647936987368,0.00607659691883159,0.00201517212708206,0.406314752043518,0.243214248607722,0.185669007355772,0.00575130084842938,0.0505573377166404,"GSE210616_GSM6433591"
"GSE210616_GSM6433591_ATCAGTAGGCAGGGAT-1",0.0228894379220295,0.070456722791326,0.013076586440999,0.00233487077976529,0.347321277017799,0.291582610452793,0.198036883413225,0.0101109259005087,0.0441906852815544,"GSE210616_GSM6433591"
"GSE210616_GSM6433591_ATCCAACGCAGTCATA-1",0.0224928641726879,0.0748346574106492,0.00638996402794422,0.0176874452649167,0.272042098773825,0.247588226050658,0.307724330931413,0.00315651323779676,0.0480839001301089,"GSE210616_GSM6433591"
"GSE210616_GSM6433591_ATCCAATGGAGGGTCC-1",0.00717520054110877,0.108912548325957,0.00546111344696244,0.00171257357446961,0.28717397013204,0.336730261281697,0.233949863649445,0.00119935830153228,0.0176851107467882,"GSE210616_GSM6433591"
"GSE210616_GSM6433591_ATCCAGGATTCGTGAA-1",0.0120033034736363,0.0950885364515729,0.00255057042066381,0.00843771165289738,0.271852822701936,0.252258555367076,0.292197350335758,0.013524398716227,0.0520867508802322,"GSE210616_GSM6433591"
"GSE210616_GSM6433591_ATCCTGAATCGCTGCG-1",0.0123362331690638,0.166708840486944,0.0129170796922326,0.00124396304852932,0.0431015663037899,0.357127474689125,0.373147752349609,0.00367134119799044,0.0297457490627161,"GSE210616_GSM6433591"
"GSE210616_GSM6433591_ATCGACTCTTTCCGTT-1",0.00536325963207003,0.0580053701563454,0.000988920287423165,0.000403536823228681,0.505325592824993,0.217706927494198,0.197383887273033,0.000454961468635059,0.0143675440400735,"GSE210616_GSM6433591"
"GSE210616_GSM6433591_ATCGCACGCCGGGAGA-1",0.00495587111283371,0.0492397356966722,0.000855004716853722,0.000236585151830898,0.476111168464892,0.202508098124432,0.246678795613822,0.00424482278887299,0.0151699183297905,"GSE210616_GSM6433591"
"GSE210616_GSM6433591_ATCTGGTTAAGACTGT-1",0.0217119134815549,0.0763883154518657,0.00656178344113127,0.00405980483777038,0.425686098840458,0.226654925603158,0.176219122050314,0.00564159276095939,0.0570764435327882,"GSE210616_GSM6433591"
"GSE210616_GSM6433591_ATCTTGACCTGCAACG-1",0.0135884158141847,0.129634863437865,0.00701913875009607,0.00128445317048538,0.16906046200596,0.308089444635696,0.334387747539612,0.00322219458844592,0.0337132800576545,"GSE210616_GSM6433591"
"GSE210616_GSM6433591_ATGAAGCCAAGGAGCC-1",0.00788526233839826,0.0499099598620123,0.000885310044200128,0.00170442448503059,0.366588275555893,0.209193720000931,0.335418534805468,0.00446140711804016,0.0239531057900263,"GSE210616_GSM6433591"
"GSE210616_GSM6433591_ATGACTATGCGACATT-1",0.0132898109231463,0.145359819900267,0.000550806201319019,0.154720721186932,0.160844042343583,0.241509287935223,0.250912067826683,0.000128426315896236,0.0326850173669508,"GSE210616_GSM6433591"
"GSE210616_GSM6433591_ATGCACTACCGCATTG-1",0.00613711065325218,0.263556009101915,0.0111186507271215,0.000510971515368398,0.149045443123495,0.284265209967403,0.242053638945137,0.0199891674497124,0.0233237985165965,"GSE210616_GSM6433591"
"GSE210616_GSM6433591_ATGCATGATCCAGGAT-1",0.00529371455566508,0.110826008664667,0.00172631501623785,0.0004859470349631,0.368814888540122,0.310277808539002,0.169139807844805,0.00889697877899515,0.0245385310255424,"GSE210616_GSM6433591"
"GSE210616_GSM6433591_ATGCCATTTGCGACCA-1",0.0349412919072424,0.113519723173603,0.01166886086689,0.0225400302329504,0.188857270107513,0.240069258424595,0.290102042478088,0.00398701947485729,0.0943145033342615,"GSE210616_GSM6433591"
"GSE210616_GSM6433591_ATGCCGGTCTTGCATA-1",0.0226567097660156,0.0542862585521209,0.00663596503346073,0.0163956004221272,0.369677803310989,0.228765731382635,0.215358486257505,0.00190446756034466,0.0843189777148019,"GSE210616_GSM6433591"
"GSE210616_GSM6433591_ATGCCGGTTGATGGGA-1",0.00890558663934129,0.121192873942222,0.017063265876256,0.000618369519036744,0.227724212667427,0.344718139408161,0.213915068660056,0.00397162098642176,0.0618908623010769,"GSE210616_GSM6433591"
"GSE210616_GSM6433591_ATGCGACAGTCCCATT-1",0.0190502878520367,0.102944814601666,0.00520019660875031,0.0066315546217755,0.279850890285816,0.274895711768533,0.22578443006066,0.00977571870884176,0.0758663954919205,"GSE210616_GSM6433591"
"GSE210616_GSM6433591_ATGGAGCAGGCCGTGA-1",0.0263668072762229,0.0601692749197435,0.00770248218848494,0.0433555802151978,0.235834036659083,0.265159693747305,0.27559266242205,0.00438256603888245,0.0814368965330299,"GSE210616_GSM6433591"
