"","Endothelial","CAFs","PVL","B-cells","T-cells","Myeloid","Normal Epithelial","Plasmablasts","Cancer Epithelial","sid"
"Human_Breast_He_06222020_ST_BC23901_D1_23x20",0.0252678337986706,0.170974544498777,0.051088837160483,0.013987096218122,0.00308332749554306,0.252562224298685,0.0399347616767217,0.213315810989201,0.229785563863797,"Human_Breast_He_06222020_ST_BC23901_D1"
"Human_Breast_He_06222020_ST_BC23901_D1_23x21",0.0202974996198927,0.111160218200389,0.0239218160258518,0.0218731340347193,0.0065490020347454,0.315549365258572,0.0114100466298717,0.378354356543545,0.110884561652413,"Human_Breast_He_06222020_ST_BC23901_D1"
"Human_Breast_He_06222020_ST_BC23901_D1_23x22",0.0378635417614574,0.162349512536549,0.0833207032352985,0.00234131433472596,0.00371375011582337,0.285584627985409,0.0503696171694312,0.120140746638109,0.254316186223196,"Human_Breast_He_06222020_ST_BC23901_D1"
"Human_Breast_He_06222020_ST_BC23901_D1_23x23",0.0584976893366601,0.252291471179558,0.0362461258064999,0.00590238648172588,0.00984409659952388,0.101585406256193,0.0529955917807613,0.136412672397788,0.34622456016129,"Human_Breast_He_06222020_ST_BC23901_D1"
"Human_Breast_He_06222020_ST_BC23901_D1_23x24",0.0870699562535567,0.156326919164909,0.06079547548642,0.00746068838223492,0.0103597669794365,0.150114606080952,0.0723698655926076,0.153015935920437,0.302486786139447,"Human_Breast_He_06222020_ST_BC23901_D1"
"Human_Breast_He_06222020_ST_BC23901_D1_23x25",0.0332534992250649,0.205111903682192,0.0296968806139868,0.226365139924799,0.0898166578152253,0.0493279122878914,0.0968785971418807,0.178533590815679,0.091015818493281,"Human_Breast_He_06222020_ST_BC23901_D1"
"Human_Breast_He_06222020_ST_BC23901_D1_23x28",0.0120336882165747,0.158411809053092,0.187313465582621,0.00910380281278962,0.0184483202214348,0.223339525631806,0.061822211639557,0.0946193361717672,0.234907840670357,"Human_Breast_He_06222020_ST_BC23901_D1"
"Human_Breast_He_06222020_ST_BC23901_D1_23x29",0.0329697744099201,0.272653125192792,0.158267064921963,0.0244631982160636,0.00729078710615585,0.268280268878297,0.0416307087446939,0.108153636170013,0.0862914363601008,"Human_Breast_He_06222020_ST_BC23901_D1"
"Human_Breast_He_06222020_ST_BC23901_D1_30x21",0.0565261934932715,0.0694142307837624,0.0486698724754087,0.00203231059716086,0.00623941090570984,0.0865361797926105,0.226359307366926,0.114514238321665,0.389708256263486,"Human_Breast_He_06222020_ST_BC23901_D1"
"Human_Breast_He_06222020_ST_BC23901_D1_20x21",0.0623091975951596,0.160459275853212,0.00722238449431133,0.171290501534947,0.0562483932826788,0.212078247680037,0.0330938627131551,0.131221592761179,0.166076544085321,"Human_Breast_He_06222020_ST_BC23901_D1"
"Human_Breast_He_06222020_ST_BC23901_D1_16x28",0.00272816347197064,0.0588861467155093,0.110163140479345,0.0235555429806692,0.00677629657381093,0.0320533689240807,0.0206274008693555,0.620976524915306,0.124233415069953,"Human_Breast_He_06222020_ST_BC23901_D1"
"Human_Breast_He_06222020_ST_BC23901_D1_18x28",0.0327497023500635,0.452953773342583,0.00881905958597112,0.000362891372848741,0.00158471198163039,0.2044883646055,0.0472116510470177,0.100799654054653,0.151030191659732,"Human_Breast_He_06222020_ST_BC23901_D1"
"Human_Breast_He_06222020_ST_BC23901_D1_18x29",0.00431199599447905,0.276215655655634,0.0570744093508888,0.0286289190456376,0.00518278000603671,0.0747195202316951,0.0323167843684879,0.342781953025572,0.178767982321569,"Human_Breast_He_06222020_ST_BC23901_D1"
"Human_Breast_He_06222020_ST_BC23901_D1_18x26",0.0121436630484943,0.10747288174751,0.133736368379397,0.12707701287216,0.0135291239628437,0.0398804172543306,0.113856212821775,0.305008180258046,0.147296139655443,"Human_Breast_He_06222020_ST_BC23901_D1"
"Human_Breast_He_06222020_ST_BC23901_D1_18x27",0.103454457085218,0.285237712692493,0.0505986933399776,0.00118522503114815,0.0020230996381908,0.0578269774223456,0.0425506846814056,0.0107565314641559,0.446366618645066,"Human_Breast_He_06222020_ST_BC23901_D1"
"Human_Breast_He_06222020_ST_BC23901_D1_18x24",0.0689973955376279,0.144922291005667,0.107422748474451,0.00039631904255124,0.00441604883998527,0.0973848222684596,0.0902187629316902,0.258670179448766,0.227571432450802,"Human_Breast_He_06222020_ST_BC23901_D1"
"Human_Breast_He_06222020_ST_BC23901_D1_18x25",0.00587283425949519,0.048123945804795,0.13758326533632,0.00208821431200647,0.00272043879519671,0.0563157153099942,0.035176410879765,0.546689796392705,0.165429378909722,"Human_Breast_He_06222020_ST_BC23901_D1"
"Human_Breast_He_06222020_ST_BC23901_D1_18x22",0.0147418586160415,0.115495589036896,0.0340843054353898,0.0100389008083793,0.00942352313320676,0.220402947342736,0.0296075354315974,0.241670571250661,0.324534768945092,"Human_Breast_He_06222020_ST_BC23901_D1"
"Human_Breast_He_06222020_ST_BC23901_D1_18x23",0.0123806238922772,0.131056880770334,0.014763911821561,0.0128466776672564,0.0376795060217302,0.130751815868145,0.179605331014634,0.0996194626967203,0.381295790247341,"Human_Breast_He_06222020_ST_BC23901_D1"
"Human_Breast_He_06222020_ST_BC23901_D1_18x20",0.0221791507840095,0.160271114917312,0.0331910836251638,0.00268305842389755,0.00578934000976011,0.280648495075614,0.0479998481859563,0.212245575014026,0.234992333964261,"Human_Breast_He_06222020_ST_BC23901_D1"
"Human_Breast_He_06222020_ST_BC23901_D1_18x21",0.0160296107208503,0.189407392548385,0.0213943836435013,0.0026016541967238,0.00133709555171964,0.430862837659656,0.0163907950770312,0.148631277508057,0.173344953094075,"Human_Breast_He_06222020_ST_BC23901_D1"
"Human_Breast_He_06222020_ST_BC23901_D1_20x27",0.0146869956911474,0.204448796062374,0.0642649029459683,0.0598912938036604,0.053172087127353,0.275028164941546,0.0368561274814176,0.0562605739263656,0.235391058020168,"Human_Breast_He_06222020_ST_BC23901_D1"
"Human_Breast_He_06222020_ST_BC23901_D1_24x21",0.0195029781321357,0.119107625227449,0.0734336411918426,0.00159784997190881,0.00419818780588784,0.151810393863241,0.108835627566167,0.327076041164684,0.194437655076684,"Human_Breast_He_06222020_ST_BC23901_D1"
"Human_Breast_He_06222020_ST_BC23901_D1_23x26",0.0262089606062322,0.351249385964062,0.268288097170651,0.0116254884852565,0.00333711183219301,0.110208660956712,0.0240169394738791,0.0549667684702984,0.150098587040716,"Human_Breast_He_06222020_ST_BC23901_D1"
"Human_Breast_He_06222020_ST_BC23901_D1_16x29",0.0079281329339002,0.0936661116865377,0.140548580595467,0.0424173747014857,0.00587260633399608,0.238453883146923,0.0371267392412509,0.196262009697243,0.237724561663196,"Human_Breast_He_06222020_ST_BC23901_D1"
"Human_Breast_He_06222020_ST_BC23901_D1_19x27",0.00657054503049641,0.155182841558699,0.0490010076568993,0.0366353163757973,0.00351618325571574,0.154234037464816,0.157898270546032,0.274293905154706,0.162667892956838,"Human_Breast_He_06222020_ST_BC23901_D1"
"Human_Breast_He_06222020_ST_BC23901_D1_11x26",0.0318675854712634,0.0715983867613569,0.0498597873363789,0.0586342447289627,0.00989948904656783,0.099600940997314,0.0152105474744897,0.487571436110432,0.175757582073234,"Human_Breast_He_06222020_ST_BC23901_D1"
"Human_Breast_He_06222020_ST_BC23901_D1_20x30",0.007394546151866,0.306667379037718,0.063455308881077,0.0013056551669994,0.00351163737753842,0.256216615659188,0.0375911162312971,0.0533017151291283,0.270556026365187,"Human_Breast_He_06222020_ST_BC23901_D1"
"Human_Breast_He_06222020_ST_BC23901_D1_20x31",0.0232014479540502,0.337523678736884,0.00485531178015041,0.00640096570099244,0.0122351716831064,0.256964204546239,0.0508408137498103,0.0449908198860413,0.262987585962726,"Human_Breast_He_06222020_ST_BC23901_D1"
"Human_Breast_He_06222020_ST_BC23901_D1_23x19",0.0143378027786415,0.082968257147473,0.227260651878996,0.000855781432967782,0.000754740894564863,0.154700217878865,0.143555023825832,0.0898931647016569,0.285674359461004,"Human_Breast_He_06222020_ST_BC23901_D1"
"Human_Breast_He_06222020_ST_BC23901_D1_23x18",0.0243007863110753,0.145667623087562,0.0863014808705167,0.00763841396310592,0.00382446187688513,0.137860567927371,0.0681710776822156,0.034978619120288,0.49125696916098,"Human_Breast_He_06222020_ST_BC23901_D1"
"Human_Breast_He_06222020_ST_BC23901_D1_13x17",0.0282809621173988,0.0460386476006194,0.14398806669002,0.0113715458972344,0.004416599040612,0.397263932038071,0.0249156450702363,0.00599588510753319,0.337728716438276,"Human_Breast_He_06222020_ST_BC23901_D1"
"Human_Breast_He_06222020_ST_BC23901_D1_23x17",0.0249454271236057,0.153566156208298,0.0247460893137095,0.0168779045739773,0.00688114021548993,0.160447041315342,0.0633473261678206,0.183151184424218,0.366037730657537,"Human_Breast_He_06222020_ST_BC23901_D1"
"Human_Breast_He_06222020_ST_BC23901_D1_11x17",0.0410240106473885,0.0420702989652765,0.0398886283737975,0.0264019787240199,0.0351523467830752,0.13782709746621,0.0959166035323034,0.296169363271569,0.28554967223636,"Human_Breast_He_06222020_ST_BC23901_D1"
"Human_Breast_He_06222020_ST_BC23901_D1_11x18",0.0361377086497161,0.0243481762692632,0.0371931464063375,0.0269481099927192,0.0153627944855196,0.214902981290938,0.198368840763753,0.182139325234311,0.264598916907443,"Human_Breast_He_06222020_ST_BC23901_D1"
"Human_Breast_He_06222020_ST_BC23901_D1_11x19",0.0130733883266855,0.0527252999200888,0.083880879168477,0.00579371739753762,0.0091608983085878,0.267722419219978,0.161003610859627,0.00990378524361077,0.396736001555407,"Human_Breast_He_06222020_ST_BC23901_D1"
"Human_Breast_He_06222020_ST_BC23901_D1_17x16",0.00125643810351818,0.0232121388013795,0.0102165527128172,0.000397095591769367,0.00122983066435286,0.151031323804788,0.0205355466612559,0.00244821802534148,0.789672855634778,"Human_Breast_He_06222020_ST_BC23901_D1"
"Human_Breast_He_06222020_ST_BC23901_D1_17x17",0.00284113345129953,0.015141757711016,0.0063543203776461,0.00316114310047265,0.00260623732728454,0.0221348249144805,0.197515550510517,0.00284155490005437,0.74740347770723,"Human_Breast_He_06222020_ST_BC23901_D1"
"Human_Breast_He_06222020_ST_BC23901_D1_26x18",0.1303689626086,0.208970615018129,0.105600519727095,0.00174367369354329,0.0026444283340959,0.236005817683157,0.0128741324130906,0.0145177345791442,0.287274115943145,"Human_Breast_He_06222020_ST_BC23901_D1"
"Human_Breast_He_06222020_ST_BC23901_D1_26x19",0.0456658874969778,0.231424126296013,0.0509615381699795,0.0268342255404296,0.0260180503255889,0.217731777054451,0.0829388900124579,0.0834540242599711,0.234971480844131,"Human_Breast_He_06222020_ST_BC23901_D1"
"Human_Breast_He_06222020_ST_BC23901_D1_26x16",0.0189256135152554,0.0526604384870308,0.019911695374244,0.00645253354211505,0.00690077524150499,0.0544787241569444,0.0624957516881169,0.0187467253411792,0.759427742653609,"Human_Breast_He_06222020_ST_BC23901_D1"
"Human_Breast_He_06222020_ST_BC23901_D1_26x17",0.0082871944088838,0.020255494497745,0.00482870692008206,0.00296207388372442,0.00525708232513404,0.133585416235526,0.0323530640325962,0.0103840898999106,0.782086877796398,"Human_Breast_He_06222020_ST_BC23901_D1"
"Human_Breast_He_06222020_ST_BC23901_D1_17x18",0.0132454682446147,0.104588809425325,0.0246306496802545,0.000552126907437437,0.00122476090240185,0.297640006507456,0.013803153336255,0.134200324031521,0.410114700964735,"Human_Breast_He_06222020_ST_BC23901_D1"
"Human_Breast_He_06222020_ST_BC23901_D1_17x19",0.0102726124396817,0.100866880745118,0.325797831258562,0.0010601522593607,0.000717323544825837,0.171206438290129,0.0803740905603863,0.0643451810323236,0.245359489869613,"Human_Breast_He_06222020_ST_BC23901_D1"
"Human_Breast_He_06222020_ST_BC23901_D1_13x32",0.0355298600106038,0.109984589909242,0.0202344361057604,0.182181537654983,0.063036502154653,0.0314733267499052,0.181176350142705,0.198449263699423,0.177934133572726,"Human_Breast_He_06222020_ST_BC23901_D1"
"Human_Breast_He_06222020_ST_BC23901_D1_10x24",0.00130258858374321,0.118767509313662,0.256251985481124,0.000345816586900682,0.00088838081009979,0.235994880614215,0.256555622254089,0.000493302323605064,0.129399914032562,"Human_Breast_He_06222020_ST_BC23901_D1"
"Human_Breast_He_06222020_ST_BC23901_D1_10x25",0.0704349473560633,0.157314546221127,0.00918364790740387,0.103060224120668,0.00571001965270661,0.288462005949259,0.051754376443074,0.000708609879374663,0.313371622470325,"Human_Breast_He_06222020_ST_BC23901_D1"
"Human_Breast_He_06222020_ST_BC23901_D1_14x21",0.0145546997760724,0.188249102850899,0.0719690775127684,0.00603928331532283,0.00394653089740534,0.143491951507795,0.0753306318877464,0.318837050750077,0.177581671501915,"Human_Breast_He_06222020_ST_BC23901_D1"
"Human_Breast_He_06222020_ST_BC23901_D1_10x23",0.118675879028039,0.131926685966433,0.125414253055441,0.0240897483027492,0.0237161084671246,0.282146447917482,0.0739823789197849,0.0124838043972585,0.207564693945689,"Human_Breast_He_06222020_ST_BC23901_D1"
"Human_Breast_He_06222020_ST_BC23901_D1_10x20",0.00331185524923745,0.15776094020932,0.0702422742151982,0.000590001868703633,0.00168348766324185,0.116918707707992,0.0435617369547331,0.351509720387527,0.254421275744046,"Human_Breast_He_06222020_ST_BC23901_D1"
"Human_Breast_He_06222020_ST_BC23901_D1_10x21",0.009386629908078,0.144058001972313,0.0224387946019959,0.0170599668837807,0.00408960113986724,0.231676273706808,0.133384623138161,0.127536462836457,0.31036964581254,"Human_Breast_He_06222020_ST_BC23901_D1"
"Human_Breast_He_06222020_ST_BC23901_D1_19x30",0.0165590842488781,0.188789213161203,0.0670134107876373,0.0183152937928348,0.0441105333025847,0.0123364384203963,0.0570453191730115,0.15692926276123,0.438901444352225,"Human_Breast_He_06222020_ST_BC23901_D1"
"Human_Breast_He_06222020_ST_BC23901_D1_19x31",0.0322371824566311,0.204870403043368,0.0684249442637159,0.00365569682965551,0.0191274835254328,0.158451172501936,0.0803532639571206,0.24141098070246,0.19146887271968,"Human_Breast_He_06222020_ST_BC23901_D1"
"Human_Breast_He_06222020_ST_BC23901_D1_24x29",0.086838974634836,0.0662933390280157,0.218686153045806,0.0115231187511926,0.0107595557244585,0.229958541366502,0.0500618536122108,0.0395843633250206,0.286294100511958,"Human_Breast_He_06222020_ST_BC23901_D1"
"Human_Breast_He_06222020_ST_BC23901_D1_13x23",0.00363665449665638,0.012096597539532,0.16426143149477,0.00296835197666907,0.00404153087194768,0.00859309117122319,0.190647197845122,0.362792758922788,0.250962385681292,"Human_Breast_He_06222020_ST_BC23901_D1"
"Human_Breast_He_06222020_ST_BC23901_D1_21x17",0.0196366097377703,0.195113308340833,0.0276778696014368,0.00023166272351385,0.00173492946606006,0.101999085687039,0.0202621115142868,0.020371273069417,0.612973149859643,"Human_Breast_He_06222020_ST_BC23901_D1"
"Human_Breast_He_06222020_ST_BC23901_D1_21x16",0.0619497696889249,0.123774357752458,0.0415511502948018,0.00256788989599824,0.00593349190009572,0.0680232612742738,0.14122103220439,0.0500895615486726,0.504889485440385,"Human_Breast_He_06222020_ST_BC23901_D1"
"Human_Breast_He_06222020_ST_BC23901_D1_21x19",0.024498529040277,0.0658742913642839,0.0183537211676755,0.00773707607215491,0.00583764151613286,0.120810891984941,0.0427998807909623,0.0359873787775296,0.678100589286043,"Human_Breast_He_06222020_ST_BC23901_D1"
"Human_Breast_He_06222020_ST_BC23901_D1_21x18",0.0576539709299222,0.220318218793317,0.0654589364303104,0.00471484829451771,0.000782036077307341,0.431747184492394,0.0291802361794081,0.0386464208890365,0.151498147913787,"Human_Breast_He_06222020_ST_BC23901_D1"
"Human_Breast_He_06222020_ST_BC23901_D1_13x28",0.00699745102623703,0.0374221790239737,0.00681509227033309,4.08463614442123e-05,0.000462022181809695,0.0776971356575191,0.138919379698859,0.386289510189323,0.345356383590501,"Human_Breast_He_06222020_ST_BC23901_D1"
"Human_Breast_He_06222020_ST_BC23901_D1_12x28",0.00413316000721024,0.289148379611148,0.161173741510675,0.000877654790721256,0.00083642675719075,0.0208679161473043,0.00207207184211272,0.033616937058108,0.487273712275529,"Human_Breast_He_06222020_ST_BC23901_D1"
"Human_Breast_He_06222020_ST_BC23901_D1_12x24",0.0094978823950832,0.138611064107296,0.140654986590723,0.0469412050224553,0.0276137087534468,0.23040006047133,0.0526284051200346,0.0653035207682337,0.288349166771397,"Human_Breast_He_06222020_ST_BC23901_D1"
"Human_Breast_He_06222020_ST_BC23901_D1_12x25",0.0156786415526404,0.090463820486296,0.013263878264807,0.019476650606894,0.0460369742910877,0.0774291506516132,0.114003301418391,0.14497898532419,0.47866859740408,"Human_Breast_He_06222020_ST_BC23901_D1"
"Human_Breast_He_06222020_ST_BC23901_D1_13x21",0.0095859114556587,0.0922089049411717,0.0195780581841833,0.000739874176307614,0.000940090095989791,0.204952309415272,0.0211795121483138,0.381917887559863,0.26889745202324,"Human_Breast_He_06222020_ST_BC23901_D1"
"Human_Breast_He_06222020_ST_BC23901_D1_12x27",0.0141807905878514,0.389334018012625,0.0141545088049036,9.50417595978775e-05,0.000846512502097221,0.0365189856396636,0.0276138688021912,0.0017169407364497,0.51553933315462,"Human_Breast_He_06222020_ST_BC23901_D1"
"Human_Breast_He_06222020_ST_BC23901_D1_13x27",0.0124589425379155,0.301061872756823,0.330871200616568,0.000768547094739495,0.00291545424340095,0.0974610851932956,0.0280426337830885,0.0584498193893599,0.167970444384809,"Human_Breast_He_06222020_ST_BC23901_D1"
"Human_Breast_He_06222020_ST_BC23901_D1_12x21",0.00472713714410079,0.0950652128385527,0.0248266207093445,0.0710990087192364,0.0143878089297184,0.251438141963214,0.118448015860442,0.198228746400491,0.2217793074349,"Human_Breast_He_06222020_ST_BC23901_D1"
"Human_Breast_He_06222020_ST_BC23901_D1_13x25",0.0312032582169605,0.0921901883817096,0.0860281625573081,0.00418775398074723,0.00825181332981808,0.0710409224629166,0.242213818321138,0.149890427220961,0.314993655528441,"Human_Breast_He_06222020_ST_BC23901_D1"
"Human_Breast_He_06222020_ST_BC23901_D1_13x24",0.00154632573190453,0.027534477203912,0.0954489994636335,0.000208117824806007,0.000440807294202989,0.070773842823686,0.023829195985144,0.192765052581764,0.587453181090947,"Human_Breast_He_06222020_ST_BC23901_D1"
"Human_Breast_He_06222020_ST_BC23901_D1_12x23",0.0411207737140955,0.0125897016034881,0.0478834107611559,0.000475675885292854,0.000293407809521302,0.156252619179211,0.0367458768347715,0.471370189716707,0.233268344495757,"Human_Breast_He_06222020_ST_BC23901_D1"
"Human_Breast_He_06222020_ST_BC23901_D1_25x30",0.066946458126629,0.235979172490043,0.15795319759294,0.00314493740762356,0.00248109802191404,0.392118228212239,0.0507931411935596,0.0160998283488514,0.0744839386062,"Human_Breast_He_06222020_ST_BC23901_D1"
"Human_Breast_He_06222020_ST_BC23901_D1_10x22",0.0183872044388338,0.123123277583652,0.0230685986208268,0.000112653837296625,0.00146910132413863,0.308715744339201,0.0100588301683476,0.316580919765917,0.198483669921787,"Human_Breast_He_06222020_ST_BC23901_D1"
"Human_Breast_He_06222020_ST_BC23901_D1_11x29",0.00277558376437089,0.314160805516176,0.0143889842942121,0.00163342619860945,0.00121090754466498,0.11146497791947,0.028825451283867,0.262995361943288,0.262544501535341,"Human_Breast_He_06222020_ST_BC23901_D1"
"Human_Breast_He_06222020_ST_BC23901_D1_11x28",0.010349293950854,0.410542194715236,0.120057418429039,0.01916098211222,0.00310697967644795,0.0873619080552,0.0663229215547069,0.0188434558568474,0.264254845649449,"Human_Breast_He_06222020_ST_BC23901_D1"
"Human_Breast_He_06222020_ST_BC23901_D1_14x31",0.0110250828196348,0.129687209063605,0.497931625574903,0.0168432507783678,0.016225409844956,0.179637973089506,0.0578672602692726,0.00795047164647917,0.0828317169132754,"Human_Breast_He_06222020_ST_BC23901_D1"
"Human_Breast_He_06222020_ST_BC23901_D1_14x30",0.209977902969524,0.166543780274132,0.0221802951663525,0.000669872382891639,0.00405752002141783,0.209278260322629,0.158018471781766,0.0261312285292969,0.20314266855199,"Human_Breast_He_06222020_ST_BC23901_D1"
"Human_Breast_He_06222020_ST_BC23901_D1_11x27",0.0862858069292987,0.140910617148484,0.214198369567637,6.17017086750049e-05,0.00103531355021031,0.127939089780399,0.0374146768259925,0.000281607435301693,0.391872817054002,"Human_Breast_He_06222020_ST_BC23901_D1"
"Human_Breast_He_06222020_ST_BC23901_D1_11x21",0.0217741771695233,0.0750152645727755,0.121645442262395,0.00495167731085471,0.00908325155138118,0.0456887715717001,0.068867025170981,0.192464358750237,0.460510031640152,"Human_Breast_He_06222020_ST_BC23901_D1"
"Human_Breast_He_06222020_ST_BC23901_D1_11x22",0.0452009936060602,0.0384052764650229,0.0280824939604083,0.0454887229258464,0.0485039056151007,0.0379909909827654,0.0271040803639839,0.312422891451157,0.416800644629655,"Human_Breast_He_06222020_ST_BC23901_D1"
"Human_Breast_He_06222020_ST_BC23901_D1_18x19",0.0806913813800993,0.165513419245912,0.031755811525026,0.000218712421216381,0.000496694359044337,0.264378764867943,0.00295869003448465,0.245466146365658,0.208520379800617,"Human_Breast_He_06222020_ST_BC23901_D1"
"Human_Breast_He_06222020_ST_BC23901_D1_18x16",0.0189350645219433,0.0419405917606152,0.00757251160603567,0.00132537232156519,0.00861900731102427,0.012245514762617,0.0465298894889572,0.0172583846363173,0.845573663590925,"Human_Breast_He_06222020_ST_BC23901_D1"
"Human_Breast_He_06222020_ST_BC23901_D1_20x24",0.0826329773796096,0.0416481680949106,0.29436171058482,0.15690448079398,0.0433450718962802,0.0909498619836651,0.0437951634742093,0.0878344060171209,0.158528159775404,"Human_Breast_He_06222020_ST_BC23901_D1"
"Human_Breast_He_06222020_ST_BC23901_D1_23x27",0.0101160238183973,0.162939540972411,0.11529476342745,0.0230238430629298,0.027207459534641,0.132373171955451,0.104955056977027,0.0396219884744041,0.384468151777288,"Human_Breast_He_06222020_ST_BC23901_D1"
"Human_Breast_He_06222020_ST_BC23901_D1_14x28",0.0161176177146843,0.16261688063636,0.00853535392635216,0.00740618712935163,0.00471656062932884,0.17774346513726,0.0545812134007369,0.392149453375086,0.176133268050841,"Human_Breast_He_06222020_ST_BC23901_D1"
"Human_Breast_He_06222020_ST_BC23901_D1_16x31",0.00372527074173804,0.118360310455984,0.269298625978441,0.000359602613083723,0.00185222208866778,0.38976959455492,0.0538136390497717,0.0215187559973222,0.141301978520072,"Human_Breast_He_06222020_ST_BC23901_D1"
"Human_Breast_He_06222020_ST_BC23901_D1_16x30",0.0488633728246707,0.117200696465158,0.257130546292909,0.00597643611510723,0.00276538400708239,0.135058165197771,0.0220435497149699,0.33908283771736,0.0718790116649725,"Human_Breast_He_06222020_ST_BC23901_D1"
"Human_Breast_He_06222020_ST_BC23901_D1_11x31",0.0221572038512394,0.200264566612963,0.0872914738394972,0.0359715546575657,0.0299027308479412,0.111538644033864,0.0873070915832854,0.221524669282928,0.204042065290717,"Human_Breast_He_06222020_ST_BC23901_D1"
"Human_Breast_He_06222020_ST_BC23901_D1_14x17",0.0141193066522674,0.124339594581197,0.0532076617240843,0.0275675077182074,0.0140390896952277,0.0769514101781983,0.0426713395055615,0.396193063630517,0.250911026314739,"Human_Breast_He_06222020_ST_BC23901_D1"
"Human_Breast_He_06222020_ST_BC23901_D1_24x16",0.00544470364884533,0.0409221917902166,0.0171754592543606,0.00123310760033566,0.000990013342593599,0.0384596529841904,0.0429950705269433,0.0393546418665221,0.813425158985992,"Human_Breast_He_06222020_ST_BC23901_D1"
"Human_Breast_He_06222020_ST_BC23901_D1_24x17",0.0224223891814378,0.0302902064762925,0.0168141825912299,0.000155896145218445,0.00107937458504134,0.0470432476664944,0.114886924144226,0.0162737945104109,0.751033984699649,"Human_Breast_He_06222020_ST_BC23901_D1"
"Human_Breast_He_06222020_ST_BC23901_D1_24x18",0.0141731194566699,0.141730092673536,0.0340137088411733,0.00169775256704125,0.00302971855262714,0.0678887527340044,0.0932739730293877,0.0178320572144104,0.62636082493115,"Human_Breast_He_06222020_ST_BC23901_D1"
"Human_Breast_He_06222020_ST_BC23901_D1_28x19",0.100352752606391,0.194616290323738,0.0850345051746859,0.0034749056610029,0.00768157085156576,0.094983144456652,0.20189952684012,0.0251636406058194,0.286793663480024,"Human_Breast_He_06222020_ST_BC23901_D1"
"Human_Breast_He_06222020_ST_BC23901_D1_22x16",0.0379667354890736,0.0764577696448732,0.0379326048680676,0.0323401451998212,0.0300226894856951,0.0274136382691889,0.102819177419058,0.0660502994510849,0.588996940173137,"Human_Breast_He_06222020_ST_BC23901_D1"
"Human_Breast_He_06222020_ST_BC23901_D1_14x24",0.0190223383305334,0.0403680774295262,0.170476369805727,0.0483381823108585,0.0324033719801982,0.113334282699941,0.102033003242746,0.192987950980577,0.281036423219892,"Human_Breast_He_06222020_ST_BC23901_D1"
"Human_Breast_He_06222020_ST_BC23901_D1_22x18",0.0292173886502441,0.0796778111830312,0.066313955109445,0.00536954656249078,0.00264557452193188,0.237846684350173,0.12413088056192,0.361882835465834,0.0929153235949306,"Human_Breast_He_06222020_ST_BC23901_D1"
"Human_Breast_He_06222020_ST_BC23901_D1_22x19",0.0130720355833593,0.117239706577473,0.129442761265413,0.0010795704300696,0.00271392551243629,0.0884261405571551,0.101505236298983,0.0443042754212286,0.502216348353883,"Human_Breast_He_06222020_ST_BC23901_D1"
"Human_Breast_He_06222020_ST_BC23901_D1_12x19",0.0517601256475348,0.118688618301551,0.0194301052658218,0.174967833596669,0.0381370777896461,0.10730122141682,0.0510214161680154,0.255641535215917,0.183052066598024,"Human_Breast_He_06222020_ST_BC23901_D1"
"Human_Breast_He_06222020_ST_BC23901_D1_12x18",0.00274852925875472,0.078144450118186,0.0725444942123738,0.0402200155658629,0.0427848406637762,0.127768434878253,0.0300090894832347,0.414105260937418,0.191674884882141,"Human_Breast_He_06222020_ST_BC23901_D1"
"Human_Breast_He_06222020_ST_BC23901_D1_9x18",0.00477207629236514,0.108562742936098,0.0991576066852459,0.238961397686627,0.0365507718471093,0.108366291395362,0.0598650656182189,0.17377709423629,0.169986953302684,"Human_Breast_He_06222020_ST_BC23901_D1"
"Human_Breast_He_06222020_ST_BC23901_D1_9x19",0.0102162798621099,0.179187582626405,0.103287397111839,0.0056894742711575,0.000933281406569101,0.28156390629948,0.14971617733787,0.0220076771095932,0.247398223974977,"Human_Breast_He_06222020_ST_BC23901_D1"
"Human_Breast_He_06222020_ST_BC23901_D1_9x17",0.0137814791219526,0.0800208442212175,0.0859311215160975,0.016995019708485,0.013039677928375,0.210500836592004,0.0278865190238747,0.135103968329558,0.416740533558436,"Human_Breast_He_06222020_ST_BC23901_D1"
"Human_Breast_He_06222020_ST_BC23901_D1_24x19",0.0651510472534044,0.0806696574099553,0.0196025603920479,0.00459943323655215,0.001959733802533,0.170247556145441,0.0782382926768899,0.22572754514885,0.353804173934326,"Human_Breast_He_06222020_ST_BC23901_D1"
"Human_Breast_He_06222020_ST_BC23901_D1_14x18",0.00729423309611307,0.0358919548356567,0.0708177731649713,0.0106343745209818,0.0117112295351649,0.222228453067122,0.183872855831683,0.289411928685174,0.168137197263134,"Human_Breast_He_06222020_ST_BC23901_D1"
"Human_Breast_He_06222020_ST_BC23901_D1_13x26",0.0684117878056369,0.0171767100013963,0.00527075928850425,0.00383019506555289,0.00294960657396544,0.0217846526639778,0.0122985596675157,0.736516890004094,0.131760838929357,"Human_Breast_He_06222020_ST_BC23901_D1"
"Human_Breast_He_06222020_ST_BC23901_D1_15x18",0.0102246441781554,0.0541519369013642,0.0149399051332234,0.00454947645272013,0.0113763574726601,0.0964484149533153,0.0644921616457191,0.0991516883591749,0.644665414903668,"Human_Breast_He_06222020_ST_BC23901_D1"
"Human_Breast_He_06222020_ST_BC23901_D1_15x19",0.00810850315932804,0.0889488384424542,0.0489790151565397,4.10784928416154e-05,0.000157279955452241,0.173704306541869,0.0336820916615965,0.329346152932493,0.317032733657426,"Human_Breast_He_06222020_ST_BC23901_D1"
"Human_Breast_He_06222020_ST_BC23901_D1_15x17",0.00818190170668559,0.150089433042335,0.092854416087584,0.00290786626987074,0.00274651190150772,0.280753365443725,0.0526195481784858,0.017249759211005,0.392597198158802,"Human_Breast_He_06222020_ST_BC23901_D1"
"Human_Breast_He_06222020_ST_BC23901_D1_26x29",0.0404694173963814,0.196866972773572,0.272126547296048,0.0244331561735009,0.00444926305206014,0.271868405113171,0.0101903610367218,0.0523224622556941,0.127273414902851,"Human_Breast_He_06222020_ST_BC23901_D1"
"Human_Breast_He_06222020_ST_BC23901_D1_26x28",0.032203149346621,0.18895046360466,0.14643352113088,0.000190495425729809,0.000727700069486262,0.153452998614835,0.0724941626449071,0.233896343784249,0.171651165378632,"Human_Breast_He_06222020_ST_BC23901_D1"
"Human_Breast_He_06222020_ST_BC23901_D1_17x29",0.103170078429761,0.115091145590775,0.0699054804811499,0.0815528767056672,0.0124683806075761,0.107428581776894,0.0684923699670497,0.352832654597606,0.0890584318435212,"Human_Breast_He_06222020_ST_BC23901_D1"
"Human_Breast_He_06222020_ST_BC23901_D1_17x28",0.00102149574014372,0.328838411566317,0.00914670848423115,0.0132289965827827,0.010049885244888,0.127243463926758,0.0679991549561854,0.0584590626794273,0.384012820819267,"Human_Breast_He_06222020_ST_BC23901_D1"
"Human_Breast_He_06222020_ST_BC23901_D1_26x23",0.0645067954505069,0.0999321836884918,0.0963281326380644,0.0650553820938218,0.0108341122627437,0.0814862466908931,0.167933597915619,0.104698110359167,0.309225438900693,"Human_Breast_He_06222020_ST_BC23901_D1"
"Human_Breast_He_06222020_ST_BC23901_D1_17x26",0.0477788652992586,0.162322475081968,0.0815325630268416,0.0184912123984029,0.0179664943825001,0.116767218633267,0.127793896305707,0.23801387627732,0.189333398594734,"Human_Breast_He_06222020_ST_BC23901_D1"
"Human_Breast_He_06222020_ST_BC23901_D1_26x21",0.102829192210707,0.186962019096177,0.10370166966756,0.00239319969073678,0.00222280759065865,0.0786656417892252,0.196797076936794,0.1580122728727,0.168416120145442,"Human_Breast_He_06222020_ST_BC23901_D1"
"Human_Breast_He_06222020_ST_BC23901_D1_17x24",0.0264681800670374,0.0933399597960651,0.0917398148794069,0.00896641897775527,0.00682408158168876,0.144949210227543,0.302316122803938,0.0322883870741154,0.29310782459245,"Human_Breast_He_06222020_ST_BC23901_D1"
"Human_Breast_He_06222020_ST_BC23901_D1_26x27",0.0344367183964702,0.0934745608628184,0.029841956814992,0.0248238600546664,0.0114979878748655,0.0221599693738621,0.1722449047662,0.192475806471715,0.419044235384411,"Human_Breast_He_06222020_ST_BC23901_D1"
"Human_Breast_He_06222020_ST_BC23901_D1_17x22",0.0254301948956895,0.102035427328589,0.0268518431345326,0.126627197167351,0.0434390415327579,0.097277405591982,0.0354147486666723,0.0981580201639992,0.444766121518427,"Human_Breast_He_06222020_ST_BC23901_D1"
"Human_Breast_He_06222020_ST_BC23901_D1_26x25",0.0328876321263099,0.254175518158547,0.0652952455006598,0.0355430931660676,0.0244334888471965,0.173096738391832,0.135628680950505,0.0721925144079301,0.206747088450953,"Human_Breast_He_06222020_ST_BC23901_D1"
"Human_Breast_He_06222020_ST_BC23901_D1_17x20",0.0148210269453134,0.0853195382656668,0.0636950068908069,0.000564698418149081,0.00141440103708674,0.144753370410756,0.0402196828367823,0.384674078821809,0.26453819637363,"Human_Breast_He_06222020_ST_BC23901_D1"
"Human_Breast_He_06222020_ST_BC23901_D1_12x17",0.0267183900088398,0.0795875647668862,0.195467012227624,0.0213624184086313,0.00312240608221853,0.294274390261912,0.103306677242247,0.0494977445873648,0.226663396414276,"Human_Breast_He_06222020_ST_BC23901_D1"
"Human_Breast_He_06222020_ST_BC23901_D1_10x17",0.0154732202563948,0.0489183670282028,0.00868384664092651,0.00198046066804035,0.00897504307289638,0.100466653886441,0.151731373157795,0.108405798664942,0.555365236624361,"Human_Breast_He_06222020_ST_BC23901_D1"
"Human_Breast_He_06222020_ST_BC23901_D1_10x19",0.00358248718610025,0.165008957623482,0.0493469717443611,0.00222153823857476,0.000210519958954282,0.336490636060733,0.00908353238172948,0.353242446171502,0.0808129106345632,"Human_Breast_He_06222020_ST_BC23901_D1"
"Human_Breast_He_06222020_ST_BC23901_D1_10x18",0.00363345497872413,0.0488954575391836,0.0286812173493922,0.0209034795092623,0.013639970750277,0.150104021844452,0.180904337341049,0.104874692132928,0.448363368554732,"Human_Breast_He_06222020_ST_BC23901_D1"
"Human_Breast_He_06222020_ST_BC23901_D1_22x17",0.00940766618834887,0.13315341400923,0.0219387890563288,0.00409173379438528,0.00130441200861101,0.218910391381941,0.0975522923694843,0.000899901627377622,0.512741399564293,"Human_Breast_He_06222020_ST_BC23901_D1"
"Human_Breast_He_06222020_ST_BC23901_D1_30x20",0.028793361721695,0.0692447829125764,0.0668732368081102,0.0129487659285631,0.00838839570492626,0.126916399804562,0.173479653427859,0.247614380705741,0.265741022985967,"Human_Breast_He_06222020_ST_BC23901_D1"
"Human_Breast_He_06222020_ST_BC23901_D1_24x28",0.045909878652983,0.0959532213693977,0.108568228063732,0.00299094549285801,0.00428303512784079,0.14195837643062,0.208259287189032,0.1280994376103,0.263977590063237,"Human_Breast_He_06222020_ST_BC23901_D1"
"Human_Breast_He_06222020_ST_BC23901_D1_30x23",0.0276522488602152,0.126521518188474,0.0505639625943915,0.000737521877927193,0.00122198954447267,0.133085136070829,0.135272985467364,0.22081747577124,0.304127161625087,"Human_Breast_He_06222020_ST_BC23901_D1"
"Human_Breast_He_06222020_ST_BC23901_D1_24x25",0.142746908576778,0.209617123299305,0.0739919453060477,0.01672622560877,0.00467006185888115,0.144255082239906,0.0984398146054318,0.0956918268926609,0.21386101161222,"Human_Breast_He_06222020_ST_BC23901_D1"
"Human_Breast_He_06222020_ST_BC23901_D1_24x24",0.0289902750509777,0.160454860945074,0.0629364078996338,0.0272318221398551,0.00904264967352788,0.0644570108883735,0.312973629836093,0.0758870249188194,0.258026318647645,"Human_Breast_He_06222020_ST_BC23901_D1"
"Human_Breast_He_06222020_ST_BC23901_D1_24x27",0.00714331953885592,0.19079580598057,0.133469054924685,0.000232059519422779,0.00192591119893814,0.241991469504572,0.0392909358507787,0.00672751075361175,0.378423932728565,"Human_Breast_He_06222020_ST_BC23901_D1"
"Human_Breast_He_06222020_ST_BC23901_D1_24x26",0.035451601588226,0.241561701073878,0.0531906874791263,0.00732266691034309,0.00279665293864343,0.140401229487428,0.03542718541532,0.194630903646134,0.289217371460901,"Human_Breast_He_06222020_ST_BC23901_D1"
"Human_Breast_He_06222020_ST_BC23901_D1_24x20",0.0351344138509776,0.193766228072696,0.130341334612766,0.00301970288473353,0.00829248238404518,0.215349882411048,0.0356662837465885,0.0836655013863642,0.294764170650781,"Human_Breast_He_06222020_ST_BC23901_D1"
"Human_Breast_He_06222020_ST_BC23901_D1_24x23",0.0609868603435493,0.195620583596442,0.0578359509432488,0.00741897500222911,0.0033032623126293,0.0786851497933679,0.146745894389403,0.259671996712758,0.189731326906373,"Human_Breast_He_06222020_ST_BC23901_D1"
"Human_Breast_He_06222020_ST_BC23901_D1_12x26",0.0308933125581962,0.0441205700024281,0.122507503852147,0.00575025314470393,0.000922553605523372,0.100976741279572,0.0610367038094071,0.409056406375707,0.224735955372315,"Human_Breast_He_06222020_ST_BC23901_D1"
"Human_Breast_He_06222020_ST_BC23901_D1_13x30",0.0174096474857044,0.36108141567694,0.0512998559408185,0.000553089998911172,0.0013121858016557,0.144705384717881,0.125051119579711,0.000449787996257035,0.298137512802121,"Human_Breast_He_06222020_ST_BC23901_D1"
"Human_Breast_He_06222020_ST_BC23901_D1_13x31",0.044315811593584,0.266128460535991,0.123096800648583,0.000585965071685752,0.00118922316127352,0.104386854084014,0.115181342482002,0.18339009601643,0.161725446406438,"Human_Breast_He_06222020_ST_BC23901_D1"
"Human_Breast_He_06222020_ST_BC23901_D1_13x29",0.00836158350590014,0.165615428978663,0.0998604073047303,3.44753708897068e-05,0.000280314098211528,0.27678553971691,0.0388998918034548,0.263213804888406,0.146948554332834,"Human_Breast_He_06222020_ST_BC23901_D1"
"Human_Breast_He_06222020_ST_BC23901_D1_25x26",0.0743668162710597,0.0628091508634712,0.0827415540203901,0.0253295215770204,0.0313592946402524,0.143488685518321,0.159322532943342,0.0723131488930086,0.348269295273135,"Human_Breast_He_06222020_ST_BC23901_D1"
"Human_Breast_He_06222020_ST_BC23901_D1_25x27",0.0156504618126047,0.0771460515348725,0.0354928294176113,0.00724423920091477,0.00433177530666349,0.0519239866359947,0.240738567527948,0.121225794278051,0.446246294285339,"Human_Breast_He_06222020_ST_BC23901_D1"
"Human_Breast_He_06222020_ST_BC23901_D1_25x24",0.0658070955041069,0.236288493759669,0.031800777109622,0.0424068185278296,0.0176378798094037,0.140004711010299,0.0555706359013949,0.27542260455571,0.135060983821965,"Human_Breast_He_06222020_ST_BC23901_D1"
"Human_Breast_He_06222020_ST_BC23901_D1_25x25",0.0146461311391166,0.281616027936495,0.0576503436253793,0.141298957812397,0.0104675514371956,0.175969983676241,0.097968894116571,0.100712738497816,0.119669371758788,"Human_Breast_He_06222020_ST_BC23901_D1"
"Human_Breast_He_06222020_ST_BC23901_D1_25x22",0.0310097008963848,0.192780398377355,0.0832921767569877,0.00543718584507812,0.00645739580376494,0.156878140325485,0.100513939591746,0.231936265376545,0.191694797026653,"Human_Breast_He_06222020_ST_BC23901_D1"
"Human_Breast_He_06222020_ST_BC23901_D1_25x23",0.0293126064296734,0.316699451131619,0.140284070311757,0.0130602571802058,0.00718714460345331,0.201122082815814,0.0370669643058794,0.133876752660603,0.121390670560995,"Human_Breast_He_06222020_ST_BC23901_D1"
"Human_Breast_He_06222020_ST_BC23901_D1_25x20",0.0461298213682774,0.200715674682145,0.0288934429977629,0.00357422069660248,0.0036244246843405,0.171080155984664,0.0574916016756148,0.225716557787078,0.262774100123514,"Human_Breast_He_06222020_ST_BC23901_D1"
"Human_Breast_He_06222020_ST_BC23901_D1_25x21",0.0559542392623618,0.214070279090651,0.0377453331347064,0.00514667264419225,0.00670725095475793,0.167944332462213,0.127019982957152,0.194938275799174,0.19047363369479,"Human_Breast_He_06222020_ST_BC23901_D1"
"Human_Breast_He_06222020_ST_BC23901_D1_27x19",0.0858311276800724,0.156472819959527,0.0974337930217138,0.0203601577257358,0.0066737159185602,0.232062197107674,0.0475610522017658,0.121151475902322,0.232453660482629,"Human_Breast_He_06222020_ST_BC23901_D1"
"Human_Breast_He_06222020_ST_BC23901_D1_25x29",0.111727702227179,0.191325292602448,0.0584416092360458,0.0661440196310185,0.0260855065054058,0.269683356842153,0.0659066884597119,0.122177838637109,0.088507985858929,"Human_Breast_He_06222020_ST_BC23901_D1"
"Human_Breast_He_06222020_ST_BC23901_D1_14x29",0.343486348652115,0.12694625198525,0.0390564621882953,8.92547626531978e-05,0.0035715818391953,0.22261676858837,0.178808591466438,0.0269659777291287,0.0584587627885553,"Human_Breast_He_06222020_ST_BC23901_D1"
"Human_Breast_He_06222020_ST_BC23901_D1_14x22",0.00789650552179268,0.0456141191769512,0.0134840906194635,0.0436408016116652,0.0273441329494933,0.0693515458747769,0.176788681532516,0.207630958235024,0.408249164478317,"Human_Breast_He_06222020_ST_BC23901_D1"
"Human_Breast_He_06222020_ST_BC23901_D1_14x23",0.0301478453994301,0.188075246932177,0.160037834184266,0.0344201353889827,0.0533407642595297,0.0364990478670801,0.0623666381012941,0.0705697853776914,0.364542702489549,"Human_Breast_He_06222020_ST_BC23901_D1"
"Human_Breast_He_06222020_ST_BC23901_D1_14x26",0.0190787175589121,0.0606555705892356,0.322494253560501,0.0510865555631135,0.00966947732604387,0.208899346865018,0.097709414198792,0.0324816972232344,0.19792496711515,"Human_Breast_He_06222020_ST_BC23901_D1"
"Human_Breast_He_06222020_ST_BC23901_D1_14x27",0.0288201850640722,0.308020965979368,0.102052894456351,0.0169765445793146,0.010091997781538,0.0664790683586128,0.104456413262456,0.1324280040244,0.230673926493887,"Human_Breast_He_06222020_ST_BC23901_D1"
"Human_Breast_He_06222020_ST_BC23901_D1_11x30",0.0523981588141943,0.140312149746677,0.0958469923619096,0.00373271131145695,0.0024246203598335,0.200850403675455,0.0521658360235912,0.342181084987298,0.110088042719584,"Human_Breast_He_06222020_ST_BC23901_D1"
"Human_Breast_He_06222020_ST_BC23901_D1_14x25",0.115514279514395,0.0537747689386081,0.0942621969328608,0.0144444433349536,0.00378192832697745,0.0355466739198497,0.044311459174977,0.0289799719349257,0.609384277922452,"Human_Breast_He_06222020_ST_BC23901_D1"
"Human_Breast_He_06222020_ST_BC23901_D1_28x29",0.0580097446439509,0.215197834519493,0.0981333728268805,0.024241062009335,0.0206193654917031,0.135204389584414,0.109832497689491,0.197382977807843,0.141378755426889,"Human_Breast_He_06222020_ST_BC23901_D1"
