"","Endothelial","CAFs","PVL","B-cells","T-cells","Myeloid","Normal Epithelial","Plasmablasts","Cancer Epithelial","sid"
"Human_Breast_He_06222020_ST_BC23272_E2_23x20",0.0235422914371787,0.160648194074774,0.0406177155544187,0.141524725650089,0.0329321388445862,0.0668466269422469,0.0990653214218702,0.126210511028671,0.308612475046166,"Human_Breast_He_06222020_ST_BC23272_E2"
"Human_Breast_He_06222020_ST_BC23272_E2_23x22",0.0103181614172228,0.0612804426877166,0.0323268258355975,0.0230442249042762,0.0049663846414095,0.0693662785272641,0.133888241117095,0.367840863190349,0.29696857767907,"Human_Breast_He_06222020_ST_BC23272_E2"
"Human_Breast_He_06222020_ST_BC23272_E2_23x23",0.0138797839154349,0.029416195487696,0.00910190968513525,0.111925026867301,0.0119899975116187,0.0679519067083349,0.366714707336468,0.165472763440867,0.223547709047144,"Human_Breast_He_06222020_ST_BC23272_E2"
"Human_Breast_He_06222020_ST_BC23272_E2_23x24",0.0470630434602222,0.0572759691911322,0.0459508252047992,0.0252217973842122,0.0025616257314454,0.116727855316708,0.168309923898397,0.328770307918219,0.208118651894865,"Human_Breast_He_06222020_ST_BC23272_E2"
"Human_Breast_He_06222020_ST_BC23272_E2_23x25",0.0333668254754684,0.07263301886633,0.00836917780442275,0.332233980147248,0.145286330945312,0.0977078272366381,0.0934424849278631,0.103521545289878,0.113438809306841,"Human_Breast_He_06222020_ST_BC23272_E2"
"Human_Breast_He_06222020_ST_BC23272_E2_23x27",0.0107803995771228,0.0830554015255615,0.027772955003968,0.0921534341581999,0.00465341376556007,0.0440950515351172,0.203041330131937,0.312845354230066,0.221602660072468,"Human_Breast_He_06222020_ST_BC23272_E2"
"Human_Breast_He_06222020_ST_BC23272_E2_23x28",0.0222071718092377,0.0325152779805842,0.0304151413312541,0.0232644735372314,0.0115514035543085,0.0473371470002543,0.191877991354837,0.344898184098896,0.295933209333397,"Human_Breast_He_06222020_ST_BC23272_E2"
"Human_Breast_He_06222020_ST_BC23272_E2_23x29",0.0285919642467484,0.123006383176513,0.0260752265504969,0.00204183392576254,0.000633445358451842,0.164620442342456,0.0805539469691906,0.388634228419188,0.185842529011194,"Human_Breast_He_06222020_ST_BC23272_E2"
"Human_Breast_He_06222020_ST_BC23272_E2_20x21",0.0185420500352488,0.100435980926023,0.0236822519055779,0.0334765404887506,0.00931021283745125,0.0312864962895353,0.283935185712984,0.201378514957265,0.297952766847164,"Human_Breast_He_06222020_ST_BC23272_E2"
"Human_Breast_He_06222020_ST_BC23272_E2_11x8",0.0212107211177591,0.113690970433966,0.0351847449961802,0.161354428057842,0.0445776516934478,0.0535385962471661,0.203182368370062,0.123285010325051,0.243975508758526,"Human_Breast_He_06222020_ST_BC23272_E2"
"Human_Breast_He_06222020_ST_BC23272_E2_11x9",0.0336665176974796,0.129659928043086,0.0595433699786596,0.0703954974521794,0.023985386973574,0.063030695231543,0.251810767485595,0.0603651330762172,0.307542704061665,"Human_Breast_He_06222020_ST_BC23272_E2"
"Human_Breast_He_06222020_ST_BC23272_E2_3x22",0.00822384068837836,0.00578951949424084,0.0166248019001243,0.00493669847738803,0.00257558185074772,0.0593753612197927,0.400727376268391,0.131177371771908,0.370569448329029,"Human_Breast_He_06222020_ST_BC23272_E2"
"Human_Breast_He_06222020_ST_BC23272_E2_20x22",0.00739536197024578,0.0120510206351587,0.113478952145003,0.00300555587654521,0.000759654957289696,0.0709988816075555,0.174322760568021,0.340520924436359,0.277466887803822,"Human_Breast_He_06222020_ST_BC23272_E2"
"Human_Breast_He_06222020_ST_BC23272_E2_18x28",0.00530640683774792,0.0847571694062683,0.0151872531744252,0.0138611100174195,0.00828084936742038,0.0678337770652569,0.190759084495738,0.286295782813579,0.327718566822145,"Human_Breast_He_06222020_ST_BC23272_E2"
"Human_Breast_He_06222020_ST_BC23272_E2_18x29",0.00266917214436875,0.12260198295877,0.0041263677801026,0.000415554851747664,0.000639814945686911,0.0198368767981066,0.198835334609714,0.348449925099834,0.302424970811669,"Human_Breast_He_06222020_ST_BC23272_E2"
"Human_Breast_He_06222020_ST_BC23272_E2_18x26",0.00112784546933483,0.0420180279484827,0.00174726455105172,0.00224084336770175,0.00326387882230048,0.0210282566470244,0.124482455666862,0.417847661015633,0.386243766511609,"Human_Breast_He_06222020_ST_BC23272_E2"
"Human_Breast_He_06222020_ST_BC23272_E2_18x27",0.00660692700488935,0.160901889288438,0.0242738477144897,0.000146576745625886,0.000731214242296258,0.0438940459682856,0.142362736884548,0.124451003252618,0.496631758898808,"Human_Breast_He_06222020_ST_BC23272_E2"
"Human_Breast_He_06222020_ST_BC23272_E2_18x24",0.00333800649695997,0.0503395733634453,0.00659220939382805,0.00506731667908276,0.000468708770701844,0.0230743902280007,0.0829459680966223,0.710411442941334,0.117762384030026,"Human_Breast_He_06222020_ST_BC23272_E2"
"Human_Breast_He_06222020_ST_BC23272_E2_18x25",0.00928043153034674,0.0757147826793748,0.0206991561448685,0.0116482972982802,0.00256876855396491,0.0323606363934532,0.0827113273636269,0.633867822700131,0.131148777335954,"Human_Breast_He_06222020_ST_BC23272_E2"
"Human_Breast_He_06222020_ST_BC23272_E2_18x22",0.00137490546712185,0.077446577306436,0.000779365744897435,0.000225362119387079,0.000155257468417923,0.0152036819433438,0.199531098470614,0.454601084271755,0.250682667208027,"Human_Breast_He_06222020_ST_BC23272_E2"
"Human_Breast_He_06222020_ST_BC23272_E2_18x23",0.000394964687531674,0.00895803176977144,0.000181913861283192,0.000216213053851448,4.69796806072508e-05,0.00933104175415767,0.020518842907362,0.915879282344823,0.0444727299406126,"Human_Breast_He_06222020_ST_BC23272_E2"
"Human_Breast_He_06222020_ST_BC23272_E2_18x20",0.00596242015810836,0.0708998433353077,0.00378959554137932,0.00111620657164335,0.00117529620771583,0.0423374323612297,0.244934279458078,0.171009036389593,0.458775889976944,"Human_Breast_He_06222020_ST_BC23272_E2"
"Human_Breast_He_06222020_ST_BC23272_E2_18x21",0.00484879084750157,0.0589324705618808,0.0143607883931358,0.016574636561544,0.0144457752218854,0.0721217470027526,0.286662257586093,0.312321974789065,0.219731559036142,"Human_Breast_He_06222020_ST_BC23272_E2"
"Human_Breast_He_06222020_ST_BC23272_E2_20x27",0.0584051740174051,0.111621153881013,0.0196717876008686,0.0286702150434399,0.00606484525506587,0.16978861812909,0.0705697477362516,0.303234662091185,0.231973796245681,"Human_Breast_He_06222020_ST_BC23272_E2"
"Human_Breast_He_06222020_ST_BC23272_E2_30x29",0.00310685729314206,0.0133340834802452,0.0089556769843438,0.000263767472341294,0.000304924204693329,0.0395032832806559,0.185941592817756,0.483565036090326,0.265024778376496,"Human_Breast_He_06222020_ST_BC23272_E2"
"Human_Breast_He_06222020_ST_BC23272_E2_23x21",0.0431933607498488,0.0929818603848062,0.0257058103250918,0.0294042020794554,0.0117230429021843,0.0310440522739943,0.171392856845524,0.395486145771242,0.199068668667853,"Human_Breast_He_06222020_ST_BC23272_E2"
"Human_Breast_He_06222020_ST_BC23272_E2_4x9",0.00826271570225683,0.0401105595061147,0.00365396802023545,0.159245292572595,0.0081987369635076,0.0806489131786918,0.224597383412061,0.112152979037263,0.363129451607275,"Human_Breast_He_06222020_ST_BC23272_E2"
"Human_Breast_He_06222020_ST_BC23272_E2_4x7",0.000899487059412481,0.0543345245786018,0.000973780360446442,0.0121838695914486,0.00181489007760443,0.00332359699772008,0.2532587244008,0.105904483175726,0.567306643758241,"Human_Breast_He_06222020_ST_BC23272_E2"
"Human_Breast_He_06222020_ST_BC23272_E2_4x6",0.00442687665030518,0.0723011961864171,0.00422912467655301,0.114174111323562,0.00799890998216451,0.027090246200429,0.258393679152359,0.0986376011026068,0.412748254725603,"Human_Breast_He_06222020_ST_BC23272_E2"
"Human_Breast_He_06222020_ST_BC23272_E2_11x14",0.00219080329074141,0.112436741809481,0.143765349754198,0.0166427350496103,0.000693740901016182,0.12492777418455,0.249575193550673,0.0687995355469199,0.280968125912809,"Human_Breast_He_06222020_ST_BC23272_E2"
"Human_Breast_He_06222020_ST_BC23272_E2_8x23",0.0373935923576825,0.0625220601869315,0.0340324097583804,0.0255785720212822,0.00557671733516361,0.0978824357541111,0.175852224607556,0.283179324512353,0.277982663466539,"Human_Breast_He_06222020_ST_BC23272_E2"
"Human_Breast_He_06222020_ST_BC23272_E2_8x20",0.00847565915575055,0.0673149814818865,0.0583974391926802,0.00131876155121932,0.000648616641652012,0.00267586582178414,0.24379336746307,0.112769546023303,0.504605762668655,"Human_Breast_He_06222020_ST_BC23272_E2"
"Human_Breast_He_06222020_ST_BC23272_E2_11x12",0.0248531828002299,0.113763180497932,0.148521384683324,0.0111219702842251,0.0120008084014897,0.0205864515955774,0.235998896144959,0.0542137002026943,0.378940425389569,"Human_Breast_He_06222020_ST_BC23272_E2"
"Human_Breast_He_06222020_ST_BC23272_E2_11x10",0.0143486409492376,0.0944353453925446,0.0560872950075771,0.0122154701051041,0.00321228261941744,0.0838252867518103,0.253876475333748,0.227268300198923,0.254730903641639,"Human_Breast_He_06222020_ST_BC23272_E2"
"Human_Breast_He_06222020_ST_BC23272_E2_8x16",0.0327792917161502,0.0974190575357216,0.0506186276551886,0.00173111319526222,0.000437174928281818,0.0819483962556347,0.154989111652729,0.00150443665896005,0.578572790402072,"Human_Breast_He_06222020_ST_BC23272_E2"
"Human_Breast_He_06222020_ST_BC23272_E2_8x24",0.00223073954540472,0.04309228782456,0.0163165173718381,0.000666159053414066,0.00159347418174376,0.0911453764594619,0.327711288654324,0.00350865741697003,0.513735499492284,"Human_Breast_He_06222020_ST_BC23272_E2"
"Human_Breast_He_06222020_ST_BC23272_E2_24x16",0.0176202800604463,0.075218609349426,0.00562565246882678,0.0865916014352468,0.0226284464894804,0.0525526472087149,0.109009853845701,0.38618535648404,0.244567552658117,"Human_Breast_He_06222020_ST_BC23272_E2"
"Human_Breast_He_06222020_ST_BC23272_E2_20x32",0.029912918711087,0.113387007053767,0.0662853836373892,0.0613172534422749,0.0228784423707099,0.081919897601773,0.149238323960488,0.242155429707031,0.232905343515479,"Human_Breast_He_06222020_ST_BC23272_E2"
"Human_Breast_He_06222020_ST_BC23272_E2_20x33",0.00184504711785308,0.0253053089571831,0.00115602209562666,0.00628430697818262,0.00139235611124701,0.0598931097343668,0.14018863873734,0.469788391253584,0.294146819014618,"Human_Breast_He_06222020_ST_BC23272_E2"
"Human_Breast_He_06222020_ST_BC23272_E2_20x30",0.0312713680677743,0.138531518936029,0.0701163065449533,0.197015193298769,0.0283769139655298,0.0631560995708536,0.0527932085543118,0.241675835991173,0.177063555070606,"Human_Breast_He_06222020_ST_BC23272_E2"
"Human_Breast_He_06222020_ST_BC23272_E2_20x31",0.00849786822387383,0.0191135932979849,0.0766778523226582,0.154875452860755,0.00717569564159742,0.190074222629328,0.128843872056249,0.176282689134006,0.238458753833548,"Human_Breast_He_06222020_ST_BC23272_E2"
"Human_Breast_He_06222020_ST_BC23272_E2_20x34",0.00573441379266127,0.0430907864735998,0.0359688595327502,3.95796468412347e-05,3.89306074291167e-05,0.0749549064036002,0.174103575416061,0.233017966535306,0.433050981591751,"Human_Breast_He_06222020_ST_BC23272_E2"
"Human_Breast_He_06222020_ST_BC23272_E2_12x9",0.00146823891737518,0.0157481089228739,0.00175216595588444,9.80414314367916e-05,0.00010381587613173,0.0409417114814464,0.193755945936934,0.408164980231926,0.337966991245991,"Human_Breast_He_06222020_ST_BC23272_E2"
"Human_Breast_He_06222020_ST_BC23272_E2_2x7",0.115987085221454,0.128295076706313,0.00275891986761515,0.0189000895193579,0.0044325405958847,0.163560504422566,0.321387610025369,0.0624199125632132,0.182258261078227,"Human_Breast_He_06222020_ST_BC23272_E2"
"Human_Breast_He_06222020_ST_BC23272_E2_22x15",0.026592452251756,0.100966712355507,0.0491262671135695,0.00973816013960441,0.00664187045068065,0.00438339783617161,0.209353897245806,0.381192179606922,0.212005062999982,"Human_Breast_He_06222020_ST_BC23272_E2"
"Human_Breast_He_06222020_ST_BC23272_E2_8x11",0.00688656991528303,0.0881147243234092,0.0101855226028804,0.0412750744147321,0.00868177857321591,0.162652453582533,0.176732294830641,0.19036477041341,0.315106811343896,"Human_Breast_He_06222020_ST_BC23272_E2"
"Human_Breast_He_06222020_ST_BC23272_E2_6x17",4.07412867501159e-05,0.0086892814752232,1.4311992525136e-05,0.00054924545308123,0.000450336699813831,0.00163528483155055,0.44020688109067,0.168183614649513,0.380230302520873,"Human_Breast_He_06222020_ST_BC23272_E2"
"Human_Breast_He_06222020_ST_BC23272_E2_23x19",0.0242533471685963,0.137853400648927,0.010324490891048,0.00699810279952778,0.00734718583102903,0.111668336884515,0.178436947594769,0.172160781897889,0.350957406283698,"Human_Breast_He_06222020_ST_BC23272_E2"
"Human_Breast_He_06222020_ST_BC23272_E2_23x18",0.00950865758026295,0.0926145196684319,0.0148607185394919,0.00434876181142231,0.00145795830258095,0.0589870951723361,0.209579092752197,0.317944347648099,0.290698848525178,"Human_Breast_He_06222020_ST_BC23272_E2"
"Human_Breast_He_06222020_ST_BC23272_E2_13x17",0.021294858242056,0.0399303562997576,0.0064363738275257,0.000906881207278403,0.000547723588639233,0.00901388237475993,0.194942276574001,0.312459775812899,0.414467872073084,"Human_Breast_He_06222020_ST_BC23272_E2"
"Human_Breast_He_06222020_ST_BC23272_E2_24x19",0.0195837140021703,0.0413861683994889,0.0502039027842776,0.105387597297913,0.0322570830016542,0.108596595569018,0.0914481763611835,0.295480958605512,0.255655803978783,"Human_Breast_He_06222020_ST_BC23272_E2"
"Human_Breast_He_06222020_ST_BC23272_E2_23x15",0.0144311344854016,0.0385925913241421,0.0129894308604786,0.0178574003189043,0.00549195644060862,0.0127679834108737,0.654645331616324,0.132183086110336,0.111041085432931,"Human_Breast_He_06222020_ST_BC23272_E2"
"Human_Breast_He_06222020_ST_BC23272_E2_23x14",0.0808151496975103,0.143163279147074,0.0721551270693466,0.0139193625780653,0.00581791927296263,0.0725948974697,0.124983291684339,0.293477140641098,0.193073832439905,"Human_Breast_He_06222020_ST_BC23272_E2"
"Human_Breast_He_06222020_ST_BC23272_E2_23x17",0.0120783357509002,0.127841634435731,0.0102382514462308,0.0127631954117844,0.00452764561943014,0.129945899670526,0.110029363825645,0.308617156359394,0.283958517480359,"Human_Breast_He_06222020_ST_BC23272_E2"
"Human_Breast_He_06222020_ST_BC23272_E2_23x16",0.0390531697650461,0.0942226206130534,0.0329418846963769,0.0204670201300204,0.00441128676939589,0.00851603491996057,0.262375839626824,0.192228048296186,0.345784095183137,"Human_Breast_He_06222020_ST_BC23272_E2"
"Human_Breast_He_06222020_ST_BC23272_E2_8x22",0.0812992273189325,0.0638116127351905,0.147966835046216,0.00396007644545956,0.00737054440266162,0.0747043511815728,0.156092442068317,0.00443186752416619,0.460363043277484,"Human_Breast_He_06222020_ST_BC23272_E2"
"Human_Breast_He_06222020_ST_BC23272_E2_11x15",0.0174784351571584,0.124491429791276,0.0248526422482909,0.0453719259264534,0.00901167682815075,0.047799224387513,0.179934594642345,0.269021929003264,0.282038142015548,"Human_Breast_He_06222020_ST_BC23272_E2"
"Human_Breast_He_06222020_ST_BC23272_E2_11x16",0.0147094399955755,0.0916099009095193,0.0268904545132722,0.0369501641313885,0.00502512312129574,0.132550817816398,0.240216258948979,0.0111773842980845,0.440870456265487,"Human_Breast_He_06222020_ST_BC23272_E2"
"Human_Breast_He_06222020_ST_BC23272_E2_8x21",0.0170500101495535,0.0285065101321208,0.0144441537855183,0.0466001196834968,0.0122878093181948,0.00754356933895976,0.302500395516945,0.13823517484822,0.432832257226991,"Human_Breast_He_06222020_ST_BC23272_E2"
"Human_Breast_He_06222020_ST_BC23272_E2_8x26",0.00250350568487013,0.0124507649582853,0.000809027377265154,0.00364953076749398,0.0019174718212523,0.0475745138756063,0.353104485772548,0.00429659179270146,0.573694107949977,"Human_Breast_He_06222020_ST_BC23272_E2"
"Human_Breast_He_06222020_ST_BC23272_E2_8x27",0.0259931703007497,0.0593879655425769,0.261165913410586,0.00254061508240533,0.00764957355504791,0.00186674683649565,0.292295333855474,0.0440146357429972,0.305086045673667,"Human_Breast_He_06222020_ST_BC23272_E2"
"Human_Breast_He_06222020_ST_BC23272_E2_8x25",0.00470062823121241,0.0505796805099921,0.00574533090440525,0.0011319100511433,0.00146892838101062,0.0418150409582151,0.180056681764446,0.323498738026859,0.391003061172716,"Human_Breast_He_06222020_ST_BC23272_E2"
"Human_Breast_He_06222020_ST_BC23272_E2_14x23",0.00843611269952667,0.0892261189549526,0.00671211577688908,0.11876428293244,0.0105758483676916,0.0643003884257798,0.250749956671343,0.129729843405926,0.321505332765452,"Human_Breast_He_06222020_ST_BC23272_E2"
"Human_Breast_He_06222020_ST_BC23272_E2_11x18",0.00797984344155467,0.0924373810366855,0.0616542819111167,0.0548034930906925,0.00709254409570794,0.0833832839462238,0.082419766704683,0.104185050240976,0.50604435553236,"Human_Breast_He_06222020_ST_BC23272_E2"
"Human_Breast_He_06222020_ST_BC23272_E2_11x19",0.00759487256567734,0.0853303674874781,0.00936811501554866,0.013773476048908,0.0103589818799761,0.0140204268380842,0.221294582483753,0.308848701392399,0.329410476288175,"Human_Breast_He_06222020_ST_BC23272_E2"
"Human_Breast_He_06222020_ST_BC23272_E2_17x18",0.00143505682419271,0.08415860987406,0.0154710825464252,0.00311245520089789,0.00305889026595586,0.114475534539076,0.231406818357485,0.203856580432485,0.343024971959421,"Human_Breast_He_06222020_ST_BC23272_E2"
"Human_Breast_He_06222020_ST_BC23272_E2_2x14",0.00767035179388567,0.0969526383559933,0.0113242423828496,0.00191978393538198,0.00244352341120957,0.00652899175840622,0.292667435553969,0.139909228908479,0.440583803899826,"Human_Breast_He_06222020_ST_BC23272_E2"
"Human_Breast_He_06222020_ST_BC23272_E2_2x17",0.00204008922678165,0.0138267652987818,0.00302933702977415,0.0284418539780856,0.00380988950926549,0.0182507811671252,0.434365299558477,0.173137646293189,0.32309833793852,"Human_Breast_He_06222020_ST_BC23272_E2"
"Human_Breast_He_06222020_ST_BC23272_E2_2x16",0.00742919917627483,0.0829966830569233,0.0249829785481793,0.00194308305479929,0.000573470704047507,0.0899998922685981,0.123302043971773,0.436497264088905,0.2322753851305,"Human_Breast_He_06222020_ST_BC23272_E2"
"Human_Breast_He_06222020_ST_BC23272_E2_2x11",0.000865253443709473,0.0259984342518567,0.00359967219511914,0.000141336533255973,0.000201570611030936,0.0721803581953784,0.413729640078562,0.000546065233575237,0.482737669457512,"Human_Breast_He_06222020_ST_BC23272_E2"
"Human_Breast_He_06222020_ST_BC23272_E2_2x10",0.0139520301568857,0.108053750931537,0.00552823567921189,0.0607398826580537,0.0196292752388282,0.0686438185634749,0.340422866913327,0.0256906459127147,0.357339493945967,"Human_Breast_He_06222020_ST_BC23272_E2"
"Human_Breast_He_06222020_ST_BC23272_E2_2x13",0.00410796079006869,0.0560498958915143,0.00477271150246094,0.00170787658836698,0.00432594218990861,0.0406560037495209,0.324305365894769,0.214346518506201,0.34972772488719,"Human_Breast_He_06222020_ST_BC23272_E2"
"Human_Breast_He_06222020_ST_BC23272_E2_2x12",0.00400481055083137,0.0828003256970959,0.0177235052112034,0.0671341200480792,0.00736855005856512,0.0200946795927002,0.223034240396431,0.360456509507369,0.217383258937725,"Human_Breast_He_06222020_ST_BC23272_E2"
"Human_Breast_He_06222020_ST_BC23272_E2_26x19",0.0262596591432698,0.0415989436251774,0.0884789365086637,0.215004635251699,0.0146802917314421,0.0198301936513071,0.1749627485605,0.160140874414594,0.259043717113347,"Human_Breast_He_06222020_ST_BC23272_E2"
"Human_Breast_He_06222020_ST_BC23272_E2_2x19",0.00617573546306334,0.0339628720586439,0.00294497420188299,0.00276562302415218,0.00285843181346634,0.030442057421204,0.257833486124755,0.0375610222458451,0.625455797646987,"Human_Breast_He_06222020_ST_BC23272_E2"
"Human_Breast_He_06222020_ST_BC23272_E2_2x18",0.00242749040456713,0.0132866103765041,0.0283874671344489,0.00302074299354632,0.00551180610855562,0.0167732957905554,0.335724208950647,0.0414545000129382,0.553413878228237,"Human_Breast_He_06222020_ST_BC23272_E2"
"Human_Breast_He_06222020_ST_BC23272_E2_17x12",0.0338258303018065,0.155682305917877,0.052059971909789,0.111673980221609,0.0312868299605217,0.121795246757699,0.135528085505135,0.115562949033313,0.242584800392249,"Human_Breast_He_06222020_ST_BC23272_E2"
"Human_Breast_He_06222020_ST_BC23272_E2_17x13",0.0468222569879559,0.147881243274091,0.18038458905248,0.0123188318332386,0.00430882459201506,0.138731749644,0.0901781537724195,0.223515893978858,0.155858456864941,"Human_Breast_He_06222020_ST_BC23272_E2"
"Human_Breast_He_06222020_ST_BC23272_E2_17x16",0.00519493636823897,0.10660448351261,0.153040635973345,0.00944886903838649,0.00338304174147634,0.0288449163866694,0.15828283277399,0.372421224374649,0.162779059830634,"Human_Breast_He_06222020_ST_BC23272_E2"
"Human_Breast_He_06222020_ST_BC23272_E2_17x17",0.0111516189505845,0.135194630148036,0.0153815448776338,0.00418406903485901,0.00397504437070264,0.0197087019841465,0.0813530069458738,0.459801157723005,0.269250225965159,"Human_Breast_He_06222020_ST_BC23272_E2"
"Human_Breast_He_06222020_ST_BC23272_E2_14x20",0.00432592786757124,0.0407567010398757,0.00265487919405205,0.00437378352218556,0.00409680989971678,0.0235300093165253,0.226917468830944,0.253377355547259,0.43996706478187,"Human_Breast_He_06222020_ST_BC23272_E2"
"Human_Breast_He_06222020_ST_BC23272_E2_17x15",0.0117767846824024,0.0844836468026097,0.141567341854644,0.000658768182205873,0.000369525871037545,0.0462145441353514,0.207219283894077,0.136948082673198,0.370762021904475,"Human_Breast_He_06222020_ST_BC23272_E2"
"Human_Breast_He_06222020_ST_BC23272_E2_8x7",0.00802230965762496,0.143008919995185,0.0789681492115738,0.00527789477787619,0.00144423219348189,0.137263437283331,0.216974543659092,0.193722469094199,0.215318044127637,"Human_Breast_He_06222020_ST_BC23272_E2"
"Human_Breast_He_06222020_ST_BC23272_E2_17x19",0.00243749888014109,0.155486783637364,0.00583048216935516,0.00032912673859781,0.000226100334291102,0.0595962439785017,0.194958072608074,0.166639049560518,0.414496642093157,"Human_Breast_He_06222020_ST_BC23272_E2"
"Human_Breast_He_06222020_ST_BC23272_E2_10x26",0.0110514646340514,0.120726824951439,0.039685396526607,0.000295656985033005,0.00158053873991009,0.00794689103541378,0.334009562951077,0.138105719911033,0.346597944265436,"Human_Breast_He_06222020_ST_BC23272_E2"
"Human_Breast_He_06222020_ST_BC23272_E2_10x27",0.0101325892909307,0.105392943128429,0.100735649015774,0.143699096030347,0.0252335381263031,0.150445308259697,0.107864992742949,0.205732106004185,0.150763777401385,"Human_Breast_He_06222020_ST_BC23272_E2"
"Human_Breast_He_06222020_ST_BC23272_E2_10x24",0.00356252916436129,0.0953029875958711,0.0137964348282416,0.0389038594598306,0.00497838125735209,0.0791280751327297,0.198905098736719,0.318888294817981,0.246534339006913,"Human_Breast_He_06222020_ST_BC23272_E2"
"Human_Breast_He_06222020_ST_BC23272_E2_10x25",0.0457725511613538,0.0496068319816829,0.0068292023906444,0.379598068685181,0.0184695366216059,0.00779296738945957,0.239315170733119,0.0375261253645799,0.215089545672374,"Human_Breast_He_06222020_ST_BC23272_E2"
"Human_Breast_He_06222020_ST_BC23272_E2_10x22",0.0102218863914241,0.104425324428986,0.0377976858212229,0.000142222723384242,0.000152106799987233,0.0994171230618234,0.0394275447167561,0.245287707647432,0.463128398408984,"Human_Breast_He_06222020_ST_BC23272_E2"
"Human_Breast_He_06222020_ST_BC23272_E2_10x23",0.00283625924663893,0.0661706375428755,0.0131354738897435,0.00317445958875946,0.00117658437661812,0.0203166005437173,0.294178896799622,0.083737122469258,0.515273965542767,"Human_Breast_He_06222020_ST_BC23272_E2"
"Human_Breast_He_06222020_ST_BC23272_E2_10x20",0.00767886119619842,0.0773795042517515,0.0251298413306076,0.00583749897624663,0.00450582402720612,0.0317338537852368,0.164015925445936,0.266098095194135,0.417620595792682,"Human_Breast_He_06222020_ST_BC23272_E2"
"Human_Breast_He_06222020_ST_BC23272_E2_10x21",0.0121668647199952,0.0164563745634707,0.00991388143223998,0.125553958496705,0.0170265733494382,0.046451839139222,0.2581880910138,0.00475951204281798,0.509482905242311,"Human_Breast_He_06222020_ST_BC23272_E2"
"Human_Breast_He_06222020_ST_BC23272_E2_10x28",0.0171807600006525,0.0933398778530259,0.0635880007285479,0.0203878294112346,0.00577442116913487,0.0570930016029968,0.131875922719902,0.126657489508779,0.484102697005726,"Human_Breast_He_06222020_ST_BC23272_E2"
"Human_Breast_He_06222020_ST_BC23272_E2_10x29",0.00915076348774626,0.0631045230031592,0.00164296580794658,0.00125958150833264,0.000176793206548767,0.00299209283570862,0.237692838668377,0.330254507827617,0.353725933654564,"Human_Breast_He_06222020_ST_BC23272_E2"
"Human_Breast_He_06222020_ST_BC23272_E2_7x16",0.0098645979585601,0.0858547557299565,0.0293626195280288,0.00204618229959048,0.00106438536082783,0.112245417775346,0.153534623900842,0.349110983984349,0.2569164334625,"Human_Breast_He_06222020_ST_BC23272_E2"
"Human_Breast_He_06222020_ST_BC23272_E2_7x17",0.0187892872493889,0.0869554827989765,0.077332177651313,0.00128516843762831,0.00174953216369458,0.136564403015768,0.202727390229855,0.00387577514022639,0.470720783313149,"Human_Breast_He_06222020_ST_BC23272_E2"
"Human_Breast_He_06222020_ST_BC23272_E2_7x14",0.00631336446230773,0.0638476126724585,0.0328483600119751,0.0813234052280076,0.0273733687169785,0.0689092478202679,0.205893219688172,0.042381202714424,0.471110218685409,"Human_Breast_He_06222020_ST_BC23272_E2"
"Human_Breast_He_06222020_ST_BC23272_E2_7x15",0.00755195274054768,0.101056783907284,0.00376385517656474,0.000330757573772865,0.000302920683116939,0.0418280253037951,0.239253934228895,0.112310857924155,0.493600912461869,"Human_Breast_He_06222020_ST_BC23272_E2"
"Human_Breast_He_06222020_ST_BC23272_E2_7x12",0.00616347601444076,0.0731850822658142,0.0232266101031166,0.184466874051029,0.0264327700759482,0.0216934120306491,0.158261899008815,0.210634083291203,0.295935793158984,"Human_Breast_He_06222020_ST_BC23272_E2"
"Human_Breast_He_06222020_ST_BC23272_E2_7x13",0.0151766707159733,0.066118371750754,0.0522620717495462,0.119331499564786,0.0183131004300537,0.0555867077581064,0.236815765775884,0.126988027969282,0.309407784285615,"Human_Breast_He_06222020_ST_BC23272_E2"
"Human_Breast_He_06222020_ST_BC23272_E2_7x10",0.00155109678940239,0.109257821488622,0.0769149704455841,0.00954871837540081,0.00234132301873602,0.00147481389100482,0.275690357818117,0.209518216370422,0.313702681802711,"Human_Breast_He_06222020_ST_BC23272_E2"
"Human_Breast_He_06222020_ST_BC23272_E2_22x19",0.00809326905654751,0.0838011476716869,0.00650654752156879,0.00518802614828745,0.00105901370129393,0.0659703642356798,0.234926100075786,0.246393273667573,0.348062257921577,"Human_Breast_He_06222020_ST_BC23272_E2"
"Human_Breast_He_06222020_ST_BC23272_E2_12x13",0.0323065796119691,0.064654921607742,0.0296848845922468,0.0620295167709881,0.0125215478547286,0.0806035391493106,0.179607191455959,0.116196756850323,0.422395062106733,"Human_Breast_He_06222020_ST_BC23272_E2"
"Human_Breast_He_06222020_ST_BC23272_E2_7x18",0.0216487401951492,0.0438072230751535,0.0947412475313284,0.0167918040534894,0.0183556074341172,0.223297571420047,0.114875591044298,0.196518463397342,0.269963751849074,"Human_Breast_He_06222020_ST_BC23272_E2"
"Human_Breast_He_06222020_ST_BC23272_E2_7x19",0.00733905774484293,0.0214470905091911,0.00462073240949363,0.0130418423810501,0.00438901346611157,0.0300975841903459,0.199572252646742,0.28765189347258,0.431840533179643,"Human_Breast_He_06222020_ST_BC23272_E2"
"Human_Breast_He_06222020_ST_BC23272_E2_19x34",0.0534092535042508,0.0529083384527863,0.00389519407703302,0.142589518266437,0.0241376620355704,0.0963727468095593,0.204614459390605,0.166284005302493,0.255788822161266,"Human_Breast_He_06222020_ST_BC23272_E2"
"Human_Breast_He_06222020_ST_BC23272_E2_19x30",0.014753560337949,0.113692834014324,0.0124800770749992,0.00124892062630351,0.00113825556136601,0.072902917652869,0.120089865588766,0.375627259225706,0.288066309917718,"Human_Breast_He_06222020_ST_BC23272_E2"
"Human_Breast_He_06222020_ST_BC23272_E2_30x31",0.00698484667508629,0.0313448538912103,0.00157431283876456,0.0221703962352237,0.00574733190283209,0.0204879613258956,0.340020793540099,0.175844857914741,0.395824645676148,"Human_Breast_He_06222020_ST_BC23272_E2"
"Human_Breast_He_06222020_ST_BC23272_E2_21x17",0.00219594044717328,0.0448873366149146,0.011864882708279,0.013586447541992,0.00136743591552033,0.00312347456372608,0.328883272245348,0.266968892620798,0.327122317342249,"Human_Breast_He_06222020_ST_BC23272_E2"
"Human_Breast_He_06222020_ST_BC23272_E2_21x16",0.00636673844860835,0.00716324349008194,0.00231318615934692,0.000423333535200519,0.000329218767248571,0.0024581974874557,0.613299633104841,0.00606726348930003,0.361579185517917,"Human_Breast_He_06222020_ST_BC23272_E2"
"Human_Breast_He_06222020_ST_BC23272_E2_21x15",0.0110824261886636,0.170833267823607,0.00646073934079205,0.0029874264001962,0.00105652577872648,0.0046501339183015,0.21656125896979,0.209820080459895,0.376548141120029,"Human_Breast_He_06222020_ST_BC23272_E2"
"Human_Breast_He_06222020_ST_BC23272_E2_21x14",0.00421598231458423,0.159483064275317,0.00666925593191597,0.0199804806124709,0.0056718100381557,0.136970982490854,0.287429381446166,0.124052480980887,0.25552656190965,"Human_Breast_He_06222020_ST_BC23272_E2"
"Human_Breast_He_06222020_ST_BC23272_E2_21x13",0.0627172138120474,0.094630058103767,0.101018804496367,0.00890374861549516,0.00509369336104405,0.13602662895861,0.160269601350791,0.184275392578231,0.247064858723648,"Human_Breast_He_06222020_ST_BC23272_E2"
"Human_Breast_He_06222020_ST_BC23272_E2_2x6",0.0181523813599953,0.127379986022257,0.0619557520968665,0.00639600892383292,0.0016875787827558,0.133499313778276,0.193736864441058,0.0919759954929771,0.365216119101981,"Human_Breast_He_06222020_ST_BC23272_E2"
"Human_Breast_He_06222020_ST_BC23272_E2_21x19",0.013348378459783,0.0557065763084027,0.010153251681173,0.0014150885167964,0.00476116758989362,0.102515237151408,0.146347069625972,0.343388899697148,0.322364330969424,"Human_Breast_He_06222020_ST_BC23272_E2"
"Human_Breast_He_06222020_ST_BC23272_E2_21x18",0.00677376183691818,0.107099200612439,0.00785749249286089,0.00421904969675275,0.00214371853706021,0.127020241003945,0.182709254739798,0.287237111440083,0.274940169640143,"Human_Breast_He_06222020_ST_BC23272_E2"
"Human_Breast_He_06222020_ST_BC23272_E2_5x7",0.00485960059051976,0.225238743398603,0.0464311038603369,0.00175393566516993,0.00124282236665708,0.0751772197578717,0.115843381971447,0.191540113339318,0.337913079050077,"Human_Breast_He_06222020_ST_BC23272_E2"
"Human_Breast_He_06222020_ST_BC23272_E2_5x8",0.000882778462693288,0.0066840891252972,0.000364104746221985,9.73409003426961e-05,4.50155970268111e-05,0.00902616465853262,0.191389786267928,0.405372179018107,0.38613854122385,"Human_Breast_He_06222020_ST_BC23272_E2"
"Human_Breast_He_06222020_ST_BC23272_E2_9x25",0.00156737843723982,0.0462139148454277,0.00609622752505809,0.00170550805017936,0.00138862380765666,0.0132194276167903,0.342774169229015,0.112048480057098,0.474986270431535,"Human_Breast_He_06222020_ST_BC23272_E2"
"Human_Breast_He_06222020_ST_BC23272_E2_9x24",0.0147649572764762,0.0486534623333363,0.0164810953943572,0.137661720635822,0.0254878675679448,0.153456948616419,0.215995577711847,0.121622337598907,0.26587603286489,"Human_Breast_He_06222020_ST_BC23272_E2"
"Human_Breast_He_06222020_ST_BC23272_E2_9x27",0.0187341605219845,0.150927668101132,0.0480695191655862,0.00513786696086364,0.00637563769920221,0.0347550318221897,0.223372792128795,0.108456219152827,0.40417110444742,"Human_Breast_He_06222020_ST_BC23272_E2"
"Human_Breast_He_06222020_ST_BC23272_E2_13x28",0.0184510425311067,0.130069375662798,0.0141664175846492,0.0053723651361312,0.00273636373377486,0.0440788750450248,0.294430588085794,0.130394196097206,0.360300776123515,"Human_Breast_He_06222020_ST_BC23272_E2"
"Human_Breast_He_06222020_ST_BC23272_E2_9x21",0.0231412121779982,0.0349153960514731,0.0076193937352922,0.00583249735223144,0.00607307673274027,0.00695417387023109,0.319589008135684,0.0902771269959209,0.505598114948429,"Human_Breast_He_06222020_ST_BC23272_E2"
"Human_Breast_He_06222020_ST_BC23272_E2_12x29",0.0131958182588044,0.138055952942413,0.017532863753507,0.0580675217893097,0.00541711281970944,0.0763537103744854,0.124431949738276,0.277133278640149,0.289811791683347,"Human_Breast_He_06222020_ST_BC23272_E2"
"Human_Breast_He_06222020_ST_BC23272_E2_9x23",0.0042142750031294,0.0326100612894406,0.0111477238199352,0.0244470689696886,0.00175550870686586,0.0130158274494791,0.291647904641224,0.0347897660806654,0.586371864039572,"Human_Breast_He_06222020_ST_BC23272_E2"
"Human_Breast_He_06222020_ST_BC23272_E2_9x22",0.0266056515788843,0.0865773036558215,0.00549183646853653,0.00781801795236783,0.00339999160592185,0.0204870613514347,0.31239406832886,0.141350538897829,0.395875530160344,"Human_Breast_He_06222020_ST_BC23272_E2"
"Human_Breast_He_06222020_ST_BC23272_E2_13x23",0.00776922333546721,0.0989979260519201,0.00203419870495442,9.8921961127377e-05,0.000673555894060342,0.0227890746659947,0.120984957475047,0.27215146732774,0.474500674583689,"Human_Breast_He_06222020_ST_BC23272_E2"
"Human_Breast_He_06222020_ST_BC23272_E2_13x22",0.00544351999613711,0.0196763661274411,0.00552122536563819,0.000282302530583544,0.00168111879083888,0.0614580391687421,0.170232078297004,0.460488727305233,0.275216622418382,"Human_Breast_He_06222020_ST_BC23272_E2"
"Human_Breast_He_06222020_ST_BC23272_E2_13x21",0.0223397713523862,0.0425862160970471,0.00708514260374912,0.0264921235648408,0.00301369999078025,0.0284124924288048,0.269230714247381,0.296215502858631,0.30462433685638,"Human_Breast_He_06222020_ST_BC23272_E2"
"Human_Breast_He_06222020_ST_BC23272_E2_12x27",0.00114625656823301,0.117227930161792,0.00525514984063457,0.00125233300821673,0.00140283642319121,0.0188591204247199,0.111386895267767,0.0784563138428463,0.665013164462599,"Human_Breast_He_06222020_ST_BC23272_E2"
"Human_Breast_He_06222020_ST_BC23272_E2_12x21",0.017533924906069,0.165005262056975,0.0353129374478593,0.000777235288815662,0.000411814883180688,0.0245157408013198,0.200988518932587,0.0620285563562845,0.493426009326909,"Human_Breast_He_06222020_ST_BC23272_E2"
"Human_Breast_He_06222020_ST_BC23272_E2_12x22",0.0040467983757211,0.107162081616571,0.00801289529110003,0.00523877177286679,0.00179659427475621,0.00246060882044946,0.163305724883607,0.45729169388405,0.250684831080878,"Human_Breast_He_06222020_ST_BC23272_E2"
"Human_Breast_He_06222020_ST_BC23272_E2_12x23",0.0142704353660105,0.0719771377096705,0.0519446271332185,0.00458163169723818,0.00168755019482673,0.0166209713125592,0.11614361800264,0.323616602141559,0.399157426442278,"Human_Breast_He_06222020_ST_BC23272_E2"
"Human_Breast_He_06222020_ST_BC23272_E2_25x31",0.00191659768658434,0.00659479489845953,0.000864643630829665,0.0115490275874982,0.00643844116806934,0.0319272097928475,0.185887473740224,0.349081837486771,0.405739974008717,"Human_Breast_He_06222020_ST_BC23272_E2"
"Human_Breast_He_06222020_ST_BC23272_E2_25x30",0.00341620399912266,0.0423664999523853,0.0121028865173415,0.0019334642400103,0.00140735242323564,0.0560395648114016,0.150906878572447,0.276791677181357,0.4550354723027,"Human_Breast_He_06222020_ST_BC23272_E2"
"Human_Breast_He_06222020_ST_BC23272_E2_24x17",0.0206025642457343,0.0545999777589729,0.110589520062632,0.0268434660037011,0.011026871967693,0.0764058264184493,0.107439541747364,0.299248064126036,0.293244167669417,"Human_Breast_He_06222020_ST_BC23272_E2"
"Human_Breast_He_06222020_ST_BC23272_E2_30x30",0.00728240027954912,0.1357440503348,0.00306317199571085,0.0103060129620238,0.00319039271780439,0.0917018542022219,0.354143972717628,0.117537514501303,0.277030630288959,"Human_Breast_He_06222020_ST_BC23272_E2"
"Human_Breast_He_06222020_ST_BC23272_E2_3x24",0.01030807942843,0.00570945064787773,0.0162847190969646,0.0612013002229107,0.0289430471254358,0.0343119339988116,0.391075731072484,0.0640779569107952,0.388087781496291,"Human_Breast_He_06222020_ST_BC23272_E2"
"Human_Breast_He_06222020_ST_BC23272_E2_3x23",0.00513168949129513,0.00540964098411087,0.00213591317374919,0.00378398531057638,0.00169355427529404,0.0873967299500756,0.194098689067621,0.229004715761476,0.471345081985802,"Human_Breast_He_06222020_ST_BC23272_E2"
"Human_Breast_He_06222020_ST_BC23272_E2_11x28",0.0177595122936838,0.137553410953341,0.00411672539725449,0.0317008120674854,0.00591959354794525,0.0469637091708455,0.269731408546544,0.147545866686517,0.338708961336383,"Human_Breast_He_06222020_ST_BC23272_E2"
"Human_Breast_He_06222020_ST_BC23272_E2_3x21",0.0215476080035218,0.0148525583315552,0.0330299341812045,0.0240940385259906,0.00151549958740733,0.0112516962662098,0.175476604282985,0.120392778041386,0.59783928277974,"Human_Breast_He_06222020_ST_BC23272_E2"
"Human_Breast_He_06222020_ST_BC23272_E2_3x20",0.00556853157003337,0.0306299296176198,0.00139453552984258,0.00259556369562407,0.00146834270512956,0.0375030476825696,0.275127718584351,0.0867691479679858,0.558943182646844,"Human_Breast_He_06222020_ST_BC23272_E2"
"Human_Breast_He_06222020_ST_BC23272_E2_11x25",0.00226664106286208,0.0031474759847514,0.000756350557315776,0.00564612441850649,0.00114542659729069,0.019622908294167,0.247619771805526,0.0382540307416925,0.681541270537888,"Human_Breast_He_06222020_ST_BC23272_E2"
"Human_Breast_He_06222020_ST_BC23272_E2_11x24",0.0130929476725123,0.0610025672871904,0.0279210777636601,0.00244123334838602,0.00269678542257382,0.0689436289724724,0.28371175225153,0.135565528208246,0.404624479073429,"Human_Breast_He_06222020_ST_BC23272_E2"
"Human_Breast_He_06222020_ST_BC23272_E2_11x27",0.00338383321248489,0.0995257258113321,0.0148799304334384,0.0182639448344735,0.00725747324039013,0.0496910858167002,0.180231917134624,0.0201368563975432,0.606629233119013,"Human_Breast_He_06222020_ST_BC23272_E2"
"Human_Breast_He_06222020_ST_BC23272_E2_11x26",0.0018249585057531,0.015680239070907,0.000426027767301482,0.00071987128007598,0.000141279438645267,0.0248351475312468,0.236211846032082,0.153715668466311,0.566444961907677,"Human_Breast_He_06222020_ST_BC23272_E2"
"Human_Breast_He_06222020_ST_BC23272_E2_11x21",0.035629247571756,0.0572454092950756,0.0101922092645633,0.0108649315061614,0.00698440187127204,0.0113857338255522,0.0905564104818549,0.261654324440882,0.515487331742883,"Human_Breast_He_06222020_ST_BC23272_E2"
"Human_Breast_He_06222020_ST_BC23272_E2_11x20",0.00789931947369028,0.159860921418258,0.0187553398499524,0.00779172171810873,0.00657934690765188,0.0302771396701217,0.126352957402977,0.244064555221688,0.398418698337552,"Human_Breast_He_06222020_ST_BC23272_E2"
"Human_Breast_He_06222020_ST_BC23272_E2_11x23",0.0156120912916558,0.105874653897881,0.00753514344030824,0.00755780829605464,0.00171024324161699,0.0776902928637665,0.201372522678562,0.261185489739283,0.321461754550872,"Human_Breast_He_06222020_ST_BC23272_E2"
"Human_Breast_He_06222020_ST_BC23272_E2_11x22",0.00118408257906987,0.0784398828156957,0.00911412767535421,0.00251760716899515,0.0014522246960327,0.108843682672738,0.254651911557605,0.165909574472631,0.377886906361879,"Human_Breast_He_06222020_ST_BC23272_E2"
"Human_Breast_He_06222020_ST_BC23272_E2_5x6",0.00699270486445159,0.114434777584682,0.00463087678972614,0.000461240531262257,0.000520026613411997,0.012783095859258,0.287283828445964,0.00775464591217053,0.565138803399073,"Human_Breast_He_06222020_ST_BC23272_E2"
"Human_Breast_He_06222020_ST_BC23272_E2_13x27",0.00917251502392055,0.134684939183546,0.00509653865011426,0.0357431426928173,0.0048839005513475,0.0326012542154198,0.204069452321372,0.25166234522653,0.322085912134933,"Human_Breast_He_06222020_ST_BC23272_E2"
"Human_Breast_He_06222020_ST_BC23272_E2_8x18",0.00228526433023234,0.114996240675527,0.0199061541846881,0.00309382778248932,0.000634279722129332,0.0357485620335239,0.11052064857917,0.481042388020637,0.231772634671603,"Human_Breast_He_06222020_ST_BC23272_E2"
"Human_Breast_He_06222020_ST_BC23272_E2_18x19",0.00310885650885184,0.0192224271106504,0.000377015906580102,0.0700347883593361,0.00973058688833689,0.0409224742865549,0.278646712599866,0.0414183518818424,0.536538786457981,"Human_Breast_He_06222020_ST_BC23272_E2"
"Human_Breast_He_06222020_ST_BC23272_E2_18x13",0.0190956744628737,0.134504243794082,0.0646585567271605,0.0855450318818077,0.0232363530611264,0.135389147262124,0.191312254312017,0.090413670055527,0.255845068443281,"Human_Breast_He_06222020_ST_BC23272_E2"
