"","Endothelial","CAFs","PVL","B-cells","T-cells","Myeloid","Normal Epithelial","Plasmablasts","Cancer Epithelial","sid"
"Human_Breast_He_06222020_ST_BC23209_D1_18x14",0.139576453791968,0.0679177274394367,0.025997432808141,0.294317587306232,0.0608977779679761,0.0830475686943213,0.203513434884597,0.0612558300832486,0.0634761870240806,"Human_Breast_He_06222020_ST_BC23209_D1"
"Human_Breast_He_06222020_ST_BC23209_D1_23x20",0.0591377073491327,0.060831384009566,0.0216577248423188,0.441396757376641,0.0833432314360152,0.0784200327497533,0.098315381776988,0.0644785525931114,0.0924192278664734,"Human_Breast_He_06222020_ST_BC23209_D1"
"Human_Breast_He_06222020_ST_BC23209_D1_23x22",0.121674077689139,0.0652027194680197,0.0413684207328621,0.201086864445991,0.072033218042821,0.124962179164286,0.231159818175469,0.0509671965072743,0.0915455057741383,"Human_Breast_He_06222020_ST_BC23209_D1"
"Human_Breast_He_06222020_ST_BC23209_D1_23x23",0.0781732451526572,0.0515525547735179,0.0253734338747574,0.403912726546635,0.0651088242084723,0.053301360618669,0.171521862173598,0.0602824253336833,0.0907735673180094,"Human_Breast_He_06222020_ST_BC23209_D1"
"Human_Breast_He_06222020_ST_BC23209_D1_21x9",0.140043767003868,0.15384327680001,0.0219588887733164,0.044548025550528,0.058067665004909,0.273756406653673,0.108062281785056,0.151178471359432,0.048541217069207,"Human_Breast_He_06222020_ST_BC23209_D1"
"Human_Breast_He_06222020_ST_BC23209_D1_20x22",0.119797946871138,0.108512748209368,0.0326630729807137,0.227430807456713,0.0771847637428565,0.118231025671892,0.155979148533292,0.0931499612809081,0.0670505252531187,"Human_Breast_He_06222020_ST_BC23209_D1"
"Human_Breast_He_06222020_ST_BC23209_D1_25x17",0.034665906450544,0.155162474820513,0.0272924479978872,0.112395340243991,0.0473315212010797,0.197720704296306,0.0194472124645555,0.398310000504868,0.00767439202025616,"Human_Breast_He_06222020_ST_BC23209_D1"
"Human_Breast_He_06222020_ST_BC23209_D1_18x24",0.101051479994587,0.0670679990527434,0.0247076917645682,0.157655736633546,0.0622462327195235,0.0303166198713713,0.324630124190594,0.151179237359878,0.0811448784131882,"Human_Breast_He_06222020_ST_BC23209_D1"
"Human_Breast_He_06222020_ST_BC23209_D1_18x22",0.111433375718185,0.0725252041240829,0.022130690944602,0.25241227506742,0.0963988394184043,0.0598043245075226,0.248343470692765,0.0476138782192009,0.0893379413078178,"Human_Breast_He_06222020_ST_BC23209_D1"
"Human_Breast_He_06222020_ST_BC23209_D1_18x23",0.104641742602259,0.0485558448035675,0.0132211531581989,0.181135993987721,0.0345543640830725,0.0622090160776719,0.148568305932109,0.377133341682305,0.0299802376730948,"Human_Breast_He_06222020_ST_BC23209_D1"
"Human_Breast_He_06222020_ST_BC23209_D1_18x20",0.0848527876136448,0.0235490417392392,0.0167315584138149,0.308281209472081,0.11435570177336,0.0561389270805141,0.176906578192457,0.0778884732993749,0.141295722415514,"Human_Breast_He_06222020_ST_BC23209_D1"
"Human_Breast_He_06222020_ST_BC23209_D1_18x21",0.0863311082025935,0.0231226248816914,0.0144286670275449,0.408912585269613,0.106088101689665,0.0555869555143945,0.202052298206109,0.0250629482467735,0.0784147109616158,"Human_Breast_He_06222020_ST_BC23209_D1"
"Human_Breast_He_06222020_ST_BC23209_D1_25x14",0.0121475414072092,0.101657292489084,0.0168173399948996,0.0825836707255641,0.0182677421337778,0.276259008993192,0.00583050754784704,0.480522769059997,0.00591412764842944,"Human_Breast_He_06222020_ST_BC23209_D1"
"Human_Breast_He_06222020_ST_BC23209_D1_23x21",0.0905480886532874,0.0681357472914933,0.0320946804006037,0.302989242202681,0.0626713227864702,0.0867934405454056,0.238996258993801,0.00893309771561298,0.108838121410645,"Human_Breast_He_06222020_ST_BC23209_D1"
"Human_Breast_He_06222020_ST_BC23209_D1_23x10",0.00528668465059289,0.066816453387738,0.00386443310000919,0.0015168730384174,0.000142884288796669,0.0456138966550262,0.00105135472971002,0.874599890892621,0.00110752925708806,"Human_Breast_He_06222020_ST_BC23209_D1"
"Human_Breast_He_06222020_ST_BC23209_D1_8x22",0.0524517768578949,0.0275723610284993,0.0104674758173355,0.253901618882118,0.125130768235616,0.0759097515213662,0.220724486393449,0.0509433826147301,0.182898378648991,"Human_Breast_He_06222020_ST_BC23209_D1"
"Human_Breast_He_06222020_ST_BC23209_D1_11x15",0.0686585176263893,0.0435290362156259,0.0181348368423556,0.391760538117925,0.0964694006682302,0.0372168737835064,0.142168695400225,0.0833832780917172,0.118678823254025,"Human_Breast_He_06222020_ST_BC23209_D1"
"Human_Breast_He_06222020_ST_BC23209_D1_8x20",0.0650881746259376,0.0411072655691053,0.0165341736407659,0.332235959506748,0.0671245197001733,0.0514790452162537,0.345543013635141,0.0191408310061777,0.061747017099698,"Human_Breast_He_06222020_ST_BC23209_D1"
"Human_Breast_He_06222020_ST_BC23209_D1_8x21",0.108170479300409,0.0802125556874087,0.0451159154660135,0.104586050450482,0.0734432131807185,0.0994601541717702,0.29687142574974,0.0204981819257023,0.171642024067756,"Human_Breast_He_06222020_ST_BC23209_D1"
"Human_Breast_He_06222020_ST_BC23209_D1_8x16",0.0320050454444268,0.132084025938848,0.0142284944280894,0.127412806182305,0.0382444326100579,0.128533529180292,0.0551772250549837,0.456888406953206,0.0154260342077906,"Human_Breast_He_06222020_ST_BC23209_D1"
"Human_Breast_He_06222020_ST_BC23209_D1_8x24",0.0650755892300292,0.0797451393144694,0.0528141084727671,0.0543604485324966,0.0444620207164057,0.179624060515576,0.37674072411228,0.0313892889142613,0.115788620191714,"Human_Breast_He_06222020_ST_BC23209_D1"
"Human_Breast_He_06222020_ST_BC23209_D1_22x11",0.00408938447423826,0.103382186448182,0.0259445989728817,0.00171535312655209,0.000477633693777924,0.133976827894918,0.00243001883290546,0.72579954321661,0.00218445333993586,"Human_Breast_He_06222020_ST_BC23209_D1"
"Human_Breast_He_06222020_ST_BC23209_D1_8x15",0.0206812153964263,0.0622394815616953,0.0138072993001086,0.165970791988732,0.0297337801228957,0.0314608416517771,0.0702686428467864,0.567267866891948,0.0385700802396312,"Human_Breast_He_06222020_ST_BC23209_D1"
"Human_Breast_He_06222020_ST_BC23209_D1_8x14",0.0528865792693605,0.0491669966747452,0.010451141232713,0.379883515332172,0.0281466432985341,0.0397465149529526,0.153931054189027,0.229147925700997,0.056639629349499,"Human_Breast_He_06222020_ST_BC23209_D1"
"Human_Breast_He_06222020_ST_BC23209_D1_22x15",0.0942781987109887,0.189390557005239,0.0176536306659298,0.08498350933383,0.00716947299179951,0.267917076411221,0.0149517912757215,0.313927655351786,0.00972810825348505,"Human_Breast_He_06222020_ST_BC23209_D1"
"Human_Breast_He_06222020_ST_BC23209_D1_23x19",0.0478994076399153,0.0841797982339229,0.0157924390301544,0.0930022454339435,0.0127100735967996,0.286419494525547,0.0431837662289228,0.388473758757924,0.0283390165528703,"Human_Breast_He_06222020_ST_BC23209_D1"
"Human_Breast_He_06222020_ST_BC23209_D1_23x18",0.157529998122841,0.0813838771616558,0.0282608445048958,0.166136325706594,0.0559582866751836,0.217140495553588,0.117920393984254,0.0910623265950041,0.0846074516959832,"Human_Breast_He_06222020_ST_BC23209_D1"
"Human_Breast_He_06222020_ST_BC23209_D1_23x11",0.0039978435164737,0.1063166654036,0.0166903061576467,0.00150534967940916,0.000165815995967181,0.0231354889222376,0.00099327642803049,0.846554012185775,0.000641241710860504,"Human_Breast_He_06222020_ST_BC23209_D1"
"Human_Breast_He_06222020_ST_BC23209_D1_23x13",0.04572508816478,0.141445213765558,0.0201749424381323,0.0017736709717706,0.000316260094192275,0.0945926122020004,0.0051419923353231,0.689613892091564,0.0012163279366793,"Human_Breast_He_06222020_ST_BC23209_D1"
"Human_Breast_He_06222020_ST_BC23209_D1_23x12",0.000341372978559426,0.126038796297933,0.00251581273055777,0.00244871817237726,5.16692669007374e-05,0.0415176959293323,0.000451726785353892,0.826552922445195,8.12853937905907e-05,"Human_Breast_He_06222020_ST_BC23209_D1"
"Human_Breast_He_06222020_ST_BC23209_D1_23x15",0.0363098477522362,0.114721288863025,0.00666458489801541,0.167142037045699,0.0436739398042302,0.212232799851261,0.00802017051491327,0.40305497346229,0.00818035780832947,"Human_Breast_He_06222020_ST_BC23209_D1"
"Human_Breast_He_06222020_ST_BC23209_D1_23x14",0.0185897890998666,0.116299475959397,0.0102402148128161,0.00135185933135012,0.000256841732392346,0.286141699730482,0.00244496964618433,0.561869252088948,0.00280589759856431,"Human_Breast_He_06222020_ST_BC23209_D1"
"Human_Breast_He_06222020_ST_BC23209_D1_23x17",0.142219516598336,0.101776536032678,0.0231486449426257,0.167392388775018,0.0574537188740946,0.273576204199758,0.0608564355301291,0.116256324799628,0.0573202302477324,"Human_Breast_He_06222020_ST_BC23209_D1"
"Human_Breast_He_06222020_ST_BC23209_D1_23x16",0.0379070058103037,0.135595609057818,0.0214050644955378,0.112662620559691,0.0605607208911635,0.397524969038568,0.0677004696966663,0.143915349400368,0.0227281910498836,"Human_Breast_He_06222020_ST_BC23209_D1"
"Human_Breast_He_06222020_ST_BC23209_D1_11x14",0.039645247194224,0.0309981298900537,0.0439620759466321,0.479049037428337,0.0694863131454954,0.0630701670380737,0.17176726624992,0.0299261185181495,0.0720956445891145,"Human_Breast_He_06222020_ST_BC23209_D1"
"Human_Breast_He_06222020_ST_BC23209_D1_8x23",0.0331460107219896,0.0600085992466884,0.0173278738603791,0.0295030800273821,0.0320566852855557,0.124055853861479,0.53756924135871,0.0982148544618332,0.0681178011759835,"Human_Breast_He_06222020_ST_BC23209_D1"
"Human_Breast_He_06222020_ST_BC23209_D1_8x26",0.0834303025434383,0.0559948806756936,0.0375008105776147,0.0908708938210866,0.0546261766098986,0.119128286613998,0.278054146952705,0.133339784155822,0.147054718049742,"Human_Breast_He_06222020_ST_BC23209_D1"
"Human_Breast_He_06222020_ST_BC23209_D1_8x27",0.0777631696695674,0.0696397571050674,0.120095808855528,0.0347953927478962,0.00979952842557878,0.134603591500056,0.12677867300703,0.338540458956606,0.0879836197326705,"Human_Breast_He_06222020_ST_BC23209_D1"
"Human_Breast_He_06222020_ST_BC23209_D1_11x13",0.0984573983689631,0.0337210416661654,0.0116959773034698,0.123268513383596,0.0593495060727964,0.12036660891738,0.201375209961863,0.201894366219497,0.149871378106268,"Human_Breast_He_06222020_ST_BC23209_D1"
"Human_Breast_He_06222020_ST_BC23209_D1_23x9",0.000132826861563134,0.032859191996382,8.30627818024162e-05,0.000212200122446876,1.51794206354669e-05,0.00047938908667599,1.43209291757093e-05,0.966196490631462,7.3381698566932e-06,"Human_Breast_He_06222020_ST_BC23209_D1"
"Human_Breast_He_06222020_ST_BC23209_D1_23x8",0.00241930341532466,0.0205453604609898,0.0132040845551633,0.00471386068740388,0.000437100047554714,0.028810422545348,0.00304815526406973,0.925673889923535,0.00114782310061046,"Human_Breast_He_06222020_ST_BC23209_D1"
"Human_Breast_He_06222020_ST_BC23209_D1_8x28",0.00667718612920151,0.0773557250174166,0.00201810672796643,0.00166753180247914,0.000209791109439941,0.06416329170279,0.00144506825022909,0.84544223249852,0.00102106676195752,"Human_Breast_He_06222020_ST_BC23209_D1"
"Human_Breast_He_06222020_ST_BC23209_D1_11x18",0.0933406906022032,0.0390007028689225,0.0192648421441721,0.324695334554634,0.0789498218209952,0.0908933001837002,0.281600410952325,0.00627055304160752,0.0659843438314399,"Human_Breast_He_06222020_ST_BC23209_D1"
"Human_Breast_He_06222020_ST_BC23209_D1_11x19",0.0673525678295688,0.0390410332465103,0.0336639148093097,0.334576292581351,0.0645314662116212,0.0496712281661878,0.246313698931112,0.0502749882321083,0.114574809992231,"Human_Breast_He_06222020_ST_BC23209_D1"
"Human_Breast_He_06222020_ST_BC23209_D1_2x17",0.0968071668221649,0.0918823305867619,0.0108923486635638,0.114549310140333,0.0439417506257147,0.214020435771699,0.252321052362317,0.0602228529723606,0.115362752055085,"Human_Breast_He_06222020_ST_BC23209_D1"
"Human_Breast_He_06222020_ST_BC23209_D1_17x15",0.0601695672061514,0.0290702466449917,0.0296681099714138,0.265099227274378,0.0590740146540612,0.0902469289580154,0.309048112157071,0.0977206224343569,0.0599031706995598,"Human_Breast_He_06222020_ST_BC23209_D1"
"Human_Breast_He_06222020_ST_BC23209_D1_17x12",0.0958671545948111,0.028592402571125,0.0112007117259441,0.296946650270877,0.0532548190280299,0.0259114425580742,0.243457713046639,0.176302515402383,0.0684665908021172,"Human_Breast_He_06222020_ST_BC23209_D1"
"Human_Breast_He_06222020_ST_BC23209_D1_17x13",0.0559264628892774,0.0466269132676723,0.0251376047513225,0.375591767904131,0.107577151815934,0.0564485597542791,0.152558494078139,0.0899072318548039,0.0902258136844408,"Human_Breast_He_06222020_ST_BC23209_D1"
"Human_Breast_He_06222020_ST_BC23209_D1_17x10",0.0813975872352757,0.0172347029026799,0.00617171428979436,0.290243248389173,0.0613676046035166,0.0484342737170507,0.394908622124531,0.0482938590271946,0.0519483877107845,"Human_Breast_He_06222020_ST_BC23209_D1"
"Human_Breast_He_06222020_ST_BC23209_D1_17x11",0.0536499999600738,0.0322538000074122,0.0237062457811217,0.301860201017519,0.108110876862696,0.0389617594347953,0.240687668583172,0.0887086765672969,0.112060771785913,"Human_Breast_He_06222020_ST_BC23209_D1"
"Human_Breast_He_06222020_ST_BC23209_D1_17x16",0.133434250016269,0.0538952007759281,0.0237917195351748,0.127505407911822,0.0486920010918782,0.101592995890414,0.37162435805742,0.0856007779520878,0.0538632887690057,"Human_Breast_He_06222020_ST_BC23209_D1"
"Human_Breast_He_06222020_ST_BC23209_D1_17x17",0.105337730585494,0.0289546742824261,0.0106560477556317,0.292770067474714,0.123502747923138,0.0145008817850863,0.278966697151487,0.0345054513782046,0.110805701663817,"Human_Breast_He_06222020_ST_BC23209_D1"
"Human_Breast_He_06222020_ST_BC23209_D1_26x18",0.0162092504045259,0.0898104017748824,0.0109446655737166,0.0303256704044312,0.00511064684587341,0.414258639177029,0.00499224309888775,0.42478646168447,0.00356202103618373,"Human_Breast_He_06222020_ST_BC23209_D1"
"Human_Breast_He_06222020_ST_BC23209_D1_26x19",0.0363751074576219,0.0374494289401956,0.0315977787435779,0.184573310690079,0.0634254897420776,0.216463518350817,0.113868573637338,0.236178592250044,0.0800682001882485,"Human_Breast_He_06222020_ST_BC23209_D1"
"Human_Breast_He_06222020_ST_BC23209_D1_26x17",0.00448469541402606,0.105946917502027,0.0034062401037477,0.00562977395952028,0.000983764088157366,0.297599341122149,0.000936644857283935,0.579940222660127,0.00107240029296166,"Human_Breast_He_06222020_ST_BC23209_D1"
"Human_Breast_He_06222020_ST_BC23209_D1_17x18",0.0993027346694678,0.0339276883527011,0.037347422794044,0.18998882336258,0.146648237115389,0.0664347666484753,0.221706458298821,0.0251499016093698,0.179493967149152,"Human_Breast_He_06222020_ST_BC23209_D1"
"Human_Breast_He_06222020_ST_BC23209_D1_17x19",0.0630773722853788,0.0493958272052272,0.00849521868483035,0.304883135801134,0.0723797015892359,0.0443218019843442,0.346149627814878,0.0164945429018273,0.0948027717331442,"Human_Breast_He_06222020_ST_BC23209_D1"
"Human_Breast_He_06222020_ST_BC23209_D1_10x26",0.0163459142793795,0.0293038467549538,0.0101400572099498,0.382426901944214,0.0695554618513945,0.0728060554198139,0.304495721498083,0.0273302311628288,0.0875958098793832,"Human_Breast_He_06222020_ST_BC23209_D1"
"Human_Breast_He_06222020_ST_BC23209_D1_10x27",0.140296956470375,0.0342385959128053,0.0479642312488043,0.231406252111122,0.0472143498455095,0.137452072275626,0.188544604353687,0.0581722066227833,0.114710731159288,"Human_Breast_He_06222020_ST_BC23209_D1"
"Human_Breast_He_06222020_ST_BC23209_D1_10x24",0.0937833966729166,0.0351285069533742,0.0298768965661031,0.275233176575312,0.0783353677360552,0.072939712438826,0.212920260327433,0.04417472984692,0.157607952883059,"Human_Breast_He_06222020_ST_BC23209_D1"
"Human_Breast_He_06222020_ST_BC23209_D1_10x25",0.0607081896061858,0.0353589804423791,0.0292915386455473,0.30727586798452,0.0504275847407826,0.0316057051288197,0.339681649812186,0.0692461746313518,0.0764043090082278,"Human_Breast_He_06222020_ST_BC23209_D1"
"Human_Breast_He_06222020_ST_BC23209_D1_10x22",0.135949453151238,0.0278055638134913,0.0122935642220421,0.236243167140223,0.0449472493744464,0.0478041985252147,0.372799079693599,0.0620039142126324,0.0601538098671126,"Human_Breast_He_06222020_ST_BC23209_D1"
"Human_Breast_He_06222020_ST_BC23209_D1_10x23",0.0857494880576155,0.0639675256923547,0.0280323327465296,0.0509296822600024,0.0377313114899835,0.136507770480222,0.428105115961566,0.111759549590028,0.0572172237216989,"Human_Breast_He_06222020_ST_BC23209_D1"
"Human_Breast_He_06222020_ST_BC23209_D1_10x20",0.0964549519724361,0.0343299213396277,0.0282398767088821,0.370749780723634,0.0573424837496094,0.058969194557138,0.205355656588277,0.0242380081906638,0.124320126169732,"Human_Breast_He_06222020_ST_BC23209_D1"
"Human_Breast_He_06222020_ST_BC23209_D1_10x21",0.067758084692109,0.034544431349872,0.062197592809699,0.298058450721182,0.0914132448041974,0.0935937347214334,0.216267908850049,0.0436962493510286,0.0924703027004291,"Human_Breast_He_06222020_ST_BC23209_D1"
"Human_Breast_He_06222020_ST_BC23209_D1_10x28",0.0454267451871984,0.110877986543559,0.0449115392895169,0.066139322987197,0.0200294164877014,0.201813410745277,0.110867996838749,0.343409273196442,0.0565243087243602,"Human_Breast_He_06222020_ST_BC23209_D1"
"Human_Breast_He_06222020_ST_BC23209_D1_10x29",0.148714874015101,0.120699875570922,0.0603308035241425,0.00210319601767971,0.000624044986228289,0.145404968888582,0.00228146869332086,0.516641502630202,0.00319926567382116,"Human_Breast_He_06222020_ST_BC23209_D1"
"Human_Breast_He_06222020_ST_BC23209_D1_7x16",0.0387788523305092,0.118493934845379,0.0114055988157181,0.138057965738755,0.031513527509692,0.110664941490097,0.14623626146117,0.348604147235721,0.0562447705729589,"Human_Breast_He_06222020_ST_BC23209_D1"
"Human_Breast_He_06222020_ST_BC23209_D1_7x17",0.105277286101835,0.0507698883110707,0.0082611593984936,0.267941674038218,0.0668535305636544,0.124537859497603,0.24047163541605,0.0341602694732856,0.10172669719979,"Human_Breast_He_06222020_ST_BC23209_D1"
"Human_Breast_He_06222020_ST_BC23209_D1_7x14",0.0997368169162695,0.0514996962444988,0.0975961774054752,0.209001046039269,0.058324484356508,0.0886302206811961,0.175574476866366,0.150745081132279,0.0688920003581385,"Human_Breast_He_06222020_ST_BC23209_D1"
"Human_Breast_He_06222020_ST_BC23209_D1_7x15",0.0556426975462538,0.124404543043379,0.0341592955623374,0.18293507078743,0.0915483611873826,0.0810414952047222,0.140829856529087,0.202109962110517,0.0873287180288917,"Human_Breast_He_06222020_ST_BC23209_D1"
"Human_Breast_He_06222020_ST_BC23209_D1_12x13",0.0725524249601315,0.0375567194618138,0.00808092859133678,0.384322974054873,0.0809259963239578,0.0296214134869085,0.302855895385012,0.0142558691114234,0.069827778624543,"Human_Breast_He_06222020_ST_BC23209_D1"
"Human_Breast_He_06222020_ST_BC23209_D1_7x18",0.0527619799597327,0.0460284464661684,0.0601768690117827,0.231957731378831,0.0503083550701069,0.0779623671048097,0.265085179370271,0.125903940678766,0.0898151309595315,"Human_Breast_He_06222020_ST_BC23209_D1"
"Human_Breast_He_06222020_ST_BC23209_D1_7x19",0.0839756544205608,0.0820588367251407,0.0296724005519542,0.245104305836897,0.0259239940034076,0.252803907002806,0.0928226776851461,0.119248051540594,0.0683901722334945,"Human_Breast_He_06222020_ST_BC23209_D1"
"Human_Breast_He_06222020_ST_BC23209_D1_14x23",0.0157781824984232,0.0641504641929988,0.0303940611351251,0.0100759638157673,0.000790563182780207,0.0481562567525367,0.0103780836567216,0.816121698733466,0.00415472603218084,"Human_Breast_He_06222020_ST_BC23209_D1"
"Human_Breast_He_06222020_ST_BC23209_D1_21x17",0.06734111092446,0.0974315776626875,0.0131876217793252,0.0757435870519214,0.0123886746782899,0.324953901050833,0.0180147449030652,0.377860945580477,0.0130778363689409,"Human_Breast_He_06222020_ST_BC23209_D1"
"Human_Breast_He_06222020_ST_BC23209_D1_21x16",0.0467403015362459,0.157281328904582,0.0250132550383471,0.0834850128762321,0.0188141319645404,0.380872629401878,0.0263156154728944,0.238909308321895,0.0225684164833846,"Human_Breast_He_06222020_ST_BC23209_D1"
"Human_Breast_He_06222020_ST_BC23209_D1_21x15",0.121477778970854,0.117534507270938,0.0233935523284858,0.140482390158775,0.0472082646287772,0.311419263768019,0.0389559382568882,0.163026256145456,0.0365020484718069,"Human_Breast_He_06222020_ST_BC23209_D1"
"Human_Breast_He_06222020_ST_BC23209_D1_21x14",0.0442818656031932,0.170358584260279,0.0200381970021397,0.100845229180822,0.0206685867529849,0.196947351403056,0.0308327509268813,0.389402848299957,0.026624586570687,"Human_Breast_He_06222020_ST_BC23209_D1"
"Human_Breast_He_06222020_ST_BC23209_D1_21x13",0.0527858211391657,0.0860916351020641,0.0244212043021072,0.00789417879754773,0.000939865880773697,0.234769245240876,0.00196217243075963,0.589385384518179,0.0017504925885267,"Human_Breast_He_06222020_ST_BC23209_D1"
"Human_Breast_He_06222020_ST_BC23209_D1_21x12",0.0206526772918977,0.0879139053915922,0.0171936905415755,0.0507523489402253,0.00253467192583796,0.28855262736216,0.00823731976325931,0.520940522931843,0.00322223585160918,"Human_Breast_He_06222020_ST_BC23209_D1"
"Human_Breast_He_06222020_ST_BC23209_D1_21x11",0.0237315725341216,0.091910979034628,0.00529972153657255,0.0255772242344271,0.00297146698090462,0.272448023010715,0.012925336993654,0.558588407744527,0.0065472679304509,"Human_Breast_He_06222020_ST_BC23209_D1"
"Human_Breast_He_06222020_ST_BC23209_D1_21x10",0.10516913306938,0.0744506782297883,0.0504337328263985,0.126994123213434,0.0341602264090257,0.183740218889751,0.0966783984122324,0.286017705262866,0.0423557836871248,"Human_Breast_He_06222020_ST_BC23209_D1"
"Human_Breast_He_06222020_ST_BC23209_D1_21x19",0.0535837063294177,0.0903765711829225,0.0224075275772568,0.248955448992811,0.067218469899317,0.271105795261262,0.0602637319966326,0.152409100127811,0.0336796486325696,"Human_Breast_He_06222020_ST_BC23209_D1"
"Human_Breast_He_06222020_ST_BC23209_D1_21x18",0.0429767716607839,0.1355648817831,0.0158530372772745,0.31927776714168,0.0835198698583164,0.247329973280981,0.041400653585107,0.0341614225841234,0.0799156228286342,"Human_Breast_He_06222020_ST_BC23209_D1"
"Human_Breast_He_06222020_ST_BC23209_D1_22x9",0.0367290366766558,0.057584063564793,0.0354160854990045,0.0707790122071852,0.0085575265917603,0.074283282235007,0.0400048470702366,0.660424009167083,0.0162221369882752,"Human_Breast_He_06222020_ST_BC23209_D1"
"Human_Breast_He_06222020_ST_BC23209_D1_9x25",0.0971494902721173,0.0239166979168702,0.0229574909103384,0.224279182286462,0.0340442140866478,0.0721798536212438,0.389834304449927,0.0343068163878952,0.101331950068499,"Human_Breast_He_06222020_ST_BC23209_D1"
"Human_Breast_He_06222020_ST_BC23209_D1_9x24",0.0863231911528119,0.0509657358495391,0.0238794420413107,0.153308937692365,0.0252928361011957,0.199643279259715,0.227014603984301,0.0616078680128163,0.171964105905945,"Human_Breast_He_06222020_ST_BC23209_D1"
"Human_Breast_He_06222020_ST_BC23209_D1_13x28",0.104052488402452,0.0483677464777734,0.0252221630394181,0.0994351421200539,0.0469118355207139,0.107981819327097,0.275476831973473,0.141885219254161,0.150666753884859,"Human_Breast_He_06222020_ST_BC23209_D1"
"Human_Breast_He_06222020_ST_BC23209_D1_12x28",0.133596876868814,0.0541856815280256,0.0453223635880195,0.171287539508151,0.0491321846233039,0.124607588791646,0.236191766501533,0.0182211372587861,0.167454861331721,"Human_Breast_He_06222020_ST_BC23209_D1"
"Human_Breast_He_06222020_ST_BC23209_D1_9x23",0.0762188838314357,0.0401321625315835,0.0418966407170615,0.0813179030025147,0.0688622877302976,0.0833113283138685,0.266168586696714,0.220587089322837,0.121505117853687,"Human_Breast_He_06222020_ST_BC23209_D1"
"Human_Breast_He_06222020_ST_BC23209_D1_9x22",0.0592858927403934,0.0175015466009512,0.00832071384244725,0.284510701567444,0.0542352753679268,0.0708120847562749,0.269812670737178,0.141331456202361,0.094189658185024,"Human_Breast_He_06222020_ST_BC23209_D1"
"Human_Breast_He_06222020_ST_BC23209_D1_12x24",0.0843515121382545,0.0707005388539783,0.0117655334455125,0.258832518786345,0.0650892161290908,0.112791069509625,0.235984387689664,0.0853680211550466,0.0751172022924837,"Human_Breast_He_06222020_ST_BC23209_D1"
"Human_Breast_He_06222020_ST_BC23209_D1_12x25",0.140125036663526,0.0614312047854518,0.0286576189212009,0.02780748621675,0.0317029529746308,0.126292411449546,0.385390818357061,0.022895260568356,0.175697210063478,"Human_Breast_He_06222020_ST_BC23209_D1"
"Human_Breast_He_06222020_ST_BC23209_D1_12x26",0.0777927455570422,0.0659865784522027,0.0249572977576045,0.234298664007501,0.101295917804084,0.0579427425181737,0.322038390684876,0.0640360405975237,0.0516516226209929,"Human_Breast_He_06222020_ST_BC23209_D1"
"Human_Breast_He_06222020_ST_BC23209_D1_12x27",0.0979607943243559,0.0437873361784624,0.0274680625655316,0.236376643534476,0.151795135705146,0.0755613950263542,0.181087465932534,0.0937817203532938,0.0921814463798462,"Human_Breast_He_06222020_ST_BC23209_D1"
"Human_Breast_He_06222020_ST_BC23209_D1_9x29",0.0383549417327333,0.16975503679095,0.0309771231306727,0.034550740264713,0.0133959327016837,0.26666799664407,0.021367530423439,0.402241602716769,0.02268909559497,"Human_Breast_He_06222020_ST_BC23209_D1"
"Human_Breast_He_06222020_ST_BC23209_D1_12x21",0.0638302480951958,0.0456524407541814,0.00761753640691723,0.169446600925664,0.112852512446908,0.0757151720971786,0.337811362321057,0.0271828226075453,0.159891304345353,"Human_Breast_He_06222020_ST_BC23209_D1"
"Human_Breast_He_06222020_ST_BC23209_D1_13x25",0.0632963186797364,0.0577177662270464,0.0284448089128883,0.255884523137172,0.0587574935470568,0.096515232575679,0.168828247765038,0.176021368354396,0.0945342408009875,"Human_Breast_He_06222020_ST_BC23209_D1"
"Human_Breast_He_06222020_ST_BC23209_D1_13x24",0.0443678488552482,0.0589632473185994,0.0257839242435885,0.129356572293799,0.0149837424622526,0.067678284091972,0.174092396146885,0.467377851883785,0.0173961327038702,"Human_Breast_He_06222020_ST_BC23209_D1"
"Human_Breast_He_06222020_ST_BC23209_D1_14x25",0.121443943235752,0.0311903778873305,0.016425680612172,0.318907398782001,0.0468056547732271,0.0484022743477857,0.28787132755599,0.0656262781988265,0.0633270646069148,"Human_Breast_He_06222020_ST_BC23209_D1"
"Human_Breast_He_06222020_ST_BC23209_D1_5x22",0.0525591167158488,0.0618416225799936,0.0247697250378676,0.141889449961164,0.0219164733045903,0.149520946661614,0.172021513579693,0.271092739752651,0.104388412406578,"Human_Breast_He_06222020_ST_BC23209_D1"
"Human_Breast_He_06222020_ST_BC23209_D1_24x17",0.0848944444871746,0.119679319773387,0.0239821128046109,0.149503295444479,0.0140621976837971,0.338800158658137,0.108501170430981,0.130346482243982,0.030230818473452,"Human_Breast_He_06222020_ST_BC23209_D1"
"Human_Breast_He_06222020_ST_BC23209_D1_11x29",0.0264652160093489,0.0943176782915888,0.0415998082610739,0.0377717397206337,0.0322878866506604,0.121015270585185,0.130514912887485,0.415355181523154,0.10067230607087,"Human_Breast_He_06222020_ST_BC23209_D1"
"Human_Breast_He_06222020_ST_BC23209_D1_11x28",0.106026557794677,0.0626265196304893,0.0438698020294103,0.191817527058029,0.0520365967314581,0.115339955589327,0.204969279283417,0.158095986392243,0.065217775490949,"Human_Breast_He_06222020_ST_BC23209_D1"
"Human_Breast_He_06222020_ST_BC23209_D1_11x25",0.0457198641785066,0.0343130154474046,0.0399902311409145,0.405995977496999,0.107081918363619,0.0301968299484811,0.18272207713428,0.00906247184381868,0.144917614445977,"Human_Breast_He_06222020_ST_BC23209_D1"
"Human_Breast_He_06222020_ST_BC23209_D1_11x24",0.0643554421246301,0.0676965869550093,0.0691108697820976,0.232824417816378,0.0447879097304448,0.122202499121083,0.239188086410776,0.0594645401389223,0.10036964792066,"Human_Breast_He_06222020_ST_BC23209_D1"
"Human_Breast_He_06222020_ST_BC23209_D1_11x27",0.104494144580783,0.100856220858778,0.0383853396814817,0.0317037975181976,0.013601836722535,0.102572350151082,0.271937754849883,0.231281013924274,0.105167541712985,"Human_Breast_He_06222020_ST_BC23209_D1"
"Human_Breast_He_06222020_ST_BC23209_D1_11x26",0.0880460917663962,0.038914630823904,0.0226583933770101,0.36584063021061,0.068902782753532,0.0867668719224603,0.269556179706345,0.000629830687433715,0.0586845887523087,"Human_Breast_He_06222020_ST_BC23209_D1"
"Human_Breast_He_06222020_ST_BC23209_D1_11x21",0.078436263411444,0.0300642062149693,0.0107957088498902,0.238042444284645,0.0924268139255233,0.033797210884476,0.403829662137724,0.041796448555256,0.0708112417360723,"Human_Breast_He_06222020_ST_BC23209_D1"
"Human_Breast_He_06222020_ST_BC23209_D1_11x20",0.094574457073249,0.0308948341037654,0.00997385993851834,0.307796889407017,0.0747603903145545,0.0680306788027736,0.306370222928498,0.0106338394507315,0.0969648279808923,"Human_Breast_He_06222020_ST_BC23209_D1"
"Human_Breast_He_06222020_ST_BC23209_D1_11x23",0.0540739457681745,0.0685833886354595,0.0307502727871008,0.266561666514885,0.0725558937422133,0.0819151919851528,0.223872118839987,0.0842664425729171,0.11742107915411,"Human_Breast_He_06222020_ST_BC23209_D1"
"Human_Breast_He_06222020_ST_BC23209_D1_11x22",0.044996237234215,0.0387896253794714,0.00682515287131437,0.298295022432563,0.0416741105608698,0.125249620073464,0.335969427705266,0.0322154316651052,0.0759853720777315,"Human_Breast_He_06222020_ST_BC23209_D1"
"Human_Breast_He_06222020_ST_BC23209_D1_13x27",0.114403060076493,0.0418929718216807,0.0410745724708399,0.238598092736109,0.0518680098348147,0.0572216040833043,0.235578066097598,0.0507989498758537,0.168564673003307,"Human_Breast_He_06222020_ST_BC23209_D1"
"Human_Breast_He_06222020_ST_BC23209_D1_18x19",0.0451552812631904,0.0486021159615901,0.0299683090680813,0.432669237091806,0.0545371800676731,0.080498211175082,0.217486083395486,0.00764045456366827,0.0834431274134227,"Human_Breast_He_06222020_ST_BC23209_D1"
"Human_Breast_He_06222020_ST_BC23209_D1_18x13",0.0975180359344797,0.0226689564040499,0.0141239804780463,0.35803552855923,0.0843260567896502,0.0302402621515637,0.140936651102944,0.148394822424667,0.10375570615537,"Human_Breast_He_06222020_ST_BC23209_D1"
"Human_Breast_He_06222020_ST_BC23209_D1_18x11",0.0793631534861043,0.0298045632766602,0.00513563391647073,0.324176755470143,0.0406666906661523,0.112985230772909,0.242428935365098,0.0873136327408478,0.078125404305615,"Human_Breast_He_06222020_ST_BC23209_D1"
"Human_Breast_He_06222020_ST_BC23209_D1_18x17",0.137298103520637,0.103047396506774,0.0431930591853037,0.171973067610029,0.0373282481147648,0.114090052169077,0.15875599490594,0.131750056676752,0.102564021310722,"Human_Breast_He_06222020_ST_BC23209_D1"
"Human_Breast_He_06222020_ST_BC23209_D1_18x15",0.0745112983443473,0.032746531789446,0.0111745479113683,0.409603157801045,0.0354990076048748,0.0445734691221705,0.149939391964732,0.156297967844038,0.0856546276179777,"Human_Breast_He_06222020_ST_BC23209_D1"
"Human_Breast_He_06222020_ST_BC23209_D1_17x25",0.0788456799449845,0.0232537706355941,0.0320395906902037,0.385338098017324,0.0535415914081608,0.0308945782551636,0.217401217012366,0.117752733159985,0.0609327408762182,"Human_Breast_He_06222020_ST_BC23209_D1"
"Human_Breast_He_06222020_ST_BC23209_D1_6x15",0.179730683701415,0.102159081136338,0.0158617907784005,0.107835677234607,0.0464881173460828,0.157140820545132,0.235322261242273,0.117565730793694,0.0378958372220583,"Human_Breast_He_06222020_ST_BC23209_D1"
"Human_Breast_He_06222020_ST_BC23209_D1_17x24",0.0181315133988939,0.0612260094862391,0.0107761661715009,0.0498258912531007,0.00631293952752088,0.0566813118969703,0.0486375957575083,0.724162060335139,0.0242465121731265,"Human_Breast_He_06222020_ST_BC23209_D1"
"Human_Breast_He_06222020_ST_BC23209_D1_6x17",0.0738715952399939,0.0924035704785333,0.0155875437971584,0.131174641158759,0.0733699809436651,0.100174496829198,0.436703653424136,0.00884747414596564,0.0678670439825901,"Human_Breast_He_06222020_ST_BC23209_D1"
"Human_Breast_He_06222020_ST_BC23209_D1_11x16",0.0881189283484844,0.0244046747939156,0.00989976313296741,0.399563885003973,0.0768185086509159,0.0267815700942928,0.269070171031763,0.0363914039559732,0.068951094987715,"Human_Breast_He_06222020_ST_BC23209_D1"
"Human_Breast_He_06222020_ST_BC23209_D1_14x21",0.0697586213606236,0.0560622375227863,0.0549191619364829,0.258342414669293,0.0362462961892955,0.0674362049012655,0.0957378030254362,0.314961551865198,0.0465357085296191,"Human_Breast_He_06222020_ST_BC23209_D1"
"Human_Breast_He_06222020_ST_BC23209_D1_5x17",0.0789487101210618,0.0373602206156569,0.0289703444786626,0.252966942779435,0.0589547333936328,0.105795498936157,0.242442859531368,0.135570570163343,0.0589901199806829,"Human_Breast_He_06222020_ST_BC23209_D1"
"Human_Breast_He_06222020_ST_BC23209_D1_8x17",0.0763848884905464,0.0394340752263276,0.019406435282692,0.206076396468446,0.0320059722710788,0.159349425639045,0.232954956384876,0.151065739045639,0.083322111191349,"Human_Breast_He_06222020_ST_BC23209_D1"
"Human_Breast_He_06222020_ST_BC23209_D1_4x17",0.109115016764857,0.0468845484802391,0.0758696859935676,0.0441134406881141,0.0282778694629865,0.188479398435856,0.375274300193675,0.0205334896100263,0.111452250370677,"Human_Breast_He_06222020_ST_BC23209_D1"
"Human_Breast_He_06222020_ST_BC23209_D1_4x16",0.0787621642885728,0.0611377843052454,0.0174788104952985,0.0479092349166469,0.0112117247267771,0.100754981318446,0.590562302295614,0.0114063529960803,0.0807766446573188,"Human_Breast_He_06222020_ST_BC23209_D1"
"Human_Breast_He_06222020_ST_BC23209_D1_4x15",0.0198203512402322,0.0360123793068398,0.0319317785604561,0.316336555436826,0.0563241931598235,0.0735969423815982,0.24278926898631,0.142381898071215,0.0808066328566997,"Human_Breast_He_06222020_ST_BC23209_D1"
"Human_Breast_He_06222020_ST_BC23209_D1_4x19",0.066837302332669,0.0462659751096169,0.0186595745894431,0.108553784338768,0.0316316526611563,0.168044949418056,0.327372951598013,0.133132098532006,0.0995017114202719,"Human_Breast_He_06222020_ST_BC23209_D1"
"Human_Breast_He_06222020_ST_BC23209_D1_4x18",0.0532546569925439,0.0597482016484673,0.0154836959564938,0.22292721727022,0.0666959384603904,0.139272149476326,0.238667373386073,0.0826002552707596,0.121350511538726,"Human_Breast_He_06222020_ST_BC23209_D1"
"Human_Breast_He_06222020_ST_BC23209_D1_24x14",0.0421321692842678,0.120552060202664,0.0344581651799336,0.0589230345611333,0.00557312561998128,0.269817766229909,0.00507921760380469,0.452492083283602,0.0109723780347046,"Human_Breast_He_06222020_ST_BC23209_D1"
"Human_Breast_He_06222020_ST_BC23209_D1_24x15",0.150867884907805,0.117502010092267,0.0115271225938952,0.163460771071125,0.0334689007391337,0.255194218413889,0.0147704032295403,0.241754002935649,0.0114546860166962,"Human_Breast_He_06222020_ST_BC23209_D1"
"Human_Breast_He_06222020_ST_BC23209_D1_24x16",0.0274941545420763,0.0883552261684529,0.0188450633136103,0.249239379405297,0.0457692638480039,0.298815248092165,0.016404750669688,0.243726988503155,0.0113499254575523,"Human_Breast_He_06222020_ST_BC23209_D1"
"Human_Breast_He_06222020_ST_BC23209_D1_24x11",0.000856996406064558,0.0425273003492084,0.000401064979705635,0.000147624419056505,5.41805080417278e-05,0.0111597625468901,9.42945762974278e-05,0.944740135894895,1.86403198409351e-05,"Human_Breast_He_06222020_ST_BC23209_D1"
"Human_Breast_He_06222020_ST_BC23209_D1_24x12",0.00193509889527242,0.0889773483061107,0.00601728250284383,0.00561588465256819,0.000579639724735369,0.0210648620891364,0.00200691290954955,0.873216146435738,0.000586824484045466,"Human_Breast_He_06222020_ST_BC23209_D1"
"Human_Breast_He_06222020_ST_BC23209_D1_24x13",0.160330808548743,0.0666517022521358,0.0530439971820973,0.0116513890538104,0.00741501666583254,0.110388382143855,0.00176960166021899,0.587634004453289,0.00111509804001779,"Human_Breast_He_06222020_ST_BC23209_D1"
"Human_Breast_He_06222020_ST_BC23209_D1_24x18",0.0589256741050501,0.0836520428028974,0.0192603630340477,0.322271680018745,0.0793900706982236,0.193986306649094,0.0485860892846814,0.166030224741776,0.0278975486654839,"Human_Breast_He_06222020_ST_BC23209_D1"
"Human_Breast_He_06222020_ST_BC23209_D1_14x20",0.0791849945686934,0.0889497744868738,0.0275171587214939,0.324354968522405,0.0490721417814414,0.128959816100911,0.115239014788214,0.122428094587041,0.0642940364429267,"Human_Breast_He_06222020_ST_BC23209_D1"
"Human_Breast_He_06222020_ST_BC23209_D1_12x15",0.0655348480938011,0.0253320822364232,0.00994727709379128,0.476259661021011,0.0441539000887986,0.0314800946164429,0.257015392775858,0.0258854177651477,0.064391326308727,"Human_Breast_He_06222020_ST_BC23209_D1"
"Human_Breast_He_06222020_ST_BC23209_D1_22x13",0.0703642862679137,0.115989040270423,0.0302621916895824,0.00568551189152212,0.000603758971923503,0.160153997257897,0.00135647161631047,0.614264742155946,0.0013199998784814,"Human_Breast_He_06222020_ST_BC23209_D1"
"Human_Breast_He_06222020_ST_BC23209_D1_22x10",0.00730206616837058,0.0916500216289725,0.00628640813626913,0.0124296932421192,0.00112764503214569,0.143538821016337,0.00642643808892234,0.726642482889683,0.0045964237971804,"Human_Breast_He_06222020_ST_BC23209_D1"
"Human_Breast_He_06222020_ST_BC23209_D1_12x16",0.0856576833867891,0.0357126260695429,0.0188897009363064,0.284705037861813,0.122073365990974,0.0336605789720718,0.303025880007757,0.0295682680687842,0.0867068587059606,"Human_Breast_He_06222020_ST_BC23209_D1"
"Human_Breast_He_06222020_ST_BC23209_D1_22x16",0.0696610366619111,0.149391411435633,0.0177809965304194,0.056728110730558,0.0357313471764344,0.313772087021771,0.0235528336832371,0.311871545397565,0.0215106313624716,"Human_Breast_He_06222020_ST_BC23209_D1"
"Human_Breast_He_06222020_ST_BC23209_D1_22x14",0.0115759360390274,0.142116329692521,0.00540238698093343,0.00450200324804424,0.000287806773752095,0.20661020416607,0.00391929812540448,0.622882721026677,0.00270331394757069,"Human_Breast_He_06222020_ST_BC23209_D1"
"Human_Breast_He_06222020_ST_BC23209_D1_12x12",0.148528364487763,0.0202164539316822,0.0110425507108537,0.169866454903786,0.0775651705755911,0.070794293592401,0.338773926781505,0.0612029334697534,0.102009851546665,"Human_Breast_He_06222020_ST_BC23209_D1"
"Human_Breast_He_06222020_ST_BC23209_D1_22x18",0.0955358378496869,0.0674360828387694,0.0204548711823771,0.294042355829478,0.121543524897564,0.122089112421431,0.140395182328211,0.0655169401351838,0.0729860925172988,"Human_Breast_He_06222020_ST_BC23209_D1"
"Human_Breast_He_06222020_ST_BC23209_D1_22x19",0.053990048604189,0.129636734824962,0.0261774862624204,0.187914617992017,0.0342028937858391,0.329347676741315,0.0781654026625567,0.122244130079065,0.0383210090476341,"Human_Breast_He_06222020_ST_BC23209_D1"
"Human_Breast_He_06222020_ST_BC23209_D1_12x19",0.0872740567619233,0.0377036235246862,0.0200173132266659,0.364340157401153,0.0735122289930324,0.0596988638915412,0.259564832524396,0.0135879985715546,0.0843009251050476,"Human_Breast_He_06222020_ST_BC23209_D1"
"Human_Breast_He_06222020_ST_BC23209_D1_12x18",0.0844722737259254,0.0211341141623426,0.0129771925807915,0.3585827549938,0.0434035680685001,0.0573216269457782,0.33091131600114,0.022678016097589,0.0685191374241331,"Human_Breast_He_06222020_ST_BC23209_D1"
"Human_Breast_He_06222020_ST_BC23209_D1_9x18",0.0868075701619373,0.029299994607357,0.0182605851279326,0.268250308549092,0.0822648172969245,0.0596399542076807,0.355912349629109,0.0158778502422436,0.0836865701777236,"Human_Breast_He_06222020_ST_BC23209_D1"
"Human_Breast_He_06222020_ST_BC23209_D1_9x19",0.131304328294583,0.0312686417191388,0.0295573275315095,0.292315690134148,0.0479339761854952,0.0871278344865661,0.24331041414601,0.0486131369829159,0.0885686505196328,"Human_Breast_He_06222020_ST_BC23209_D1"
"Human_Breast_He_06222020_ST_BC23209_D1_24x8",0.0171821954277165,0.050697223075508,0.0168843244532258,0.0249875134053432,0.00434220764404633,0.0986791577092303,0.0254357914823281,0.740032215676652,0.0217593711259492,"Human_Breast_He_06222020_ST_BC23209_D1"
"Human_Breast_He_06222020_ST_BC23209_D1_24x9",0.0058519626912539,0.0282917135526584,0.0141486428830893,0.00661406768652709,0.000526212993042164,0.0331473726002234,0.00233975007380725,0.908440504056679,0.000639773462719605,"Human_Breast_He_06222020_ST_BC23209_D1"
