"","Endothelial","CAFs","PVL","B-cells","T-cells","Myeloid","Normal Epithelial","Plasmablasts","Cancer Epithelial","sid"
"GSE210616_GSM6433589_AAACAAGTATCTCCCA-1",0.0204313218124733,0.0236947142300766,0.0229775001932116,0.426896529953309,0.231406871226657,0.0433093207304058,0.0499516075678969,0.0984431938512001,0.0828889404347692,"GSE210616_GSM6433589"
"GSE210616_GSM6433589_AAACAGAGCGACTCCT-1",0.0485806828996215,0.0728292072051365,0.141023923090818,0.33814453240104,0.13940465879811,0.0175488627896591,0.0458627094396317,0.00355160373443609,0.193053819641546,"GSE210616_GSM6433589"
"GSE210616_GSM6433589_AAACAGCTTTCAGAAG-1",0.0193667484690557,0.0269652140209211,0.138423212802941,0.452300222001864,0.0983357024965358,0.0334286252259219,0.0759552657546561,0.00173525519959017,0.153489754028514,"GSE210616_GSM6433589"
"GSE210616_GSM6433589_AAACAGGGTCTATATT-1",0.0235530636810941,0.0268102535123468,0.0918996327323409,0.497303731452935,0.123324251972423,0.0104995655808075,0.0373478912141149,0.00212942239702969,0.187132187456907,"GSE210616_GSM6433589"
"GSE210616_GSM6433589_AAACCGGGTAGGTACC-1",0.0475759812783658,0.0865393705588778,0.104974939230176,0.2353364944947,0.204577028893185,0.0566197832807608,0.111023746895228,0.00550243846393099,0.147850216904775,"GSE210616_GSM6433589"
"GSE210616_GSM6433589_AAACCGTTCGTCCAGG-1",0.032893077340516,0.0808004128429405,0.117227069360604,0.362503653281518,0.112614487447571,0.061783413515469,0.0932959815806567,0.00405679034004265,0.134825114290682,"GSE210616_GSM6433589"
"GSE210616_GSM6433589_AAACCTCATGAAGTTG-1",0.0326579832984699,0.11393072223189,0.190681116235942,0.257266225751703,0.119363348109957,0.0637932013476638,0.101761123318031,0.00329664717887523,0.117249632527469,"GSE210616_GSM6433589"
"GSE210616_GSM6433589_AAACGAGACGGTTGAT-1",0.0293189225667428,0.144791168330785,0.150234811816599,0.236526426151039,0.0997454011440813,0.0971353421999392,0.0706910392052089,0.0315296952139789,0.140027193371626,"GSE210616_GSM6433589"
"GSE210616_GSM6433589_AAACTGCTGGCTCCAA-1",0.0602407082262342,0.061328624497553,0.104287579303541,0.311910959643831,0.159902307038808,0.0333083086538141,0.154870593622292,0.016465710332247,0.09768520868168,"GSE210616_GSM6433589"
"GSE210616_GSM6433589_AAACTTGCAAACGTAT-1",0.0766237255522614,0.100835238038145,0.199242335259815,0.239026810320736,0.138859273652348,0.0503926490904255,0.068638000745112,0.00848500356577661,0.117896963775381,"GSE210616_GSM6433589"
"GSE210616_GSM6433589_AAAGACTGGGCGCTTT-1",0.0287028398855465,0.15566759188915,0.265100101977071,0.0983420580423272,0.0684532965690569,0.205379262525136,0.0697031797283764,0.00120602670301009,0.107445642680325,"GSE210616_GSM6433589"
"GSE210616_GSM6433589_AAAGGCTCTCGCGCCG-1",0.019150727322541,0.0632608405384197,0.210606135622625,0.303260089298148,0.109057555793547,0.0270244010653769,0.166618767677733,0.00114993911330305,0.099871543568306,"GSE210616_GSM6433589"
"GSE210616_GSM6433589_AAAGGGATGTAGCAAG-1",0.0637228428869791,0.133672939837286,0.156202466319407,0.176295115826534,0.0435218681280229,0.144690569748406,0.0575490445918601,0.170564795955493,0.0537803567060126,"GSE210616_GSM6433589"
"GSE210616_GSM6433589_AAAGGGCAGCTTGAAT-1",0.0480650972126677,0.109227086199586,0.212368175813568,0.291574313336377,0.0880073948817427,0.0679808485795079,0.0949376631318297,0.00204872128251999,0.0857906995622016,"GSE210616_GSM6433589"
"GSE210616_GSM6433589_AAAGTAGCATTGCTCA-1",0.0395190438838082,0.0442767382071391,0.101262905093721,0.390345004456123,0.140064566124726,0.034855498220187,0.0903751496775656,0.00293162044109645,0.156369473895633,"GSE210616_GSM6433589"
"GSE210616_GSM6433589_AAAGTCGACCCTCAGT-1",0.0363010971011654,0.138212080988774,0.170169094213768,0.298768555879139,0.126901168779651,0.041381696891579,0.0689348536147599,0.0081141771655168,0.111217275365646,"GSE210616_GSM6433589"
"GSE210616_GSM6433589_AAAGTGTGATTTATCT-1",0.0289050430781957,0.0679708100582873,0.0602108084231923,0.334409870608997,0.129789603875522,0.0966028865606345,0.058052971922319,0.144529587503534,0.0795284179693178,"GSE210616_GSM6433589"
"GSE210616_GSM6433589_AAAGTTGACTCCCGTA-1",0.263269696379365,0.19057710369896,0.193253226341482,0.0984421606935232,0.0499286251856606,0.0759934636191516,0.0111589065616743,0.100033927457696,0.0173428900624878,"GSE210616_GSM6433589"
"GSE210616_GSM6433589_AAATAACCATACGGGA-1",0.0498082520817699,0.0953803720301729,0.131346835244187,0.159179008397932,0.316449312548778,0.0579517027538212,0.0643932576406132,0.0472882104173927,0.078203048885333,"GSE210616_GSM6433589"
"GSE210616_GSM6433589_AAATACCTATAAGCAT-1",0.0358312392897384,0.0260836582693523,0.0825178044060582,0.434243639540133,0.148747110496178,0.0136847357815945,0.0981464562794801,0.00211512957729042,0.158630226360175,"GSE210616_GSM6433589"
"GSE210616_GSM6433589_AAATAGCTTAGACTTT-1",0.0364743654726329,0.397403336936364,0.0350578540855922,0.0527815482908039,0.0675051753008912,0.080827172809678,0.0314173257811582,0.208696303276883,0.0898369180459963,"GSE210616_GSM6433589"
"GSE210616_GSM6433589_AAATAGGGTGCTATTG-1",0.0472968112351955,0.0697841873890913,0.138782158855962,0.228517548706686,0.174651393872453,0.0394315955610195,0.151614709780691,0.00718712766508782,0.142734466933814,"GSE210616_GSM6433589"
"GSE210616_GSM6433589_AAATCGTGTACCACAA-1",0.0392390533806068,0.0350985306993311,0.0375968190642883,0.428439336660411,0.196748383344182,0.0244793282380669,0.111352310205204,0.00207743698878187,0.124968801419128,"GSE210616_GSM6433589"
"GSE210616_GSM6433589_AAATCTAGCCCTGCTA-1",0.0292567026366951,0.0435347790101769,0.0303522267605005,0.350942784162688,0.273508802403494,0.0295636176711164,0.0171378001151289,0.164655219713585,0.0610480675266153,"GSE210616_GSM6433589"
"GSE210616_GSM6433589_AAATGGCATGTCTTGT-1",0.0541140190387175,0.0989439462688659,0.115994575073454,0.35918769343615,0.100542026945132,0.073921130861693,0.0864623976493023,0.00270173257487443,0.108132478151811,"GSE210616_GSM6433589"
"GSE210616_GSM6433589_AAATGGCCCGTGCCCT-1",0.0293677928002143,0.0332530591241525,0.0767319925512241,0.449188903401395,0.155418044463703,0.0561263500375403,0.0793670500285811,0.00265994976034958,0.11788685783284,"GSE210616_GSM6433589"
"GSE210616_GSM6433589_AAATGGTCAATGTGCC-1",0.0225842749192673,0.0490700007926775,0.118496692645675,0.396371807714738,0.140022792027727,0.0164673685530564,0.0920482984878373,0.00326010666756472,0.161678658191456,"GSE210616_GSM6433589"
"GSE210616_GSM6433589_AAATTAACGGGTAGCT-1",0.0357189858554867,0.0372372899904979,0.105446755975231,0.396022869830797,0.13664721013231,0.0262138058847325,0.0806959726050498,0.00820541661180252,0.173811693114093,"GSE210616_GSM6433589"
"GSE210616_GSM6433589_AAATTACACGACTCTG-1",0.0192479289977895,0.312948737807017,0.180972423685843,0.233265480523124,0.0684316722645943,0.0644210752819648,0.0678221557842806,0.00221413077817489,0.0506763948772113,"GSE210616_GSM6433589"
"GSE210616_GSM6433589_AAATTACCTATCGATG-1",0.0558770232518047,0.220438018367501,0.176104322381623,0.172312946256147,0.124586488474759,0.0923605678218619,0.0587177814509335,0.00109848611007268,0.0985043658852969,"GSE210616_GSM6433589"
"GSE210616_GSM6433589_AAATTGATAGTCCTTT-1",0.0493478720417498,0.156905378266565,0.208025027851935,0.131711220601955,0.186791907011991,0.040091230741158,0.0583583553332251,0.00305105995670836,0.165717948194713,"GSE210616_GSM6433589"
"GSE210616_GSM6433589_AAATTTGCGGGTGTGG-1",0.0234339333305859,0.0281096722477641,0.0817815891057453,0.42631092876754,0.176984469311353,0.0185697852953361,0.0928819028631285,0.0022321490975093,0.149695569981037,"GSE210616_GSM6433589"
"GSE210616_GSM6433589_AACAACTGGTAGTTGC-1",0.028690687078698,0.0644245973862712,0.11633419475205,0.395101283648009,0.139318049150268,0.0303485368832743,0.099632144506226,0.0066566351145195,0.119493871480684,"GSE210616_GSM6433589"
"GSE210616_GSM6433589_AACAATTACTCTACGC-1",0.0263201584816458,0.147157746024264,0.166411954494306,0.105432403642083,0.0672376740908748,0.251336843608032,0.081899968356877,0.00433288059261647,0.149870370709301,"GSE210616_GSM6433589"
"GSE210616_GSM6433589_AACACACGCTCGCCGC-1",0.0360925721980274,0.0664130201125018,0.06928664865414,0.31501494133011,0.144667323354649,0.0545062235558905,0.0948282556706934,0.0925644137429932,0.126626601380995,"GSE210616_GSM6433589"
"GSE210616_GSM6433589_AACACGACTGTACTGA-1",0.038013253259737,0.0434680674364069,0.176735257817703,0.256655224948089,0.105073069677865,0.0330727233379257,0.164137316999377,0.00191685069014858,0.180928235832749,"GSE210616_GSM6433589"
"GSE210616_GSM6433589_AACACGAGACGCGGCC-1",0.0231897173637163,0.092317421672334,0.145716293955582,0.237512359945282,0.150899761798824,0.180939762997658,0.066411174200395,0.00258111946804177,0.100432388598167,"GSE210616_GSM6433589"
"GSE210616_GSM6433589_AACAGGAAATCGAATA-1",0.0456250814806466,0.0487317233900597,0.0730993791423442,0.412869894992042,0.163596758300706,0.034534506962473,0.0959368872684248,0.00555991026202824,0.120045858201275,"GSE210616_GSM6433589"
"GSE210616_GSM6433589_AACAGGATGGGCCGCG-1",0.0157885841200946,0.135232902276475,0.260741243801515,0.17108204034627,0.104999576032673,0.0855211058650552,0.0562264684007324,0.00102337334400968,0.169384705813175,"GSE210616_GSM6433589"
"GSE210616_GSM6433589_AACAGGTAGTATGGAT-1",0.0832005848151972,0.245635184806362,0.183107128151646,0.125213033814983,0.087237466677538,0.10871519034801,0.0573563502857155,0.0704750560961501,0.0390600050043991,"GSE210616_GSM6433589"
"GSE210616_GSM6433589_AACATATCAACTGGTG-1",0.0738599282874638,0.119591272212155,0.166819634766958,0.236521809272468,0.0432945610184547,0.0455314143506436,0.121667053866769,0.00165473404007097,0.191059592185017,"GSE210616_GSM6433589"
"GSE210616_GSM6433589_AACCAAGACTTCTCTG-1",0.0280385116442007,0.0990955698824564,0.190389104652001,0.23659585006798,0.110599556622513,0.0870119216976869,0.12183395970033,0.00225908305594901,0.124176442676883,"GSE210616_GSM6433589"
"GSE210616_GSM6433589_AACCCGAGCAGAATCG-1",0.153740097276927,0.385658613911521,0.0565876423219868,0.0557784491185667,0.0477946520093281,0.0720883595914447,0.0341639285036448,0.169925726580127,0.0242625306864542,"GSE210616_GSM6433589"
"GSE210616_GSM6433589_AACCCTACTGTCAATA-1",0.00710587386168072,0.440169039900584,0.00421647256219226,0.241549717976015,0.0618907026934679,0.1243292088206,0.0389745234302471,0.0539112076327856,0.0278532531224268,"GSE210616_GSM6433589"
"GSE210616_GSM6433589_AACCCTGGTGGAACCA-1",0.0592317864196465,0.0584033271458246,0.0716952044128229,0.355846950925589,0.101908954202629,0.106751008892493,0.106383012482524,0.00154762159831695,0.138232133920154,"GSE210616_GSM6433589"
"GSE210616_GSM6433589_AACCGCTAAGGGATGC-1",0.0238041597093488,0.128761044872136,0.143752049795105,0.209039197298505,0.0669282899063794,0.131281991476567,0.0606713344232667,0.113722135262282,0.12203979725641,"GSE210616_GSM6433589"
"GSE210616_GSM6433589_AACCGTTGTGTTTGCT-1",0.0318845464368275,0.0788044432323781,0.125994292758529,0.318545126874453,0.117310457293655,0.067418236320426,0.129837296228872,0.00176544868631073,0.128440152168548,"GSE210616_GSM6433589"
"GSE210616_GSM6433589_AACCTTTAAATACGGT-1",0.0293449046948595,0.0448161839129105,0.154924524901094,0.407544581916895,0.124265987048398,0.0145363616808287,0.0841153797888205,0.000980550795776672,0.139471525260416,"GSE210616_GSM6433589"
"GSE210616_GSM6433589_AACCTTTACGACGTCT-1",0.0343588345462406,0.0467271981253059,0.089977151512342,0.326419218536978,0.184258918559141,0.0292677254826183,0.0807883139776485,0.0150036707830525,0.193198968476673,"GSE210616_GSM6433589"
"GSE210616_GSM6433589_AACGATAATGCCGTAG-1",0.0312587043751584,0.0309541637466294,0.131072458863664,0.422689072463414,0.135378094254544,0.0114302343567189,0.082320995189434,0.001602565858752,0.153293710891686,"GSE210616_GSM6433589"
"GSE210616_GSM6433589_AACGATATGTCAACTG-1",0.0188849858646004,0.138585288983431,0.099493343483731,0.400608725770367,0.192379071735713,0.0584556627322761,0.0689627181967516,0.000536709464347179,0.0220934937687822,"GSE210616_GSM6433589"
"GSE210616_GSM6433589_AACGCGGTCTCCAGCC-1",0.0370107311543083,0.088293664440017,0.0777384846761258,0.16309881827207,0.140931967681838,0.212706582378241,0.0937131747277265,0.0941038702493723,0.0924027064203013,"GSE210616_GSM6433589"
"GSE210616_GSM6433589_AACGCTGTTGCTGAAA-1",0.024244376310088,0.0416971083992983,0.0297194782085807,0.298373278792151,0.154058882175791,0.0317778967581601,0.0548127702944515,0.261448962647392,0.103867246414087,"GSE210616_GSM6433589"
"GSE210616_GSM6433589_AACGGACGTACGTATA-1",0.0234467463934363,0.0618005809114688,0.0978105318002335,0.319907312539037,0.159948188646379,0.0327805712374046,0.0728722720347403,0.0606427860349142,0.170791010402386,"GSE210616_GSM6433589"
"GSE210616_GSM6433589_AACGGCCATCTCCGGT-1",0.036442441541339,0.0386900629616724,0.0850878619682002,0.439467837376857,0.121975468419352,0.026257133051222,0.109109723385733,0.00183522702144468,0.14113424427418,"GSE210616_GSM6433589"
"GSE210616_GSM6433589_AACGTACTGTGGGTAC-1",0.0315903512062128,0.0764250453306637,0.134251916642414,0.25887417014552,0.178196688785685,0.0682808343438282,0.0842191035147223,0.00358135019658928,0.164580539834365,"GSE210616_GSM6433589"
"GSE210616_GSM6433589_AACGTCAGACTAGTGG-1",0.0361979851240282,0.0409914063382228,0.113006919997481,0.411936397014345,0.128734636335907,0.0181379437456866,0.129435400315802,0.00195401062699158,0.119605300501536,"GSE210616_GSM6433589"
"GSE210616_GSM6433589_AACGTGATGAAGGACA-1",0.0793643676789896,0.387372384507379,0.319829109902615,0.0659583943045531,0.0418991049103095,0.0205172829007428,0.045095970989981,0.0250791191437513,0.0148842656616785,"GSE210616_GSM6433589"
"GSE210616_GSM6433589_AACGTGCGAAAGTCTC-1",0.0212177283667493,0.159471378664722,0.0528119780937784,0.159812069142245,0.158735269555832,0.128781029973724,0.0639158368492994,0.216209940952484,0.0390447684011653,"GSE210616_GSM6433589"
"GSE210616_GSM6433589_AACTACCCGTTTGTCA-1",0.0182641546870163,0.259361665337565,0.11475163960939,0.0306127813674917,0.0574446167609877,0.168339170815417,0.0938916866081999,0.125444516641894,0.13188976817204,"GSE210616_GSM6433589"
"GSE210616_GSM6433589_AACTAGGCTTGGGTGT-1",0.0207885956865133,0.061733746261109,0.21162930170685,0.347092987257053,0.12680075205381,0.0561407120807383,0.072913338011849,0.00126053550540028,0.101640031436677,"GSE210616_GSM6433589"
"GSE210616_GSM6433589_AACTCAAGTTAATTGC-1",0.0211264644419858,0.0193475557647015,0.0770134582772014,0.496632021245493,0.137148012106187,0.00530775567466857,0.0974799214139986,0.00100137870982258,0.144943432365942,"GSE210616_GSM6433589"
"GSE210616_GSM6433589_AACTCCTAATCCCATG-1",0.0591509354992875,0.0876922788097727,0.124719582796625,0.230823471905199,0.148453606380574,0.0702563713356852,0.0765239055604904,0.00809825182743645,0.19428159588493,"GSE210616_GSM6433589"
"GSE210616_GSM6433589_AACTCTCAATAGAGCG-1",0.118435668775937,0.0816419477148923,0.157629542968897,0.337683129607134,0.064235222056109,0.060693463630439,0.0562508246824055,0.00241557729249502,0.121014623271691,"GSE210616_GSM6433589"
"GSE210616_GSM6433589_AACTCTCAGTGTGCTC-1",0.0853324984414143,0.0683446556460009,0.0897092671874499,0.325453706523994,0.195413172246306,0.0737404743426206,0.070653892630584,0.00272559660018298,0.0886267363814471,"GSE210616_GSM6433589"
"GSE210616_GSM6433589_AACTGATATTAGGCCT-1",0.0174403950782215,0.0217811356409693,0.0856115086491512,0.265814643975287,0.061179466311413,0.0323509453489495,0.081645876865962,0.35757980929425,0.0765962188357967,"GSE210616_GSM6433589"
"GSE210616_GSM6433589_AACTGGGTCCCGACGT-1",0.035809521381782,0.0356349676138982,0.114768543774187,0.408015024419707,0.116171533768402,0.0319414547215937,0.0920630955544058,0.00123869051430588,0.16435716825172,"GSE210616_GSM6433589"
"GSE210616_GSM6433589_AACTTGCCCGTATGCA-1",0.00949004159229534,0.0675964598505312,0.145644803484516,0.361928264803107,0.130044559664259,0.0383541566026327,0.107717522103152,0.000509337647366429,0.138714854252141,"GSE210616_GSM6433589"
"GSE210616_GSM6433589_AAGACTGCAAGCTACT-1",0.0398658609468006,0.17395808964914,0.0324668091237861,0.315991193562633,0.125277666941259,0.0618753970409696,0.0640932551100186,0.0910904652105409,0.0953812624148526,"GSE210616_GSM6433589"
"GSE210616_GSM6433589_AAGAGATGAATCGGTA-1",0.0236029333971781,0.160888364879138,0.107099158818402,0.339833804302245,0.11481765371422,0.0251540671412464,0.0678969388182238,0.00263873757343933,0.158068341355907,"GSE210616_GSM6433589"
"GSE210616_GSM6433589_AAGAGCTCTTTATCGG-1",0.0170849290807544,0.192021580073569,0.0684582171561267,0.297745979811446,0.256427957926357,0.023521061574249,0.0772509782777776,0.00138382875982817,0.0661054673398917,"GSE210616_GSM6433589"
"GSE210616_GSM6433589_AAGAGGATGTACGCGA-1",0.0359842299122728,0.0948302615129837,0.184933242681869,0.244345438383064,0.115154830154351,0.0795753941703349,0.0758184934235363,0.00889468697630588,0.160463422785283,"GSE210616_GSM6433589"
"GSE210616_GSM6433589_AAGAGGCATGGATCGC-1",0.0200568544272071,0.218466461141688,0.0374723663909976,0.321375756615123,0.209846014999842,0.0476035903842278,0.0525034173080227,0.01010829705353,0.0825672416793615,"GSE210616_GSM6433589"
"GSE210616_GSM6433589_AAGAGGCCCTTTGGAA-1",0.0329001841272848,0.0762090825431459,0.054501725518377,0.308230126676758,0.126565589457516,0.0349673339541055,0.0460566785505044,0.223097189077252,0.0974720900950566,"GSE210616_GSM6433589"
"GSE210616_GSM6433589_AAGATTGGCGGAACGT-1",0.0240532395202805,0.0819370951195878,0.579331163975157,0.101223151936858,0.0438982523523787,0.0241790444814383,0.0789447416722902,0.0020349822637954,0.0643983286782147,"GSE210616_GSM6433589"
"GSE210616_GSM6433589_AAGCATACTCTCCTGA-1",0.012917927109935,0.0744007798169172,0.201481756385036,0.368308440422848,0.0994784305003028,0.0362150697764553,0.0977586959193618,0.0033228863596446,0.1061160137095,"GSE210616_GSM6433589"
"GSE210616_GSM6433589_AAGCCGAAGCGGTTTA-1",0.0736110131725544,0.139758454982814,0.0401619242725916,0.263492586779263,0.171736741886826,0.0872392632538255,0.0720743573676626,0.0985517944900895,0.053373863794373,"GSE210616_GSM6433589"
"GSE210616_GSM6433589_AAGCTAGATCGAGTAA-1",0.0350730538873752,0.037638637945723,0.156669694023728,0.438390897860789,0.112974895884735,0.0150759869155338,0.0756241466102069,0.00124236026313723,0.127310326608771,"GSE210616_GSM6433589"
"GSE210616_GSM6433589_AAGCTCGTGCCAAGTC-1",0.0250112396683411,0.275542052687257,0.0370563977296386,0.205554347917612,0.181124879865083,0.114635239994616,0.0764874107207838,0.0094496657665523,0.0751387656501151,"GSE210616_GSM6433589"
"GSE210616_GSM6433589_AAGCTCTTTCATGGTG-1",0.0513824435961412,0.0982313660811212,0.0847049977976767,0.376331666318795,0.160591420732773,0.0282743981429794,0.0821965961520727,0.000888080001956546,0.117399031176485,"GSE210616_GSM6433589"
"GSE210616_GSM6433589_AAGGAGCGGTTGGTGC-1",0.0200493254546896,0.0730868375857828,0.216871805501863,0.319146235903865,0.0863685534510374,0.0412839734792329,0.0971461945017044,0.00660163662859426,0.13944543749323,"GSE210616_GSM6433589"
"GSE210616_GSM6433589_AAGGATCGATCGCTTG-1",0.0370218388564436,0.197131353090223,0.0947249052751335,0.214864204153882,0.182978817667477,0.0580631280873769,0.0250602112782915,0.0539151621022101,0.136240379488961,"GSE210616_GSM6433589"
"GSE210616_GSM6433589_AAGGATGAGGGACCTC-1",0.0272946220175182,0.0928719215440291,0.186290935148818,0.28582345910734,0.110135090072528,0.0632848440775254,0.0671852854544833,0.00123455345718199,0.165879289120576,"GSE210616_GSM6433589"
"GSE210616_GSM6433589_AAGGCGCGTAAAGCTT-1",0.0534353568360612,0.135954945972565,0.235553343310466,0.234053172191661,0.0452044340125663,0.142056527528093,0.0605708000853756,0.00488223395051917,0.088289186112693,"GSE210616_GSM6433589"
"GSE210616_GSM6433589_AAGGCTGTGCTCATCG-1",0.0285107876587728,0.0577652324706207,0.122171040441942,0.356221752154366,0.159045889687118,0.0138835934987295,0.0960394487295541,0.00190333809154692,0.164458917267351,"GSE210616_GSM6433589"
"GSE210616_GSM6433589_AAGGGACAGATTCTGT-1",0.0301858176081764,0.223842290646106,0.186319206911257,0.183319373613713,0.0536093004274277,0.173774651251336,0.0570124007914548,0.000882514644947408,0.0910544441055814,"GSE210616_GSM6433589"
"GSE210616_GSM6433589_AAGGTATCCTAATATA-1",0.0440137986613069,0.11111491146837,0.144672420138828,0.33352719247829,0.136429661113081,0.0485352979211398,0.0689509834523951,0.0010091522273288,0.11174658253926,"GSE210616_GSM6433589"
"GSE210616_GSM6433589_AAGGTGATAAACCAGC-1",0.0366780928261145,0.0422817344629557,0.0835148373134068,0.328334305881755,0.127321477250259,0.0642661506401995,0.0749943607649188,0.0981646706800528,0.144444370180338,"GSE210616_GSM6433589"
"GSE210616_GSM6433589_AAGTAGAAGACCGGGT-1",0.0411966521366142,0.139116634349311,0.289746389396035,0.144329515099154,0.0480340854706719,0.130683775588865,0.0907905619807791,0.0152985639424288,0.100803822036141,"GSE210616_GSM6433589"
"GSE210616_GSM6433589_AAGTAGTGACGCGAGG-1",0.0564295171803094,0.204283286543085,0.30638179174478,0.14876926668372,0.0569603717953324,0.0886700727007727,0.0522652741029931,0.0010793293527796,0.0851610898962274,"GSE210616_GSM6433589"
"GSE210616_GSM6433589_AAGTCAATTGTCGTCA-1",0.0290647451268244,0.046943874009438,0.0380076648055386,0.305412294848194,0.207060821471614,0.0419312923970416,0.0464516552483067,0.172230714629492,0.112896937463551,"GSE210616_GSM6433589"
"GSE210616_GSM6433589_AAGTGACGACCGAATT-1",0.0241615539939488,0.134294926329965,0.172332366482638,0.249340310261587,0.0802261756512133,0.112626447811047,0.0731735636357273,0.00122816007551359,0.152616495758361,"GSE210616_GSM6433589"
"GSE210616_GSM6433589_AAGTGCCTTGACTGTA-1",0.171099239274441,0.371480654898335,0.098000862140564,0.143674267134019,0.0638890323241361,0.0556259284812628,0.0431884307514781,0.00728978757555741,0.0457517974202069,"GSE210616_GSM6433589"
"GSE210616_GSM6433589_AAGTGCGTTAGAATCT-1",0.0310605200766845,0.0430323240439802,0.0803477399771265,0.415190446612129,0.174310304172919,0.0106723951214815,0.0786435617712257,0.00237936990479726,0.164363338319657,"GSE210616_GSM6433589"
"GSE210616_GSM6433589_AAGTGTTTGGAGACGG-1",0.0305235481255038,0.0446169928331248,0.0831369384261109,0.386659307395036,0.176373276892792,0.0221975673132147,0.0893053095866628,0.0030371729351875,0.164149886492368,"GSE210616_GSM6433589"
"GSE210616_GSM6433589_AAGTTCACTCCAAGCT-1",0.0929339393310841,0.0751539144894961,0.221057166646701,0.229377500187047,0.124926802866483,0.0486020700473151,0.038858669094445,0.0074513577384873,0.161638579598943,"GSE210616_GSM6433589"
"GSE210616_GSM6433589_AAGTTCGGCCAACAGG-1",0.0364667528352194,0.0449776921373207,0.0976223481091672,0.352371129062759,0.163963189331174,0.049697186029774,0.101636558396069,0.0026813439115621,0.150583800186955,"GSE210616_GSM6433589"
"GSE210616_GSM6433589_AATAACAACGCTCGGC-1",0.0294727826038944,0.132990306779082,0.183921487396648,0.271401870335357,0.0814713635532855,0.0571086673991339,0.0756872834324994,0.0035698596644579,0.164376378835641,"GSE210616_GSM6433589"
"GSE210616_GSM6433589_AATAACACTAGAACAA-1",0.0531256757962878,0.0705506097042545,0.107706884976694,0.370094858766698,0.116954480271577,0.0512714656062889,0.107090587375697,0.0029945226385242,0.120210914863978,"GSE210616_GSM6433589"
"GSE210616_GSM6433589_AATACAATGTTTCAGG-1",0.0200119531927467,0.281679065166595,0.0778539339425455,0.167861397354894,0.129214569782846,0.163028087809489,0.0581903306176774,0.0137259000850334,0.0884347620481731,"GSE210616_GSM6433589"
"GSE210616_GSM6433589_AATAGAACAGAGTGGC-1",0.0227754474234957,0.0552614866240828,0.105558405898061,0.440714426177902,0.140646382330105,0.0152982677680885,0.088928948589509,0.00251573391739948,0.128300901271357,"GSE210616_GSM6433589"
"GSE210616_GSM6433589_AATAGAATCTGTTTCA-1",0.0778603050723889,0.064866844759273,0.148632261404704,0.365209228890183,0.075472004070648,0.024314118390558,0.0965872859114827,0.0121133667328168,0.134944584767945,"GSE210616_GSM6433589"
"GSE210616_GSM6433589_AATAGTCCGTCCCGAC-1",0.0439113018657304,0.0521740516284197,0.117509853484069,0.417296863526262,0.119643562037643,0.0261156433680066,0.0880688363546709,0.00262253944543928,0.13265734828976,"GSE210616_GSM6433589"
"GSE210616_GSM6433589_AATATCGAATCAATGC-1",0.0761327064603823,0.04068562457314,0.053759420273766,0.269009286874608,0.110634722139883,0.0393160764498552,0.293891001371019,0.0132080617785464,0.1033631000788,"GSE210616_GSM6433589"
"GSE210616_GSM6433589_AATATCGAGGGTTCTC-1",0.0566718838080942,0.12376766941629,0.154306400356337,0.232965058276511,0.0993753797312375,0.128428390328736,0.0581245603198293,0.0102190263851094,0.136141631377856,"GSE210616_GSM6433589"
"GSE210616_GSM6433589_AATATTGGAGTATTGA-1",0.0335363951987389,0.106364278999984,0.107682937075427,0.375961897261955,0.151803808962045,0.01815339332016,0.0769379751708224,0.000626325002151394,0.128932989008716,"GSE210616_GSM6433589"
"GSE210616_GSM6433589_AATCATGTAAAGACTC-1",0.0734731420113453,0.111468588027583,0.103212400142284,0.191981714899071,0.136866700454279,0.0509567795441051,0.038794462812141,0.22115269916553,0.0720935129436619,"GSE210616_GSM6433589"
"GSE210616_GSM6433589_AATCGCCTCAGCGCCA-1",0.0371187642174601,0.0195379910092112,0.0392999035932505,0.470364131264394,0.165164552272576,0.0202593216981955,0.0972676914854274,0.00717451957717356,0.143813124882311,"GSE210616_GSM6433589"
"GSE210616_GSM6433589_AATCTAGGTTTACTTG-1",0.0149874107962834,0.0236860236910136,0.0874192498156653,0.479168749309628,0.151370524117326,0.00485027227934795,0.091774818658535,0.000589362974114024,0.146153588358086,"GSE210616_GSM6433589"
"GSE210616_GSM6433589_AATCTCTACTGTGGTT-1",0.0360734522587386,0.0705224356711743,0.159885131190949,0.301203554765864,0.129500543773145,0.0505754868804828,0.130594670272867,0.0014368334612727,0.120207891725506,"GSE210616_GSM6433589"
"GSE210616_GSM6433589_AATCTGCGTTGGGACG-1",0.0240785506842816,0.121331147663045,0.231173669788881,0.305578567362286,0.09464818999087,0.0273433618648303,0.0717871690894229,0.00273978488619875,0.121319558670185,"GSE210616_GSM6433589"
"GSE210616_GSM6433589_AATCTGGCTTTCTAGT-1",0.0154520364477806,0.0280139507740191,0.0787613630170281,0.461864962607615,0.150781361339283,0.0181378416862554,0.103913656854423,0.00148835853885292,0.141586468734743,"GSE210616_GSM6433589"
"GSE210616_GSM6433589_AATGACAGCAATGTCT-1",0.0361210445014819,0.0569057506857243,0.131845154065151,0.352751290873635,0.133111428526143,0.0595502052308222,0.0944847407686826,0.00407670421217748,0.131153681136183,"GSE210616_GSM6433589"
"GSE210616_GSM6433589_AATGACGTAGGATGTC-1",0.0363691838268643,0.0360416115990541,0.114796766936091,0.398515426694084,0.142652182120947,0.012275117963966,0.0989215934632895,0.00474143917221369,0.155686678223491,"GSE210616_GSM6433589"
"GSE210616_GSM6433589_AATGACTGTCAGCCGG-1",0.0262153048820142,0.103379541384819,0.154146774719958,0.18948722137467,0.102324463808005,0.184108133415837,0.0826613637168089,0.00281554134687732,0.15486165535101,"GSE210616_GSM6433589"
"GSE210616_GSM6433589_AATGATGATACGCTAT-1",0.124931859822868,0.128434092425705,0.2602210168387,0.108914834122715,0.0854040624377853,0.13268861193097,0.079221679365013,0.00021314687937879,0.0799706961768652,"GSE210616_GSM6433589"
"GSE210616_GSM6433589_AATGATGCGACTCCTG-1",0.0595212699786517,0.0999045299251699,0.425055068149467,0.167410582082788,0.0382684011610617,0.052565889116593,0.0735250307269108,0.000721811419561054,0.0830274174397968,"GSE210616_GSM6433589"
"GSE210616_GSM6433589_AATGCAACCGGGTACC-1",0.0440246426307736,0.213081921090673,0.0818690983675332,0.247673857628494,0.139547016111849,0.111180994128019,0.05762722294298,0.0179071825993725,0.0870880645003052,"GSE210616_GSM6433589"
"GSE210616_GSM6433589_AATGCACCAAGCAATG-1",0.0380487817726624,0.0580839380563932,0.087191305208954,0.403961384721733,0.156142018037985,0.0198318590109637,0.0681017621531565,0.00347790409948406,0.165161046938668,"GSE210616_GSM6433589"
"GSE210616_GSM6433589_AATGGTCCACCGTTCA-1",0.00913097342041234,0.128750458497926,0.22191434662653,0.282815591409256,0.10304392003446,0.0368473935682431,0.132306800582927,0.00173524539893253,0.0834552704613142,"GSE210616_GSM6433589"
"GSE210616_GSM6433589_AATGGTTCTCACAAGC-1",0.0232030327635269,0.0675469911159544,0.203968423955366,0.0727999906099138,0.279560468783865,0.163816547569341,0.133460178723829,0.00700607717826208,0.0486382892999412,"GSE210616_GSM6433589"
"GSE210616_GSM6433589_AATGTGCCCGAGGTGT-1",0.0454716326022097,0.0266771639320936,0.0802757353545745,0.431732516223849,0.173764237511666,0.00569611161302831,0.0671644462314028,0.00159400478244021,0.167624151748735,"GSE210616_GSM6433589"
"GSE210616_GSM6433589_AATTAAAGGTCGGCGT-1",0.032644209369931,0.0359938180507229,0.117358015292111,0.39389752451754,0.116790762849642,0.0354484418527519,0.130004364331839,0.00167955393561554,0.136183309799847,"GSE210616_GSM6433589"
"GSE210616_GSM6433589_AATTAACGGATTTCCA-1",0.0450534661452493,0.0818566921445677,0.181426383731464,0.385387853780332,0.0944898961530305,0.0223406735337612,0.0570193962583992,0.00306900276098598,0.12935663549221,"GSE210616_GSM6433589"
"GSE210616_GSM6433589_AATTAGCGCTGCAGCG-1",0.0329299137476664,0.0719932916066838,0.19949237354569,0.370461153151131,0.0713814100490014,0.0468016255881529,0.0781372424740916,0.00276896972542344,0.12603402011216,"GSE210616_GSM6433589"
"GSE210616_GSM6433589_AATTCATAAGGGATCT-1",0.116637522801573,0.021633495055888,0.730570413263,0.0495294141118351,0.00524230478820099,0.0186802263125351,0.0292844600789254,0.0132236825628543,0.0151984810251878,"GSE210616_GSM6433589"
"GSE210616_GSM6433589_AATTCTAGAGTTAGGC-1",0.0185434999373953,0.0298923273521783,0.127618104784211,0.462685151211985,0.109634164464938,0.00847840799682625,0.103839753826684,0.00175294649578414,0.137555643929997,"GSE210616_GSM6433589"
"GSE210616_GSM6433589_AATTGAACGCTCTGGT-1",0.0464119286354427,0.0486092539661123,0.143846511074279,0.317444926141511,0.123390401508755,0.0437991277149422,0.106090686417864,0.00589273012677202,0.164514434414322,"GSE210616_GSM6433589"
"GSE210616_GSM6433589_AATTTGGGACATAGTA-1",0.0335204045720049,0.0399535364916843,0.122888755340657,0.348619034536595,0.151291399454257,0.0210596544881443,0.0595965793794048,0.0098080697764915,0.213262565960761,"GSE210616_GSM6433589"
"GSE210616_GSM6433589_AATTTGGTTCCAAAGA-1",0.0464421021604019,0.0973257360040142,0.123140021372064,0.257390221124201,0.0490691487533731,0.241795384239615,0.065214944710047,0.00445592854547197,0.115166513090811,"GSE210616_GSM6433589"
"GSE210616_GSM6433589_ACAAATCGCACCGAAT-1",0.0324298214701069,0.0260109250501854,0.0961108671370702,0.466685218238232,0.118213185193201,0.00937912453336651,0.0828886053620043,0.0022423777403716,0.166039875275461,"GSE210616_GSM6433589"
"GSE210616_GSM6433589_ACAAATGGTAGTGTTT-1",0.036939203674135,0.0677194406239829,0.178107028801739,0.262893439944688,0.103724458446261,0.0623180743579154,0.0859905248597239,0.008734826091054,0.193573003200501,"GSE210616_GSM6433589"
"GSE210616_GSM6433589_ACAACAGCATGAGCTA-1",0.0221366722786334,0.149027287760422,0.0615749589481715,0.357603548634153,0.191745305037786,0.0589771945378319,0.0324771325164154,0.0212045790911435,0.105253321195443,"GSE210616_GSM6433589"
"GSE210616_GSM6433589_ACAACGGTCCCTGCGA-1",0.0183939141454528,0.189977871149396,0.10564095914656,0.1037131296355,0.274962773708105,0.171481385465942,0.0670463815339607,0.00304060434136215,0.0657429808737202,"GSE210616_GSM6433589"
"GSE210616_GSM6433589_ACAAGCAGTGCCTAGC-1",0.028837968869491,0.106341021651049,0.159050244101889,0.235995262268595,0.133719221492299,0.0654326579867333,0.123171975078335,0.00668309028350877,0.1407685582681,"GSE210616_GSM6433589"
"GSE210616_GSM6433589_ACAAGGAAATCCGCCC-1",0.017211051055158,0.0281356244523866,0.0994605241804709,0.4600664422218,0.11667733655716,0.0121417206072356,0.129072081562764,0.00188983138504793,0.135345387977977,"GSE210616_GSM6433589"
"GSE210616_GSM6433589_ACAAGGACAAGAGGTT-1",0.0285557393165429,0.107527292073377,0.235705871267771,0.248079924503819,0.0703751998917029,0.0728097528777943,0.092259923803654,0.0107159027946421,0.133970393470696,"GSE210616_GSM6433589"
"GSE210616_GSM6433589_ACAAGGGCAGGCTCTG-1",0.0378613583530297,0.058740245776083,0.0858705713862091,0.334347232740381,0.168762765230759,0.0456706082216603,0.112874309277701,0.0140088006459915,0.141864108368185,"GSE210616_GSM6433589"
"GSE210616_GSM6433589_ACAATAGTCGTACGTT-1",0.0651636673428822,0.172621482396892,0.264644481880976,0.11826929896644,0.0664503105083514,0.0810470003284586,0.101655909920599,0.00452192582065737,0.125625922834744,"GSE210616_GSM6433589"
"GSE210616_GSM6433589_ACAATCCATTTAAACC-1",0.0326507299734252,0.0813850904076207,0.178112320448307,0.303435979393002,0.0909279750198788,0.0640299987573229,0.0772474448055845,0.0024213180428592,0.169789143151999,"GSE210616_GSM6433589"
"GSE210616_GSM6433589_ACAATTGTGTCTCTTT-1",0.0254598888088005,0.0618993297421564,0.0400999939082659,0.413081158345878,0.0763535930578434,0.0509727445992531,0.0569449138166437,0.174216554312498,0.100971823408661,"GSE210616_GSM6433589"
"GSE210616_GSM6433589_ACAATTTGAGCAGTGG-1",0.0334604418871794,0.0897194421504133,0.159500915272357,0.339989828730296,0.106826702106537,0.0853335230387131,0.0800489800163791,0.00246673417029269,0.102653432627832,"GSE210616_GSM6433589"
"GSE210616_GSM6433589_ACACAAAGACGGGTGG-1",0.0992635629907143,0.083057974022651,0.094753845126267,0.318806234472475,0.16386482986714,0.120047402942425,0.0601835234551736,0.00258907315126459,0.0574335539718897,"GSE210616_GSM6433589"
"GSE210616_GSM6433589_ACACACCAGGACCAGT-1",0.0380950781039386,0.0565624420959476,0.125386627761522,0.21597987999692,0.133521260010719,0.106696615117612,0.0858831501943871,0.0872924859151082,0.150582460803846,"GSE210616_GSM6433589"
"GSE210616_GSM6433589_ACACACTTTCTACACG-1",0.0555443560593034,0.0253886243274655,0.0413988601450889,0.412211906494214,0.195587104898261,0.0154404829564519,0.094586349008647,0.00169419884201092,0.158148117268558,"GSE210616_GSM6433589"
"GSE210616_GSM6433589_ACACCCAGCATGCAGC-1",0.0499588793873898,0.178960537522393,0.237695639031754,0.112355971200123,0.0529303125954647,0.196317804390152,0.0389483150426464,0.00627432376239623,0.126558217067682,"GSE210616_GSM6433589"
"GSE210616_GSM6433589_ACACCCGAGAAATCCG-1",0.0811371496926155,0.205093685801659,0.278822556296391,0.0367163299679461,0.0265640730976279,0.212804922616924,0.067731898764364,0.0233661345181082,0.0677632492443642,"GSE210616_GSM6433589"
"GSE210616_GSM6433589_ACACCTTAAGTAGGGC-1",0.0167575910270702,0.137389058556972,0.242040648968089,0.122992640693955,0.0818781305146284,0.163871620791358,0.0779469823233448,0.00206745483141045,0.155055872293173,"GSE210616_GSM6433589"
"GSE210616_GSM6433589_ACACGAGACTCCTTCT-1",0.0184872249384676,0.260846820367176,0.0290451159780394,0.247417011083855,0.221469251585608,0.0882165808411107,0.064337646568443,0.00193656806113152,0.0682437805761692,"GSE210616_GSM6433589"
"GSE210616_GSM6433589_ACACGGGAACTTAGGG-1",0.0320474691696496,0.0405757871969302,0.091629973908084,0.374814266789054,0.160414666503082,0.0222648334502296,0.0701430628831789,0.00267832472850019,0.205431615371292,"GSE210616_GSM6433589"
"GSE210616_GSM6433589_ACACGTAGGCCACAAG-1",0.0541274878374075,0.224993258659428,0.0613647930926058,0.0505434269397737,0.146522688836919,0.142884170945238,0.0355928469484044,0.189238207785776,0.094733118954448,"GSE210616_GSM6433589"
"GSE210616_GSM6433589_ACACTGATCAAGGTGT-1",0.029065392258156,0.0678819560784061,0.100796170007255,0.385863488843426,0.175807261458571,0.0186885723949663,0.0881281697838844,0.00313761589259697,0.130631373282738,"GSE210616_GSM6433589"
"GSE210616_GSM6433589_ACACTGGGACAGTCGT-1",0.189946816712653,0.215791079800021,0.189984681036662,0.107581111185458,0.00698053578605166,0.0637875194539082,0.0386629344601047,0.165185162900906,0.0220801586642355,"GSE210616_GSM6433589"
"GSE210616_GSM6433589_ACAGAACTGAGAACAA-1",0.034602213513278,0.0569558763758758,0.0654769923395654,0.388502095484224,0.20388511425464,0.0336524359272435,0.0614344385753762,0.00284198270766648,0.15264885082213,"GSE210616_GSM6433589"
"GSE210616_GSM6433589_ACAGCATAGAGCCAGT-1",0.0452158291901635,0.0381721983016763,0.0815681364333683,0.351884292575813,0.20992341956929,0.0165156057624195,0.0900434845363474,0.000881939942175472,0.165795093688747,"GSE210616_GSM6433589"
"GSE210616_GSM6433589_ACAGCGACATTCTCAT-1",0.110940885800277,0.120415072359894,0.121518790405327,0.181199396113728,0.0477087661370993,0.0639427513250683,0.121641221506855,0.164720058481225,0.0679130578705262,"GSE210616_GSM6433589"
"GSE210616_GSM6433589_ACAGCGCACCCGCAGC-1",0.0361124130200864,0.0817624206181697,0.0878991865398485,0.359872684185708,0.174987379949639,0.0135527772014705,0.0445343973744262,0.00274302616372101,0.19853571494693,"GSE210616_GSM6433589"
"GSE210616_GSM6433589_ACAGGCTTGCCCGACT-1",0.0492309127862997,0.0601079083320369,0.172179919144234,0.301300639774988,0.106325571722198,0.0579671288533558,0.106985636783651,0.012681512096021,0.133220770507216,"GSE210616_GSM6433589"
"GSE210616_GSM6433589_ACAGGTGGAGGTGAGG-1",0.0388754878400837,0.0537761600484811,0.114087968064024,0.36474435032309,0.157743240421374,0.0470779885033396,0.10829360165453,0.000822762003379273,0.1145784411417,"GSE210616_GSM6433589"
"GSE210616_GSM6433589_ACAGTAATACAACTTG-1",0.0239882171799075,0.0396993220433907,0.165139343787492,0.409506719171153,0.111675521878016,0.0238135351258188,0.0647352710528507,0.00151037397182593,0.159931695789547,"GSE210616_GSM6433589"
"GSE210616_GSM6433589_ACATAATAAGGCGGTG-1",0.0466985010506922,0.0300545182614817,0.0717379230013065,0.452486922079437,0.148761941025721,0.0171890321805297,0.105074937053909,0.00556289536823723,0.122433329978686,"GSE210616_GSM6433589"
"GSE210616_GSM6433589_ACATCAGCTGGGACGC-1",0.0366910778005013,0.121970137946018,0.170619616024246,0.273793999762644,0.122273710595706,0.059006970203497,0.0718453480477921,0.00261639845955345,0.141182741160042,"GSE210616_GSM6433589"
"GSE210616_GSM6433589_ACATCCCGGCCATACG-1",0.0221933180280651,0.066441493195235,0.156801997987835,0.352967390198157,0.149132393145224,0.0327386849679805,0.0765554105739932,0.00295525273446797,0.140214059169042,"GSE210616_GSM6433589"
"GSE210616_GSM6433589_ACATCCTGGTAACTGT-1",0.0417944555637853,0.0349265021806747,0.0699483305129614,0.472798388675195,0.142513061060665,0.00411036751943337,0.129471312763076,0.000661183536929656,0.103776398187279,"GSE210616_GSM6433589"
"GSE210616_GSM6433589_ACATCGATCGTTTACC-1",0.0396222644501995,0.0443182955918844,0.0678335557704196,0.415641706738086,0.178931566469075,0.0323909633425305,0.0551848649366835,0.00284585788708666,0.163230924814034,"GSE210616_GSM6433589"
"GSE210616_GSM6433589_ACATCGGTCAGCCGCG-1",0.022847592904449,0.0618061277335309,0.160223691131859,0.328123838721005,0.135784482423221,0.0445459028368546,0.0686193280514363,0.00596548176359336,0.172083554434051,"GSE210616_GSM6433589"
"GSE210616_GSM6433589_ACATCGTATGCAATGG-1",0.0361427627445344,0.0561682417671895,0.150285745346731,0.277409438261348,0.145657654081658,0.049948523992925,0.0787500099535156,0.00778836418130236,0.197849259670796,"GSE210616_GSM6433589"
"GSE210616_GSM6433589_ACATCGTTAACCTAGT-1",0.0498903061789011,0.0325320922425765,0.0925498860284589,0.364199158278628,0.234034927763184,0.0152013089269278,0.0540510188785281,0.000377556488785689,0.15716374521401,"GSE210616_GSM6433589"
"GSE210616_GSM6433589_ACATGGCGCCAAAGTA-1",0.0154816563212862,0.251408634857983,0.0756828145878015,0.233557533581763,0.142586435540819,0.031646678869855,0.0375312381193824,0.129010463994839,0.0830945441262715,"GSE210616_GSM6433589"
"GSE210616_GSM6433589_ACATTAGTTTATATCC-1",0.018437526202727,0.046613595766132,0.0996664173746228,0.487486277964293,0.127049239931578,0.0149378595716021,0.0810015800115158,0.000835268525495562,0.123972234652034,"GSE210616_GSM6433589"
"GSE210616_GSM6433589_ACCAACGCTTATTTAT-1",0.0347498950195051,0.0391029867258,0.0895405183434569,0.420963528657167,0.155034008291292,0.0437651515327696,0.0750231037771061,0.00332870364583266,0.13849210400707,"GSE210616_GSM6433589"
"GSE210616_GSM6433589_ACCAAGAACGCGTGTC-1",0.0532564572730057,0.153222543571217,0.208457094901933,0.12282535009221,0.0458195318928955,0.172553318317489,0.0582734576197414,0.11087487252947,0.0747173738020386,"GSE210616_GSM6433589"
