"","Endothelial","CAFs","PVL","B-cells","T-cells","Myeloid","Normal Epithelial","Plasmablasts","Cancer Epithelial","sid"
"Human_Breast_Andersson_10142021_ST_B5_10x10",0.078742838880999,0.0564946242173161,0.0699330406880179,0.0292249755571554,0.028855190225261,0.0506571439001885,0.0406159213891007,0.528811153147458,0.116665111994504,"Human_Breast_Andersson_10142021_ST_B5"
"Human_Breast_Andersson_10142021_ST_B5_10x11",0.124585566569914,0.0735574328233418,0.102077019170238,0.0664584121527092,0.0747272685576524,0.0887385809546176,0.022949717397728,0.30505759540891,0.141848406964889,"Human_Breast_Andersson_10142021_ST_B5"
"Human_Breast_Andersson_10142021_ST_B5_10x12",0.0509784148449736,0.0817619323862748,0.136606808205972,0.031356412404406,0.0242562299605117,0.105274408048211,0.0992767122984656,0.35056139404144,0.119927687809745,"Human_Breast_Andersson_10142021_ST_B5"
"Human_Breast_Andersson_10142021_ST_B5_10x13",0.145768793142101,0.0712964793875665,0.0527161043786855,0.0414062416004119,0.0436374380974028,0.123204891029702,0.132426142042354,0.267231789714284,0.122312120607492,"Human_Breast_Andersson_10142021_ST_B5"
"Human_Breast_Andersson_10142021_ST_B5_10x14",0.171684228481481,0.0728194924382718,0.0408154247072806,0.023296589543573,0.0657503912106033,0.045951320107754,0.0930092740953428,0.394769302847324,0.091903976568369,"Human_Breast_Andersson_10142021_ST_B5"
"Human_Breast_Andersson_10142021_ST_B5_10x15",0.0741678276295295,0.0722487390165636,0.0329593542005158,0.0402520368988426,0.030703831419492,0.050524760712792,0.10113974890483,0.532496253572079,0.0655074476453554,"Human_Breast_Andersson_10142021_ST_B5"
"Human_Breast_Andersson_10142021_ST_B5_10x16",0.0538548654847275,0.103638668146852,0.0320686113671876,0.0294945187394996,0.172181997201995,0.0513638174797099,0.157179188032161,0.323165916667634,0.0770524168802325,"Human_Breast_Andersson_10142021_ST_B5"
"Human_Breast_Andersson_10142021_ST_B5_10x17",0.0883020934572684,0.054402634675438,0.0460793020301171,0.0848306828308612,0.150019064797626,0.178733709280624,0.0648447399093118,0.228655081152091,0.104132691866661,"Human_Breast_Andersson_10142021_ST_B5"
"Human_Breast_Andersson_10142021_ST_B5_10x18",0.122640994064462,0.0971404664107763,0.0659318454865092,0.0138986355027554,0.0460271066357076,0.113277121415092,0.0579452655070742,0.369364990732489,0.113773574245134,"Human_Breast_Andersson_10142021_ST_B5"
"Human_Breast_Andersson_10142021_ST_B5_10x19",0.236728583890051,0.0779643507398074,0.0594548863128768,0.0205448923597348,0.1092049366902,0.14220314141921,0.0104549946926002,0.267564851656211,0.075879362239309,"Human_Breast_Andersson_10142021_ST_B5"
"Human_Breast_Andersson_10142021_ST_B5_10x20",0.133956986993538,0.0783121505891915,0.0331917184428966,0.0163606212187353,0.151836504775888,0.0924648428978482,0.0190123239117394,0.410498750246522,0.0643661009236402,"Human_Breast_Andersson_10142021_ST_B5"
"Human_Breast_Andersson_10142021_ST_B5_10x21",0.111966968702135,0.0655496945092922,0.0393154833683848,0.183231546961725,0.319182494559083,0.121789513633756,0.00959843297992434,0.123097555913713,0.0262683093719865,"Human_Breast_Andersson_10142021_ST_B5"
"Human_Breast_Andersson_10142021_ST_B5_10x22",0.0910581296986846,0.0496141329718327,0.0367755712488754,0.208318730691086,0.159488485813423,0.14774737637394,0.0199396342654592,0.236017328839931,0.0510406100967677,"Human_Breast_Andersson_10142021_ST_B5"
"Human_Breast_Andersson_10142021_ST_B5_10x23",0.0834184163169778,0.0570556091225448,0.0451744222018288,0.191272804531367,0.24819240990741,0.139990996461055,0.0214788757689187,0.157882507564497,0.0555339581254006,"Human_Breast_Andersson_10142021_ST_B5"
"Human_Breast_Andersson_10142021_ST_B5_10x24",0.136495893722964,0.0605612471599644,0.0367169024359377,0.106900056034855,0.116952110121861,0.17001669208414,0.0199233058820757,0.267973392278265,0.0844604002799371,"Human_Breast_Andersson_10142021_ST_B5"
"Human_Breast_Andersson_10142021_ST_B5_10x25",0.0832884401698215,0.0713428030597632,0.110316387103845,0.0704398574078058,0.169396141958551,0.214388880836326,0.021303727508895,0.14332202712307,0.116201734831922,"Human_Breast_Andersson_10142021_ST_B5"
"Human_Breast_Andersson_10142021_ST_B5_10x8",0.0624434415356906,0.0798031100817014,0.0269509141781379,0.151308586284809,0.138632063558009,0.0527054859104358,0.0333329631759513,0.383862752519463,0.0709606827558025,"Human_Breast_Andersson_10142021_ST_B5"
"Human_Breast_Andersson_10142021_ST_B5_10x9",0.0271968595625927,0.143659576474088,0.0229659455986403,0.0539179670394912,0.0784573959614366,0.114809293683235,0.0907749912527972,0.25941026576515,0.208807704662568,"Human_Breast_Andersson_10142021_ST_B5"
"Human_Breast_Andersson_10142021_ST_B5_11x10",0.0554466412175499,0.0603086451669796,0.0818782594306867,0.0410384803140277,0.117854192251938,0.0997497618268046,0.0257093761452483,0.426896871835267,0.0911177718114987,"Human_Breast_Andersson_10142021_ST_B5"
"Human_Breast_Andersson_10142021_ST_B5_11x11",0.0759112901864326,0.0732130793486422,0.0646645606313452,0.0283133865787834,0.0379629250911633,0.092833240771954,0.211322481820568,0.333182624601552,0.0825964109695597,"Human_Breast_Andersson_10142021_ST_B5"
"Human_Breast_Andersson_10142021_ST_B5_11x12",0.0788067889646849,0.107435975920074,0.0340923669920508,0.00715965922581615,0.0289634346331016,0.0624553502729495,0.0338385529032551,0.581884715038601,0.0653631560494668,"Human_Breast_Andersson_10142021_ST_B5"
"Human_Breast_Andersson_10142021_ST_B5_11x13",0.101435341872193,0.051157754679774,0.0290954451402024,0.00861974287516229,0.0328990937425889,0.0354569721413009,0.0721082493868874,0.543964547375949,0.125262852785942,"Human_Breast_Andersson_10142021_ST_B5"
"Human_Breast_Andersson_10142021_ST_B5_11x14",0.110273067180752,0.0886810503876135,0.0657164574193721,0.0392779507724601,0.107814868880083,0.134020732784709,0.0460920432039954,0.288230129666603,0.119893699704412,"Human_Breast_Andersson_10142021_ST_B5"
"Human_Breast_Andersson_10142021_ST_B5_11x15",0.104543779843687,0.134547269388951,0.0843601603145651,0.0412994992887217,0.0589231609920656,0.130066938108773,0.0687877078405283,0.247713486695124,0.129757997527585,"Human_Breast_Andersson_10142021_ST_B5"
"Human_Breast_Andersson_10142021_ST_B5_11x16",0.207097745407079,0.120614570743468,0.0390536085416446,0.0325492832258494,0.0675588479679098,0.0772509188851864,0.0643030161115651,0.30249184975874,0.0890801593585583,"Human_Breast_Andersson_10142021_ST_B5"
"Human_Breast_Andersson_10142021_ST_B5_11x18",0.131299785324021,0.0959624125071536,0.0845871646962185,0.0539697443470794,0.183690772964781,0.151190394842924,0.0183583759018131,0.164741667332331,0.116199682083679,"Human_Breast_Andersson_10142021_ST_B5"
"Human_Breast_Andersson_10142021_ST_B5_11x19",0.064041380703992,0.0865744034771463,0.120083002712966,0.0585071384407077,0.105028704213066,0.198221603839663,0.0388042684385105,0.201595716434746,0.127143781739203,"Human_Breast_Andersson_10142021_ST_B5"
"Human_Breast_Andersson_10142021_ST_B5_11x20",0.291866853788596,0.150926994619703,0.0396510087790536,0.0457498791943737,0.0279337053197283,0.205398652110635,0.0122006547673727,0.155050626534778,0.0712216248857596,"Human_Breast_Andersson_10142021_ST_B5"
"Human_Breast_Andersson_10142021_ST_B5_11x21",0.175137095298885,0.0891159937904148,0.0347235806727175,0.183127656651297,0.234973949341,0.13087021964393,0.018747676686785,0.10081823855255,0.0324855893624199,"Human_Breast_Andersson_10142021_ST_B5"
"Human_Breast_Andersson_10142021_ST_B5_11x22",0.0792406616935142,0.0718552426517542,0.0640776695515915,0.129571334351877,0.112227128290162,0.115254464917958,0.0421539323052073,0.32061603019709,0.0650035360408452,"Human_Breast_Andersson_10142021_ST_B5"
"Human_Breast_Andersson_10142021_ST_B5_11x23",0.0929420125342297,0.0668992629951537,0.0500526756009609,0.0612910098989096,0.330925214918366,0.150461290522015,0.0179936623774507,0.168096342391321,0.0613385287615942,"Human_Breast_Andersson_10142021_ST_B5"
"Human_Breast_Andersson_10142021_ST_B5_11x24",0.136918964329978,0.0951718403039524,0.0573345806823896,0.0598909369328933,0.151372383646229,0.18844459791836,0.0182565622801654,0.230729817509713,0.0618803163963196,"Human_Breast_Andersson_10142021_ST_B5"
"Human_Breast_Andersson_10142021_ST_B5_11x25",0.308423790058208,0.0593031096111816,0.071217297878619,0.020562144420278,0.071996627931175,0.176104220736353,0.0220832276240569,0.204287732232795,0.0660218495073326,"Human_Breast_Andersson_10142021_ST_B5"
"Human_Breast_Andersson_10142021_ST_B5_11x9",0.215754595122535,0.0380080126590278,0.105856927597829,0.0142881504367495,0.0490949678208791,0.118151881120355,0.034429251007268,0.342264242549712,0.0821519716856454,"Human_Breast_Andersson_10142021_ST_B5"
"Human_Breast_Andersson_10142021_ST_B5_12x10",0.0396375195229023,0.0999229746679193,0.027383491818815,0.0378808348312893,0.0262254389108533,0.0300908451819314,0.0327572758230405,0.583330509059426,0.122771110183823,"Human_Breast_Andersson_10142021_ST_B5"
"Human_Breast_Andersson_10142021_ST_B5_12x11",0.0664584944093129,0.101020477753163,0.0314345851332828,0.0264206660401983,0.0135891003700551,0.0580241386882785,0.0515731764527353,0.574681934500263,0.076797426652711,"Human_Breast_Andersson_10142021_ST_B5"
"Human_Breast_Andersson_10142021_ST_B5_12x12",0.0466588868151368,0.11052951832968,0.146847537905935,0.0588377351800706,0.0628250540311184,0.156911364591713,0.100844005873063,0.221611960885623,0.0949339363876606,"Human_Breast_Andersson_10142021_ST_B5"
"Human_Breast_Andersson_10142021_ST_B5_12x13",0.113149466348693,0.0745665283909431,0.0877012097337917,0.0332963599041015,0.0321118356006117,0.0666700724601447,0.22661571610047,0.310480830440061,0.0554079810211833,"Human_Breast_Andersson_10142021_ST_B5"
"Human_Breast_Andersson_10142021_ST_B5_12x14",0.0878285677513626,0.10138408867579,0.0593140282532306,0.0071976181561878,0.0122502146651097,0.0525961222140138,0.0236914243255444,0.567375377209237,0.0883625587495241,"Human_Breast_Andersson_10142021_ST_B5"
"Human_Breast_Andersson_10142021_ST_B5_12x15",0.101690579610397,0.159270713721277,0.0797003676932083,0.0193248405501456,0.0271446036222613,0.0893784692677929,0.0787935980773387,0.346003081036926,0.0986937464206541,"Human_Breast_Andersson_10142021_ST_B5"
"Human_Breast_Andersson_10142021_ST_B5_12x16",0.179467638318681,0.0661886251911689,0.0779958290484997,0.04402251496671,0.0772807507289956,0.116742411631873,0.0626104102308187,0.271682303331413,0.10400951655184,"Human_Breast_Andersson_10142021_ST_B5"
"Human_Breast_Andersson_10142021_ST_B5_12x17",0.1021458026934,0.049390672020591,0.0849767800624198,0.0264478613268847,0.070881686681177,0.102374390001083,0.0600024497135877,0.418898722995025,0.084881634505831,"Human_Breast_Andersson_10142021_ST_B5"
"Human_Breast_Andersson_10142021_ST_B5_12x18",0.0957211517341092,0.132352926578246,0.0744412893054129,0.0254221327375572,0.0583266759641671,0.227513709344158,0.0295875868372069,0.246651787599839,0.109982739899303,"Human_Breast_Andersson_10142021_ST_B5"
"Human_Breast_Andersson_10142021_ST_B5_12x19",0.0720592044401837,0.0684089670271298,0.0451805633162035,0.0645013891220707,0.0635341638108295,0.185847095028217,0.0290944155156306,0.374318690133484,0.0970555116062512,"Human_Breast_Andersson_10142021_ST_B5"
"Human_Breast_Andersson_10142021_ST_B5_12x20",0.250919574580601,0.107264472768785,0.0565265477962605,0.0732465207579532,0.095622591618863,0.0932443102664041,0.0175901455068628,0.239598622985731,0.0659872137185388,"Human_Breast_Andersson_10142021_ST_B5"
"Human_Breast_Andersson_10142021_ST_B5_12x21",0.0900352806232957,0.146590032901387,0.0678386189672732,0.04915030845159,0.105131208711381,0.178539901943287,0.0244348293551354,0.262098296249473,0.0761815227971777,"Human_Breast_Andersson_10142021_ST_B5"
"Human_Breast_Andersson_10142021_ST_B5_12x22",0.037033402814183,0.0652141801854157,0.0768771329006719,0.0650867567866265,0.0663333454431445,0.194547275316844,0.069008534334755,0.360373812869215,0.0655255593491449,"Human_Breast_Andersson_10142021_ST_B5"
"Human_Breast_Andersson_10142021_ST_B5_12x23",0.0360706680445541,0.0894411032533827,0.0310776514261807,0.0585722289293557,0.145827174826654,0.20427336531793,0.0472684594816536,0.291851984391319,0.0956173643289697,"Human_Breast_Andersson_10142021_ST_B5"
"Human_Breast_Andersson_10142021_ST_B5_12x24",0.153576073638469,0.0927494677684064,0.052890170297063,0.035271348794374,0.12717770207303,0.221851849044175,0.0467463146142042,0.230344653277274,0.0393924204930048,"Human_Breast_Andersson_10142021_ST_B5"
"Human_Breast_Andersson_10142021_ST_B5_12x25",0.164773155014598,0.122905491533836,0.0613927294946686,0.142905435008714,0.154341415798454,0.19321915635671,0.0316411394396231,0.0642822198371034,0.0645392575162929,"Human_Breast_Andersson_10142021_ST_B5"
"Human_Breast_Andersson_10142021_ST_B5_12x9",0.0639306480271526,0.0502759621336652,0.157553656788737,0.12367290415343,0.246773256706493,0.0842706613262645,0.088529136857385,0.114842619859822,0.0701511541470496,"Human_Breast_Andersson_10142021_ST_B5"
"Human_Breast_Andersson_10142021_ST_B5_13x10",0.0717690809555334,0.11530082768984,0.0846825834449875,0.136572250307949,0.0570732838738564,0.0935990320371713,0.0743768847914982,0.235942317793676,0.130683739105488,"Human_Breast_Andersson_10142021_ST_B5"
"Human_Breast_Andersson_10142021_ST_B5_13x11",0.0275861866989635,0.0430951466236537,0.0152915243030479,0.121937722822741,0.055709140573828,0.037033961818946,0.0827061696497999,0.534946121394099,0.0816940261149219,"Human_Breast_Andersson_10142021_ST_B5"
"Human_Breast_Andersson_10142021_ST_B5_13x12",0.147208424477194,0.0337118502136465,0.0949519329544018,0.00987713874152695,0.0960623332772862,0.0470150546294371,0.0132357176912728,0.491859327325634,0.0660782206896004,"Human_Breast_Andersson_10142021_ST_B5"
"Human_Breast_Andersson_10142021_ST_B5_13x13",0.195579114097262,0.126822996936366,0.0769251292206352,0.123639588344409,0.0904152548678039,0.152518201701961,0.00748469425297826,0.162537929569438,0.064077091009147,"Human_Breast_Andersson_10142021_ST_B5"
"Human_Breast_Andersson_10142021_ST_B5_13x14",0.0695951046834937,0.142638723638232,0.0412354570590378,0.0204961991586377,0.0645406406047613,0.0876294304744221,0.0313813059577513,0.416430524138969,0.126052614284695,"Human_Breast_Andersson_10142021_ST_B5"
"Human_Breast_Andersson_10142021_ST_B5_13x15",0.112300340102314,0.0648648649801343,0.0895921087290236,0.0478965853257358,0.0880106787958171,0.0915634046703619,0.0347864427376131,0.401355723764821,0.0696298508941793,"Human_Breast_Andersson_10142021_ST_B5"
"Human_Breast_Andersson_10142021_ST_B5_13x16",0.20272610785359,0.0399685341798685,0.0580463132212239,0.05410468424186,0.0900439808171578,0.112297717379515,0.0176325427888274,0.336871382372397,0.0883087371455612,"Human_Breast_Andersson_10142021_ST_B5"
"Human_Breast_Andersson_10142021_ST_B5_13x17",0.241407663618148,0.020892803765535,0.108963834303804,0.115609442078143,0.24768389750235,0.0926481557972133,0.0454673840618935,0.0228032637483029,0.10452355512461,"Human_Breast_Andersson_10142021_ST_B5"
"Human_Breast_Andersson_10142021_ST_B5_13x19",0.0882064001780582,0.197123569894907,0.0143010406718529,0.032649610571126,0.391638474135271,0.0808482426127642,0.0207761484540089,0.0902309475758979,0.0842255659061135,"Human_Breast_Andersson_10142021_ST_B5"
"Human_Breast_Andersson_10142021_ST_B5_13x20",0.104938372086706,0.188608945576414,0.0578498751341379,0.034626276079839,0.102838824055725,0.117222764614778,0.00809043050095504,0.322069339073477,0.0637551728779673,"Human_Breast_Andersson_10142021_ST_B5"
"Human_Breast_Andersson_10142021_ST_B5_13x21",0.0635412387192784,0.204950205933035,0.0355364340597714,0.0282349139662456,0.095360920449826,0.137707065883209,0.0373269063718437,0.33289283724019,0.0644494773766001,"Human_Breast_Andersson_10142021_ST_B5"
"Human_Breast_Andersson_10142021_ST_B5_13x22",0.144468919879558,0.120589154155958,0.0564374461440799,0.0325346975094615,0.0824101172845472,0.146977036526087,0.0424733583547075,0.288456141155305,0.0856531289902954,"Human_Breast_Andersson_10142021_ST_B5"
"Human_Breast_Andersson_10142021_ST_B5_13x23",0.104126213976857,0.149772167264,0.0566279636409476,0.0489620127670232,0.0368001173834644,0.0814738069332005,0.043626570290226,0.425035029554718,0.0535761181895634,"Human_Breast_Andersson_10142021_ST_B5"
"Human_Breast_Andersson_10142021_ST_B5_13x24",0.243827459329474,0.136856262563235,0.0595109807355446,0.0288127851743007,0.0561530619012735,0.0967467853674058,0.198403730189759,0.123016630445905,0.0566723042931033,"Human_Breast_Andersson_10142021_ST_B5"
"Human_Breast_Andersson_10142021_ST_B5_13x25",0.171127508650741,0.139184927392814,0.0563778142770826,0.0620326250336789,0.116320200155387,0.138691467293138,0.0440651338323234,0.215894986666987,0.0563053366978476,"Human_Breast_Andersson_10142021_ST_B5"
"Human_Breast_Andersson_10142021_ST_B5_14x11",0.153216289028547,0.0439166831583318,0.0488491038614254,0.112860751057576,0.097453623288941,0.105143744346649,0.0564132065382951,0.318574966653668,0.0635716320665662,"Human_Breast_Andersson_10142021_ST_B5"
"Human_Breast_Andersson_10142021_ST_B5_14x12",0.0623707216425871,0.0327699585168317,0.0593698845639168,0.0885706229117743,0.151879174682177,0.16942099929617,0.0950567504465845,0.040457044659775,0.300104843280183,"Human_Breast_Andersson_10142021_ST_B5"
"Human_Breast_Andersson_10142021_ST_B5_14x13",0.12136227934048,0.0595803130699479,0.0152248799810189,0.0415339461090672,0.0214008664007472,0.0658597826647124,0.0133520641119433,0.59119450787924,0.0704913604428424,"Human_Breast_Andersson_10142021_ST_B5"
"Human_Breast_Andersson_10142021_ST_B5_14x14",0.118522684921131,0.111934626021573,0.0395544689163406,0.0911073764915648,0.0968417145340004,0.16154167805642,0.0437293972656059,0.213329209098561,0.123438844694803,"Human_Breast_Andersson_10142021_ST_B5"
"Human_Breast_Andersson_10142021_ST_B5_14x15",0.172564974039901,0.104454327268233,0.0855702806776385,0.0223722224679189,0.14298357558688,0.153366679614488,0.0616576859348876,0.145556024870297,0.111474229539756,"Human_Breast_Andersson_10142021_ST_B5"
"Human_Breast_Andersson_10142021_ST_B5_14x16",0.184250507582823,0.200597806216893,0.0732342254601719,0.0304039986332484,0.105188419041739,0.157660043724242,0.0566706208868912,0.0755874668087058,0.116406911645285,"Human_Breast_Andersson_10142021_ST_B5"
"Human_Breast_Andersson_10142021_ST_B5_14x17",0.160777007234457,0.0798638953988861,0.0795164381768308,0.0147143589059801,0.12439116762661,0.186282866129019,0.0242014601811844,0.260295058442641,0.069957747904391,"Human_Breast_Andersson_10142021_ST_B5"
"Human_Breast_Andersson_10142021_ST_B5_14x18",0.0650086480714463,0.123783828200979,0.0526631169781448,0.0594890912324226,0.119490025781561,0.145407107997332,0.0233816202575222,0.321900124469579,0.0888764370110128,"Human_Breast_Andersson_10142021_ST_B5"
"Human_Breast_Andersson_10142021_ST_B5_14x19",0.284258312389766,0.153888486863091,0.086822848534965,0.046430171617084,0.192044347705772,0.1555290863954,0.0148839479891311,0.036328280430112,0.0298145180746791,"Human_Breast_Andersson_10142021_ST_B5"
"Human_Breast_Andersson_10142021_ST_B5_14x20",0.145694538345238,0.116797457630168,0.0659473812317434,0.0681190668963771,0.0925756818318039,0.17103737640547,0.0538004015972807,0.230226964437887,0.0558011316240318,"Human_Breast_Andersson_10142021_ST_B5"
"Human_Breast_Andersson_10142021_ST_B5_14x21",0.197412007105407,0.185581548434098,0.0692031807118521,0.00879500450806858,0.0198910057290468,0.09069182563813,0.0430719365107481,0.361662316975819,0.0236911743868311,"Human_Breast_Andersson_10142021_ST_B5"
"Human_Breast_Andersson_10142021_ST_B5_14x22",0.081541326143903,0.0872167767386231,0.0744496143779767,0.0136812497581933,0.0191652744999627,0.0955328569727769,0.424761124618736,0.161047006501446,0.0426047703883825,"Human_Breast_Andersson_10142021_ST_B5"
"Human_Breast_Andersson_10142021_ST_B5_14x24",0.0743126252551811,0.103326415913334,0.0611404778945168,0.028359806759859,0.0321523699827224,0.0575229016072264,0.514586140410561,0.0687717741487778,0.059827488027822,"Human_Breast_Andersson_10142021_ST_B5"
"Human_Breast_Andersson_10142021_ST_B5_15x13",0.0721615368407193,0.0287185008340269,0.113204396629453,0.00988972657827319,0.0167508897286404,0.0509801901406734,0.0622673452838015,0.549584674756325,0.0964427392080866,"Human_Breast_Andersson_10142021_ST_B5"
"Human_Breast_Andersson_10142021_ST_B5_15x14",0.0390777408086179,0.0404131051116411,0.0185187574808215,0.00431546027705923,0.0157849470656701,0.0534616522268946,0.0235313507187529,0.770556277592806,0.0343407087177361,"Human_Breast_Andersson_10142021_ST_B5"
"Human_Breast_Andersson_10142021_ST_B5_15x15",0.0466264285737773,0.0333926606777069,0.0911145922689667,0.0105187195366962,0.0281714177741779,0.0872505154991298,0.0444587907699309,0.543608557359935,0.114858317539679,"Human_Breast_Andersson_10142021_ST_B5"
"Human_Breast_Andersson_10142021_ST_B5_15x16",0.0997299642834484,0.100040321425276,0.127064729248356,0.0101334734791519,0.038005666967884,0.202952240593,0.0380272783627805,0.29859832728918,0.0854479983509238,"Human_Breast_Andersson_10142021_ST_B5"
"Human_Breast_Andersson_10142021_ST_B5_15x17",0.0960015711034092,0.0786775417213759,0.0280474842890248,0.0307807132923721,0.0531623165426487,0.111325424410904,0.0216206001231726,0.495397957752906,0.0849863907641869,"Human_Breast_Andersson_10142021_ST_B5"
"Human_Breast_Andersson_10142021_ST_B5_15x18",0.168487645860602,0.091404761931534,0.0436513282888959,0.0469481157890154,0.171478089904259,0.12902706073859,0.0227154843355237,0.253345217702738,0.0729422954488418,"Human_Breast_Andersson_10142021_ST_B5"
"Human_Breast_Andersson_10142021_ST_B5_15x19",0.0725134942826523,0.0856346740730026,0.0475301331602881,0.0394757377955738,0.0464935742004811,0.0799845631329894,0.0124830997660863,0.582689975604901,0.0331947479840252,"Human_Breast_Andersson_10142021_ST_B5"
"Human_Breast_Andersson_10142021_ST_B5_15x20",0.153131627032138,0.129704283068527,0.0576495832284249,0.130207485769966,0.0698664484926846,0.0812380066635539,0.13115828814598,0.219220899600107,0.0278233779986189,"Human_Breast_Andersson_10142021_ST_B5"
"Human_Breast_Andersson_10142021_ST_B5_15x22",0.0902744046268513,0.0619464771011032,0.0697441797525036,0.0184202189757892,0.0190471644341728,0.086322459249645,0.350014046271976,0.252517880039966,0.0517131695479926,"Human_Breast_Andersson_10142021_ST_B5"
"Human_Breast_Andersson_10142021_ST_B5_15x23",0.0355599558131398,0.195314610744487,0.0376960177514612,0.0444176209576832,0.0466701377018019,0.175599563093353,0.0725375660113553,0.303727538148262,0.0884769897784563,"Human_Breast_Andersson_10142021_ST_B5"
"Human_Breast_Andersson_10142021_ST_B5_15x24",0.224030998948115,0.0881033570780567,0.0908515238095637,0.0288602738239834,0.103795449573928,0.0760721820586482,0.0367342252540177,0.292914876680567,0.0586371127731203,"Human_Breast_Andersson_10142021_ST_B5"
"Human_Breast_Andersson_10142021_ST_B5_15x25",0.0732964534818085,0.147385397128102,0.0495336086810346,0.0182750057604466,0.0670370955167832,0.103705342651285,0.0921905703474832,0.424459287315297,0.0241172391177592,"Human_Breast_Andersson_10142021_ST_B5"
"Human_Breast_Andersson_10142021_ST_B5_16x12",0.0838685652962718,0.0292456416570453,0.134400148265304,0.0878430657399078,0.125863512239507,0.123678931759955,0.0159883876678358,0.18573456681872,0.213377180555453,"Human_Breast_Andersson_10142021_ST_B5"
"Human_Breast_Andersson_10142021_ST_B5_16x13",0.0738345733248535,0.0427149888338958,0.0730975949270439,0.06361268866231,0.102626772548324,0.0967483953716506,0.0440278244082248,0.348503435251537,0.15483372667216,"Human_Breast_Andersson_10142021_ST_B5"
"Human_Breast_Andersson_10142021_ST_B5_16x14",0.164055143981353,0.088386899862227,0.03046533005928,0.0259513816552376,0.0701629170879196,0.0764659703034525,0.0291397642387902,0.423085042519167,0.092287550292573,"Human_Breast_Andersson_10142021_ST_B5"
"Human_Breast_Andersson_10142021_ST_B5_16x15",0.111360849820097,0.0566771531683486,0.0949712335245672,0.029969823990835,0.0849905185982396,0.131880527029782,0.0453421364132515,0.348220087329682,0.0965876701251983,"Human_Breast_Andersson_10142021_ST_B5"
"Human_Breast_Andersson_10142021_ST_B5_16x16",0.0454891151110939,0.0734617926056959,0.0180103331351593,0.0693444523901021,0.198410016092229,0.134307698833564,0.074277665494912,0.266527241088963,0.120171685248281,"Human_Breast_Andersson_10142021_ST_B5"
"Human_Breast_Andersson_10142021_ST_B5_16x17",0.0630256387812593,0.107281500860337,0.0575193921545438,0.0322155734756799,0.0555543449355264,0.429744753679086,0.0369767359685738,0.0428991413080434,0.17478291883695,"Human_Breast_Andersson_10142021_ST_B5"
"Human_Breast_Andersson_10142021_ST_B5_16x18",0.176265525718317,0.0476620904900778,0.0526807203221015,0.0560966030183987,0.143300509424647,0.193011010484199,0.00690393460558592,0.255317908100594,0.0687616978360799,"Human_Breast_Andersson_10142021_ST_B5"
"Human_Breast_Andersson_10142021_ST_B5_16x19",0.13404865612351,0.0522837448571708,0.0237777339320412,0.0964194384487378,0.0747792633548523,0.114949488532903,0.0529156321353311,0.352960689925588,0.097865352689866,"Human_Breast_Andersson_10142021_ST_B5"
"Human_Breast_Andersson_10142021_ST_B5_16x20",0.103615243644329,0.123765423143084,0.00947769862929895,0.0399951908398946,0.0572374030535224,0.0623871649849398,0.0725204498616695,0.502419483238244,0.0285819426050173,"Human_Breast_Andersson_10142021_ST_B5"
"Human_Breast_Andersson_10142021_ST_B5_16x21",0.111086215728874,0.091390849523272,0.0430616684166296,0.0284175493145912,0.0270675262928859,0.103879192826091,0.216630221260713,0.319178545072497,0.0592882315644459,"Human_Breast_Andersson_10142021_ST_B5"
"Human_Breast_Andersson_10142021_ST_B5_16x22",0.0729731995696746,0.0827080958598421,0.124715971689067,0.00981667543202295,0.0151113556474698,0.211698771595252,0.0610775201635082,0.250126013280348,0.171772396762815,"Human_Breast_Andersson_10142021_ST_B5"
"Human_Breast_Andersson_10142021_ST_B5_16x23",0.159319272471604,0.046677677465722,0.112947572595114,0.0493905228075229,0.067585114669613,0.0997736915280565,0.0847072459512151,0.307227208117995,0.0723716943931572,"Human_Breast_Andersson_10142021_ST_B5"
"Human_Breast_Andersson_10142021_ST_B5_16x24",0.0843339042002745,0.114529026805591,0.152047849273579,0.0351584050757343,0.118991981206938,0.146541619867655,0.0492475830962244,0.243451281959207,0.0556983485147974,"Human_Breast_Andersson_10142021_ST_B5"
"Human_Breast_Andersson_10142021_ST_B5_16x25",0.113310805474913,0.0768773162401732,0.0762070211592977,0.0390802302399718,0.275961234813249,0.147518917589707,0.0249096323512041,0.219505121728092,0.0266297204033907,"Human_Breast_Andersson_10142021_ST_B5"
"Human_Breast_Andersson_10142021_ST_B5_17x13",0.0906689514871289,0.0567825203340876,0.0375856341648087,0.066322786053569,0.134090807871976,0.112085876768839,0.0396746616173044,0.399446560701461,0.0633422010008253,"Human_Breast_Andersson_10142021_ST_B5"
"Human_Breast_Andersson_10142021_ST_B5_17x15",0.0679469445335353,0.0878970609707725,0.111861918728752,0.0858333308404947,0.0306337119374606,0.186648533387373,0.050345069322275,0.239779035277234,0.139054395002103,"Human_Breast_Andersson_10142021_ST_B5"
"Human_Breast_Andersson_10142021_ST_B5_17x16",0.139183207435119,0.0710676181078424,0.074997837049412,0.0602301165041073,0.0813383314188787,0.290520187504081,0.0461539533670356,0.112476263102577,0.124032485510946,"Human_Breast_Andersson_10142021_ST_B5"
"Human_Breast_Andersson_10142021_ST_B5_17x17",0.0798455359815386,0.0527609495401398,0.0244602816627896,0.067527804626226,0.130712126586873,0.107926387100506,0.0931694380916067,0.316638352389807,0.126959124020513,"Human_Breast_Andersson_10142021_ST_B5"
"Human_Breast_Andersson_10142021_ST_B5_17x19",0.0556972014432748,0.0695184220296813,0.0786174895280001,0.021613952118241,0.257243718761853,0.0431269987333865,0.0477991480613574,0.355452615542953,0.0709304537812536,"Human_Breast_Andersson_10142021_ST_B5"
"Human_Breast_Andersson_10142021_ST_B5_17x20",0.0865214607749355,0.0498821007710497,0.0290868344263983,0.234590864157049,0.160245696203543,0.155283124730381,0.0726354990354803,0.0866603014911685,0.125094118409995,"Human_Breast_Andersson_10142021_ST_B5"
"Human_Breast_Andersson_10142021_ST_B5_17x21",0.0819477537572553,0.0236695380238576,0.0200334761701023,0.0163396373473004,0.0152235436219773,0.103974293429217,0.146014603842617,0.554454662279287,0.0383424915283857,"Human_Breast_Andersson_10142021_ST_B5"
"Human_Breast_Andersson_10142021_ST_B5_17x22",0.111723291355242,0.0602324901382797,0.0765205790378669,0.0642565129737673,0.145600595479357,0.154606615051975,0.177192864384553,0.108737890892552,0.101129160686407,"Human_Breast_Andersson_10142021_ST_B5"
"Human_Breast_Andersson_10142021_ST_B5_17x23",0.107964706423282,0.068167992180645,0.0659487818768524,0.0145623635243721,0.0398902774400511,0.129453977323378,0.060941309765008,0.397451921250451,0.11561867021596,"Human_Breast_Andersson_10142021_ST_B5"
"Human_Breast_Andersson_10142021_ST_B5_17x24",0.0411088839157807,0.0701128631645036,0.0302201905897294,0.00291224601031856,0.0516401296159108,0.129437204745424,0.0446105493660664,0.552717694715244,0.0772402378770229,"Human_Breast_Andersson_10142021_ST_B5"
"Human_Breast_Andersson_10142021_ST_B5_17x25",0.0889760145615186,0.0708829789075292,0.0969734488040338,0.0600066205336049,0.0887902393422877,0.142291549231876,0.0210124859107265,0.37095471029218,0.0601119524162432,"Human_Breast_Andersson_10142021_ST_B5"
"Human_Breast_Andersson_10142021_ST_B5_18x14",0.153505072701492,0.102393671717107,0.0500743237646662,0.046026850406962,0.045261793472699,0.0834230508167662,0.0447965693912507,0.293104276977991,0.181414390751066,"Human_Breast_Andersson_10142021_ST_B5"
"Human_Breast_Andersson_10142021_ST_B5_18x15",0.192142456162509,0.0945145542134776,0.17063530655343,0.114975377330354,0.0906067858471812,0.122108187424722,0.0235693563649744,0.0669179239477866,0.124530052155564,"Human_Breast_Andersson_10142021_ST_B5"
"Human_Breast_Andersson_10142021_ST_B5_18x16",0.0910741023834932,0.103282059350674,0.106247386819585,0.0950182020786113,0.0893369751503184,0.134951934004322,0.0443454312071417,0.261827234403659,0.0739166746021954,"Human_Breast_Andersson_10142021_ST_B5"
"Human_Breast_Andersson_10142021_ST_B5_18x18",0.033704641971357,0.0429157937650726,0.0336716233164427,0.011890127452175,0.0246691368258342,0.0230748318734089,0.0226133115956994,0.706014101045559,0.101446432154451,"Human_Breast_Andersson_10142021_ST_B5"
"Human_Breast_Andersson_10142021_ST_B5_18x19",0.118320854667163,0.0285653780224699,0.0805853590625721,0.0125287801054131,0.0168443851814956,0.0457580473241347,0.0270663074942765,0.54502555490186,0.125305333240615,"Human_Breast_Andersson_10142021_ST_B5"
"Human_Breast_Andersson_10142021_ST_B5_18x21",0.117702394506264,0.134615106126173,0.0106973593286771,0.100553117308854,0.0433034427716728,0.123028498870639,0.0424242754605985,0.28981265441473,0.137863151212391,"Human_Breast_Andersson_10142021_ST_B5"
"Human_Breast_Andersson_10142021_ST_B5_18x22",0.0444837901448377,0.0706642231297533,0.135247005324663,0.0345176542396431,0.0709448581382112,0.0594921762859244,0.0246201002971484,0.432299293840013,0.127730898599806,"Human_Breast_Andersson_10142021_ST_B5"
"Human_Breast_Andersson_10142021_ST_B5_18x23",0.0448365276271766,0.0898980235527979,0.033640335969994,0.0552600644678892,0.118452069191555,0.169171879474417,0.0398028036323164,0.395360453017078,0.0535778430667768,"Human_Breast_Andersson_10142021_ST_B5"
"Human_Breast_Andersson_10142021_ST_B5_18x24",0.185440480027438,0.0726392025774913,0.0574095505274431,0.0286703470585776,0.0335204450540735,0.0977568478784479,0.031025374458762,0.453068389743975,0.0404693626737913,"Human_Breast_Andersson_10142021_ST_B5"
"Human_Breast_Andersson_10142021_ST_B5_18x25",0.122617593855248,0.0573002242975127,0.0251504659512775,0.0298335398454273,0.0211392286688076,0.0822314775746495,0.0728937063074447,0.493456257778799,0.0953775057208336,"Human_Breast_Andersson_10142021_ST_B5"
"Human_Breast_Andersson_10142021_ST_B5_18x26",0.0869024865452544,0.0719151109349579,0.130675980665536,0.0158485911882069,0.055454253349157,0.154756355504135,0.0267770091814021,0.332229598144306,0.125440614487045,"Human_Breast_Andersson_10142021_ST_B5"
"Human_Breast_Andersson_10142021_ST_B5_19x17",0.139849302060033,0.0668425228697224,0.0211562643538247,0.0454945917468182,0.0414049961809282,0.0585397008721477,0.0163355865357521,0.568934432760845,0.0414426026199285,"Human_Breast_Andersson_10142021_ST_B5"
"Human_Breast_Andersson_10142021_ST_B5_19x19",0.0955521267927238,0.109338434517324,0.0609764893953502,0.0452620214252229,0.0487038628507077,0.190154521984131,0.0453449153329847,0.24936688300674,0.155300744694816,"Human_Breast_Andersson_10142021_ST_B5"
"Human_Breast_Andersson_10142021_ST_B5_19x20",0.184578532232962,0.0826108879916445,0.0880609243384114,0.0394895828730942,0.0370019380528584,0.169446535545787,0.0191219576367644,0.226558003687725,0.153131637640753,"Human_Breast_Andersson_10142021_ST_B5"
"Human_Breast_Andersson_10142021_ST_B5_19x21",0.0348251835863717,0.0277061897207003,0.0575152000365586,0.0472878158770081,0.0570880742846314,0.0373880449274155,0.0333690459198978,0.649661327194288,0.0551591184531285,"Human_Breast_Andersson_10142021_ST_B5"
"Human_Breast_Andersson_10142021_ST_B5_19x22",0.190631363530707,0.0663572773222278,0.114756923333886,0.00700599551470379,0.0293155264822211,0.209908984217834,0.0130974694298096,0.236190855078531,0.132735605090079,"Human_Breast_Andersson_10142021_ST_B5"
"Human_Breast_Andersson_10142021_ST_B5_19x23",0.252114470134983,0.0325476939412619,0.0323631128396972,0.0125733926622514,0.0729560157101704,0.170077552777767,0.0300108999955726,0.304845727633818,0.092511134304479,"Human_Breast_Andersson_10142021_ST_B5"
"Human_Breast_Andersson_10142021_ST_B5_19x24",0.094371871627822,0.0683460140637965,0.110013513207946,0.0167348969179607,0.076481968512047,0.17784031865279,0.0190400851153678,0.363214891221528,0.0739564406807427,"Human_Breast_Andersson_10142021_ST_B5"
"Human_Breast_Andersson_10142021_ST_B5_19x25",0.0355258514828336,0.0416117913807408,0.0597747740348221,0.00560471961210727,0.0115196606408051,0.114127000106997,0.0873612109049573,0.607225921212405,0.0372490706243316,"Human_Breast_Andersson_10142021_ST_B5"
"Human_Breast_Andersson_10142021_ST_B5_19x26",0.106330122194689,0.0421174679147799,0.0546875199204184,0.0437971722988013,0.213192959263248,0.153628031513161,0.0247044522696453,0.240244854486946,0.121297420138311,"Human_Breast_Andersson_10142021_ST_B5"
"Human_Breast_Andersson_10142021_ST_B5_20x16",0.133432744800537,0.0473610554385244,0.072989648846407,0.085225867760257,0.120541379768258,0.164218766755019,0.021570029902593,0.279000435620008,0.0756600711083961,"Human_Breast_Andersson_10142021_ST_B5"
"Human_Breast_Andersson_10142021_ST_B5_20x18",0.0622195805462604,0.147025312746,0.0908005853225199,0.0940860548803969,0.267923061795589,0.147985092903521,0.0312557798720029,0.110880144280972,0.0478243876527372,"Human_Breast_Andersson_10142021_ST_B5"
"Human_Breast_Andersson_10142021_ST_B5_20x19",0.113085804833718,0.0325414106751642,0.0284411204173329,0.0261585939135296,0.0227839371524067,0.0840983395300101,0.0288328447140695,0.570643372124664,0.093414576639105,"Human_Breast_Andersson_10142021_ST_B5"
"Human_Breast_Andersson_10142021_ST_B5_20x20",0.164895082320649,0.0516576983187733,0.102445067914405,0.0521327220817269,0.127755743738134,0.118842560883565,0.0502939450299739,0.286181634229568,0.045795545483205,"Human_Breast_Andersson_10142021_ST_B5"
"Human_Breast_Andersson_10142021_ST_B5_20x21",0.238110415366372,0.0345212508585145,0.140204309450635,0.0107864153862969,0.0203385069978597,0.147819521180181,0.0589258975240145,0.271703403032194,0.0775902802039331,"Human_Breast_Andersson_10142021_ST_B5"
"Human_Breast_Andersson_10142021_ST_B5_20x22",0.171282876151497,0.030530602154241,0.0884103998603822,0.187013348966685,0.236127019223419,0.0908449012680009,0.0743458557935058,0.0281766350911313,0.0932683614911383,"Human_Breast_Andersson_10142021_ST_B5"
"Human_Breast_Andersson_10142021_ST_B5_20x23",0.0803860182192549,0.050582817468307,0.100390849024728,0.0404022589023018,0.133480450236255,0.144887722352176,0.0201654319743453,0.347115002305734,0.0825894495168985,"Human_Breast_Andersson_10142021_ST_B5"
"Human_Breast_Andersson_10142021_ST_B5_20x24",0.0526413355225613,0.0240443775042818,0.0319850738580199,0.0133671359825093,0.0272902399608207,0.267621496329063,0.0453323794970656,0.304700604443225,0.233017356902454,"Human_Breast_Andersson_10142021_ST_B5"
"Human_Breast_Andersson_10142021_ST_B5_20x25",0.086723166884992,0.0335222732248561,0.115671615396008,0.0638318590175567,0.157857772205722,0.263290961904023,0.0324281474383921,0.17379108258811,0.0728831213403407,"Human_Breast_Andersson_10142021_ST_B5"
"Human_Breast_Andersson_10142021_ST_B5_20x26",0.0573751656117309,0.0517418224840256,0.167553169145602,0.0194005530696319,0.0140258777082032,0.145517004713026,0.0288825117510675,0.432296355553482,0.0832075399632315,"Human_Breast_Andersson_10142021_ST_B5"
"Human_Breast_Andersson_10142021_ST_B5_21x18",0.175093734621595,0.056092444881366,0.0618254613391017,0.163699483940747,0.278450849925097,0.0837433742745898,0.0230008887335753,0.0508960651772298,0.107197697106698,"Human_Breast_Andersson_10142021_ST_B5"
"Human_Breast_Andersson_10142021_ST_B5_21x19",0.0296701088714993,0.054969775563926,0.0277417975461728,0.11481246338825,0.132252676730289,0.076931453531888,0.0325469218364681,0.444377054996545,0.0866977475349625,"Human_Breast_Andersson_10142021_ST_B5"
"Human_Breast_Andersson_10142021_ST_B5_21x20",0.177538183992561,0.0559785278268495,0.0894507724373406,0.0221755753271152,0.0432553620645394,0.164442084020803,0.0334512657750476,0.328807941280643,0.0849002872750995,"Human_Breast_Andersson_10142021_ST_B5"
"Human_Breast_Andersson_10142021_ST_B5_21x21",0.168876438579476,0.059207342098159,0.0485496025064924,0.0147528805493279,0.0752886648528506,0.0862377313191098,0.0290738640485898,0.444569637013493,0.073443839032501,"Human_Breast_Andersson_10142021_ST_B5"
"Human_Breast_Andersson_10142021_ST_B5_21x22",0.0658445335274159,0.019394789668841,0.0817752287822079,0.0132566284869892,0.0195252777921614,0.0924235888175113,0.0582266862324286,0.528556184180671,0.120997082511774,"Human_Breast_Andersson_10142021_ST_B5"
"Human_Breast_Andersson_10142021_ST_B5_21x23",0.100772927554616,0.0690959289214219,0.0324555268534426,0.0516568887533025,0.322644548993985,0.104913806338422,0.0688068457142329,0.170567322329077,0.0790862045415001,"Human_Breast_Andersson_10142021_ST_B5"
"Human_Breast_Andersson_10142021_ST_B5_21x24",0.315719257511435,0.0694622787229883,0.0699035889604423,0.0863476654539349,0.0714529002438311,0.158253631710932,0.0514913030253024,0.0664661860730118,0.110903188298122,"Human_Breast_Andersson_10142021_ST_B5"
"Human_Breast_Andersson_10142021_ST_B5_21x25",0.103740206029355,0.0546499615860612,0.0592807066539213,0.0643601025261317,0.204135269531726,0.128112063709598,0.0313247935969117,0.209163348348357,0.145233548017938,"Human_Breast_Andersson_10142021_ST_B5"
"Human_Breast_Andersson_10142021_ST_B5_21x26",0.0786581641610775,0.106756435060514,0.0441197048891074,0.0518755384061398,0.0710906682790151,0.195459721133431,0.082480268752226,0.223520913221896,0.146038586096593,"Human_Breast_Andersson_10142021_ST_B5"
"Human_Breast_Andersson_10142021_ST_B5_22x18",0.057474764981242,0.053396957088041,0.121076631042262,0.209892554186207,0.163526068042353,0.089258006896993,0.0635697824464435,0.162748319100439,0.0790569162160191,"Human_Breast_Andersson_10142021_ST_B5"
"Human_Breast_Andersson_10142021_ST_B5_22x19",0.269880645483267,0.0990898897235894,0.113218721356759,0.0200054969275744,0.0296566806982453,0.216179325464754,0.0599048406173457,0.114797682770691,0.0772667169577732,"Human_Breast_Andersson_10142021_ST_B5"
