"","Endothelial","CAFs","PVL","B-cells","T-cells","Myeloid","Normal Epithelial","Plasmablasts","Cancer Epithelial","sid"
"Human_Breast_Andersson_10142021_ST_D5_10x10",0.100518518910888,0.161646799865143,0.0618136327041797,0.113435470590514,0.100586772078584,0.0769210987293825,0.0675059508060755,0.115108047245226,0.202463709070007,"Human_Breast_Andersson_10142021_ST_D5"
"Human_Breast_Andersson_10142021_ST_D5_10x11",0.0969174513700102,0.196200876311588,0.074558167829411,0.0933419399393126,0.154130739987404,0.0897256308942841,0.049013208440226,0.0780957393580925,0.168016245869672,"Human_Breast_Andersson_10142021_ST_D5"
"Human_Breast_Andersson_10142021_ST_D5_10x12",0.108970991933484,0.153371217858354,0.0693463530275496,0.0861537944179101,0.0886495107902552,0.10181532353901,0.0534115831908881,0.135714840280318,0.202566384962232,"Human_Breast_Andersson_10142021_ST_D5"
"Human_Breast_Andersson_10142021_ST_D5_10x13",0.133938327839941,0.125257343369274,0.0562296496273739,0.0637623778534599,0.108565158539649,0.0807604692728326,0.0467311718547353,0.127361421845134,0.257394079797601,"Human_Breast_Andersson_10142021_ST_D5"
"Human_Breast_Andersson_10142021_ST_D5_10x14",0.174667153497503,0.185585575965554,0.0774429197088179,0.0306454114582612,0.111040495037011,0.0933283255344756,0.0544079554681479,0.0682372913476664,0.204644871982563,"Human_Breast_Andersson_10142021_ST_D5"
"Human_Breast_Andersson_10142021_ST_D5_10x15",0.197157375034009,0.124004855720576,0.0556447187029526,0.0655663869877753,0.0693517517964009,0.0840733757715669,0.0996175530511491,0.0727195404666713,0.231864442468899,"Human_Breast_Andersson_10142021_ST_D5"
"Human_Breast_Andersson_10142021_ST_D5_10x16",0.0978121599108494,0.152679879917948,0.0383004085388268,0.0531277893885903,0.155245185151373,0.104408771997817,0.113193397991109,0.103157194112685,0.182075212990802,"Human_Breast_Andersson_10142021_ST_D5"
"Human_Breast_Andersson_10142021_ST_D5_10x17",0.154957677985593,0.179997950609415,0.0357713611983734,0.0634411813681997,0.0960868784401823,0.152551480117023,0.0577204729312323,0.0878874880234207,0.171585509326561,"Human_Breast_Andersson_10142021_ST_D5"
"Human_Breast_Andersson_10142021_ST_D5_10x18",0.0922307720168366,0.203992165132378,0.119211991732873,0.0363783051209005,0.0932364285667508,0.139138389426068,0.0742999398876286,0.0791043125027446,0.16240769561382,"Human_Breast_Andersson_10142021_ST_D5"
"Human_Breast_Andersson_10142021_ST_D5_10x19",0.145812153681526,0.178302166871121,0.0707539615609717,0.0690026510970842,0.144677882303654,0.132800148924265,0.0511085304216859,0.0706226255895813,0.136919879550109,"Human_Breast_Andersson_10142021_ST_D5"
"Human_Breast_Andersson_10142021_ST_D5_10x20",0.172302076320441,0.135976797636368,0.0628406650702881,0.0477097355643588,0.119712573954464,0.0926444730247676,0.0574509080220441,0.124568518315518,0.186794252091752,"Human_Breast_Andersson_10142021_ST_D5"
"Human_Breast_Andersson_10142021_ST_D5_10x21",0.107313526485202,0.121429003891204,0.0820955574280044,0.0695925950744415,0.117326268309908,0.0957857641348997,0.101488837366232,0.0946343139322111,0.210334133377898,"Human_Breast_Andersson_10142021_ST_D5"
"Human_Breast_Andersson_10142021_ST_D5_10x22",0.102661305285463,0.0952627927468377,0.100653109780333,0.094946722294129,0.0629639908559333,0.0627785892685886,0.123815135653904,0.142163090709206,0.214755263405605,"Human_Breast_Andersson_10142021_ST_D5"
"Human_Breast_Andersson_10142021_ST_D5_10x23",0.083403263110232,0.0382934053879291,0.0556430818247177,0.0827969897577191,0.114514140544035,0.0557129874566842,0.167188871825264,0.159903471972735,0.242543788120684,"Human_Breast_Andersson_10142021_ST_D5"
"Human_Breast_Andersson_10142021_ST_D5_10x24",0.110923394538543,0.15694964720756,0.0394343226561644,0.0477631519532654,0.0560645006128008,0.0710462551888286,0.0835784008569509,0.185840112510648,0.248400214475239,"Human_Breast_Andersson_10142021_ST_D5"
"Human_Breast_Andersson_10142021_ST_D5_10x25",0.0528467521230978,0.139536289668136,0.0416916687892412,0.0356328598349556,0.100504462956025,0.0709688655008085,0.121476996283476,0.225194174272638,0.212147930571621,"Human_Breast_Andersson_10142021_ST_D5"
"Human_Breast_Andersson_10142021_ST_D5_10x7",0.131091913811174,0.138308916084121,0.137302221484533,0.0467112197712415,0.104327512383471,0.130540659338047,0.0176723412404816,0.183459493556783,0.110585722330149,"Human_Breast_Andersson_10142021_ST_D5"
"Human_Breast_Andersson_10142021_ST_D5_10x8",0.0777595530945563,0.13206294033981,0.0668156367787889,0.0896506715634449,0.169280491912316,0.118870432653281,0.06614056205731,0.160006537634375,0.119413173966119,"Human_Breast_Andersson_10142021_ST_D5"
"Human_Breast_Andersson_10142021_ST_D5_10x9",0.0892096584849863,0.260748204155866,0.116507820717994,0.036466936907404,0.183283234499097,0.102500875683033,0.0519784083184729,0.0383437146413751,0.120961146591773,"Human_Breast_Andersson_10142021_ST_D5"
"Human_Breast_Andersson_10142021_ST_D5_11x10",0.12519590162211,0.148811611667235,0.05597476794601,0.0804063509804641,0.0904489906121782,0.103532658325518,0.0913131453954734,0.101852921354384,0.202463652096628,"Human_Breast_Andersson_10142021_ST_D5"
"Human_Breast_Andersson_10142021_ST_D5_11x11",0.125554928478444,0.15520786548984,0.0573422461049621,0.0528011381929295,0.0889272786010333,0.0761841218816332,0.0956863539199503,0.0773181510873799,0.270977916243827,"Human_Breast_Andersson_10142021_ST_D5"
"Human_Breast_Andersson_10142021_ST_D5_11x12",0.109812193019196,0.210306884552738,0.0796295360456704,0.0318520466189377,0.0926774385439054,0.137983087213952,0.0611468036333202,0.0968180029703507,0.17977400740193,"Human_Breast_Andersson_10142021_ST_D5"
"Human_Breast_Andersson_10142021_ST_D5_11x13",0.118364067868939,0.10412428268727,0.0870125468983733,0.0319482251352268,0.0961681775033086,0.0643953434479264,0.107238022488401,0.118258723227802,0.272490610742753,"Human_Breast_Andersson_10142021_ST_D5"
"Human_Breast_Andersson_10142021_ST_D5_11x14",0.134392209820387,0.126666075025131,0.0694011760095144,0.0684928625497805,0.0558073441494022,0.0925310842129814,0.0513226380472426,0.156731056206732,0.244655553978829,"Human_Breast_Andersson_10142021_ST_D5"
"Human_Breast_Andersson_10142021_ST_D5_11x15",0.108820749403626,0.103345664338223,0.0881163392533837,0.0715198555933207,0.104593647823526,0.0850149537718973,0.0772876430281484,0.104892789693458,0.256408357094417,"Human_Breast_Andersson_10142021_ST_D5"
"Human_Breast_Andersson_10142021_ST_D5_11x16",0.136249976721421,0.14501353193704,0.0729578524316954,0.0415629363392289,0.100306600753765,0.0868504781304747,0.0691188167768085,0.162303431902119,0.185636375007447,"Human_Breast_Andersson_10142021_ST_D5"
"Human_Breast_Andersson_10142021_ST_D5_11x18",0.133111122061174,0.139499157906514,0.0680032642678289,0.102607209059788,0.116838449929242,0.0900727188074971,0.0738075832327068,0.0845666664621673,0.191493828273082,"Human_Breast_Andersson_10142021_ST_D5"
"Human_Breast_Andersson_10142021_ST_D5_11x19",0.143882995859863,0.115800960880383,0.063786656348498,0.0958160130592109,0.068087445046181,0.0791452005615612,0.0837413908207809,0.126803916323989,0.222935421099533,"Human_Breast_Andersson_10142021_ST_D5"
"Human_Breast_Andersson_10142021_ST_D5_11x20",0.108808899915335,0.102954403610311,0.057720341757235,0.108531441543795,0.111536068076242,0.105835371331462,0.112196420607511,0.106352824018309,0.1860642291398,"Human_Breast_Andersson_10142021_ST_D5"
"Human_Breast_Andersson_10142021_ST_D5_11x21",0.118132959716314,0.0972226310399961,0.0785091999540041,0.101025272799218,0.088002051297138,0.103921691565776,0.0999525212563059,0.0882580905762405,0.224975581795007,"Human_Breast_Andersson_10142021_ST_D5"
"Human_Breast_Andersson_10142021_ST_D5_11x22",0.0966058718975224,0.0851672729940538,0.0695034893355966,0.0991602953294723,0.163165307153968,0.0865306374496655,0.0725609064380963,0.189701586739178,0.137604632662447,"Human_Breast_Andersson_10142021_ST_D5"
"Human_Breast_Andersson_10142021_ST_D5_11x23",0.0747434108051289,0.125756234730053,0.0800400077412588,0.12724502785835,0.162450033464266,0.0685306177242655,0.0548773970199743,0.111295162399975,0.195062108256729,"Human_Breast_Andersson_10142021_ST_D5"
"Human_Breast_Andersson_10142021_ST_D5_11x24",0.239792016305124,0.118413372918753,0.0656394042362194,0.0875051018266649,0.0884978734674875,0.0562478593071433,0.0399951302581293,0.106300124965718,0.19760911671476,"Human_Breast_Andersson_10142021_ST_D5"
"Human_Breast_Andersson_10142021_ST_D5_11x25",0.0959894129923015,0.117641879982853,0.123188877748786,0.0346325214560248,0.160624333627083,0.13352900862174,0.137776490706079,0.039739699777453,0.156877775087679,"Human_Breast_Andersson_10142021_ST_D5"
"Human_Breast_Andersson_10142021_ST_D5_11x9",0.142015707701785,0.148113970759902,0.0874965043990896,0.106919171867233,0.151076177251957,0.0823897560927761,0.054735347249392,0.0691593817414747,0.158093982936391,"Human_Breast_Andersson_10142021_ST_D5"
"Human_Breast_Andersson_10142021_ST_D5_12x10",0.129528656901621,0.157078456579258,0.0789718267083289,0.0389363339671409,0.089897109869516,0.098484744881883,0.0702730146156606,0.162159268112174,0.174670588364418,"Human_Breast_Andersson_10142021_ST_D5"
"Human_Breast_Andersson_10142021_ST_D5_12x11",0.0794694338137182,0.0933899139571306,0.088709825554164,0.0853037267886418,0.155444243074443,0.0771907245758773,0.061920384618083,0.106846137811413,0.251725609806529,"Human_Breast_Andersson_10142021_ST_D5"
"Human_Breast_Andersson_10142021_ST_D5_12x12",0.120264849176333,0.138254073546805,0.0874643334111499,0.0780453455770228,0.0532672163801811,0.0612518823521383,0.0977606801528233,0.15429764355562,0.209393975847926,"Human_Breast_Andersson_10142021_ST_D5"
"Human_Breast_Andersson_10142021_ST_D5_12x13",0.132055710871693,0.168311555027146,0.0823560642736642,0.0303907577005058,0.0678014253443954,0.129864922183663,0.0289322554480119,0.193194884361828,0.167092424789093,"Human_Breast_Andersson_10142021_ST_D5"
"Human_Breast_Andersson_10142021_ST_D5_12x14",0.108564534250229,0.166239761946383,0.0459308339228511,0.0797766947863517,0.168089111828,0.0936979606825699,0.0340514698120219,0.139884924206332,0.163764708565262,"Human_Breast_Andersson_10142021_ST_D5"
"Human_Breast_Andersson_10142021_ST_D5_12x15",0.143619331914229,0.102513235663163,0.0905073404124214,0.0621811964030356,0.0574414042321541,0.0782979666653219,0.0807707240913817,0.123212142634101,0.261456657984192,"Human_Breast_Andersson_10142021_ST_D5"
"Human_Breast_Andersson_10142021_ST_D5_12x16",0.133066300750121,0.0790942289466835,0.0664863094460212,0.0552365485168901,0.125163668704483,0.0735494929782227,0.107141112720955,0.0683446784333104,0.291917659503313,"Human_Breast_Andersson_10142021_ST_D5"
"Human_Breast_Andersson_10142021_ST_D5_12x17",0.13292690815591,0.14071041650072,0.059460098029685,0.0944625463042616,0.117126831145596,0.0929256495704767,0.0668411022335198,0.113304742211485,0.182241705848346,"Human_Breast_Andersson_10142021_ST_D5"
"Human_Breast_Andersson_10142021_ST_D5_12x18",0.078915885273567,0.214572178623339,0.0675813854177572,0.0975383866219814,0.0610069937791545,0.136883427587508,0.0536093449495936,0.114919585560424,0.174972812186676,"Human_Breast_Andersson_10142021_ST_D5"
"Human_Breast_Andersson_10142021_ST_D5_12x19",0.144493678756975,0.151919900036212,0.0567419763679334,0.0716461727739643,0.130789215792792,0.124519731098423,0.0407896034739789,0.127597819637549,0.151501902062172,"Human_Breast_Andersson_10142021_ST_D5"
"Human_Breast_Andersson_10142021_ST_D5_12x20",0.124353295032689,0.0949043081518159,0.0927739289315774,0.0899788172174456,0.0785333121217276,0.0772615403234398,0.121952369331689,0.088643411752801,0.231599017136814,"Human_Breast_Andersson_10142021_ST_D5"
"Human_Breast_Andersson_10142021_ST_D5_12x21",0.0944814801265816,0.132885730789746,0.0938524647446379,0.0583148819095052,0.0943133823005835,0.093383166456054,0.0676190914477873,0.161124189498203,0.204025612726901,"Human_Breast_Andersson_10142021_ST_D5"
"Human_Breast_Andersson_10142021_ST_D5_12x22",0.0750683663148294,0.159590090716897,0.164979516428032,0.0569637537438805,0.100451708438877,0.111361094998328,0.0609438683198568,0.0884041031108112,0.18223749792849,"Human_Breast_Andersson_10142021_ST_D5"
"Human_Breast_Andersson_10142021_ST_D5_12x23",0.160181124684194,0.150387778721313,0.137019784894784,0.0480529040090028,0.087461714582443,0.1136372493294,0.112159036641501,0.0368081655648793,0.154292241572482,"Human_Breast_Andersson_10142021_ST_D5"
"Human_Breast_Andersson_10142021_ST_D5_12x24",0.147763353137863,0.124116878170516,0.0622160347209979,0.0486552349685277,0.0964827255180979,0.0586016160675713,0.0535617367833205,0.221083427221941,0.187518993411165,"Human_Breast_Andersson_10142021_ST_D5"
"Human_Breast_Andersson_10142021_ST_D5_12x25",0.109862857731714,0.151224873215708,0.103468585372839,0.0927833010821361,0.0788491795027941,0.113263970764232,0.078789280482472,0.0751270112834039,0.196630940564701,"Human_Breast_Andersson_10142021_ST_D5"
"Human_Breast_Andersson_10142021_ST_D5_12x8",0.144340186217834,0.192382455887947,0.0967587794914156,0.0453883267444148,0.121082784534218,0.0751631454561456,0.0332870345708984,0.167596406385707,0.124000880711419,"Human_Breast_Andersson_10142021_ST_D5"
"Human_Breast_Andersson_10142021_ST_D5_12x9",0.138555830459426,0.136369288330206,0.123345820048326,0.0467577100957193,0.0632464991194844,0.0828665292640393,0.0467570454764283,0.215483778617232,0.146617498589139,"Human_Breast_Andersson_10142021_ST_D5"
"Human_Breast_Andersson_10142021_ST_D5_13x10",0.0951771560016789,0.18226058989763,0.10278467644707,0.0481829685053427,0.155687119995187,0.106795987759431,0.0313650461382968,0.118043229930068,0.159703225325296,"Human_Breast_Andersson_10142021_ST_D5"
"Human_Breast_Andersson_10142021_ST_D5_13x11",0.1068952080091,0.138118430875639,0.0662982604742934,0.0505194657014458,0.0498221474683346,0.101009332699652,0.0593432861777251,0.203367038231809,0.224626830362001,"Human_Breast_Andersson_10142021_ST_D5"
"Human_Breast_Andersson_10142021_ST_D5_13x12",0.110179480395654,0.193376567094143,0.0694246875610688,0.0176507912932134,0.0695218911461146,0.0853505791251985,0.0350875215309294,0.266583082312524,0.152825399541154,"Human_Breast_Andersson_10142021_ST_D5"
"Human_Breast_Andersson_10142021_ST_D5_13x13",0.144427454887256,0.101867131261607,0.0671411770903788,0.0794968359125816,0.0969999096279906,0.0662478393256311,0.0534603013552264,0.243879715445641,0.146479635093688,"Human_Breast_Andersson_10142021_ST_D5"
"Human_Breast_Andersson_10142021_ST_D5_13x14",0.103667041414934,0.141358297693439,0.108638392466334,0.0375892007821045,0.0620573203358634,0.0798119405827285,0.0475511134142474,0.26143864909384,0.157888044216509,"Human_Breast_Andersson_10142021_ST_D5"
"Human_Breast_Andersson_10142021_ST_D5_13x15",0.111942115861638,0.137382199187084,0.0817032388763133,0.0583560267446246,0.0736071094854581,0.0667087915502893,0.0555960923244239,0.229133104402008,0.185571321568161,"Human_Breast_Andersson_10142021_ST_D5"
"Human_Breast_Andersson_10142021_ST_D5_13x16",0.166039020943486,0.126154845120096,0.0642763274991421,0.0528379865205966,0.11045179713072,0.0943947947321084,0.0494643299729692,0.151550550203248,0.184830347877633,"Human_Breast_Andersson_10142021_ST_D5"
"Human_Breast_Andersson_10142021_ST_D5_13x17",0.122906886968018,0.211816436135577,0.0640309167210918,0.0561986432132599,0.104950712485154,0.146001173300814,0.0232516773337107,0.135665883172138,0.135177670670237,"Human_Breast_Andersson_10142021_ST_D5"
"Human_Breast_Andersson_10142021_ST_D5_13x18",0.104306609269966,0.215106647457433,0.0860959931633086,0.082025482597144,0.107356192744625,0.123660174110197,0.0409966447606567,0.123726025431754,0.116726230464915,"Human_Breast_Andersson_10142021_ST_D5"
"Human_Breast_Andersson_10142021_ST_D5_13x19",0.158359087425226,0.268682978155696,0.0580143901875728,0.0477968105971366,0.0776106853943769,0.0929674158224682,0.0385504935306507,0.148438560505957,0.109579578380916,"Human_Breast_Andersson_10142021_ST_D5"
"Human_Breast_Andersson_10142021_ST_D5_13x20",0.161466030287333,0.165167575902667,0.134217984746739,0.13141078520038,0.0538322849070365,0.128750352305461,0.0145462222257773,0.084165844261675,0.126442920162932,"Human_Breast_Andersson_10142021_ST_D5"
"Human_Breast_Andersson_10142021_ST_D5_13x21",0.0705277854475022,0.182262002817732,0.0515435753757687,0.0510356365972695,0.102425799286515,0.13459512016258,0.0324392879541705,0.239754291005839,0.135416501352624,"Human_Breast_Andersson_10142021_ST_D5"
"Human_Breast_Andersson_10142021_ST_D5_13x22",0.082615536894143,0.33766138928856,0.0713320049979466,0.0350170890950461,0.0255157600102598,0.0723988817080961,0.0136157741285233,0.294541870029895,0.0673016938475301,"Human_Breast_Andersson_10142021_ST_D5"
"Human_Breast_Andersson_10142021_ST_D5_13x23",0.0915425582766426,0.198297638406821,0.0408218834167714,0.0970514671562846,0.057567307786402,0.161779014326993,0.0712858537494999,0.175044267865528,0.106610009015058,"Human_Breast_Andersson_10142021_ST_D5"
"Human_Breast_Andersson_10142021_ST_D5_13x24",0.118994654881814,0.114993595426307,0.086137098602124,0.114783975989676,0.148363883764792,0.131363546884169,0.0675892151937475,0.0878235208423778,0.129950508414993,"Human_Breast_Andersson_10142021_ST_D5"
"Human_Breast_Andersson_10142021_ST_D5_13x25",0.103128460163933,0.181511124045058,0.0735375419619117,0.078855493164743,0.151555238574947,0.113915409534608,0.0258535115072554,0.143835581685707,0.127807639361839,"Human_Breast_Andersson_10142021_ST_D5"
"Human_Breast_Andersson_10142021_ST_D5_13x8",0.127463436413476,0.257404715534454,0.0286860616158629,0.0183454174139968,0.0238690170802608,0.0543498414847282,0.0261804478430168,0.353842930116559,0.109858132497646,"Human_Breast_Andersson_10142021_ST_D5"
"Human_Breast_Andersson_10142021_ST_D5_14x10",0.171882646404512,0.111986546579012,0.0770828124645106,0.0610646556769145,0.140663875728749,0.0963797387234859,0.0971501017513439,0.0467767804451539,0.197012842226318,"Human_Breast_Andersson_10142021_ST_D5"
"Human_Breast_Andersson_10142021_ST_D5_14x11",0.124083572115978,0.140557790415695,0.0368959807732421,0.048782582980303,0.154213683216958,0.0678462777145896,0.0688780643880457,0.179368475007909,0.179373573387279,"Human_Breast_Andersson_10142021_ST_D5"
"Human_Breast_Andersson_10142021_ST_D5_14x12",0.108831340691131,0.191431494273917,0.0522066369002474,0.0576062679194265,0.066419848712399,0.0952126033944817,0.0446481793414029,0.233809461366775,0.149834167400219,"Human_Breast_Andersson_10142021_ST_D5"
"Human_Breast_Andersson_10142021_ST_D5_14x13",0.107078281513514,0.149428779811158,0.0493227899893298,0.0674328979272925,0.0523237320403611,0.0877310379332284,0.0385291529811725,0.226013354360028,0.222139973443917,"Human_Breast_Andersson_10142021_ST_D5"
"Human_Breast_Andersson_10142021_ST_D5_14x14",0.130035223357649,0.177832495246705,0.051752775854286,0.0473104869011546,0.124007205887242,0.11366120669638,0.0604764722230816,0.0857760793614192,0.209148054472083,"Human_Breast_Andersson_10142021_ST_D5"
"Human_Breast_Andersson_10142021_ST_D5_14x15",0.111525401667003,0.14872883867166,0.0751093351096589,0.0709508331247711,0.115763144312931,0.0674415954221299,0.0566639126986984,0.201564208179331,0.152252730813818,"Human_Breast_Andersson_10142021_ST_D5"
"Human_Breast_Andersson_10142021_ST_D5_14x16",0.134865305369054,0.172179606959848,0.067367360163307,0.0381102547205097,0.0934521839783513,0.11729813246032,0.0408126236590614,0.124103782354211,0.211810750335337,"Human_Breast_Andersson_10142021_ST_D5"
"Human_Breast_Andersson_10142021_ST_D5_14x17",0.119146065865654,0.190471203212452,0.0594599410821993,0.0543796437504038,0.0766997748590375,0.114980894686811,0.0388424325445098,0.184821424461396,0.161198619537536,"Human_Breast_Andersson_10142021_ST_D5"
"Human_Breast_Andersson_10142021_ST_D5_14x18",0.157130400295924,0.184439749363402,0.0510882332966928,0.0852024305838721,0.127143386532519,0.114355409609994,0.0338150936027478,0.130041682652066,0.116783614062782,"Human_Breast_Andersson_10142021_ST_D5"
"Human_Breast_Andersson_10142021_ST_D5_14x19",0.126825582880985,0.165204860894163,0.10097214896867,0.0443820938864426,0.0666241044802929,0.123245379809573,0.0598537930708053,0.160933108515391,0.151958927493677,"Human_Breast_Andersson_10142021_ST_D5"
"Human_Breast_Andersson_10142021_ST_D5_14x20",0.153757087658931,0.197023960794953,0.0878316570069514,0.0407464710206927,0.0577134924883947,0.108428266083772,0.0486004422668887,0.190477127704857,0.115421494974559,"Human_Breast_Andersson_10142021_ST_D5"
"Human_Breast_Andersson_10142021_ST_D5_14x21",0.110077549369978,0.25491121066932,0.0671501713777085,0.0687810648020229,0.209929354298543,0.128629840175298,0.0301747532825504,0.0619245719841308,0.0684214840404492,"Human_Breast_Andersson_10142021_ST_D5"
"Human_Breast_Andersson_10142021_ST_D5_14x22",0.106335084478189,0.374160931707607,0.0483195000788998,0.0567317082246073,0.143281007535098,0.152079495302485,0.00848146460085086,0.0683262356730539,0.0422845723992088,"Human_Breast_Andersson_10142021_ST_D5"
"Human_Breast_Andersson_10142021_ST_D5_14x23",0.130921864168311,0.189210390260092,0.0617561275932729,0.124635702746889,0.119193349580118,0.159741397837566,0.0461351847400993,0.0864632827430051,0.0819427003306467,"Human_Breast_Andersson_10142021_ST_D5"
"Human_Breast_Andersson_10142021_ST_D5_14x24",0.230709479893393,0.0992268865223193,0.0613176096372968,0.0514219260196934,0.25019423121319,0.0711922314521126,0.0410052822368171,0.0904394963699758,0.104492856655202,"Human_Breast_Andersson_10142021_ST_D5"
"Human_Breast_Andersson_10142021_ST_D5_14x25",0.137278837450931,0.196703966616843,0.156684146594151,0.0517180379338088,0.134703974940597,0.0884760806871919,0.042148622748677,0.060760434491428,0.131525898536372,"Human_Breast_Andersson_10142021_ST_D5"
"Human_Breast_Andersson_10142021_ST_D5_14x8",0.142218631130498,0.134012299266291,0.070081954809204,0.0875736714618225,0.090202992093307,0.0857153251974027,0.0433491782355326,0.230882039058357,0.115963908747585,"Human_Breast_Andersson_10142021_ST_D5"
"Human_Breast_Andersson_10142021_ST_D5_14x9",0.143647454135263,0.211208948267325,0.0367317977497548,0.0738051155189297,0.0474881193443536,0.11905369182683,0.029563837097427,0.229058935208762,0.109442100851355,"Human_Breast_Andersson_10142021_ST_D5"
"Human_Breast_Andersson_10142021_ST_D5_15x10",0.0687251762455865,0.230390857886485,0.0703285593008035,0.106129828436556,0.0543192326708112,0.145271767841874,0.0410540402947245,0.0799523576717336,0.203828179651426,"Human_Breast_Andersson_10142021_ST_D5"
"Human_Breast_Andersson_10142021_ST_D5_15x11",0.0828491804659537,0.163559050300635,0.0541421000323024,0.0771163807329541,0.0891925292770917,0.0880190115266508,0.0382087197630826,0.223698331979901,0.183214695921429,"Human_Breast_Andersson_10142021_ST_D5"
"Human_Breast_Andersson_10142021_ST_D5_15x12",0.0808990840977586,0.129716690011327,0.0936422067831563,0.0472590047717049,0.157131793061313,0.0757588750887353,0.0312029532041699,0.192871911471099,0.191517481510736,"Human_Breast_Andersson_10142021_ST_D5"
"Human_Breast_Andersson_10142021_ST_D5_15x13",0.150762919426138,0.0965195796539486,0.061401674307995,0.0764709811718559,0.0797451205271314,0.0610912363926892,0.108965784428425,0.137925895389773,0.227116808702044,"Human_Breast_Andersson_10142021_ST_D5"
"Human_Breast_Andersson_10142021_ST_D5_15x14",0.0871669525933364,0.164201688982521,0.0288067074904861,0.0514484385945928,0.0831286024684136,0.0696759028563283,0.0329523560707191,0.307908522497825,0.174710828445778,"Human_Breast_Andersson_10142021_ST_D5"
"Human_Breast_Andersson_10142021_ST_D5_15x15",0.193641281189956,0.104905404184653,0.0531939513333541,0.0439416310590403,0.0815866885207087,0.0883031403224949,0.0600877163309207,0.111028821806362,0.263311365252511,"Human_Breast_Andersson_10142021_ST_D5"
"Human_Breast_Andersson_10142021_ST_D5_15x16",0.122186812823381,0.155081330411164,0.0630967075376421,0.117586998530842,0.11206072930091,0.0842073187705656,0.0520653304210263,0.141943030632288,0.151771741572181,"Human_Breast_Andersson_10142021_ST_D5"
"Human_Breast_Andersson_10142021_ST_D5_15x17",0.111334754933227,0.174419215667936,0.0662737064150793,0.0529669820136316,0.133376235544853,0.160748055812262,0.0395944416574916,0.128550554422271,0.132736053533249,"Human_Breast_Andersson_10142021_ST_D5"
"Human_Breast_Andersson_10142021_ST_D5_15x18",0.0851066047477293,0.250790978012769,0.0563761183396008,0.0628135920640735,0.106036832954561,0.138853518244657,0.0370607029205468,0.134834669511411,0.128126983204651,"Human_Breast_Andersson_10142021_ST_D5"
"Human_Breast_Andersson_10142021_ST_D5_15x19",0.136426218262153,0.18690754690595,0.0746170306745718,0.0355133912638881,0.101195438862431,0.100688864033476,0.0268618263090095,0.250418339770665,0.087371343917855,"Human_Breast_Andersson_10142021_ST_D5"
"Human_Breast_Andersson_10142021_ST_D5_15x20",0.238315605722,0.1872331240862,0.0469044107761416,0.0811623047099387,0.0804350769252586,0.117508023367284,0.0510989347949245,0.106379834367917,0.0909626852503356,"Human_Breast_Andersson_10142021_ST_D5"
"Human_Breast_Andersson_10142021_ST_D5_15x21",0.168254538808593,0.226538861980327,0.111312355810976,0.0586999740421511,0.110784657263991,0.0956035832986971,0.0278809226376958,0.101010673818212,0.0999144323393566,"Human_Breast_Andersson_10142021_ST_D5"
"Human_Breast_Andersson_10142021_ST_D5_15x22",0.132546963203414,0.249068397156487,0.0463732439139176,0.0801159425738215,0.126913509331919,0.16265149749576,0.0223167816172833,0.13326660129266,0.0467470634147377,"Human_Breast_Andersson_10142021_ST_D5"
"Human_Breast_Andersson_10142021_ST_D5_15x23",0.119454988989075,0.210828955472129,0.0381368935864952,0.108683962897686,0.0855272049504356,0.127176880251867,0.0149642042901998,0.240645426180764,0.054581483381349,"Human_Breast_Andersson_10142021_ST_D5"
"Human_Breast_Andersson_10142021_ST_D5_15x24",0.113855436850247,0.181970124495037,0.0553252089841898,0.136558661405726,0.151893326575211,0.0936238247551929,0.048141430669036,0.129563342765046,0.0890686435003136,"Human_Breast_Andersson_10142021_ST_D5"
"Human_Breast_Andersson_10142021_ST_D5_15x25",0.0577304805073046,0.168429468574264,0.098360755973888,0.0767178307113448,0.192211009876194,0.0686210053965796,0.0896892700219482,0.089354768088452,0.158885410850024,"Human_Breast_Andersson_10142021_ST_D5"
"Human_Breast_Andersson_10142021_ST_D5_15x8",0.127542333903638,0.153713112266237,0.0747316537940599,0.0627764627864448,0.113201588516317,0.101272662435876,0.0546793648918917,0.140838699993926,0.17124412141161,"Human_Breast_Andersson_10142021_ST_D5"
"Human_Breast_Andersson_10142021_ST_D5_15x9",0.104857714316917,0.176916585341941,0.0612891381001794,0.107440125698636,0.239065736320911,0.115048258981437,0.0320976912342048,0.0777289748408647,0.0855557751649092,"Human_Breast_Andersson_10142021_ST_D5"
"Human_Breast_Andersson_10142021_ST_D5_16x10",0.0745151343920466,0.13254860295308,0.0410397257171701,0.144751785301632,0.236244910561347,0.167049673840671,0.0320720387680139,0.0793226939036654,0.0924554345623732,"Human_Breast_Andersson_10142021_ST_D5"
"Human_Breast_Andersson_10142021_ST_D5_16x11",0.0607850637715972,0.161978436501969,0.0449015729011031,0.138021299932134,0.128062179022021,0.088523293265145,0.0439193921168829,0.234671248859495,0.099137513629652,"Human_Breast_Andersson_10142021_ST_D5"
"Human_Breast_Andersson_10142021_ST_D5_16x12",0.052675869909077,0.142695326602727,0.0427105667157191,0.0433223987823195,0.0610122944677201,0.0524356206892419,0.0652005840615756,0.39616620820893,0.14378113056269,"Human_Breast_Andersson_10142021_ST_D5"
"Human_Breast_Andersson_10142021_ST_D5_16x13",0.103799217365395,0.122817623114524,0.0614870122859945,0.0551363367254075,0.0982496619438039,0.0840386541858151,0.0996547148467096,0.160245304669829,0.21457147486252,"Human_Breast_Andersson_10142021_ST_D5"
"Human_Breast_Andersson_10142021_ST_D5_16x14",0.108012755079829,0.140615400931519,0.0700732384212574,0.097222758831036,0.093525062783425,0.0690198611937108,0.0915303819516248,0.152305233215851,0.177695307591747,"Human_Breast_Andersson_10142021_ST_D5"
"Human_Breast_Andersson_10142021_ST_D5_16x15",0.0845394084572318,0.0966646714689122,0.0587463681449042,0.100396598764435,0.0908989779647588,0.0613001639357806,0.112292515965223,0.162431688719268,0.232729606579486,"Human_Breast_Andersson_10142021_ST_D5"
"Human_Breast_Andersson_10142021_ST_D5_16x16",0.0805471007064977,0.154468091866088,0.0427549392260148,0.0862695243615527,0.0829011892688226,0.0819975669710544,0.0843730339437361,0.175713514647136,0.210975039009098,"Human_Breast_Andersson_10142021_ST_D5"
"Human_Breast_Andersson_10142021_ST_D5_16x17",0.0906081683532553,0.117266220955084,0.066192213637099,0.0507964588414827,0.0587779902594912,0.108886266860778,0.0859544314144525,0.251514453907264,0.170003795771094,"Human_Breast_Andersson_10142021_ST_D5"
"Human_Breast_Andersson_10142021_ST_D5_16x18",0.115042481859093,0.194483610113602,0.0537464835565588,0.0298795225086583,0.0353357616264518,0.174781757566601,0.0388082578411917,0.266019683374947,0.0919024415528952,"Human_Breast_Andersson_10142021_ST_D5"
"Human_Breast_Andersson_10142021_ST_D5_16x19",0.158701299632334,0.250970413528399,0.0937274907833865,0.034769001963016,0.0510616911889201,0.140667893604157,0.0270793562621672,0.161276966029424,0.081745887008196,"Human_Breast_Andersson_10142021_ST_D5"
"Human_Breast_Andersson_10142021_ST_D5_16x20",0.0904194718624741,0.237164120543185,0.124248538326277,0.0582913287416238,0.0765375891468131,0.155472696567336,0.0707220830243884,0.0575829280928458,0.129561243695056,"Human_Breast_Andersson_10142021_ST_D5"
"Human_Breast_Andersson_10142021_ST_D5_16x21",0.181778915193484,0.12875575198371,0.123017658342707,0.0516198949780099,0.0940592084020243,0.161247951044754,0.0271067236139127,0.137383311592733,0.0950305848486663,"Human_Breast_Andersson_10142021_ST_D5"
"Human_Breast_Andersson_10142021_ST_D5_16x22",0.2159958835926,0.176782065857239,0.0855015894712225,0.0377285513030226,0.0759845738636212,0.131416623222662,0.0203867310628329,0.174043287632054,0.0821606939947461,"Human_Breast_Andersson_10142021_ST_D5"
"Human_Breast_Andersson_10142021_ST_D5_16x23",0.151213037070171,0.240817792975769,0.0780362600415664,0.0703816402468311,0.153003267880822,0.135008576646084,0.021843869975908,0.085004060418751,0.0646914947440971,"Human_Breast_Andersson_10142021_ST_D5"
"Human_Breast_Andersson_10142021_ST_D5_16x24",0.230679686602618,0.174553302154952,0.102446518971588,0.0453314800611776,0.132873793180968,0.0846740792828816,0.0490864900777065,0.0513713337023134,0.128983315965796,"Human_Breast_Andersson_10142021_ST_D5"
"Human_Breast_Andersson_10142021_ST_D5_16x25",0.135135546025686,0.185963672100215,0.0921862465345358,0.167271384578464,0.141418935899106,0.0847799949874527,0.0362833320258548,0.0420785030678674,0.114882384780818,"Human_Breast_Andersson_10142021_ST_D5"
"Human_Breast_Andersson_10142021_ST_D5_16x8",0.107753571223718,0.202807373042911,0.044666475968865,0.0492805235004959,0.0799613709829784,0.150081173967555,0.0431709643719344,0.241980054446496,0.0802984924950457,"Human_Breast_Andersson_10142021_ST_D5"
"Human_Breast_Andersson_10142021_ST_D5_16x9",0.0884090677278306,0.167051599281919,0.0528681588844209,0.208540633411616,0.176567675094921,0.139495196085209,0.0164638574412193,0.0857960155548838,0.0648077965179801,"Human_Breast_Andersson_10142021_ST_D5"
"Human_Breast_Andersson_10142021_ST_D5_17x10",0.0663309944977758,0.115826339055295,0.0425907977334742,0.124954565341823,0.0846768795947881,0.122088774940584,0.0315359106268683,0.343291823335677,0.068703914873714,"Human_Breast_Andersson_10142021_ST_D5"
"Human_Breast_Andersson_10142021_ST_D5_17x11",0.107425611393505,0.103853945481972,0.040882597546973,0.0885290284219355,0.0962924177559576,0.0932120281245665,0.0555227502394641,0.315714437991154,0.098567183044472,"Human_Breast_Andersson_10142021_ST_D5"
"Human_Breast_Andersson_10142021_ST_D5_17x12",0.0789519538415576,0.200648627786374,0.0895348209847233,0.0355410059621329,0.0455648515409521,0.0920960528969537,0.0544567207914622,0.214390563886853,0.188815402308991,"Human_Breast_Andersson_10142021_ST_D5"
"Human_Breast_Andersson_10142021_ST_D5_17x13",0.142753093466393,0.129865088758335,0.0970442288951663,0.0597263674535475,0.123568403319885,0.102593724770603,0.106831040379604,0.0657071223264212,0.171910930630044,"Human_Breast_Andersson_10142021_ST_D5"
"Human_Breast_Andersson_10142021_ST_D5_17x15",0.115092447018432,0.126258323194125,0.0768730572432563,0.0698176458899567,0.0529933894209535,0.123357937826919,0.0667498931568917,0.175647257512222,0.193210048737245,"Human_Breast_Andersson_10142021_ST_D5"
"Human_Breast_Andersson_10142021_ST_D5_17x16",0.0872840593173456,0.123770902983517,0.0710927578331345,0.0650090530061458,0.047544696522823,0.0959517127589316,0.0366862043598163,0.260501819305581,0.212158793912705,"Human_Breast_Andersson_10142021_ST_D5"
"Human_Breast_Andersson_10142021_ST_D5_17x17",0.118537936980661,0.124984030285133,0.0718808079524176,0.0537454663220706,0.0594076730007959,0.0945901639151734,0.0558861050294525,0.20931621211729,0.211651604397006,"Human_Breast_Andersson_10142021_ST_D5"
"Human_Breast_Andersson_10142021_ST_D5_17x18",0.146597991352817,0.16188264731635,0.0647127922950292,0.0910823695863533,0.070934274021948,0.147241137704185,0.0271446194782328,0.199524925382682,0.0908792428624028,"Human_Breast_Andersson_10142021_ST_D5"
"Human_Breast_Andersson_10142021_ST_D5_17x19",0.136239401484461,0.298883584339828,0.0730725131563088,0.0747460410419234,0.0351092857948973,0.220141076585402,0.0121159402552125,0.0972610339309699,0.0524311234109976,"Human_Breast_Andersson_10142021_ST_D5"
"Human_Breast_Andersson_10142021_ST_D5_17x20",0.10960856186114,0.127882784542055,0.0383499580035667,0.0386847884418286,0.102629100659851,0.102341991798681,0.0184879640698306,0.416000300822846,0.0460145498002016,"Human_Breast_Andersson_10142021_ST_D5"
"Human_Breast_Andersson_10142021_ST_D5_17x21",0.100384308297897,0.150567600802921,0.0342207076310072,0.0999590876261366,0.201340358637636,0.113029776442189,0.0282333392605465,0.213067167942794,0.0591976533588726,"Human_Breast_Andersson_10142021_ST_D5"
"Human_Breast_Andersson_10142021_ST_D5_17x22",0.128360034760781,0.184255746070577,0.109787079677779,0.0986483118737182,0.114958326722961,0.241623085259498,0.00770083012802524,0.0845041980522154,0.0301623874544448,"Human_Breast_Andersson_10142021_ST_D5"
"Human_Breast_Andersson_10142021_ST_D5_17x23",0.15218659360669,0.175590665920678,0.0896331879703682,0.117287156861612,0.128353381777843,0.101126034853323,0.0565487484346027,0.0776310562546525,0.10164317432023,"Human_Breast_Andersson_10142021_ST_D5"
"Human_Breast_Andersson_10142021_ST_D5_17x24",0.102518073710662,0.192707083792846,0.134921314449702,0.0219115467635241,0.141898469957066,0.0704591793677941,0.0366457585890514,0.200292568554626,0.0986460048147281,"Human_Breast_Andersson_10142021_ST_D5"
"Human_Breast_Andersson_10142021_ST_D5_17x25",0.214438704466042,0.147283133050358,0.0325331714391682,0.0384687897637931,0.0751028437909192,0.106721567237703,0.0407266672180655,0.215501724382309,0.129223398651641,"Human_Breast_Andersson_10142021_ST_D5"
"Human_Breast_Andersson_10142021_ST_D5_17x8",0.0823745374714566,0.184441715828995,0.0725540234432644,0.120130814574726,0.117594618080501,0.135167398786648,0.0303839616239053,0.160258943201211,0.0970939869892922,"Human_Breast_Andersson_10142021_ST_D5"
"Human_Breast_Andersson_10142021_ST_D5_17x9",0.0988474344549024,0.132356631864612,0.0528931409394661,0.152506404750995,0.119861045337225,0.167698746717838,0.020481185203548,0.185770661165934,0.0695847495654792,"Human_Breast_Andersson_10142021_ST_D5"
"Human_Breast_Andersson_10142021_ST_D5_18x10",0.146354178179493,0.165781864575392,0.0512194667089875,0.10846291118398,0.146432554830511,0.0529724041179542,0.0386760814168306,0.208168685038192,0.0819318539486587,"Human_Breast_Andersson_10142021_ST_D5"
"Human_Breast_Andersson_10142021_ST_D5_18x11",0.162928486879024,0.205290696045245,0.0610024047197747,0.121691954620391,0.0702957023430173,0.0777942450196457,0.035601838563834,0.158662940395607,0.106731731413461,"Human_Breast_Andersson_10142021_ST_D5"
"Human_Breast_Andersson_10142021_ST_D5_18x12",0.084934047861451,0.104090818463586,0.0508491663016886,0.110601091100107,0.244228369099988,0.129323270214835,0.096069908143569,0.035645472337323,0.144257856477453,"Human_Breast_Andersson_10142021_ST_D5"
"Human_Breast_Andersson_10142021_ST_D5_18x13",0.110116618641857,0.0992661808276803,0.050056409605566,0.0730833228805876,0.12186568912792,0.0756814119619134,0.0795003806712647,0.107320139083788,0.283109847199423,"Human_Breast_Andersson_10142021_ST_D5"
"Human_Breast_Andersson_10142021_ST_D5_18x14",0.0669680311000674,0.123421255644746,0.086234808481292,0.0662626741433368,0.0733506571271081,0.0725684275623791,0.0741398634659576,0.146639411041271,0.290414871433842,"Human_Breast_Andersson_10142021_ST_D5"
"Human_Breast_Andersson_10142021_ST_D5_18x15",0.121752500209957,0.122354583859397,0.0819397752715574,0.0601359269884569,0.15171097557099,0.0683537551517004,0.0718873091919796,0.0943163705851805,0.227548803170781,"Human_Breast_Andersson_10142021_ST_D5"
"Human_Breast_Andersson_10142021_ST_D5_18x16",0.0838341673145409,0.113670386078461,0.119586943813025,0.0571313275711793,0.0633131620838262,0.128294382862959,0.0754700018579373,0.168556541336967,0.190143087081105,"Human_Breast_Andersson_10142021_ST_D5"
"Human_Breast_Andersson_10142021_ST_D5_18x17",0.103549492179061,0.158761156362062,0.0441153643166819,0.079113681650477,0.118427203302441,0.129520579562223,0.050229972579432,0.195989690492507,0.120292859555115,"Human_Breast_Andersson_10142021_ST_D5"
"Human_Breast_Andersson_10142021_ST_D5_18x18",0.146000757110828,0.202239257573189,0.120085095079136,0.0541382971117613,0.0837441359787668,0.141716401236312,0.02714824969393,0.132769644971774,0.0921581612443024,"Human_Breast_Andersson_10142021_ST_D5"
"Human_Breast_Andersson_10142021_ST_D5_18x19",0.158542514474225,0.187965559945623,0.0933687408727744,0.123263418743005,0.0750789945494803,0.208091601861108,0.00962501951209882,0.0920621632747973,0.0520019867668887,"Human_Breast_Andersson_10142021_ST_D5"
"Human_Breast_Andersson_10142021_ST_D5_18x21",0.107111941833503,0.107796029144714,0.0588598061832376,0.130480290421479,0.245349600960164,0.135728069599859,0.0341299868542096,0.11011087398434,0.0704334010184943,"Human_Breast_Andersson_10142021_ST_D5"
"Human_Breast_Andersson_10142021_ST_D5_18x22",0.0822329684036559,0.108416629208232,0.0766994563366626,0.163342254948604,0.136966845473913,0.115675523646228,0.0355123883780521,0.17858479020536,0.102569143399291,"Human_Breast_Andersson_10142021_ST_D5"
"Human_Breast_Andersson_10142021_ST_D5_18x23",0.0622309675622577,0.105730795585548,0.0736756336971337,0.124796378211495,0.306339929528577,0.10421052186923,0.0353398583137155,0.0912248289942611,0.0964510862377819,"Human_Breast_Andersson_10142021_ST_D5"
"Human_Breast_Andersson_10142021_ST_D5_18x24",0.14649869277572,0.143930979141282,0.0617134155477056,0.0991662690285776,0.209621057813898,0.16984645663232,0.0231676908096962,0.0647500961582872,0.0813053420925138,"Human_Breast_Andersson_10142021_ST_D5"
"Human_Breast_Andersson_10142021_ST_D5_18x25",0.0775001830910098,0.0991028618630571,0.0466460928091074,0.201611984629534,0.215325275730713,0.053452666297457,0.0341411553304604,0.150593236122023,0.121626544126638,"Human_Breast_Andersson_10142021_ST_D5"
"Human_Breast_Andersson_10142021_ST_D5_18x8",0.101731839940069,0.0992181756961286,0.0433452993911007,0.244620508753437,0.222788488966192,0.0846787026649995,0.0107943417964114,0.141506918091064,0.0513157247005967,"Human_Breast_Andersson_10142021_ST_D5"
"Human_Breast_Andersson_10142021_ST_D5_18x9",0.148540972493064,0.140840531870846,0.0805398529102699,0.0674510739710266,0.215941162392897,0.14563483493144,0.0330908808730034,0.0941029227805458,0.073857767776907,"Human_Breast_Andersson_10142021_ST_D5"
