"","Endothelial","CAFs","PVL","B-cells","T-cells","Myeloid","Normal Epithelial","Plasmablasts","Cancer Epithelial","sid"
"Human_Breast_He_06222020_ST_BC23377_C1_3x30",0.061416040819997,0.416700699458307,0.219616052089592,0.0222999662308203,0.0130175150999202,0.135486879098774,0.0152494449875284,0.00382892687103013,0.11238447534403,"Human_Breast_He_06222020_ST_BC23377_C1"
"Human_Breast_He_06222020_ST_BC23377_C1_3x31",0.0245636087133013,0.403942983774495,0.10890541876326,0.138563615317755,0.0380925996095578,0.111743776549754,0.0225219108881249,0.00935902247810771,0.142307063905644,"Human_Breast_He_06222020_ST_BC23377_C1"
"Human_Breast_He_06222020_ST_BC23377_C1_3x32",0.0641937851841912,0.157402431933212,0.169225685230403,0.319009666942565,0.0454571605809486,0.0464775738968441,0.0549959459321581,0.00259489384935868,0.14064285645032,"Human_Breast_He_06222020_ST_BC23377_C1"
"Human_Breast_He_06222020_ST_BC23377_C1_3x33",0.0727016473738167,0.174146362766242,0.145925364075082,0.291004105959162,0.053713174834675,0.0768566194348442,0.0444199764399659,0.0227677500050119,0.118464999111201,"Human_Breast_He_06222020_ST_BC23377_C1"
"Human_Breast_He_06222020_ST_BC23377_C1_23x20",0.016582220802047,0.234905013678876,0.0298264016963101,0.352752237657193,0.0836441600096239,0.178636337347353,0.0346875222398842,0.00113423047244597,0.067831876096266,"Human_Breast_He_06222020_ST_BC23377_C1"
"Human_Breast_He_06222020_ST_BC23377_C1_16x28",0.0522603040900893,0.076073048553036,0.050450393334941,0.0471723933565395,0.103876077097927,0.0327304217623472,0.206989277664217,0.0174962828506747,0.412951801290229,"Human_Breast_He_06222020_ST_BC23377_C1"
"Human_Breast_He_06222020_ST_BC23377_C1_23x22",0.0196625234460682,0.191009897855221,0.0638723918589631,0.313958324327743,0.16805627151077,0.0609875423633088,0.0706813222737442,0.00471240599492935,0.107059320369252,"Human_Breast_He_06222020_ST_BC23377_C1"
"Human_Breast_He_06222020_ST_BC23377_C1_23x23",0.0502004516978861,0.106065288233271,0.0943559233986093,0.471446474589865,0.079829236688853,0.0292787680614158,0.0437219228094364,0.00719213584560535,0.117909798675058,"Human_Breast_He_06222020_ST_BC23377_C1"
"Human_Breast_He_06222020_ST_BC23377_C1_23x24",0.0201805149312037,0.188437644694832,0.168675037650259,0.0244759242020181,0.0600438575035731,0.0144808087398687,0.0573174835090252,0.0280659524041547,0.438322776365066,"Human_Breast_He_06222020_ST_BC23377_C1"
"Human_Breast_He_06222020_ST_BC23377_C1_23x25",0.0568988223328841,0.1817530494823,0.0220326518069681,0.0607173332594348,0.0846550620570781,0.0418779685205835,0.0883888017198546,0.0287353243027793,0.434940986518117,"Human_Breast_He_06222020_ST_BC23377_C1"
"Human_Breast_He_06222020_ST_BC23377_C1_23x27",0.146813595321783,0.0657683709704702,0.0711147933688608,0.0385363579971218,0.0919641260355818,0.00829200166377052,0.12998185410645,0.0103374834743462,0.437191417061615,"Human_Breast_He_06222020_ST_BC23377_C1"
"Human_Breast_He_06222020_ST_BC23377_C1_23x28",0.0472667361472243,0.0367033662718017,0.0933985928218818,0.0535206935620167,0.0637830022989936,0.018765648172389,0.126210779320955,0.0144571345088218,0.545894046895916,"Human_Breast_He_06222020_ST_BC23377_C1"
"Human_Breast_He_06222020_ST_BC23377_C1_23x29",0.0379524669539103,0.0664461075502411,0.118099787229477,0.199243860889382,0.0868096174451305,0.0242998330660932,0.0503096704901814,0.00257146746400063,0.414267188911584,"Human_Breast_He_06222020_ST_BC23377_C1"
"Human_Breast_He_06222020_ST_BC23377_C1_21x9",0.0292987515853926,0.203360468358167,0.073379998047383,0.388089986977532,0.0252105795399294,0.0675405550270267,0.135240641863002,0.000879979730549243,0.0769990388710175,"Human_Breast_He_06222020_ST_BC23377_C1"
"Human_Breast_He_06222020_ST_BC23377_C1_21x8",0.0221507265352314,0.148005189169549,0.131696262808437,0.535476689750628,0.0438650603247435,0.0250714634044995,0.0224946119293914,0.000932780547468597,0.0703072155300513,"Human_Breast_He_06222020_ST_BC23377_C1"
"Human_Breast_He_06222020_ST_BC23377_C1_30x21",0.0368363985467652,0.146536418343447,0.0102940841283406,0.618977188179296,0.061006426362262,0.00984863557107106,0.04008219499039,0.00250612393692437,0.0739125299415033,"Human_Breast_He_06222020_ST_BC23377_C1"
"Human_Breast_He_06222020_ST_BC23377_C1_20x21",0.0186717035800122,0.313865931978759,0.0530706803122995,0.190881335185352,0.0735192614811612,0.103529321616732,0.0489771308425152,0.0051124892509683,0.192372145752201,"Human_Breast_He_06222020_ST_BC23377_C1"
"Human_Breast_He_06222020_ST_BC23377_C1_30x23",0.156816542879941,0.147766435762281,0.128611570927122,0.302977180563605,0.0648435406231619,0.05836172501084,0.0305949008071502,0.00377231084446771,0.106255792581431,"Human_Breast_He_06222020_ST_BC23377_C1"
"Human_Breast_He_06222020_ST_BC23377_C1_25x10",0.072174260111336,0.120981110074029,0.220959079870062,0.255698464985103,0.0782906464092989,0.00737440373890241,0.0756487121686516,0.046565118233238,0.122308204409379,"Human_Breast_He_06222020_ST_BC23377_C1"
"Human_Breast_He_06222020_ST_BC23377_C1_18x28",0.086329859145904,0.0362556156055843,0.142003423719992,0.0362636357129229,0.0892876373016486,0.0187937833452334,0.0994419112007279,0.11706504643007,0.374559087537917,"Human_Breast_He_06222020_ST_BC23377_C1"
"Human_Breast_He_06222020_ST_BC23377_C1_18x29",0.0540492948905637,0.0416260406051773,0.0766956069121037,0.290511133163842,0.174749620226532,0.0060925597075879,0.0257199438623977,0.0149095879973039,0.315646212634492,"Human_Breast_He_06222020_ST_BC23377_C1"
"Human_Breast_He_06222020_ST_BC23377_C1_18x26",0.0973209496597618,0.0756009980572564,0.140473166612131,0.0599273675365873,0.126586443131754,0.00460616101629407,0.126915207948857,0.0410188162323318,0.327550889805027,"Human_Breast_He_06222020_ST_BC23377_C1"
"Human_Breast_He_06222020_ST_BC23377_C1_25x17",0.054280396560716,0.268111804562528,0.175582761903766,0.0558436912804892,0.0550045088400574,0.115219160210481,0.0783278670818185,0.000637823639130174,0.196991985921014,"Human_Breast_He_06222020_ST_BC23377_C1"
"Human_Breast_He_06222020_ST_BC23377_C1_18x24",0.0948768145360895,0.0938765930815727,0.213039777577808,0.0548764769632623,0.0289764354176035,0.0729116817961759,0.0713244912307921,0.00440027365279157,0.365717455743904,"Human_Breast_He_06222020_ST_BC23377_C1"
"Human_Breast_He_06222020_ST_BC23377_C1_18x25",0.0973341191857465,0.110453547515743,0.0841084368718687,0.0928025058916144,0.0741556034716099,0.0452583017067838,0.139584214257112,0.0113980947663719,0.34490517633315,"Human_Breast_He_06222020_ST_BC23377_C1"
"Human_Breast_He_06222020_ST_BC23377_C1_18x22",0.0217552085135396,0.228792740439695,0.0706503575049951,0.303727349135549,0.108348075430047,0.0189992213868186,0.0759655968208349,0.0160782245842292,0.155683226184292,"Human_Breast_He_06222020_ST_BC23377_C1"
"Human_Breast_He_06222020_ST_BC23377_C1_18x23",0.0989780149852738,0.169055975459361,0.0765429692532451,0.365557753156256,0.0966226566151416,0.0168273049745778,0.0440113687170114,0.00213506640328125,0.130268890435852,"Human_Breast_He_06222020_ST_BC23377_C1"
"Human_Breast_He_06222020_ST_BC23377_C1_18x20",0.0219392215598796,0.276694195534144,0.0542839820946311,0.055009078354007,0.0480280261026502,0.0280667643888607,0.102282023869983,0.0122065952367823,0.401490112859062,"Human_Breast_He_06222020_ST_BC23377_C1"
"Human_Breast_He_06222020_ST_BC23377_C1_18x21",0.0205580028304516,0.0851380971129228,0.0927389946650927,0.201993003331123,0.0977682745132112,0.0195337093183218,0.0891310652992084,0.00570576142665525,0.387433091503013,"Human_Breast_He_06222020_ST_BC23377_C1"
"Human_Breast_He_06222020_ST_BC23377_C1_20x27",0.0184457336662262,0.0651045845053839,0.0971292847256853,0.0817859722239708,0.0539207757840878,0.0289933973893625,0.0488372141901587,0.00441607256761333,0.601366964947512,"Human_Breast_He_06222020_ST_BC23377_C1"
"Human_Breast_He_06222020_ST_BC23377_C1_25x14",0.0664173941225343,0.334347685801547,0.180250397504235,0.0794541226604766,0.0460905666051774,0.0632390555499903,0.0204025630923137,0.00365609504105471,0.206142119622671,"Human_Breast_He_06222020_ST_BC23377_C1"
"Human_Breast_He_06222020_ST_BC23377_C1_26x8",0.0420025485054822,0.166093321883067,0.0765527196021211,0.0963709866859945,0.0799336658789588,0.0691936270100073,0.129658526530009,0.0216111939990156,0.318583409905345,"Human_Breast_He_06222020_ST_BC23377_C1"
"Human_Breast_He_06222020_ST_BC23377_C1_26x9",0.0390582048815965,0.0428053875477661,0.0315036110961885,0.230261092258044,0.114298371630474,0.0284120972611391,0.0815981481352954,0.0258699096559796,0.406193177533516,"Human_Breast_He_06222020_ST_BC23377_C1"
"Human_Breast_He_06222020_ST_BC23377_C1_23x26",0.0543562700658777,0.0902447551622274,0.123234316800793,0.0593159027402133,0.148046061375659,0.00721594769246341,0.0933894294845034,0.00611835738126238,0.418078959297001,"Human_Breast_He_06222020_ST_BC23377_C1"
"Human_Breast_He_06222020_ST_BC23377_C1_11x14",0.0947100676898054,0.107446423939485,0.143218267872947,0.16825781793193,0.034067240983263,0.0249128814109974,0.15330229958423,0.0117700345083078,0.262314966079035,"Human_Breast_He_06222020_ST_BC23377_C1"
"Human_Breast_He_06222020_ST_BC23377_C1_11x15",0.0592986389871429,0.095501285194553,0.224416764329152,0.0806545457093059,0.0628077323825125,0.038057058798606,0.0464309883887589,0.0224334643539379,0.370399521856031,"Human_Breast_He_06222020_ST_BC23377_C1"
"Human_Breast_He_06222020_ST_BC23377_C1_11x16",0.0218015565495786,0.090840328107594,0.0664068451514298,0.381417980560173,0.13593421853934,0.0102947713785572,0.0430670882403545,0.0123189696636718,0.237918241809301,"Human_Breast_He_06222020_ST_BC23377_C1"
"Human_Breast_He_06222020_ST_BC23377_C1_11x17",0.0397642383244282,0.100408540748227,0.0510727310329268,0.325835721036032,0.0863146602825138,0.0157788285820509,0.118890024733131,0.0063873787720638,0.255547876488627,"Human_Breast_He_06222020_ST_BC23377_C1"
"Human_Breast_He_06222020_ST_BC23377_C1_8x26",0.0892844343871498,0.061628324595488,0.131924820301111,0.203690531522392,0.105952668500015,0.0379008846933866,0.102913565413578,0.026569638247315,0.240135132339565,"Human_Breast_He_06222020_ST_BC23377_C1"
"Human_Breast_He_06222020_ST_BC23377_C1_11x12",0.0364380721346483,0.0938489797417082,0.024343020920977,0.718102990659861,0.0460393856399653,0.000984612745870987,0.0270638438535276,0.000127234453668328,0.0530518598497736,"Human_Breast_He_06222020_ST_BC23377_C1"
"Human_Breast_He_06222020_ST_BC23377_C1_11x13",0.0294373721024154,0.169814216657074,0.112953083095999,0.458605305498944,0.0513161142808684,0.0100605159255569,0.0598366838546638,0.000810808236473364,0.107165900348005,"Human_Breast_He_06222020_ST_BC23377_C1"
"Human_Breast_He_06222020_ST_BC23377_C1_22x11",0.0910031607431861,0.1526296357773,0.186453597326463,0.143392472369908,0.0747131508823002,0.0660595133149243,0.072170833777797,0.077034159357915,0.136543476450206,"Human_Breast_He_06222020_ST_BC23377_C1"
"Human_Breast_He_06222020_ST_BC23377_C1_8x15",0.0502908586774127,0.247091512527361,0.150129624623404,0.325170075538092,0.0325222645093111,0.0465473950162734,0.0494447258091408,0.00714872173782676,0.0916548215611779,"Human_Breast_He_06222020_ST_BC23377_C1"
"Human_Breast_He_06222020_ST_BC23377_C1_11x26",0.0189863418045535,0.197802236928735,0.240278519814331,0.188062508616555,0.0734517541770995,0.0197702281223243,0.0600694703455543,0.0188812169057531,0.182697723285094,"Human_Breast_He_06222020_ST_BC23377_C1"
"Human_Breast_He_06222020_ST_BC23377_C1_20x32",0.0390659572368625,0.256109149202629,0.10982456201085,0.11636344191809,0.0846432453950402,0.0752980640594744,0.0462430596388217,0.0401765595158986,0.232275961022333,"Human_Breast_He_06222020_ST_BC23377_C1"
"Human_Breast_He_06222020_ST_BC23377_C1_20x33",0.050227646872145,0.236752915797712,0.145149103063505,0.222821208240082,0.0390241501935824,0.0323107196556793,0.0800148707844974,0.00934016466354042,0.184359220729256,"Human_Breast_He_06222020_ST_BC23377_C1"
"Human_Breast_He_06222020_ST_BC23377_C1_20x30",0.0545113333618603,0.108819868417604,0.140910955322542,0.138366098492338,0.109384742620864,0.0386194311805087,0.0475437717201883,0.0045142251723569,0.357329573711738,"Human_Breast_He_06222020_ST_BC23377_C1"
"Human_Breast_He_06222020_ST_BC23377_C1_20x31",0.113719366097107,0.162955277828308,0.252066823110053,0.130536591784117,0.0587805778304442,0.00585020948339563,0.151408820004018,0.000405094957167843,0.12427723890539,"Human_Breast_He_06222020_ST_BC23377_C1"
"Human_Breast_He_06222020_ST_BC23377_C1_30x15",0.0681126722241756,0.153800664946589,0.0401828978914287,0.38165981224096,0.0355730300406581,0.14096579555563,0.0759100631186222,0.00155379832904784,0.102241265652888,"Human_Breast_He_06222020_ST_BC23377_C1"
"Human_Breast_He_06222020_ST_BC23377_C1_20x23",0.0255751095955113,0.247425516766235,0.0726908940446988,0.3628316806091,0.0890553460702479,0.0173693619979784,0.0388907118612844,0.00968486957474703,0.136476509480197,"Human_Breast_He_06222020_ST_BC23377_C1"
"Human_Breast_He_06222020_ST_BC23377_C1_20x8",0.116139260319774,0.0854912699637152,0.152065457833366,0.352938006283976,0.0414169039109805,0.0105331360708348,0.0745498275065866,0.0476715102522868,0.119194627858481,"Human_Breast_He_06222020_ST_BC23377_C1"
"Human_Breast_He_06222020_ST_BC23377_C1_20x9",0.0240287191880398,0.170899246656659,0.0731747936033855,0.52926680812582,0.0627111278788844,0.00762868773226773,0.0500301286272509,0.0122490994253787,0.070011388762314,"Human_Breast_He_06222020_ST_BC23377_C1"
"Human_Breast_He_06222020_ST_BC23377_C1_26x15",0.0603318150877032,0.157444073453612,0.0995143595643774,0.194630631223844,0.0745483075668678,0.0580609371905176,0.0647906049807043,0.0304523048034772,0.260226966128896,"Human_Breast_He_06222020_ST_BC23377_C1"
"Human_Breast_He_06222020_ST_BC23377_C1_6x33",0.0457115979552822,0.179344751272976,0.135541531281401,0.0341872117049514,0.0675282660308063,0.00704598095114833,0.304410351509598,0.00750965177392664,0.218720657519911,"Human_Breast_He_06222020_ST_BC23377_C1"
"Human_Breast_He_06222020_ST_BC23377_C1_6x31",0.032249718602843,0.274972671947993,0.103465591716861,0.279556054945569,0.0502712595549014,0.0251659232219445,0.0558769379046867,0.0455417733474422,0.13290006875776,"Human_Breast_He_06222020_ST_BC23377_C1"
"Human_Breast_He_06222020_ST_BC23377_C1_6x30",0.0371017010284002,0.159213591615833,0.165872707434079,0.134781089631076,0.147014475487641,0.0386542559216818,0.0554374043682694,0.0689115261522135,0.193013248360806,"Human_Breast_He_06222020_ST_BC23377_C1"
"Human_Breast_He_06222020_ST_BC23377_C1_22x15",0.0388452113391761,0.150295313993378,0.126924575608882,0.341459531361829,0.0572777466803537,0.0951556965392032,0.04495134121878,0.0470700908127227,0.0980204924456759,"Human_Breast_He_06222020_ST_BC23377_C1"
"Human_Breast_He_06222020_ST_BC23377_C1_18x27",0.029915840308636,0.0675783989325811,0.239570767832298,0.0365909560816423,0.0674621648884979,0.0121938969813428,0.181911069848658,0.0157788055196812,0.348998099606662,"Human_Breast_He_06222020_ST_BC23377_C1"
"Human_Breast_He_06222020_ST_BC23377_C1_23x19",0.020327471983812,0.232720416702279,0.0591850272089379,0.415019316305545,0.0467175884119139,0.11431791365805,0.0103236664671848,0.0066178467035564,0.0947707525587203,"Human_Breast_He_06222020_ST_BC23377_C1"
"Human_Breast_He_06222020_ST_BC23377_C1_23x18",0.0268384480474653,0.206374716530752,0.0476032187830595,0.366946860558041,0.100872342760759,0.108162238165309,0.0264869748727964,0.0401412160945054,0.0765739841873133,"Human_Breast_He_06222020_ST_BC23377_C1"
"Human_Breast_He_06222020_ST_BC23377_C1_23x11",0.0828834016439214,0.0576310443957942,0.149285388244059,0.319500709511248,0.0893613422703463,0.0327853973151388,0.0225524972944093,0.00449829846108209,0.241501920864001,"Human_Breast_He_06222020_ST_BC23377_C1"
"Human_Breast_He_06222020_ST_BC23377_C1_23x10",0.0115756043888413,0.129980352132477,0.0705803242693471,0.485597797173069,0.109943583182281,0.00406747122347134,0.0653950380069288,0.00490126077113945,0.117958568852445,"Human_Breast_He_06222020_ST_BC23377_C1"
"Human_Breast_He_06222020_ST_BC23377_C1_23x13",0.0337920291149658,0.282191468091239,0.153431261415497,0.0339368369986101,0.0415991251587219,0.0607529446599937,0.0643420510375573,0.0206051344604687,0.309349149062946,"Human_Breast_He_06222020_ST_BC23377_C1"
"Human_Breast_He_06222020_ST_BC23377_C1_23x12",0.0503457478017288,0.114842179829341,0.208958502475737,0.182418891736013,0.0985787119365596,0.0487783466220342,0.0115351356735631,0.00616891447615822,0.278373569448865,"Human_Breast_He_06222020_ST_BC23377_C1"
"Human_Breast_He_06222020_ST_BC23377_C1_23x15",0.0456123160142916,0.164709721970227,0.162619842090609,0.199070681966431,0.116955522227149,0.0326351094993903,0.050147705456469,0.0140708144453882,0.214178286330045,"Human_Breast_He_06222020_ST_BC23377_C1"
"Human_Breast_He_06222020_ST_BC23377_C1_23x14",0.0300765619831589,0.0892039104891172,0.0685561107032774,0.457349345033156,0.083703437041825,0.0158997656060387,0.0784032591023364,0.000612471362893697,0.176195138678196,"Human_Breast_He_06222020_ST_BC23377_C1"
"Human_Breast_He_06222020_ST_BC23377_C1_23x17",0.0204192679093277,0.287145668332966,0.156556260356525,0.320661912742017,0.0615717267568535,0.0394946169151088,0.0311001291818303,0.00750811066794285,0.0755423071374287,"Human_Breast_He_06222020_ST_BC23377_C1"
"Human_Breast_He_06222020_ST_BC23377_C1_23x16",0.0377783795962867,0.142560076891021,0.0424402704317817,0.494299563646239,0.0861184279427038,0.031984272868529,0.0624491013436094,0.00188765468386175,0.100482252595967,"Human_Breast_He_06222020_ST_BC23377_C1"
"Human_Breast_He_06222020_ST_BC23377_C1_8x22",0.0800949461996775,0.113392240819773,0.154526072090769,0.201613860287413,0.0767008314168961,0.00872176631291419,0.0743483580888281,0.0180837755368158,0.272518149246913,"Human_Breast_He_06222020_ST_BC23377_C1"
"Human_Breast_He_06222020_ST_BC23377_C1_8x23",0.0957840676949094,0.0691118352145403,0.103861566928036,0.315579060781097,0.131683242079579,0.00425394686219852,0.0949340324201811,0.00853075602287217,0.176261491996587,"Human_Breast_He_06222020_ST_BC23377_C1"
"Human_Breast_He_06222020_ST_BC23377_C1_8x20",0.0551602685097955,0.126901150265407,0.094053260026917,0.293867203974465,0.162501604515434,0.0103748996837229,0.0850717245038832,0.00362215922440823,0.168447729295967,"Human_Breast_He_06222020_ST_BC23377_C1"
"Human_Breast_He_06222020_ST_BC23377_C1_8x21",0.0418161476300788,0.178486158284252,0.2015519434412,0.0758946189634572,0.130529264577369,0.028723433184744,0.0452317314250493,0.0244167848828611,0.273349917610988,"Human_Breast_He_06222020_ST_BC23377_C1"
"Human_Breast_He_06222020_ST_BC23377_C1_8x27",0.0628594864439018,0.292355997632241,0.0946792028717183,0.0063766111746152,0.0387693475415697,0.111159871625313,0.0534223238949141,0.0354988964138166,0.30487826240191,"Human_Breast_He_06222020_ST_BC23377_C1"
"Human_Breast_He_06222020_ST_BC23377_C1_8x24",0.032839517519385,0.310145802258067,0.102111199499713,0.186842127641033,0.058359145129514,0.0122167351919565,0.0464838817032291,0.0159504114072809,0.235051179649822,"Human_Breast_He_06222020_ST_BC23377_C1"
"Human_Breast_He_06222020_ST_BC23377_C1_8x25",0.0684527884237198,0.147708048535264,0.0658084808845723,0.352205594524223,0.0878735133087336,0.0204467194993355,0.120696381501695,0.00270070742349914,0.134107765898959,"Human_Breast_He_06222020_ST_BC23377_C1"
"Human_Breast_He_06222020_ST_BC23377_C1_23x9",0.130223771822155,0.10193938018877,0.229415091393147,0.337851827759496,0.0794245367191177,0.00329237309463282,0.0228161342236997,0.00626221185792201,0.0887746729410597,"Human_Breast_He_06222020_ST_BC23377_C1"
"Human_Breast_He_06222020_ST_BC23377_C1_23x8",0.0420022082916208,0.124787741790292,0.165798173299919,0.392904436953056,0.0687881441760971,0.0288576764360816,0.0451984099227222,0.00869492573266204,0.122968283397549,"Human_Breast_He_06222020_ST_BC23377_C1"
"Human_Breast_He_06222020_ST_BC23377_C1_8x28",0.01598349904317,0.420282936925124,0.137645913339519,0.0671435841306892,0.0705398524983348,0.0116922507504604,0.0511182480829366,0.00233034958515516,0.223263365644611,"Human_Breast_He_06222020_ST_BC23377_C1"
"Human_Breast_He_06222020_ST_BC23377_C1_11x18",0.0404630040356712,0.162274475980367,0.0605144724685418,0.10069968248879,0.11519201100434,0.0170117500685104,0.138944143217629,0.0184975701275833,0.346402890608566,"Human_Breast_He_06222020_ST_BC23377_C1"
"Human_Breast_He_06222020_ST_BC23377_C1_11x19",0.0472685764859838,0.102424803799794,0.0980605168949605,0.103554121883478,0.135065490119634,0.0261973791286919,0.120969740732529,0.0107496035667991,0.35570976738813,"Human_Breast_He_06222020_ST_BC23377_C1"
"Human_Breast_He_06222020_ST_BC23377_C1_17x15",0.0647894399207532,0.047024318497324,0.0276880455902698,0.458314360115465,0.13052045824164,0.0258417095761743,0.102740786776051,0.00102168817798356,0.142059193104339,"Human_Breast_He_06222020_ST_BC23377_C1"
"Human_Breast_He_06222020_ST_BC23377_C1_2x19",0.0570894480207943,0.145580645559849,0.155029290190301,0.328777091062513,0.0695399333238043,0.0327324014337611,0.0484616643417787,0.0574926083338671,0.105296917733331,"Human_Breast_He_06222020_ST_BC23377_C1"
"Human_Breast_He_06222020_ST_BC23377_C1_2x18",0.0290966192413635,0.175341126954619,0.170705717968596,0.315302351221087,0.0755482263803806,0.0661118199415447,0.0361863803078877,0.0038246976072427,0.127883060377278,"Human_Breast_He_06222020_ST_BC23377_C1"
"Human_Breast_He_06222020_ST_BC23377_C1_17x12",0.0281750601993838,0.161265417481136,0.047283387816036,0.35002032146661,0.0697393773999297,0.0166137964410334,0.136953004313854,0.00204477198585871,0.187904862896158,"Human_Breast_He_06222020_ST_BC23377_C1"
"Human_Breast_He_06222020_ST_BC23377_C1_17x13",0.0353060347068874,0.19183892006425,0.0954873144781705,0.20699293051747,0.090780010043152,0.0249894688568821,0.082315631033374,0.0192989223621663,0.252990767937648,"Human_Breast_He_06222020_ST_BC23377_C1"
"Human_Breast_He_06222020_ST_BC23377_C1_17x10",0.0344504219346532,0.107952569354406,0.150362512506354,0.2684851600798,0.108857346126942,0.0190219410215474,0.0873765275444646,0.0101483888403094,0.213345132591524,"Human_Breast_He_06222020_ST_BC23377_C1"
"Human_Breast_He_06222020_ST_BC23377_C1_17x11",0.0332960484396526,0.152273360168972,0.0914176113085015,0.485495360567638,0.0641361919485865,0.00706136349825612,0.025460707111895,0.00486360723137865,0.13599574972512,"Human_Breast_He_06222020_ST_BC23377_C1"
"Human_Breast_He_06222020_ST_BC23377_C1_17x16",0.0542330338222608,0.058761310423005,0.104200091110707,0.410590037141215,0.0781362413082154,0.0318306300388298,0.0769684425610838,0.00719867181327807,0.178081541781405,"Human_Breast_He_06222020_ST_BC23377_C1"
"Human_Breast_He_06222020_ST_BC23377_C1_17x17",0.0261422358860674,0.0966099207826826,0.15861168717126,0.166207885138522,0.0652576352808403,0.0670510523775942,0.0225351309954658,0.020137156873665,0.377447295493903,"Human_Breast_He_06222020_ST_BC23377_C1"
"Human_Breast_He_06222020_ST_BC23377_C1_26x18",0.0603917691387773,0.213312562345801,0.0869378197247428,0.292078220584738,0.0881122987875226,0.0674987558709063,0.0279853790923642,0.019747072261189,0.143936122193959,"Human_Breast_He_06222020_ST_BC23377_C1"
"Human_Breast_He_06222020_ST_BC23377_C1_26x19",0.0244438683662288,0.112362931856624,0.0811397860430817,0.352620884901918,0.0896185168017286,0.11110433380468,0.0590096200591865,0.0238349262168202,0.145865131949732,"Human_Breast_He_06222020_ST_BC23377_C1"
"Human_Breast_He_06222020_ST_BC23377_C1_26x16",0.0263075307056233,0.435047354500182,0.0999010759811422,0.0926291118475156,0.0331743620687866,0.157741865565205,0.0184010794249995,0.0071841062932494,0.129613513613297,"Human_Breast_He_06222020_ST_BC23377_C1"
"Human_Breast_He_06222020_ST_BC23377_C1_26x17",0.0246359363949047,0.2776611647616,0.0401384007255699,0.221940784313197,0.0647315699067431,0.130307525878418,0.0601154421601078,0.00521789170419068,0.175251284155268,"Human_Breast_He_06222020_ST_BC23377_C1"
"Human_Breast_He_06222020_ST_BC23377_C1_17x18",0.0622285451603896,0.14542323452087,0.0914264943540969,0.189684504083853,0.107889059224959,0.0142795802737063,0.206741211433149,0.00103160575618513,0.181295765192791,"Human_Breast_He_06222020_ST_BC23377_C1"
"Human_Breast_He_06222020_ST_BC23377_C1_17x19",0.0257797974796222,0.0603999705000414,0.0531746630506678,0.568640616848439,0.0973397946946206,0.00190710355762786,0.0986765721892112,0.0018806336116295,0.0922008480681402,"Human_Breast_He_06222020_ST_BC23377_C1"
"Human_Breast_He_06222020_ST_BC23377_C1_26x12",0.0311611590278895,0.327280001676684,0.0910889196200263,0.256687899950885,0.075248238045429,0.060244809409185,0.0351308810843524,0.00647759073006444,0.116680500455485,"Human_Breast_He_06222020_ST_BC23377_C1"
"Human_Breast_He_06222020_ST_BC23377_C1_26x14",0.0459982845447037,0.149737230926312,0.0636260183570843,0.00590051645984345,0.0181668381780762,0.144868769725323,0.0855226991452082,0.00304605886697477,0.483133583796474,"Human_Breast_He_06222020_ST_BC23377_C1"
"Human_Breast_He_06222020_ST_BC23377_C1_26x10",0.0250779082523903,0.279308550757759,0.0687131279241145,0.138698165846616,0.133797199490119,0.0556419883219457,0.038747471205978,0.0394870619858724,0.220528526215206,"Human_Breast_He_06222020_ST_BC23377_C1"
"Human_Breast_He_06222020_ST_BC23377_C1_26x11",0.0512379647399352,0.149778966124341,0.0990750929390458,0.334174571469171,0.0838573721079681,0.0410703536266568,0.041197793917977,0.00433582142046612,0.195272063654439,"Human_Breast_He_06222020_ST_BC23377_C1"
"Human_Breast_He_06222020_ST_BC23377_C1_31x16",0.0277522335298637,0.117729155856861,0.126335727891157,0.238239700309953,0.101078006952566,0.0881203609554272,0.175260937907419,0.00563653701761012,0.119847339579144,"Human_Breast_He_06222020_ST_BC23377_C1"
"Human_Breast_He_06222020_ST_BC23377_C1_31x17",0.0201340156990632,0.101394327845741,0.0975525037150134,0.449318623480891,0.069756303344147,0.0769496065075239,0.0475365310551535,0.0154484968687648,0.121909591483703,"Human_Breast_He_06222020_ST_BC23377_C1"
"Human_Breast_He_06222020_ST_BC23377_C1_31x14",0.0265339509904856,0.321327634395258,0.045902112497275,0.274046034332167,0.0422945009209479,0.0320044552261677,0.0349887750468041,0.00396962282868611,0.218932913762209,"Human_Breast_He_06222020_ST_BC23377_C1"
"Human_Breast_He_06222020_ST_BC23377_C1_31x15",0.0328252429955064,0.186091331574195,0.168305765316142,0.192040956970884,0.0647138916057883,0.0952888555323897,0.144938970011924,0.00140573990091466,0.114389246092255,"Human_Breast_He_06222020_ST_BC23377_C1"
"Human_Breast_He_06222020_ST_BC23377_C1_31x12",0.0332323104695054,0.0741844036837759,0.0575039380828494,0.288646473062237,0.139895000938852,0.0820600320194442,0.0870979315893561,0.0108121065755971,0.226567803578382,"Human_Breast_He_06222020_ST_BC23377_C1"
"Human_Breast_He_06222020_ST_BC23377_C1_31x13",0.0272308933187264,0.0307315840571966,0.0997254274687183,0.382915673576927,0.116966586616899,0.0392705772854247,0.100530308227812,0.0026965017833306,0.199932447664965,"Human_Breast_He_06222020_ST_BC23377_C1"
"Human_Breast_He_06222020_ST_BC23377_C1_26x13",0.0257556784621104,0.236509756208843,0.102273736005296,0.398589731371583,0.0725958550683581,0.0236402141584621,0.0440076104029822,0.00127428291889457,0.0953531354034705,"Human_Breast_He_06222020_ST_BC23377_C1"
"Human_Breast_He_06222020_ST_BC23377_C1_10x26",0.014787173739851,0.0995450407995811,0.0831469907506868,0.57786306825767,0.0520155612887832,0.00444019674900175,0.0517349675593256,0.00384981838326011,0.112617182471841,"Human_Breast_He_06222020_ST_BC23377_C1"
"Human_Breast_He_06222020_ST_BC23377_C1_10x27",0.0897995470285416,0.140418429098893,0.143536621824125,0.380405419948793,0.0892142654988109,0.0115134583000782,0.035216189348336,0.00065144518146774,0.109244623770955,"Human_Breast_He_06222020_ST_BC23377_C1"
"Human_Breast_He_06222020_ST_BC23377_C1_10x24",0.0936646992770613,0.10466687637356,0.0547666801974547,0.0293970701985141,0.0297080576537756,0.0833271416595746,0.225507792434944,0.00398078647757497,0.374980895727541,"Human_Breast_He_06222020_ST_BC23377_C1"
"Human_Breast_He_06222020_ST_BC23377_C1_10x25",0.0592789248326495,0.0998564195237612,0.184533938965322,0.0824679862001023,0.106171205874003,0.00956370627115209,0.0987474954770648,0.00965637453765893,0.349723948318286,"Human_Breast_He_06222020_ST_BC23377_C1"
"Human_Breast_He_06222020_ST_BC23377_C1_10x22",0.0886071932309579,0.0777037414951814,0.298402304729531,0.0768196532672121,0.0625469824055953,0.00502454943690486,0.0944925137890523,0.00802091144065465,0.28838215020491,"Human_Breast_He_06222020_ST_BC23377_C1"
"Human_Breast_He_06222020_ST_BC23377_C1_10x23",0.02191651937188,0.238392903808507,0.18890708688258,0.0707242586905578,0.0603874274947539,0.00577873943203715,0.088535612756424,0.00806041886302569,0.317297032700235,"Human_Breast_He_06222020_ST_BC23377_C1"
"Human_Breast_He_06222020_ST_BC23377_C1_10x20",0.0248830274671649,0.177803776733071,0.148650627887192,0.351508702762539,0.0691665305673013,0.029985337572158,0.0390880816688585,0.00790804934582698,0.151005865995889,"Human_Breast_He_06222020_ST_BC23377_C1"
"Human_Breast_He_06222020_ST_BC23377_C1_10x21",0.0381689353147677,0.138604920629071,0.144006187998913,0.327998788028391,0.0760778647594208,0.0220840751272545,0.0966927935501762,0.00279950642897154,0.153566928163035,"Human_Breast_He_06222020_ST_BC23377_C1"
"Human_Breast_He_06222020_ST_BC23377_C1_22x20",0.0311627126309835,0.240808215456152,0.0982510922462892,0.28907088520566,0.0197818136641186,0.221647082413454,0.0297328241989804,0.0196166539095615,0.0499287202747998,"Human_Breast_He_06222020_ST_BC23377_C1"
"Human_Breast_He_06222020_ST_BC23377_C1_10x28",0.0545022704651808,0.134251164766508,0.280265079784773,0.23878431278896,0.0278941683601722,0.0398471508378468,0.0610493334965481,0.0061523889356109,0.1572541305644,"Human_Breast_He_06222020_ST_BC23377_C1"
"Human_Breast_He_06222020_ST_BC23377_C1_10x29",0.0405017730347466,0.372032862862309,0.262748327021935,0.126758642554682,0.0210172928757473,0.0227052976443045,0.00910846717171142,0.0295137844381752,0.115613552396388,"Human_Breast_He_06222020_ST_BC23377_C1"
"Human_Breast_He_06222020_ST_BC23377_C1_7x16",0.0603416833927446,0.21549537156578,0.170954726208495,0.252080354490787,0.0275896973406405,0.0331374905031692,0.0127478194986,0.0937426421132483,0.133910214886535,"Human_Breast_He_06222020_ST_BC23377_C1"
"Human_Breast_He_06222020_ST_BC23377_C1_7x17",0.0280685576776851,0.25773366580518,0.197877280104378,0.11615869647833,0.0348563769746767,0.0186635849628752,0.0795681167943205,0.00356954595294609,0.263504175249609,"Human_Breast_He_06222020_ST_BC23377_C1"
"Human_Breast_He_06222020_ST_BC23377_C1_7x15",0.0406506146117018,0.248278150080001,0.0977793571298117,0.10768555378999,0.0690829338315129,0.00329851038387881,0.263188715350044,0.000466506790662923,0.169569658032397,"Human_Breast_He_06222020_ST_BC23377_C1"
"Human_Breast_He_06222020_ST_BC23377_C1_12x13",0.0224263349675122,0.146503707253676,0.0607550333081074,0.364671791363359,0.116886840302449,0.0365278833806082,0.0461455604864222,0.0311752923203573,0.174907556617509,"Human_Breast_He_06222020_ST_BC23377_C1"
"Human_Breast_He_06222020_ST_BC23377_C1_7x18",0.0700067495718072,0.137254352282949,0.170417047105568,0.141156750711879,0.126226496792382,0.00974263787745533,0.0344490814883576,0.00818516429986936,0.302561719869732,"Human_Breast_He_06222020_ST_BC23377_C1"
"Human_Breast_He_06222020_ST_BC23377_C1_7x19",0.0631546219573358,0.290344349934341,0.0964554544852703,0.21100546844246,0.0845323462466533,0.0382045317887214,0.0294589840063966,0.0167863058662432,0.170057937272578,"Human_Breast_He_06222020_ST_BC23377_C1"
"Human_Breast_He_06222020_ST_BC23377_C1_19x34",0.0486281218471765,0.0772686509300151,0.212625069254225,0.373505246675028,0.0523373568066665,0.0234630117750534,0.0349618846297064,0.00565348504389837,0.17155717303823,"Human_Breast_He_06222020_ST_BC23377_C1"
"Human_Breast_He_06222020_ST_BC23377_C1_19x33",0.0435513110848433,0.14623706547488,0.071113010705653,0.189312015464716,0.081790678829019,0.02360460244464,0.192660380809224,0.0473546070322449,0.20437632815478,"Human_Breast_He_06222020_ST_BC23377_C1"
"Human_Breast_He_06222020_ST_BC23377_C1_19x30",0.0420782399835208,0.0309990553014542,0.05367975728113,0.257719288448511,0.119988791765109,0.00652654782763705,0.0981184672357986,0.0974447071425874,0.293445145014253,"Human_Breast_He_06222020_ST_BC23377_C1"
"Human_Breast_He_06222020_ST_BC23377_C1_19x31",0.03784353651257,0.0799682100114045,0.110562103260089,0.126834817448315,0.0998658472630977,0.0216664085940372,0.105235724266219,0.0126069629158863,0.405416389728382,"Human_Breast_He_06222020_ST_BC23377_C1"
"Human_Breast_He_06222020_ST_BC23377_C1_21x17",0.0171147031469188,0.128034417616977,0.0770069038568082,0.582665713381404,0.0765823498450122,0.0232591449500453,0.0385980776244131,0.00511802213056553,0.051620667447856,"Human_Breast_He_06222020_ST_BC23377_C1"
"Human_Breast_He_06222020_ST_BC23377_C1_21x16",0.034664484735564,0.256304255001328,0.0857507724047958,0.352181187825923,0.0139742195425714,0.130965211281891,0.0306551937952268,0.0161252359785127,0.079379439434187,"Human_Breast_He_06222020_ST_BC23377_C1"
"Human_Breast_He_06222020_ST_BC23377_C1_21x15",0.0152787392726263,0.226555209114312,0.185619573741735,0.29878594827081,0.0587831167867962,0.0253940460228895,0.0175139443087827,0.0178074578142402,0.154261964667807,"Human_Breast_He_06222020_ST_BC23377_C1"
"Human_Breast_He_06222020_ST_BC23377_C1_21x14",0.0200176676580137,0.226829788213978,0.156104179960105,0.324895351425366,0.0844992218505666,0.0492828037236463,0.0163649492259664,0.00612422789410568,0.115881810048252,"Human_Breast_He_06222020_ST_BC23377_C1"
"Human_Breast_He_06222020_ST_BC23377_C1_21x13",0.0611891007467365,0.156238787535462,0.129871645063314,0.10722004531912,0.0624283555611362,0.0654146220324758,0.116541716111937,0.00396303443233599,0.297132693197483,"Human_Breast_He_06222020_ST_BC23377_C1"
"Human_Breast_He_06222020_ST_BC23377_C1_21x11",0.0334922441478271,0.27097599197427,0.0713635508536279,0.347166340641707,0.0547260518738996,0.0139864605229725,0.0199145043543556,0.0228166462531886,0.165558209378151,"Human_Breast_He_06222020_ST_BC23377_C1"
"Human_Breast_He_06222020_ST_BC23377_C1_21x10",0.0300236590708265,0.181378639224828,0.0826250837880079,0.494647964212966,0.0533831537206729,0.0241165364069382,0.0496109567430792,0.02124244362953,0.0629715632031516,"Human_Breast_He_06222020_ST_BC23377_C1"
"Human_Breast_He_06222020_ST_BC23377_C1_21x19",0.071168124662983,0.170766918374047,0.111434449077502,0.255645697946506,0.113900126911924,0.0795918619818727,0.0303130899946348,0.0209897056835142,0.146190025367016,"Human_Breast_He_06222020_ST_BC23377_C1"
"Human_Breast_He_06222020_ST_BC23377_C1_21x18",0.0147653850864216,0.224211035616664,0.0808930540835865,0.388546221117442,0.107136851644744,0.0537259118318617,0.0287186400292615,0.00262307140014264,0.0993798291898766,"Human_Breast_He_06222020_ST_BC23377_C1"
"Human_Breast_He_06222020_ST_BC23377_C1_22x8",0.0196376826263169,0.206386200361474,0.112812457518349,0.482992436588615,0.0322130799371406,0.0418784598686413,0.0261373985893714,0.00557133543424314,0.0723709490758497,"Human_Breast_He_06222020_ST_BC23377_C1"
"Human_Breast_He_06222020_ST_BC23377_C1_14x24",0.0270123877007803,0.0605067432299399,0.0963400642035912,0.404684975212076,0.140803852789282,0.00294591795996282,0.09120965732,0.0173716937997302,0.159124707784638,"Human_Breast_He_06222020_ST_BC23377_C1"
"Human_Breast_He_06222020_ST_BC23377_C1_9x25",0.0329565583374497,0.23562586715362,0.172956582091659,0.0131838110278746,0.0222952221503248,0.0290337854503678,0.0186603514597659,0.0847331101598582,0.39055471216908,"Human_Breast_He_06222020_ST_BC23377_C1"
"Human_Breast_He_06222020_ST_BC23377_C1_9x24",0.0216178715625536,0.120362309441913,0.0592991063724286,0.128966610863978,0.149856671596347,0.0105793010038273,0.126391138162247,0.0225891470396842,0.360337843957022,"Human_Breast_He_06222020_ST_BC23377_C1"
"Human_Breast_He_06222020_ST_BC23377_C1_9x27",0.0697229304016448,0.127022509675771,0.228382965346232,0.296648227404797,0.0200001394076988,0.0567350813831352,0.0629866151836777,0.00237657336639358,0.13612495783065,"Human_Breast_He_06222020_ST_BC23377_C1"
"Human_Breast_He_06222020_ST_BC23377_C1_9x26",0.0548350114729883,0.191129558489544,0.135338833937718,0.273269511805932,0.151294137890181,0.0200995992330412,0.0381664730808759,0.00314095250905239,0.132725921580667,"Human_Breast_He_06222020_ST_BC23377_C1"
"Human_Breast_He_06222020_ST_BC23377_C1_12x28",0.037481080824116,0.185396746236923,0.0691858558741117,0.21466166471645,0.0912920303823132,0.0425341559517187,0.108406171622735,0.00675788709623362,0.244284407295398,"Human_Breast_He_06222020_ST_BC23377_C1"
"Human_Breast_He_06222020_ST_BC23377_C1_12x29",0.0689770862160204,0.35497060503912,0.114110386346355,0.0722365529688062,0.060841509408685,0.0314779268680189,0.0487722760227336,0.00469999141414778,0.243913665716113,"Human_Breast_He_06222020_ST_BC23377_C1"
"Human_Breast_He_06222020_ST_BC23377_C1_9x23",0.0164801321287216,0.285907164983199,0.0286223069435636,0.0414320667937784,0.126997703783799,0.0211992660841229,0.0385373889162203,0.0161087921453216,0.424715178221274,"Human_Breast_He_06222020_ST_BC23377_C1"
"Human_Breast_He_06222020_ST_BC23377_C1_9x22",0.0172951060848187,0.128435239486378,0.163377007310317,0.148316938906907,0.0816171298952311,0.0303284471327451,0.0292823264844876,0.00544764648967458,0.39590015820944,"Human_Breast_He_06222020_ST_BC23377_C1"
"Human_Breast_He_06222020_ST_BC23377_C1_13x23",0.0136922784552361,0.0884156023679772,0.125344027815615,0.626481563485295,0.0459061241144631,0.00371162220495062,0.0296892372108482,0.00270548533043205,0.0640540590151829,"Human_Breast_He_06222020_ST_BC23377_C1"
"Human_Breast_He_06222020_ST_BC23377_C1_12x25",0.0606434709775749,0.108907865197751,0.169746350395606,0.297079604035013,0.110279481425029,0.0285703737268118,0.0348157976063723,0.0454759742953549,0.144481082340488,"Human_Breast_He_06222020_ST_BC23377_C1"
"Human_Breast_He_06222020_ST_BC23377_C1_13x21",0.0316156260462353,0.156080025848183,0.124005949638659,0.308621255021211,0.0883233405423087,0.0269739415522001,0.065763257722483,0.00237869942336399,0.196237904205356,"Human_Breast_He_06222020_ST_BC23377_C1"
"Human_Breast_He_06222020_ST_BC23377_C1_13x20",0.0286721957368128,0.248286213698687,0.169463419265525,0.225379806620643,0.0802327148467206,0.0243311701577114,0.03641340751567,0.00245553302085697,0.184765539137373,"Human_Breast_He_06222020_ST_BC23377_C1"
"Human_Breast_He_06222020_ST_BC23377_C1_9x29",0.0835329314135814,0.168072921985384,0.0937965612756346,0.431733771326699,0.0529141833607927,0.0066928664927354,0.0563344841799183,0.0176730804154193,0.0892491995498352,"Human_Breast_He_06222020_ST_BC23377_C1"
"Human_Breast_He_06222020_ST_BC23377_C1_13x26",0.0837263272598126,0.0343299322054907,0.202428535985733,0.0334636139216637,0.0397126981339842,0.008122271144337,0.11639766239196,0.0105010770083749,0.471317881948644,"Human_Breast_He_06222020_ST_BC23377_C1"
"Human_Breast_He_06222020_ST_BC23377_C1_12x22",0.119129548136667,0.184436901863096,0.226318455644468,0.228589575816519,0.029400226446874,0.0381609192827466,0.0280857207193299,0.0195152266736714,0.126363425416628,"Human_Breast_He_06222020_ST_BC23377_C1"
"Human_Breast_He_06222020_ST_BC23377_C1_12x23",0.0730617875620701,0.108435555471424,0.127129947707355,0.465285008409538,0.0684178381030336,0.0075737411964304,0.0403449307126173,0.00480556001065651,0.104945630826876,"Human_Breast_He_06222020_ST_BC23377_C1"
"Human_Breast_He_06222020_ST_BC23377_C1_14x25",0.0462104073049517,0.090115668264474,0.0655234814499845,0.266464196770202,0.11569802869081,0.020186733411334,0.0982045266491674,0.0243721375572028,0.273224819901874,"Human_Breast_He_06222020_ST_BC23377_C1"
"Human_Breast_He_06222020_ST_BC23377_C1_3x27",0.0455247017674772,0.238833452434183,0.15995360554598,0.198754459013161,0.0592217276868126,0.0721415051276728,0.0558967907409294,0.0155399804057454,0.154133777278038,"Human_Breast_He_06222020_ST_BC23377_C1"
