"","Endothelial","CAFs","PVL","B-cells","T-cells","Myeloid","Normal Epithelial","Plasmablasts","Cancer Epithelial","sid"
"Human_Breast_Andersson_10142021_ST_G3_10x10",0.0814118104837458,0.275649920929611,0.266612936497236,0.00474250567535955,0.0233759033222962,0.107201329994226,0.059664953604165,0.144553369668097,0.0367872698252634,"Human_Breast_Andersson_10142021_ST_G3"
"Human_Breast_Andersson_10142021_ST_G3_10x12",0.0857985078809182,0.155902251448965,0.306017425264519,0.0389050993604034,0.0317613633001004,0.0373180735533101,0.0444613006762414,0.199168077554159,0.100667900961383,"Human_Breast_Andersson_10142021_ST_G3"
"Human_Breast_Andersson_10142021_ST_G3_10x13",0.045471882685105,0.172982941000921,0.0992121176732491,0.27059611242494,0.0589583545560254,0.159325284453909,0.0172352015687373,0.146057309384332,0.0301607962527814,"Human_Breast_Andersson_10142021_ST_G3"
"Human_Breast_Andersson_10142021_ST_G3_10x14",0.0979444256733764,0.214167651372427,0.351639112177008,0.0540805742762787,0.0603838241326626,0.140827543978571,0.0132236973108247,0.0443230482950818,0.0234101227837702,"Human_Breast_Andersson_10142021_ST_G3"
"Human_Breast_Andersson_10142021_ST_G3_10x15",0.0449853810148352,0.41079139615625,0.122168662737141,6.75642633137603e-05,0.000576507276070618,0.00162564826683525,0.0209557638951644,0.3897978890533,0.00903118733708975,"Human_Breast_Andersson_10142021_ST_G3"
"Human_Breast_Andersson_10142021_ST_G3_10x16",0.147229739474442,0.454189787829743,0.108191195859478,0.0467117874292696,0.0190018471057933,0.127253638545884,0.0176003515395337,0.0130254796873472,0.0667961725285082,"Human_Breast_Andersson_10142021_ST_G3"
"Human_Breast_Andersson_10142021_ST_G3_10x17",0.0238238139738496,0.0873288347480004,0.237583974587805,0.0108443302043971,0.0112956617958967,0.124595492020486,0.067036783944893,0.38380459090844,0.053686517816232,"Human_Breast_Andersson_10142021_ST_G3"
"Human_Breast_Andersson_10142021_ST_G3_10x18",0.0364827164623901,0.0874430246558996,0.366577849610234,0.0101612044271443,0.00607100689144693,0.0582134520132276,0.0547332590488735,0.317533473305609,0.0627840135851747,"Human_Breast_Andersson_10142021_ST_G3"
"Human_Breast_Andersson_10142021_ST_G3_10x19",0.0452995093357981,0.299925810317739,0.132709243126527,0.0878333871108043,0.0132712594643896,0.238172773608382,0.0238063158228115,0.0855783885136983,0.0734033126998502,"Human_Breast_Andersson_10142021_ST_G3"
"Human_Breast_Andersson_10142021_ST_G3_10x20",0.112256610916934,0.130986651789872,0.217032038084327,0.0297609464649551,0.0723130020037843,0.0604445630065777,0.0520622979621018,0.281026270835057,0.0441176189363912,"Human_Breast_Andersson_10142021_ST_G3"
"Human_Breast_Andersson_10142021_ST_G3_10x21",0.031902001723872,0.0752018985295067,0.227406329745034,0.00164836759730891,0.00044461149951894,0.0873508969290893,0.0999549383619454,0.466818663645661,0.00927229196806335,"Human_Breast_Andersson_10142021_ST_G3"
"Human_Breast_Andersson_10142021_ST_G3_10x22",0.00189281163983165,0.164758593917638,0.159210116114389,0.00621192920491327,0.00261381333716657,0.0408584410400625,0.0170233123801788,0.585373152382675,0.0220578299831455,"Human_Breast_Andersson_10142021_ST_G3"
"Human_Breast_Andersson_10142021_ST_G3_10x23",0.0799556729075778,0.44602358837278,0.108102318464658,0.0223131604403219,0.00479293338244129,0.140698858315816,0.0558582253115708,0.0842849754203815,0.0579702673844526,"Human_Breast_Andersson_10142021_ST_G3"
"Human_Breast_Andersson_10142021_ST_G3_10x24",0.0147569828568724,0.306543235494697,0.149876283793716,0.0191827317842842,0.0100117584295372,0.08439746305242,0.120002887239992,0.224500837000062,0.0707278203484194,"Human_Breast_Andersson_10142021_ST_G3"
"Human_Breast_Andersson_10142021_ST_G3_10x25",0.0205191761994803,0.233833044459304,0.0511949968564011,0.0189982246336985,0.0100997166140745,0.188661126052677,0.165707445605122,0.121738756962775,0.189247512616468,"Human_Breast_Andersson_10142021_ST_G3"
"Human_Breast_Andersson_10142021_ST_G3_10x26",0.00895042722932666,0.271356871083941,0.110177744251906,0.0159593966548248,0.00296156724062222,0.272605545373724,0.0220303874645929,0.24159660940799,0.0543614512930719,"Human_Breast_Andersson_10142021_ST_G3"
"Human_Breast_Andersson_10142021_ST_G3_10x27",0.112450638349599,0.238025368141878,0.220032662409337,0.00407635957916466,0.00109566199888844,0.0587733220390239,0.0565085937910458,0.246168075953341,0.062869317737722,"Human_Breast_Andersson_10142021_ST_G3"
"Human_Breast_Andersson_10142021_ST_G3_10x9",0.0827963466246883,0.180811456650853,0.721299990263475,0.00129805060385561,0.000772950017215614,0.000789596940170515,0.0038501368646961,0.00478833221457298,0.00359313982047324,"Human_Breast_Andersson_10142021_ST_G3"
"Human_Breast_Andersson_10142021_ST_G3_11x10",0.0337878965992243,0.272478345872553,0.388009899582442,0.00170461433424964,0.00114620641224654,0.0445788815894545,0.0258555716827566,0.169214003083673,0.0632245808434006,"Human_Breast_Andersson_10142021_ST_G3"
"Human_Breast_Andersson_10142021_ST_G3_11x12",0.0302292906291091,0.21613474495036,0.125115259790862,0.00145873485560635,0.00336315888789802,0.0289274102850501,0.128505983857689,0.292117071550758,0.174148345192666,"Human_Breast_Andersson_10142021_ST_G3"
"Human_Breast_Andersson_10142021_ST_G3_11x13",0.0915512648136002,0.144943471911405,0.0315910896142406,0.198771298470306,0.154724567027096,0.123458485045889,0.0184444729231287,0.195489969501177,0.0410253806931575,"Human_Breast_Andersson_10142021_ST_G3"
"Human_Breast_Andersson_10142021_ST_G3_11x14",0.0106084812149777,0.12748660441493,0.135884771682754,0.007172460263925,0.00967956367745158,0.0992596913752094,0.00567848435955871,0.584271496028962,0.0199584469822317,"Human_Breast_Andersson_10142021_ST_G3"
"Human_Breast_Andersson_10142021_ST_G3_11x15",0.0785541721267855,0.147144336770941,0.219661414279259,0.00618039941844192,0.00747166254536029,0.0800225436252961,0.075140466610826,0.328396754382712,0.0574282502403781,"Human_Breast_Andersson_10142021_ST_G3"
"Human_Breast_Andersson_10142021_ST_G3_11x16",0.00541545172897074,0.0375970582388989,0.337769666976415,0.00151102615632943,0.000314975711834308,0.110388821124446,0.00890111504224244,0.474129046791878,0.0239728382289855,"Human_Breast_Andersson_10142021_ST_G3"
"Human_Breast_Andersson_10142021_ST_G3_11x17",0.051151046912357,0.242237365102921,0.125125373589642,0.00574547632435243,0.014055265431348,0.0751755061686532,0.0212559325983791,0.441305834388091,0.0239481994842569,"Human_Breast_Andersson_10142021_ST_G3"
"Human_Breast_Andersson_10142021_ST_G3_11x18",0.142641477659035,0.247932639258444,0.054375474738719,0.00929022144111537,0.017345139881217,0.209117907463758,0.0307081037708798,0.262141264830104,0.026447770956728,"Human_Breast_Andersson_10142021_ST_G3"
"Human_Breast_Andersson_10142021_ST_G3_11x19",0.0441783268525571,0.206087549146093,0.0302285914639923,0.281591729617761,0.148049342180812,0.131849895554663,0.00604781764641502,0.12996197587322,0.0220047716644871,"Human_Breast_Andersson_10142021_ST_G3"
"Human_Breast_Andersson_10142021_ST_G3_11x20",0.0910456176458124,0.24640075865017,0.190440775863104,0.129710393631246,0.153019468443129,0.0614080353304752,0.0877290939201592,0.0157111691428676,0.0245346873730373,"Human_Breast_Andersson_10142021_ST_G3"
"Human_Breast_Andersson_10142021_ST_G3_11x21",0.00459593767610566,0.14327362141224,0.0692253521543063,0.00224524771536743,0.00756700136649902,0.0917797854028605,0.027360526564745,0.643674721045102,0.0102778066627742,"Human_Breast_Andersson_10142021_ST_G3"
"Human_Breast_Andersson_10142021_ST_G3_11x22",0.0155159995143696,0.128482374091962,0.366261498471571,0.068121594789553,0.0101443666099384,0.0945320729095566,0.0491989784135791,0.238272796072779,0.0294703191266911,"Human_Breast_Andersson_10142021_ST_G3"
"Human_Breast_Andersson_10142021_ST_G3_11x23",0.0568041342346641,0.278057738018584,0.169105589133833,0.00405897197556465,0.00211887413859193,0.22316672649515,0.119378711929982,0.00679378011987685,0.140515473953754,"Human_Breast_Andersson_10142021_ST_G3"
"Human_Breast_Andersson_10142021_ST_G3_11x24",0.0847014985012183,0.126466480116688,0.127907774935886,0.0561816001471867,0.0407388523744092,0.21580332257554,0.084536974067465,0.0473805895869641,0.216282907694643,"Human_Breast_Andersson_10142021_ST_G3"
"Human_Breast_Andersson_10142021_ST_G3_11x25",0.113454132961516,0.175345572408343,0.265491494727476,0.0148134077871953,0.0087523136176069,0.1621730625945,0.13627166978969,0.00851222322054616,0.115186122893126,"Human_Breast_Andersson_10142021_ST_G3"
"Human_Breast_Andersson_10142021_ST_G3_11x26",0.0279651423666233,0.142160232198281,0.116296667505258,0.00618177910695122,0.00297121842114785,0.0997733946776561,0.0678569301243765,0.486655798100752,0.0501388374989537,"Human_Breast_Andersson_10142021_ST_G3"
"Human_Breast_Andersson_10142021_ST_G3_11x27",0.038884489934851,0.205495714004862,0.225270762105022,0.00933761206231669,0.00322436741504343,0.191273084957648,0.113732795422565,0.0464524556290234,0.166328718468669,"Human_Breast_Andersson_10142021_ST_G3"
"Human_Breast_Andersson_10142021_ST_G3_11x9",0.010101109444466,0.190560600663938,0.785146904268557,9.97454802940639e-05,6.17119027394954e-05,0.00904710783416705,0.00473194326285454,6.12599815498884e-05,0.000189617161433673,"Human_Breast_Andersson_10142021_ST_G3"
"Human_Breast_Andersson_10142021_ST_G3_12x10",0.00131456313800388,0.361382026193523,0.0491639403813127,0.0114722297378877,0.00854359914384249,0.0284711836689056,0.0563883997678409,0.452720371580087,0.0305436863885965,"Human_Breast_Andersson_10142021_ST_G3"
"Human_Breast_Andersson_10142021_ST_G3_12x11",0.0330135936959995,0.168187473073197,0.553812315960562,0.00563444788401387,0.0014788331186506,0.0127495597512272,0.0420879688487406,0.13872004181154,0.0443157658560691,"Human_Breast_Andersson_10142021_ST_G3"
"Human_Breast_Andersson_10142021_ST_G3_12x12",0.057462636705704,0.220581528623964,0.310157324727029,0.0157426894526974,0.005797538735937,0.0902753627655287,0.0461887353232866,0.121775658020309,0.132018525645545,"Human_Breast_Andersson_10142021_ST_G3"
"Human_Breast_Andersson_10142021_ST_G3_12x13",0.124116815607544,0.090280791801339,0.112425046511737,0.0049161025204753,0.00585970377978841,0.0531580312464007,0.208357753089205,0.064295300606718,0.336590454836792,"Human_Breast_Andersson_10142021_ST_G3"
"Human_Breast_Andersson_10142021_ST_G3_12x14",0.161167817108799,0.135990097475881,0.398699259966696,0.00359571793190706,0.000828274888047305,0.0245751038210257,0.010395527619794,0.250763667637459,0.0139845335503909,"Human_Breast_Andersson_10142021_ST_G3"
"Human_Breast_Andersson_10142021_ST_G3_12x15",0.0174162614912492,0.231612402917324,0.192035452742049,0.0464533017590346,0.00485031816044689,0.11564604425365,0.178073025520755,0.0711069160326847,0.142806277122806,"Human_Breast_Andersson_10142021_ST_G3"
"Human_Breast_Andersson_10142021_ST_G3_12x16",0.0257623256583512,0.174976771971355,0.237048071381114,0.0448215016825378,0.00496677250589825,0.110629289181916,0.034028945389625,0.31609005730364,0.0516762649255632,"Human_Breast_Andersson_10142021_ST_G3"
"Human_Breast_Andersson_10142021_ST_G3_12x17",0.0275847407371119,0.35607461102896,0.0273641724625471,0.00062853535475505,0.000291166360034013,0.0483119073865668,0.0106394441212203,0.51957219378346,0.00953322876534463,"Human_Breast_Andersson_10142021_ST_G3"
"Human_Breast_Andersson_10142021_ST_G3_12x18",0.12811149481061,0.137525912200879,0.0915280260669501,0.246891510874136,0.146166754673859,0.12705092418252,0.0199557550699984,0.0690307997240901,0.0337388223969578,"Human_Breast_Andersson_10142021_ST_G3"
"Human_Breast_Andersson_10142021_ST_G3_12x19",0.0388150984452906,0.279923592014111,0.171474713627343,0.0953613833004032,0.12281937851582,0.203107082284823,0.00879477216271643,0.0657645880852416,0.013939391564251,"Human_Breast_Andersson_10142021_ST_G3"
"Human_Breast_Andersson_10142021_ST_G3_12x20",0.012639534378769,0.259214141218724,0.0793696957480179,0.0833513236982763,0.0429855743941991,0.278275650024736,0.0151634824817736,0.185667019477423,0.0433335785780809,"Human_Breast_Andersson_10142021_ST_G3"
"Human_Breast_Andersson_10142021_ST_G3_12x21",0.00043656104847726,0.0577014325738415,0.272849534352807,0.0316371203488693,0.0108757283415806,0.0278788613357743,0.0296497987539034,0.561124195016452,0.00784676822829401,"Human_Breast_Andersson_10142021_ST_G3"
"Human_Breast_Andersson_10142021_ST_G3_12x22",0.0136584807806794,0.107163738837475,0.263539739199686,0.00181164078865112,0.000914960325468436,0.0887249096572931,0.0773053082834059,0.432209741135358,0.014671480991983,"Human_Breast_Andersson_10142021_ST_G3"
"Human_Breast_Andersson_10142021_ST_G3_12x23",0.0227688654462145,0.369924059658764,0.398821253479139,0.00280652868037348,0.00323077740003701,0.0738458108646544,0.0631670094638218,0.0162468021857566,0.0491888928212395,"Human_Breast_Andersson_10142021_ST_G3"
"Human_Breast_Andersson_10142021_ST_G3_12x24",0.0659782635314526,0.338573088752495,0.273899022875415,0.00741269812736316,0.0175027716491837,0.0359767768033363,0.0880253631791447,0.055998717985443,0.116633297096166,"Human_Breast_Andersson_10142021_ST_G3"
"Human_Breast_Andersson_10142021_ST_G3_12x25",0.0430470579703905,0.329784780500506,0.0574549868195996,0.0323275233967257,0.0457558156031124,0.128878741771754,0.124437824982706,0.0460904292053392,0.192222839749867,"Human_Breast_Andersson_10142021_ST_G3"
"Human_Breast_Andersson_10142021_ST_G3_12x26",0.0445449594978376,0.288851766871228,0.166078710836272,0.0406301257181696,0.0137895694491888,0.144266150443984,0.0760586023348801,0.0807014005818164,0.145078714266624,"Human_Breast_Andersson_10142021_ST_G3"
"Human_Breast_Andersson_10142021_ST_G3_12x27",0.246612505963384,0.252530699282908,0.0406409113616342,0.0136301945666946,0.0667473186822942,0.122008373762743,0.057685949106111,0.00383091327020087,0.19631313400403,"Human_Breast_Andersson_10142021_ST_G3"
"Human_Breast_Andersson_10142021_ST_G3_12x9",0.213674227255164,0.195837516615334,0.00699032771632877,0.00686235834821305,0.000475385766380341,0.203649733580735,0.061765506982533,0.013138831222522,0.297606112512789,"Human_Breast_Andersson_10142021_ST_G3"
"Human_Breast_Andersson_10142021_ST_G3_13x10",0.0597597717289978,0.0993585028746768,0.207238002183564,0.00180869446212201,0.00484096587001024,0.301551993611588,0.0581299227357359,0.00207079579650166,0.265241350736803,"Human_Breast_Andersson_10142021_ST_G3"
"Human_Breast_Andersson_10142021_ST_G3_13x11",0.098130728654464,0.268993901229129,0.202309407573518,0.0144978160834764,0.00542955262761162,0.0945828530721378,0.0908680400350497,0.145710481425909,0.0794772192987045,"Human_Breast_Andersson_10142021_ST_G3"
"Human_Breast_Andersson_10142021_ST_G3_13x12",0.226499373393888,0.219764177966842,0.298246400063377,0.0137469445927774,0.00336348392248945,0.0392030648499658,0.102098266568063,0.00319625190860135,0.0938820367339956,"Human_Breast_Andersson_10142021_ST_G3"
"Human_Breast_Andersson_10142021_ST_G3_13x13",0.162883696978681,0.0634980967146048,0.118779631453273,0.000802451540860477,0.000809338014488007,0.0395828765049764,0.147901842794726,0.307053252346359,0.158688813652031,"Human_Breast_Andersson_10142021_ST_G3"
"Human_Breast_Andersson_10142021_ST_G3_13x14",0.396906041298413,0.10522108644228,0.117440658439564,0.000963406553731864,0.00264030752212477,0.0168368166254567,0.0121435200226062,0.292861007427748,0.0549871556680753,"Human_Breast_Andersson_10142021_ST_G3"
"Human_Breast_Andersson_10142021_ST_G3_13x15",0.0433559831666151,0.327711562052395,0.0730380569085816,0.00428106965996027,0.00471094907683167,0.0441351390168307,0.0187594249399159,0.220282282480439,0.263725532698431,"Human_Breast_Andersson_10142021_ST_G3"
"Human_Breast_Andersson_10142021_ST_G3_13x16",0.0308524831789944,0.198966473954767,0.15148367799966,0.293505484189445,0.0439428354134524,0.149731665023286,0.0100072762869159,0.0258645323247751,0.095645571628703,"Human_Breast_Andersson_10142021_ST_G3"
"Human_Breast_Andersson_10142021_ST_G3_13x17",0.180513143592182,0.268609310298798,0.173648550816974,0.0636541106951327,0.00373636487748467,0.0498228085255277,0.03088722542136,0.127775708567652,0.101352777204889,"Human_Breast_Andersson_10142021_ST_G3"
"Human_Breast_Andersson_10142021_ST_G3_13x18",0.121419546483699,0.17096516314308,0.0162378049002418,0.0216117662166725,0.00540619978223156,0.162490174961115,0.0329052796157856,0.378134876329579,0.0908291885675953,"Human_Breast_Andersson_10142021_ST_G3"
"Human_Breast_Andersson_10142021_ST_G3_13x19",0.189548759556215,0.187370391895761,0.0668508821692494,0.126169249989822,0.045668847303966,0.219450962724336,0.00690899244099835,0.146472746145603,0.0115591677740495,"Human_Breast_Andersson_10142021_ST_G3"
"Human_Breast_Andersson_10142021_ST_G3_13x20",0.00721057828614453,0.489000286256873,0.056370961220237,0.0136367318007253,0.013207996037184,0.166808834324319,0.00820911370231042,0.235757319837667,0.0097981785345397,"Human_Breast_Andersson_10142021_ST_G3"
"Human_Breast_Andersson_10142021_ST_G3_13x21",0.0711512122900136,0.275753052192199,0.135596200129744,0.0214768243392014,0.00105922326349114,0.0941777427346464,0.0447800635469063,0.311674572222936,0.0443311092808621,"Human_Breast_Andersson_10142021_ST_G3"
"Human_Breast_Andersson_10142021_ST_G3_13x22",0.0277765752503486,0.161172770512263,0.279758685262119,0.00359613625764749,0.000534586006185405,0.112904429730317,0.325280126230581,0.0818918400543089,0.00708485069622958,"Human_Breast_Andersson_10142021_ST_G3"
"Human_Breast_Andersson_10142021_ST_G3_13x23",0.00734968454711962,0.076690283946058,0.322444393669188,0.00683064018959638,0.00189279074608006,0.061455834244698,0.133458951020833,0.0903771913503349,0.299500230286092,"Human_Breast_Andersson_10142021_ST_G3"
"Human_Breast_Andersson_10142021_ST_G3_13x24",0.035936642286982,0.285855860238848,0.188755432664905,0.00894012568661025,0.00871286083615826,0.103504818355907,0.0751010178034501,0.121998129995519,0.17119511213162,"Human_Breast_Andersson_10142021_ST_G3"
"Human_Breast_Andersson_10142021_ST_G3_13x25",0.0393738721205114,0.33986570997557,0.205001116132772,0.0031509807244395,0.00299064391799302,0.183665848453947,0.0836908736032769,0.0371245264539355,0.105136428617555,"Human_Breast_Andersson_10142021_ST_G3"
"Human_Breast_Andersson_10142021_ST_G3_13x26",0.0245754813098045,0.3135017188802,0.326207294094382,0.00322996047839647,0.000865259421243959,0.16391670617245,0.0965521539428577,0.00247254256297735,0.0686788831376884,"Human_Breast_Andersson_10142021_ST_G3"
"Human_Breast_Andersson_10142021_ST_G3_13x27",0.01548407969603,0.135412610119647,0.403478765342934,0.00179613861740155,0.00147314491317646,0.0821509077409211,0.0379316579272019,0.251686143734366,0.0705865519083229,"Human_Breast_Andersson_10142021_ST_G3"
"Human_Breast_Andersson_10142021_ST_G3_13x9",0.105150883022196,0.465925086818413,0.072393909506713,0.0430126703778475,0.0342553311048308,0.0569975541064301,0.010154913126286,0.0577445554987161,0.154365096438567,"Human_Breast_Andersson_10142021_ST_G3"
"Human_Breast_Andersson_10142021_ST_G3_14x10",0.08189730241247,0.177427393755929,0.0882386239009375,0.00689955362690772,0.00780569931244233,0.364699586089081,0.125222051950463,0.00239801724862632,0.145411771703144,"Human_Breast_Andersson_10142021_ST_G3"
"Human_Breast_Andersson_10142021_ST_G3_14x11",0.144161644349444,0.145709226478019,0.205974501234716,0.0926777594869997,0.0203571319586678,0.167844882153746,0.0643373058298066,0.0260645465303244,0.132873001978277,"Human_Breast_Andersson_10142021_ST_G3"
"Human_Breast_Andersson_10142021_ST_G3_14x12",0.160220795907227,0.164761261298429,0.101003713762871,0.0017827052680939,0.00356404431347236,0.081642436694704,0.0745477942224809,0.122372830048906,0.290104418483817,"Human_Breast_Andersson_10142021_ST_G3"
"Human_Breast_Andersson_10142021_ST_G3_14x13",0.0554656726668691,0.0711293255833818,0.0561054594565313,0.00394208171145789,0.00535851359730935,0.102498567460683,0.113059963936871,0.419270234885976,0.17317018070092,"Human_Breast_Andersson_10142021_ST_G3"
"Human_Breast_Andersson_10142021_ST_G3_14x14",0.182190276277591,0.181562687530711,0.0693861138971272,0.0112103018032904,0.0101940782872915,0.123711785010481,0.0516419332459693,0.233035137491749,0.137067686455789,"Human_Breast_Andersson_10142021_ST_G3"
"Human_Breast_Andersson_10142021_ST_G3_14x15",0.0917805441802504,0.220249752088433,0.281113251313476,0.00585760133891914,0.0216951723606904,0.176038445738808,0.0527204590641195,0.0528302796496294,0.0977144942656736,"Human_Breast_Andersson_10142021_ST_G3"
"Human_Breast_Andersson_10142021_ST_G3_14x16",0.0624997651420061,0.202976513645073,0.0485709138439384,0.261961412218402,0.0258072539007489,0.127236174774801,0.0332220877993321,0.205673851123204,0.0320520275524947,"Human_Breast_Andersson_10142021_ST_G3"
"Human_Breast_Andersson_10142021_ST_G3_14x17",0.0558625592987595,0.14695937593161,0.0985263103458317,0.313323453701336,0.0487841886310178,0.125594140301556,0.117900121058026,0.0280943941705036,0.0649554565613599,"Human_Breast_Andersson_10142021_ST_G3"
"Human_Breast_Andersson_10142021_ST_G3_14x18",0.26246622844762,0.200743802597891,0.320350883189147,0.0137899305728541,0.0138919207733197,0.0377296881066585,0.0735963209652608,0.011586335134689,0.0658448902125609,"Human_Breast_Andersson_10142021_ST_G3"
"Human_Breast_Andersson_10142021_ST_G3_14x19",0.271832941083335,0.318962708543133,0.0650615923802366,0.0167469314100421,0.00714847509518614,0.186204115598182,0.00203587856184286,0.123645217474815,0.00836213985322811,"Human_Breast_Andersson_10142021_ST_G3"
"Human_Breast_Andersson_10142021_ST_G3_14x20",0.120410746385184,0.243549623168829,0.341048009784527,0.0014032312705773,0.00129334943470341,0.0101757310265314,0.133976539340181,0.055138788747404,0.0930039808420631,"Human_Breast_Andersson_10142021_ST_G3"
"Human_Breast_Andersson_10142021_ST_G3_14x21",0.0400373167233366,0.221382317438273,0.191950733862831,0.00241041135374266,0.0171356759695548,0.0995043099636914,0.0825837839212929,0.117394014718209,0.227601436049069,"Human_Breast_Andersson_10142021_ST_G3"
"Human_Breast_Andersson_10142021_ST_G3_14x22",0.0332934145628607,0.111159576372349,0.431530208586781,0.0030892215731763,0.00172664948662138,0.0746843933169423,0.20977907978189,0.0571431010886555,0.0775943552307236,"Human_Breast_Andersson_10142021_ST_G3"
"Human_Breast_Andersson_10142021_ST_G3_14x23",0.0529487801397375,0.0872488033999744,0.253266564311888,0.00282597905172244,0.00297891842638593,0.0273695581293621,0.0740402487426451,0.382039761251494,0.11728138654679,"Human_Breast_Andersson_10142021_ST_G3"
"Human_Breast_Andersson_10142021_ST_G3_14x24",0.0648440826815995,0.176706326695807,0.20222326183605,0.00508082179928519,0.00423218882929159,0.0448498775802479,0.0486690834258285,0.0260831165477307,0.42731124060416,"Human_Breast_Andersson_10142021_ST_G3"
"Human_Breast_Andersson_10142021_ST_G3_14x25",0.0880268664107289,0.251349659086099,0.172947635376079,0.00695427464465711,0.0103473549289818,0.0371900062706879,0.0471138345342021,0.229385722007034,0.15668464674153,"Human_Breast_Andersson_10142021_ST_G3"
"Human_Breast_Andersson_10142021_ST_G3_14x26",0.031605215814813,0.301774998074225,0.334337509140293,0.0103314470130513,0.0108711223272118,0.158607249530749,0.013812212994889,0.0336923813673472,0.104967863737421,"Human_Breast_Andersson_10142021_ST_G3"
"Human_Breast_Andersson_10142021_ST_G3_14x27",0.0099152170324497,0.255459897532943,0.413074753685147,0.00197889403938521,0.00126095559293897,0.143344989159823,0.0672244436167828,0.0727046008973946,0.0350362484431346,"Human_Breast_Andersson_10142021_ST_G3"
"Human_Breast_Andersson_10142021_ST_G3_14x9",0.40931078281602,0.0487328272211369,0.254982962055607,0.00251981236405923,0.00059398709544753,0.0673435112781823,0.0532770562330157,0.136583951161223,0.0266551097753086,"Human_Breast_Andersson_10142021_ST_G3"
"Human_Breast_Andersson_10142021_ST_G3_15x10",0.129762955749229,0.196845276921964,0.190617407312641,0.00626014330767254,0.00609483382317485,0.0576149657680618,0.015818763679214,0.344567689273774,0.0524179641642676,"Human_Breast_Andersson_10142021_ST_G3"
"Human_Breast_Andersson_10142021_ST_G3_15x11",0.132644683195944,0.161888520258025,0.206466845259334,0.0346707241891059,0.00556877893969931,0.0806672312408438,0.0406047856535024,0.176757285458622,0.160731145804923,"Human_Breast_Andersson_10142021_ST_G3"
"Human_Breast_Andersson_10142021_ST_G3_15x12",0.236180488178764,0.0278787804468939,0.0148340314680144,0.00701319138311047,0.0109157306008259,0.0778550830695524,0.244176630377875,0.0804114376853333,0.300734626789631,"Human_Breast_Andersson_10142021_ST_G3"
"Human_Breast_Andersson_10142021_ST_G3_15x13",0.203185559392333,0.0331685455085613,0.0567055568795443,0.0163350162159642,0.00838772225572622,0.0443043354496609,0.184615400235278,0.0537294576334756,0.399568406429456,"Human_Breast_Andersson_10142021_ST_G3"
"Human_Breast_Andersson_10142021_ST_G3_15x14",0.248700790213134,0.0371825316841876,0.00443066004219816,0.00370303991430686,0.00296872028700494,0.0547206705888581,0.168236220908791,0.115946244522391,0.364111121839129,"Human_Breast_Andersson_10142021_ST_G3"
"Human_Breast_Andersson_10142021_ST_G3_15x15",0.299701820570625,0.072917962953591,0.102445815032733,0.000638439926769765,0.000442093380779546,0.0495318008750659,0.0105182210091866,0.446056714174927,0.0177471320763226,"Human_Breast_Andersson_10142021_ST_G3"
"Human_Breast_Andersson_10142021_ST_G3_15x16",0.193217893344927,0.305580025686709,0.0585979979357655,0.0471948376679196,0.00837087484584848,0.0956345629299395,0.0152899522111606,0.245883196060069,0.0302306593176611,"Human_Breast_Andersson_10142021_ST_G3"
"Human_Breast_Andersson_10142021_ST_G3_15x17",0.0610045791685905,0.258471335400402,0.223555359861388,0.12722440788909,0.00566808920102864,0.199074793726257,0.0280564960793287,0.0345545050844926,0.0623904335894219,"Human_Breast_Andersson_10142021_ST_G3"
"Human_Breast_Andersson_10142021_ST_G3_15x18",0.0502123261093323,0.457843770124514,0.197225188427257,0.0164932660468038,0.000954900560984087,0.21199529278315,0.016061544629372,0.0237009825669206,0.0255127287516653,"Human_Breast_Andersson_10142021_ST_G3"
"Human_Breast_Andersson_10142021_ST_G3_15x19",0.108140916406922,0.205870999071109,0.225284378724489,0.0185369270513423,0.00164638092481622,0.0246029652801044,0.0194921607060484,0.350148717862133,0.0462765539730355,"Human_Breast_Andersson_10142021_ST_G3"
"Human_Breast_Andersson_10142021_ST_G3_15x20",0.0835155702982107,0.355385300618596,0.0500402503863424,0.049622858719383,0.0222908646540881,0.133161040369096,0.087292624976924,0.056110056722739,0.162581433254622,"Human_Breast_Andersson_10142021_ST_G3"
"Human_Breast_Andersson_10142021_ST_G3_15x21",0.0206935977624291,0.25154733606976,0.0605365981071075,0.0266740626459992,0.0424417806449108,0.0646637092779593,0.223429094082049,0.0513583313909267,0.258655490018858,"Human_Breast_Andersson_10142021_ST_G3"
"Human_Breast_Andersson_10142021_ST_G3_15x22",0.00800157145853916,0.109987027356145,0.213243883517674,0.000387678782027832,0.00189648527798768,0.0127309163324319,0.085478544557784,0.505144584077973,0.0631293086394376,"Human_Breast_Andersson_10142021_ST_G3"
"Human_Breast_Andersson_10142021_ST_G3_15x23",0.00449406344381283,0.0559106380119446,0.0334175397550795,0.00166601470992021,0.00084698353847456,0.109320456582635,0.0685444083282634,0.633973852619032,0.0918260430108385,"Human_Breast_Andersson_10142021_ST_G3"
"Human_Breast_Andersson_10142021_ST_G3_15x24",0.04606272445069,0.148392172090803,0.158408374993691,0.0337960912434818,0.0210057423206767,0.0569734187582905,0.186515043626916,0.088343560419905,0.260502872095546,"Human_Breast_Andersson_10142021_ST_G3"
"Human_Breast_Andersson_10142021_ST_G3_15x25",0.0244627136523106,0.291930633043263,0.0908432420410669,0.00986312095994196,0.0170207251007239,0.0420566510685012,0.179008573942424,0.120517684119791,0.224296656071977,"Human_Breast_Andersson_10142021_ST_G3"
"Human_Breast_Andersson_10142021_ST_G3_15x26",0.0232315435517558,0.277108106911278,0.192094617776479,0.0176966881525021,0.0287560893959894,0.108413305662954,0.130236673911548,0.032840394242161,0.189622580395333,"Human_Breast_Andersson_10142021_ST_G3"
"Human_Breast_Andersson_10142021_ST_G3_15x27",0.0173602098683441,0.221916390578104,0.424813667111889,0.00613677446987444,0.00199545716242887,0.0302595580349281,0.0470084667286801,0.235949120456295,0.014560355589456,"Human_Breast_Andersson_10142021_ST_G3"
"Human_Breast_Andersson_10142021_ST_G3_15x9",0.0824028903572409,0.256248101371972,0.197070641467417,0.00350282403210405,0.000190539202636325,0.117369939512541,0.00991899877710129,0.323607632205399,0.00968843307358843,"Human_Breast_Andersson_10142021_ST_G3"
"Human_Breast_Andersson_10142021_ST_G3_16x10",0.115831149519645,0.169993466405861,0.0581378457980739,0.108139622839949,0.0060647612489568,0.114720444051736,0.0114255945092606,0.393045974963132,0.0226411406633849,"Human_Breast_Andersson_10142021_ST_G3"
"Human_Breast_Andersson_10142021_ST_G3_16x11",0.193401997540606,0.15387128291866,0.0650253738052025,0.00848550512331,0.00244237081791872,0.13665687243055,0.157004528407337,0.145343737975819,0.137768330980597,"Human_Breast_Andersson_10142021_ST_G3"
"Human_Breast_Andersson_10142021_ST_G3_16x12",0.278539308386685,0.02794530745788,0.00788949772207211,0.00600105163820748,0.00367063165469872,0.0660702925951135,0.330274797788539,0.0494422663831976,0.230166846373606,"Human_Breast_Andersson_10142021_ST_G3"
"Human_Breast_Andersson_10142021_ST_G3_16x13",0.223841754814304,0.0109712700562972,0.00695898471697222,0.00919717235542646,0.00379654605780841,0.049836744998938,0.315673827806741,0.125533696345541,0.254190002847972,"Human_Breast_Andersson_10142021_ST_G3"
"Human_Breast_Andersson_10142021_ST_G3_16x14",0.110041347063002,0.055786905582682,0.029305991029282,0.00921305839861401,0.00573030068425699,0.0594274861600323,0.222344613883021,0.00417683897869137,0.503973458220419,"Human_Breast_Andersson_10142021_ST_G3"
"Human_Breast_Andersson_10142021_ST_G3_16x15",0.251272009705564,0.0912491214760216,0.104679227006923,0.0048006487005684,0.00138837281117543,0.0663200500536106,0.0455733053173246,0.279893173344192,0.154824091584621,"Human_Breast_Andersson_10142021_ST_G3"
"Human_Breast_Andersson_10142021_ST_G3_16x16",0.0707149993429455,0.182359504356244,0.209065141026466,0.0400647287749615,0.0101111849662949,0.317926953360232,0.101566691622328,0.00160843254780125,0.0665823640027272,"Human_Breast_Andersson_10142021_ST_G3"
"Human_Breast_Andersson_10142021_ST_G3_16x17",0.292037093255413,0.19198581261754,0.0977655346066192,0.124231291462347,0.00549635507571119,0.156083770130913,0.00543694930167361,0.00844988402671913,0.118513309523065,"Human_Breast_Andersson_10142021_ST_G3"
"Human_Breast_Andersson_10142021_ST_G3_16x18",0.111276047676358,0.187017019448884,0.295462118143596,0.00567512719276706,0.00525567237526656,0.171099014938468,0.109371115581677,0.0235961783131283,0.091247706329854,"Human_Breast_Andersson_10142021_ST_G3"
"Human_Breast_Andersson_10142021_ST_G3_16x19",0.0498612601011996,0.323308339773004,0.262682433292611,0.0269412425403616,0.00987873901189603,0.116204997430081,0.0975338846692525,0.0203600117413538,0.0932290914402405,"Human_Breast_Andersson_10142021_ST_G3"
"Human_Breast_Andersson_10142021_ST_G3_16x20",0.0251780711109861,0.19398488063663,0.0547708205835286,0.0578785433122845,0.0484662863248294,0.0713583937759045,0.147317952547091,0.0652774240301538,0.335767627678592,"Human_Breast_Andersson_10142021_ST_G3"
"Human_Breast_Andersson_10142021_ST_G3_16x21",0.0580122888171968,0.214732807077124,0.105055725849323,0.0580680112886466,0.0155229250632656,0.121006867671592,0.069786301948091,0.104174778119739,0.253640294165022,"Human_Breast_Andersson_10142021_ST_G3"
"Human_Breast_Andersson_10142021_ST_G3_16x22",0.0522382986827499,0.266475239559084,0.0996985441785545,0.00392835185969803,0.0021106635504382,0.105417709754131,0.137087613598164,0.256674792257976,0.0763687865592041,"Human_Breast_Andersson_10142021_ST_G3"
"Human_Breast_Andersson_10142021_ST_G3_16x23",0.00199753150452634,0.24573097336498,0.277830198207391,0.012602143410267,0.00357073895639429,0.0249475515664323,0.00770006482901868,0.418686960091912,0.00693383806907798,"Human_Breast_Andersson_10142021_ST_G3"
"Human_Breast_Andersson_10142021_ST_G3_16x24",0.0224172202698849,0.540695265023757,0.237116624080684,0.00104284884289016,0.00157592180932922,0.00715169262707513,0.0776834701364697,0.00148074844610653,0.110836208763803,"Human_Breast_Andersson_10142021_ST_G3"
"Human_Breast_Andersson_10142021_ST_G3_16x25",0.0530418613705062,0.292468677993268,0.104542805825266,0.122406187402977,0.0280190658946883,0.0867710926449666,0.0711238709883307,0.111086429776598,0.130540008103399,"Human_Breast_Andersson_10142021_ST_G3"
"Human_Breast_Andersson_10142021_ST_G3_16x26",0.0206358947300714,0.242981672403046,0.187584617397271,0.000829554544063319,0.00290576630452123,0.128597452399027,0.126424906357282,0.0459467198806309,0.244093415984087,"Human_Breast_Andersson_10142021_ST_G3"
"Human_Breast_Andersson_10142021_ST_G3_16x27",0.0247772213827266,0.217149060520318,0.379061954635298,0.000268927764983632,0.00393892172383664,0.105814483343327,0.017316737277344,0.214163297461045,0.0375093958911203,"Human_Breast_Andersson_10142021_ST_G3"
"Human_Breast_Andersson_10142021_ST_G3_16x28",0.061847793241501,0.333304439962936,0.33051222618147,0.00170714500393028,0.00166656490944745,0.0625293357374821,0.0715943372643401,0.0439586787057646,0.0928794789931288,"Human_Breast_Andersson_10142021_ST_G3"
"Human_Breast_Andersson_10142021_ST_G3_16x8",0.0497486004547191,0.305161071716716,0.00631968424191834,0.0174242191212378,0.00498476173326332,0.129471223129927,0.00557257343711387,0.459441186691436,0.0218766794736687,"Human_Breast_Andersson_10142021_ST_G3"
"Human_Breast_Andersson_10142021_ST_G3_16x9",0.169578951343574,0.34433820919661,0.353103301521156,0.00176622211223338,0.00284203367434033,0.0646228230758085,0.0228690405275185,0.000774182683521569,0.0401052358652381,"Human_Breast_Andersson_10142021_ST_G3"
"Human_Breast_Andersson_10142021_ST_G3_17x10",0.0891688622293473,0.236594272906409,0.00840019693178464,0.00263685970396883,0.0142486820291993,0.0705139291123414,0.0261108654243005,0.515008095355985,0.0373182363066635,"Human_Breast_Andersson_10142021_ST_G3"
"Human_Breast_Andersson_10142021_ST_G3_17x11",0.39229911289523,0.0691447735970812,0.0749950829320614,0.0048891050208509,0.00519084970964166,0.060185531950853,0.175773952389551,0.0633550713489825,0.154166520155749,"Human_Breast_Andersson_10142021_ST_G3"
"Human_Breast_Andersson_10142021_ST_G3_17x12",0.261534801569589,0.0200180876855661,0.0330671285104923,0.00289196684252087,0.00220114566478167,0.0620404405212986,0.238476864290181,0.0494976196882536,0.330271945227317,"Human_Breast_Andersson_10142021_ST_G3"
"Human_Breast_Andersson_10142021_ST_G3_17x13",0.244224377444786,0.0270097431879044,0.0351056926236186,0.0129632850494604,0.00787820519396021,0.0679268990323733,0.252308632389791,0.0796247936971018,0.272958371381004,"Human_Breast_Andersson_10142021_ST_G3"
"Human_Breast_Andersson_10142021_ST_G3_17x14",0.12539403895599,0.168068131171029,0.0455643646899439,0.0293923866911226,0.0160585806852316,0.204320336452249,0.0807644561252303,0.202165843421259,0.128271861807944,"Human_Breast_Andersson_10142021_ST_G3"
"Human_Breast_Andersson_10142021_ST_G3_17x15",0.139237579270268,0.265598824333917,0.093149649867069,0.00234257273943053,0.00156674978821003,0.301896155525379,0.0159440038637181,0.00994294442594389,0.170321520186064,"Human_Breast_Andersson_10142021_ST_G3"
"Human_Breast_Andersson_10142021_ST_G3_17x16",0.306672276291633,0.213009069426798,0.13460287947559,0.0021966778107719,0.00701457946004069,0.0519976591564838,0.0363811248264722,0.143503500623633,0.104622232928578,"Human_Breast_Andersson_10142021_ST_G3"
"Human_Breast_Andersson_10142021_ST_G3_17x17",0.076730700989299,0.0970163323235832,0.371014869253182,0.0391693642574036,0.00768016958582449,0.148920291428336,0.0545882435219743,0.0916294159219683,0.113250612718429,"Human_Breast_Andersson_10142021_ST_G3"
"Human_Breast_Andersson_10142021_ST_G3_17x18",0.265924391170455,0.13375682059882,0.0859682203316253,0.225492740987405,0.0611510629282243,0.0724058212924158,0.0204123635540805,0.107238763663054,0.0276498154739201,"Human_Breast_Andersson_10142021_ST_G3"
"Human_Breast_Andersson_10142021_ST_G3_17x19",0.081832366274325,0.00746344378416497,0.735714047865805,0.0254810366416879,0.00804032895244104,0.0768182771067525,0.0271241508640113,0.00104540132268311,0.0364809471881296,"Human_Breast_Andersson_10142021_ST_G3"
"Human_Breast_Andersson_10142021_ST_G3_17x20",0.124093767054041,0.245667209258599,0.298296257338333,0.00203262400017612,0.00241758373658339,0.116550145226771,0.0495104907735187,0.0918419925906514,0.0695899300213268,"Human_Breast_Andersson_10142021_ST_G3"
"Human_Breast_Andersson_10142021_ST_G3_17x21",0.0679586291913869,0.316828660931845,0.120163758437413,0.00989610322870107,0.012404904836056,0.1227355267142,0.130140254292272,0.0133395324740187,0.206532629894106,"Human_Breast_Andersson_10142021_ST_G3"
"Human_Breast_Andersson_10142021_ST_G3_17x22",0.0770525088086015,0.174761291113997,0.127929284950279,0.0245442389051458,0.0217477811697384,0.0338124059958055,0.126474486330158,0.130557754437058,0.283120248289217,"Human_Breast_Andersson_10142021_ST_G3"
"Human_Breast_Andersson_10142021_ST_G3_17x23",0.0409879439834623,0.23938081271857,0.349455668605413,0.00456174775844719,0.00421381454285581,0.112420674479492,0.104344933303676,0.0261772350048662,0.118457169603217,"Human_Breast_Andersson_10142021_ST_G3"
"Human_Breast_Andersson_10142021_ST_G3_17x24",0.0346457390286295,0.178500128947952,0.252594518262733,0.0224174558192049,0.00748958009481003,0.194140918587587,0.0315984606974129,0.162801378686529,0.115811819875142,"Human_Breast_Andersson_10142021_ST_G3"
"Human_Breast_Andersson_10142021_ST_G3_17x25",0.0281291682492477,0.234465080139155,0.03079269756176,0.0350172178920379,0.0319451564336917,0.104067309396841,0.182308359302561,0.0747765357948621,0.278498475229844,"Human_Breast_Andersson_10142021_ST_G3"
"Human_Breast_Andersson_10142021_ST_G3_17x26",0.0670030532724211,0.336875061803663,0.0730362515958523,0.0319945692651474,0.019400058167565,0.0829356621334289,0.0811121372539694,0.121819582027635,0.185823624480318,"Human_Breast_Andersson_10142021_ST_G3"
"Human_Breast_Andersson_10142021_ST_G3_17x27",0.0477866509246175,0.402342824554956,0.199991367935522,0.00321047433036531,0.00545851968942766,0.02587294624,0.0451400969822074,0.191619324069202,0.078577795273703,"Human_Breast_Andersson_10142021_ST_G3"
"Human_Breast_Andersson_10142021_ST_G3_17x28",0.0315867916180424,0.334096472361621,0.130743316761859,0.058182935078918,0.027403140142965,0.0402786208954265,0.0989856681364981,0.147716797184964,0.131006257819706,"Human_Breast_Andersson_10142021_ST_G3"
"Human_Breast_Andersson_10142021_ST_G3_17x8",0.0160775692485043,0.350421045989469,0.346625561034814,0.00795348038349662,0.00528180965234613,0.169566010374278,0.0283931211070105,0.0210691217932805,0.0546122804168013,"Human_Breast_Andersson_10142021_ST_G3"
"Human_Breast_Andersson_10142021_ST_G3_17x9",0.0344495585153518,0.348412021148967,0.0865823002673888,0.0300461897230538,0.00734388020233101,0.110572576467535,0.0521585959173312,0.251324368232872,0.0791105095251688,"Human_Breast_Andersson_10142021_ST_G3"
"Human_Breast_Andersson_10142021_ST_G3_18x10",0.192045568052432,0.218403184234602,0.0705389788997092,0.0112672983088034,0.00271951594986995,0.162165041178686,0.0532995841945633,0.149539013303476,0.140021815877858,"Human_Breast_Andersson_10142021_ST_G3"
"Human_Breast_Andersson_10142021_ST_G3_18x11",0.153637776082098,0.0742889019740363,0.330068414225311,0.00565292299771028,0.00379854163862199,0.144150733804962,0.0440387269402309,0.0537212349052069,0.190642747431823,"Human_Breast_Andersson_10142021_ST_G3"
"Human_Breast_Andersson_10142021_ST_G3_18x12",0.200127569805636,0.098838673200347,0.120073133794531,0.0260945499759076,0.0159710939130464,0.0432907639716408,0.0984575380671308,0.189801646244846,0.207345031026915,"Human_Breast_Andersson_10142021_ST_G3"
