"","Endothelial","CAFs","PVL","B-cells","T-cells","Myeloid","Normal Epithelial","Plasmablasts","Cancer Epithelial","sid"
"GSE210616_GSM6433600_AAACAAGTATCTCCCA-1",0.0807322489321767,0.0675747207169647,0.00499772684576949,0.0640249430300214,0.101729455399872,0.161088867400868,0.440063357758697,0.00159335897417445,0.0781953209414563,"GSE210616_GSM6433600"
"GSE210616_GSM6433600_AAACAGCTTTCAGAAG-1",0.137734481077397,0.0632552404177055,0.0152200458012776,0.0864691645062595,0.125332502436843,0.130427937453391,0.342789130088345,0.000146259801687544,0.0986252384170931,"GSE210616_GSM6433600"
"GSE210616_GSM6433600_AAACCCGAACGAAATC-1",0.0531921107301604,0.132359302347072,0.014190988654575,0.112495318404664,0.108904032502128,0.202574379086463,0.277247586663819,0.00189659225714917,0.0971396893539695,"GSE210616_GSM6433600"
"GSE210616_GSM6433600_AAACTGCTGGCTCCAA-1",0.101251083515314,0.0683377312799125,0.0113474926091181,0.095465252277456,0.111551355874679,0.166522715023442,0.330459796225456,0.00141288864139553,0.113651684553227,"GSE210616_GSM6433600"
"GSE210616_GSM6433600_AAAGTGTGATTTATCT-1",0.0845348158076701,0.0945504697370796,0.0243700525021132,0.0182791631367975,0.0562969182350624,0.229614809313781,0.369681079056915,0.00128628408391664,0.121386408126665,"GSE210616_GSM6433600"
"GSE210616_GSM6433600_AAAGTTGACTCCCGTA-1",0.0960820850658962,0.14406784857282,0.0185474518402958,0.0335198005501054,0.0502009398589564,0.220929542288447,0.302768931445884,0.00107868185668296,0.132804718520912,"GSE210616_GSM6433600"
"GSE210616_GSM6433600_AAATACCTATAAGCAT-1",0.0887526548003061,0.0787172421993192,0.00853180836460852,0.0739014171707017,0.149332045922113,0.159630115531708,0.375699937443553,0.000444719504753552,0.0649900590629371,"GSE210616_GSM6433600"
"GSE210616_GSM6433600_AAATAGCTTAGACTTT-1",0.0818440477849944,0.0658687348539451,0.00913126760141877,0.0743816019589755,0.103095880227101,0.189668963755695,0.407681433790196,0.00082855012526494,0.0674995199024091,"GSE210616_GSM6433600"
"GSE210616_GSM6433600_AAATCGTGTACCACAA-1",0.0913389247578938,0.125272554644245,0.0329322998401895,0.121950796334405,0.11895118844424,0.158607013311872,0.248130258940342,0.00128063941236836,0.101536324314445,"GSE210616_GSM6433600"
"GSE210616_GSM6433600_AAATCTAGCCCTGCTA-1",0.0660511006907717,0.0611635020645732,0.00324000076121613,0.0330040106595716,0.0814818226684442,0.171631536471408,0.520637366062401,0.000461829319461411,0.0623288313021523,"GSE210616_GSM6433600"
"GSE210616_GSM6433600_AAATTCCAGGTCCAAA-1",0.0774358696687873,0.134877376386652,0.0138301620958702,0.0198092785082937,0.113659282467944,0.193003336134092,0.339085455517433,0.000709064762588219,0.10759017445834,"GSE210616_GSM6433600"
"GSE210616_GSM6433600_AAATTTGCGGGTGTGG-1",0.101676905896568,0.0381094843019641,0.0146097452004338,0.337075596551523,0.104881103919423,0.106291156162666,0.1943573186296,0.000577837274228606,0.102420852063593,"GSE210616_GSM6433600"
"GSE210616_GSM6433600_AACACACGCTCGCCGC-1",0.0740852494727712,0.0809242645776626,0.00944681373907977,0.0501923040636562,0.0574759563079563,0.207648892389833,0.422692445653408,0.0003350474502462,0.0971990263453873,"GSE210616_GSM6433600"
"GSE210616_GSM6433600_AACACGAGACGCGGCC-1",0.125821290318545,0.123073401656441,0.0630886931496609,0.0894588109593881,0.0809651657401023,0.187324038229183,0.211866721381662,0.000282891174395167,0.118118987390622,"GSE210616_GSM6433600"
"GSE210616_GSM6433600_AACAGGTAGTATGGAT-1",0.067089691705996,0.0862353155013381,0.00664568290836729,0.0529701621183113,0.0759056841994848,0.171730084404471,0.467683316745197,0.000230479044229043,0.0715095833726054,"GSE210616_GSM6433600"
"GSE210616_GSM6433600_AACCCTACTGTCAATA-1",0.0396522291262596,0.371375886072206,0.00614815528771649,0.0155869508882143,0.033717065196162,0.294691963869075,0.183850650675081,0.00085735854795903,0.0541197403373266,"GSE210616_GSM6433600"
"GSE210616_GSM6433600_AACCGCTAAGGGATGC-1",0.0989621173209121,0.0809642704064159,0.0283320207001712,0.129935817419889,0.15094988497073,0.124052070204749,0.235642798672663,0.00181264582563089,0.149348374478839,"GSE210616_GSM6433600"
"GSE210616_GSM6433600_AACCTGTCACGGAATT-1",0.0786806308639311,0.08550125244579,0.00887952153617591,0.0240153017147734,0.051668452070638,0.193018820104735,0.469103721986575,0.00061870476007542,0.0885135945173057,"GSE210616_GSM6433600"
"GSE210616_GSM6433600_AACGCTGTTGCTGAAA-1",0.064659704441145,0.0748892078936613,0.0165660428818078,0.0624075845239458,0.105554681413453,0.172079172768653,0.383731501179152,0.000579118912409709,0.119532985985773,"GSE210616_GSM6433600"
"GSE210616_GSM6433600_AACGGACGTACGTATA-1",0.110325110422451,0.0910401212293948,0.0103685818321355,0.0496288219418734,0.0866067479952102,0.186773006511645,0.376979795832784,0.000519347893723035,0.0877584663407822,"GSE210616_GSM6433600"
"GSE210616_GSM6433600_AACGGCCATCTCCGGT-1",0.105024111023626,0.195531687037814,0.0605180386291701,0.0522973341950008,0.0644198120736024,0.241690653979126,0.157415596757698,0.0179359746933046,0.105166791610658,"GSE210616_GSM6433600"
"GSE210616_GSM6433600_AACGTACTGTGGGTAC-1",0.0663475801915499,0.0472536267863685,0.015026342958055,0.132243213266844,0.184402264992903,0.159495291356712,0.245161445491643,0.0015890999751268,0.148481134980798,"GSE210616_GSM6433600"
"GSE210616_GSM6433600_AACTACCCGTTTGTCA-1",0.09277304144222,0.113485587811887,0.00905020759166422,0.033035989361774,0.076609010808656,0.194097849615972,0.373121531274163,0.00124023961442134,0.106586542479242,"GSE210616_GSM6433600"
"GSE210616_GSM6433600_AACTAGGCTTGGGTGT-1",0.0982093408204021,0.0788784324277958,0.0161412318558451,0.165874775861815,0.0970391596668217,0.143359140245145,0.295949806138952,0.00117035821826582,0.103377754764957,"GSE210616_GSM6433600"
"GSE210616_GSM6433600_AACTCTCAATAGAGCG-1",0.0994496302614453,0.0809699099140702,0.00855991710827555,0.121339497024799,0.0895168040451816,0.156330025815128,0.365623109941623,0.00044933518818237,0.0777617707012949,"GSE210616_GSM6433600"
"GSE210616_GSM6433600_AACTGAGTTATACTGA-1",0.0686678408431097,0.0894776874894822,0.0129463364873493,0.0920796977609431,0.146609700924906,0.156669014018162,0.362363445978999,0.00117524337059587,0.0700110331264539,"GSE210616_GSM6433600"
"GSE210616_GSM6433600_AAGCCGAAGCGGTTTA-1",0.100810154040866,0.0796880354307727,0.00812680214028902,0.0683847434288091,0.079428910610946,0.159354916037095,0.385370857802106,0.00289225825965406,0.115943322249462,"GSE210616_GSM6433600"
"GSE210616_GSM6433600_AAGCTAGATCGAGTAA-1",0.125005308607682,0.116320445038128,0.017854798455751,0.051138163622809,0.0783318851023543,0.187028569855748,0.334605456481044,0.00109447819992432,0.0886208946365586,"GSE210616_GSM6433600"
"GSE210616_GSM6433600_AAGGATCGATCGCTTG-1",0.0985134045746101,0.152219121600497,0.0339537104314045,0.0357287309624343,0.0603828191909999,0.224151437038504,0.278144177161731,0.00112635311536251,0.115780245924457,"GSE210616_GSM6433600"
"GSE210616_GSM6433600_AAGGCAGGCTGTCTCC-1",0.0902591713287162,0.115386266276418,0.018466233428863,0.10306522981876,0.11801031023416,0.132236910271669,0.348369156801743,0.00582105632869254,0.0683856655109792,"GSE210616_GSM6433600"
"GSE210616_GSM6433600_AAGGTGATAAACCAGC-1",0.115739042263071,0.0776384899845164,0.0165167858792076,0.0120869003564448,0.0420984339567516,0.212204520526959,0.353804605519904,0.000241036585866719,0.169670184927279,"GSE210616_GSM6433600"
"GSE210616_GSM6433600_AAGTCAATTGTCGTCA-1",0.113051033906912,0.227497047559963,0.0515913326952687,0.0108540723373754,0.0311798317490389,0.195275111412612,0.300719902229727,0.000759266373494998,0.0690724017356081,"GSE210616_GSM6433600"
"GSE210616_GSM6433600_AAGTGCCTTGACTGTA-1",0.123785148546639,0.218794657192993,0.0859048139460899,0.0234870690146792,0.0311354888477274,0.186263751752255,0.243639587985539,0.00153856728500987,0.0854509154290677,"GSE210616_GSM6433600"
"GSE210616_GSM6433600_AAGTTCGGCCAACAGG-1",0.102180955221354,0.0389597495193909,0.0153172712171087,0.257100945561948,0.123899692244316,0.114525650316777,0.203655745007559,0.00195496047985796,0.142405030431689,"GSE210616_GSM6433600"
"GSE210616_GSM6433600_AATAATCTTCGTATCG-1",0.0627393307795917,0.058108357801623,0.0123591404017859,0.210127026121117,0.156970508102025,0.116417759304678,0.291876847002385,0.000781047445675762,0.0906199830411193,"GSE210616_GSM6433600"
"GSE210616_GSM6433600_AATAGAATCTGTTTCA-1",0.112639789768382,0.0687874909371949,0.0210990527479763,0.141802282048969,0.12791891434975,0.131864062119045,0.311396732816519,0.000320390226515651,0.0841712849856473,"GSE210616_GSM6433600"
"GSE210616_GSM6433600_AATATCGAATCAATGC-1",0.0836200759847818,0.0570502643085496,0.0122934294092401,0.127803991487941,0.107442029959559,0.148785797229085,0.360591116571528,0.000996268258084402,0.101417026791232,"GSE210616_GSM6433600"
"GSE210616_GSM6433600_AATCATGTAAAGACTC-1",0.0846252043290199,0.0684961884451929,0.00313507734109482,0.0843893916064338,0.0740772405729888,0.14331077283664,0.492210153008519,0.00019616476294522,0.049559807097165,"GSE210616_GSM6433600"
"GSE210616_GSM6433600_AATCGCCTCAGCGCCA-1",0.0905487319871677,0.0708279346209174,0.0110657343407174,0.0679297032469811,0.124467938299221,0.19133380163231,0.339560356450402,0.000559854190365908,0.103705945231917,"GSE210616_GSM6433600"
"GSE210616_GSM6433600_AATCGCGCAGAGGACT-1",0.0878641087904941,0.0868773627649721,0.00827204067110073,0.052196433707432,0.15199689512155,0.185398788527848,0.29339743706947,0.00266409166442621,0.131332841682707,"GSE210616_GSM6433600"
"GSE210616_GSM6433600_AATCTCTACTGTGGTT-1",0.0867977656366274,0.150911688916001,0.0157252680016303,0.0325104729147245,0.0938880345655331,0.179505620766719,0.274688468628787,0.0377128507321196,0.128259829837859,"GSE210616_GSM6433600"
"GSE210616_GSM6433600_AATGACAGCAATGTCT-1",0.0731131305099393,0.0380710574482202,0.0125846308334102,0.298973278994879,0.157910432563084,0.101688371183332,0.154573448968556,0.000782217039384355,0.162303432459196,"GSE210616_GSM6433600"
"GSE210616_GSM6433600_AATGACGTAGGATGTC-1",0.0959741773186004,0.0816978933005267,0.0135045893878014,0.0931894289387504,0.14255238632566,0.148778442915676,0.332255909292685,0.000925614445881267,0.0911215580744189,"GSE210616_GSM6433600"
"GSE210616_GSM6433600_AATTCTAGAGTTAGGC-1",0.0941972322013731,0.0742213152522138,0.0243563404335353,0.0709475769363472,0.135444437873389,0.180777799520582,0.31016011779146,0.0025755235876571,0.107319656403442,"GSE210616_GSM6433600"
"GSE210616_GSM6433600_AATTGAACGCTCTGGT-1",0.0999687857979065,0.222730869876204,0.10217682422866,0.0486347033096228,0.0811706027151678,0.150457168992368,0.207892184587017,0.00178967651660898,0.0851791839764452,"GSE210616_GSM6433600"
"GSE210616_GSM6433600_ACAAATCGCACCGAAT-1",0.110977764559648,0.071675096701508,0.0132755315108206,0.111277433679582,0.0797343398418211,0.145650675134357,0.380603456096093,0.00133830817887188,0.0854673942972983,"GSE210616_GSM6433600"
"GSE210616_GSM6433600_ACAAATGGTAGTGTTT-1",0.0503033872394178,0.255236235603379,0.0492778404324109,0.039835308098587,0.0693610933169347,0.191445718600496,0.247881642100651,0.00103223012260057,0.0956265444855226,"GSE210616_GSM6433600"
"GSE210616_GSM6433600_ACAAGGAAATCCGCCC-1",0.0878978126415073,0.0899094963167763,0.0158865407294401,0.0533783568682993,0.0887920839824856,0.170287928663096,0.391716000190472,0.000591965085071262,0.101539815522852,"GSE210616_GSM6433600"
"GSE210616_GSM6433600_ACAAGGGCAGGCTCTG-1",0.0564952565735255,0.0473707520738306,0.00963590030355322,0.197532738124927,0.158096091230271,0.11368178302817,0.357906748403293,0.00195852725985458,0.0573222030025754,"GSE210616_GSM6433600"
"GSE210616_GSM6433600_ACAATTGTGTCTCTTT-1",0.103153538426619,0.0926917693858786,0.00938743224812164,0.0244666318185644,0.0587014823513112,0.17333775487069,0.452517213215407,0.000544378963433934,0.0851997987199753,"GSE210616_GSM6433600"
"GSE210616_GSM6433600_ACACACCAGGACCAGT-1",0.119611636227208,0.102428823818108,0.0301986701472469,0.0606602232081499,0.0847039539833213,0.185875085149122,0.270877469036916,0.00123949171740027,0.144404646712527,"GSE210616_GSM6433600"
"GSE210616_GSM6433600_ACACCACATAATTAGC-1",0.0486516650582482,0.0423527466327939,0.00412980284090073,0.160651210376286,0.202032233107288,0.115981312948315,0.361384471688696,0.000337094206749601,0.0644794631407219,"GSE210616_GSM6433600"
"GSE210616_GSM6433600_ACACCTTACTACTTGC-1",0.081342589845573,0.081202344312979,0.015391124778797,0.080654685158843,0.155885457414078,0.191565503122936,0.304745873962981,0.00626680254928446,0.0829456188545288,"GSE210616_GSM6433600"
"GSE210616_GSM6433600_ACAGGCTTGCCCGACT-1",0.0810134047557362,0.0755929515318415,0.0166120455488718,0.0913226892474424,0.157673728568714,0.145785302351113,0.324156435602191,0.000713718022818761,0.107129724371271,"GSE210616_GSM6433600"
"GSE210616_GSM6433600_ACAGTAATACAACTTG-1",0.0839321429843085,0.0310126494415472,0.00374936705131739,0.425480333541398,0.0752088121734199,0.0958999496546597,0.255749340773657,0.00130895468081132,0.0276584496988809,"GSE210616_GSM6433600"
"GSE210616_GSM6433600_ACATCCTGGTAACTGT-1",0.132890410752829,0.134070197391414,0.0605583528616987,0.0136177038828405,0.0542342533622111,0.200591801139992,0.297887436703848,0.00102784992671137,0.105121993978455,"GSE210616_GSM6433600"
"GSE210616_GSM6433600_ACATCGATCGTTTACC-1",0.0999907477842705,0.066167208221005,0.00881377365617633,0.154526006036704,0.133716230526763,0.123093737971017,0.309135519882101,0.000360117750885278,0.104196658171077,"GSE210616_GSM6433600"
"GSE210616_GSM6433600_ACATCGTATGCAATGG-1",0.147804944067154,0.133471940511139,0.0896410818286298,0.0868846447216021,0.090686561170437,0.146415809701005,0.222137446130007,0.00127893256753793,0.0816786393024876,"GSE210616_GSM6433600"
"GSE210616_GSM6433600_ACATGGCGCCAAAGTA-1",0.0838204238506318,0.0721710372000614,0.013549271017422,0.117545033028475,0.0848026723924385,0.156148838580775,0.339108257348445,0.000454131562419521,0.132400335019331,"GSE210616_GSM6433600"
"GSE210616_GSM6433600_ACATTAGTTTATATCC-1",0.0955683964014012,0.0842721131024898,0.0149990606476896,0.0605700649118027,0.125586899457953,0.170245813693429,0.343585756936922,0.000297311447848469,0.104874583400464,"GSE210616_GSM6433600"
"GSE210616_GSM6433600_ACCACCAATGTAACAA-1",0.11054476116698,0.0901769189303061,0.0110520131696735,0.0251898779874909,0.0518496164147471,0.198512916548245,0.408435474949899,0.000283537808234529,0.103954883024425,"GSE210616_GSM6433600"
"GSE210616_GSM6433600_ACCACGTGCAGCTATA-1",0.113261234251771,0.0667870920149773,0.0101534371068973,0.0925204376301932,0.078207261317642,0.134770043310682,0.408255634831266,0.00140943988466945,0.0946354196519013,"GSE210616_GSM6433600"
"GSE210616_GSM6433600_ACCAGTGCGGGAGACG-1",0.116596697452845,0.0934618982257669,0.00966745969953025,0.0198618921002618,0.0541453439610756,0.220576085111533,0.395747829021901,0.000777951552949426,0.0891648428741368,"GSE210616_GSM6433600"
"GSE210616_GSM6433600_ACCCGGATGACGCATC-1",0.125657293375482,0.0946122923449312,0.0197559048197978,0.0330557439067068,0.0360454959861563,0.185301519918129,0.357073363222095,0.000768826809041659,0.147729559617661,"GSE210616_GSM6433600"
"GSE210616_GSM6433600_ACCCTCCCTTGCTATT-1",0.130432861439853,0.0650656282656677,0.0129619031176944,0.072769219372401,0.089915043917209,0.135750920039684,0.424281024968442,0.000238355380904466,0.0685850434981448,"GSE210616_GSM6433600"
"GSE210616_GSM6433600_ACCGATATTTAATCAT-1",0.0772454691286216,0.0694838128899256,0.0300337311245091,0.136834705175874,0.140352426488159,0.159546622948205,0.304366911938337,0.000389169038550583,0.0817471512678186,"GSE210616_GSM6433600"
"GSE210616_GSM6433600_ACCGATGGTAGCATCG-1",0.0971632631128421,0.0703368072862404,0.0155469245928052,0.19690390710901,0.0985335317770185,0.130763609275408,0.31519493887305,0.00127457000800523,0.0742824479656205,"GSE210616_GSM6433600"
"GSE210616_GSM6433600_ACCGCAATAACTGCCT-1",0.0792289464216467,0.07132313381949,0.0222267606046817,0.179864044562467,0.188570264351015,0.0965310566827115,0.237966833416382,0.000558897707690554,0.123730062433915,"GSE210616_GSM6433600"
"GSE210616_GSM6433600_ACCGCGGTGGAAGTCG-1",0.096106912564672,0.176130561452034,0.0342116325418309,0.0270233278745043,0.0436750942340375,0.230537845879911,0.299334719533945,0.000699185227457038,0.0922807206916087,"GSE210616_GSM6433600"
"GSE210616_GSM6433600_ACCGGGCCTTTGTTGA-1",0.116023753717406,0.0746133320840195,0.0100764217939735,0.0200586374689517,0.0432757852102195,0.218231703360947,0.371570456537095,0.000320724045718982,0.145829185781668,"GSE210616_GSM6433600"
"GSE210616_GSM6433600_ACCTACAGTATGTGGT-1",0.0767851891786657,0.142766589099863,0.00716913084217204,0.0253499209913185,0.125404136473174,0.215456704853083,0.31024814631492,0.00199423853277058,0.0948259437140333,"GSE210616_GSM6433600"
"GSE210616_GSM6433600_ACCTCCGCCCTCGCTG-1",0.0721185711493724,0.0822151971334736,0.00818293968144757,0.0314730277245264,0.126986730296452,0.167363363485638,0.395400861825316,0.000778262101429717,0.115481046602344,"GSE210616_GSM6433600"
"GSE210616_GSM6433600_ACCTGCGTGTCATGTT-1",0.119299123560554,0.0344236346470121,0.0233341031813751,0.0634265627924019,0.108678221073808,0.179234448619009,0.22840025322378,0.000111055130152141,0.243092597771908,"GSE210616_GSM6433600"
"GSE210616_GSM6433600_ACGATCATCTTGTAAA-1",0.0882243433779149,0.0767763978692993,0.00772743173564169,0.13221492365913,0.0904448304746627,0.161255812771439,0.334792176911846,0.000436860103006238,0.10812722309706,"GSE210616_GSM6433600"
"GSE210616_GSM6433600_ACGCCGCTAGACGACC-1",0.138645705355686,0.0759205720772453,0.0323643917083967,0.15787410359395,0.136992843540726,0.11540660169164,0.235618749785362,0.00178800964570126,0.105389022601294,"GSE210616_GSM6433600"
"GSE210616_GSM6433600_ACGCGAAGTCAGACGA-1",0.097643650235492,0.0801896491772967,0.0132116717915432,0.0741872850323901,0.106648433748772,0.180765789163291,0.339523247590227,0.00116276929763169,0.106667503963356,"GSE210616_GSM6433600"
"GSE210616_GSM6433600_ACGGCACTTGCTTGGG-1",0.0859924707343543,0.0704738622013477,0.0139722129247975,0.0847842312110569,0.127148780050798,0.138925026839468,0.380280772688015,0.00185868454093508,0.0965639588092277,"GSE210616_GSM6433600"
"GSE210616_GSM6433600_ACGGCGACGATGGGAA-1",0.0991672219694169,0.0668526625516259,0.0140491273693444,0.0659118311341235,0.102908346427219,0.164129508844038,0.381177470658415,0.00039137354301078,0.105412457502808,"GSE210616_GSM6433600"
"GSE210616_GSM6433600_ACGGGAGTGTCGGCCC-1",0.0634504653291721,0.0521719801631,0.00800863856651393,0.369185284228242,0.127370024392156,0.09317211064757,0.157696838283572,0.000150825850567636,0.128793832539106,"GSE210616_GSM6433600"
"GSE210616_GSM6433600_ACGTATTACTCCGATC-1",0.0307596489980755,0.472548988782968,0.0146699339129877,0.00485614002330417,0.0173282004983043,0.243459803043264,0.161778412319597,0.00200013368738168,0.0525987387341181,"GSE210616_GSM6433600"
"GSE210616_GSM6433600_ACGTCTCGTTCCGGGA-1",0.0899521978610297,0.0713807508462651,0.0115396155844508,0.0751202577244667,0.117981191203365,0.177212644598606,0.383173607019264,0.00429216573144561,0.0693475694311076,"GSE210616_GSM6433600"
"GSE210616_GSM6433600_ACGTTAATGTCGAAGA-1",0.0744157400795514,0.0754229881377339,0.00476807762165133,0.0418540511361391,0.0954002314839891,0.182916253400502,0.453868860502527,0.000806579477202864,0.0705472181607025,"GSE210616_GSM6433600"
"GSE210616_GSM6433600_ACTAGTTGCGATCGTC-1",0.0720051832683581,0.0659617138032878,0.0117963426668787,0.112090715818568,0.153185992736311,0.149717749759314,0.34692498963338,0.000608976698199851,0.0877083356157017,"GSE210616_GSM6433600"
"GSE210616_GSM6433600_ACTATCCAGGGCATGG-1",0.0897485966271145,0.0739684386450963,0.0159837503999548,0.0450433143466064,0.0512081452850975,0.235530546019847,0.370574708791694,0.000772245317018552,0.117170254567571,"GSE210616_GSM6433600"
"GSE210616_GSM6433600_ACTCCCATTCCTAAAG-1",0.107735324522086,0.0827337635460553,0.0124228916571369,0.104529511705933,0.0622910293942557,0.177712670304836,0.340369585644366,0.0018362934272114,0.11036892979812,"GSE210616_GSM6433600"
"GSE210616_GSM6433600_ACTCCCTAGAATAGTA-1",0.0826062642386242,0.0687891747310881,0.0134737080934596,0.110721416728521,0.119203824966726,0.133390126295047,0.414514596524377,0.00206383306432262,0.055237055357834,"GSE210616_GSM6433600"
"GSE210616_GSM6433600_ACTCGCGATCTGACGC-1",0.0784206880562689,0.0652425514410739,0.00837447998223081,0.170533996878336,0.103339228033872,0.133728155456836,0.361481027869288,0.000468233544987842,0.0784116387371054,"GSE210616_GSM6433600"
"GSE210616_GSM6433600_ACTCTCTGACTTAGGT-1",0.102486303576081,0.0735798222754663,0.00927755710508177,0.0508647028838611,0.0859940068554374,0.146795685942057,0.460215610295262,0.000404206282971072,0.0703821047837828,"GSE210616_GSM6433600"
"GSE210616_GSM6433600_ACTGAATGGCGAAAGT-1",0.122508346378893,0.0819645112058707,0.0184999850408895,0.0939485718689825,0.0769884998371912,0.134973128409046,0.344769123684883,0.000461415757766305,0.125886417816478,"GSE210616_GSM6433600"
"GSE210616_GSM6433600_ACTTATACTTACCCGG-1",0.134466951254873,0.0889808376860732,0.0099253205193521,0.0546331470932487,0.0469344097072543,0.153259747266909,0.443969840984593,0.000421389415984178,0.0674083560717126,"GSE210616_GSM6433600"
"GSE210616_GSM6433600_ACTTATTTATGTGCCA-1",0.101040097988265,0.0745620392313484,0.0337274363495553,0.0834023034514088,0.164610677397526,0.152781970524138,0.239394311887658,0.00107846340218191,0.149402699767919,"GSE210616_GSM6433600"
"GSE210616_GSM6433600_ACTTCAGGCTGATCCC-1",0.113755834144372,0.0778703095355232,0.0170521730572195,0.172855561324811,0.129993408669512,0.08956787676201,0.302979637914028,0.0011090889566005,0.0948161096359228,"GSE210616_GSM6433600"
"GSE210616_GSM6433600_ACTTGACTCCCTCTTT-1",0.048015220809755,0.0721545059655359,0.00558769696387045,0.156475271298645,0.117553430825292,0.122020529593348,0.397539209716473,0.000249543725391634,0.0804045911016899,"GSE210616_GSM6433600"
"GSE210616_GSM6433600_ACTTGTGGATGGAACG-1",0.0789007373705979,0.096758176632162,0.0120406544488595,0.0485888364794822,0.133874618005443,0.180053240373904,0.359497657190573,0.00114850780674979,0.0891375716922283,"GSE210616_GSM6433600"
"GSE210616_GSM6433600_ACTTTGTCGACGCACT-1",0.0499224858924913,0.0509219143113197,0.00714305803745984,0.284140990498621,0.152454759439674,0.0808918006043736,0.319058777922706,0.0003056551834511,0.0551605581099037,"GSE210616_GSM6433600"
"GSE210616_GSM6433600_AGAACCCAGCGTGACA-1",0.0688649569613041,0.0711991356634544,0.0110866710829494,0.0691794687510359,0.122681430581916,0.174163069865887,0.403154186115541,0.000458771458110145,0.0792123095198021,"GSE210616_GSM6433600"
"GSE210616_GSM6433600_AGAAGAGCGCCGTTCC-1",0.233239712713823,0.0513585865982361,0.019255611675858,0.174145323902931,0.166816560351146,0.070038329702219,0.266236726094033,4.57835127374226e-05,0.0188633654490169,"GSE210616_GSM6433600"
"GSE210616_GSM6433600_AGACCCACCGCTGATC-1",0.0772623569653293,0.0773345005590012,0.0142372385210797,0.0942417190202795,0.160303998516013,0.173056062997304,0.31970491774891,0.0009822245601225,0.082876981111961,"GSE210616_GSM6433600"
"GSE210616_GSM6433600_AGACCGCTCCGCGGTT-1",0.0840168694298875,0.0584543854995614,0.00708184965558248,0.0757991776330873,0.103917784176704,0.191675867618073,0.390335162704534,0.000597476120527337,0.088121427162043,"GSE210616_GSM6433600"
"GSE210616_GSM6433600_AGACGAAGTGCCGGTC-1",0.0822426555398883,0.0879297147690994,0.00672432201363979,0.0444382747028626,0.0945012202496658,0.192023577276225,0.399506175184355,0.00110548215741663,0.0915285781068477,"GSE210616_GSM6433600"
"GSE210616_GSM6433600_AGAGGCTTCGGAAACC-1",0.0676070969065588,0.0719701354358095,0.0100010518677455,0.099037794308883,0.109693324764456,0.148185429867456,0.407377101488966,0.000355104891467141,0.0857729604686588,"GSE210616_GSM6433600"
"GSE210616_GSM6433600_AGAGTAAACTTCACTA-1",0.161363120591984,0.176795314806489,0.154284513463936,0.0470535384970536,0.0365992494681904,0.161666093135927,0.189937847660601,0.00182312648475635,0.0704771958910625,"GSE210616_GSM6433600"
"GSE210616_GSM6433600_AGATACTCAAGATCGA-1",0.108588042205269,0.0838755518591166,0.0325946417088218,0.146807013866995,0.126609303252518,0.129790755859941,0.24787386576027,0.000567535254010848,0.123293290233058,"GSE210616_GSM6433600"
"GSE210616_GSM6433600_AGATGATGGAGTCTGG-1",0.0704486205165703,0.0953976904181333,0.0139368637226983,0.104669444228605,0.180266181033233,0.164311047011576,0.2805073436844,0.000911028925662299,0.0895517804591222,"GSE210616_GSM6433600"
"GSE210616_GSM6433600_AGCAACATATCTTATT-1",0.0999717257994789,0.371698016401024,0.0588833597874802,0.0438954062675787,0.0654913689496549,0.150132679349099,0.142300111285908,0.00237498998338994,0.065252342176386,"GSE210616_GSM6433600"
"GSE210616_GSM6433600_AGCATATCAATATGCT-1",0.0884994582307045,0.0607677966223799,0.0087854457831595,0.0413850613837999,0.0850398213721772,0.192656295093867,0.428407204043826,0.000392348612103908,0.094066568857982,"GSE210616_GSM6433600"
"GSE210616_GSM6433600_AGCGTGGTATTCTACT-1",0.0669985096558685,0.0873939320491268,0.0137052820465044,0.0754140741689271,0.103756171937623,0.191565223872901,0.374806978944263,0.00169451766318569,0.0846653096616003,"GSE210616_GSM6433600"
"GSE210616_GSM6433600_AGCTCTTCGTAACCTT-1",0.0876377687395607,0.0962303470006599,0.0127032293344808,0.0326841516614205,0.0505096123844227,0.20236590617034,0.423482469140865,0.00091897144219764,0.0934675441260519,"GSE210616_GSM6433600"
"GSE210616_GSM6433600_AGGACAGTCGAATCCC-1",0.0673152575490319,0.117744582539164,0.0312828516051172,0.0602082925565467,0.114137531321171,0.18852311040554,0.312553623111574,0.00111889677736347,0.10711585413449,"GSE210616_GSM6433600"
"GSE210616_GSM6433600_AGGAGGCCTTCGCGCG-1",0.0861621904355136,0.0719116538391602,0.0142208369884453,0.0852812307657811,0.115927591067518,0.172411457511493,0.389179289408652,0.000889845086643435,0.064015904896793,"GSE210616_GSM6433600"
"GSE210616_GSM6433600_AGGATATAGGGATTTA-1",0.0966253362066771,0.0784128012694539,0.00905492915647232,0.0389386158522354,0.0664493066463287,0.201989326249553,0.408648757351693,0.000600846315014933,0.0992800809525717,"GSE210616_GSM6433600"
"GSE210616_GSM6433600_AGGCATTGTCGTAGGG-1",0.0822304344987272,0.0743632471952706,0.00950322520265312,0.0532831970475257,0.0796794546883986,0.191176295856824,0.395316557036891,0.000922997070812032,0.113524591402898,"GSE210616_GSM6433600"
"GSE210616_GSM6433600_AGGCCACATTGGTTAC-1",0.0826605260697887,0.0805850218598088,0.00805092690093577,0.0629510671003293,0.0806268896894905,0.16769617787288,0.448304241263606,0.000515368369983713,0.0686097808731775,"GSE210616_GSM6433600"
"GSE210616_GSM6433600_AGGCCCTAGAACGCCA-1",0.117037249592752,0.106761518035395,0.0251264494520604,0.072279050234701,0.0628755001881501,0.314433185329727,0.164043138622748,0.000153335731268896,0.137290572813198,"GSE210616_GSM6433600"
"GSE210616_GSM6433600_AGGCTTCCCGAAGAAG-1",0.0444838558651496,0.0329510122962945,0.00463209468979503,0.284368553985228,0.135638477190893,0.104577551993726,0.30649691887377,0.000396533139562003,0.0864550019655824,"GSE210616_GSM6433600"
"GSE210616_GSM6433600_AGGGACCGGCTGCGTT-1",0.0832641548860784,0.0798222670502586,0.0141497534433382,0.121901908651368,0.125131650299983,0.147083220324899,0.334016677181716,0.00286967277178964,0.0917606953905692,"GSE210616_GSM6433600"
"GSE210616_GSM6433600_AGGGTCGATGCGAACT-1",0.15008892487736,0.100432006855727,0.0171904369098276,0.0204300621078685,0.0348197581516922,0.192511798381805,0.427753211123925,0.000311837427735402,0.0564619641640591,"GSE210616_GSM6433600"
"GSE210616_GSM6433600_AGGTTACACCATGCCG-1",0.0736182772383123,0.126107681648837,0.0195529040103905,0.0440514585108852,0.0541695513353306,0.228547606567861,0.309295123653348,0.00273821115262638,0.141919185882409,"GSE210616_GSM6433600"
"GSE210616_GSM6433600_AGGTTTCACACACCTT-1",0.0994259956708323,0.0856923894056112,0.00567132287426708,0.0234895864395056,0.0484349426233895,0.174750542739213,0.480529255278586,0.000389693757132096,0.0816162712114641,"GSE210616_GSM6433600"
"GSE210616_GSM6433600_AGTACTCTTATGCCCA-1",0.0513226265840701,0.0657813005864869,0.00934946772066913,0.118661683174815,0.174421175890204,0.135444777876493,0.356657880688767,0.000215049074771647,0.0881460384037222,"GSE210616_GSM6433600"
"GSE210616_GSM6433600_AGTCAAGATGACACTT-1",0.10203399686594,0.086128005300053,0.0100945769600448,0.0434492255861941,0.11658618218518,0.184813990251232,0.364374526215224,0.000420979445324044,0.0920985171908081,"GSE210616_GSM6433600"
"GSE210616_GSM6433600_AGTCACTAGCTCTCGA-1",0.0675525516008025,0.0774002582681102,0.0115435401259257,0.091639051666363,0.116923294393241,0.155610637351513,0.367586110430638,0.000804498419819345,0.110940057743587,"GSE210616_GSM6433600"
"GSE210616_GSM6433600_AGTCCATTGGCTGATG-1",0.188085686442686,0.179290852250964,0.288012030109635,0.0176641827297114,0.0294024334435182,0.162142516048144,0.101814308345314,0.00120715653798888,0.0323808340920393,"GSE210616_GSM6433600"
"GSE210616_GSM6433600_AGTCGACGGTCTCAAG-1",0.0989057051368886,0.0756438129042853,0.034405415935474,0.153897281411952,0.105951662243597,0.116403776114154,0.33158795713288,0.0009862450239096,0.0822181440968588,"GSE210616_GSM6433600"
"GSE210616_GSM6433600_AGTCGGCTCAACTTTA-1",0.064847498892465,0.0429005115084328,0.0147983234369044,0.306809494544909,0.110979663268307,0.130047107854694,0.199125760823441,6.28106439819962e-05,0.130428829026865,"GSE210616_GSM6433600"
"GSE210616_GSM6433600_AGTCGGTTGCGTGAGA-1",0.035127427500422,0.234544022468292,0.0181898821205671,0.07432401051168,0.136686888868697,0.210378142409532,0.23121551869996,0.0031209158823064,0.0564131915385431,"GSE210616_GSM6433600"
"GSE210616_GSM6433600_AGTGAACAAACTTCTC-1",0.14790796630803,0.306057872336647,0.190006624914897,0.0149790965508128,0.0202030915429094,0.161885689301155,0.105162020739229,0.00219065275061828,0.0516069855557016,"GSE210616_GSM6433600"
"GSE210616_GSM6433600_AGTGATATGAGTAGTT-1",0.180596742935019,0.116116928815329,0.0353092092797672,0.141104691291927,0.129816920684892,0.151892825343664,0.181418817621607,0.00674089714527533,0.0570029668825198,"GSE210616_GSM6433600"
"GSE210616_GSM6433600_AGTGATTCAAGCAGGA-1",0.0929752743484833,0.0820614522354605,0.0157685129841709,0.123350259873627,0.0671116995442614,0.151667796958502,0.372738406264395,0.00172071152355433,0.092605886267545,"GSE210616_GSM6433600"
"GSE210616_GSM6433600_AGTGCACGCTTAAGAA-1",0.0557400388896538,0.0622211460572918,0.0101956219613986,0.130604496880463,0.105518958897003,0.142926792215043,0.409791056545424,0.00106465057917178,0.0819372379745507,"GSE210616_GSM6433600"
"GSE210616_GSM6433600_AGTGCGTAGCTCGTAA-1",0.0360006020758299,0.224388179672249,0.0709231972100258,0.0930250330558631,0.063786364192836,0.193915094027382,0.199867914381381,0.0414962700067815,0.0765973453776512,"GSE210616_GSM6433600"
"GSE210616_GSM6433600_AGTGCTTGCACGAATA-1",0.0910993809719428,0.0983591055937392,0.0174587588702587,0.0258115038498204,0.0510445715559723,0.257620188613844,0.313459887250238,0.000858522788855964,0.144288080505329,"GSE210616_GSM6433600"
"GSE210616_GSM6433600_AGTTCCTATTTATGTT-1",0.141096795731751,0.074516444429685,0.00957566535899943,0.0705181038602078,0.081225838591805,0.160767905167813,0.366806420647473,0.000492389892312358,0.0950004363199522,"GSE210616_GSM6433600"
"GSE210616_GSM6433600_AGTTTGGCACGGGTTG-1",0.100600845403328,0.0817638921505931,0.00664568883836018,0.0408607298619618,0.103934290434515,0.199454974449958,0.384224853203585,0.000477852845688086,0.0820368728120108,"GSE210616_GSM6433600"
"GSE210616_GSM6433600_AGTTTGGCCAGACCTA-1",0.117359541411251,0.0420825471285005,0.0200708251278336,0.24530451139316,0.136805198784233,0.107565647923477,0.167627117939055,0.00113969010200742,0.162044920190483,"GSE210616_GSM6433600"
"GSE210616_GSM6433600_ATAAACGGACCCGTAA-1",0.0948603420404151,0.0503539914157098,0.0106413875120191,0.135121705120741,0.10881040530374,0.1262702128393,0.393307591474198,0.00054292296271447,0.080091441331163,"GSE210616_GSM6433600"
"GSE210616_GSM6433600_ATAAGGTGGAGAACAT-1",0.0844366465423517,0.0790003516139317,0.0140960843915898,0.0595403141875091,0.0868661633947931,0.218591438907306,0.341827562298641,0.000796909621824751,0.114844529042053,"GSE210616_GSM6433600"
"GSE210616_GSM6433600_ATAAGTAGGGCGACTC-1",0.0953839499318483,0.0642131756443779,0.0139796490010986,0.0832102836844512,0.16605404471335,0.151208770676254,0.342500424108611,0.00126352190816446,0.0821861803318443,"GSE210616_GSM6433600"
"GSE210616_GSM6433600_ATAAGTTACCGCGACG-1",0.0993718145072283,0.084141594068799,0.0232490109796478,0.14573299412042,0.129542525788537,0.147193319679871,0.265216441713198,0.00312127931946029,0.102431019822838,"GSE210616_GSM6433600"
"GSE210616_GSM6433600_ATAATAGCTGTTGAAT-1",0.128147398067576,0.0645434508509721,0.0115838077754088,0.0832927570170333,0.0767359185559478,0.130580620574448,0.450743066610181,0.000422405651240799,0.053950574897193,"GSE210616_GSM6433600"
"GSE210616_GSM6433600_ATACGCCGGCGAAACC-1",0.0884470569931468,0.0787169181701024,0.0150565630605337,0.091201587050877,0.0799485467322824,0.207051671900732,0.318801735002007,0.000906726360981837,0.119869194729336,"GSE210616_GSM6433600"
"GSE210616_GSM6433600_ATACGTCCACTCCTGT-1",0.0659269436556051,0.23656382708719,0.0297555325557339,0.030334334480449,0.0601510382327401,0.228360364435628,0.262953794218309,0.00191060611823354,0.0840435592161111,"GSE210616_GSM6433600"
"GSE210616_GSM6433600_ATAGTTCCACCCACTC-1",0.0935622753809996,0.167319169836221,0.0185867295003739,0.0399203043788081,0.063770581200966,0.215567984103104,0.306860686829268,0.000238793015337275,0.0941734757549219,"GSE210616_GSM6433600"
"GSE210616_GSM6433600_ATATCAACCTACAGAG-1",0.0661859921646588,0.0856886280944731,0.0131387918261956,0.100794207544998,0.108382482698824,0.185035571133714,0.354619454711006,0.000414594756254696,0.0857402770698756,"GSE210616_GSM6433600"
"GSE210616_GSM6433600_ATATCGGTAGGGAGAT-1",0.14711385299466,0.186162715165909,0.097285397653154,0.036051600632919,0.0675058391940276,0.180762630408895,0.199344751743628,0.00105114736669024,0.0847220648401163,"GSE210616_GSM6433600"
"GSE210616_GSM6433600_ATATTCCACATAGTGA-1",0.0939093198126706,0.0791562892992158,0.0123475221383304,0.142367671421179,0.107628082909123,0.111113904220701,0.331037019057905,0.00150231934045114,0.120937871800423,"GSE210616_GSM6433600"
"GSE210616_GSM6433600_ATCAAACACTGTTCCA-1",0.151896965666581,0.105147646682062,0.0195281274155382,0.0083370128030421,0.0388713383290451,0.193763822988717,0.394031656279324,0.000866737339312154,0.0875566924963792,"GSE210616_GSM6433600"
"GSE210616_GSM6433600_ATCAAACGAAGGTTTG-1",0.0879372927007658,0.0513350207957687,0.012559323976169,0.208731112663587,0.152031908212865,0.129631117048198,0.195303872359075,0.000349432926289349,0.162120919317282,"GSE210616_GSM6433600"
"GSE210616_GSM6433600_ATCACGTGCTAATTAA-1",0.138990763866021,0.0605799961248149,0.0135178244368591,0.115424192350585,0.108919731575054,0.174901611402601,0.21533244351474,0.000267892608728965,0.172065544120595,"GSE210616_GSM6433600"
"GSE210616_GSM6433600_ATCAGCCTCATGCTGC-1",0.0722425386422271,0.0511767454246187,0.00804544373926453,0.210688403157317,0.144408031531217,0.119969861122951,0.28378575738783,0.000814574847677185,0.108868644146898,"GSE210616_GSM6433600"
"GSE210616_GSM6433600_ATCCAGAGCAACAACC-1",0.13301706307264,0.0774381066298988,0.0465406332903264,0.118383994971004,0.132876262996451,0.148740845912832,0.232674381124751,0.000693060197768902,0.109635651804328,"GSE210616_GSM6433600"
"GSE210616_GSM6433600_ATCCTGCGTGGAATGG-1",0.0305260053804295,0.330091829783959,0.0255841195643085,0.0632378802527981,0.0630586229397001,0.227010608927034,0.189975092293861,0.00134397196804933,0.0691718688898612,"GSE210616_GSM6433600"
"GSE210616_GSM6433600_ATCCTTCTGAAAGAAC-1",0.115834910693634,0.092234258213197,0.0152384166650919,0.0297795930660544,0.0358576866675042,0.174859013552144,0.477370192713365,0.000524540352859866,0.0583013880761494,"GSE210616_GSM6433600"
"GSE210616_GSM6433600_ATCGACCCAATACAGA-1",0.138598321226004,0.0946363929578173,0.0119784675423534,0.0473134758310523,0.0644332279881416,0.200331596523128,0.347902059802349,0.00170491796470305,0.0931015401644512,"GSE210616_GSM6433600"
"GSE210616_GSM6433600_ATCGCCAGTCAACATT-1",0.12424680161365,0.20073767387321,0.314484307904302,0.00958590460522729,0.017855787043176,0.168137353204413,0.122019976285537,0.00157177744718621,0.0413604180232982,"GSE210616_GSM6433600"
"GSE210616_GSM6433600_ATCTCGTGAGCGAAAC-1",0.0562129101217967,0.0640951323024722,0.010178203910909,0.120153040742507,0.121331598588802,0.160365099579638,0.388474668760788,0.00040491038599419,0.0787844356070924,"GSE210616_GSM6433600"
"GSE210616_GSM6433600_ATGACTATGCGACATT-1",0.125826204562765,0.0765161644742796,0.00992755282980981,0.106043956250145,0.086316693749973,0.131018064688191,0.37578529590812,0.000367431258218331,0.088198636278498,"GSE210616_GSM6433600"
"GSE210616_GSM6433600_ATGAGGGCAGCGGCTA-1",0.0758580499754421,0.080667301681565,0.00868875451127364,0.0738499484226583,0.133247922307873,0.150282945356045,0.390130791814569,0.000808868230541949,0.0864654177000316,"GSE210616_GSM6433600"
"GSE210616_GSM6433600_ATGCCATTTGCGACCA-1",0.0897096895636877,0.169465940934743,0.0466212608413105,0.014739101583961,0.0461917621183538,0.277542846776903,0.224768873214432,0.000471734386193107,0.130488790580415,"GSE210616_GSM6433600"
"GSE210616_GSM6433600_ATGCGAGTCCCACCAC-1",0.092289089473951,0.116934233632879,0.0177669476853167,0.0189364623099991,0.0556106676016043,0.215055479901278,0.398922575140878,0.000218175276398474,0.0842663689776961,"GSE210616_GSM6433600"
"GSE210616_GSM6433600_ATGGCGGAATAGTCGC-1",0.0966427749444128,0.0775722223835889,0.0124949800190717,0.111909907007668,0.109285373045006,0.150535540513502,0.371669594547352,0.000503641814388232,0.069385965725011,"GSE210616_GSM6433600"
"GSE210616_GSM6433600_ATGGGCCTCGGCCTCT-1",0.112354047003825,0.0826231625922185,0.0191372885082769,0.0799110587216195,0.086830829968312,0.181563815179151,0.311773351994372,0.00143427504506044,0.124372170987165,"GSE210616_GSM6433600"
"GSE210616_GSM6433600_ATGGTCGCGTGGTTTC-1",0.116839850485738,0.207474754868238,0.10270872808167,0.0657177785430126,0.0868448061229602,0.156801198331803,0.179509647295294,0.00471704933318694,0.0793861869380977,"GSE210616_GSM6433600"
"GSE210616_GSM6433600_ATGTGGACATCTTGAT-1",0.072288846786384,0.0755832629910268,0.00457181735701152,0.093093540094741,0.0981372862413188,0.158984583840213,0.417295247592434,0.000511961107649128,0.0795334539892217,"GSE210616_GSM6433600"
"GSE210616_GSM6433600_ATTAAACATGCGGACC-1",0.102248418046436,0.0608593982691046,0.0105375980067653,0.163024136372054,0.102083412763889,0.134310205434151,0.324280416780881,0.000608043044280781,0.102048371282439,"GSE210616_GSM6433600"
"GSE210616_GSM6433600_ATTACATGTCAGTCTT-1",0.0945165054331928,0.0586993269240045,0.0112655249414988,0.094272376413294,0.16028143861217,0.138732308625573,0.362419313534494,0.00024103583251192,0.0795721696832608,"GSE210616_GSM6433600"
"GSE210616_GSM6433600_ATTACCACACTGCCTG-1",0.0734134299040963,0.0557797928792587,0.00829437558648515,0.122709446288349,0.122890471055448,0.131767681620669,0.402471939073921,0.000388475708732377,0.0822843878830405,"GSE210616_GSM6433600"
"GSE210616_GSM6433600_ATTCATATACTGTCCA-1",0.118905801112358,0.0564971855759825,0.0218277669722461,0.0811239703282229,0.13584201902648,0.129536076556592,0.357104081579503,0.000612776355691719,0.0985503224929247,"GSE210616_GSM6433600"
"GSE210616_GSM6433600_ATTCGTGCTATCTCTT-1",0.127689124052279,0.100098621722468,0.0605211361960636,0.0326665554439961,0.127208717120311,0.189133867819499,0.268358765192885,0.00437688236726692,0.089946330085232,"GSE210616_GSM6433600"
"GSE210616_GSM6433600_ATTGCGATCAGTAACT-1",0.0752514400690208,0.07644599516683,0.010812785344929,0.102108611336699,0.126565817177407,0.145215768524584,0.38289600985107,0.000577399710453894,0.080126172819006,"GSE210616_GSM6433600"
"GSE210616_GSM6433600_ATTGGATTACAGCGTA-1",0.0814957823613251,0.0820088971311293,0.00623525255077507,0.0361720537837271,0.057935018095456,0.169789361224658,0.501561440453002,0.000411237446741436,0.0643909569531859,"GSE210616_GSM6433600"
