"","Endothelial","CAFs","PVL","B-cells","T-cells","Myeloid","Normal Epithelial","Plasmablasts","Cancer Epithelial","sid"
"Human_Breast_He_06222020_ST_BC23288_D2_23x20",0.047237546100473,0.0934816191978431,0.329417807955612,0.000186461089326996,4.43287440031269e-05,0.233735953721525,0.000312947219610177,0.291902461053467,0.00368087491814,"Human_Breast_He_06222020_ST_BC23288_D2"
"Human_Breast_He_06222020_ST_BC23288_D2_23x21",0.0140822123247109,0.070068308075644,0.324114419382047,0.000292154749682075,0.000142308152604103,0.265178062804696,6.66756181071541e-05,0.323622230222771,0.00243362866973842,"Human_Breast_He_06222020_ST_BC23288_D2"
"Human_Breast_He_06222020_ST_BC23288_D2_23x22",0.0363521779624064,0.0612601150223341,0.391134979061248,0.000185743768061685,5.47949852930322e-05,0.258265065828505,0.00047696998420349,0.243212242362304,0.00905791102564528,"Human_Breast_He_06222020_ST_BC23288_D2"
"Human_Breast_He_06222020_ST_BC23288_D2_23x23",0.00549303161774834,0.0519877820590827,0.322217976939516,1.43891920653706e-05,7.46169260509357e-06,0.288017305500136,6.64553339266119e-05,0.330655972346312,0.00153962531860771,"Human_Breast_He_06222020_ST_BC23288_D2"
"Human_Breast_He_06222020_ST_BC23288_D2_23x28",0.0129536693284107,0.0828343831846556,0.269617181322335,0.0031884132045456,0.00455921141884493,0.262096472312794,0.00128547303006751,0.337590431105995,0.025874765092351,"Human_Breast_He_06222020_ST_BC23288_D2"
"Human_Breast_He_06222020_ST_BC23288_D2_30x21",0.098255738810972,0.126600326600813,0.204838390695024,0.109415500096469,0.000841033099606204,0.312626131076075,0.0155883056006838,0.118373860797356,0.0134607132230025,"Human_Breast_He_06222020_ST_BC23288_D2"
"Human_Breast_He_06222020_ST_BC23288_D2_25x13",0.105633930494481,0.126743107249197,0.410259249873676,0.0013007906240956,0.000225988001179357,0.170666688255876,0.00452112258051031,0.177990012649287,0.00265911027169869,"Human_Breast_He_06222020_ST_BC23288_D2"
"Human_Breast_He_06222020_ST_BC23288_D2_20x20",0.0288713754056516,0.0539021817573644,0.346366509246774,0.00567020977820238,0.000798200753279603,0.340468135217038,0.000327405827494169,0.217009679124032,0.00658630289016473,"Human_Breast_He_06222020_ST_BC23288_D2"
"Human_Breast_He_06222020_ST_BC23288_D2_3x22",0.00896155298315965,0.117265904080103,0.485554622381919,1.7282917928435e-05,2.49015542944863e-05,0.248096325441937,0.00125194353478068,0.125869528963761,0.012957938142116,"Human_Breast_He_06222020_ST_BC23288_D2"
"Human_Breast_He_06222020_ST_BC23288_D2_20x22",0.0391934449991327,0.0929005964587446,0.348546051049807,0.0155990682481184,0.00192352870035371,0.257271115227709,0.00898145220676494,0.195311644148145,0.0402730989612248,"Human_Breast_He_06222020_ST_BC23288_D2"
"Human_Breast_He_06222020_ST_BC23288_D2_18x28",0.00856348433018344,0.0867297693066955,0.0784156268550063,0.004402675668428,0.000141302877218578,0.235873080427485,6.54775467818688e-05,0.585020812310306,0.000787770677895407,"Human_Breast_He_06222020_ST_BC23288_D2"
"Human_Breast_He_06222020_ST_BC23288_D2_18x29",0.0905684394424575,0.0946749268643382,0.304787296315232,0.000195303907813516,4.66009599295679e-05,0.297021055917859,0.000175106481344503,0.21077147218402,0.00175979792700612,"Human_Breast_He_06222020_ST_BC23288_D2"
"Human_Breast_He_06222020_ST_BC23288_D2_18x26",0.00360860386462528,0.0766488719445226,0.139595896430962,0.0520215488995464,0.000301244973638251,0.244776797711245,0.000134473112568941,0.480691508611628,0.00222105445126365,"Human_Breast_He_06222020_ST_BC23288_D2"
"Human_Breast_He_06222020_ST_BC23288_D2_18x27",0.0158218370340379,0.0623489705587032,0.194957042114817,2.74934578109147e-05,2.62799768673461e-06,0.191323362282831,3.43090875205942e-05,0.535425092447481,5.92650191124221e-05,"Human_Breast_He_06222020_ST_BC23288_D2"
"Human_Breast_He_06222020_ST_BC23288_D2_18x24",0.00394223345895154,0.0675330748840273,0.36674783377373,0.0197676757547703,0.000155271822346113,0.157298654040683,0.00019094669370203,0.383741866933548,0.000622442638241491,"Human_Breast_He_06222020_ST_BC23288_D2"
"Human_Breast_He_06222020_ST_BC23288_D2_18x25",0.00013233896913345,0.0460909690738089,0.144131238455514,0.000204948081190577,8.45833153441313e-06,0.323749589845525,7.01117290124192e-06,0.485650778706675,2.46673637177682e-05,"Human_Breast_He_06222020_ST_BC23288_D2"
"Human_Breast_He_06222020_ST_BC23288_D2_18x22",0.000854756983286023,0.114762138667929,0.284694095275677,0.00672440024000151,0.000113277645781038,0.301769798313773,0.000209113835249043,0.288131275853909,0.00274114318439474,"Human_Breast_He_06222020_ST_BC23288_D2"
"Human_Breast_He_06222020_ST_BC23288_D2_18x23",0.000568464743835715,0.0473458110837423,0.0439355855104881,9.25596828914808e-05,1.0094355237674e-06,0.326226895163635,5.66673765701516e-06,0.581740552764422,8.34548778047766e-05,"Human_Breast_He_06222020_ST_BC23288_D2"
"Human_Breast_He_06222020_ST_BC23288_D2_18x20",0.00570577477422482,0.0511411096482879,0.357718572027734,0.00188861154125384,0.000172136452363826,0.295848469965859,0.000413845236259931,0.283037333623899,0.00407414673011806,"Human_Breast_He_06222020_ST_BC23288_D2"
"Human_Breast_He_06222020_ST_BC23288_D2_18x21",0.0396509634202729,0.0644133331126894,0.289769627918505,0.000616746402998515,7.55090711290723e-05,0.258797404715796,0.000356437940969964,0.343471075565295,0.0028489018523442,"Human_Breast_He_06222020_ST_BC23288_D2"
"Human_Breast_He_06222020_ST_BC23288_D2_24x26",0.00570944351201929,0.133307938136296,0.0490863156647281,0.00083678222195808,0.000117935737796091,0.319604132624835,0.000117397918124572,0.488565908358553,0.00265414582569008,"Human_Breast_He_06222020_ST_BC23288_D2"
"Human_Breast_He_06222020_ST_BC23288_D2_25x15",0.0214370840140458,0.0935694155109224,0.293540661249622,0.00129332638237805,0.00231019451460522,0.269700442969705,0.00331541019592801,0.26937635945336,0.0454571057094332,"Human_Breast_He_06222020_ST_BC23288_D2"
"Human_Breast_He_06222020_ST_BC23288_D2_25x14",0.139861380085272,0.107270780847031,0.168191674847581,0.00074911917783916,3.75597096843893e-05,0.184276175010051,0.00311312661074816,0.392531247327032,0.00396893638476226,"Human_Breast_He_06222020_ST_BC23288_D2"
"Human_Breast_He_06222020_ST_BC23288_D2_11x23",0.00486747563681496,0.0941608540879214,0.325620012650824,0.00541904964537859,0.000156165395602419,0.347443050101398,0.000140230679593326,0.215713622337748,0.00647953946471927,"Human_Breast_He_06222020_ST_BC23288_D2"
"Human_Breast_He_06222020_ST_BC23288_D2_23x24",0.040718957776338,0.0601217859689266,0.342930543735127,1.99859194561562e-06,2.10095026932084e-07,0.257788939452192,7.02356472086626e-05,0.298221690740109,0.000145637993125376,"Human_Breast_He_06222020_ST_BC23288_D2"
"Human_Breast_He_06222020_ST_BC23288_D2_23x25",0.0662715849472562,0.0899673694381332,0.415419626137854,0.00184336848692276,0.00882282823033371,0.170605675414896,0.0137648959985326,0.210364932221364,0.0229397191247077,"Human_Breast_He_06222020_ST_BC23288_D2"
"Human_Breast_He_06222020_ST_BC23288_D2_23x26",0.0607619977606105,0.0778442273101899,0.255361466988232,0.00624048107369921,0.000253662522155325,0.265904873026166,0.000106634428452526,0.332389580067631,0.00113707682286451,"Human_Breast_He_06222020_ST_BC23288_D2"
"Human_Breast_He_06222020_ST_BC23288_D2_23x27",0.0206521692275549,0.0882091858517586,0.231871389000021,0.0228015950181047,0.000471417076182151,0.227283070391612,0.00234775914875594,0.392488168477355,0.0138752458086557,"Human_Breast_He_06222020_ST_BC23288_D2"
"Human_Breast_He_06222020_ST_BC23288_D2_11x14",0.00333293209154239,0.033781394537748,0.401736990626628,0.00800692087416418,0.00740346662874049,0.257048947196854,0.00310604239913247,0.274004101231983,0.0115792044132078,"Human_Breast_He_06222020_ST_BC23288_D2"
"Human_Breast_He_06222020_ST_BC23288_D2_8x21",0.0241308048899013,0.105149554557933,0.213346209293845,0.000889189412331796,7.01498846315267e-05,0.398922468607969,0.00124201808879413,0.246608764071554,0.00964084119303978,"Human_Breast_He_06222020_ST_BC23288_D2"
"Human_Breast_He_06222020_ST_BC23288_D2_11x12",0.0417513749093713,0.0801164605153461,0.284492501046312,9.62544851111779e-05,0.000849919009776987,0.339907538076466,0.000329803055470828,0.189646323932401,0.0628098249697449,"Human_Breast_He_06222020_ST_BC23288_D2"
"Human_Breast_He_06222020_ST_BC23288_D2_8x26",0.00461282766660805,0.184049101925967,0.334492705005424,1.23162348041545e-05,3.13745321961192e-06,0.357787452117583,1.91968856261181e-05,0.118477990578611,0.000545272132156252,"Human_Breast_He_06222020_ST_BC23288_D2"
"Human_Breast_He_06222020_ST_BC23288_D2_8x16",0.0102355061086976,0.0610562587470547,0.186973530368681,0.000107475898727163,2.58127147887327e-05,0.218511417569843,0.000117557205919897,0.521333827028567,0.00163861435772091,"Human_Breast_He_06222020_ST_BC23288_D2"
"Human_Breast_He_06222020_ST_BC23288_D2_8x24",0.00798800656131026,0.0926782878639223,0.272168191647738,0.00074301324377967,0.000391763800979483,0.229884164661933,0.000269973127032329,0.375340169878133,0.0205364292151714,"Human_Breast_He_06222020_ST_BC23288_D2"
"Human_Breast_He_06222020_ST_BC23288_D2_8x15",0.106778123770216,0.0462102629646914,0.474742923799373,7.91825687099739e-05,0.000101279359806498,0.267297624166443,0.00464433767428527,0.075196361862292,0.0249499038341824,"Human_Breast_He_06222020_ST_BC23288_D2"
"Human_Breast_He_06222020_ST_BC23288_D2_30x15",0.0303298677791439,0.0719578499990757,0.215035121982393,0.0113500770956426,0.000852089447665691,0.336724614983493,0.00297710961680615,0.313796971197318,0.016976297898462,"Human_Breast_He_06222020_ST_BC23288_D2"
"Human_Breast_He_06222020_ST_BC23288_D2_20x17",0.114885351462403,0.101417203675232,0.25936760375374,0.00457731365554439,0.000418085247854376,0.331775321606521,0.00233981449100123,0.172893980448946,0.0123253256587575,"Human_Breast_He_06222020_ST_BC23288_D2"
"Human_Breast_He_06222020_ST_BC23288_D2_22x17",0.0338962895076687,0.156020420041859,0.272987815348266,1.38235072359274e-05,5.52131924609528e-06,0.265011079881105,0.000134657719747864,0.271140420448618,0.000789972226253924,"Human_Breast_He_06222020_ST_BC23288_D2"
"Human_Breast_He_06222020_ST_BC23288_D2_14x11",0.027567178642388,0.0347094020524684,0.0912637228517951,0.00671568070952756,0.00111465705818909,0.318917876700939,0.00301630692825945,0.445894376658883,0.0708007983975507,"Human_Breast_He_06222020_ST_BC23288_D2"
"Human_Breast_He_06222020_ST_BC23288_D2_26x14",0.0156941961259809,0.0940427134243023,0.306228225873394,1.04893805555402e-05,2.16636705420008e-06,0.258666209360809,5.96045567237513e-05,0.324978899430102,0.0003174954810789,"Human_Breast_He_06222020_ST_BC23288_D2"
"Human_Breast_He_06222020_ST_BC23288_D2_23x19",0.0155845285850087,0.0767614211194457,0.38443379538428,0.000383040166341855,9.66754420451659e-05,0.227510746506762,0.00141065898590524,0.282887591683854,0.0109315421263575,"Human_Breast_He_06222020_ST_BC23288_D2"
"Human_Breast_He_06222020_ST_BC23288_D2_23x18",0.0415024854431395,0.123242898355131,0.361414645210988,0.000205676680033412,5.52140346004449e-05,0.244193058978468,0.00144148792552669,0.219098837384505,0.00884569598760655,"Human_Breast_He_06222020_ST_BC23288_D2"
"Human_Breast_He_06222020_ST_BC23288_D2_23x13",0.112774240430894,0.0938988851000372,0.455027103073053,0.000472463663729511,0.000509058066227999,0.184128792713218,0.00421995152949607,0.140857249716363,0.00811225570698052,"Human_Breast_He_06222020_ST_BC23288_D2"
"Human_Breast_He_06222020_ST_BC23288_D2_23x12",0.0277970960615061,0.0435922793998799,0.45005360426726,0.000436101473671689,6.89049001664254e-05,0.340960657585032,0.00464310882031664,0.11519051870288,0.0172577287892872,"Human_Breast_He_06222020_ST_BC23288_D2"
"Human_Breast_He_06222020_ST_BC23288_D2_23x15",0.0376248544230632,0.0620605492613692,0.315328523089735,7.14078993812845e-05,1.91633267826847e-05,0.212931114943707,0.000106839914724341,0.371303684671638,0.000553862469598846,"Human_Breast_He_06222020_ST_BC23288_D2"
"Human_Breast_He_06222020_ST_BC23288_D2_23x14",0.0511247486452029,0.064669449905045,0.411469607185921,6.22440287095859e-05,2.68529160230805e-05,0.352929117727473,0.000579519576353445,0.11404489701421,0.00509356300106176,"Human_Breast_He_06222020_ST_BC23288_D2"
"Human_Breast_He_06222020_ST_BC23288_D2_23x17",0.0722560467099579,0.111514016631662,0.385059333242549,0.000855906423098617,0.000207545916200796,0.243752543687316,0.000948984344758028,0.180000374030294,0.00540524901416396,"Human_Breast_He_06222020_ST_BC23288_D2"
"Human_Breast_He_06222020_ST_BC23288_D2_23x16",0.0652437598352132,0.0642464015593278,0.36851264733776,0.000490938255665666,0.000776003962514958,0.221386174857739,0.0015852010078935,0.27253670501794,0.00522216816594628,"Human_Breast_He_06222020_ST_BC23288_D2"
"Human_Breast_He_06222020_ST_BC23288_D2_8x22",0.0754088430499338,0.095362399293455,0.361766681532374,0.0102772012111761,0.000817663009888574,0.308760682153705,0.00194296016308056,0.141490925411003,0.00417264417538377,"Human_Breast_He_06222020_ST_BC23288_D2"
"Human_Breast_He_06222020_ST_BC23288_D2_8x23",0.00186526898589602,0.117543278255703,0.191565257551213,0.00108806824194387,1.56911619687647e-05,0.31337974688297,6.31765056049775e-06,0.374465909692369,7.04615773759399e-05,"Human_Breast_He_06222020_ST_BC23288_D2"
"Human_Breast_He_06222020_ST_BC23288_D2_8x20",0.00916295758347468,0.0927816123007767,0.157231625419147,0.00285560120024694,0.000179624588386187,0.393672099584503,6.41702274140823e-05,0.336670576732747,0.00738173236330439,"Human_Breast_He_06222020_ST_BC23288_D2"
"Human_Breast_He_06222020_ST_BC23288_D2_11x17",0.016785035055496,0.0278563826922115,0.375516768365771,0.00115693868322736,7.54863805373256e-05,0.413131953249935,0.000159090536104425,0.165140145543683,0.000178199493033644,"Human_Breast_He_06222020_ST_BC23288_D2"
"Human_Breast_He_06222020_ST_BC23288_D2_8x27",0.0250713287682982,0.136523598388824,0.490562316362632,0.00117768697702986,0.000342830791151913,0.179619873396619,0.0126849856239352,0.119079762972064,0.0349376167194453,"Human_Breast_He_06222020_ST_BC23288_D2"
"Human_Breast_He_06222020_ST_BC23288_D2_8x25",0.024139951243691,0.0803791113338754,0.459314254556168,0.000179210532473293,3.31312940351895e-05,0.293590863802769,0.00147854551560017,0.135780632611265,0.00510429911012251,"Human_Breast_He_06222020_ST_BC23288_D2"
"Human_Breast_He_06222020_ST_BC23288_D2_8x28",0.0395139197180539,0.0986036647907367,0.370418225894681,8.02053584829631e-05,8.83961449582676e-06,0.193936189148188,0.000410360743180511,0.293785592351541,0.00324300238063982,"Human_Breast_He_06222020_ST_BC23288_D2"
"Human_Breast_He_06222020_ST_BC23288_D2_8x29",0.0112890657004616,0.128342936690238,0.172737566469556,4.32334025925212e-05,3.50937111623889e-05,0.505237759504017,0.000273757574609167,0.180757325359977,0.00128326158738543,"Human_Breast_He_06222020_ST_BC23288_D2"
"Human_Breast_He_06222020_ST_BC23288_D2_11x18",0.0349910464819691,0.105695040124746,0.422596887342656,0.000793611731895737,3.13921643096541e-05,0.339774188770698,0.00583072460985079,0.0779272406879958,0.0123598680858788,"Human_Breast_He_06222020_ST_BC23288_D2"
"Human_Breast_He_06222020_ST_BC23288_D2_11x19",0.0913683115895053,0.0992370020254031,0.383696625679845,0.000103700374666467,1.42521328651515e-05,0.334627775748302,0.000248420362312851,0.0899700185652333,0.000733893521866321,"Human_Breast_He_06222020_ST_BC23288_D2"
"Human_Breast_He_06222020_ST_BC23288_D2_26x18",0.0709310500732979,0.119871263810249,0.278472558799123,0.000174454585198487,7.58043645479842e-05,0.194599929469267,0.00419879762636364,0.321582025272777,0.0100941159991763,"Human_Breast_He_06222020_ST_BC23288_D2"
"Human_Breast_He_06222020_ST_BC23288_D2_17x15",0.0338496600495717,0.0639914300708625,0.348360498397993,0.000178786573090708,0.000182428531127755,0.303682782947495,0.00083729706715723,0.245577330916865,0.00333978544583636,"Human_Breast_He_06222020_ST_BC23288_D2"
"Human_Breast_He_06222020_ST_BC23288_D2_17x11",0.117792566102914,0.0729632851435244,0.346408979008876,8.41243358957912e-05,0.000178530625017979,0.294216988772635,0.000616943419238281,0.154258207352219,0.0134803752396799,"Human_Breast_He_06222020_ST_BC23288_D2"
"Human_Breast_He_06222020_ST_BC23288_D2_17x16",0.013678623725654,0.090359749706368,0.388132096249972,0.000162722816926397,2.18794582922709e-05,0.243813890967549,6.29184722170007e-05,0.261694438875528,0.00207367972749247,"Human_Breast_He_06222020_ST_BC23288_D2"
"Human_Breast_He_06222020_ST_BC23288_D2_17x17",0.023112798654235,0.0809967283577362,0.289896969249615,0.00296742550004992,0.000483238443712856,0.31010769715782,0.00138134645063993,0.279993552765407,0.0110602434207834,"Human_Breast_He_06222020_ST_BC23288_D2"
"Human_Breast_He_06222020_ST_BC23288_D2_17x14",0.0073850280948782,0.0451492741441992,0.493703177027515,1.80398792928616e-06,3.05747714999655e-07,0.287551265786656,2.7971959028308e-05,0.165695174209237,0.000485999042842288,"Human_Breast_He_06222020_ST_BC23288_D2"
"Human_Breast_He_06222020_ST_BC23288_D2_26x19",0.04230047748154,0.0612801229157034,0.456127179803704,0.00232233767413286,0.000166704390688587,0.255477803910552,0.00164653952393788,0.178042591791343,0.0026362425083979,"Human_Breast_He_06222020_ST_BC23288_D2"
"Human_Breast_He_06222020_ST_BC23288_D2_26x16",0.0560001207542746,0.0920754965425571,0.386256115246492,0.0010474892385218,0.000194318715202384,0.268640852860798,0.00196959522132093,0.170661977740911,0.0231540336799226,"Human_Breast_He_06222020_ST_BC23288_D2"
"Human_Breast_He_06222020_ST_BC23288_D2_26x17",0.0521776522573132,0.0951591532826834,0.392422189497868,0.000417658215777328,6.78593860356582e-05,0.25648233011278,0.00304591133531794,0.192973488482628,0.00725375742959629,"Human_Breast_He_06222020_ST_BC23288_D2"
"Human_Breast_He_06222020_ST_BC23288_D2_17x18",0.0194222845254186,0.107137246584951,0.298895975587891,0.00148441826445714,0.000866358609029442,0.227442384762479,0.00129154247235411,0.332417998779239,0.0110417904141816,"Human_Breast_He_06222020_ST_BC23288_D2"
"Human_Breast_He_06222020_ST_BC23288_D2_17x19",0.0226016907641903,0.0899816884971313,0.20773634558407,0.0256610056085021,0.000352286189839245,0.190527522061442,0.000542758829268414,0.460271700255864,0.00232500220969327,"Human_Breast_He_06222020_ST_BC23288_D2"
"Human_Breast_He_06222020_ST_BC23288_D2_26x12",0.0727943309596024,0.0697125517210585,0.334826182399849,0.0205889481446971,0.0201257905832464,0.238972440946204,0.00591321908972889,0.188140478491391,0.0489260576642227,"Human_Breast_He_06222020_ST_BC23288_D2"
"Human_Breast_He_06222020_ST_BC23288_D2_26x13",0.0720316594641558,0.0947448076870061,0.173202717822891,0.00151994128357038,0.00120775979574335,0.261116498816561,0.0022705699426813,0.378732976500465,0.0151730686869253,"Human_Breast_He_06222020_ST_BC23288_D2"
"Human_Breast_He_06222020_ST_BC23288_D2_31x16",0.0885560239598469,0.101756280592138,0.319296473490837,0.000720239144292014,0.00036864216971844,0.31204501988326,0.00399498322050965,0.159929299484989,0.0133330380544087,"Human_Breast_He_06222020_ST_BC23288_D2"
"Human_Breast_He_06222020_ST_BC23288_D2_31x17",0.029162945539321,0.075485401727324,0.3240132495465,0.0098752998014343,0.00108400117664823,0.308457782046557,0.00205494973823608,0.220448549390372,0.0294178210336069,"Human_Breast_He_06222020_ST_BC23288_D2"
"Human_Breast_He_06222020_ST_BC23288_D2_26x15",0.0361495044270845,0.139260980133439,0.372428204063068,0.000454894820629207,5.81392431755411e-05,0.244613972198425,0.00134325889456381,0.198419769111153,0.00727127710846201,"Human_Breast_He_06222020_ST_BC23288_D2"
"Human_Breast_He_06222020_ST_BC23288_D2_31x18",0.0258387243538034,0.127385913238063,0.188649019711319,0.0054270983969925,0.000348511219330701,0.448118462091462,0.000647025817079818,0.188024201659662,0.0155610435122878,"Human_Breast_He_06222020_ST_BC23288_D2"
"Human_Breast_He_06222020_ST_BC23288_D2_31x19",0.0363019930125795,0.0582567082740883,0.281476143084977,0.00431906603871415,0.0059505214721375,0.431862825610316,0.00354394215787757,0.166890658453522,0.0113981418957873,"Human_Breast_He_06222020_ST_BC23288_D2"
"Human_Breast_He_06222020_ST_BC23288_D2_10x26",0.00551749244721201,0.133836775172753,0.0268545531960258,0.00206971971545232,0.000571450729351162,0.415750454383834,0.00025431358021391,0.39231826654756,0.0228269742275979,"Human_Breast_He_06222020_ST_BC23288_D2"
"Human_Breast_He_06222020_ST_BC23288_D2_10x27",0.012472119297806,0.1261647756085,0.370830925953525,0.00235460160386073,0.000127866324956254,0.322467095824226,2.18097082224418e-05,0.165504839241985,5.59664369191654e-05,"Human_Breast_He_06222020_ST_BC23288_D2"
"Human_Breast_He_06222020_ST_BC23288_D2_10x24",0.00153712766007858,0.0912038279979935,0.16812442847272,0.000628529338320023,3.18247863556247e-05,0.29683064492054,4.16843853245776e-05,0.441080196332542,0.000521736106125576,"Human_Breast_He_06222020_ST_BC23288_D2"
"Human_Breast_He_06222020_ST_BC23288_D2_10x25",0.0182918347532729,0.101309476830099,0.206333763080721,0.000138941058945577,4.50163807417902e-06,0.315589315730009,6.89505861029808e-05,0.357982316840933,0.000280899481842506,"Human_Breast_He_06222020_ST_BC23288_D2"
"Human_Breast_He_06222020_ST_BC23288_D2_10x22",0.0118301244041165,0.0433864161428591,0.411429694312934,0.00257555445296146,0.000548179794123726,0.331880568240766,0.0012235091100899,0.185398830303048,0.0117271232391017,"Human_Breast_He_06222020_ST_BC23288_D2"
"Human_Breast_He_06222020_ST_BC23288_D2_10x23",0.0478250684196686,0.171045600720116,0.225777544001164,9.27391634354152e-05,1.03035874658432e-05,0.181142993544863,0.000130031554725438,0.373576142637588,0.000399576370974367,"Human_Breast_He_06222020_ST_BC23288_D2"
"Human_Breast_He_06222020_ST_BC23288_D2_10x20",0.0165840335318785,0.085620198416666,0.462838490936513,0.000102143936996262,0.000107884861904085,0.336799509977964,0.00067819480473174,0.0933927865060156,0.00387675702733165,"Human_Breast_He_06222020_ST_BC23288_D2"
"Human_Breast_He_06222020_ST_BC23288_D2_10x21",0.0174140917084432,0.0587892213690229,0.414960663329088,0.0335001220777044,0.00497387667112576,0.319821125943662,0.00336506410462262,0.118541053435671,0.0286347813606593,"Human_Breast_He_06222020_ST_BC23288_D2"
"Human_Breast_He_06222020_ST_BC23288_D2_10x28",0.000557059570793112,0.121080116963466,0.15011811765283,0.00231196903837134,9.97180676752028e-05,0.365646679814965,1.88031530565133e-05,0.359970816996707,0.000196718742135827,"Human_Breast_He_06222020_ST_BC23288_D2"
"Human_Breast_He_06222020_ST_BC23288_D2_10x29",0.000665422917235007,0.134588637749405,0.15420093217153,0.00170323384517655,0.000155786403494171,0.338730376684614,0.000148386744308396,0.368960883994404,0.0008463394898322,"Human_Breast_He_06222020_ST_BC23288_D2"
"Human_Breast_He_06222020_ST_BC23288_D2_7x16",0.0859954533425553,0.144739813922221,0.194391115575581,0.0594643342018164,0.0173182625331919,0.215544648780904,0.0428359597157282,0.0977779600700732,0.141932451857928,"Human_Breast_He_06222020_ST_BC23288_D2"
"Human_Breast_He_06222020_ST_BC23288_D2_7x17",0.0249949398054912,0.146688968899647,0.0842763430309917,0.00523886645583664,0.000319065877796516,0.349003532839642,0.00269110051120789,0.370015528880027,0.01677165369936,"Human_Breast_He_06222020_ST_BC23288_D2"
"Human_Breast_He_06222020_ST_BC23288_D2_7x15",0.0262604809711361,0.0578441692053965,0.265207334610835,0.133655148866791,0.0258023769188061,0.157923498962959,0.00299793826512564,0.266758866636016,0.0635501855629348,"Human_Breast_He_06222020_ST_BC23288_D2"
"Human_Breast_He_06222020_ST_BC23288_D2_12x13",0.00379978910052506,0.142453821260241,0.26865861677626,0.000480549864897927,0.00043418861288567,0.402903893327158,3.77285228283243e-05,0.177513235197809,0.00371817733739527,"Human_Breast_He_06222020_ST_BC23288_D2"
"Human_Breast_He_06222020_ST_BC23288_D2_7x18",0.0115659603864143,0.104410995411728,0.354355847492859,0.00394292372916395,0.00188423806955698,0.311440865409425,0.0015262473693668,0.171695492154148,0.0391774299773389,"Human_Breast_He_06222020_ST_BC23288_D2"
"Human_Breast_He_06222020_ST_BC23288_D2_7x19",0.00483232397712271,0.100890445503581,0.225721054766165,0.00110300401989749,6.47857445423517e-05,0.506037351702135,0.000451806901048838,0.151952647763589,0.00894657962191901,"Human_Breast_He_06222020_ST_BC23288_D2"
"Human_Breast_He_06222020_ST_BC23288_D2_13x23",0.00415719980245204,0.0441177773694613,0.389965193682554,0.0179532699607953,0.00154789669365568,0.28215200365137,0.00136151438560539,0.24894839269538,0.00979675175872652,"Human_Breast_He_06222020_ST_BC23288_D2"
"Human_Breast_He_06222020_ST_BC23288_D2_21x17",0.0169756316557225,0.0869557246596975,0.40936261104806,0.000396498838787006,4.94504339183934e-05,0.262352025317174,0.000355240494061907,0.22163810348461,0.00191471406796882,"Human_Breast_He_06222020_ST_BC23288_D2"
"Human_Breast_He_06222020_ST_BC23288_D2_21x16",0.0193591465389524,0.05076322822729,0.498235078790691,0.000269106319356913,3.45280936707771e-05,0.321164524970173,0.000593121395760208,0.109152193132637,0.000429072531469731,"Human_Breast_He_06222020_ST_BC23288_D2"
"Human_Breast_He_06222020_ST_BC23288_D2_21x15",0.0559402339256314,0.108779972753288,0.215751070668907,0.000443327097679462,0.000231044907689705,0.250701157156036,0.0045677711865246,0.331709366873495,0.0318760554307489,"Human_Breast_He_06222020_ST_BC23288_D2"
"Human_Breast_He_06222020_ST_BC23288_D2_21x14",0.0151291694537962,0.126913059844137,0.301025758533283,0.000173062489602107,0.000118485945047317,0.285310141754432,0.000261906922066701,0.263381423813037,0.00768699124459834,"Human_Breast_He_06222020_ST_BC23288_D2"
"Human_Breast_He_06222020_ST_BC23288_D2_21x13",0.0251813386643672,0.144520830140823,0.24762021304577,0.000176117215038333,8.06633342666586e-05,0.368824903725975,0.000559486715845865,0.200789649252861,0.0122467979050527,"Human_Breast_He_06222020_ST_BC23288_D2"
"Human_Breast_He_06222020_ST_BC23288_D2_21x12",0.0419182575397754,0.102337483355935,0.213363279116336,0.000229098181281043,0.000442861180639814,0.329975622274899,0.00179364270645793,0.303444242606514,0.00649551303816158,"Human_Breast_He_06222020_ST_BC23288_D2"
"Human_Breast_He_06222020_ST_BC23288_D2_21x11",0.0368215021996624,0.106944648971992,0.339181078359675,0.00327744198919143,0.000148750140697423,0.327789522313929,0.00257136524167334,0.172890186525805,0.0103755042573748,"Human_Breast_He_06222020_ST_BC23288_D2"
"Human_Breast_He_06222020_ST_BC23288_D2_21x19",0.018721420376546,0.110922160044949,0.355915607849319,0.000237974086849285,2.5859237149259e-05,0.193497365568361,0.000373739732307911,0.319478662618013,0.000827210486505511,"Human_Breast_He_06222020_ST_BC23288_D2"
"Human_Breast_He_06222020_ST_BC23288_D2_21x18",0.063501800890356,0.0693030898422608,0.422681132351943,2.95878462570461e-05,1.06094595197287e-05,0.21109535732696,0.00166613547716511,0.229656565814074,0.00205572099146363,"Human_Breast_He_06222020_ST_BC23288_D2"
"Human_Breast_He_06222020_ST_BC23288_D2_9x25",0.00164301474541174,0.114451863812247,0.321135138137694,0.000764655211244804,2.06710547880259e-05,0.296729884039592,5.96445386784023e-05,0.264656411957673,0.000538716502671114,"Human_Breast_He_06222020_ST_BC23288_D2"
"Human_Breast_He_06222020_ST_BC23288_D2_9x24",0.00528737707813216,0.100487099266062,0.104882323642575,0.00231414211896118,0.000107457167527262,0.337014092695045,0.000120416731082498,0.447792713108383,0.00199437819223286,"Human_Breast_He_06222020_ST_BC23288_D2"
"Human_Breast_He_06222020_ST_BC23288_D2_13x29",0.00140271468811229,0.0469689821984,0.24945188766346,6.22073246021052e-05,6.78809901879707e-06,0.266898520897775,1.32496505679745e-05,0.435106320273443,8.93292046203725e-05,"Human_Breast_He_06222020_ST_BC23288_D2"
"Human_Breast_He_06222020_ST_BC23288_D2_13x28",0.0032257885058146,0.0809473728461964,0.187452572804857,0.0148154816136043,0.000745511001675116,0.222207775129859,0.000612344683818232,0.482432867571341,0.00756028584283428,"Human_Breast_He_06222020_ST_BC23288_D2"
"Human_Breast_He_06222020_ST_BC23288_D2_9x21",0.0331426161732716,0.0812007169237047,0.435191657773123,6.28897895500103e-05,9.70399023387672e-05,0.310857997909729,0.00157674964890141,0.130447019607384,0.00742331227199798,"Human_Breast_He_06222020_ST_BC23288_D2"
"Human_Breast_He_06222020_ST_BC23288_D2_12x29",0.000244294481067369,0.122562459055474,0.0508243820130419,1.99138245123657e-05,2.13124553047941e-07,0.39738919998579,2.13135359839567e-06,0.428931905863154,2.55002988091834e-05,"Human_Breast_He_06222020_ST_BC23288_D2"
"Human_Breast_He_06222020_ST_BC23288_D2_9x23",0.0121027931550581,0.107001863118917,0.257098378720019,0.00628751899051397,0.00203669126774179,0.208234361472242,0.000115945011482166,0.398254806841789,0.00886764142223697,"Human_Breast_He_06222020_ST_BC23288_D2"
"Human_Breast_He_06222020_ST_BC23288_D2_9x22",0.0195095079045803,0.114057881380121,0.421411788440383,0.000233302877982169,6.75476980474071e-05,0.298847585615273,0.000578710858639536,0.141152011708426,0.00414166351654785,"Human_Breast_He_06222020_ST_BC23288_D2"
"Human_Breast_He_06222020_ST_BC23288_D2_12x24",0.0126465073137843,0.0708487845091256,0.179077588636422,0.00293007041795267,7.90773185211219e-05,0.374705530837092,0.000230281238039836,0.358646122483037,0.000836037246025729,"Human_Breast_He_06222020_ST_BC23288_D2"
"Human_Breast_He_06222020_ST_BC23288_D2_12x25",0.000947490174261973,0.0827119172296149,0.152667272677561,0.00754647980583107,3.97827956130239e-05,0.148847816502833,2.78507820990742e-05,0.607137366606957,7.40234252293636e-05,"Human_Breast_He_06222020_ST_BC23288_D2"
"Human_Breast_He_06222020_ST_BC23288_D2_12x26",9.93961660424151e-05,0.108319372178227,0.119240373933016,0.000388574962081449,7.77802061693848e-06,0.303858346200136,2.21875042728699e-05,0.467855340576247,0.000208630459359316,"Human_Breast_He_06222020_ST_BC23288_D2"
"Human_Breast_He_06222020_ST_BC23288_D2_12x27",0.000465650735402174,0.0975410296368636,0.096757164786492,6.50594881940489e-06,5.82104770893139e-08,0.308438336094611,1.6309458754795e-06,0.496779052024884,1.05716165751203e-05,"Human_Breast_He_06222020_ST_BC23288_D2"
"Human_Breast_He_06222020_ST_BC23288_D2_13x27",0.000515541601550375,0.114985894433293,0.0860233954301345,0.0013695454325085,3.92002698300674e-05,0.317816461079743,3.3418561937045e-05,0.478451508581469,0.000765034609534774,"Human_Breast_He_06222020_ST_BC23288_D2"
"Human_Breast_He_06222020_ST_BC23288_D2_9x28",0.0165839872031222,0.146286826354797,0.151857418098249,0.0175362610021749,0.000382086835329658,0.269701672150168,0.00125802952910094,0.391390802305068,0.00500291652199029,"Human_Breast_He_06222020_ST_BC23288_D2"
"Human_Breast_He_06222020_ST_BC23288_D2_12x22",0.0879046578531504,0.108682388743699,0.335295407778184,2.34335194557674e-05,2.97318964335395e-06,0.25255780021254,0.00142957240913309,0.211562652903567,0.00254111339062746,"Human_Breast_He_06222020_ST_BC23288_D2"
"Human_Breast_He_06222020_ST_BC23288_D2_12x23",0.0229855718149687,0.0657667522884732,0.39653897353638,1.94695949826394e-05,5.87880706004971e-07,0.333335486005031,2.68048223539189e-05,0.181042920365208,0.000283433691896611,"Human_Breast_He_06222020_ST_BC23288_D2"
"Human_Breast_He_06222020_ST_BC23288_D2_13x21",0.0225379453995579,0.0762271832435122,0.367877477872632,0.000732530679499597,0.000157811519911834,0.345883746489128,0.000684729872957388,0.1798670088025,0.00603156612030065,"Human_Breast_He_06222020_ST_BC23288_D2"
"Human_Breast_He_06222020_ST_BC23288_D2_14x25",7.2470464137732e-06,0.117151190707077,0.00938456984406027,1.1424045640667e-06,2.15910575428683e-08,0.279888568100485,9.09162191776099e-08,0.593565774631474,1.39475864901423e-06,"Human_Breast_He_06222020_ST_BC23288_D2"
"Human_Breast_He_06222020_ST_BC23288_D2_3x24",0.119043181547641,0.135405359380479,0.191706676229485,0.00246610200025697,0.000661557713976069,0.345870279967401,0.0198079731865807,0.138926224381754,0.0461126455924265,"Human_Breast_He_06222020_ST_BC23288_D2"
"Human_Breast_He_06222020_ST_BC23288_D2_11x29",9.8564628944616e-05,0.112930547424725,0.0855408779676262,0.000148671154028704,2.65704487764585e-06,0.307747784666669,4.94808280661878e-06,0.493497572730447,2.83762998749126e-05,"Human_Breast_He_06222020_ST_BC23288_D2"
"Human_Breast_He_06222020_ST_BC23288_D2_11x28",0.0017167973519288,0.0771478377072492,0.167601364025924,0.000357187175398572,1.65462289242245e-05,0.321489081525142,1.46834069524598e-05,0.431593792053944,6.27105245361638e-05,"Human_Breast_He_06222020_ST_BC23288_D2"
"Human_Breast_He_06222020_ST_BC23288_D2_3x21",0.0381003980218772,0.131152095660205,0.500456471420046,0.000228418510143736,1.94278275153343e-05,0.232279544173171,0.000227843935481356,0.0963875602193495,0.00114824023221058,"Human_Breast_He_06222020_ST_BC23288_D2"
"Human_Breast_He_06222020_ST_BC23288_D2_11x24",0.00105922258004048,0.110295797637856,0.140015916175969,0.000330100962414074,5.12078182842362e-06,0.291471123945545,3.59514875146412e-05,0.456473333647839,0.000313432780992774,"Human_Breast_He_06222020_ST_BC23288_D2"
"Human_Breast_He_06222020_ST_BC23288_D2_11x27",0.000302067439552775,0.104056811925304,0.208796171451381,0.000139379973470315,1.66879447810111e-06,0.2813373558324,2.85418811560279e-06,0.405334612578162,2.90778171360212e-05,"Human_Breast_He_06222020_ST_BC23288_D2"
"Human_Breast_He_06222020_ST_BC23288_D2_11x26",0.000343761810077985,0.058264531844058,0.114372207317228,0.000873606459273196,5.13629009716703e-06,0.196867223612426,3.76361590731405e-05,0.629191845771154,4.40507366119759e-05,"Human_Breast_He_06222020_ST_BC23288_D2"
"Human_Breast_He_06222020_ST_BC23288_D2_11x21",0.0760040971335925,0.0799843915752785,0.378844473721748,0.00014757803086471,0.000120881583667306,0.225366323007363,0.00333887477880494,0.231798302328083,0.00439507784059781,"Human_Breast_He_06222020_ST_BC23288_D2"
"Human_Breast_He_06222020_ST_BC23288_D2_11x20",0.0699732839374811,0.0746282392617266,0.379153029728082,3.74923669107201e-05,9.3679986055348e-05,0.296525287266414,0.000989799532879314,0.175985179371871,0.00261400854857964,"Human_Breast_He_06222020_ST_BC23288_D2"
"Human_Breast_He_06222020_ST_BC23288_D2_11x22",0.00617634837217934,0.0609715140744364,0.442009979922436,0.00122598309261933,0.00025669010986546,0.173248848586634,0.00165090239119732,0.272185496426294,0.0422742370243384,"Human_Breast_He_06222020_ST_BC23288_D2"
"Human_Breast_He_06222020_ST_BC23288_D2_18x19",0.0112727360538784,0.0733460619786689,0.272587209624537,0.00221784747391705,3.21298469335079e-05,0.243669951102414,3.85624586656912e-05,0.395776945444434,0.00105855601655156,"Human_Breast_He_06222020_ST_BC23288_D2"
"Human_Breast_He_06222020_ST_BC23288_D2_18x16",0.00839150779894362,0.0757727249632468,0.212417412387989,0.0040576290186258,0.000649068619363767,0.196780097228949,0.000260622517936548,0.486893748628921,0.0147771888360246,"Human_Breast_He_06222020_ST_BC23288_D2"
"Human_Breast_He_06222020_ST_BC23288_D2_18x14",0.0640271591939202,0.103400219468826,0.310989890773091,0.00524270269754106,0.0020545335703958,0.292962542515235,0.00430321802558893,0.191182241238049,0.025837492517353,"Human_Breast_He_06222020_ST_BC23288_D2"
"Human_Breast_He_06222020_ST_BC23288_D2_25x27",0.0301447750540199,0.0837147483365997,0.171637491577935,0.219429867160728,0.0173265074718282,0.175500317465759,0.000564997336273083,0.29347204537629,0.00820925022056696,"Human_Breast_He_06222020_ST_BC23288_D2"
"Human_Breast_He_06222020_ST_BC23288_D2_25x24",0.089206996588294,0.137099515119011,0.341097935874767,8.74724993086577e-06,3.51590222352825e-05,0.161177209171279,0.000803405013292882,0.268598271105599,0.00197276085559137,"Human_Breast_He_06222020_ST_BC23288_D2"
"Human_Breast_He_06222020_ST_BC23288_D2_17x25",5.54855228588275e-05,0.0779749460938829,0.0621742916301132,2.59987259593578e-05,2.08191933853449e-07,0.180678582055449,2.60536135235808e-06,0.679043528975411,4.43534430392974e-05,"Human_Breast_He_06222020_ST_BC23288_D2"
"Human_Breast_He_06222020_ST_BC23288_D2_25x25",0.0133431784478395,0.0793702091658549,0.201485559855352,0.0149129951762047,0.00118835851152394,0.301235293506849,0.00204569227745137,0.374136042731286,0.0122826703276391,"Human_Breast_He_06222020_ST_BC23288_D2"
"Human_Breast_He_06222020_ST_BC23288_D2_17x24",1.26584742745816e-05,0.0590157752529981,0.0472170859743221,0.00233045752875589,3.25384409473043e-05,0.142513797325313,1.41998341045345e-05,0.748775229522712,8.82576465725661e-05,"Human_Breast_He_06222020_ST_BC23288_D2"
"Human_Breast_He_06222020_ST_BC23288_D2_2x24",0.0224781411626238,0.0691211519641882,0.656972035387915,0.00091505622324658,0.000150004113366433,0.240984452315905,0.0016435925127895,0.00160175683662437,0.00613380948334137,"Human_Breast_He_06222020_ST_BC23288_D2"
"Human_Breast_He_06222020_ST_BC23288_D2_2x25",0.0436014905164265,0.143511565002324,0.418360940992453,0.000662913630205615,0.000546461568376799,0.187685471940992,0.00241599366929667,0.16146958474523,0.0417455779346949,"Human_Breast_He_06222020_ST_BC23288_D2"
"Human_Breast_He_06222020_ST_BC23288_D2_2x22",0.0130229299980058,0.064411373190845,0.551054243655628,0.00130492879407557,0.000142768081178796,0.249059836673682,0.00138344112460927,0.114977097000192,0.0046433814817836,"Human_Breast_He_06222020_ST_BC23288_D2"
"Human_Breast_He_06222020_ST_BC23288_D2_2x23",0.123348646279813,0.10312961521108,0.397669660408445,0.000208086060585119,0.000260252631471894,0.269660069626726,0.00239871500139336,0.0832589830269369,0.0200659717535485,"Human_Breast_He_06222020_ST_BC23288_D2"
"Human_Breast_He_06222020_ST_BC23288_D2_20x24",0.00343066614406595,0.0832793682930969,0.407636495385072,0.000262612996463505,6.32287080814632e-05,0.264626875717687,0.000226552371427342,0.237392934121744,0.00308126626236084,"Human_Breast_He_06222020_ST_BC23288_D2"
"Human_Breast_He_06222020_ST_BC23288_D2_17x23",7.97783088641201e-05,0.102969784396386,0.11082537918518,4.71003616521282e-05,9.85321543478945e-07,0.19175325431862,9.68024878379958e-07,0.594320594731946,2.15535092964985e-06,"Human_Breast_He_06222020_ST_BC23288_D2"
"Human_Breast_He_06222020_ST_BC23288_D2_11x16",0.00234360515928905,0.0866444952869159,0.356293949043689,0.000873933514599316,0.00022883384103409,0.413119934131367,0.000393741956697099,0.13807208587522,0.00202942119118794,"Human_Breast_He_06222020_ST_BC23288_D2"
"Human_Breast_He_06222020_ST_BC23288_D2_14x28",0.00214641620992605,0.0809650863647195,0.108957234972273,0.000527028707290278,2.94354776963642e-05,0.334250207926047,0.000170053278490333,0.471681274350942,0.00127326271261517,"Human_Breast_He_06222020_ST_BC23288_D2"
"Human_Breast_He_06222020_ST_BC23288_D2_14x29",0.0106210625879081,0.114186809068543,0.131583166578034,0.000937672966485934,8.83462384394917e-05,0.257098982181207,0.000131503040883944,0.484727371725658,0.000625085612840747,"Human_Breast_He_06222020_ST_BC23288_D2"
"Human_Breast_He_06222020_ST_BC23288_D2_16x30",0.00336003234652295,0.0882844781952114,0.156922365628813,0.00037643475755314,1.45533272045882e-05,0.36712351342613,9.63993863995232e-06,0.383820031059108,8.89513208173058e-05,"Human_Breast_He_06222020_ST_BC23288_D2"
"Human_Breast_He_06222020_ST_BC23288_D2_7x30",0.000558992789218458,0.132077651860576,0.11610514851507,0.000159554792855918,9.414067304681e-07,0.256950514997308,8.50753982320178e-06,0.494087650858006,5.10372404117336e-05,"Human_Breast_He_06222020_ST_BC23288_D2"
"Human_Breast_He_06222020_ST_BC23288_D2_8x17",0.00364276657510555,0.125636779285177,0.43448173269974,3.97387069616655e-05,8.78825849613741e-07,0.313197398686846,9.73778897523344e-05,0.122497245148854,0.00040608218171353,"Human_Breast_He_06222020_ST_BC23288_D2"
"Human_Breast_He_06222020_ST_BC23288_D2_14x16",0.0205589621302877,0.071835040849762,0.262634813175356,0.0193482274943219,0.00144767819822668,0.429912204844857,0.0022245156971139,0.168945069841701,0.0230934877683737,"Human_Breast_He_06222020_ST_BC23288_D2"
"Human_Breast_He_06222020_ST_BC23288_D2_17x21",0.0283122753313929,0.0972654135486055,0.319756695028352,0.00365517711249836,0.00012109983533414,0.1876909156047,0.000918332936384252,0.360724740075039,0.00155535052769362,"Human_Breast_He_06222020_ST_BC23288_D2"
