"","Endothelial","CAFs","PVL","B-cells","T-cells","Myeloid","Normal Epithelial","Plasmablasts","Cancer Epithelial","sid"
"GSE210616_GSM6433596_AAACATTTCCCGGATT-1",0.0932944427314944,0.0337729877552511,0.0515141639121091,0.173049213601193,0.185277320544313,0.0618906567282038,0.0898286644197846,0.0523088655714801,0.259063684736171,"GSE210616_GSM6433596"
"GSE210616_GSM6433596_AAACCGTTCGTCCAGG-1",0.087502285785705,0.0624394204258549,0.0462982768027284,0.123523727748637,0.141638983961817,0.0661750216921984,0.130971404617271,0.0573981523741199,0.284052726591667,"GSE210616_GSM6433596"
"GSE210616_GSM6433596_AAACGAGACGGTTGAT-1",0.0526249008126469,0.0358106136429433,0.0390324381427528,0.197921107571904,0.183866910924851,0.0647027967944425,0.0950475865228672,0.0441547765077155,0.286838869079876,"GSE210616_GSM6433596"
"GSE210616_GSM6433596_AAACTGCTGGCTCCAA-1",0.0789411488319773,0.168674261606523,0.0461095835589334,0.075245237040654,0.0915148012828747,0.058001473782394,0.0687524416832617,0.136085623920931,0.27667542829245,"GSE210616_GSM6433596"
"GSE210616_GSM6433596_AAAGGCTACGGACCAT-1",0.0716410503968918,0.0706572678238739,0.0322459519739814,0.0779623279163806,0.167189723058773,0.0840459017389074,0.128562856934446,0.0934778109774157,0.27421710917933,"GSE210616_GSM6433596"
"GSE210616_GSM6433596_AAAGGCTCTCGCGCCG-1",0.0572935781131118,0.0489413992396591,0.0337593909529763,0.218727846972834,0.172345480226304,0.0442481270691638,0.134814732616405,0.0492695091914979,0.240599935618048,"GSE210616_GSM6433596"
"GSE210616_GSM6433596_AAAGGGATGTAGCAAG-1",0.099074984183207,0.112090086611788,0.0556404074077262,0.0426093210024293,0.123020996743218,0.102641518099832,0.146007912275139,0.0396224010392636,0.279292372637397,"GSE210616_GSM6433596"
"GSE210616_GSM6433596_AAATACCTATAAGCAT-1",0.0793156505764642,0.0834096320961085,0.0435283544665074,0.199076939598891,0.14136346389572,0.0746035789519917,0.0972106704822037,0.0789774327173366,0.202514277214777,"GSE210616_GSM6433596"
"GSE210616_GSM6433596_AAATAGCTTAGACTTT-1",0.0717182865025373,0.127164645313367,0.0523106705946201,0.0659550379854998,0.168474615958477,0.154458731665867,0.0835902404055496,0.0697568396111971,0.206570931962885,"GSE210616_GSM6433596"
"GSE210616_GSM6433596_AAATCGTGTACCACAA-1",0.093561237973001,0.359610217624754,0.048514600828288,0.0682398533197452,0.0611913856799531,0.134082931351134,0.0443797751949954,0.0867883380299448,0.103631659998185,"GSE210616_GSM6433596"
"GSE210616_GSM6433596_AAATGGTCAATGTGCC-1",0.107252453472788,0.0373971734377597,0.0238388418240881,0.164568270501721,0.214818680821178,0.0489937331591168,0.105719741408866,0.079009153024926,0.218401952349557,"GSE210616_GSM6433596"
"GSE210616_GSM6433596_AAATTAACGGGTAGCT-1",0.0733489898432048,0.0664834044194997,0.0371839536181978,0.200276901490704,0.194996542923607,0.0348757500375754,0.0973896273771561,0.0534616739439929,0.241983156346062,"GSE210616_GSM6433596"
"GSE210616_GSM6433596_AAATTACCTATCGATG-1",0.063621923349392,0.0423653074175438,0.053695216765992,0.207406575593748,0.149437549844731,0.0588503813521036,0.0878713052583335,0.0333842519661164,0.30336748845204,"GSE210616_GSM6433596"
"GSE210616_GSM6433596_AACATATCAACTGGTG-1",0.0603961611115956,0.0526377758369601,0.0613910315129157,0.14155041398077,0.160370587942514,0.100853115925264,0.102724613609781,0.050746708688707,0.269329591391493,"GSE210616_GSM6433596"
"GSE210616_GSM6433596_AACATTGTGACTCGAG-1",0.053519936686481,0.037606086325403,0.0258026693631179,0.202549748185707,0.180045779899956,0.0409345947814988,0.128608349982348,0.0769316091349042,0.254001225640585,"GSE210616_GSM6433596"
"GSE210616_GSM6433596_AACCCTACTGTCAATA-1",0.00922958383285762,0.617668410910331,0.000739390932048074,0.147237064509485,0.0735628505672346,0.062296252823144,0.041689996721718,0.00496666629446255,0.0426097834087192,"GSE210616_GSM6433596"
"GSE210616_GSM6433596_AACCGAGCTTGGTCAT-1",0.0686884218340581,0.215487885530467,0.0532607515733703,0.041815272873425,0.0879806356780496,0.0927432438810708,0.0960588193924429,0.0724493080908688,0.271515661146247,"GSE210616_GSM6433596"
"GSE210616_GSM6433596_AACCTCGCTTTAGCCC-1",0.0430946122783366,0.0186062338177481,0.0398698213050842,0.160087500899451,0.242755257511344,0.0306595146312199,0.0865483162508096,0.0514814958505248,0.326897247455482,"GSE210616_GSM6433596"
"GSE210616_GSM6433596_AACCTTTAAATACGGT-1",0.0674573616270371,0.0542151126884297,0.0634835049883495,0.137899634143429,0.203587671021949,0.0614810344127858,0.0998931209102839,0.0588785412602974,0.253104018947439,"GSE210616_GSM6433596"
"GSE210616_GSM6433596_AACCTTTACGACGTCT-1",0.0493737232779992,0.0546804304742595,0.0248948184802207,0.232438976117446,0.191244482650011,0.0331607866756307,0.117898716946521,0.0360363442906078,0.260271721087305,"GSE210616_GSM6433596"
"GSE210616_GSM6433596_AACGATAATGCCGTAG-1",0.0630180316274798,0.0634625228195552,0.0356343397679776,0.177399759875735,0.252101682408683,0.065996825002656,0.0762000023610773,0.0663432507877873,0.199843585349049,"GSE210616_GSM6433596"
"GSE210616_GSM6433596_AACGATATGTCAACTG-1",0.0538898213325848,0.0965160426877368,0.0510242263370605,0.0512710684270669,0.164432030962439,0.0717517455725335,0.168425344451889,0.064555895807528,0.278133824421161,"GSE210616_GSM6433596"
"GSE210616_GSM6433596_AACGCATGATCTGGGT-1",0.0440140445811367,0.0393458458632744,0.041263346623588,0.123285000955505,0.256910079509792,0.0524579847970616,0.092474742947714,0.0520656879614627,0.298183266760466,"GSE210616_GSM6433596"
"GSE210616_GSM6433596_AACGCGGTCTCCAGCC-1",0.083481971505705,0.0731724315709104,0.068346868826932,0.18167333511926,0.145382533393314,0.0510866335172156,0.107117098657143,0.0348809052837856,0.254858222125735,"GSE210616_GSM6433596"
"GSE210616_GSM6433596_AACGTGCGAAAGTCTC-1",0.0532075000556802,0.0522503295330094,0.0536078084296627,0.188853162167718,0.169676507840474,0.067776166087504,0.101764886395166,0.0705219778200975,0.242341661670689,"GSE210616_GSM6433596"
"GSE210616_GSM6433596_AACTAGGCTTGGGTGT-1",0.0598889688894583,0.0913901082447475,0.0378558751422981,0.0904068735381111,0.167276754138266,0.115415516574312,0.124623756640784,0.0893369842381697,0.223805162593853,"GSE210616_GSM6433596"
"GSE210616_GSM6433596_AACTCAAGTTAATTGC-1",0.0905873483176248,0.11571316613796,0.0382394741271051,0.108933326315963,0.124520519508528,0.0365910063505499,0.130275792017265,0.113543954600175,0.241595412624829,"GSE210616_GSM6433596"
"GSE210616_GSM6433596_AACTCCAGAGCGTGTT-1",0.059057654073288,0.026182528039177,0.0373668063052758,0.247874498275925,0.180203638245861,0.0359974504085912,0.0665734650904995,0.0671225315443676,0.279621428017015,"GSE210616_GSM6433596"
"GSE210616_GSM6433596_AACTCTCAATAGAGCG-1",0.0495233790311976,0.044827406866188,0.04953385572664,0.194354541082708,0.213266095276615,0.0377343764090297,0.107445739032681,0.0385661263032013,0.264748480271739,"GSE210616_GSM6433596"
"GSE210616_GSM6433596_AACTCTCAGTGTGCTC-1",0.197747513030043,0.0840957253533926,0.129872329322748,0.119646689535749,0.0837170184643013,0.0672164936092183,0.133251193665564,0.0331864041868545,0.15126663283213,"GSE210616_GSM6433596"
"GSE210616_GSM6433596_AACTGGGTCCCGACGT-1",0.0587550336303026,0.203245480153348,0.0611262634319698,0.0662415605524892,0.109156478937455,0.119180160102074,0.123672185720369,0.0697639333860841,0.188858904085909,"GSE210616_GSM6433596"
"GSE210616_GSM6433596_AAGACCCAACTGAACA-1",0.0699985969524385,0.0897915716808603,0.0691918015804433,0.0909485371570245,0.142292705969713,0.0979156105355077,0.0962546433141133,0.124432379560148,0.219174153249751,"GSE210616_GSM6433596"
"GSE210616_GSM6433596_AAGACTGCAAGCTACT-1",0.0747182342787295,0.0460178608176431,0.0330713829507744,0.193641951222594,0.172005326759396,0.0590725630318554,0.112152287151768,0.0639054928562715,0.245414900930968,"GSE210616_GSM6433596"
"GSE210616_GSM6433596_AAGAGCTCTTTATCGG-1",0.0498869905345235,0.037885257623967,0.0383548147564477,0.134655779874826,0.213107928293239,0.0930249430152841,0.120806425610764,0.042920409849676,0.269357450441273,"GSE210616_GSM6433596"
"GSE210616_GSM6433596_AAGAGGCATGGATCGC-1",0.0500754052245549,0.0615296508564424,0.0361953957885506,0.2683198727347,0.184860735829167,0.0887979836414522,0.0797512623236942,0.0256648636137679,0.204804829987671,"GSE210616_GSM6433596"
"GSE210616_GSM6433596_AAGATTGGCGGAACGT-1",0.0641545353526371,0.0998129393860773,0.0486292519987623,0.116688638203281,0.170186595661052,0.0483686048577922,0.149377117296677,0.0673686791988816,0.235413638044839,"GSE210616_GSM6433596"
"GSE210616_GSM6433596_AAGCACCCTGCGTATC-1",0.0832019033379429,0.0480948043598409,0.052100684780614,0.196051076233225,0.18897667948976,0.103917071181688,0.0727464319336615,0.0347900464408526,0.220121302242414,"GSE210616_GSM6433596"
"GSE210616_GSM6433596_AAGCATACTCTCCTGA-1",0.108775116802361,0.168955001463528,0.0580869316525585,0.142802746743587,0.123434805161054,0.0656786653104618,0.0840045944489706,0.0704324127925831,0.177829725624896,"GSE210616_GSM6433596"
"GSE210616_GSM6433596_AAGCTAGATCGAGTAA-1",0.215187730513652,0.157741887029743,0.0483221503489149,0.0852370662745653,0.103475127521116,0.112386025589569,0.0413271100688475,0.106913799648293,0.129409103005299,"GSE210616_GSM6433596"
"GSE210616_GSM6433596_AAGCTCGTGCCAAGTC-1",0.0623229909830101,0.0372107489054292,0.0361072310168814,0.186307049426296,0.227289076569984,0.0420210326120392,0.088692215077135,0.0300115685992679,0.290038086809957,"GSE210616_GSM6433596"
"GSE210616_GSM6433596_AAGCTCTTTCATGGTG-1",0.184831598322992,0.14583341154726,0.0369301829321245,0.172621361472959,0.124864609677728,0.0554986321505767,0.0447403697081033,0.0689116551729571,0.165768179015299,"GSE210616_GSM6433596"
"GSE210616_GSM6433596_AAGGATGAGGGACCTC-1",0.0594711624097918,0.0654751899170057,0.0383428105597209,0.0885270246332118,0.148701026903713,0.084650844711943,0.162769445010856,0.0718049261274593,0.280257569726299,"GSE210616_GSM6433596"
"GSE210616_GSM6433596_AAGGGACAGATTCTGT-1",0.0714865976080237,0.119234653898401,0.0587514979618765,0.136544966022433,0.148746272406617,0.0508459126955587,0.120928778027024,0.0683172894319056,0.22514403194816,"GSE210616_GSM6433596"
"GSE210616_GSM6433596_AAGGTATCCTAATATA-1",0.0563312448262997,0.0495654014379282,0.0422040225490707,0.172868277781781,0.130303502984822,0.186152640455311,0.142201501177739,0.0493020534935448,0.171071355293504,"GSE210616_GSM6433596"
"GSE210616_GSM6433596_AAGTGAGTCGGGTTTA-1",0.0694454614934511,0.0690751931194775,0.0442582771820798,0.111092612302561,0.134214571994588,0.0428539096392262,0.140496848858638,0.147011220065089,0.241551905344889,"GSE210616_GSM6433596"
"GSE210616_GSM6433596_AAGTTCACTCCAAGCT-1",0.0444302974861838,0.0791394366300769,0.0624551675899551,0.241847573549673,0.210307782819295,0.0812067505399093,0.075660264777387,0.0534500358348527,0.151502690772667,"GSE210616_GSM6433596"
"GSE210616_GSM6433596_AAGTTCAGTCTGCGTA-1",0.0345093948409883,0.0456543637146446,0.0491888331976308,0.149867636612599,0.228784994095984,0.0392019794293553,0.100330785436746,0.0583681037343002,0.294093908937752,"GSE210616_GSM6433596"
"GSE210616_GSM6433596_AATAGAACAGAGTGGC-1",0.047539056637247,0.0302806111664676,0.0489468400130278,0.241517687042683,0.219844241827991,0.043091431190249,0.146726677175206,0.029089811453825,0.192963643493303,"GSE210616_GSM6433596"
"GSE210616_GSM6433596_AATAGTCCGTCCCGAC-1",0.0609047341095364,0.0471056399910446,0.0575480789510172,0.166009962828202,0.173925116643307,0.062979893307833,0.116873142320651,0.064728476017156,0.249924955831252,"GSE210616_GSM6433596"
"GSE210616_GSM6433596_AATATCGAGGGTTCTC-1",0.0519583940898947,0.0355051176865043,0.0406839836183245,0.144067169820285,0.231972303732762,0.0833731846947744,0.0836335474717771,0.0342252171430655,0.294581081742612,"GSE210616_GSM6433596"
"GSE210616_GSM6433596_AATCGCCTCAGCGCCA-1",0.103865345717474,0.0824435566484628,0.0450010465477778,0.19486704832286,0.158071768263124,0.0800976321102323,0.0738366456621679,0.109556894549945,0.152260062177957,"GSE210616_GSM6433596"
"GSE210616_GSM6433596_AATGACGTAGGATGTC-1",0.011008869140649,0.655012472990258,0.000513281614922657,0.0690190107655291,0.0548905546165539,0.0423898049167281,0.0444381723203169,0.0724520357106778,0.0502757979243643,"GSE210616_GSM6433596"
"GSE210616_GSM6433596_AATGATGATACGCTAT-1",0.0586942783851826,0.0992943607708438,0.0562407405468493,0.103868021491631,0.174913098902384,0.048734070774034,0.0939861347051547,0.0776078711919884,0.286661423231932,"GSE210616_GSM6433596"
"GSE210616_GSM6433596_AATGATGCGACTCCTG-1",0.0416687146629451,0.0355250248942598,0.0486302554515586,0.0941816637894011,0.25692611432081,0.0459147976575192,0.0542978893185596,0.0709966680034076,0.351858871901539,"GSE210616_GSM6433596"
"GSE210616_GSM6433596_AATGCAACCGGGTACC-1",0.0745527556047686,0.0343326443993048,0.0402569526909094,0.138232434889967,0.154617059304779,0.0584664336453685,0.121399544971611,0.0775616097469795,0.300580564746312,"GSE210616_GSM6433596"
"GSE210616_GSM6433596_AATGCACCAAGCAATG-1",0.0681698346368016,0.115369346913643,0.0862999912749535,0.0427568288367147,0.141283739652396,0.160172862068503,0.0693501864305491,0.0546567499437043,0.261940460242735,"GSE210616_GSM6433596"
"GSE210616_GSM6433596_AATTAAAGGTCGGCGT-1",0.0572378589741701,0.125151140985737,0.0707727417518111,0.118137121396253,0.152177319183174,0.0309429566513634,0.185734741705433,0.0753636727522597,0.1844824465998,"GSE210616_GSM6433596"
"GSE210616_GSM6433596_AATTAACGGATTTCCA-1",0.0453393513231355,0.0409738949391545,0.0380956289162737,0.214891122337268,0.193505043521486,0.0482196752757951,0.1004780890315,0.0725197844197926,0.245977410235594,"GSE210616_GSM6433596"
"GSE210616_GSM6433596_AATTAGCGCTGCAGCG-1",0.0726187595024027,0.0981727285240899,0.0648954931476569,0.0922269991976844,0.141547268470105,0.0635489052619485,0.109279824388209,0.110839285676571,0.246870735831332,"GSE210616_GSM6433596"
"GSE210616_GSM6433596_AATTCATAAGGGATCT-1",0.0583129326489214,0.123246300354728,0.0226224020045223,0.107598007368481,0.183103381210157,0.0587999228049152,0.148502838969715,0.0806895096776986,0.217124704960861,"GSE210616_GSM6433596"
"GSE210616_GSM6433596_AATTCTAGAGTTAGGC-1",0.0882279681579509,0.115740075359133,0.058616976911617,0.112008194556966,0.174068662550348,0.0724883273953084,0.0476238340482142,0.0959924752465309,0.235233485773932,"GSE210616_GSM6433596"
"GSE210616_GSM6433596_ACAAATGGTAGTGTTT-1",0.240128686283108,0.414976381888981,0.0603437876429043,0.0303542355398297,0.00640384288203533,0.207281641187926,0.0125947011902545,0.0116469577842563,0.0162697656007045,"GSE210616_GSM6433596"
"GSE210616_GSM6433596_ACAACAGCATGAGCTA-1",0.0608072022057279,0.0487540860844189,0.0283659805822689,0.145293617450286,0.188204059679722,0.0602541544849442,0.149066562145602,0.0447721784380967,0.274482158928934,"GSE210616_GSM6433596"
"GSE210616_GSM6433596_ACAAGGAAATCCGCCC-1",0.319156135792924,0.315028100546899,0.0170066136117084,0.102977276728817,0.043004420166658,0.0563337745038712,0.0278643465650693,0.0343957837660072,0.0842335483180461,"GSE210616_GSM6433596"
"GSE210616_GSM6433596_ACAAGGATGCTTTAGG-1",0.0446951011502225,0.0167182663132198,0.0472849902718881,0.149742005662128,0.25833868844397,0.0273040682817241,0.0779584336318302,0.0464752027957084,0.331483243449309,"GSE210616_GSM6433596"
"GSE210616_GSM6433596_ACAAGGGCAGGCTCTG-1",0.118671826593101,0.191871807596044,0.0546240482413606,0.0657084119558201,0.0777688336035028,0.138206147258266,0.0798657312453109,0.116114113030968,0.157169080475627,"GSE210616_GSM6433596"
"GSE210616_GSM6433596_ACAATTTGAGCAGTGG-1",0.0597322933492732,0.0338660998625433,0.0384398370505331,0.279245512575976,0.384245638652397,0.0456259510455518,0.0487291373521649,0.0207154596150841,0.0894000704964766,"GSE210616_GSM6433596"
"GSE210616_GSM6433596_ACACGAGACTCCTTCT-1",0.0519837352837333,0.0574284082535434,0.0446250684622097,0.125493442539765,0.156175943950554,0.0817688948150111,0.162375456620286,0.04271825636021,0.277430793714687,"GSE210616_GSM6433596"
"GSE210616_GSM6433596_ACACGGGAACTTAGGG-1",0.0669868433946797,0.0586175778440644,0.0357628617901522,0.112104599528199,0.138725603501839,0.0635038502330959,0.191657276355799,0.0854672748757749,0.247174112476396,"GSE210616_GSM6433596"
"GSE210616_GSM6433596_ACACTGATCAAGGTGT-1",0.084969668965619,0.0638888477515974,0.0582097255822492,0.122551143744747,0.14155216521695,0.127963415702653,0.098169955419881,0.0917694187118258,0.210925658904478,"GSE210616_GSM6433596"
"GSE210616_GSM6433596_ACATAATAAGGCGGTG-1",0.110467085497308,0.212422135570199,0.0611182984344154,0.0448048963971783,0.124064720804247,0.0816261381150472,0.135901768736711,0.0362015798519594,0.193393376592934,"GSE210616_GSM6433596"
"GSE210616_GSM6433596_ACATCCCGGCCATACG-1",0.0753556088926191,0.0670708690580581,0.0459626108571533,0.0944438552214821,0.191958339327191,0.0998535662374371,0.104354251409908,0.0715026292230226,0.249498269773128,"GSE210616_GSM6433596"
"GSE210616_GSM6433596_ACATCGATCGTTTACC-1",0.100865129390677,0.151990882893308,0.0779021458105637,0.059011329569047,0.0965105455534088,0.0765833732292884,0.126970577365664,0.0861814642769256,0.223984551911118,"GSE210616_GSM6433596"
"GSE210616_GSM6433596_ACATCGTATGCAATGG-1",0.0912800424200364,0.295612783041262,0.0636052490216139,0.105340857484461,0.0189931465375557,0.106784588119333,0.026972687454565,0.174104662520633,0.117305983400541,"GSE210616_GSM6433596"
"GSE210616_GSM6433596_ACATTAGTTTATATCC-1",0.0590621376972447,0.0706492895092729,0.0320434581822899,0.0682728415700766,0.153094516530121,0.0624257755857433,0.129275647884306,0.125281740134623,0.299894592906323,"GSE210616_GSM6433596"
"GSE210616_GSM6433596_ACCAACGCTTATTTAT-1",0.0523363298591417,0.02406305514765,0.0456608539354148,0.184371096805678,0.203258953741734,0.0455828912295121,0.12895594589683,0.0755080588402366,0.240262814543802,"GSE210616_GSM6433596"
"GSE210616_GSM6433596_ACCAATATGCAAGTTA-1",0.0617490234064375,0.0770002613944072,0.0518505839511106,0.262004100349209,0.300336521560312,0.0321344692533729,0.043771460766205,0.0352302715966385,0.135923307722307,"GSE210616_GSM6433596"
"GSE210616_GSM6433596_ACCACAAGTTTCTATC-1",0.0387087025059942,0.0298876793065163,0.0271678619262069,0.267358414908346,0.206221360742533,0.0344109493057274,0.112133557787728,0.0376268297022613,0.246484643814687,"GSE210616_GSM6433596"
"GSE210616_GSM6433596_ACCATATCCGCAATAA-1",0.0401333961719679,0.0425019402392949,0.0372549952642053,0.194058639396418,0.21563272961682,0.0516253522354158,0.12090686642105,0.0525666267568584,0.245319453897968,"GSE210616_GSM6433596"
"GSE210616_GSM6433596_ACCCAACGCCCGTGGC-1",0.0635739799071701,0.0309780228531314,0.0455988930180296,0.0924506613311328,0.153988070142849,0.0822821890883922,0.145409659760985,0.0801799841033048,0.305538539795005,"GSE210616_GSM6433596"
"GSE210616_GSM6433596_ACCCATTTGTCCCTCT-1",0.0461227621048681,0.116018006615867,0.0282886782019321,0.234489457642731,0.238824028796488,0.0599060311031023,0.0804765205965874,0.0439664699757492,0.151908044962675,"GSE210616_GSM6433596"
"GSE210616_GSM6433596_ACCCGGAAACTCCCAG-1",0.0423504588750333,0.0349428303453001,0.027288485941807,0.206605747558446,0.241833276286299,0.0260465540303896,0.128250835027594,0.0528949035644959,0.239786908370635,"GSE210616_GSM6433596"
"GSE210616_GSM6433596_ACCCGGTTACACTTCC-1",0.072575104650433,0.139404075283713,0.0461318110435202,0.0496386185969124,0.121093077267767,0.114222752987866,0.0942311815486124,0.133918493721826,0.22878488489935,"GSE210616_GSM6433596"
"GSE210616_GSM6433596_ACCCGTGTCATCAGTA-1",0.0637491972582608,0.0724447299648929,0.0563952827422651,0.195404614252424,0.109711810032651,0.0949040300887031,0.137962411137785,0.0765837645193632,0.192844160003654,"GSE210616_GSM6433596"
"GSE210616_GSM6433596_ACCGACACATCTCCCA-1",0.0522360174437298,0.0411395702561027,0.0320373429583289,0.154330581634732,0.24957027150552,0.0412328932441212,0.124287663286682,0.0514425328262376,0.253723126844546,"GSE210616_GSM6433596"
"GSE210616_GSM6433596_ACCGACTGAGTCCCAC-1",0.0429521884204978,0.0278263130306347,0.0403564372093742,0.182278894819477,0.155787666498386,0.0556544166321682,0.152475998266309,0.0821781015262274,0.260489983596926,"GSE210616_GSM6433596"
"GSE210616_GSM6433596_ACCGATGGTAGCATCG-1",0.0543087628880489,0.0469305454198399,0.0361713172203889,0.240256992163913,0.252214880243263,0.06958947668687,0.0673637640775763,0.0258406030546623,0.207323658245437,"GSE210616_GSM6433596"
"GSE210616_GSM6433596_ACGAGTACGGATGCCC-1",0.0477959387634147,0.037226960135409,0.0511859743068653,0.19022473959166,0.194588717116119,0.0358115376863931,0.0799028169997208,0.0492070029637758,0.314056312436642,"GSE210616_GSM6433596"
"GSE210616_GSM6433596_ACGATACATAGAACTA-1",0.043422076232533,0.15500334185623,0.0499020732789405,0.136291329302122,0.0796339020221798,0.0823057598762228,0.121750861767942,0.0910747138019636,0.240615941861867,"GSE210616_GSM6433596"
"GSE210616_GSM6433596_ACGATCATACATAGAG-1",0.0586427484272407,0.216356215954124,0.0246852511747385,0.0911675154460714,0.109915960027783,0.0660592221407634,0.125025703330966,0.0723365723507332,0.23581081114758,"GSE210616_GSM6433596"
"GSE210616_GSM6433596_ACGATCATCTTGTAAA-1",0.0838558484967906,0.0868045360605876,0.0742762670749272,0.126439719174888,0.223645316393222,0.0579028929988677,0.0481045791441892,0.0573408418463942,0.241629998810133,"GSE210616_GSM6433596"
"GSE210616_GSM6433596_ACGCAAACTAATAGAT-1",0.0834166183566686,0.112829326467288,0.0946494399769885,0.103057413776281,0.111268772778005,0.0471496280700121,0.152572910712735,0.0779911011510143,0.217064788711008,"GSE210616_GSM6433596"
"GSE210616_GSM6433596_ACGCATTCGTGAGTAC-1",0.0485407885053291,0.0401052553518913,0.0334541758207262,0.199103642923667,0.222612662919454,0.0311662077269408,0.114320960674469,0.0550811593550646,0.255615146722458,"GSE210616_GSM6433596"
"GSE210616_GSM6433596_ACGCCAGATGATTTCT-1",0.0488231469863286,0.37949253897937,0.0162902909174171,0.0445977559533009,0.0902185423471186,0.140345853063506,0.0752124088749488,0.0561704135785899,0.14884904929942,"GSE210616_GSM6433596"
"GSE210616_GSM6433596_ACGCCGCTAGACGACC-1",0.146014844930121,0.108474174360484,0.0796405744895594,0.0914345929864954,0.103060015145414,0.0883345492735871,0.121901467484307,0.0761768844407947,0.184962896889237,"GSE210616_GSM6433596"
"GSE210616_GSM6433596_ACGCGAAGTCAGACGA-1",0.0597981104138687,0.124690035906972,0.0719738413964974,0.115903186139573,0.177673029451997,0.0738422039660947,0.0659173023661428,0.0714425323850282,0.238759757973826,"GSE210616_GSM6433596"
"GSE210616_GSM6433596_ACGCGGGCCAAGGACA-1",0.069292772425346,0.0752068648821489,0.0332119818851914,0.165421913735535,0.16890880308409,0.0630572159445888,0.10553737734274,0.063815758320691,0.255547312379669,"GSE210616_GSM6433596"
"GSE210616_GSM6433596_ACGCTAGTGATACACT-1",0.0668735692149374,0.048010733565102,0.0416818505873211,0.119971833177772,0.206049960546307,0.0805271593605302,0.0762150943557144,0.0583348592622146,0.302334939930101,"GSE210616_GSM6433596"
"GSE210616_GSM6433596_ACGGACTCTCAAAGCG-1",0.0401775886337489,0.0188077065094656,0.0306824702927941,0.145036177536495,0.190989543540593,0.0282327640337982,0.131699586804021,0.0994003370872181,0.314973825561866,"GSE210616_GSM6433596"
"GSE210616_GSM6433596_ACGGATGGTGCGGATA-1",0.0516243019393954,0.0854515585306172,0.0389377698849665,0.123663991396785,0.218212614150745,0.0485279256682362,0.0772576611707119,0.109178013928488,0.247146163330055,"GSE210616_GSM6433596"
"GSE210616_GSM6433596_ACGGCACTTGCTTGGG-1",0.0618535191103453,0.0652998517906301,0.0571103045816476,0.114664620210941,0.143452394143606,0.0875233345425966,0.120072148867064,0.105733332598415,0.244290494154754,"GSE210616_GSM6433596"
"GSE210616_GSM6433596_ACGGCCAACATGGACT-1",0.058317421288352,0.0787848577654341,0.0538570210496025,0.202793589195736,0.147280265053793,0.0687661254420519,0.0724804734694124,0.0669384683085899,0.250781778427029,"GSE210616_GSM6433596"
"GSE210616_GSM6433596_ACGTAGATTGCTGATG-1",0.0738800076696194,0.0588540069990713,0.0403223808643606,0.128673790657689,0.127001894368349,0.0637460525740511,0.156853612219805,0.0774047451656526,0.273263509481401,"GSE210616_GSM6433596"
"GSE210616_GSM6433596_ACGTGCGCCTCGTGCA-1",0.0624273934947814,0.160826838108753,0.122494407869549,0.0604445288276227,0.104697842424993,0.0855422417832986,0.121711581438342,0.100806666652741,0.181048499399919,"GSE210616_GSM6433596"
"GSE210616_GSM6433596_ACGTTAATGTCGAAGA-1",0.109178570007282,0.113224327503527,0.063285367913915,0.0851005715365289,0.102921601644519,0.0869386922308141,0.140193763741431,0.0724146144808934,0.22674249094109,"GSE210616_GSM6433596"
"GSE210616_GSM6433596_ACGTTCGTTCAGGAAA-1",0.0468157512803475,0.0683470755820942,0.0449875971808316,0.0826887159543226,0.133423318015797,0.0509255410509001,0.21639816006991,0.107014450592314,0.249399390273483,"GSE210616_GSM6433596"
"GSE210616_GSM6433596_ACTACGCGTTAGAATT-1",0.049309267338663,0.0702748307117712,0.0511198549197907,0.147832192170025,0.175626261142991,0.0851465451347351,0.119063427648485,0.0825195753631733,0.219108045570366,"GSE210616_GSM6433596"
"GSE210616_GSM6433596_ACTCAAGTGCAAGGCT-1",0.0470729457775967,0.0179451328370962,0.0484419801659756,0.185784170370174,0.234379440325858,0.025479823535709,0.0921556456692853,0.0369805737712659,0.311760287547039,"GSE210616_GSM6433596"
"GSE210616_GSM6433596_ACTCAATAAAGGCACG-1",0.0356143129069764,0.0496946018988956,0.0294560045895188,0.0928704627118347,0.175926968024266,0.0467885279054179,0.229926958549987,0.0601694952578378,0.279552668155266,"GSE210616_GSM6433596"
"GSE210616_GSM6433596_ACTCCCGAATTCGTTT-1",0.0696932954225464,0.0238390681506993,0.0632564392059157,0.145785557014646,0.257408424938955,0.0412575245649708,0.0987821092883264,0.0488531823854724,0.251124399028469,"GSE210616_GSM6433596"
"GSE210616_GSM6433596_ACTCCCTAATGCTAAA-1",0.0663502342184598,0.044307508129868,0.0254426893723485,0.264018873179675,0.281724226152116,0.0550774830879669,0.0727524172135462,0.033495565792546,0.156831002853474,"GSE210616_GSM6433596"
"GSE210616_GSM6433596_ACTCCCTAGAATAGTA-1",0.113815023697057,0.128247104684716,0.0450838810388695,0.14337798175593,0.114229778966013,0.12661255517975,0.0785963525600828,0.0890640114008787,0.160973310716703,"GSE210616_GSM6433596"
"GSE210616_GSM6433596_ACTCGTCAGTAATCCC-1",0.0619823939338341,0.0621975121900861,0.0364252591777312,0.178792959069409,0.137441409579465,0.154117041372311,0.103434380542397,0.0579250937085777,0.20768395042619,"GSE210616_GSM6433596"
"GSE210616_GSM6433596_ACTCTCTGACTTAGGT-1",0.0547472492145447,0.424467299810175,0.0124193823401882,0.0975847058981726,0.0735250552091513,0.0969214121107458,0.0825579782973065,0.0283183861748959,0.12945853094482,"GSE210616_GSM6433596"
"GSE210616_GSM6433596_ACTCTTGTATAGTAAC-1",0.17708030801885,0.0633080571636734,0.0480591091443547,0.0926046538876808,0.133592416450905,0.0784952428064166,0.11440353043504,0.0403159088891286,0.25214077320395,"GSE210616_GSM6433596"
"GSE210616_GSM6433596_ACTGAAACGCCGTTAG-1",0.102234247364449,0.320703834819669,0.0250698787020781,0.0712103872217941,0.0753428186254139,0.17324943047597,0.0361680193955852,0.0658756488022272,0.130145734592814,"GSE210616_GSM6433596"
"GSE210616_GSM6433596_ACTGTACGATACACAT-1",0.0476829526723537,0.0414975337313292,0.0377574991781342,0.120834400055795,0.127969435572862,0.0696902039798304,0.219540516197331,0.0491037327144333,0.28592372589793,"GSE210616_GSM6433596"
"GSE210616_GSM6433596_ACTGTCCAGGATTATA-1",0.0849127660906342,0.036917600852211,0.0536659146685064,0.166941966873524,0.136822568889053,0.043045399969291,0.107689886379626,0.0442229809146405,0.325780915362514,"GSE210616_GSM6433596"
"GSE210616_GSM6433596_ACTGTCTTCTTTAGAA-1",0.0408756121332794,0.0262734031459449,0.0309259756625868,0.189137485924011,0.180274602896489,0.0547471680013331,0.107772381719014,0.0578154836490464,0.312177886868295,"GSE210616_GSM6433596"
"GSE210616_GSM6433596_ACTTACGCATCCACGC-1",0.0331452971172375,0.138796487684387,0.0399611354813756,0.209797105638701,0.145811018269327,0.135398164803852,0.0660223113245787,0.0300212453968269,0.201047234283714,"GSE210616_GSM6433596"
"GSE210616_GSM6433596_ACTTATACTTACCCGG-1",0.072130053740959,0.044281064294495,0.0334155373751943,0.111737629672986,0.301404210302078,0.0764042127748302,0.0925555989082956,0.0517429753085173,0.216328717622645,"GSE210616_GSM6433596"
"GSE210616_GSM6433596_ACTTATTAGGATCGGT-1",0.062704543729788,0.0399106615658168,0.0398229313958233,0.179903612846265,0.248553372878666,0.0700276618614952,0.107325257478672,0.0155014924728506,0.236250465770623,"GSE210616_GSM6433596"
"GSE210616_GSM6433596_ACTTCAGGCTGATCCC-1",0.10269941459863,0.027197003579251,0.143370712778752,0.091686090632599,0.155419239632276,0.0690747776178368,0.0707656250853811,0.111191463962687,0.228595672112587,"GSE210616_GSM6433596"
"GSE210616_GSM6433596_ACTTCCATGCGGGACA-1",0.117748679329643,0.0245091518243905,0.116979415759102,0.17276950844414,0.161021845185172,0.0265905400971935,0.0527897807393386,0.0587484483938198,0.268842630227201,"GSE210616_GSM6433596"
"GSE210616_GSM6433596_ACTTCGCCATACGCAC-1",0.0504932829342059,0.0599677214763524,0.0295000850715771,0.140697782106638,0.10512002824205,0.0729018255180808,0.210643024042794,0.0665057075592497,0.264170543049052,"GSE210616_GSM6433596"
"GSE210616_GSM6433596_ACTTGACTCCCTCTTT-1",0.0871240155774299,0.136981971973967,0.0542781252598454,0.136029792431502,0.0961364720528667,0.106199767116598,0.137686180507966,0.0605428705652793,0.185020804514546,"GSE210616_GSM6433596"
"GSE210616_GSM6433596_ACTTGGGACCCGGTGG-1",0.0618234469535695,0.0439459438249849,0.0514597306230725,0.0925045595422981,0.153085771622615,0.0786090250160563,0.121226482948298,0.0691205477121837,0.328224491756922,"GSE210616_GSM6433596"
"GSE210616_GSM6433596_ACTTTACCCTCATGAA-1",0.0570338462385381,0.0259333718687742,0.038091345692142,0.159181142706565,0.243017295017934,0.0442650889582024,0.112094313582452,0.0536810061174079,0.266702589817984,"GSE210616_GSM6433596"
"GSE210616_GSM6433596_ACTTTCCTATAGCTTC-1",0.045273413096191,0.0302896438100908,0.0329525537501048,0.181666354597291,0.106411120240397,0.0471677493085503,0.132238822073023,0.0868266720364945,0.337173671087857,"GSE210616_GSM6433596"
"GSE210616_GSM6433596_AGAACGTGGTACATTC-1",0.045904284053245,0.0728199096828593,0.0376534287314319,0.138920527289446,0.120254482063794,0.0729696660431002,0.152514300732045,0.0614490302787764,0.297514371125302,"GSE210616_GSM6433596"
"GSE210616_GSM6433596_AGAAGAGCGCCGTTCC-1",0.276027845904979,0.0249462211136957,0.0955761823650792,0.348712657607024,0.0601359219602738,0.0156585662336192,0.145952084869883,0.000452344299388394,0.0325381756460579,"GSE210616_GSM6433596"
"GSE210616_GSM6433596_AGAATTATGGATTCGA-1",0.0453134050110316,0.0206218794588654,0.0396527458337093,0.115443868560549,0.226793192221161,0.0381696806886939,0.0719292081278361,0.087253773814614,0.35482224628354,"GSE210616_GSM6433596"
"GSE210616_GSM6433596_AGACCCACCGCTGATC-1",0.0899775985115017,0.16067984922155,0.0471184192175695,0.143387825359484,0.163836631739038,0.0823680896100919,0.0462817696744196,0.0883209650221707,0.178028851644175,"GSE210616_GSM6433596"
"GSE210616_GSM6433596_AGACCCGCCCTCCTCG-1",0.0513371463642437,0.025270171579354,0.042705735250236,0.200524962787412,0.232398017984492,0.0355902356465821,0.120142506482166,0.0342598137213031,0.257771410184211,"GSE210616_GSM6433596"
"GSE210616_GSM6433596_AGACTGTTACCGGGTC-1",0.084270953357167,0.0868076700707447,0.0577682078725126,0.0582085349099635,0.127359798871709,0.0543061085109575,0.161206797908775,0.113292461900456,0.256779466597716,"GSE210616_GSM6433596"
"GSE210616_GSM6433596_AGAGAACCGTCTAGGA-1",0.0666976036904128,0.148728478714161,0.0630983044276277,0.0998354717218926,0.112095627079799,0.0706755094186652,0.115760715611921,0.105201957236994,0.217906332098527,"GSE210616_GSM6433596"
"GSE210616_GSM6433596_AGATCGTGCATAAGAT-1",0.0755590576872882,0.0611778526101533,0.0798603126586147,0.127703185695127,0.14294420098252,0.0702542338761631,0.0879123903639399,0.0707220741426487,0.283866691983545,"GSE210616_GSM6433596"
"GSE210616_GSM6433596_AGATCTCAGGTGTGAT-1",0.0532950545899774,0.0441352984118369,0.0396075236268838,0.0711751580452251,0.161395506917796,0.0562682720533229,0.215867909523409,0.0899409126282438,0.268314364203304,"GSE210616_GSM6433596"
"GSE210616_GSM6433596_AGATGATGGAGTCTGG-1",0.0626524464084126,0.0343501676020023,0.0514938935460564,0.171914027789578,0.230348039906249,0.0596790696320265,0.0651399984239585,0.0412783693094381,0.283143987382279,"GSE210616_GSM6433596"
"GSE210616_GSM6433596_AGATTATAGGACGTTT-1",0.047544097275641,0.0299590975734851,0.0351080388770228,0.244503071859552,0.206411225965128,0.0409659335390745,0.138438468339536,0.0517867561504828,0.205283310420078,"GSE210616_GSM6433596"
"GSE210616_GSM6433596_AGCAAAGGCCGCTAGT-1",0.0481398354477476,0.0228489075947333,0.0405456285052133,0.159381388825346,0.131176388601509,0.0374477895486211,0.103648437867282,0.125986580490678,0.33082504311887,"GSE210616_GSM6433596"
"GSE210616_GSM6433596_AGCACCAGTACTCACG-1",0.0486402575893704,0.0270254892921615,0.0344961636951093,0.178137649926015,0.227016862807071,0.0366589365361824,0.119077502365637,0.0367422854584984,0.292204852329955,"GSE210616_GSM6433596"
"GSE210616_GSM6433596_AGCAGCCAGATGAATA-1",0.0566250879757149,0.065576681113993,0.0596077595751085,0.182827969548412,0.160544978985856,0.0805045548688767,0.112661206426633,0.0473723114607953,0.234279450044612,"GSE210616_GSM6433596"
"GSE210616_GSM6433596_AGCCACAGGTTACCCG-1",0.0578912523816726,0.0229618672309636,0.0398589610749333,0.0937305876712572,0.208342063020059,0.0436058091360034,0.125733741401587,0.084638680404161,0.323237037679363,"GSE210616_GSM6433596"
"GSE210616_GSM6433596_AGCCACTCCCGTGCTT-1",0.0443787107517494,0.0683585872512951,0.0187467393432466,0.138483428810977,0.153565946874858,0.0590791991132062,0.193004001575213,0.0621177667763403,0.262265619503114,"GSE210616_GSM6433596"
"GSE210616_GSM6433596_AGCCCGGTAGCCTGTA-1",0.0610336333502624,0.0759207156333147,0.0810651471252018,0.097957001847703,0.122199291574636,0.0658111093692783,0.0941207061211623,0.140873159765674,0.261019235212768,"GSE210616_GSM6433596"
"GSE210616_GSM6433596_AGCCCTTCTAATCCGA-1",0.0571438011835278,0.0326637460843757,0.0488193381367762,0.131439571466957,0.244036919753843,0.044622301334633,0.0849669573413639,0.0710262005181762,0.285281164180347,"GSE210616_GSM6433596"
"GSE210616_GSM6433596_AGCGACCAACGATATT-1",0.0468677181864395,0.0451329485175614,0.0458623487985105,0.201544560228923,0.202176874994821,0.0401652938320802,0.105359212804236,0.0317626759927118,0.281128366644716,"GSE210616_GSM6433596"
"GSE210616_GSM6433596_AGCGCATAATGAATCG-1",0.0559543933278831,0.073270465662651,0.0576812041127791,0.125561744139371,0.160011558279068,0.0769377304726317,0.126760965532154,0.10138245419223,0.222439484281231,"GSE210616_GSM6433596"
"GSE210616_GSM6433596_AGCGCGGGTGCCAATG-1",0.0678417099368121,0.0825824558980681,0.0541386047258822,0.146352554208295,0.183442247948104,0.0587037674119306,0.0880223449567016,0.0491587881173659,0.269757526796841,"GSE210616_GSM6433596"
"GSE210616_GSM6433596_AGCGGACACTTCGTAG-1",0.0461642884165477,0.0251640072364158,0.0337245825853909,0.11299248272867,0.141015314599771,0.0453023695712158,0.222927200759991,0.0858607123465169,0.286849041755481,"GSE210616_GSM6433596"
"GSE210616_GSM6433596_AGCGTGGTATTCTACT-1",0.157374312969607,0.140666496161154,0.0838509132719282,0.0683405727955525,0.0704649434575494,0.0898025281623692,0.111433910337912,0.099180464511378,0.17888585833255,"GSE210616_GSM6433596"
"GSE210616_GSM6433596_AGCTAGAAGCAGAAGT-1",0.0559626600536178,0.0382802807184816,0.0493383925761604,0.166264897752533,0.173888291597712,0.0411364908385148,0.079973905266363,0.0792829739477758,0.315872107248841,"GSE210616_GSM6433596"
"GSE210616_GSM6433596_AGCTCTAGACGTTCCA-1",0.100458823732818,0.0683067160369131,0.0564448923313581,0.130347472320833,0.138685610471624,0.111979372470265,0.0874638458307642,0.0815959783760505,0.224717288429374,"GSE210616_GSM6433596"
"GSE210616_GSM6433596_AGCTCTTCCCAGTGCA-1",0.053812158086531,0.148406487446875,0.0408528698681242,0.08386280720675,0.168087574014576,0.0894418714871,0.138759668753407,0.062686167877885,0.214090395258752,"GSE210616_GSM6433596"
"GSE210616_GSM6433596_AGCTCTTTACTCAGTT-1",0.0734884742068405,0.0718967365379615,0.143130645745856,0.0251635537290462,0.123936691657478,0.101681566999513,0.0868633193013392,0.1586423020168,0.215196709805166,"GSE210616_GSM6433596"
"GSE210616_GSM6433596_AGCTGAAGTAAACCAA-1",0.0638227009876602,0.0534340610600599,0.0267788758688233,0.177630235362499,0.163252805755292,0.0343359804426602,0.138034964507942,0.0559949665927406,0.286715409422323,"GSE210616_GSM6433596"
"GSE210616_GSM6433596_AGGAAGCTGTCCGCCG-1",0.054196189626572,0.0274093661392685,0.0409968468251923,0.133183116996489,0.245135092558093,0.0222680961114222,0.119229203305325,0.078631611925764,0.278950476511874,"GSE210616_GSM6433596"
"GSE210616_GSM6433596_AGGACAGTCGAATCCC-1",0.0503045124133167,0.451188074489281,0.0195712853953394,0.0436942923632018,0.111623970334531,0.179816386927658,0.0366911047190409,0.0319750799567522,0.0751352934008788,"GSE210616_GSM6433596"
"GSE210616_GSM6433596_AGGACGCTCGATGTTG-1",0.054517108870176,0.0494223475793974,0.0447433722313792,0.131395278043445,0.189656522727762,0.0471828094549253,0.09299414310799,0.0784265730927856,0.31166184489214,"GSE210616_GSM6433596"
"GSE210616_GSM6433596_AGGATAAAGTCGGGAT-1",0.0737154897977054,0.076046906144342,0.0523879664611249,0.253175772800195,0.219213561478318,0.0950317270342747,0.0430152664299702,0.0663754168653758,0.121037892988694,"GSE210616_GSM6433596"
"GSE210616_GSM6433596_AGGCAGATGCGTAAAC-1",0.055653868110311,0.0830730858572902,0.0412655619232355,0.126437045472907,0.134244300972045,0.0868126300079433,0.116647132107628,0.068470588269995,0.287395787278646,"GSE210616_GSM6433596"
"GSE210616_GSM6433596_AGGCAGGGAGCGTACT-1",0.0354695607299961,0.0369597934233032,0.0306867745885823,0.165104749832999,0.210728496290759,0.0313110434027525,0.164332518483828,0.0641798120533685,0.261227251194411,"GSE210616_GSM6433596"
"GSE210616_GSM6433596_AGGCCTGAGAATCTCG-1",0.0636542366790891,0.0180273626125409,0.0260790130662478,0.197492965598578,0.211209473053667,0.041034983067961,0.0888576152770988,0.0509120985468124,0.302732252098006,"GSE210616_GSM6433596"
"GSE210616_GSM6433596_AGGGACTCTACGCGAC-1",0.0470462594503848,0.0316195624012861,0.0337280776888816,0.183039177514235,0.192969503435636,0.0402797554509538,0.133521244160578,0.0440561623581743,0.293740257539871,"GSE210616_GSM6433596"
"GSE210616_GSM6433596_AGGGCTGCAGTTACAG-1",0.0791772437397345,0.0540273783198776,0.044074699009453,0.133346138259348,0.218906805422754,0.0576805238444055,0.08445265631788,0.0853089501511025,0.243025604935445,"GSE210616_GSM6433596"
"GSE210616_GSM6433596_AGGGTCGATGCGAACT-1",0.0435324628086422,0.116746551409523,0.020208507140913,0.227792359289976,0.21423391553072,0.0672504533383916,0.10708340247658,0.0231491406093163,0.180003207395938,"GSE210616_GSM6433596"
"GSE210616_GSM6433596_AGGGTGCTCTCGAGGG-1",0.0409876822373241,0.0239592434413267,0.0466232470092518,0.117756904439115,0.275202260385365,0.0749828824828516,0.0762270785755546,0.0414170069998341,0.302843694429377,"GSE210616_GSM6433596"
"GSE210616_GSM6433596_AGGGTTCCCTTTGGTT-1",0.0613053471981609,0.0641068199165776,0.0465036751671113,0.130416033899376,0.153900101559325,0.0548690316159816,0.111735063155526,0.0976248697537586,0.279539057734184,"GSE210616_GSM6433596"
"GSE210616_GSM6433596_AGGGTTTAGTTCGGGA-1",0.0482603235275277,0.0280340333073642,0.0461128943894366,0.207078267098471,0.187834658237908,0.0384169071984428,0.125392599670516,0.0489545910438398,0.269915725526494,"GSE210616_GSM6433596"
"GSE210616_GSM6433596_AGGTCGCGGAGTTACT-1",0.0470388648026579,0.0209613490392244,0.0453640806807238,0.118781877383189,0.2452833655683,0.0328888054511794,0.0672409321458738,0.0617874871263379,0.360653237802514,"GSE210616_GSM6433596"
"GSE210616_GSM6433596_AGGTGGTGACCTTCGC-1",0.0359950784572525,0.0365916697454262,0.0402509714949207,0.111123179973368,0.145277913196996,0.0444977411975585,0.172115220084967,0.124865963757502,0.289282262092009,"GSE210616_GSM6433596"
