"","Endothelial","CAFs","PVL","B-cells","T-cells","Myeloid","Normal Epithelial","Plasmablasts","Cancer Epithelial","sid"
"Human_Breast_He_06222020_ST_BC23288_D2_23x20",0.0261470918768788,0.0481639238923186,0.358279952713006,0.00179186518798564,0.00135516106116874,0.134191881236454,0.00890968491443804,0.407175016554458,0.0139854225632915,"Human_Breast_He_06222020_ST_BC23288_D2"
"Human_Breast_He_06222020_ST_BC23288_D2_23x21",0.00469454585471818,0.0460086020131019,0.359308458721459,0.000523637334154939,0.00171236492522144,0.150379825446739,0.00250691990046104,0.42614781135709,0.0087178344470542,"Human_Breast_He_06222020_ST_BC23288_D2"
"Human_Breast_He_06222020_ST_BC23288_D2_23x22",0.0222945724203261,0.0563772097083006,0.466068381729944,0.000286365799634969,0.000394302940567437,0.112001939536661,0.00974292464932203,0.305943031520564,0.0268912716946796,"Human_Breast_He_06222020_ST_BC23288_D2"
"Human_Breast_He_06222020_ST_BC23288_D2_23x23",0.00657179183756559,0.0160685854734113,0.432546942869081,0.000744810920907582,0.000346189207213004,0.156514653936917,0.0150309340051215,0.348580571896122,0.0235955198536611,"Human_Breast_He_06222020_ST_BC23288_D2"
"Human_Breast_He_06222020_ST_BC23288_D2_23x28",0.00216621401887714,0.0510368884332741,0.310510378835577,6.3601221450457e-05,0.00146569183714835,0.136596213569404,0.00302377287584675,0.487973861839584,0.00716337736883732,"Human_Breast_He_06222020_ST_BC23288_D2"
"Human_Breast_He_06222020_ST_BC23288_D2_30x21",0.0340609958284715,0.0724577739547385,0.20859931315293,0.1194451721639,0.00880901521853896,0.189663027941739,0.0469518451685716,0.296081922205504,0.0239309343656057,"Human_Breast_He_06222020_ST_BC23288_D2"
"Human_Breast_He_06222020_ST_BC23288_D2_25x13",0.0414370777857643,0.0618164396425725,0.39184933601557,0.00770428288635781,0.00841627135408881,0.106296018962998,0.0541132214844247,0.310909301524479,0.0174580503437453,"Human_Breast_He_06222020_ST_BC23288_D2"
"Human_Breast_He_06222020_ST_BC23288_D2_20x20",0.00615581897522739,0.0409388016821343,0.363314385259136,0.000618504865316644,0.000829794895866231,0.188312608606959,0.00449745323550442,0.364019739856135,0.0313128926237209,"Human_Breast_He_06222020_ST_BC23288_D2"
"Human_Breast_He_06222020_ST_BC23288_D2_3x22",0.00125181264779632,0.0604300312920237,0.510344045479099,6.79377281891823e-05,0.000816124302529338,0.132938028782852,0.0220985445398877,0.210238459625748,0.061815015601875,"Human_Breast_He_06222020_ST_BC23288_D2"
"Human_Breast_He_06222020_ST_BC23288_D2_20x22",0.0156417435943447,0.0556403020825304,0.414520828690652,0.0473384987603672,0.0192972763053591,0.106895546287597,0.0536494743664838,0.234746833217987,0.0522694966946785,"Human_Breast_He_06222020_ST_BC23288_D2"
"Human_Breast_He_06222020_ST_BC23288_D2_18x28",0.00721210867647149,0.0373696582497803,0.150306318012672,0.000404285830670451,0.000111950589958322,0.108735540700328,0.000206566712364127,0.694071658657885,0.0015819125698701,"Human_Breast_He_06222020_ST_BC23288_D2"
"Human_Breast_He_06222020_ST_BC23288_D2_18x29",0.0428898656275561,0.057778675128721,0.309003157764655,5.81550008422554e-05,0.000125695420703201,0.207159469636449,0.00219399252759344,0.377458288331049,0.00333270056243107,"Human_Breast_He_06222020_ST_BC23288_D2"
"Human_Breast_He_06222020_ST_BC23288_D2_18x26",0.00139180407692249,0.0412140921223934,0.196745431530243,0.000463112177598129,9.07532890730626e-05,0.118370767193222,0.00044019915404158,0.640610380521273,0.000673459935233253,"Human_Breast_He_06222020_ST_BC23288_D2"
"Human_Breast_He_06222020_ST_BC23288_D2_18x27",0.000291601534291765,0.0336782972187362,0.174450997193542,7.86397030710477e-05,5.7542324347899e-05,0.112744765041258,7.86637134066247e-05,0.678374225924324,0.000245267347021665,"Human_Breast_He_06222020_ST_BC23288_D2"
"Human_Breast_He_06222020_ST_BC23288_D2_18x24",0.000761167231567951,0.0341024364503224,0.420013905681655,0.00135931653998458,0.000410102406075992,0.0463590473663162,0.00594295443512623,0.487156001403486,0.0038950684854657,"Human_Breast_He_06222020_ST_BC23288_D2"
"Human_Breast_He_06222020_ST_BC23288_D2_18x25",4.27950841109729e-05,0.0248439835146341,0.256789919061309,1.94891578172266e-07,1.02996270586558e-06,0.139576872277681,1.66299276346587e-05,0.578629124713867,9.9450566479501e-05,"Human_Breast_He_06222020_ST_BC23288_D2"
"Human_Breast_He_06222020_ST_BC23288_D2_18x22",8.03854542558107e-05,0.0759198923536208,0.397096018436421,1.68163320004711e-06,1.97774089333702e-06,0.127705193176368,4.6970999184331e-05,0.398991028615907,0.000156851590148582,"Human_Breast_He_06222020_ST_BC23288_D2"
"Human_Breast_He_06222020_ST_BC23288_D2_18x23",0.0018616032445756,0.0406233102842784,0.180807070859301,9.76896768648517e-05,0.000128542072247465,0.129690413567899,0.00184887512484322,0.638553958931887,0.00638853623810329,"Human_Breast_He_06222020_ST_BC23288_D2"
"Human_Breast_He_06222020_ST_BC23288_D2_18x20",0.00115593687895953,0.0407264751384401,0.390270213957707,0.00151261446949479,0.00057685250012013,0.15407794471398,0.00260148166323276,0.399508486602144,0.00956999407592145,"Human_Breast_He_06222020_ST_BC23288_D2"
"Human_Breast_He_06222020_ST_BC23288_D2_18x21",0.0106983355409132,0.0605991257503659,0.313480374398769,4.26869616613977e-05,4.74610490186416e-05,0.156167427885163,0.008285490788054,0.442832537355539,0.0078465602705149,"Human_Breast_He_06222020_ST_BC23288_D2"
"Human_Breast_He_06222020_ST_BC23288_D2_24x26",0.0105863877743895,0.0643623212985751,0.121431980580841,0.000504223792310645,0.000253528259076538,0.168973389777177,0.00219775621916336,0.625132119036401,0.00655829326206578,"Human_Breast_He_06222020_ST_BC23288_D2"
"Human_Breast_He_06222020_ST_BC23288_D2_25x15",0.0112539555420411,0.0570283105705392,0.329726347667212,0.0114824773242876,0.0406156656792322,0.156409895973943,0.0289791194276905,0.309179449081983,0.0553247787330711,"Human_Breast_He_06222020_ST_BC23288_D2"
"Human_Breast_He_06222020_ST_BC23288_D2_25x14",0.0854088092896514,0.0714183401771353,0.22535036764942,0.000163619466529455,0.000213862344297684,0.111687391447799,0.0287908336513461,0.46666700447072,0.0102997715031012,"Human_Breast_He_06222020_ST_BC23288_D2"
"Human_Breast_He_06222020_ST_BC23288_D2_11x23",0.00294234333623534,0.0428279965006355,0.373944109573488,0.0159872586777081,0.00102888315030691,0.212493465608598,0.0109954268191395,0.328391393767877,0.0113891225660117,"Human_Breast_He_06222020_ST_BC23288_D2"
"Human_Breast_He_06222020_ST_BC23288_D2_23x24",0.0286658364842603,0.0364444912970811,0.325840070125036,0.000633528621621404,0.000215688634555565,0.149917571953717,0.0171770651892659,0.430757500037716,0.0103482476567465,"Human_Breast_He_06222020_ST_BC23288_D2"
"Human_Breast_He_06222020_ST_BC23288_D2_23x25",0.00694579604769614,0.0506583302088362,0.371539635884893,0.00855977854122837,0.03451100685767,0.0951508983114166,0.0264276872181698,0.373594214976897,0.0326126519531933,"Human_Breast_He_06222020_ST_BC23288_D2"
"Human_Breast_He_06222020_ST_BC23288_D2_23x26",0.0213151079415675,0.0563739329917404,0.234961779963689,0.00195821766168599,0.000829113628716499,0.162121268380237,0.00276221191647996,0.514196440159271,0.00548192735661331,"Human_Breast_He_06222020_ST_BC23288_D2"
"Human_Breast_He_06222020_ST_BC23288_D2_23x27",0.00365709780199563,0.0531759907335359,0.278244138632569,0.000461758290458078,0.000200795419045928,0.109939162348142,0.00995699241096449,0.524016716696973,0.0203473476663168,"Human_Breast_He_06222020_ST_BC23288_D2"
"Human_Breast_He_06222020_ST_BC23288_D2_11x14",0.00174912733786268,0.0271217390978685,0.46910570860778,0.0239009858868548,0.0157364384064694,0.111051872269424,0.00825710035715405,0.313403893849672,0.0296731341869138,"Human_Breast_He_06222020_ST_BC23288_D2"
"Human_Breast_He_06222020_ST_BC23288_D2_8x21",0.022149464337656,0.0780617569832437,0.313564375845376,0.00488320336173589,0.000470238590232152,0.247516062870813,0.0145528106891658,0.28629372637963,0.032508360942148,"Human_Breast_He_06222020_ST_BC23288_D2"
"Human_Breast_He_06222020_ST_BC23288_D2_11x12",0.0205686298158423,0.0388558259772282,0.332105015790523,0.000684102741078529,0.0203182232748543,0.199544982474675,0.0200852698000297,0.273671137379109,0.0941668127466603,"Human_Breast_He_06222020_ST_BC23288_D2"
"Human_Breast_He_06222020_ST_BC23288_D2_8x26",0.00640480294940267,0.0656436139289736,0.376216849179049,0.00069697055163203,0.000826672681875904,0.260710654929,0.00379330090349309,0.275633983669946,0.0100731512066277,"Human_Breast_He_06222020_ST_BC23288_D2"
"Human_Breast_He_06222020_ST_BC23288_D2_8x16",0.0108405223283068,0.0582300516371609,0.204864487091902,0.000108127707567476,0.000411843784573798,0.104429496379076,0.00251256379299905,0.613615022968394,0.00498788431002037,"Human_Breast_He_06222020_ST_BC23288_D2"
"Human_Breast_He_06222020_ST_BC23288_D2_8x24",0.00448998012734499,0.0493280403338568,0.330800565733608,6.74191203324465e-05,0.000340469549514568,0.121738598896854,0.0155739023972034,0.450591344855356,0.0270696789859297,"Human_Breast_He_06222020_ST_BC23288_D2"
"Human_Breast_He_06222020_ST_BC23288_D2_8x15",0.0230816659173381,0.0477463500152547,0.479931767911626,0.000487867569588312,0.000249701249801645,0.184545588810268,0.0401450729557998,0.167906324021414,0.0559056615489094,"Human_Breast_He_06222020_ST_BC23288_D2"
"Human_Breast_He_06222020_ST_BC23288_D2_30x15",0.0229144229797072,0.0407040115723749,0.290906405207214,0.00560448528785391,0.00287566600254102,0.193371944320874,0.0150850605308664,0.388568528196252,0.0399694759023163,"Human_Breast_He_06222020_ST_BC23288_D2"
"Human_Breast_He_06222020_ST_BC23288_D2_20x17",0.0740755393630297,0.0694321073527175,0.307957923050347,0.000687862933708991,0.00119565131537588,0.186827718722285,0.0138704290617957,0.297576975360417,0.048375792840323,"Human_Breast_He_06222020_ST_BC23288_D2"
"Human_Breast_He_06222020_ST_BC23288_D2_22x17",0.015953850013163,0.102598543177558,0.266071981997302,0.00102557576594151,0.00393980694570534,0.167372475373538,0.0079949205905693,0.42850784069551,0.00653500544071284,"Human_Breast_He_06222020_ST_BC23288_D2"
"Human_Breast_He_06222020_ST_BC23288_D2_14x11",0.0172314496590136,0.0305003054748712,0.234030745170493,0.000837905790667825,0.00130179405274957,0.185930545952046,0.0197446735295203,0.442650817412229,0.06777176295841,"Human_Breast_He_06222020_ST_BC23288_D2"
"Human_Breast_He_06222020_ST_BC23288_D2_26x14",0.00686624862288645,0.0640808918230398,0.241045762377223,0.00101652611589228,0.000823803172653027,0.163662487789386,0.00183790755262375,0.51472759368876,0.00593877885753641,"Human_Breast_He_06222020_ST_BC23288_D2"
"Human_Breast_He_06222020_ST_BC23288_D2_23x19",0.00319891133921424,0.0487887992715157,0.402247841304517,0.000237968059580704,0.000619770541587121,0.115224464462194,0.013828741458587,0.378627418946409,0.0372260846163944,"Human_Breast_He_06222020_ST_BC23288_D2"
"Human_Breast_He_06222020_ST_BC23288_D2_23x18",0.0346119387694615,0.0661376329297993,0.3892956007424,0.0054265329719924,0.00438560203519349,0.146582614803498,0.0245702191402934,0.308355948974238,0.0206339096331247,"Human_Breast_He_06222020_ST_BC23288_D2"
"Human_Breast_He_06222020_ST_BC23288_D2_23x13",0.050483394990984,0.0551340540535944,0.33601539485096,0.13447560831861,0.0577765408697066,0.0950196712572573,0.0344840736646517,0.202702547585771,0.0339087144084644,"Human_Breast_He_06222020_ST_BC23288_D2"
"Human_Breast_He_06222020_ST_BC23288_D2_23x12",0.014523270929603,0.023439790726767,0.465310151473717,0.0045726588650576,0.00207449787417775,0.188406797910245,0.0649710141855884,0.209379640751256,0.027322177283589,"Human_Breast_He_06222020_ST_BC23288_D2"
"Human_Breast_He_06222020_ST_BC23288_D2_23x15",0.00971034703460661,0.0361948348766061,0.275951479551649,0.0002748595742924,0.00024251346866011,0.120045353713579,0.00332526739747978,0.545449307771721,0.00880603661140565,"Human_Breast_He_06222020_ST_BC23288_D2"
"Human_Breast_He_06222020_ST_BC23288_D2_23x14",0.0389788430844976,0.0414901061682674,0.429067030297021,0.00127298723816285,0.000660015252086108,0.247415713563335,0.0105570810002795,0.202345257990158,0.0282129654061931,"Human_Breast_He_06222020_ST_BC23288_D2"
"Human_Breast_He_06222020_ST_BC23288_D2_23x17",0.0782299566644,0.0665250454064534,0.339499663552431,0.00822268955469415,0.00344941292312418,0.156057918355589,0.0175584424920349,0.294413468103603,0.0360434029476701,"Human_Breast_He_06222020_ST_BC23288_D2"
"Human_Breast_He_06222020_ST_BC23288_D2_23x16",0.0315744747019795,0.0406597620543543,0.354833866156551,0.00547865612871149,0.0204469565122125,0.116637484017398,0.0172007622089391,0.378731614340496,0.0344364238793579,"Human_Breast_He_06222020_ST_BC23288_D2"
"Human_Breast_He_06222020_ST_BC23288_D2_8x22",0.0174786069196694,0.0735503275483476,0.314010530266805,0.0216014665909795,0.00826528362108048,0.223760600923426,0.0184087926690186,0.297199155594641,0.0257252358660318,"Human_Breast_He_06222020_ST_BC23288_D2"
"Human_Breast_He_06222020_ST_BC23288_D2_8x23",0.00202990041008117,0.0675309892913974,0.233201586109748,0.000550179225149465,5.73810988766578e-05,0.167837380380418,0.000324283695651458,0.526618702403463,0.00184959738521494,"Human_Breast_He_06222020_ST_BC23288_D2"
"Human_Breast_He_06222020_ST_BC23288_D2_8x20",0.00728316563302008,0.074200895851324,0.192644344200776,0.000917580665303697,0.00118640288609733,0.235138493347961,0.0014841463626367,0.482436881897506,0.00470808915537567,"Human_Breast_He_06222020_ST_BC23288_D2"
"Human_Breast_He_06222020_ST_BC23288_D2_11x17",0.00370511327761618,0.0167289888795601,0.37494982155586,0.00391865689681334,0.00326537378406991,0.278421929364338,0.00534885588786723,0.309190032396731,0.00447122795714477,"Human_Breast_He_06222020_ST_BC23288_D2"
"Human_Breast_He_06222020_ST_BC23288_D2_8x27",0.0062446689042568,0.113476570017761,0.453806972747064,0.00130740610997906,0.00254909328472112,0.111091030348305,0.0380581682034078,0.228254618399513,0.0452114719849917,"Human_Breast_He_06222020_ST_BC23288_D2"
"Human_Breast_He_06222020_ST_BC23288_D2_8x25",0.00329643275352576,0.0721675452298128,0.435598699020056,0.00697242455639415,0.00276922175602196,0.182955321131515,0.0313807896249191,0.23117764792883,0.0336819179989259,"Human_Breast_He_06222020_ST_BC23288_D2"
"Human_Breast_He_06222020_ST_BC23288_D2_8x28",0.00458627742288832,0.0625307501748009,0.282487731024825,0.0042611801842055,0.00376890148908266,0.118578011182637,0.0320578798671497,0.441594416490779,0.0501348521636312,"Human_Breast_He_06222020_ST_BC23288_D2"
"Human_Breast_He_06222020_ST_BC23288_D2_8x29",0.00334891707882995,0.0650351571197891,0.176983359055908,0.00102929342162916,0.00127143085953975,0.31341401063433,0.0077282651948457,0.409451644210874,0.0217379224242542,"Human_Breast_He_06222020_ST_BC23288_D2"
"Human_Breast_He_06222020_ST_BC23288_D2_11x18",0.00568686211563811,0.0664042381117269,0.44302342032221,0.00157124275394488,0.000392969880466507,0.207902883525618,0.0763908573146883,0.164482395332917,0.0341451306427916,"Human_Breast_He_06222020_ST_BC23288_D2"
"Human_Breast_He_06222020_ST_BC23288_D2_11x19",0.0292520500432063,0.0781740834024632,0.339239289822045,0.000678944809678156,0.00203243355787431,0.233702760171568,0.00612118413913938,0.283217505564349,0.0275817484896764,"Human_Breast_He_06222020_ST_BC23288_D2"
"Human_Breast_He_06222020_ST_BC23288_D2_26x18",0.0728926486512208,0.0552547161301063,0.258035023348179,0.00353044158726126,0.00109288224952889,0.116956022807942,0.0572818916270882,0.408200681508892,0.0267556920897813,"Human_Breast_He_06222020_ST_BC23288_D2"
"Human_Breast_He_06222020_ST_BC23288_D2_17x15",0.00958503308505194,0.0696526039637156,0.322341876321219,9.12101644648151e-05,0.000424601663710166,0.21324769821584,0.00250926877467737,0.368726247346037,0.0134214604652849,"Human_Breast_He_06222020_ST_BC23288_D2"
"Human_Breast_He_06222020_ST_BC23288_D2_17x11",0.0767762757408555,0.0672578592589593,0.283400638738006,0.0151128221550853,0.0262520284531088,0.170175975766963,0.0169364607432287,0.287552182649,0.0565357564947931,"Human_Breast_He_06222020_ST_BC23288_D2"
"Human_Breast_He_06222020_ST_BC23288_D2_17x16",0.0178956338559124,0.0566968134856225,0.470532789257501,0.00012926305051071,0.000181029071265785,0.141254733582382,0.0040983294536065,0.303031681589321,0.0061797266538782,"Human_Breast_He_06222020_ST_BC23288_D2"
"Human_Breast_He_06222020_ST_BC23288_D2_17x17",0.013100039339354,0.0581893501561147,0.346017461987392,0.00067319519667873,0.000835857927116045,0.186458547320439,0.00827845219462911,0.370017973947331,0.0164291219309449,"Human_Breast_He_06222020_ST_BC23288_D2"
"Human_Breast_He_06222020_ST_BC23288_D2_17x14",0.0046237725043114,0.0330691623019615,0.525954002355098,7.52611018621848e-05,2.54986799036203e-05,0.144830819422626,0.00427420871390645,0.273648663041165,0.0134986118791657,"Human_Breast_He_06222020_ST_BC23288_D2"
"Human_Breast_He_06222020_ST_BC23288_D2_26x19",0.00676653269615737,0.0500925602932212,0.396081291842033,0.0326555056806945,0.00587356601707102,0.164254065975074,0.0154076881346408,0.305653774014182,0.0232150153469251,"Human_Breast_He_06222020_ST_BC23288_D2"
"Human_Breast_He_06222020_ST_BC23288_D2_26x16",0.0384453823809416,0.0574209441842092,0.400472269353885,0.00351145018576573,0.00317780743378466,0.175259188452131,0.0338527892415525,0.244535053960414,0.0433251148073165,"Human_Breast_He_06222020_ST_BC23288_D2"
"Human_Breast_He_06222020_ST_BC23288_D2_26x17",0.0177392806219849,0.0516451050521829,0.379002721338315,0.00177585865297271,0.00141434501124433,0.170237394331214,0.0453537868603522,0.287617231194781,0.0452142769369525,"Human_Breast_He_06222020_ST_BC23288_D2"
"Human_Breast_He_06222020_ST_BC23288_D2_17x18",0.0153780591692084,0.048362499446149,0.339649549460075,0.000456221495360347,0.00401039662429527,0.102710034445923,0.00959717878151385,0.456413072912726,0.0234229876647495,"Human_Breast_He_06222020_ST_BC23288_D2"
"Human_Breast_He_06222020_ST_BC23288_D2_17x19",0.0115232848464378,0.0509722833729956,0.226840629237399,0.00555299635765629,0.000480708997420806,0.0898288569595827,0.00358360912649791,0.606247017382986,0.00497061371902408,"Human_Breast_He_06222020_ST_BC23288_D2"
"Human_Breast_He_06222020_ST_BC23288_D2_26x12",0.0127822345034527,0.0393080838893795,0.266754223981627,0.0820829292217935,0.074752738197056,0.136868403383155,0.037411861376797,0.275314742096273,0.0747247833504658,"Human_Breast_He_06222020_ST_BC23288_D2"
"Human_Breast_He_06222020_ST_BC23288_D2_26x13",0.0467862859930851,0.0635565392716013,0.191492927925431,0.00733677705322598,0.00980157460864536,0.159732372521359,0.00962181606115718,0.481241425096737,0.030430281468759,"Human_Breast_He_06222020_ST_BC23288_D2"
"Human_Breast_He_06222020_ST_BC23288_D2_31x16",0.0434923547096354,0.0528384085937321,0.30094241240757,0.0275296482279003,0.0287496241801575,0.17548525984627,0.0439678999577992,0.287169122294399,0.0398252697825366,"Human_Breast_He_06222020_ST_BC23288_D2"
"Human_Breast_He_06222020_ST_BC23288_D2_31x17",0.00881839702615303,0.0511807412378285,0.303582038720139,0.028837046717866,0.0098494935116246,0.179768838119788,0.0345601059144059,0.33540055420578,0.0480027845464152,"Human_Breast_He_06222020_ST_BC23288_D2"
"Human_Breast_He_06222020_ST_BC23288_D2_26x15",0.0126050897372015,0.0643429845180335,0.431859221231105,0.000780034327902975,0.00060055430008066,0.126935467068005,0.0204478250579451,0.307017820455552,0.0354110033041734,"Human_Breast_He_06222020_ST_BC23288_D2"
"Human_Breast_He_06222020_ST_BC23288_D2_31x18",0.0103257857370662,0.0644119772134837,0.275686234725624,0.00507727786474508,0.00274143282044567,0.240191476036517,0.00743299365094806,0.34558914413891,0.0485436778122606,"Human_Breast_He_06222020_ST_BC23288_D2"
"Human_Breast_He_06222020_ST_BC23288_D2_31x19",0.00474479393835688,0.0342773215949655,0.234187212810974,0.00884008310522564,0.0330877190634363,0.307867489964007,0.0370215634221266,0.301927561000521,0.0380462551003871,"Human_Breast_He_06222020_ST_BC23288_D2"
"Human_Breast_He_06222020_ST_BC23288_D2_10x26",0.0114660580527623,0.0916127085255194,0.0944154996077078,0.00596963750075641,0.0046380327076889,0.23617758446207,0.00867413318731117,0.464885317926841,0.0821610280293425,"Human_Breast_He_06222020_ST_BC23288_D2"
"Human_Breast_He_06222020_ST_BC23288_D2_10x27",0.00224399398065134,0.0641181274183747,0.404360106564483,0.00016356855736197,0.000232881412181875,0.200214576770792,0.00137317881001624,0.325166855964067,0.00212671052207191,"Human_Breast_He_06222020_ST_BC23288_D2"
"Human_Breast_He_06222020_ST_BC23288_D2_10x24",0.000575959592504222,0.0480059736437879,0.244909261907892,0.000363341336776219,0.000130942380451907,0.169650502789264,0.00042096240537004,0.533963037673793,0.00198001827016048,"Human_Breast_He_06222020_ST_BC23288_D2"
"Human_Breast_He_06222020_ST_BC23288_D2_10x25",0.0125897438633383,0.0561565917424178,0.223851180861462,0.000411226733883764,0.000231527510310903,0.162791038597272,0.00557955257591378,0.532318866396854,0.00607027171854692,"Human_Breast_He_06222020_ST_BC23288_D2"
"Human_Breast_He_06222020_ST_BC23288_D2_10x22",0.000900237561149843,0.006816490907206,0.523063544532279,0.000237166698193855,0.00057113591934598,0.18657799995569,0.00586153583360085,0.266773655089806,0.00919823350272814,"Human_Breast_He_06222020_ST_BC23288_D2"
"Human_Breast_He_06222020_ST_BC23288_D2_10x23",0.0336011046827403,0.0989202169545229,0.269710071477615,0.000951974789559216,0.000782434564233239,0.0853695552163195,0.00985760899813836,0.49423005855037,0.00657697476650103,"Human_Breast_He_06222020_ST_BC23288_D2"
"Human_Breast_He_06222020_ST_BC23288_D2_10x20",0.0019793405121781,0.0614837023529136,0.403808051566003,0.0127077557949723,0.00572723730834089,0.244149338091888,0.00875088209576505,0.21885159633171,0.0425420959462291,"Human_Breast_He_06222020_ST_BC23288_D2"
"Human_Breast_He_06222020_ST_BC23288_D2_10x21",0.00375187718480232,0.049528887073,0.37839205398847,0.116961141645846,0.0228003115881562,0.138436654696011,0.0414521889744771,0.206263417296456,0.0424134675527809,"Human_Breast_He_06222020_ST_BC23288_D2"
"Human_Breast_He_06222020_ST_BC23288_D2_10x28",0.000444963629460684,0.0696171933646748,0.267651101356717,0.000105171967385161,7.1840736272446e-05,0.167771541974237,0.000541352147555228,0.488248844271126,0.00554799055257138,"Human_Breast_He_06222020_ST_BC23288_D2"
"Human_Breast_He_06222020_ST_BC23288_D2_10x29",0.000209331512880368,0.0867387206301304,0.232857882081102,0.000157212269734728,0.000237024693209541,0.168368374199759,0.000475386407413725,0.510003095141409,0.000952973064361362,"Human_Breast_He_06222020_ST_BC23288_D2"
"Human_Breast_He_06222020_ST_BC23288_D2_7x16",0.0341393140127552,0.0548441516066171,0.157266246240493,0.344796363070859,0.093756668673077,0.0699628190814573,0.0730429763633939,0.092542647006812,0.079648813944535,"Human_Breast_He_06222020_ST_BC23288_D2"
"Human_Breast_He_06222020_ST_BC23288_D2_7x17",0.0170774487936809,0.118105617337606,0.119997637109588,0.00018665519511651,0.000334412736881181,0.19495303616652,0.0322458699633306,0.48318514783947,0.033914174857808,"Human_Breast_He_06222020_ST_BC23288_D2"
"Human_Breast_He_06222020_ST_BC23288_D2_7x15",0.00113987507319624,0.0317908967120216,0.329836482189044,0.0164020404074464,0.0220838029624816,0.0712909642654981,0.0121012194524662,0.413963868742239,0.101390850195607,"Human_Breast_He_06222020_ST_BC23288_D2"
"Human_Breast_He_06222020_ST_BC23288_D2_12x13",0.0061637155413361,0.0366243367212636,0.324308038372505,0.0141470456083951,0.00717227542655612,0.280862505790674,0.00500116985707298,0.297691864108531,0.0280290485736658,"Human_Breast_He_06222020_ST_BC23288_D2"
"Human_Breast_He_06222020_ST_BC23288_D2_7x18",0.00368820181772252,0.0657433189974014,0.456949339518279,0.000273959960806861,0.00237666697246596,0.167570335733909,0.0212933780654175,0.238119338843477,0.0439854600905204,"Human_Breast_He_06222020_ST_BC23288_D2"
"Human_Breast_He_06222020_ST_BC23288_D2_7x19",0.00478933332663493,0.0840815373065967,0.321239376041892,0.0103470469515899,0.00124237997734727,0.266242030312953,0.0183249838339206,0.256496857370354,0.0372364548787123,"Human_Breast_He_06222020_ST_BC23288_D2"
"Human_Breast_He_06222020_ST_BC23288_D2_13x23",0.000531366223474386,0.0289368693586326,0.436085049904978,0.0248845055673963,0.00990609779886066,0.132021350693557,0.00576202468980858,0.351636913827672,0.0102358219356201,"Human_Breast_He_06222020_ST_BC23288_D2"
"Human_Breast_He_06222020_ST_BC23288_D2_21x17",0.00193314716144987,0.0462954219581648,0.434254841210711,0.000502567191380061,0.000234971271276408,0.134194063655967,0.00125491858048215,0.364593687443771,0.0167363815267974,"Human_Breast_He_06222020_ST_BC23288_D2"
"Human_Breast_He_06222020_ST_BC23288_D2_21x16",0.00716086409604668,0.0531914688577452,0.494707161624295,0.000281523671659985,0.000786302206882774,0.18234966349941,0.0156340191466195,0.239708551109815,0.0061804457875264,"Human_Breast_He_06222020_ST_BC23288_D2"
"Human_Breast_He_06222020_ST_BC23288_D2_21x15",0.0220376455392793,0.0690032947209916,0.191309722806432,0.0166817291930467,0.0128553323212257,0.120700412929969,0.0432213954464634,0.426813318918934,0.0973771481236581,"Human_Breast_He_06222020_ST_BC23288_D2"
"Human_Breast_He_06222020_ST_BC23288_D2_21x14",0.00747192615483258,0.084420965149708,0.323205012450183,0.00385906289910966,0.00573381176928137,0.160373252448811,0.0044564355787349,0.383259149994682,0.0272203835546572,"Human_Breast_He_06222020_ST_BC23288_D2"
"Human_Breast_He_06222020_ST_BC23288_D2_21x13",0.0341028404716797,0.0871373833275838,0.324456543896764,0.0223374155641036,0.0104155667815007,0.200549697836672,0.0196771025818067,0.264447790037808,0.036875659502082,"Human_Breast_He_06222020_ST_BC23288_D2"
"Human_Breast_He_06222020_ST_BC23288_D2_21x12",0.0345803258272506,0.0714508734250042,0.25805096347186,0.000596815623270141,0.00422584760504658,0.209204585737932,0.00596122957507688,0.399719766413999,0.0162095923205603,"Human_Breast_He_06222020_ST_BC23288_D2"
"Human_Breast_He_06222020_ST_BC23288_D2_21x11",0.0130774021776285,0.0547987902870087,0.352369160001227,0.0126191579917217,0.0022389822196185,0.201850123896265,0.0314977633297848,0.30961878154033,0.0219298385564153,"Human_Breast_He_06222020_ST_BC23288_D2"
"Human_Breast_He_06222020_ST_BC23288_D2_21x19",0.0056622274125616,0.0620351245836204,0.364546851863748,0.000163023814872123,0.000144914780665031,0.11373245185417,0.00931782868239622,0.435724709860827,0.00867286714713853,"Human_Breast_He_06222020_ST_BC23288_D2"
"Human_Breast_He_06222020_ST_BC23288_D2_21x18",0.0245283186610621,0.0457101931024327,0.379836840641954,0.014239945880415,0.00499239340532026,0.113814064789851,0.0276984592529346,0.365266722407193,0.0239130618588368,"Human_Breast_He_06222020_ST_BC23288_D2"
"Human_Breast_He_06222020_ST_BC23288_D2_9x25",0.000235048651440741,0.0750128370613722,0.370607940466499,0.00153344478313029,0.000233143325713047,0.159571338576364,0.00109192376412292,0.390725528001246,0.000988795370112072,"Human_Breast_He_06222020_ST_BC23288_D2"
"Human_Breast_He_06222020_ST_BC23288_D2_9x24",0.00552471231670974,0.0598139891499953,0.177421826729518,0.000125043165899957,0.000465866439450159,0.20690585804998,0.00144128674035061,0.543186312296916,0.00511510511117941,"Human_Breast_He_06222020_ST_BC23288_D2"
"Human_Breast_He_06222020_ST_BC23288_D2_13x29",0.000156616016243526,0.0287643416373607,0.257943494872429,1.42743961281504e-05,1.15919811983844e-05,0.114153701821198,8.77282546216539e-05,0.598643023268587,0.000225227752233177,"Human_Breast_He_06222020_ST_BC23288_D2"
"Human_Breast_He_06222020_ST_BC23288_D2_13x28",0.000278688235318963,0.0485033141316843,0.202560982675779,0.00149239789312463,0.000393572953586818,0.092362796651351,0.00179962822239607,0.649570881376626,0.00303773786013341,"Human_Breast_He_06222020_ST_BC23288_D2"
"Human_Breast_He_06222020_ST_BC23288_D2_9x21",0.0050718602018089,0.0539435360857156,0.395025764419526,0.00337103297630979,0.00784627331296194,0.197022810509224,0.0225236416050005,0.258459433451528,0.056735647437925,"Human_Breast_He_06222020_ST_BC23288_D2"
"Human_Breast_He_06222020_ST_BC23288_D2_12x29",0.000465248324041481,0.0827956064506821,0.108649171745953,1.42804492594413e-05,5.54061398292094e-06,0.220070729065011,0.000620578456581827,0.586311064809846,0.00106778008464283,"Human_Breast_He_06222020_ST_BC23288_D2"
"Human_Breast_He_06222020_ST_BC23288_D2_9x23",0.0186491049092849,0.0696857395156438,0.297563098162447,0.036491614993232,0.0101626147425083,0.0849927753528783,0.0234991241967911,0.43400337018933,0.0249525579378848,"Human_Breast_He_06222020_ST_BC23288_D2"
"Human_Breast_He_06222020_ST_BC23288_D2_9x22",0.00963473182877954,0.05531230055984,0.426406952503091,0.00366217898899037,0.00301088792916443,0.178009296095662,0.0160548064229004,0.280238123299803,0.0276707223717691,"Human_Breast_He_06222020_ST_BC23288_D2"
"Human_Breast_He_06222020_ST_BC23288_D2_12x24",0.00693911602772049,0.0562794607835792,0.221233883043419,0.00350854536181556,0.00140356202245283,0.210297325167326,0.00494860997436063,0.491318055370072,0.00407144224925395,"Human_Breast_He_06222020_ST_BC23288_D2"
"Human_Breast_He_06222020_ST_BC23288_D2_12x25",0.000420939467553173,0.0408534534065982,0.208139850461082,0.00746459036069585,0.00036116350046989,0.044518213810999,0.000200634441633089,0.697933831241236,0.000107323309733129,"Human_Breast_He_06222020_ST_BC23288_D2"
"Human_Breast_He_06222020_ST_BC23288_D2_12x26",5.42707229149912e-05,0.0550141186513589,0.223140842873265,0.000483594363649812,2.7819693867132e-05,0.142347389192366,0.000839155172074327,0.576222733704036,0.00187007562646767,"Human_Breast_He_06222020_ST_BC23288_D2"
"Human_Breast_He_06222020_ST_BC23288_D2_12x27",0.000203189841972026,0.0604237305655637,0.144217631477619,6.2239731260971e-06,1.72772586904213e-06,0.123168487321869,5.30318241151906e-05,0.671778096315515,0.000147880954350419,"Human_Breast_He_06222020_ST_BC23288_D2"
"Human_Breast_He_06222020_ST_BC23288_D2_13x27",0.00051756403466016,0.0481082686234041,0.183795778276966,6.49743267164846e-05,6.4404327346252e-05,0.162247245952137,0.000459577866906492,0.60384168557514,0.000900501016724425,"Human_Breast_He_06222020_ST_BC23288_D2"
"Human_Breast_He_06222020_ST_BC23288_D2_9x28",0.00466823003718002,0.0981850018173921,0.136305480894371,0.00152091811565931,0.000165707662358501,0.144287725340284,0.0262622352795797,0.558218246711235,0.0303864541419399,"Human_Breast_He_06222020_ST_BC23288_D2"
"Human_Breast_He_06222020_ST_BC23288_D2_12x22",0.0291072639156104,0.052191821773253,0.360108882195325,0.00312102230896406,0.00107954494835498,0.17945411837032,0.0134622262596062,0.331199156675106,0.0302759635534602,"Human_Breast_He_06222020_ST_BC23288_D2"
"Human_Breast_He_06222020_ST_BC23288_D2_12x23",0.00422747006689978,0.0486126254253479,0.36972706011648,3.24163759042759e-05,1.59670003452421e-05,0.209185825383164,0.000660468159650447,0.366228107747063,0.00131005972514582,"Human_Breast_He_06222020_ST_BC23288_D2"
"Human_Breast_He_06222020_ST_BC23288_D2_13x21",0.00960224333011224,0.0608958480946732,0.39424124718561,0.00564762612770665,0.00300285724697258,0.20353096816546,0.0110121745165751,0.292230141922564,0.019836893410326,"Human_Breast_He_06222020_ST_BC23288_D2"
"Human_Breast_He_06222020_ST_BC23288_D2_14x25",0.000167584656080597,0.0954375747363747,0.0813722763953415,5.01050805988445e-06,1.92410638100849e-06,0.117989174415435,4.82509791286646e-05,0.704890258732057,8.79454711418416e-05,"Human_Breast_He_06222020_ST_BC23288_D2"
"Human_Breast_He_06222020_ST_BC23288_D2_3x24",0.0508018785056739,0.0483095051725967,0.221411494037606,0.193274066608177,0.0235783530982518,0.127967007566127,0.113502306099137,0.1993564108688,0.0217989780436295,"Human_Breast_He_06222020_ST_BC23288_D2"
"Human_Breast_He_06222020_ST_BC23288_D2_11x29",2.09750544793817e-05,0.0693408241069237,0.18064750296669,8.10744885043274e-06,3.56689825273231e-06,0.137796331267204,1.38090223578544e-05,0.612121193274022,4.7689961220499e-05,"Human_Breast_He_06222020_ST_BC23288_D2"
"Human_Breast_He_06222020_ST_BC23288_D2_11x28",0.000298178292320099,0.0452570430153937,0.21068245159195,0.00232628273173636,0.000334858617446365,0.158922560127209,0.000289202498590805,0.581262952078624,0.000626471046730188,"Human_Breast_He_06222020_ST_BC23288_D2"
"Human_Breast_He_06222020_ST_BC23288_D2_3x21",0.00614101702254864,0.101847240480158,0.427365504788874,0.00046648580920715,0.000157443115481853,0.143797166575771,0.0133463549435569,0.277106026388144,0.0297727608762582,"Human_Breast_He_06222020_ST_BC23288_D2"
"Human_Breast_He_06222020_ST_BC23288_D2_11x24",0.00107639366761168,0.0625454279494094,0.256834891055694,0.00241782611801069,0.000248172335925379,0.13387572967708,0.0011588066841936,0.539578020735187,0.0022647317768889,"Human_Breast_He_06222020_ST_BC23288_D2"
"Human_Breast_He_06222020_ST_BC23288_D2_11x27",0.000404144108225461,0.0628420765873193,0.290299675765393,0.00015822452826673,8.54424305024006e-05,0.128499079727224,7.13869469439758e-05,0.517449001690763,0.000190968215362686,"Human_Breast_He_06222020_ST_BC23288_D2"
"Human_Breast_He_06222020_ST_BC23288_D2_11x26",9.31897054018683e-05,0.0118583959882819,0.20483306956951,0.000566027634526295,2.92268008855426e-06,0.100785595683332,2.20305132025771e-05,0.681768188119379,7.05801062767454e-05,"Human_Breast_He_06222020_ST_BC23288_D2"
"Human_Breast_He_06222020_ST_BC23288_D2_11x21",0.0138187810722597,0.0500127660191183,0.404061534448636,9.87625744701469e-05,0.00158921644777001,0.152877192443552,0.0221874766364204,0.339840833430798,0.0155134369269754,"Human_Breast_He_06222020_ST_BC23288_D2"
"Human_Breast_He_06222020_ST_BC23288_D2_11x20",0.0175310622777512,0.0579897061232685,0.327209200974243,0.000874299065106764,0.00749747491774353,0.228021914038468,0.0338547163295076,0.30860186495122,0.0184197613226912,"Human_Breast_He_06222020_ST_BC23288_D2"
"Human_Breast_He_06222020_ST_BC23288_D2_11x22",0.000453256924561175,0.0351213141620087,0.317102855017384,0.246777133372999,0.0263572976254189,0.0520339881057563,0.0278799485893321,0.26162655125652,0.0326476549460204,"Human_Breast_He_06222020_ST_BC23288_D2"
"Human_Breast_He_06222020_ST_BC23288_D2_18x19",0.00501520462990744,0.0512371572073111,0.250835111621126,0.00755141448689062,0.000706922273967609,0.129472456468747,0.00163419921856123,0.546195382058964,0.00735215203452509,"Human_Breast_He_06222020_ST_BC23288_D2"
"Human_Breast_He_06222020_ST_BC23288_D2_18x16",0.0116239427586536,0.0516481593997357,0.324507420212758,0.0116661086249748,0.0044725639856739,0.0919641706879872,0.00395458247981197,0.478179367484595,0.02198368436581,"Human_Breast_He_06222020_ST_BC23288_D2"
"Human_Breast_He_06222020_ST_BC23288_D2_18x14",0.0403849698757098,0.0448735753741343,0.400253374674514,0.0158447834982802,0.0185825395783947,0.168377076268906,0.0281041589452423,0.23854742535772,0.0450320964270991,"Human_Breast_He_06222020_ST_BC23288_D2"
"Human_Breast_He_06222020_ST_BC23288_D2_25x27",0.0179634249231324,0.0735582437083943,0.228186120816676,0.0231894043691963,0.023498898848771,0.139244037916745,0.00376555804168098,0.483337826060898,0.00725648531450682,"Human_Breast_He_06222020_ST_BC23288_D2"
"Human_Breast_He_06222020_ST_BC23288_D2_25x24",0.0623750389944723,0.0542063276119892,0.1855016439518,0.152205242739505,0.0342340165712959,0.0789581642206256,0.0554732469190429,0.34801782718766,0.0290284918036088,"Human_Breast_He_06222020_ST_BC23288_D2"
"Human_Breast_He_06222020_ST_BC23288_D2_17x25",4.65960578985824e-05,0.0325308099310203,0.124403207087617,3.8806257281476e-05,3.282563148013e-06,0.0529090193808249,8.10420551969519e-05,0.789661702070947,0.00032553459606534,"Human_Breast_He_06222020_ST_BC23288_D2"
"Human_Breast_He_06222020_ST_BC23288_D2_25x25",0.0117706437642579,0.0419975897063252,0.278684336794052,0.00824691534004432,0.00273666432630259,0.1702988237196,0.0297778422539197,0.441469982996651,0.0150172010988473,"Human_Breast_He_06222020_ST_BC23288_D2"
"Human_Breast_He_06222020_ST_BC23288_D2_17x24",5.15812872851482e-06,0.0269489087638171,0.150118087678825,5.17953481140764e-05,1.90247906290997e-05,0.0296254440691114,1.05368575774651e-05,0.793190936310561,3.01080526358869e-05,"Human_Breast_He_06222020_ST_BC23288_D2"
"Human_Breast_He_06222020_ST_BC23288_D2_2x24",0.00279919570609727,0.0602982909877734,0.593054113121583,0.0353322022903088,0.00586921411357839,0.156778336552169,0.0156857081074265,0.0689577357971293,0.0612252033239348,"Human_Breast_He_06222020_ST_BC23288_D2"
"Human_Breast_He_06222020_ST_BC23288_D2_2x25",0.0306255962928327,0.0869075543602045,0.417589781351439,0.0173192344127121,0.0110113197662755,0.10404607433584,0.0195017933274983,0.24985319670894,0.0631454494442586,"Human_Breast_He_06222020_ST_BC23288_D2"
"Human_Breast_He_06222020_ST_BC23288_D2_2x22",0.00198641372838029,0.0664563048157329,0.535799523210961,0.0050859157954057,0.00114324321995617,0.141471558393094,0.0102971993990456,0.206982194767322,0.0307776466701019,"Human_Breast_He_06222020_ST_BC23288_D2"
"Human_Breast_He_06222020_ST_BC23288_D2_2x23",0.069073246273756,0.0767563904512712,0.365355283343782,0.00927121898008769,0.0294616782617278,0.163636746574243,0.0324443496413464,0.185988027276354,0.0680130591974317,"Human_Breast_He_06222020_ST_BC23288_D2"
"Human_Breast_He_06222020_ST_BC23288_D2_20x24",0.00106753464624282,0.0752850199115298,0.438495200025163,0.000372422150691386,0.000507083781597164,0.141906459507039,0.000641477618784262,0.332741643117744,0.00898315924120731,"Human_Breast_He_06222020_ST_BC23288_D2"
"Human_Breast_He_06222020_ST_BC23288_D2_17x23",2.3618805125726e-05,0.0357433038562135,0.162621958120204,8.30550947984103e-06,6.44008424622561e-06,0.0896653743365332,2.04195905890315e-05,0.711896740045506,1.38396521021004e-05,"Human_Breast_He_06222020_ST_BC23288_D2"
"Human_Breast_He_06222020_ST_BC23288_D2_11x16",0.000121910350933132,0.04321128853038,0.38142575952901,0.00478214184042259,0.00482140582821797,0.258983388354589,0.00202757978776798,0.275910573962916,0.0287159518157629,"Human_Breast_He_06222020_ST_BC23288_D2"
"Human_Breast_He_06222020_ST_BC23288_D2_14x28",0.000780838905718207,0.0335857524694706,0.177916664872183,0.000154120018912721,0.000192644910630618,0.160883468658298,0.00154931370595994,0.615530254124905,0.00940694233392138,"Human_Breast_He_06222020_ST_BC23288_D2"
"Human_Breast_He_06222020_ST_BC23288_D2_14x29",0.00574861325098377,0.0710330640453104,0.165026548969604,0.000128195808968377,8.12535039213567e-05,0.124915586202988,0.000379264319396846,0.632143196405204,0.000544277493623103,"Human_Breast_He_06222020_ST_BC23288_D2"
"Human_Breast_He_06222020_ST_BC23288_D2_16x30",0.00240044657837212,0.0444127519967435,0.251902324262236,8.99603640849522e-05,6.20014954320637e-05,0.188466700373842,0.000114622958975743,0.511463748117509,0.00108744385280497,"Human_Breast_He_06222020_ST_BC23288_D2"
"Human_Breast_He_06222020_ST_BC23288_D2_7x30",0.000272294601415116,0.0665249010356635,0.160652078269117,3.82098313564293e-06,7.09297582763225e-07,0.0962083101614749,5.23786516438487e-05,0.676174172308537,0.000111334691430723,"Human_Breast_He_06222020_ST_BC23288_D2"
"Human_Breast_He_06222020_ST_BC23288_D2_8x17",0.00466194405792692,0.0377420977424998,0.458004518744988,0.00107120079380833,0.000196082044350138,0.207931781918015,0.00829384942457847,0.268597136332952,0.0135013889408809,"Human_Breast_He_06222020_ST_BC23288_D2"
"Human_Breast_He_06222020_ST_BC23288_D2_14x16",0.0169627439380218,0.0536680534802933,0.322726598000537,0.109524969676992,0.00480004678832782,0.219186985207707,0.0247054172200197,0.228550707795323,0.0198744778927787,"Human_Breast_He_06222020_ST_BC23288_D2"
"Human_Breast_He_06222020_ST_BC23288_D2_17x21",0.0133938762050147,0.0620590191630388,0.333516210270253,0.00534566147212748,0.00269360205868084,0.0951719803283701,0.0176485935025328,0.459769953141309,0.0104011038586737,"Human_Breast_He_06222020_ST_BC23288_D2"
"Human_Breast_He_06222020_ST_BC23288_D2_14x15",0.0156387607835588,0.0288487723208246,0.311597813365055,0.000552105239526333,0.000171785189828374,0.252859789592174,0.00381617746842268,0.376543947991872,0.00997084804873906,"Human_Breast_He_06222020_ST_BC23288_D2"
