"","Endothelial","CAFs","PVL","B-cells","T-cells","Myeloid","Normal Epithelial","Plasmablasts","Cancer Epithelial","sid"
"Human_Breast_Wu_06052021_Visium_CID44971_AACATTGGTCAGCCGT-1",0.0196240211095854,0.039613149563972,0.00404820768411119,0.451588593851852,0.0160533244165241,0.025810291510412,0.248340290969383,0.141659058441698,0.0532630624524635,"Human_Breast_Wu_06052021_Visium_CID44971"
"Human_Breast_Wu_06052021_Visium_CID44971_CATCGAATGGATCTCT-1",0.00524996741479881,0.0207265476591701,0.0526851903921183,0.735666236845437,0.0107368068826273,0.00247927806209058,0.132382541793069,0.00237121184325652,0.0377022191074323,"Human_Breast_Wu_06052021_Visium_CID44971"
"Human_Breast_Wu_06052021_Visium_CID44971_CGGGTTGTAGCTTTGG-1",0.00318351317056649,0.00879054622523756,0.00167944863303875,0.74575673325539,0.00578784428901605,0.000115493930406678,0.21754883827982,0.0018178201467163,0.0153197620698078,"Human_Breast_Wu_06052021_Visium_CID44971"
"Human_Breast_Wu_06052021_Visium_CID44971_CCTAAGTGTCTAACCG-1",0.00199648973588998,0.160084886273091,0.00364339283256323,0.107546354892714,0.00317029779506385,0.0218138952399203,0.672687626934294,0.00141867955582348,0.02763837674064,"Human_Breast_Wu_06052021_Visium_CID44971"
"Human_Breast_Wu_06052021_Visium_CID44971_TCTGTGACTGACCGTT-1",0.00723313304687293,0.050933405502828,0.0147300952126292,0.427352646669044,0.0280699972088352,0.00247348200784763,0.457402715217706,0.00322565513301264,0.00857887000122385,"Human_Breast_Wu_06052021_Visium_CID44971"
"Human_Breast_Wu_06052021_Visium_CID44971_TTATCATACTCGCAAA-1",0.00813711800761386,0.11582768513197,0.106399474719415,0.0489465546898572,0.00143768884455691,0.000209844932422131,0.70957061825749,0.00348508935796889,0.00598592605870548,"Human_Breast_Wu_06052021_Visium_CID44971"
"Human_Breast_Wu_06052021_Visium_CID44971_AGCGTAGCGCTAGACC-1",0.004527823110828,0.126279831380974,0.0759523624038533,0.262953062187382,0.00856266508780167,0.00112130150099367,0.505681032585779,0.00586956250646263,0.00905235923592549,"Human_Breast_Wu_06052021_Visium_CID44971"
"Human_Breast_Wu_06052021_Visium_CID44971_AGGTCGCCACTTCGGT-1",0.00893118866388343,0.0936011579102934,0.00245555385942744,0.486239898869763,0.00762377793184688,0.000738876338122878,0.38908625371346,0.00207107796477095,0.00925221474843151,"Human_Breast_Wu_06052021_Visium_CID44971"
"Human_Breast_Wu_06052021_Visium_CID44971_TTGCTAGCTACCAATC-1",0.0816196216443587,0.114492325295242,0.137437903323494,0.410493498691425,0.0225489696025545,0.00336660674082125,0.186187159003014,0.0280662230724086,0.0157876926266814,"Human_Breast_Wu_06052021_Visium_CID44971"
"Human_Breast_Wu_06052021_Visium_CID44971_GCCGGTTTGGGCGGAT-1",0.0415678551339662,0.455201978722879,0.0394580710268284,0.0812305432097865,0.00412827906358844,0.0309808361837407,0.305818013868781,0.0305156521161757,0.0110987706742542,"Human_Breast_Wu_06052021_Visium_CID44971"
"Human_Breast_Wu_06052021_Visium_CID44971_TGTAACTTGTCAACCT-1",0.0283463948984515,0.0872452782313928,0.0228601144548179,0.37018461222308,0.0202289084030989,0.00286496899254544,0.423993431461873,0.0167247185477818,0.0275515727869581,"Human_Breast_Wu_06052021_Visium_CID44971"
"Human_Breast_Wu_06052021_Visium_CID44971_CGAGATGTTGCCTATA-1",0.0729729103022403,0.0426048114404528,0.0253008720947369,0.148429190958217,0.00477707591801808,0.0109365962455267,0.536988480471818,0.144732676530633,0.0132573860383567,"Human_Breast_Wu_06052021_Visium_CID44971"
"Human_Breast_Wu_06052021_Visium_CID44971_GTTACGAAATCCACGC-1",0.0187090510402416,0.120355478774897,0.0731228013025878,0.562012164110218,0.00768190298719394,0.00425343164433219,0.177244531531397,0.00439572329704944,0.0322249153120822,"Human_Breast_Wu_06052021_Visium_CID44971"
"Human_Breast_Wu_06052021_Visium_CID44971_CTTGTCGTACGTGTCA-1",0.0273134239512435,0.0882644742512087,0.0174376542441943,0.539150558528764,0.0124016511001586,0.000256695976086489,0.299649803179659,0.000558101204293409,0.0149676375643926,"Human_Breast_Wu_06052021_Visium_CID44971"
"Human_Breast_Wu_06052021_Visium_CID44971_GCGTCCAGCTCGTGGC-1",0.00556120699974855,0.0590368770455303,0.00772429121685262,0.29975457466453,0.00729847184235274,0.00265841791860371,0.57512353720924,0.0297235057206864,0.0131191173824548,"Human_Breast_Wu_06052021_Visium_CID44971"
"Human_Breast_Wu_06052021_Visium_CID44971_CCCTTCTCGTACGCGA-1",0.0104486738593173,0.207191976452327,0.0056065557519068,0.31017185613034,0.00100857685695853,8.70428427326774e-05,0.455267144621415,0.000270276202501609,0.0099478972825015,"Human_Breast_Wu_06052021_Visium_CID44971"
"Human_Breast_Wu_06052021_Visium_CID44971_CCAAAGTCCCGCTAAC-1",0.0056224890065306,0.074073326795801,0.00656631217599164,0.445081783695288,0.0123628390827902,0.00589705570082577,0.401421182937567,0.00249748494452358,0.046477525660683,"Human_Breast_Wu_06052021_Visium_CID44971"
"Human_Breast_Wu_06052021_Visium_CID44971_CCGCTTCGCGGTTAAC-1",0.000938816369831462,0.124983057832857,0.0139481597284581,0.629920943174614,0.0014932353529383,0.000120230775458289,0.211265228289871,0.00465941457422059,0.012670913901751,"Human_Breast_Wu_06052021_Visium_CID44971"
"Human_Breast_Wu_06052021_Visium_CID44971_GTTACGGCCCGACTGC-1",0.00443849376234105,0.0488551361279966,0.016213645402929,0.660839177995511,0.0199055864686988,7.76316475545019e-05,0.230294105341161,5.66046083497721e-05,0.0193196186454584,"Human_Breast_Wu_06052021_Visium_CID44971"
"Human_Breast_Wu_06052021_Visium_CID44971_CCCGCTTGCCCTCGTC-1",0.0517422326902863,0.383167998948817,0.0631367071376239,0.149915319277503,0.0665883124680383,0.00613627040570525,0.17761916303727,0.0435833416943656,0.0581106543403907,"Human_Breast_Wu_06052021_Visium_CID44971"
"Human_Breast_Wu_06052021_Visium_CID44971_TAGTGAGAAGTGGTTG-1",0.00819395171197289,0.203411174664265,0.0129460279735157,0.564026265239235,0.0112025339369699,0.000447261622214368,0.15224144966954,0.0152889101121979,0.0322424250700894,"Human_Breast_Wu_06052021_Visium_CID44971"
"Human_Breast_Wu_06052021_Visium_CID44971_AAACAATCTACTAGCA-1",0.00273989581148946,0.193157263413362,0.00508703286104856,0.585952032559626,0.0178379082392543,0.00069481198135148,0.163547038022447,0.00607072193649926,0.0249132951749219,"Human_Breast_Wu_06052021_Visium_CID44971"
"Human_Breast_Wu_06052021_Visium_CID44971_CACGACTAAAGTTCTG-1",0.0006324523311194,0.400150723752169,0.000987031577636778,0.237420767875868,0.0234358228000614,0.00473779419966674,0.259779800190131,0.00158801435465656,0.0712675929186903,"Human_Breast_Wu_06052021_Visium_CID44971"
"Human_Breast_Wu_06052021_Visium_CID44971_GAAGACTTCAATGCCG-1",0.0191519856187356,0.205524338257152,0.250776261675857,0.137051670221361,0.00391648753408998,0.0837061751825166,0.163781817847129,0.000247572576466366,0.135843691086692,"Human_Breast_Wu_06052021_Visium_CID44971"
"Human_Breast_Wu_06052021_Visium_CID44971_ACCAAACTAGAAATCC-1",0.0416739385160347,0.357570840965288,0.136584589866764,0.0401202645954966,0.0962824826043603,0.00515981337038348,0.0065416112035295,0.20641167203228,0.109654786845863,"Human_Breast_Wu_06052021_Visium_CID44971"
"Human_Breast_Wu_06052021_Visium_CID44971_GACCAGGTCATTCATA-1",0.00388015819378815,0.43807715493439,0.000295528168580181,0.386077606576913,0.00281971797705277,0.000531890765412205,0.0113128690675898,0.0708388824502795,0.086166191865994,"Human_Breast_Wu_06052021_Visium_CID44971"
"Human_Breast_Wu_06052021_Visium_CID44971_GTATCGGGACGAGCTG-1",0.00601773218265926,0.0893601141636649,0.010335482548621,0.590428528835598,0.00346084162306941,0.00179962092277483,0.257596383274561,0.0138586368947779,0.027142659554274,"Human_Breast_Wu_06052021_Visium_CID44971"
"Human_Breast_Wu_06052021_Visium_CID44971_CCTGTGCATAGGAGAC-1",0.030699995720044,0.046294152094433,0.0175342020028917,0.518544867429387,0.0150334059613446,0.0087765146810737,0.337089290034802,5.12108444191122e-05,0.025976361231605,"Human_Breast_Wu_06052021_Visium_CID44971"
"Human_Breast_Wu_06052021_Visium_CID44971_CATACGGGTGCATGAT-1",0.0108271312209276,0.0537277649439963,0.0127897230932682,0.51250135767628,0.00564902611161231,0.000844420059861788,0.328482465124688,0.0597217647646178,0.0154563470047481,"Human_Breast_Wu_06052021_Visium_CID44971"
"Human_Breast_Wu_06052021_Visium_CID44971_CCACTAAACTGAATCG-1",0.00215094671598775,0.016516548287799,0.00626339605440017,0.7292967821448,0.00723402062396774,0.000139509039261859,0.215302909748486,0.00249115009794904,0.0206047372873471,"Human_Breast_Wu_06052021_Visium_CID44971"
"Human_Breast_Wu_06052021_Visium_CID44971_AAATTGCGGCGGTTCT-1",0.00330105369658049,0.0265757908039293,0.00539829268236782,0.689959455468921,0.0183414419177462,3.85115891782598e-05,0.231493209197444,0.000952771384376329,0.0239394732594564,"Human_Breast_Wu_06052021_Visium_CID44971"
"Human_Breast_Wu_06052021_Visium_CID44971_AGTCCAGCGGGTACGT-1",0.00553051679754031,0.0145110248255136,0.0121355077164007,0.738723794572553,0.00479557298733201,1.89296325574444e-05,0.20779991781222,0.000336132270718896,0.0161486033851636,"Human_Breast_Wu_06052021_Visium_CID44971"
"Human_Breast_Wu_06052021_Visium_CID44971_CATTCAGGTCAGTGCG-1",0.00377841339207963,0.0121718030127843,0.00184827070883317,0.753183114154686,0.00457578980100252,3.23136171015607e-05,0.202262261294999,0.000306828624218788,0.0218412053942947,"Human_Breast_Wu_06052021_Visium_CID44971"
"Human_Breast_Wu_06052021_Visium_CID44971_CTAAAGTCCGAAGCTA-1",0.00210461076077608,0.0110106640132857,0.0016771173036408,0.650748504812693,0.00904691319441773,8.94488239087678e-05,0.314978726546153,0.000219968804267166,0.0101240457408578,"Human_Breast_Wu_06052021_Visium_CID44971"
"Human_Breast_Wu_06052021_Visium_CID44971_AATCAGACTGCAGGAC-1",0.00373577047808425,0.0279198264645251,0.0179074681936272,0.714985487339373,0.0049603786396741,6.62544141260708e-05,0.209169736216091,0.000200509273901548,0.0210545689805981,"Human_Breast_Wu_06052021_Visium_CID44971"
"Human_Breast_Wu_06052021_Visium_CID44971_AGTATCCATAATAACG-1",0.00345399100981779,0.033458322278649,0.0107671283201007,0.686461926448241,0.0118073538967424,0.00108912608073084,0.23565514450152,0.00148301565041598,0.0158239918137822,"Human_Breast_Wu_06052021_Visium_CID44971"
"Human_Breast_Wu_06052021_Visium_CID44971_CTGGCTGCTAACGTAA-1",0.00467711350588741,0.021455116231418,0.00960381939317415,0.538798630604506,0.0131897021964965,0.000150891524507769,0.378553421323053,0.00667369056198945,0.0268976146589677,"Human_Breast_Wu_06052021_Visium_CID44971"
"Human_Breast_Wu_06052021_Visium_CID44971_GTTCCAAGACAGCGAC-1",0.0169184218766978,0.073525624528163,0.0119289831039552,0.399486368257917,0.0117243692736317,0.0056908270808646,0.439589405196664,0.0193918511015542,0.0217441495805531,"Human_Breast_Wu_06052021_Visium_CID44971"
"Human_Breast_Wu_06052021_Visium_CID44971_AAGACTAACCCGTTGT-1",0.00251055199903675,0.0114485414305744,0.00614858229725169,0.728751915071402,0.00577352008465853,2.91343777231837e-05,0.224629571412563,0.000324746117431884,0.0203834372093586,"Human_Breast_Wu_06052021_Visium_CID44971"
"Human_Breast_Wu_06052021_Visium_CID44971_GATTAATCCTGGCTCA-1",0.0053769915929721,0.0204228650292395,0.00454799282632007,0.61278790312074,0.0119279008465636,0.00030719388004564,0.319576883738812,0.00162469900707919,0.0234275699582281,"Human_Breast_Wu_06052021_Visium_CID44971"
"Human_Breast_Wu_06052021_Visium_CID44971_CGCGCAAGGAACTACA-1",0.00437471761597165,0.0160464742553992,0.023368235798622,0.657476403860598,0.0100550228079849,7.00298540052184e-05,0.273435319984564,0.000600016180040172,0.0145737796428158,"Human_Breast_Wu_06052021_Visium_CID44971"
"Human_Breast_Wu_06052021_Visium_CID44971_CAGTAGCGAGGTAGTA-1",0.00445990363768984,0.0378302341686709,0.00830968987006004,0.639269369557287,0.00664426414229843,0.000633836085709469,0.278392907020305,0.00621267725685551,0.0182471182611231,"Human_Breast_Wu_06052021_Visium_CID44971"
"Human_Breast_Wu_06052021_Visium_CID44971_ACGGCGGGTTGCCCTG-1",0.0169227739795828,0.0343041407177268,0.029176913605673,0.567065552657144,0.0151269063433974,0.000367125204336849,0.302747552455531,0.00509916404850374,0.0291898709881038,"Human_Breast_Wu_06052021_Visium_CID44971"
"Human_Breast_Wu_06052021_Visium_CID44971_CTAGGCGGCAGAGAAT-1",0.00587242185835119,0.0578520588342916,0.0089377777891033,0.517289026688534,0.0125062146737423,0.00177114725973357,0.363429538501945,0.00506183701871611,0.0272799773755829,"Human_Breast_Wu_06052021_Visium_CID44971"
"Human_Breast_Wu_06052021_Visium_CID44971_GTGCGCAGCTTGCTCC-1",0.00827957719350889,0.0409402772026488,0.017032789753818,0.459617823232329,0.0231656720697755,0.00280040007486571,0.419082278542428,0.00286820197637283,0.0262129799542538,"Human_Breast_Wu_06052021_Visium_CID44971"
"Human_Breast_Wu_06052021_Visium_CID44971_TCACTATCGTGCAATC-1",0.0032864770412881,0.0437061105114376,0.0243210620079449,0.551984592530412,0.0128867080420176,0.00167891704612466,0.329082328918847,0.0140460847954115,0.019007719106517,"Human_Breast_Wu_06052021_Visium_CID44971"
"Human_Breast_Wu_06052021_Visium_CID44971_TATGATTCTGCTTGGT-1",0.00506404719441473,0.0620931991820698,0.0126497831478861,0.570676981145274,0.00601837676584198,0.000690874790425418,0.325668848817568,0.00284631521166548,0.0142915737448543,"Human_Breast_Wu_06052021_Visium_CID44971"
"Human_Breast_Wu_06052021_Visium_CID44971_TAAGATTTAGCGGGAG-1",0.00619004484238862,0.0410844421414983,0.0732489572545631,0.404237661860616,0.012866078005026,0.00143534858020425,0.419711326265966,0.023570072927405,0.0176560681223333,"Human_Breast_Wu_06052021_Visium_CID44971"
"Human_Breast_Wu_06052021_Visium_CID44971_TTACGGTGTCACCGAG-1",0.0124286169148577,0.0635799285510492,0.030647005412507,0.357021592585337,0.0111069550153648,0.00230214955706099,0.502265603456412,0.00720429966581845,0.013443848841593,"Human_Breast_Wu_06052021_Visium_CID44971"
"Human_Breast_Wu_06052021_Visium_CID44971_CTACACTAGCTTGTTC-1",0.00687487579282517,0.0790012408984578,0.0157034878259952,0.329003399749003,0.00935406213935722,0.00184572743326258,0.516951011033056,0.0346713746361569,0.00659482049188624,"Human_Breast_Wu_06052021_Visium_CID44971"
"Human_Breast_Wu_06052021_Visium_CID44971_TGAGCAGTCGTGAAGT-1",0.00971182707578657,0.149217857647083,0.0609553766967484,0.42738345258426,0.0092511892059752,0.00248298865028178,0.313881461720964,0.00637914118952183,0.0207367052293795,"Human_Breast_Wu_06052021_Visium_CID44971"
"Human_Breast_Wu_06052021_Visium_CID44971_CGCTGAGGACGTCCAA-1",0.0147896015669965,0.090935893354936,0.0116228623713363,0.538397107469389,0.0197538160845465,0.000575586732203994,0.303673117045242,0.0020119803035198,0.0182400350718296,"Human_Breast_Wu_06052021_Visium_CID44971"
"Human_Breast_Wu_06052021_Visium_CID44971_GTGTATGACTTTAAAG-1",0.00466499943242184,0.020804328602765,0.00352710509506922,0.322646583912995,0.0124089995064756,0.00406070935106009,0.54842958642173,0.0544390866102448,0.029018601067238,"Human_Breast_Wu_06052021_Visium_CID44971"
"Human_Breast_Wu_06052021_Visium_CID44971_CTAAACGGGTGTAATC-1",0.0033689891708717,0.0396387738949635,0.00840793810422902,0.722955354459786,0.0129265428426025,0.000255291515884748,0.193967533023518,0.000540138368970062,0.0179394386191748,"Human_Breast_Wu_06052021_Visium_CID44971"
"Human_Breast_Wu_06052021_Visium_CID44971_TGTACTGTGCCAAAGT-1",0.00212741343563413,0.00405819507913408,0.000791418361822983,0.619936644258939,0.0091268953509176,0.000342799491964161,0.339330974919106,0.001669447427053,0.0226162116754293,"Human_Breast_Wu_06052021_Visium_CID44971"
"Human_Breast_Wu_06052021_Visium_CID44971_GGCCACAAGCGATGGC-1",0.00165123036901755,0.0316265717448656,0.00126396707650671,0.697111218972862,0.00906269717878584,3.4345655359341e-05,0.243817666782438,0.000328168109491329,0.0151041341106736,"Human_Breast_Wu_06052021_Visium_CID44971"
"Human_Breast_Wu_06052021_Visium_CID44971_GTCAATTGTACTGAAG-1",0.00124761452698228,0.0110926449767984,0.000507010672288611,0.717131189497294,0.00379341493531678,5.85504205524834e-05,0.252263902759023,0.000130779197229183,0.0137748930145151,"Human_Breast_Wu_06052021_Visium_CID44971"
"Human_Breast_Wu_06052021_Visium_CID44971_AGGGACAGCACGGCGG-1",0.00398809220308638,0.0683620503819174,0.00881209983974368,0.627162422940455,0.00375806264079804,0.00105352134997723,0.264251987222645,0.000440623370399919,0.0221711400509774,"Human_Breast_Wu_06052021_Visium_CID44971"
"Human_Breast_Wu_06052021_Visium_CID44971_AGCTTATAGAGACCTG-1",0.00829523013027446,0.0268483726588868,0.00156522886432705,0.618928462336767,0.00315007856468201,0.000191386685575263,0.317451352604226,0.000213399098065215,0.0233564890571963,"Human_Breast_Wu_06052021_Visium_CID44971"
"Human_Breast_Wu_06052021_Visium_CID44971_AACTTTAGCTGCTGAG-1",0.0136454535440188,0.13935769951579,0.0335877921606924,0.382561923010566,0.0197905292234792,0.00620622281482787,0.372503691766752,0.00986643350924665,0.0224802544546271,"Human_Breast_Wu_06052021_Visium_CID44971"
"Human_Breast_Wu_06052021_Visium_CID44971_CCCAAGACAGAGTATG-1",0.00337725473572267,0.069613548542125,0.0282831360268105,0.680313831859004,0.0111939139441593,0.000341151382737765,0.174368982707161,0.00180603126948638,0.0307021495327935,"Human_Breast_Wu_06052021_Visium_CID44971"
"Human_Breast_Wu_06052021_Visium_CID44971_GGCATCAACGAGCACG-1",0.0258664203995846,0.093312884521105,0.00547572117279549,0.644663660700138,0.0106728692575264,0.00188006743065549,0.134273168506892,0.0410602233039644,0.0427949847073381,"Human_Breast_Wu_06052021_Visium_CID44971"
"Human_Breast_Wu_06052021_Visium_CID44971_ATGCATTCCGTGATGG-1",0.00636697504708801,0.140932155055066,0.00178836832487616,0.697926040086183,0.00401579721051786,0.00103057946368076,0.117007402711029,0.00259581039581468,0.0283368717057447,"Human_Breast_Wu_06052021_Visium_CID44971"
"Human_Breast_Wu_06052021_Visium_CID44971_TTATAGATGCACATTA-1",0.0284434773056623,0.176497002350298,0.0111061972126362,0.355877572776373,0.00244358832691234,0.0798433540251274,0.146959792790303,0.0730467080451189,0.125782307167569,"Human_Breast_Wu_06052021_Visium_CID44971"
"Human_Breast_Wu_06052021_Visium_CID44971_GAACCATCTGGGAGAC-1",0.0413257221604996,0.200587941646749,0.0933814996361546,0.417934606954494,0.00685906288653167,0.0171722836309879,0.10902201577264,0.0261069952368233,0.0876098720751187,"Human_Breast_Wu_06052021_Visium_CID44971"
"Human_Breast_Wu_06052021_Visium_CID44971_TGCTATACAAACGGAC-1",0.0116629663276448,0.137014640433498,0.0315738823879434,0.449760795425989,0.0146353465690122,0.00578472884545258,0.184374366552129,0.139662427088052,0.0255308463702787,"Human_Breast_Wu_06052021_Visium_CID44971"
"Human_Breast_Wu_06052021_Visium_CID44971_ACTTGCCATATTGTAC-1",0.0490671803565968,0.194666264362572,0.00390287122772383,0.23710457913012,0.0623955169506602,0.00562646319118928,0.316578622111844,0.0353495676079069,0.0953089350613861,"Human_Breast_Wu_06052021_Visium_CID44971"
"Human_Breast_Wu_06052021_Visium_CID44971_TATTCCGGCAGTCCTA-1",0.0076968409257946,0.135716508347897,0.0463003293385124,0.629208143275826,0.00149411157993608,0.000100030344005638,0.0295142795685304,0.140144765178522,0.00982499144097581,"Human_Breast_Wu_06052021_Visium_CID44971"
"Human_Breast_Wu_06052021_Visium_CID44971_GACGGACCGCGTTCCT-1",0.0541993878782741,0.195984987582405,0.17373529751832,0.349053575550509,0.010409811673345,0.00706339089017907,0.126127289886293,0.00317671660195506,0.0802495424187197,"Human_Breast_Wu_06052021_Visium_CID44971"
"Human_Breast_Wu_06052021_Visium_CID44971_AAGTTTACTAATGGCA-1",0.0525954766074386,0.0794649648212499,0.02143132991986,0.5147553670625,0.0235456770797442,0.0216682262515964,0.095027713526431,0.126579867228551,0.0649313775026285,"Human_Breast_Wu_06052021_Visium_CID44971"
"Human_Breast_Wu_06052021_Visium_CID44971_GATTGACACTCTGCTC-1",0.0396456459115794,0.358122017732156,0.0214939023344492,0.16514366558408,0.000891953116637164,0.0176209265018844,0.0844704223774794,0.223974635574757,0.0886368308669773,"Human_Breast_Wu_06052021_Visium_CID44971"
"Human_Breast_Wu_06052021_Visium_CID44971_TATCACAGCACGGGCA-1",0.00243321128032226,0.54593974081732,6.37679277759039e-05,0.0168696713230311,0.0123675606846042,0.0505782929958636,0.000943825419797119,0.293335295427443,0.0774686341238426,"Human_Breast_Wu_06052021_Visium_CID44971"
"Human_Breast_Wu_06052021_Visium_CID44971_ACCGTTCCCGCTCTGA-1",0.0118590390910993,0.258531830425928,0.0369181058193132,0.526306838234266,0.00700613894436528,0.000982655188704799,0.0122693549884125,0.11538195523896,0.0307440820689506,"Human_Breast_Wu_06052021_Visium_CID44971"
"Human_Breast_Wu_06052021_Visium_CID44971_CCGCCACCACAATCCA-1",0.01311185570892,0.468900108030359,0.00112354763945622,0.173742396088866,0.00821185733500906,0.0421205054135621,0.00461539002667817,0.224667100091272,0.0635072396658777,"Human_Breast_Wu_06052021_Visium_CID44971"
"Human_Breast_Wu_06052021_Visium_CID44971_CATTCACTGACAGCTA-1",0.0261843460404744,0.261385585719365,0.0346844727125913,0.63208829943059,0.00327989828970451,0.000121972431307754,0.00396051707599974,0.000616812676804065,0.0376780956231628,"Human_Breast_Wu_06052021_Visium_CID44971"
"Human_Breast_Wu_06052021_Visium_CID44971_CGGCTGCAAGATTAAG-1",0.0100258127472295,0.326582797021753,0.00343687151691542,0.440328070998398,0.00535943740325848,0.0326485442479634,0.0558388197574428,0.109409293184285,0.0163703531227551,"Human_Breast_Wu_06052021_Visium_CID44971"
"Human_Breast_Wu_06052021_Visium_CID44971_TTAATGCGAGGTAACT-1",0.000483925149470117,0.331203706103133,0.000126973551246893,0.5473406201548,0.00491697834211537,0.000609364609131513,0.0293351608804746,0.0633908323858787,0.0225924388237499,"Human_Breast_Wu_06052021_Visium_CID44971"
"Human_Breast_Wu_06052021_Visium_CID44971_AATAAGTCCTCGAGAC-1",0.00497318244679293,0.240807272707406,0.0179019769626183,0.577339537251652,0.00217650894470285,0.000166342609159413,0.0793145501734613,0.0624497467959171,0.01487088210829,"Human_Breast_Wu_06052021_Visium_CID44971"
"Human_Breast_Wu_06052021_Visium_CID44971_TGGAAACGGAGTGAAC-1",0.00606721199584416,0.0691109970783137,0.00299985970728244,0.273877774485344,0.0112888193304117,0.00109304673971314,0.58473841233595,0.0360459705265944,0.0147779078005462,"Human_Breast_Wu_06052021_Visium_CID44971"
"Human_Breast_Wu_06052021_Visium_CID44971_ATCGCACGATTGTTCA-1",0.0222377361129084,0.031883979328473,0.0103345982916417,0.431275461982878,0.0195217060098602,0.0050929445752408,0.361429845474612,0.0599873663042306,0.0582363619201548,"Human_Breast_Wu_06052021_Visium_CID44971"
"Human_Breast_Wu_06052021_Visium_CID44971_CGCCACCCGCATTAAC-1",0.00664510641732362,0.0238969587721486,0.00600692918170381,0.5870801738689,0.0239623487544635,0.000421245797991346,0.318215412442808,0.000684294298743802,0.0330875304659167,"Human_Breast_Wu_06052021_Visium_CID44971"
"Human_Breast_Wu_06052021_Visium_CID44971_TGGACCACGGCGTTGA-1",0.0153592614840665,0.019588775797929,0.00489144370637291,0.642971787651302,0.0141783279519984,0.000196353363440023,0.272582267885616,0.00293313280071543,0.02729864935856,"Human_Breast_Wu_06052021_Visium_CID44971"
"Human_Breast_Wu_06052021_Visium_CID44971_GTATATGTTACGGCGG-1",0.00104482054471651,0.00546467519556969,0.000722236286063562,0.743237694823434,0.00696509667045026,8.40252086879362e-06,0.230771303138288,0.000130877245436593,0.0116548935751725,"Human_Breast_Wu_06052021_Visium_CID44971"
"Human_Breast_Wu_06052021_Visium_CID44971_GTATTCTTACCGTGCT-1",0.00233376359891103,0.004280846558056,0.00138584748621436,0.762186858938393,0.00326386286468677,1.54279234056396e-05,0.211523116843293,2.85399408927884e-05,0.0149817358461472,"Human_Breast_Wu_06052021_Visium_CID44971"
"Human_Breast_Wu_06052021_Visium_CID44971_TTCAGAGTAACCTGAC-1",0.00338853808147057,0.00874263435817369,0.00396087822279223,0.674743589500477,0.012341346880667,5.54120802836897e-05,0.265398551674254,0.00201268895047345,0.0293563602514084,"Human_Breast_Wu_06052021_Visium_CID44971"
"Human_Breast_Wu_06052021_Visium_CID44971_GCGGTAACCCAAATGA-1",0.0080869766516293,0.0149233532282181,0.0137147019715135,0.600795633917152,0.0111304041947025,0.000636375992913452,0.306404803942594,0.0173702246347197,0.026937525466558,"Human_Breast_Wu_06052021_Visium_CID44971"
"Human_Breast_Wu_06052021_Visium_CID44971_CTACGTGTTGCCACCA-1",0.0062286361673871,0.0379932654394394,0.0162418167247732,0.487885424958856,0.00786772552766955,0.000826202373087935,0.392353089961478,0.018285445382016,0.0323183934652924,"Human_Breast_Wu_06052021_Visium_CID44971"
"Human_Breast_Wu_06052021_Visium_CID44971_CTAGATAAACTCCTCG-1",0.00581943072071467,0.0262484605683149,0.00945004996922274,0.60059878569192,0.00512077760151097,0.000937291309858914,0.320734054250305,0.00541692605513402,0.0256742238330184,"Human_Breast_Wu_06052021_Visium_CID44971"
"Human_Breast_Wu_06052021_Visium_CID44971_TCCATTAGTTGGATAG-1",0.00359493376104612,0.0217397933349051,0.00612292269689489,0.597660189133242,0.0069972045895236,0.000242097619841227,0.3275152263704,0.00337625978176341,0.0327513727123837,"Human_Breast_Wu_06052021_Visium_CID44971"
"Human_Breast_Wu_06052021_Visium_CID44971_CTGGCTCCTGCGGGAT-1",0.00839495137904737,0.0342951356084534,0.00994146414647428,0.483906726781636,0.0202586111749238,0.00188294610484786,0.385871936718642,0.0162169520290858,0.0392312760568897,"Human_Breast_Wu_06052021_Visium_CID44971"
"Human_Breast_Wu_06052021_Visium_CID44971_CAGTCTCTCGGCTAAT-1",0.0210109269824904,0.0180054572798122,0.0281085112389355,0.636663998642905,0.018811566884726,0.000581490487598742,0.234993895363529,0.00680832974572389,0.0350158233742785,"Human_Breast_Wu_06052021_Visium_CID44971"
"Human_Breast_Wu_06052021_Visium_CID44971_GTATGACGTGGGAAAC-1",0.00588796472181444,0.0438369953883637,0.018716282556082,0.565884438830762,0.00579196479501392,0.000262289266114071,0.332186525787755,0.00451440599227193,0.0229191326618226,"Human_Breast_Wu_06052021_Visium_CID44971"
"Human_Breast_Wu_06052021_Visium_CID44971_AGTCACTCCGCCTCAT-1",0.00901107967464232,0.0241900676561979,0.00420477493379137,0.632677686548237,0.0130233682376237,0.00040356039788471,0.284254764022173,0.00441677805923951,0.0278179204702103,"Human_Breast_Wu_06052021_Visium_CID44971"
"Human_Breast_Wu_06052021_Visium_CID44971_GCAGCGGTGGGCATTA-1",0.00500172017297832,0.0190149609297869,0.0123849326113637,0.638548929285881,0.00915068951666562,0.000665110737370103,0.281612881835396,0.00280535978175862,0.0308154151287995,"Human_Breast_Wu_06052021_Visium_CID44971"
"Human_Breast_Wu_06052021_Visium_CID44971_TATGGAGTTTCTCGTT-1",0.00887719581625589,0.0287236707949635,0.00695630413656207,0.671881204664274,0.0148649325312143,0.000204676374218726,0.2474127068913,0.00182427191493867,0.0192550368762729,"Human_Breast_Wu_06052021_Visium_CID44971"
"Human_Breast_Wu_06052021_Visium_CID44971_ACTCAACGAATGTATT-1",0.00305437844720752,0.0168968090632656,0.00521134283810443,0.712246555464532,0.00693553085092265,5.14950494951591e-05,0.238279618253481,0.00165286510286572,0.0156714049301257,"Human_Breast_Wu_06052021_Visium_CID44971"
"Human_Breast_Wu_06052021_Visium_CID44971_AACACGCGGCCGCGAA-1",0.00218005505762451,0.0286888157107339,0.00368946319848206,0.490994732590167,0.00730069367759814,0.00135519243988031,0.441222593512825,0.011014959467186,0.0135534943455031,"Human_Breast_Wu_06052021_Visium_CID44971"
"Human_Breast_Wu_06052021_Visium_CID44971_CGATATTAGCCGCAGG-1",0.00136325966278068,0.00542610508370797,0.000503974458940658,0.779023740300036,0.00726033030663719,1.29463779538007e-05,0.191412327412244,8.72280070053173e-05,0.0149100883906944,"Human_Breast_Wu_06052021_Visium_CID44971"
"Human_Breast_Wu_06052021_Visium_CID44971_AGCGTCTGAACCCGCA-1",0.0106723314508595,0.0346688625932933,0.0191854198757041,0.493574781691227,0.0116683416992249,0.000267814405393544,0.391304525023771,0.0261072840030833,0.0125506392574441,"Human_Breast_Wu_06052021_Visium_CID44971"
"Human_Breast_Wu_06052021_Visium_CID44971_GATGTCCGGATCACAT-1",0.010019337313327,0.0653768995063213,0.0195856013680983,0.598432085549698,0.00908972181614302,0.0012867709487398,0.274280487950945,0.00592771665446621,0.0160013788922612,"Human_Breast_Wu_06052021_Visium_CID44971"
"Human_Breast_Wu_06052021_Visium_CID44971_GGTCACGTTAGATTCA-1",0.0139357585598765,0.063972503510032,0.0208390541704142,0.448077348973641,0.00729361008882951,0.00217318289340793,0.425953013109303,0.00296853918283536,0.0147869895116604,"Human_Breast_Wu_06052021_Visium_CID44971"
"Human_Breast_Wu_06052021_Visium_CID44971_TTAAGGATACGGAGGT-1",0.0075107278691592,0.0946393681003936,0.00708342048348695,0.536665545622506,0.00535871302031495,0.00160918727317101,0.307910030880673,0.0165399617773074,0.0226830449729875,"Human_Breast_Wu_06052021_Visium_CID44971"
"Human_Breast_Wu_06052021_Visium_CID44971_GTGCGGGACCATCGGC-1",0.0240879284022618,0.108957892804836,0.0635070519369882,0.286048633128273,0.00879428309695402,0.0178866113372706,0.455174341104473,0.0138006573600342,0.0217426008289096,"Human_Breast_Wu_06052021_Visium_CID44971"
"Human_Breast_Wu_06052021_Visium_CID44971_CCATCTTGTTCACAAT-1",0.00287310044667443,0.0387486414788347,0.00686587583953654,0.462463180175551,0.0266919350848743,0.00172703421520414,0.417616286175044,0.00418821721560605,0.0388257293686747,"Human_Breast_Wu_06052021_Visium_CID44971"
"Human_Breast_Wu_06052021_Visium_CID44971_TCCGAGAAGGCTAAGC-1",0.00470976376899503,0.0123982824546323,0.00371941057543787,0.597475068076578,0.0142907671570605,0.00103891201326183,0.336160656735614,0.00272635215440582,0.0274807870640149,"Human_Breast_Wu_06052021_Visium_CID44971"
"Human_Breast_Wu_06052021_Visium_CID44971_TGGCGGTGTGCGATTG-1",0.0186117008186993,0.104797762814922,0.014434097392015,0.45131464706989,0.031106694678812,0.00522026014978303,0.320554749826848,0.0141435841703395,0.0398165030786916,"Human_Breast_Wu_06052021_Visium_CID44971"
"Human_Breast_Wu_06052021_Visium_CID44971_ATCCTGCTGCAGATAG-1",0.000563946558429704,0.00163185521690495,0.000164821869736394,0.672612507318278,0.00657681192558777,6.15394473081079e-05,0.298741279905936,0.00020691177211603,0.0194403259857038,"Human_Breast_Wu_06052021_Visium_CID44971"
"Human_Breast_Wu_06052021_Visium_CID44971_TTATGCGTCCCGGTCC-1",0.0051691935589569,0.0266517219201145,0.00579784739914514,0.525316210827867,0.00934645741517906,0.000398153761013348,0.3941859683843,0.00206012156732796,0.0310743251660961,"Human_Breast_Wu_06052021_Visium_CID44971"
"Human_Breast_Wu_06052021_Visium_CID44971_CATAATGAGCGGGCGA-1",0.00558366454193704,0.0579934615065285,0.00528565769611158,0.566085238274705,0.00994241565007244,0.000499115099581922,0.331668146895001,0.00186519004172292,0.0210771102943396,"Human_Breast_Wu_06052021_Visium_CID44971"
"Human_Breast_Wu_06052021_Visium_CID44971_AGACATAGATCCTTCC-1",0.00239884841733513,0.0362600819120073,0.00468261880355373,0.61585363027861,0.00867219133479378,0.00349213061923711,0.296703443945741,0.00159580868813334,0.0303412460005887,"Human_Breast_Wu_06052021_Visium_CID44971"
"Human_Breast_Wu_06052021_Visium_CID44971_AACTGGTGTGGGCCTT-1",0.000623800624161956,0.0738172783091035,0.000373140492301011,0.656512349419601,0.00161390382932787,1.82876666570637e-05,0.251756790270125,0.00231054742205165,0.0129739019666703,"Human_Breast_Wu_06052021_Visium_CID44971"
"Human_Breast_Wu_06052021_Visium_CID44971_GTAGCGCTGTTGTAGT-1",0.00135579942906275,0.120663766068454,0.00225180580854207,0.621673326844754,0.0017880177210466,0.00272956973819441,0.20364150883284,2.28484199816682e-05,0.0458733571371247,"Human_Breast_Wu_06052021_Visium_CID44971"
"Human_Breast_Wu_06052021_Visium_CID44971_TTGTTTGTGTAAATTC-1",0.00894968999113963,0.0897777519652343,0.0442455385470287,0.702533169016145,0.00273957815759584,0.000257743913558922,0.101510210191038,0.000742295863141078,0.0492440223551186,"Human_Breast_Wu_06052021_Visium_CID44971"
"Human_Breast_Wu_06052021_Visium_CID44971_GGATCAAAGGACGAGG-1",0.014018596496576,0.104871409415413,0.0170804349217627,0.6345163277193,0.000953392986486033,0.0312680069138993,0.114686160627248,0.0486162114718337,0.033989459447481,"Human_Breast_Wu_06052021_Visium_CID44971"
"Human_Breast_Wu_06052021_Visium_CID44971_CGTAGCGCCGACGTTG-1",0.00170250410998393,0.0850623840605774,0.000986206775255238,0.664201283887746,0.00280942750454887,0.00363735740340934,0.2116669743575,0.00597552823342946,0.0239583336675492,"Human_Breast_Wu_06052021_Visium_CID44971"
"Human_Breast_Wu_06052021_Visium_CID44971_CAAGTGAACTTTGGTT-1",0.0301141348539935,0.108723499265455,0.00920354701541092,0.494445120363575,0.024343920966105,0.00258838673482517,0.240667670103286,0.0117871125883678,0.0781266081089828,"Human_Breast_Wu_06052021_Visium_CID44971"
"Human_Breast_Wu_06052021_Visium_CID44971_CAATGGTCGGCCTGGG-1",0.00529061912393773,0.174081698410929,0.0299869188760064,0.493747462163948,0.0120412033044815,0.000221128509412995,0.174528108317759,0.0399706017891894,0.0701322595043354,"Human_Breast_Wu_06052021_Visium_CID44971"
"Human_Breast_Wu_06052021_Visium_CID44971_ACAGATTAGGTTAGTG-1",0.0021464802928517,0.127965834392738,0.0243355974423396,0.776053129033101,0.00461591662833319,0.000232953225237122,0.007952135126672,0.00395162704187911,0.052746326816848,"Human_Breast_Wu_06052021_Visium_CID44971"
"Human_Breast_Wu_06052021_Visium_CID44971_GTTATCACCTTCTGAA-1",0.0072675440331389,0.00922323386146315,0.0023073687902911,0.678546289159227,0.00638841290988236,0.000183977710339061,0.275714448633977,0.000969510784437655,0.0193992141172438,"Human_Breast_Wu_06052021_Visium_CID44971"
"Human_Breast_Wu_06052021_Visium_CID44971_TGGTATCGGTCTGTAT-1",0.0797099337813652,0.283601874741856,0.02235190831838,0.171370453286246,0.0270382101115828,0.0110698282432557,0.0230488082644331,0.347057948918941,0.0347510343339398,"Human_Breast_Wu_06052021_Visium_CID44971"
"Human_Breast_Wu_06052021_Visium_CID44971_GGAATAACCTCAAGAA-1",0.048678269454409,0.145414483542654,0.0308278393194322,0.601731956126462,0.0175683915574341,0.0139605473683146,0.0177613835041473,0.00371373177932353,0.120343397347823,"Human_Breast_Wu_06052021_Visium_CID44971"
"Human_Breast_Wu_06052021_Visium_CID44971_CCGAGGGATGTTAGGC-1",0.00173947827511907,0.206077734530268,0.0664984206344775,0.420571095983912,0.00791253835374837,0.0220276467051395,0.0931317942457973,0.141736140034663,0.0403051512368745,"Human_Breast_Wu_06052021_Visium_CID44971"
"Human_Breast_Wu_06052021_Visium_CID44971_TGAGATCAAATACTCA-1",0.00503582009622773,0.219238804364949,0.00586926392989892,0.134577846335572,0.000426666847363661,0.0167654088171755,0.140161772342324,0.408842721757191,0.0690816955092974,"Human_Breast_Wu_06052021_Visium_CID44971"
"Human_Breast_Wu_06052021_Visium_CID44971_AAACGAAGAACATACC-1",0.00953370748381643,0.320434748613468,0.123599188322055,0.317118646758299,0.0131116993254768,0.00195216368380573,0.0310440710609249,0.0255543139552855,0.157651460796868,"Human_Breast_Wu_06052021_Visium_CID44971"
"Human_Breast_Wu_06052021_Visium_CID44971_TGGAGCTAAAGTTCCC-1",0.00134756462054283,0.565610598267678,0.00395890431827041,0.171775187775486,0.000127451977278709,0.0711300099393424,0.111483833667655,0.0531557638689479,0.0214106855647995,"Human_Breast_Wu_06052021_Visium_CID44971"
"Human_Breast_Wu_06052021_Visium_CID44971_GGGTGGTCCAGCCTGT-1",0.0464857268109322,0.365512566883968,0.0160712205149168,0.144967716132176,0.0117189438003121,0.118820048874165,0.126101714028657,0.091763072116435,0.0785589908384374,"Human_Breast_Wu_06052021_Visium_CID44971"
"Human_Breast_Wu_06052021_Visium_CID44971_CATGCATGGAGACCCT-1",0.00128033888322272,0.834630923052932,2.81177724250137e-05,0.00732342890578372,0.000358321572244009,0.0304617892280376,0.0393545343692825,0.0583210086673139,0.0282415375487579,"Human_Breast_Wu_06052021_Visium_CID44971"
"Human_Breast_Wu_06052021_Visium_CID44971_ACACGGCACTATGCAT-1",0.00656573234563625,0.350793320173085,0.00019046709665409,0.150919737452989,0.0111008848314909,0.0339884126853154,0.160901735345183,0.222539607702544,0.063000102367103,"Human_Breast_Wu_06052021_Visium_CID44971"
"Human_Breast_Wu_06052021_Visium_CID44971_CAATATTGGACTAGTG-1",0.00973193383227247,0.0354420255669108,0.0143197095056042,0.653827167922407,0.0084331044382508,0.00269877329299517,0.240924909682507,0.0109063929400218,0.0237159828190313,"Human_Breast_Wu_06052021_Visium_CID44971"
"Human_Breast_Wu_06052021_Visium_CID44971_CGTGCTGGCCTAGTCG-1",0.00417421845879507,0.0161242681330127,0.00784191598306503,0.706723372451646,0.00716981251704616,0.00318056589326345,0.22380151725988,0.00134667650499013,0.029637652798301,"Human_Breast_Wu_06052021_Visium_CID44971"
"Human_Breast_Wu_06052021_Visium_CID44971_CCTGCGATAGAACTGT-1",0.00915739335064171,0.0330405811086074,0.0143319158450278,0.54662428951275,0.00707882896705263,0.000741834138853528,0.343229838056527,0.0112223735305368,0.0345729454900027,"Human_Breast_Wu_06052021_Visium_CID44971"
"Human_Breast_Wu_06052021_Visium_CID44971_GGGTAATGCTGTGTTT-1",0.00794489057062189,0.0210393215281133,0.012894367117848,0.625142241496313,0.0103324680375226,0.000901185879464464,0.279005874625973,0.00113412953055956,0.0416055212135836,"Human_Breast_Wu_06052021_Visium_CID44971"
"Human_Breast_Wu_06052021_Visium_CID44971_AACGCGAACGGCAACA-1",0.0156709827130944,0.0308072302586802,0.0170572036865593,0.574999544145259,0.0180342798772658,0.00117341092081081,0.265073333954043,0.0105812538939475,0.06660276055034,"Human_Breast_Wu_06052021_Visium_CID44971"
"Human_Breast_Wu_06052021_Visium_CID44971_TGTCGGCATGGTGGAA-1",0.0117584395995152,0.0336719238866608,0.016870281628876,0.463023581148069,0.0322643670141762,0.00188944639499501,0.375408052198747,0.0397806925427538,0.0253332155862074,"Human_Breast_Wu_06052021_Visium_CID44971"
"Human_Breast_Wu_06052021_Visium_CID44971_AGCGTACGAGAGCTAG-1",0.00716554448111242,0.0166589477336015,0.00784385226838494,0.644355881241841,0.0206497787223024,0.000241556475065768,0.279125899532096,0.00193960717538921,0.0220189323702074,"Human_Breast_Wu_06052021_Visium_CID44971"
"Human_Breast_Wu_06052021_Visium_CID44971_ATACTCTCGCCACTCT-1",0.0126579477483804,0.0332433608143395,0.0312699439994398,0.624813981129061,0.0155130656887372,0.00185323017059575,0.247358191844631,0.0126119307426676,0.0206783478621477,"Human_Breast_Wu_06052021_Visium_CID44971"
"Human_Breast_Wu_06052021_Visium_CID44971_AATCCATGCAAGGGTG-1",0.00716770151594487,0.0280501204810278,0.0130471049106792,0.59153571655177,0.0112232678073862,0.000159892479463678,0.319859701931841,0.00433298956889946,0.0246235047529881,"Human_Breast_Wu_06052021_Visium_CID44971"
"Human_Breast_Wu_06052021_Visium_CID44971_TTAAACAGAGTCCCGC-1",0.00851075897262697,0.0304587861253708,0.0189427603545835,0.587321191586719,0.020189341717523,0.000484808438830897,0.30437722333246,0.0105376456038221,0.0191774838680644,"Human_Breast_Wu_06052021_Visium_CID44971"
"Human_Breast_Wu_06052021_Visium_CID44971_CCACAGCTGAAATCAT-1",0.0130064541550793,0.0425824007090549,0.020021835679599,0.55723467979109,0.00893442429277455,0.0007007369710525,0.32043146429383,0.012782361152627,0.024305642954893,"Human_Breast_Wu_06052021_Visium_CID44971"
"Human_Breast_Wu_06052021_Visium_CID44971_CGGTTCCGGCTTCTTG-1",0.00420621074553161,0.0339855835920172,0.0208983732082699,0.54612843154694,0.00713720826655618,0.00155278368846034,0.357198925536488,0.00311453590576298,0.0257779475099735,"Human_Breast_Wu_06052021_Visium_CID44971"
"Human_Breast_Wu_06052021_Visium_CID44971_GACGTGAGACTCCATG-1",0.0055713791193367,0.0218706013613945,0.0118563204749042,0.680358865867542,0.00417862983597589,4.19924456310284e-05,0.253001770190224,0.00186888174371136,0.0212515589612804,"Human_Breast_Wu_06052021_Visium_CID44971"
"Human_Breast_Wu_06052021_Visium_CID44971_TCGTTGGCTCGTCAAT-1",0.0115575449169888,0.0405844725026105,0.0215453982131853,0.586808028751336,0.00982672425202676,0.000387166834031812,0.290573361230917,0.00423247938907844,0.0344848239098248,"Human_Breast_Wu_06052021_Visium_CID44971"
"Human_Breast_Wu_06052021_Visium_CID44971_GGTGAACGGGCTAGCC-1",0.00339121609928644,0.0175973412678305,0.0034115287645198,0.672831685123395,0.0075328906515375,5.21504981364991e-05,0.276766337024559,0.000577809222506503,0.0178390413482291,"Human_Breast_Wu_06052021_Visium_CID44971"
"Human_Breast_Wu_06052021_Visium_CID44971_GCACTGTGCAAATGTA-1",0.00375351326446996,0.0105391243558188,0.00239395181073569,0.697870282830009,0.00866706685825006,5.97344968371098e-05,0.262433054686911,0.00122946107149315,0.013053810625475,"Human_Breast_Wu_06052021_Visium_CID44971"
