"","Endothelial","CAFs","PVL","B-cells","T-cells","Myeloid","Normal Epithelial","Plasmablasts","Cancer Epithelial","sid"
"Human_Breast_Wu_06052021_Visium_1160920F_TGTTGGCTGGCGGAAG-1",0.0259411172910384,0.0184068317142395,0.0183241051825479,0.122471262283802,0.0260795209891576,0.0327981596746962,0.0894228779867403,0.613076064038841,0.0534800608389366,"Human_Breast_Wu_06052021_Visium_1160920F"
"Human_Breast_Wu_06052021_Visium_1160920F_GCATCCTCTCCTATTA-1",0.0581370174033163,0.0343685313719122,0.0295308480190425,0.150183724287457,0.0403894723213037,0.0548167344871737,0.0738831517790356,0.454463481043697,0.104227039287062,"Human_Breast_Wu_06052021_Visium_1160920F"
"Human_Breast_Wu_06052021_Visium_1160920F_GCGAGGGACTGCTAGA-1",0.0373120286623308,0.0280311334533395,0.024166830391755,0.218252378597646,0.0365251280984761,0.0474932377427581,0.134755063470663,0.386018290234721,0.0874459093483108,"Human_Breast_Wu_06052021_Visium_1160920F"
"Human_Breast_Wu_06052021_Visium_1160920F_TGGTACCGGCACAGCC-1",0.0701989153047607,0.0346349743516503,0.0269578874236359,0.17831176305935,0.0339217163674056,0.031916817662896,0.0662484712007287,0.47724002492482,0.0805694297047523,"Human_Breast_Wu_06052021_Visium_1160920F"
"Human_Breast_Wu_06052021_Visium_1160920F_GCGCGTTTAAATCGTA-1",0.250698350359468,0.0957418573959194,0.0886649278077607,0.0416156160883187,0.0282745267959972,0.0488566775090887,0.04176227791603,0.376103055694636,0.0282827104327808,"Human_Breast_Wu_06052021_Visium_1160920F"
"Human_Breast_Wu_06052021_Visium_1160920F_TGCCTTGCCCTTACGG-1",0.224555345484784,0.0820612056335438,0.0768554526200767,0.121290512548384,0.0284057000208019,0.0570723374246754,0.085640994144903,0.284934946973116,0.0391835051497146,"Human_Breast_Wu_06052021_Visium_1160920F"
"Human_Breast_Wu_06052021_Visium_1160920F_GACGACTTTCCAAGAA-1",0.368719662951637,0.180893533001598,0.185002961455549,0.031065497525861,0.0208435675339168,0.0416772328917769,0.0435315396269459,0.115808432152592,0.0124575728601236,"Human_Breast_Wu_06052021_Visium_1160920F"
"Human_Breast_Wu_06052021_Visium_1160920F_CCAGTGAGCTCCTTGT-1",0.165067322312244,0.113250894144574,0.101369234275387,0.13432776487276,0.0392791059986858,0.0487594654658862,0.0862806330426959,0.261876401571112,0.0497891783166555,"Human_Breast_Wu_06052021_Visium_1160920F"
"Human_Breast_Wu_06052021_Visium_1160920F_ATACCCTGGCTCAAAT-1",0.0450080322749489,0.0348936061968207,0.0401095927589874,0.150530278499615,0.0598906419410518,0.0807131326220984,0.150245980921614,0.364949239520047,0.073659495264817,"Human_Breast_Wu_06052021_Visium_1160920F"
"Human_Breast_Wu_06052021_Visium_1160920F_GGGTTTCCGGCTTCCA-1",0.0386607799492816,0.0318251905503624,0.0156103618014755,0.199139562069786,0.068025523519299,0.0384924700442831,0.082445923771204,0.416926471530307,0.108873716764002,"Human_Breast_Wu_06052021_Visium_1160920F"
"Human_Breast_Wu_06052021_Visium_1160920F_TAACCGTCCAGTTCAT-1",0.0494218150679207,0.027959937904497,0.0149301028993434,0.114954352059092,0.0635373628483981,0.0684227722311993,0.099169753064262,0.418225635852415,0.143378268072873,"Human_Breast_Wu_06052021_Visium_1160920F"
"Human_Breast_Wu_06052021_Visium_1160920F_AAACAACGAATAGTTC-1",0.0415881352547661,0.0205541780408378,0.0193909472505868,0.191324198466888,0.0608709935762382,0.0429924871372877,0.171579017552808,0.355908342250328,0.0957917004702599,"Human_Breast_Wu_06052021_Visium_1160920F"
"Human_Breast_Wu_06052021_Visium_1160920F_CAAGGGAGTGTATTTG-1",0.0296059769209876,0.0258605673579916,0.0190642194622269,0.130627981651182,0.0220482770091398,0.0512805445312691,0.159945394754031,0.444296180376607,0.117270857936566,"Human_Breast_Wu_06052021_Visium_1160920F"
"Human_Breast_Wu_06052021_Visium_1160920F_CCAAGCTTGATCTCCT-1",0.0321026666292884,0.0218671841774419,0.0160723609713588,0.175558422414065,0.0404306386633673,0.0617734738133892,0.151780680832105,0.404961431370604,0.0954531411283808,"Human_Breast_Wu_06052021_Visium_1160920F"
"Human_Breast_Wu_06052021_Visium_1160920F_TTATTTCATCCCAAAC-1",0.0362943473575894,0.0193246747719476,0.011628732855478,0.141178175636837,0.0441585277798611,0.0696414068948416,0.147617735657817,0.408122541531186,0.122033857514443,"Human_Breast_Wu_06052021_Visium_1160920F"
"Human_Breast_Wu_06052021_Visium_1160920F_GAGCGCTATGTCAGGC-1",0.0360722290477348,0.0299382389684274,0.0120798826145181,0.129279697881698,0.0511563819781964,0.0420694874186615,0.163775437887437,0.430338574498037,0.105290069705289,"Human_Breast_Wu_06052021_Visium_1160920F"
"Human_Breast_Wu_06052021_Visium_1160920F_TATGGCAGACTTTCGA-1",0.0312580569021865,0.0284823612728481,0.0178999097311719,0.122097447348332,0.0436448220269588,0.0443980222090225,0.0905334206123908,0.496539927624657,0.125146032272432,"Human_Breast_Wu_06052021_Visium_1160920F"
"Human_Breast_Wu_06052021_Visium_1160920F_CTTCGTGCCCGCATCG-1",0.025767307774182,0.0213563928613436,0.0132147584911951,0.210380663419562,0.0571030905376116,0.0612803513016306,0.174296621567912,0.334791400164922,0.101809413881641,"Human_Breast_Wu_06052021_Visium_1160920F"
"Human_Breast_Wu_06052021_Visium_1160920F_AAACGGGTTGGTATCC-1",0.0268886994082153,0.0190783526261827,0.0203860168408822,0.0955353032656293,0.0353287771585779,0.0612847148313744,0.135994850610391,0.500527889228872,0.104975396029875,"Human_Breast_Wu_06052021_Visium_1160920F"
"Human_Breast_Wu_06052021_Visium_1160920F_TGCAAACCCACATCAA-1",0.0605766251505435,0.0206778263677408,0.0153964882522605,0.203712429195587,0.0513594833225866,0.0662434000768822,0.144642230436343,0.358788058301178,0.0786034588968786,"Human_Breast_Wu_06052021_Visium_1160920F"
"Human_Breast_Wu_06052021_Visium_1160920F_GACGGGATGTCTTATG-1",0.041112738798208,0.0283027341106992,0.0117456500656029,0.116693365831304,0.0484373951216158,0.0517436850120323,0.143022800619294,0.435597797246522,0.123343833194721,"Human_Breast_Wu_06052021_Visium_1160920F"
"Human_Breast_Wu_06052021_Visium_1160920F_GGCGAGCATCGAGGAC-1",0.0466648557109182,0.0312580918868233,0.0236607228506105,0.130586610979939,0.0744363901783686,0.0682509786592682,0.167598479671581,0.319260964280227,0.138282905782264,"Human_Breast_Wu_06052021_Visium_1160920F"
"Human_Breast_Wu_06052021_Visium_1160920F_CGCGTGCTATCAACGA-1",0.0416425411559821,0.0313957031474194,0.0228482016853683,0.170708060110746,0.0605148315393408,0.0749750840447051,0.167895038725045,0.318550698926535,0.111469840664858,"Human_Breast_Wu_06052021_Visium_1160920F"
"Human_Breast_Wu_06052021_Visium_1160920F_TGAAACCTCAACTCAC-1",0.0344102638899688,0.0262819870720779,0.0317588333148697,0.15561636005507,0.0390749271984931,0.0509911892255044,0.106718787712009,0.365640725800492,0.189506925731516,"Human_Breast_Wu_06052021_Visium_1160920F"
"Human_Breast_Wu_06052021_Visium_1160920F_CACATAAGGCGACCGT-1",0.0278470331199559,0.0240709185916466,0.0205153087745066,0.241248619778712,0.0595285524421604,0.0604126600811135,0.159043295465333,0.285124639772077,0.122208971974494,"Human_Breast_Wu_06052021_Visium_1160920F"
"Human_Breast_Wu_06052021_Visium_1160920F_TGACCCAACTCACATT-1",0.04765981812361,0.0305554569416159,0.0141307781928106,0.110854421294176,0.052664036833647,0.0802392121658755,0.26600696325388,0.280196847323272,0.117692465871113,"Human_Breast_Wu_06052021_Visium_1160920F"
"Human_Breast_Wu_06052021_Visium_1160920F_ATACGCCGATCTACCG-1",0.0367062435819469,0.0296915774169173,0.0178164065037619,0.155428380862588,0.0491984352169143,0.0844694259887297,0.166456309141168,0.301010384894515,0.159222836393459,"Human_Breast_Wu_06052021_Visium_1160920F"
"Human_Breast_Wu_06052021_Visium_1160920F_ACTTATCTGATCTATA-1",0.0373558096028584,0.0341552909165624,0.0198295693595477,0.133119483017439,0.0335855500258487,0.0890076374775144,0.172511206479567,0.317879418337676,0.162556034782987,"Human_Breast_Wu_06052021_Visium_1160920F"
"Human_Breast_Wu_06052021_Visium_1160920F_GTGTGAGCCGAGGTGC-1",0.0360543537424671,0.0319475407285535,0.0190128075564001,0.139193766093666,0.0459538220591491,0.0929373515283428,0.20116536384373,0.343056218050977,0.0906787763967149,"Human_Breast_Wu_06052021_Visium_1160920F"
"Human_Breast_Wu_06052021_Visium_1160920F_GATGATTTGAAACTGG-1",0.0623497850708876,0.0282664450540413,0.0348769213919024,0.162792596565433,0.0433324132665298,0.070799662670562,0.222077349579924,0.249895704491902,0.125609121908817,"Human_Breast_Wu_06052021_Visium_1160920F"
"Human_Breast_Wu_06052021_Visium_1160920F_GGGAACCACCTGTTTC-1",0.0446938236956985,0.0433473621345308,0.0197318091984108,0.167934152348231,0.0733815917814462,0.0729964869312272,0.15906399482528,0.27790077911392,0.140949999971255,"Human_Breast_Wu_06052021_Visium_1160920F"
"Human_Breast_Wu_06052021_Visium_1160920F_GTTCGTTGCGGACCAG-1",0.0823633422242881,0.0205375968418683,0.059874465360826,0.071348291730815,0.034531224987003,0.0198465177782305,0.0665894406393118,0.59859012902752,0.0463189914101375,"Human_Breast_Wu_06052021_Visium_1160920F"
"Human_Breast_Wu_06052021_Visium_1160920F_TGAGGTTGATCCCAAG-1",0.0721879950550929,0.0462755564176455,0.0288351856048663,0.2268745912763,0.0652135000794367,0.0639389988691914,0.125231999885246,0.277513926410746,0.0939282464014752,"Human_Breast_Wu_06052021_Visium_1160920F"
"Human_Breast_Wu_06052021_Visium_1160920F_GATGCCACACTACAGC-1",0.0458611703754882,0.039460146320873,0.0252134154978584,0.202945993726738,0.0981415248645963,0.0837320659455326,0.216537004229103,0.153610730452594,0.134497948587217,"Human_Breast_Wu_06052021_Visium_1160920F"
"Human_Breast_Wu_06052021_Visium_1160920F_AGGCAAAGAGGAATCA-1",0.0740224370637691,0.0420600399175818,0.035525654895937,0.254893020255237,0.0569067176491615,0.0730872646091438,0.0946681768861468,0.249676123762742,0.119160564960281,"Human_Breast_Wu_06052021_Visium_1160920F"
"Human_Breast_Wu_06052021_Visium_1160920F_AAGTAAGCTTCCAAAC-1",0.0273862648930578,0.0225335571517438,0.0245145145770548,0.177123833322683,0.0744811234481883,0.105214419196038,0.155489597619023,0.243986152267825,0.169270537524386,"Human_Breast_Wu_06052021_Visium_1160920F"
"Human_Breast_Wu_06052021_Visium_1160920F_AACGTAGTCTACCCAT-1",0.029651070000152,0.0332969441282528,0.0267866651554467,0.145840445832503,0.0618896754027248,0.0812146536366548,0.1579289727543,0.246605119958666,0.2167864531313,"Human_Breast_Wu_06052021_Visium_1160920F"
"Human_Breast_Wu_06052021_Visium_1160920F_GTTTGAGCGGTTATGT-1",0.0418822906821903,0.0308412637951798,0.0192595253615025,0.15874029136867,0.0567166313510741,0.0652428251680079,0.239938265161399,0.217194386310888,0.170184520801087,"Human_Breast_Wu_06052021_Visium_1160920F"
"Human_Breast_Wu_06052021_Visium_1160920F_GAAGCAAGGCAATGTT-1",0.0405104159617873,0.0227274872825117,0.0216676572159686,0.166088911279434,0.0793637600050356,0.0888752455586656,0.116455528346007,0.258820075398923,0.205490918951668,"Human_Breast_Wu_06052021_Visium_1160920F"
"Human_Breast_Wu_06052021_Visium_1160920F_TCACTCAGCGCATTAG-1",0.0519485580486761,0.0333796422950921,0.0182797332008364,0.163629405511828,0.0828850697750048,0.070981890449917,0.138478491748398,0.237780983595099,0.202636225375149,"Human_Breast_Wu_06052021_Visium_1160920F"
"Human_Breast_Wu_06052021_Visium_1160920F_TACAATGAAACCAGCA-1",0.0516440316752148,0.0273857847623735,0.0373422055227768,0.146377920266103,0.0510189994867126,0.101499005877039,0.174332051134762,0.204858578307837,0.205541422967182,"Human_Breast_Wu_06052021_Visium_1160920F"
"Human_Breast_Wu_06052021_Visium_1160920F_GTGCGCTTACAAATGA-1",0.0477701789749022,0.0321258841146851,0.0224673663488128,0.136452432943181,0.070031845204119,0.108969501383289,0.214472536323722,0.200257575072808,0.167452679634482,"Human_Breast_Wu_06052021_Visium_1160920F"
"Human_Breast_Wu_06052021_Visium_1160920F_GCACTCCCACAGTCCC-1",0.0368747791164978,0.0271918205423513,0.0237688739184018,0.236553569682167,0.0737820940019319,0.0766331639415564,0.230584037332622,0.132647935390764,0.161963726073708,"Human_Breast_Wu_06052021_Visium_1160920F"
"Human_Breast_Wu_06052021_Visium_1160920F_CGAAGACTGCCCGGGA-1",0.0515462421792317,0.0345191773978053,0.0533007304068686,0.158071656007665,0.0556696476432871,0.0854201610984026,0.196014975282946,0.204942938583705,0.160514471400089,"Human_Breast_Wu_06052021_Visium_1160920F"
"Human_Breast_Wu_06052021_Visium_1160920F_CAGGATCCGCCCGACC-1",0.061625582899646,0.0244596382775121,0.0222074875509183,0.152302996021171,0.072104345155832,0.11935552847043,0.175727277258163,0.153277729144068,0.218939415222259,"Human_Breast_Wu_06052021_Visium_1160920F"
"Human_Breast_Wu_06052021_Visium_1160920F_CACGATTGGTCGTTAA-1",0.0256233781632661,0.0331739004531317,0.0255145490569468,0.192476289609564,0.0510432798964765,0.0943225251625556,0.204104747617592,0.182376285549867,0.1913650444906,"Human_Breast_Wu_06052021_Visium_1160920F"
"Human_Breast_Wu_06052021_Visium_1160920F_GGTTGTATCGTGAAAT-1",0.0233749272774721,0.0528183606997667,0.0323662345458995,0.228517256871142,0.0703522321211302,0.0738300818875358,0.14853481383002,0.258477570895185,0.111728521871849,"Human_Breast_Wu_06052021_Visium_1160920F"
"Human_Breast_Wu_06052021_Visium_1160920F_TCTTATGGGTAGTACC-1",0.0172037124592269,0.0197074081538933,0.019449218309712,0.0569927178206837,0.031729880195676,0.0596665573261026,0.145312660137838,0.528321409159859,0.121616436437009,"Human_Breast_Wu_06052021_Visium_1160920F"
"Human_Breast_Wu_06052021_Visium_1160920F_TACAAGCTGTTCACTG-1",0.00109914290347961,0.000765171080757899,0.000819814840357252,0.000924571807133055,0.000295150175370457,0.00193109385791524,0.0035017832184478,0.989671892189357,0.000991379927181856,"Human_Breast_Wu_06052021_Visium_1160920F"
"Human_Breast_Wu_06052021_Visium_1160920F_GTATCTTGTTGCTCAC-1",0.0494685387742337,0.030754087163723,0.0316532585042719,0.163864349459587,0.0770880810316712,0.100138321752181,0.198925075437137,0.151334639867107,0.196773648010088,"Human_Breast_Wu_06052021_Visium_1160920F"
"Human_Breast_Wu_06052021_Visium_1160920F_ATACCAGGTGAGCGAT-1",0.0579673336632066,0.0345678540608657,0.0442591179562643,0.184381080999405,0.0707166514913615,0.0982256544611612,0.21862009875274,0.0597655829549516,0.231496625660044,"Human_Breast_Wu_06052021_Visium_1160920F"
"Human_Breast_Wu_06052021_Visium_1160920F_CCTAAACAGGGTCCGT-1",0.0554368662552535,0.0279860337704993,0.0366943909373178,0.135767150899591,0.0954888551390853,0.0875260847011448,0.218635525680637,0.0900637819279312,0.252401310688539,"Human_Breast_Wu_06052021_Visium_1160920F"
"Human_Breast_Wu_06052021_Visium_1160920F_ATGGTGCTCAAAGCCA-1",0.0502274668442523,0.0304745309399467,0.0324334613804778,0.160452763109111,0.0837254606895931,0.0647007579761214,0.202316501873635,0.124834784113536,0.250834273073327,"Human_Breast_Wu_06052021_Visium_1160920F"
"Human_Breast_Wu_06052021_Visium_1160920F_CAAATGCGGAGTGTTC-1",0.0346678472022697,0.0390469825634352,0.0306811356698708,0.154484103405998,0.107133947942556,0.0971513133600721,0.171345741704653,0.0892633781721966,0.276225549978949,"Human_Breast_Wu_06052021_Visium_1160920F"
"Human_Breast_Wu_06052021_Visium_1160920F_CGTGCCCGACATTTGT-1",0.0593951445718544,0.0290414146325787,0.0337352451305129,0.162438318476218,0.0609361692607233,0.0876383088827668,0.21385443147779,0.103067573807599,0.249893393759958,"Human_Breast_Wu_06052021_Visium_1160920F"
"Human_Breast_Wu_06052021_Visium_1160920F_GTATCTCCCTAACTGT-1",0.0501898557970837,0.0337421825945937,0.0305548113451355,0.128354449026083,0.114625748489819,0.105645059897946,0.16296270905662,0.121277497566112,0.252647686226608,"Human_Breast_Wu_06052021_Visium_1160920F"
"Human_Breast_Wu_06052021_Visium_1160920F_ATTTGCCTAGTTACGA-1",0.0563355329947191,0.0284746282330322,0.0265588817684742,0.207788098120942,0.0667944581628756,0.0667745847101697,0.194794980423851,0.186326919963625,0.166151915622311,"Human_Breast_Wu_06052021_Visium_1160920F"
"Human_Breast_Wu_06052021_Visium_1160920F_ACGTCCTAAACGAGAT-1",0.0430971593660865,0.0275185035746363,0.0320492711844338,0.171781461020805,0.0761135261265537,0.0863868809866747,0.250276243337891,0.117061496341197,0.195715458061721,"Human_Breast_Wu_06052021_Visium_1160920F"
"Human_Breast_Wu_06052021_Visium_1160920F_CTGGGATCGCCCAGAT-1",0.0563901515884727,0.0234235098630458,0.0232682414380034,0.182575119497213,0.0808636359639407,0.111584186035308,0.206583583017533,0.110118363495045,0.205193209101438,"Human_Breast_Wu_06052021_Visium_1160920F"
"Human_Breast_Wu_06052021_Visium_1160920F_CTGCAAATGGGCTCCA-1",0.0657566352599968,0.0297167679425124,0.0184784584191495,0.212975658278611,0.11531008117355,0.0597242381809685,0.156052019470225,0.181759983725285,0.160226157549701,"Human_Breast_Wu_06052021_Visium_1160920F"
"Human_Breast_Wu_06052021_Visium_1160920F_CATTATAACAGGGTCC-1",0.0486068026915303,0.0239454245122746,0.0340333686197331,0.222697698425486,0.0861712864542514,0.0684980131429254,0.084463289219141,0.260050612238793,0.171533504695865,"Human_Breast_Wu_06052021_Visium_1160920F"
"Human_Breast_Wu_06052021_Visium_1160920F_ACCTTTCCTTTAGAAG-1",0.0284657746318601,0.0595228635719376,0.0247504050743094,0.426621893897558,0.101853219047621,0.0470651979312681,0.0691398458903334,0.158983855849193,0.0835969441059197,"Human_Breast_Wu_06052021_Visium_1160920F"
"Human_Breast_Wu_06052021_Visium_1160920F_ATAGATTTGCAGTCGG-1",0.029098499930293,0.0168763174979561,0.0135241123708882,0.415560905673974,0.132108322403639,0.0385417733033234,0.100201616464905,0.173638242209628,0.0804502101453934,"Human_Breast_Wu_06052021_Visium_1160920F"
"Human_Breast_Wu_06052021_Visium_1160920F_CTCGGGCATCGTCGGG-1",0.0317953889996546,0.0214811400623402,0.016736562849565,0.540420463667867,0.107200954263727,0.0427637186201865,0.0520374452364507,0.0571761267576869,0.130388199542522,"Human_Breast_Wu_06052021_Visium_1160920F"
"Human_Breast_Wu_06052021_Visium_1160920F_GTGGCGGGCCGTAGCT-1",0.025525101074755,0.0205386753091063,0.018974349169373,0.532768820491268,0.144016176490705,0.0303298703432658,0.0749510876412121,0.0992167171321642,0.05367920234815,"Human_Breast_Wu_06052021_Visium_1160920F"
"Human_Breast_Wu_06052021_Visium_1160920F_CAACAGTGCCAAACGG-1",0.0299940246378629,0.0157415209712984,0.0227543765898739,0.497520767119937,0.140596423541063,0.0344145020723126,0.0906312762082525,0.109552789088777,0.058794319770623,"Human_Breast_Wu_06052021_Visium_1160920F"
"Human_Breast_Wu_06052021_Visium_1160920F_TGCGGGTATTGGGATC-1",0.0325827357635633,0.0164787722414236,0.0206834078099208,0.519157741862105,0.139741704570887,0.0308072316182887,0.0970596217091043,0.0612002069753317,0.0822885774493755,"Human_Breast_Wu_06052021_Visium_1160920F"
"Human_Breast_Wu_06052021_Visium_1160920F_GTCTCGCCAACACGCC-1",0.0194176017450445,0.0172956855030132,0.0190661772438403,0.494285299595849,0.135021623351945,0.0305668695744117,0.131526955965445,0.0896532913542388,0.0631664956662119,"Human_Breast_Wu_06052021_Visium_1160920F"
"Human_Breast_Wu_06052021_Visium_1160920F_CTGGGCGGCCAAATGT-1",0.0343309062606232,0.0164664345562503,0.016133890395694,0.500427280475543,0.115748596986112,0.0230300032307531,0.109375849229788,0.0946702738825103,0.0898167649827264,"Human_Breast_Wu_06052021_Visium_1160920F"
"Human_Breast_Wu_06052021_Visium_1160920F_TAAAGGAGAAACTAGT-1",0.0294576695680277,0.0195111752946975,0.0126794904837036,0.486040631186724,0.106199390982641,0.0492542563507566,0.107413875016063,0.0885879736384326,0.100855537478955,"Human_Breast_Wu_06052021_Visium_1160920F"
"Human_Breast_Wu_06052021_Visium_1160920F_TCCCACGGAGGGAGCT-1",0.0426386094481188,0.0370485586368662,0.0211856488902198,0.257194855639739,0.140756662535254,0.076286067843912,0.153060994744913,0.153292828364279,0.118535773896697,"Human_Breast_Wu_06052021_Visium_1160920F"
"Human_Breast_Wu_06052021_Visium_1160920F_AGCTTCAATACTTTGA-1",0.0428848167020353,0.0328438224315542,0.0218377097250354,0.319936483902065,0.134420612749803,0.055808078531979,0.158405613852951,0.108990455353114,0.124872406751462,"Human_Breast_Wu_06052021_Visium_1160920F"
"Human_Breast_Wu_06052021_Visium_1160920F_TTCCACATTTCTCGTC-1",0.0409107173829268,0.0278056172988381,0.0307204363896934,0.363460007846735,0.101712817957555,0.0436507063130747,0.153431509574846,0.0285257075025337,0.209782479733798,"Human_Breast_Wu_06052021_Visium_1160920F"
"Human_Breast_Wu_06052021_Visium_1160920F_ACAAACCGACAAGGCG-1",0.0478408164148822,0.0238168734081939,0.0186590872184717,0.375086209699039,0.0674387793890443,0.0400570180258217,0.127601670300925,0.0481355092493134,0.251364036294308,"Human_Breast_Wu_06052021_Visium_1160920F"
"Human_Breast_Wu_06052021_Visium_1160920F_AGACGGGATTGGTATA-1",0.0385549621829334,0.0200197854790606,0.0167490464581316,0.369498523643422,0.11299510776422,0.042651571383863,0.133398806514742,0.106766398891568,0.15936579768206,"Human_Breast_Wu_06052021_Visium_1160920F"
"Human_Breast_Wu_06052021_Visium_1160920F_AACCTAAAGCCGTCCG-1",0.0364480098101829,0.0272539988709661,0.0209057370571101,0.355309999186818,0.116875479841195,0.0494837984233713,0.154242715058235,0.122987218620725,0.116493043131397,"Human_Breast_Wu_06052021_Visium_1160920F"
"Human_Breast_Wu_06052021_Visium_1160920F_TACAAATTGCGGAGGT-1",0.0209113912708848,0.0176055362266596,0.0133216998654207,0.111183657256904,0.0505826088852889,0.037843615643705,0.0558194601053738,0.604904240710409,0.0878277900353539,"Human_Breast_Wu_06052021_Visium_1160920F"
"Human_Breast_Wu_06052021_Visium_1160920F_CCCGCTAGAGGGTTAA-1",0.0379571863263496,0.0351238354078968,0.0225493882530717,0.298412027761284,0.121850048081985,0.056756663856873,0.0922611702566857,0.228486513194477,0.106603166861376,"Human_Breast_Wu_06052021_Visium_1160920F"
"Human_Breast_Wu_06052021_Visium_1160920F_CATTGCAAAGCATAAT-1",0.0589383725771727,0.028621464855604,0.0318586489040071,0.248187401724756,0.101931046824649,0.0671121711133348,0.163065204601999,0.0518610814495647,0.248424607948912,"Human_Breast_Wu_06052021_Visium_1160920F"
"Human_Breast_Wu_06052021_Visium_1160920F_TGTACGCTATCAGCTT-1",0.0888114328424556,0.0423356506418793,0.0413754338845974,0.0443197490208039,0.0415494653265162,0.156699472168828,0.193630024420534,0.0974195136302918,0.293859258064094,"Human_Breast_Wu_06052021_Visium_1160920F"
"Human_Breast_Wu_06052021_Visium_1160920F_TTCTTCGCAATAGAGC-1",0.0666416070336706,0.05042750670195,0.0258773423548346,0.049081337957817,0.0422810469261507,0.201770827657186,0.269041992714524,0.0489165292552136,0.245961809398654,"Human_Breast_Wu_06052021_Visium_1160920F"
"Human_Breast_Wu_06052021_Visium_1160920F_TGTGATTCCAGCGCTT-1",0.0676335584664051,0.0500871349841347,0.0351771098652048,0.139362983945172,0.0901911941587209,0.133219797344248,0.174404726387553,0.124275453639107,0.185648041209455,"Human_Breast_Wu_06052021_Visium_1160920F"
"Human_Breast_Wu_06052021_Visium_1160920F_ATTCAGGATCGCCTCT-1",0.0450926128512058,0.0319333216045708,0.0262910793900915,0.186107550548369,0.0961580839551844,0.0801011561665385,0.138843954026252,0.175405175643652,0.220067065814136,"Human_Breast_Wu_06052021_Visium_1160920F"
"Human_Breast_Wu_06052021_Visium_1160920F_GCCCATGGGTGCAATG-1",0.0462848923181382,0.0295599812385637,0.0207471424030104,0.246921712377191,0.0644238798447357,0.0718150714450403,0.134845859076225,0.256986137252478,0.128415324044618,"Human_Breast_Wu_06052021_Visium_1160920F"
"Human_Breast_Wu_06052021_Visium_1160920F_TTCCCGACGCTTCACT-1",0.0300686197821745,0.0270374244272116,0.0153661219512438,0.112201428345342,0.0548492092629889,0.0679640144466907,0.0546866735510514,0.594671444350127,0.0431550638831707,"Human_Breast_Wu_06052021_Visium_1160920F"
"Human_Breast_Wu_06052021_Visium_1160920F_AGCGGTTGAGATGTAC-1",2.84190060786376e-05,2.11345265075347e-05,2.19987123487115e-05,4.03901789436934e-05,7.69352062923776e-06,2.44778912388426e-05,4.35842667338673e-05,0.999806910196861,5.39170065846854e-06,"Human_Breast_Wu_06052021_Visium_1160920F"
"Human_Breast_Wu_06052021_Visium_1160920F_GCTGTCTGTGATCGAC-1",0.0298338441738265,0.0817616276825727,0.0175196749224412,0.0905550387248815,0.0243313694626494,0.0287378700369031,0.0321680939358769,0.675229631948019,0.0198628491128301,"Human_Breast_Wu_06052021_Visium_1160920F"
"Human_Breast_Wu_06052021_Visium_1160920F_AAAGACATGAAGTTTA-1",0.0157446656728308,0.0137620921258832,0.0127243298346949,0.0548320799832998,0.0204009746634927,0.0432166732025486,0.029714622170964,0.774276306427643,0.0353282559186429,"Human_Breast_Wu_06052021_Visium_1160920F"
"Human_Breast_Wu_06052021_Visium_1160920F_CAACAGAATAACGCTA-1",0.0897216732437891,0.060808666323398,0.0524556800074441,0.073334111969998,0.0235670547675763,0.0758179632724647,0.0246836574063629,0.548606532179409,0.0510046608295583,"Human_Breast_Wu_06052021_Visium_1160920F"
"Human_Breast_Wu_06052021_Visium_1160920F_TGCGGTCTACGAGTAA-1",0.0255796618719947,0.0182920987158995,0.0110239644955155,0.0728813082671018,0.0246686104322976,0.058886002794702,0.0278633559468177,0.728074082124461,0.03273091535121,"Human_Breast_Wu_06052021_Visium_1160920F"
"Human_Breast_Wu_06052021_Visium_1160920F_AAGACTCACGCCCACT-1",0.0280455118675312,0.0155983489848695,0.0159022721238473,0.0285491994969376,0.0236595791649198,0.0158847943718032,0.0115150534400826,0.851113067359603,0.00973217319040589,"Human_Breast_Wu_06052021_Visium_1160920F"
"Human_Breast_Wu_06052021_Visium_1160920F_CTTTGAAACATATTCC-1",0.0282976374988263,0.0217952445408344,0.0219344104541474,0.167932789034505,0.0458361467440556,0.0566398104410756,0.0432288004338255,0.579092794054907,0.0352423667978232,"Human_Breast_Wu_06052021_Visium_1160920F"
"Human_Breast_Wu_06052021_Visium_1160920F_CTGGGCACTAGTCGGA-1",0.0223029450655553,0.0231865349712943,0.0115871998288127,0.126519898795118,0.0732889365858138,0.0492345819072918,0.0368635450418495,0.602639793453091,0.0543765643511734,"Human_Breast_Wu_06052021_Visium_1160920F"
"Human_Breast_Wu_06052021_Visium_1160920F_CGCCCTTACATCCACC-1",0.0431408221191927,0.0430687592893298,0.0211758505580077,0.146710337129306,0.0868560078935768,0.0599983455585198,0.0463317046792585,0.504089523819202,0.0486286489536061,"Human_Breast_Wu_06052021_Visium_1160920F"
"Human_Breast_Wu_06052021_Visium_1160920F_CACGACCACAGACTTT-1",0.0293531512858855,0.0191384242392496,0.0185820317374201,0.210366669948611,0.0759909830934086,0.0379701215850517,0.0594762472223446,0.510526438319531,0.0385959325684979,"Human_Breast_Wu_06052021_Visium_1160920F"
"Human_Breast_Wu_06052021_Visium_1160920F_CAATCCATTATCCGTT-1",0.0370258520609986,0.0370009672292419,0.0278465619982008,0.169802574736098,0.0603737085257234,0.0319239960116714,0.0624414337553677,0.53934829775604,0.0342366079266584,"Human_Breast_Wu_06052021_Visium_1160920F"
"Human_Breast_Wu_06052021_Visium_1160920F_GTGGCGTGCACCAGAG-1",0.0165317442125534,0.0130148048119019,0.0102817336849749,0.106344626469969,0.0459386607476869,0.0433738240903808,0.0205262557897435,0.717672395628137,0.0263159545646523,"Human_Breast_Wu_06052021_Visium_1160920F"
"Human_Breast_Wu_06052021_Visium_1160920F_CGGAGTCCTAACCTGG-1",0.0449222835490526,0.034874095160174,0.0139027544376025,0.144301968239978,0.0655525387402102,0.0333441234070645,0.0595739022297691,0.561310600958966,0.0422177332771839,"Human_Breast_Wu_06052021_Visium_1160920F"
"Human_Breast_Wu_06052021_Visium_1160920F_GGTCCCATAACATAGA-1",0.0256510390012595,0.0245073664879559,0.0164023553875164,0.201653799515699,0.0741172254545791,0.0393558438654369,0.0387791967629292,0.557872042348879,0.0216611311757449,"Human_Breast_Wu_06052021_Visium_1160920F"
"Human_Breast_Wu_06052021_Visium_1160920F_ATCTCATAAACCTACC-1",0.0317869972155022,0.0315412165717994,0.0263037563315649,0.0945897462983945,0.052454731098172,0.0542919642449491,0.0397159628970768,0.629684431747976,0.0396311935945647,"Human_Breast_Wu_06052021_Visium_1160920F"
"Human_Breast_Wu_06052021_Visium_1160920F_TGCATGGCAGTCTTGC-1",0.0265340180812101,0.02635487248108,0.0234984301307732,0.14853036555596,0.0387419751271338,0.0397184051320926,0.0464211068602199,0.61986606414946,0.0303347624820708,"Human_Breast_Wu_06052021_Visium_1160920F"
"Human_Breast_Wu_06052021_Visium_1160920F_TTGCAGGTCATGAAGT-1",0.0286338556043964,0.0518696487813101,0.0308460121189485,0.180228368734607,0.0260677714036588,0.0394435623591735,0.0447296096420156,0.563393122575412,0.0347880487804789,"Human_Breast_Wu_06052021_Visium_1160920F"
"Human_Breast_Wu_06052021_Visium_1160920F_AGCTGCATTTGAGGTG-1",0.017759083884766,0.0140677829881689,0.0116117642410773,0.147385966751654,0.0337298556968948,0.0271697316177607,0.0419205984257323,0.686805061130406,0.0195501552635404,"Human_Breast_Wu_06052021_Visium_1160920F"
"Human_Breast_Wu_06052021_Visium_1160920F_TAATCAGGAATGCTGC-1",0.0248378863210944,0.0303037744697126,0.0282079393777647,0.124440083902722,0.0476182568750621,0.0155076773736624,0.0443374314031272,0.655108884600131,0.0296380656767232,"Human_Breast_Wu_06052021_Visium_1160920F"
"Human_Breast_Wu_06052021_Visium_1160920F_CCATCATAAGAACAGG-1",0.0229082721044037,0.0219481606549931,0.0455164110671358,0.0976304890368812,0.0356504439259411,0.0238802059048075,0.0524183989807156,0.67397030670484,0.0260773116202818,"Human_Breast_Wu_06052021_Visium_1160920F"
"Human_Breast_Wu_06052021_Visium_1160920F_TCGTATCACCAAGCTA-1",0.0254300625500469,0.0571712029191783,0.0371232806743836,0.188669034574494,0.0810948574557889,0.035177253318493,0.0330703077782597,0.488214873808784,0.0540491269205714,"Human_Breast_Wu_06052021_Visium_1160920F"
"Human_Breast_Wu_06052021_Visium_1160920F_ATTCAGATGAATCCCT-1",0.0159853750687708,0.0479256305368896,0.0247583251202591,0.0609371010070534,0.0153132718352532,0.0132257085411169,0.0239722885807357,0.790965116554468,0.00691718275545342,"Human_Breast_Wu_06052021_Visium_1160920F"
"Human_Breast_Wu_06052021_Visium_1160920F_AAAGGTCAACGACATG-1",0.0964539935989089,0.0485269333388641,0.0467015817003624,0.0421656522288972,0.0165979205425285,0.027036783080796,0.0146574742454227,0.700624231346,0.00723542991822074,"Human_Breast_Wu_06052021_Visium_1160920F"
"Human_Breast_Wu_06052021_Visium_1160920F_AGCTGCTGTGCCGAAT-1",0.00940853323497766,0.039375804523146,0.0095729456825294,0.00951952429651034,0.00451210186825624,0.0170912774237183,0.00548623796427546,0.900668230144901,0.00436534486168528,"Human_Breast_Wu_06052021_Visium_1160920F"
"Human_Breast_Wu_06052021_Visium_1160920F_CTAGCGCCAATCCTAC-1",0.026215509838,0.0560623554900553,0.0270952407689956,0.385305941403315,0.0865362991320349,0.0331942984317952,0.0461235661548253,0.306187054984617,0.0332797337963615,"Human_Breast_Wu_06052021_Visium_1160920F"
"Human_Breast_Wu_06052021_Visium_1160920F_GCTCGACCGAACTGAA-1",0.0378628659265999,0.0275119318500754,0.0139255580392077,0.114535615724982,0.0371591736264632,0.0370477172468949,0.0278345045857408,0.687382915733398,0.0167397172666391,"Human_Breast_Wu_06052021_Visium_1160920F"
"Human_Breast_Wu_06052021_Visium_1160920F_ACAGTGCAGCGCATTT-1",0.0304841136720187,0.01917754938702,0.015966772260077,0.509431113083651,0.11083541048952,0.0165125109669573,0.0541527195216544,0.207770366606355,0.0356694440127471,"Human_Breast_Wu_06052021_Visium_1160920F"
"Human_Breast_Wu_06052021_Visium_1160920F_CGGCTGAAGGTTACGC-1",0.0271622986818522,0.0228723821299191,0.0207980217924854,0.500782236041047,0.108198137815365,0.0213006601156084,0.0445136953910756,0.220558119500631,0.0338144485320159,"Human_Breast_Wu_06052021_Visium_1160920F"
"Human_Breast_Wu_06052021_Visium_1160920F_CACCTCTACGAGTGTG-1",0.0260296265943318,0.00853547841884492,0.0176028748365394,0.565829211681168,0.137569627917374,0.0232936636647447,0.0374517640406088,0.133195973765484,0.0504917790809036,"Human_Breast_Wu_06052021_Visium_1160920F"
"Human_Breast_Wu_06052021_Visium_1160920F_ATACGACAGATGGGTA-1",0.0253371118420872,0.0289702841505399,0.0189916009135734,0.498346383118233,0.128549391658389,0.0352427232238354,0.0696210395522014,0.146507365146333,0.0484341003948079,"Human_Breast_Wu_06052021_Visium_1160920F"
"Human_Breast_Wu_06052021_Visium_1160920F_ACTTCCTGTCGTGCGA-1",0.0284832915434934,0.00534923901912778,0.0180035569314141,0.514214957233222,0.162606959892238,0.0367607658450479,0.0404300930529294,0.127894704504967,0.0662564319775605,"Human_Breast_Wu_06052021_Visium_1160920F"
"Human_Breast_Wu_06052021_Visium_1160920F_CGTAACGGAACGATCA-1",0.0191019850780307,0.0176649637487901,0.0143717671065118,0.558027320316919,0.131135666982031,0.0253252436490405,0.034229249183171,0.155391637914839,0.0447521660206674,"Human_Breast_Wu_06052021_Visium_1160920F"
"Human_Breast_Wu_06052021_Visium_1160920F_AAATCACTCCTAAACG-1",0.0231407144564853,0.0117940907907631,0.0139468418218548,0.650015780223977,0.116458684106681,0.0120522320846831,0.0304754415921801,0.0980175039036291,0.0440987110197459,"Human_Breast_Wu_06052021_Visium_1160920F"
"Human_Breast_Wu_06052021_Visium_1160920F_CTCCGAGTAAATCCGC-1",0.0317418988932039,0.0231623220979391,0.0193920489706271,0.539051673550087,0.100498548620313,0.0153516798597062,0.0472058172161575,0.184916591533643,0.0386794192583233,"Human_Breast_Wu_06052021_Visium_1160920F"
"Human_Breast_Wu_06052021_Visium_1160920F_ACGCTAGTATCAGTGC-1",0.0150910093011767,0.0170249112714685,0.0227997877878664,0.629624848961552,0.125443051439138,0.012134704485029,0.0312966581836263,0.126165517530097,0.0204195110400458,"Human_Breast_Wu_06052021_Visium_1160920F"
"Human_Breast_Wu_06052021_Visium_1160920F_AGAGTGAACAGACACC-1",0.0377617516172427,0.03307825883031,0.0111646843978184,0.454644482439214,0.123694730103113,0.0181147086761993,0.0342446017350671,0.269471191408028,0.0178255907930082,"Human_Breast_Wu_06052021_Visium_1160920F"
"Human_Breast_Wu_06052021_Visium_1160920F_ACACCCGTAAATCTGT-1",0.0314322104967541,0.0228458325906003,0.0242647696407777,0.461419134493629,0.109206580154933,0.0402416792656545,0.0172571542228372,0.275200173127812,0.0181324660070014,"Human_Breast_Wu_06052021_Visium_1160920F"
"Human_Breast_Wu_06052021_Visium_1160920F_GCTTTGCTGCCGGGTA-1",0.0351402375865859,0.0503055125755009,0.0247600165320953,0.160568487264352,0.0292505518644882,0.0191075645356666,0.0165095389414165,0.654506500358938,0.0098515903409572,"Human_Breast_Wu_06052021_Visium_1160920F"
"Human_Breast_Wu_06052021_Visium_1160920F_TCGCCGGAGAGTCTTA-1",0.017198546435195,0.0175285363965542,0.0123187899665703,0.153567909602893,0.0214372867295057,0.0290265840419025,0.120944040907784,0.558868377204874,0.0691099287147218,"Human_Breast_Wu_06052021_Visium_1160920F"
"Human_Breast_Wu_06052021_Visium_1160920F_GGAGGAGTGTGTTTAT-1",0.0290981294666947,0.02502321802121,0.0181856064114099,0.168043108020774,0.0268393655896412,0.0474597602901753,0.1193338878674,0.523984987901283,0.0420319364314116,"Human_Breast_Wu_06052021_Visium_1160920F"
"Human_Breast_Wu_06052021_Visium_1160920F_TTAGGTGTGACTGGTC-1",0.0353721897805393,0.0226914661990433,0.00992625928060932,0.130488187211549,0.0416449905098412,0.0701490632404376,0.121203479605565,0.509673260598728,0.0588511035736875,"Human_Breast_Wu_06052021_Visium_1160920F"
"Human_Breast_Wu_06052021_Visium_1160920F_CAGGGCTAACGAAACC-1",0.0269821174918442,0.0254276789525179,0.0206517300939196,0.0667786051834728,0.0227375154372128,0.0847569358364492,0.110873719110073,0.521227986735496,0.120563711159014,"Human_Breast_Wu_06052021_Visium_1160920F"
"Human_Breast_Wu_06052021_Visium_1160920F_CCCGTGGGTTAATTGA-1",0.0398313816950803,0.0311155149479967,0.0165578431065114,0.133884095768639,0.0415541973717918,0.0601433959301461,0.170316717489191,0.427620362389209,0.0789764913014347,"Human_Breast_Wu_06052021_Visium_1160920F"
"Human_Breast_Wu_06052021_Visium_1160920F_GACCGACCGCTAATAT-1",0.0551498401115571,0.0537270913926375,0.0382205242917918,0.0552523058344531,0.011027575579936,0.0655103204803639,0.0894812833200898,0.585165511134416,0.0464655478547551,"Human_Breast_Wu_06052021_Visium_1160920F"
"Human_Breast_Wu_06052021_Visium_1160920F_GGTATCAAGCATAGAA-1",0.0312292548785057,0.0329046111183412,0.0335684289405013,0.131238025708033,0.0274028159010992,0.0555116635088246,0.105136475421667,0.440903637928084,0.142105086594944,"Human_Breast_Wu_06052021_Visium_1160920F"
"Human_Breast_Wu_06052021_Visium_1160920F_TGCATGAGTAGATTCG-1",0.0477851300090213,0.0418184795408671,0.0305281860689172,0.145826362025428,0.0468855712969594,0.0666757836533084,0.0942649654992227,0.382182608575876,0.1440329133304,"Human_Breast_Wu_06052021_Visium_1160920F"
"Human_Breast_Wu_06052021_Visium_1160920F_AATTCCAACTTGGTGA-1",0.0331729573530002,0.0162897113524874,0.0185629031908887,0.0984027943546768,0.0341840196609053,0.0730697663411595,0.117435798917115,0.476642955799882,0.132239093029885,"Human_Breast_Wu_06052021_Visium_1160920F"
"Human_Breast_Wu_06052021_Visium_1160920F_TGCCGATGTCATCAAT-1",0.0419530611649901,0.0309015411082967,0.0134850739274754,0.158843987882279,0.0345739037990766,0.0606371531836684,0.10925041578914,0.380187739238434,0.170167123906641,"Human_Breast_Wu_06052021_Visium_1160920F"
"Human_Breast_Wu_06052021_Visium_1160920F_GCTGGGTCCGCTGTTA-1",0.0321248113171387,0.0232088725221451,0.0199182645181091,0.119883457057817,0.0581117767383523,0.0603709461590274,0.183924193305894,0.382378336077638,0.120079342303879,"Human_Breast_Wu_06052021_Visium_1160920F"
"Human_Breast_Wu_06052021_Visium_1160920F_TGAACACCCGAAGCAG-1",0.0343387234823835,0.0304014659314053,0.0180455414042016,0.085151766873069,0.0384943436223921,0.0875905948833831,0.12225500951271,0.456235064868566,0.12748748942189,"Human_Breast_Wu_06052021_Visium_1160920F"
"Human_Breast_Wu_06052021_Visium_1160920F_AACATTGGTCAGCCGT-1",0.0326952323629722,0.0251032039675507,0.0258929706848876,0.0971699006268043,0.0459329877868064,0.0847400854548266,0.166202630273955,0.367796692033896,0.154466296808302,"Human_Breast_Wu_06052021_Visium_1160920F"
"Human_Breast_Wu_06052021_Visium_1160920F_GTGGGTCTTCTTTGCG-1",0.0481930953716206,0.022159825739405,0.0301962186833852,0.117614941511398,0.0371208412139447,0.0588157418383678,0.167885388875367,0.430768960288499,0.0872449864780131,"Human_Breast_Wu_06052021_Visium_1160920F"
"Human_Breast_Wu_06052021_Visium_1160920F_CATCGAATGGATCTCT-1",0.0402898801417891,0.0284889670172792,0.0271439107541067,0.100283263525902,0.0620894955573333,0.0640120091986184,0.124422892236834,0.443470159812119,0.109799421756018,"Human_Breast_Wu_06052021_Visium_1160920F"
"Human_Breast_Wu_06052021_Visium_1160920F_GCTACACTGTCCGAAC-1",0.040864230218799,0.0329305174469554,0.0192366008207548,0.144645986977194,0.0377246424813458,0.0536741505982644,0.145907420887724,0.41516051415517,0.109855936413793,"Human_Breast_Wu_06052021_Visium_1160920F"
"Human_Breast_Wu_06052021_Visium_1160920F_CGGGTTGTAGCTTTGG-1",0.0258305041756996,0.0301095062156101,0.0233173972559905,0.0905508726940762,0.0296788719472354,0.0625493163406067,0.136545430508543,0.52751085663957,0.0739072442226678,"Human_Breast_Wu_06052021_Visium_1160920F"
"Human_Breast_Wu_06052021_Visium_1160920F_CCTAAGTGTCTAACCG-1",0.0286179574330105,0.0276563426619482,0.0233787212483375,0.136963847552543,0.0284712301576289,0.0592293815804993,0.0887365905010546,0.475085974102585,0.131859954762393,"Human_Breast_Wu_06052021_Visium_1160920F"
"Human_Breast_Wu_06052021_Visium_1160920F_TCTGTGACTGACCGTT-1",0.0493699003655738,0.0302756303496373,0.0227122685799586,0.136419621725089,0.0514609313799447,0.0562654874277345,0.130185333305477,0.397031250428271,0.126279576438314,"Human_Breast_Wu_06052021_Visium_1160920F"
"Human_Breast_Wu_06052021_Visium_1160920F_TTATCATACTCGCAAA-1",0.0312971107292404,0.020511433637884,0.0158086031751704,0.122110949405777,0.045469034532431,0.0428700903443723,0.12350048310644,0.49499786180925,0.103434433259436,"Human_Breast_Wu_06052021_Visium_1160920F"
"Human_Breast_Wu_06052021_Visium_1160920F_AGCGTAGCGCTAGACC-1",0.0589712867712344,0.0440675080185973,0.0346620156501929,0.103405785634324,0.0350850414264535,0.0456630611672402,0.121400551403242,0.513564594539371,0.043180155389344,"Human_Breast_Wu_06052021_Visium_1160920F"
"Human_Breast_Wu_06052021_Visium_1160920F_TCCCTCCGAAATCGTT-1",0.0396182058559803,0.0318725446852652,0.0159111436420654,0.0941103107905095,0.0318525426373819,0.0548585386701051,0.0686942608291808,0.588136151087831,0.0749463018016808,"Human_Breast_Wu_06052021_Visium_1160920F"
"Human_Breast_Wu_06052021_Visium_1160920F_AGGTCGCCACTTCGGT-1",0.0202581495086351,0.0264746726643128,0.0212935883405241,0.152449705863965,0.0392129543533483,0.0538613746203738,0.0973067560260253,0.452433127902607,0.136709670720209,"Human_Breast_Wu_06052021_Visium_1160920F"
