"","Endothelial","CAFs","PVL","B-cells","T-cells","Myeloid","Normal Epithelial","Plasmablasts","Cancer Epithelial","sid"
"Human_Breast_Andersson_10142021_ST_G1_10x10",0.092750587887185,0.179392921312648,0.0857251680656175,0.00160999137426607,0.00372618028158949,0.04932373555465,0.27731003443082,0.135444348596645,0.174717032496579,"Human_Breast_Andersson_10142021_ST_G1"
"Human_Breast_Andersson_10142021_ST_G1_10x11",0.188631806011912,0.192616028266335,0.0440946119574392,0.00461946232409902,0.0213154337802971,0.0407546947485117,0.123467136050277,0.140156077809672,0.244344749051457,"Human_Breast_Andersson_10142021_ST_G1"
"Human_Breast_Andersson_10142021_ST_G1_10x12",0.161827634355373,0.125381048336585,0.0377012263572733,0.00289215446335645,0.00206290533643604,0.075529549247748,0.180714795278861,0.0759018087339542,0.337988877890413,"Human_Breast_Andersson_10142021_ST_G1"
"Human_Breast_Andersson_10142021_ST_G1_10x13",0.17015187551733,0.136931603800908,0.0283295966678184,0.00343390001968171,0.00340109850299602,0.102720592661799,0.0452548778242107,0.262598500623078,0.247177954382178,"Human_Breast_Andersson_10142021_ST_G1"
"Human_Breast_Andersson_10142021_ST_G1_10x14",0.326843231566492,0.0924095378801908,0.092874231568558,0.00503481734942219,0.00508621403839078,0.0749430064180435,0.0839226645323248,0.0979589989764564,0.220927297670122,"Human_Breast_Andersson_10142021_ST_G1"
"Human_Breast_Andersson_10142021_ST_G1_10x15",0.332209861631882,0.134510248374518,0.188684211906833,0.0342202723280184,0.0275794675570295,0.140957145165115,0.0371981148378818,0.0261956135785265,0.0784450646201961,"Human_Breast_Andersson_10142021_ST_G1"
"Human_Breast_Andersson_10142021_ST_G1_10x16",0.146436907497518,0.288839623668407,0.0349709079065894,0.00526675180899287,0.0118214330250569,0.132937105863195,0.111813938082819,0.0971909920100779,0.170722340137345,"Human_Breast_Andersson_10142021_ST_G1"
"Human_Breast_Andersson_10142021_ST_G1_10x17",0.107097039595927,0.275957814158012,0.0849632368851067,0.0773278672685093,0.00385552797754664,0.179038623665696,0.0395355395325965,0.0883792767329293,0.143845074183676,"Human_Breast_Andersson_10142021_ST_G1"
"Human_Breast_Andersson_10142021_ST_G1_10x18",0.0539633265863445,0.194473643502898,0.0436412337050961,0.102090488791951,0.0465405688730111,0.306001113951437,0.0352149019513619,0.170068249816123,0.0480064728217781,"Human_Breast_Andersson_10142021_ST_G1"
"Human_Breast_Andersson_10142021_ST_G1_10x19",0.0682600296021241,0.274580129778141,0.0939071623440616,0.0131271414319837,0.0700119821317741,0.177007842768341,0.0170935409285465,0.229626989329321,0.0563851816857074,"Human_Breast_Andersson_10142021_ST_G1"
"Human_Breast_Andersson_10142021_ST_G1_10x20",0.118004800127611,0.215272678676181,0.239007066912381,0.0249016840504793,0.00371835231997155,0.140300566033317,0.0158919888799649,0.161697086891267,0.0812057761088276,"Human_Breast_Andersson_10142021_ST_G1"
"Human_Breast_Andersson_10142021_ST_G1_10x21",0.134938699555483,0.114840618967792,0.0660018381921716,0.0880313430720534,0.0034319367230151,0.166992520190979,0.323895187391265,0.0134855565356093,0.0883822993716313,"Human_Breast_Andersson_10142021_ST_G1"
"Human_Breast_Andersson_10142021_ST_G1_10x22",0.0147405138108161,0.251582408316384,0.0872359895446927,0.00966720599528498,0.00318339880219861,0.0828987551643534,0.144597551594602,0.259471449987866,0.146622726783802,"Human_Breast_Andersson_10142021_ST_G1"
"Human_Breast_Andersson_10142021_ST_G1_10x23",0.0364174091761107,0.209593826797231,0.262145285916877,0.0152847278898874,0.00400794494666627,0.123067330865527,0.0462821187723126,0.213205271153117,0.0899960844822705,"Human_Breast_Andersson_10142021_ST_G1"
"Human_Breast_Andersson_10142021_ST_G1_10x24",0.0377019234209443,0.211847729429773,0.0549676344225927,0.0163926021356851,0.0146768375862199,0.0778856834502997,0.0964588309229526,0.228670142415524,0.261398616216009,"Human_Breast_Andersson_10142021_ST_G1"
"Human_Breast_Andersson_10142021_ST_G1_10x25",0.0507487903074271,0.355166581276006,0.0580669092808802,0.02460991887934,0.0184287275665322,0.143805952612541,0.0537611132878026,0.0809769455683758,0.214435061221095,"Human_Breast_Andersson_10142021_ST_G1"
"Human_Breast_Andersson_10142021_ST_G1_10x26",0.0626394829494413,0.427155242230934,0.0538085118833967,0.0213603952215222,0.00359496919634454,0.227014975773331,0.018539394694024,0.0470338503233919,0.138853177727614,"Human_Breast_Andersson_10142021_ST_G1"
"Human_Breast_Andersson_10142021_ST_G1_10x27",0.111975107067715,0.284719607750995,0.0639586956814377,0.00148293200944472,0.00376293115813292,0.148234826745473,0.0901879801090029,0.0385286903873505,0.257149229090448,"Human_Breast_Andersson_10142021_ST_G1"
"Human_Breast_Andersson_10142021_ST_G1_10x8",0.133209514672289,0.358826160971817,0.11857723047688,0.00258485177707452,0.00369415594818217,0.178495525388858,0.0395214282354517,0.0826926041392754,0.082398528390172,"Human_Breast_Andersson_10142021_ST_G1"
"Human_Breast_Andersson_10142021_ST_G1_10x9",0.227353928827784,0.181139798723853,0.0793270862266435,0.000473948287415258,0.000686765656592226,0.118570052307326,0.100815279523731,0.218961196712579,0.0726719437340768,"Human_Breast_Andersson_10142021_ST_G1"
"Human_Breast_Andersson_10142021_ST_G1_11x10",0.336039935127494,0.105288377165298,0.0243768777214883,0.0014259480907996,0.00150563639083376,0.10901564583768,0.102568576078922,0.174182946314065,0.145596057273421,"Human_Breast_Andersson_10142021_ST_G1"
"Human_Breast_Andersson_10142021_ST_G1_11x12",0.274859718013976,0.056537962845972,0.0352762938243035,0.000460195081155699,0.00123507847568751,0.0459831198113563,0.131625902635887,0.0247237141427662,0.429298015168896,"Human_Breast_Andersson_10142021_ST_G1"
"Human_Breast_Andersson_10142021_ST_G1_11x13",0.382622659989013,0.113632544518767,0.0334877563238899,0.00706308224440754,0.00503874353368987,0.0665438938781739,0.0351177704037761,0.192051204129802,0.164442344978481,"Human_Breast_Andersson_10142021_ST_G1"
"Human_Breast_Andersson_10142021_ST_G1_11x14",0.3272240722336,0.0812328621820372,0.0886134834949023,0.00759062730476004,0.00395624078936172,0.0497669760346253,0.0939544562439728,0.117165405954005,0.230495875762736,"Human_Breast_Andersson_10142021_ST_G1"
"Human_Breast_Andersson_10142021_ST_G1_11x15",0.207086594534213,0.104874108099332,0.0132306050051461,0.146051369482117,0.0688766483655354,0.072922264548763,0.0597902151536694,0.179814762702621,0.147353432108603,"Human_Breast_Andersson_10142021_ST_G1"
"Human_Breast_Andersson_10142021_ST_G1_11x16",0.124212065389022,0.243153410267014,0.08498280049209,0.0180241026408803,0.0143403358156365,0.132459047887158,0.0353222182523873,0.258483591557878,0.0890224276979333,"Human_Breast_Andersson_10142021_ST_G1"
"Human_Breast_Andersson_10142021_ST_G1_11x17",0.254797501753058,0.281595298655731,0.022254250912498,0.00529321342218694,0.00160366777399791,0.174549663024446,0.0545348894856683,0.0954450794019562,0.109926435570457,"Human_Breast_Andersson_10142021_ST_G1"
"Human_Breast_Andersson_10142021_ST_G1_11x18",0.0608677351566675,0.228144225297667,0.14241370525453,0.107026761129074,0.00384320222015477,0.297366004470302,0.0110391019594304,0.124056812720093,0.025242451792081,"Human_Breast_Andersson_10142021_ST_G1"
"Human_Breast_Andersson_10142021_ST_G1_11x19",0.0676408916489382,0.238765796768287,0.188724298836341,0.0627130040288176,0.0521484173577539,0.115080712806924,0.078964128254156,0.0754848348335474,0.120477915465235,"Human_Breast_Andersson_10142021_ST_G1"
"Human_Breast_Andersson_10142021_ST_G1_11x20",0.106199594261388,0.0992185867003988,0.0471177897519591,0.00110743967049204,0.000741837830093658,0.0612342294627299,0.0296025654538953,0.560303771489306,0.094474185379738,"Human_Breast_Andersson_10142021_ST_G1"
"Human_Breast_Andersson_10142021_ST_G1_11x21",0.0204844424902982,0.217780970614059,0.209119231010056,0.00250742200630742,0.00213709417485988,0.136827951108714,0.11163324473135,0.240099301169015,0.0594103426953416,"Human_Breast_Andersson_10142021_ST_G1"
"Human_Breast_Andersson_10142021_ST_G1_11x22",0.0399126689886981,0.271692467473641,0.156680751339579,0.00313374433850475,0.00923480879448073,0.203185614620656,0.0695537409536599,0.0913644245949862,0.155241778895794,"Human_Breast_Andersson_10142021_ST_G1"
"Human_Breast_Andersson_10142021_ST_G1_11x23",0.0351767547943704,0.176235847410504,0.0619901582196249,0.0238372932756801,0.0251349282314957,0.0381178511057329,0.124996982636663,0.048542216177925,0.465967968148004,"Human_Breast_Andersson_10142021_ST_G1"
"Human_Breast_Andersson_10142021_ST_G1_11x24",0.043908004437307,0.24061019912741,0.14105160727492,0.00294849607760124,0.0119282134440951,0.19066798808496,0.112788395806383,0.0221195881542222,0.233977507593101,"Human_Breast_Andersson_10142021_ST_G1"
"Human_Breast_Andersson_10142021_ST_G1_11x25",0.0221266058541368,0.226084382273471,0.130966477232831,0.0181010768150836,0.0233109736358106,0.0915351756827576,0.0591113985652944,0.147020004943514,0.281743904997101,"Human_Breast_Andersson_10142021_ST_G1"
"Human_Breast_Andersson_10142021_ST_G1_11x26",0.00325499530948798,0.273340456670708,0.224635539268169,0.041174002659449,0.00382893193869219,0.164872880801309,0.0966495266286899,0.0049135704710014,0.187330096252494,"Human_Breast_Andersson_10142021_ST_G1"
"Human_Breast_Andersson_10142021_ST_G1_11x8",0.0507661238735709,0.251330116247702,0.0971174629845009,0.000732897651402897,0.00755662647705446,0.102349471141551,0.0411396905495533,0.287477744652034,0.161529866422631,"Human_Breast_Andersson_10142021_ST_G1"
"Human_Breast_Andersson_10142021_ST_G1_11x9",0.165257172270337,0.151196156962371,0.203668848690963,0.0131707394581951,0.00769483663108229,0.0965510277982841,0.0946753221624418,0.110142063805547,0.157643832220779,"Human_Breast_Andersson_10142021_ST_G1"
"Human_Breast_Andersson_10142021_ST_G1_12x10",0.223065215066083,0.163915971153255,0.0812677671142186,0.00375436552614052,0.00637298883597847,0.0959643453048494,0.0985312637682525,0.0091152123255001,0.318012870905723,"Human_Breast_Andersson_10142021_ST_G1"
"Human_Breast_Andersson_10142021_ST_G1_12x11",0.218297643112989,0.0894728218110918,0.0344610830080349,0.0229788603144201,0.0169038816541023,0.0471751597164357,0.109318890320167,0.146076735655169,0.315314924407591,"Human_Breast_Andersson_10142021_ST_G1"
"Human_Breast_Andersson_10142021_ST_G1_12x12",0.254855441604813,0.111662208505278,0.0647091511390778,0.00318662362833846,0.00174044367220116,0.0576015438085,0.0688679859235213,0.260378750300494,0.176997851417776,"Human_Breast_Andersson_10142021_ST_G1"
"Human_Breast_Andersson_10142021_ST_G1_12x13",0.404877942070889,0.0219284760156941,0.00323040010168865,0.00246526579524932,0.00202560610736366,0.0557434842006264,0.280141151184577,0.040989931412433,0.188597743111479,"Human_Breast_Andersson_10142021_ST_G1"
"Human_Breast_Andersson_10142021_ST_G1_12x14",0.283835590695687,0.156350766766861,0.111285908252541,0.0120753940219481,0.0116830804138046,0.0880459451607681,0.0406791685835577,0.122166563740903,0.173877582363929,"Human_Breast_Andersson_10142021_ST_G1"
"Human_Breast_Andersson_10142021_ST_G1_12x15",0.137661835194838,0.184127130019799,0.116623870020898,0.0366553204386792,0.0064329449935739,0.163754065327991,0.0533594488368078,0.173813428024531,0.127571957142882,"Human_Breast_Andersson_10142021_ST_G1"
"Human_Breast_Andersson_10142021_ST_G1_12x16",0.0371905118141037,0.251070195327122,0.0243391662500029,0.0584601198054816,0.0130190703382239,0.128918846378408,0.0124162717941034,0.439160248429413,0.035425569863142,"Human_Breast_Andersson_10142021_ST_G1"
"Human_Breast_Andersson_10142021_ST_G1_12x17",0.372149831596786,0.100975064976257,0.0460618783029736,0.0390409969555311,0.00362261954995074,0.116723290251507,0.0552741588452351,0.185426237597321,0.0807259219244387,"Human_Breast_Andersson_10142021_ST_G1"
"Human_Breast_Andersson_10142021_ST_G1_12x18",0.0130298967456869,0.368357329862724,0.0747928792660281,0.0507518496107975,0.0101312808003238,0.164179144551736,0.0326960892978723,0.203699183038701,0.0823623468261301,"Human_Breast_Andersson_10142021_ST_G1"
"Human_Breast_Andersson_10142021_ST_G1_12x19",0.048203097664942,0.23758664349542,0.0444616468568177,0.0229728707384535,0.0296292932799533,0.0938581878946922,0.248936747188821,0.0418712437690812,0.232480269111819,"Human_Breast_Andersson_10142021_ST_G1"
"Human_Breast_Andersson_10142021_ST_G1_12x20",0.0126352889183516,0.212181290397134,0.144383806127745,0.0021800356297732,0.00231989986985163,0.0808366966059646,0.0568254035768462,0.349990422399111,0.138647156475222,"Human_Breast_Andersson_10142021_ST_G1"
"Human_Breast_Andersson_10142021_ST_G1_12x21",0.10268206020508,0.275608785262563,0.0495381033160931,0.0169309493954343,0.00449782829639926,0.100410349911942,0.033800068388896,0.362645364302372,0.0538864909212208,"Human_Breast_Andersson_10142021_ST_G1"
"Human_Breast_Andersson_10142021_ST_G1_12x22",0.00862132545372179,0.120024949744902,0.182452628738062,0.0016859493160603,0.00215633806100894,0.130972486704827,0.0402566033069391,0.387903408258386,0.125926310416093,"Human_Breast_Andersson_10142021_ST_G1"
"Human_Breast_Andersson_10142021_ST_G1_12x23",0.0423605454088022,0.279644458077033,0.045558829074622,0.0205031889919375,0.0175577125154217,0.11045089403188,0.122432255163178,0.101017820146384,0.260474296590741,"Human_Breast_Andersson_10142021_ST_G1"
"Human_Breast_Andersson_10142021_ST_G1_12x24",0.0627948147830249,0.159888714132044,0.0696756461407973,0.0195434830724083,0.0338305265875574,0.0613131888200904,0.219570846971735,0.0565012282949316,0.316881551197411,"Human_Breast_Andersson_10142021_ST_G1"
"Human_Breast_Andersson_10142021_ST_G1_12x25",0.0251439636158758,0.283535392977371,0.0828395040970395,0.0097956630881105,0.0166209776060809,0.16233522889632,0.052728194087777,0.171188882379898,0.195812193251527,"Human_Breast_Andersson_10142021_ST_G1"
"Human_Breast_Andersson_10142021_ST_G1_12x26",0.116448571731569,0.27514106629111,0.103098873809292,0.0044976028908259,0.000966519304641076,0.10555170540939,0.0255427793167398,0.281318580858394,0.0874343003880379,"Human_Breast_Andersson_10142021_ST_G1"
"Human_Breast_Andersson_10142021_ST_G1_12x8",0.310303628128142,0.252282470508613,0.013145583587184,0.00477992158924477,0.00706543391989549,0.201014826920252,0.0442289313567455,0.0359219716320977,0.131257232357826,"Human_Breast_Andersson_10142021_ST_G1"
"Human_Breast_Andersson_10142021_ST_G1_12x9",0.213369030666514,0.163418788107325,0.0295661363980173,0.00843791758414511,0.0150764018783834,0.0819585592955427,0.0282556425659095,0.301398335037222,0.15851918846694,"Human_Breast_Andersson_10142021_ST_G1"
"Human_Breast_Andersson_10142021_ST_G1_13x10",0.096524941569246,0.150388133585941,0.0440607458290496,0.00539869802874865,0.00299873345653288,0.145241806459322,0.101194515061407,0.301224639994255,0.152967786015498,"Human_Breast_Andersson_10142021_ST_G1"
"Human_Breast_Andersson_10142021_ST_G1_13x11",0.320571980033053,0.0371204412025064,0.0218189561679893,0.00587734905886605,0.00576290006682521,0.0560293093711075,0.196684049623171,0.0260477537923793,0.330087260684102,"Human_Breast_Andersson_10142021_ST_G1"
"Human_Breast_Andersson_10142021_ST_G1_13x12",0.25988147678067,0.0657671422062438,0.0179469884136647,0.00464509866416003,0.00917759625932722,0.028155426150473,0.256818018470431,0.0195695951524112,0.338038657902619,"Human_Breast_Andersson_10142021_ST_G1"
"Human_Breast_Andersson_10142021_ST_G1_13x13",0.252627325904007,0.0535184824805213,0.0260825463966979,0.00248595245829163,0.00444766666901542,0.0298580736525257,0.147366328461422,0.1276548888597,0.355958735117818,"Human_Breast_Andersson_10142021_ST_G1"
"Human_Breast_Andersson_10142021_ST_G1_13x14",0.336628821230255,0.154796101135935,0.0484691615408061,0.0141875981750444,0.00389323037729112,0.0770884094699872,0.0664125268023542,0.123329435302309,0.175194715966017,"Human_Breast_Andersson_10142021_ST_G1"
"Human_Breast_Andersson_10142021_ST_G1_13x15",0.127753407201112,0.111169917397815,0.10580310009046,0.00727586128666253,0.00293687687199903,0.110122268113801,0.0174527488143433,0.477739320842821,0.0397464993809882,"Human_Breast_Andersson_10142021_ST_G1"
"Human_Breast_Andersson_10142021_ST_G1_13x16",0.0402822249460672,0.340150041654727,0.0256561437357067,0.0395250886304633,0.0040280527286394,0.296202048638624,0.0754611498712088,0.0654695569417689,0.113225692852796,"Human_Breast_Andersson_10142021_ST_G1"
"Human_Breast_Andersson_10142021_ST_G1_13x17",0.0575576728382149,0.297571810762112,0.0785392623963491,0.0357043725497379,0.0510020507121204,0.0567098604107491,0.0551365165625052,0.194542016937159,0.173236436831052,"Human_Breast_Andersson_10142021_ST_G1"
"Human_Breast_Andersson_10142021_ST_G1_13x18",0.0951820510581773,0.471001878139719,0.0689957970697578,0.101567514476761,0.0755187610460537,0.0713071935919231,0.0348820530478061,0.0082564504762426,0.0732883010935595,"Human_Breast_Andersson_10142021_ST_G1"
"Human_Breast_Andersson_10142021_ST_G1_13x19",0.036762701509553,0.43157021864413,0.0290141512783594,0.0180776124047168,0.00657203926249927,0.119247777772428,0.0879157793056373,0.0711404321327412,0.199699287689935,"Human_Breast_Andersson_10142021_ST_G1"
"Human_Breast_Andersson_10142021_ST_G1_13x20",0.0744348203339737,0.328316082575345,0.100713674143541,0.0112076529204659,0.0112411105667315,0.137389527930224,0.111900630212141,0.0421570450171451,0.182639456300433,"Human_Breast_Andersson_10142021_ST_G1"
"Human_Breast_Andersson_10142021_ST_G1_13x21",0.0467677240146947,0.223235773123305,0.0559755959963735,0.00522397679553144,0.0019891928463696,0.119728232783964,0.089210382201158,0.256647365829163,0.20122175640944,"Human_Breast_Andersson_10142021_ST_G1"
"Human_Breast_Andersson_10142021_ST_G1_13x22",0.0569557578872595,0.188088200597073,0.117259511522531,0.000676672718792366,0.000583376952288134,0.0108208958421375,0.0165018727703199,0.578385365370594,0.0307283463390045,"Human_Breast_Andersson_10142021_ST_G1"
"Human_Breast_Andersson_10142021_ST_G1_13x23",0.0153075101133369,0.406504426805617,0.0166730444047494,0.0271100094229536,0.0356217524360359,0.0955890625175162,0.173528143240819,0.0859621014948298,0.143703949564142,"Human_Breast_Andersson_10142021_ST_G1"
"Human_Breast_Andersson_10142021_ST_G1_13x24",0.0565095249184306,0.550038725340157,0.0842786042573391,0.00433860384615788,0.0196781611778654,0.0508113882455915,0.0471421376683243,0.0468344660547467,0.140368388491388,"Human_Breast_Andersson_10142021_ST_G1"
"Human_Breast_Andersson_10142021_ST_G1_13x25",0.0542085824542621,0.177491810671649,0.0509105716548484,0.0124026042591854,0.027513916251458,0.0713033585321559,0.141552635761058,0.138347718715901,0.326268801699482,"Human_Breast_Andersson_10142021_ST_G1"
"Human_Breast_Andersson_10142021_ST_G1_13x26",0.0379976082690512,0.427670785101163,0.104794941119673,0.00427580069003194,0.00742665651667107,0.122057938226768,0.0163049290915541,0.211705893331969,0.0677654476531186,"Human_Breast_Andersson_10142021_ST_G1"
"Human_Breast_Andersson_10142021_ST_G1_13x27",0.106342228124718,0.403192546514167,0.317905465185218,0.00146788828881991,0.00239190885376998,0.0826112074247655,0.0122751724314077,0.0484678898665002,0.025345693310634,"Human_Breast_Andersson_10142021_ST_G1"
"Human_Breast_Andersson_10142021_ST_G1_13x8",0.11833699217441,0.120881055874814,0.158006195259411,0.0119293037249366,0.0148435438822634,0.081861175675038,0.0234184981172082,0.314176192934249,0.156547042357669,"Human_Breast_Andersson_10142021_ST_G1"
"Human_Breast_Andersson_10142021_ST_G1_13x9",0.072155936977819,0.262612989159762,0.0898572809630062,0.00382875384602734,0.0102523703081953,0.036775270010338,0.0181099419935379,0.200851169926278,0.305556286815036,"Human_Breast_Andersson_10142021_ST_G1"
"Human_Breast_Andersson_10142021_ST_G1_14x10",0.298136596958093,0.0333567970008435,0.0231419882640462,0.00616686775210777,0.00701710854852202,0.0714243677447297,0.175158907907565,0.0493662946912853,0.336231071132808,"Human_Breast_Andersson_10142021_ST_G1"
"Human_Breast_Andersson_10142021_ST_G1_14x11",0.370279840331202,0.0248278632098633,0.0094613209117301,0.00534099137985513,0.00355329212601158,0.0824385179481828,0.204619254252724,0.0149326071979969,0.284546312642434,"Human_Breast_Andersson_10142021_ST_G1"
"Human_Breast_Andersson_10142021_ST_G1_14x12",0.215429785559143,0.0149804522775983,0.00473152196546337,0.00527384807503034,0.00545576515054626,0.0245708813732884,0.481765592685741,0.0306215339254925,0.217170618987698,"Human_Breast_Andersson_10142021_ST_G1"
"Human_Breast_Andersson_10142021_ST_G1_14x13",0.2913650402959,0.0754800324977573,0.0728932022946809,0.0050574687024693,0.012797513788234,0.0692646764152941,0.128558147543984,0.0903711578040888,0.254212760657591,"Human_Breast_Andersson_10142021_ST_G1"
"Human_Breast_Andersson_10142021_ST_G1_14x14",0.161048146298697,0.0803023677343671,0.0334168094963158,0.00389602682527609,0.0219929594727323,0.171044204442668,0.0558853364959082,0.242769289884376,0.229644859349659,"Human_Breast_Andersson_10142021_ST_G1"
"Human_Breast_Andersson_10142021_ST_G1_14x15",0.115859905377911,0.258155658885942,0.235707852923667,0.010994837692883,0.0232584234679698,0.0828196641833271,0.075766608426553,0.0171873729549809,0.180249676086766,"Human_Breast_Andersson_10142021_ST_G1"
"Human_Breast_Andersson_10142021_ST_G1_14x16",0.057608905672941,0.227480331851378,0.0443622324665538,0.035536961866793,0.0124809724741935,0.0302043028796036,0.269021543244674,0.20060739144155,0.122697358102313,"Human_Breast_Andersson_10142021_ST_G1"
"Human_Breast_Andersson_10142021_ST_G1_14x17",0.0321502532365268,0.0892526099902644,0.234609765625996,0.0255196646878775,0.190095561553662,0.125660465777814,0.0466623474484794,0.0951688213778097,0.16088051030157,"Human_Breast_Andersson_10142021_ST_G1"
"Human_Breast_Andersson_10142021_ST_G1_14x18",0.176637179280918,0.239403823732805,0.103438379195633,0.0188735145091659,0.00892239445468884,0.131161819437463,0.148843731070757,0.00568441415930312,0.167034744159265,"Human_Breast_Andersson_10142021_ST_G1"
"Human_Breast_Andersson_10142021_ST_G1_14x19",0.0519020743305248,0.348156842533531,0.0848562101364981,0.0133097081414158,0.00823106347170967,0.163037912910788,0.0896499442388706,0.0721547745502156,0.168701469686446,"Human_Breast_Andersson_10142021_ST_G1"
"Human_Breast_Andersson_10142021_ST_G1_14x20",0.0307439992803832,0.23961979485395,0.180943536124506,0.0201475968680369,0.00476103527916387,0.0754270250804155,0.109022455270538,0.177068329201443,0.162266228041563,"Human_Breast_Andersson_10142021_ST_G1"
"Human_Breast_Andersson_10142021_ST_G1_14x21",0.0445662573564069,0.109068170250744,0.10775340492426,0.0192302636865244,0.00498054105313078,0.0763954421471177,0.125170700371503,0.297013444337292,0.215821775873021,"Human_Breast_Andersson_10142021_ST_G1"
"Human_Breast_Andersson_10142021_ST_G1_14x22",0.165570593543023,0.158875850881389,0.083098673557469,0.00462918371007666,0.00125824227957655,0.244435335062463,0.0663797897522604,0.103662422532338,0.172089908681404,"Human_Breast_Andersson_10142021_ST_G1"
"Human_Breast_Andersson_10142021_ST_G1_14x23",0.0189962525124229,0.230884544799287,0.176737046038289,0.0153916455267484,0.00575260374215738,0.0923160706175169,0.049087683971424,0.320715725398031,0.0901184273941229,"Human_Breast_Andersson_10142021_ST_G1"
"Human_Breast_Andersson_10142021_ST_G1_14x24",0.0667086616471062,0.250541056404904,0.0588206209172571,0.0439042794650027,0.0442808246074097,0.0393356845583705,0.0932035470238986,0.0983262907540045,0.304879034622046,"Human_Breast_Andersson_10142021_ST_G1"
"Human_Breast_Andersson_10142021_ST_G1_14x25",0.0247276139785257,0.383519842285705,0.0562418218056085,0.013450505387121,0.0210600516964971,0.155190802418582,0.0482239163671724,0.174043672673786,0.123541773387002,"Human_Breast_Andersson_10142021_ST_G1"
"Human_Breast_Andersson_10142021_ST_G1_14x26",0.026305819285881,0.389116571419134,0.183753935338822,0.00293260186844464,0.00732068433236222,0.127470234540928,0.0652882245933498,0.0856937795685478,0.11211814905253,"Human_Breast_Andersson_10142021_ST_G1"
"Human_Breast_Andersson_10142021_ST_G1_14x27",0.0877929411340397,0.335559103000137,0.165572361906576,0.0101487672099719,0.00733940630366199,0.0523322791646896,0.150614585921012,0.087572193688559,0.103068361671353,"Human_Breast_Andersson_10142021_ST_G1"
"Human_Breast_Andersson_10142021_ST_G1_14x7",0.254641726357874,0.149283960936382,0.0487683730083773,0.00459951725426351,0.1724793143969,0.0259223880743507,0.0212347990555153,0.299064299950916,0.0240056209654209,"Human_Breast_Andersson_10142021_ST_G1"
"Human_Breast_Andersson_10142021_ST_G1_14x8",0.104384203270964,0.344231501245132,0.111216961988583,0.0125120929965068,0.00883107816711291,0.0304974446861432,0.0914952407470776,0.104239618972109,0.192591857926371,"Human_Breast_Andersson_10142021_ST_G1"
"Human_Breast_Andersson_10142021_ST_G1_14x9",0.205814601478673,0.208112914843588,0.0519843832202658,0.0464669143358021,0.0288388911076643,0.0764633760304209,0.113946694293913,0.0444545168842595,0.223917707805414,"Human_Breast_Andersson_10142021_ST_G1"
"Human_Breast_Andersson_10142021_ST_G1_15x10",0.266048007192227,0.0353222193715474,0.00849932670365194,0.023042310523334,0.0140438941516041,0.0685592232564241,0.217722520854521,0.0696167046519475,0.297145793294742,"Human_Breast_Andersson_10142021_ST_G1"
"Human_Breast_Andersson_10142021_ST_G1_15x11",0.197691919539166,0.0824237607548796,0.0358692030690529,0.0104008531258241,0.0128036980016974,0.115574141223086,0.219767010361008,0.0326586088534527,0.292810805071832,"Human_Breast_Andersson_10142021_ST_G1"
"Human_Breast_Andersson_10142021_ST_G1_15x12",0.149283101383266,0.097281067430717,0.0333773563391545,0.00808202790441842,0.00710312586989141,0.0252195471277143,0.116392356082935,0.304561039739685,0.25870037812222,"Human_Breast_Andersson_10142021_ST_G1"
"Human_Breast_Andersson_10142021_ST_G1_15x13",0.177450665943968,0.154782478143916,0.0832421234774569,0.101700005283464,0.00774579449488171,0.149294890262186,0.0531809947997124,0.167183109998573,0.105419937595842,"Human_Breast_Andersson_10142021_ST_G1"
"Human_Breast_Andersson_10142021_ST_G1_15x14",0.0501533169156079,0.195540730262744,0.128934950732093,0.0732050074471772,0.189754736011721,0.077845554239814,0.0860516783700535,0.020637765715736,0.177876260305053,"Human_Breast_Andersson_10142021_ST_G1"
"Human_Breast_Andersson_10142021_ST_G1_15x15",0.276522556161301,0.134811036075211,0.0336355829952884,3.94733046948804e-05,4.98369745027673e-05,0.0666321593830054,0.211107697530162,0.0476812755524869,0.229520382023347,"Human_Breast_Andersson_10142021_ST_G1"
"Human_Breast_Andersson_10142021_ST_G1_15x16",0.0534780342958724,0.325390243712055,0.116014615324677,0.0186757087506608,0.00429902559427988,0.155309450127151,0.113583702703731,0.0785988476590364,0.134650371832537,"Human_Breast_Andersson_10142021_ST_G1"
"Human_Breast_Andersson_10142021_ST_G1_15x17",0.027516707796954,0.162378198570501,0.353523102222148,0.149659890006701,0.097501529425333,0.094513179607074,0.0362048756425445,0.00644883431617552,0.0722536824125692,"Human_Breast_Andersson_10142021_ST_G1"
"Human_Breast_Andersson_10142021_ST_G1_15x18",0.0673453214415131,0.169239537175551,0.0831322088542023,0.0429959316712752,0.0190870498651085,0.0937832053939727,0.100213113648887,0.309905783090594,0.114297848858895,"Human_Breast_Andersson_10142021_ST_G1"
"Human_Breast_Andersson_10142021_ST_G1_15x19",0.118474069018284,0.228869255538082,0.0214772422358385,0.0247567443410189,0.00968676362371204,0.155648126625242,0.0697079206011507,0.271205110345608,0.100174767671063,"Human_Breast_Andersson_10142021_ST_G1"
"Human_Breast_Andersson_10142021_ST_G1_15x20",0.111995729298462,0.35926785421758,0.0678208402797687,0.0202648020657727,0.0130433957496694,0.0920123091746715,0.0680954794333953,0.153441783390727,0.114057806389954,"Human_Breast_Andersson_10142021_ST_G1"
"Human_Breast_Andersson_10142021_ST_G1_15x21",0.0647279074698996,0.0841748313849819,0.0380325666059764,0.0200496362046472,0.0339070163237711,0.0695182959211707,0.266613779443627,0.141686063240751,0.281289903405175,"Human_Breast_Andersson_10142021_ST_G1"
"Human_Breast_Andersson_10142021_ST_G1_15x22",0.0998869031235941,0.292478079768724,0.0665216460577267,0.0363599899205706,0.0148091780464474,0.151777500800695,0.0381090981096305,0.116865875545687,0.183191728626926,"Human_Breast_Andersson_10142021_ST_G1"
"Human_Breast_Andersson_10142021_ST_G1_15x23",0.020094619921475,0.321570447807318,0.0290803328578178,0.0471893117220906,0.046724491480549,0.0912452278994557,0.084079651995629,0.254334755776014,0.105681160539651,"Human_Breast_Andersson_10142021_ST_G1"
"Human_Breast_Andersson_10142021_ST_G1_15x24",0.0456745212268859,0.266224486879115,0.0154783260461684,0.042827051649706,0.0287413536186112,0.0581072464038357,0.211645968189221,0.0758446055843838,0.255456440402073,"Human_Breast_Andersson_10142021_ST_G1"
"Human_Breast_Andersson_10142021_ST_G1_15x25",0.0329465453044547,0.270374712936876,0.131043359002869,0.00335358831979637,0.00342438739749539,0.0976064751743633,0.0800306283847466,0.230812456992001,0.150407846487399,"Human_Breast_Andersson_10142021_ST_G1"
"Human_Breast_Andersson_10142021_ST_G1_15x26",0.135929438357449,0.314013931758914,0.188934932591376,0.0032141469877382,0.00133918037966069,0.113051858632225,0.0546451343396844,0.123439410104085,0.0654319668488685,"Human_Breast_Andersson_10142021_ST_G1"
"Human_Breast_Andersson_10142021_ST_G1_15x27",0.0440920550123011,0.32083394351873,0.187271506589902,0.0023098244546306,0.00265140660340084,0.13453080428401,0.069623458667741,0.0863026612269072,0.152384339642378,"Human_Breast_Andersson_10142021_ST_G1"
"Human_Breast_Andersson_10142021_ST_G1_15x7",0.0189966309507848,0.299556405064677,0.00506710476951383,0.0460182737265432,0.00425255893940282,0.0459961989805558,0.0629186131051001,0.488696092909779,0.0284981215536437,"Human_Breast_Andersson_10142021_ST_G1"
"Human_Breast_Andersson_10142021_ST_G1_15x9",0.353174267832309,0.0530804162605033,0.0400624763766951,0.00507102426900879,0.00333147813287724,0.0507850976749018,0.0956545340083997,0.123617552453699,0.275223152991605,"Human_Breast_Andersson_10142021_ST_G1"
"Human_Breast_Andersson_10142021_ST_G1_16x10",0.280149129109679,0.0339160977023744,0.0210256962087072,0.0135288371581698,0.0088947508596333,0.0484323706398546,0.138770169543839,0.0811417197966006,0.374141228981142,"Human_Breast_Andersson_10142021_ST_G1"
"Human_Breast_Andersson_10142021_ST_G1_16x11",0.266625959677629,0.079689326470888,0.0777764950297228,0.0107298918380661,0.00419276286519989,0.118600484375901,0.148424064527458,0.056292747470834,0.237668267744302,"Human_Breast_Andersson_10142021_ST_G1"
"Human_Breast_Andersson_10142021_ST_G1_16x12",0.186131771707625,0.186044632570523,0.00501820460856898,0.0459098465691466,0.0439961486174381,0.114591671903159,0.163682623466195,0.108857862853599,0.145767237703744,"Human_Breast_Andersson_10142021_ST_G1"
"Human_Breast_Andersson_10142021_ST_G1_16x13",0.229029042385691,0.234410403432114,0.105202358977163,0.0140663407103338,0.00678804740240712,0.191291167137569,0.0518582990968959,0.000848104737892654,0.166506236119933,"Human_Breast_Andersson_10142021_ST_G1"
"Human_Breast_Andersson_10142021_ST_G1_16x14",0.155712820469205,0.0681199215403271,0.09951244178473,0.251386711972533,0.054298589914375,0.0659533457227651,0.0298520367970612,0.00107801209355437,0.274086119705449,"Human_Breast_Andersson_10142021_ST_G1"
"Human_Breast_Andersson_10142021_ST_G1_16x15",0.205143643984159,0.279412744224634,0.0341979972843858,0.0142536694863994,0.0031689102853354,0.130118410858257,0.184418273617842,0.00642180231087065,0.142864547948116,"Human_Breast_Andersson_10142021_ST_G1"
"Human_Breast_Andersson_10142021_ST_G1_16x16",0.0129685192810166,0.266439911735738,0.301934956881565,0.0591407012481753,0.0202567576691119,0.179941060588674,0.0721411453761074,0.00147699195920895,0.0856999552604025,"Human_Breast_Andersson_10142021_ST_G1"
"Human_Breast_Andersson_10142021_ST_G1_16x17",0.255882204952013,0.322739700634051,0.00614822738083171,0.00504426789533293,0.00583016670622077,0.118498852075906,0.141840308087331,0.00693089494050061,0.137085377327812,"Human_Breast_Andersson_10142021_ST_G1"
"Human_Breast_Andersson_10142021_ST_G1_16x18",0.0633504966700115,0.232985308731893,0.210911830775071,0.00523736850791791,0.00115460054455103,0.231551358070293,0.0717877202479242,0.0213931464149228,0.161628170037415,"Human_Breast_Andersson_10142021_ST_G1"
"Human_Breast_Andersson_10142021_ST_G1_16x19",0.0691400734956635,0.296471372986109,0.0569494097990612,0.0225117185417774,0.0260447470079309,0.190596169052305,0.104002416071249,0.116067275640514,0.118216817405389,"Human_Breast_Andersson_10142021_ST_G1"
"Human_Breast_Andersson_10142021_ST_G1_16x20",0.073384376224152,0.319874655020062,0.0341420045621416,0.0226777149398587,0.0101776128401354,0.129639698618947,0.191994436545349,0.0104961222087661,0.207613379040588,"Human_Breast_Andersson_10142021_ST_G1"
"Human_Breast_Andersson_10142021_ST_G1_16x21",0.0802814178673572,0.269372345441809,0.105683742540833,0.0127300411383753,0.0106778408197189,0.153816974513759,0.0904357407924884,0.0109843533113502,0.26601754357431,"Human_Breast_Andersson_10142021_ST_G1"
"Human_Breast_Andersson_10142021_ST_G1_16x22",0.0627684634946064,0.265181095470865,0.0802648887708676,0.0361245456872576,0.0096037626883145,0.072112629841341,0.122964165929862,0.155555277485777,0.195425170631109,"Human_Breast_Andersson_10142021_ST_G1"
"Human_Breast_Andersson_10142021_ST_G1_16x23",0.0208916795455469,0.195553903587347,0.0225121058897785,0.0395074158264657,0.0511712979339869,0.0766696430241921,0.166236175998256,0.103983379451543,0.323474398742884,"Human_Breast_Andersson_10142021_ST_G1"
"Human_Breast_Andersson_10142021_ST_G1_16x24",0.0584661178757332,0.193990537254961,0.0163530637445408,0.0211461172986158,0.0399070739970782,0.062271020628925,0.15353559492076,0.0637494907119591,0.390580983567427,"Human_Breast_Andersson_10142021_ST_G1"
"Human_Breast_Andersson_10142021_ST_G1_16x25",0.0729782476793201,0.352173174402494,0.138459605557852,0.00526608869650358,0.00650018963744916,0.043628074270965,0.125210052398334,0.195096630155609,0.0606879372014723,"Human_Breast_Andersson_10142021_ST_G1"
"Human_Breast_Andersson_10142021_ST_G1_16x26",0.0295151674049582,0.55363251961875,0.0685594358161141,0.00762119502388727,0.00738725433650642,0.0985485370016017,0.0645678949018422,0.0166235602021441,0.153544435694196,"Human_Breast_Andersson_10142021_ST_G1"
"Human_Breast_Andersson_10142021_ST_G1_16x27",0.0881732419086385,0.231696390019244,0.555466636076639,0.00128110310902535,0.000749423534058503,0.0122260960543877,0.0611771383676054,0.00943547696613895,0.0397944939642628,"Human_Breast_Andersson_10142021_ST_G1"
"Human_Breast_Andersson_10142021_ST_G1_16x7",0.0401694721247454,0.443981790239061,0.0127910346176172,0.0320670426270402,0.00729808538289561,0.0974934500092169,0.03703862734875,0.252059546024508,0.0771009516261649,"Human_Breast_Andersson_10142021_ST_G1"
"Human_Breast_Andersson_10142021_ST_G1_16x8",0.0910313888590688,0.1756783372812,0.148116410250416,0.00514015134768429,0.0194824978479707,0.120994430540995,0.047910946748779,0.274760774500828,0.116885062623057,"Human_Breast_Andersson_10142021_ST_G1"
"Human_Breast_Andersson_10142021_ST_G1_16x9",0.455621361701112,0.10294173939339,0.109699429851749,0.00797548964406159,0.00606778576757781,0.0861619443613154,0.0403165951836579,0.0129078742162313,0.178307779880904,"Human_Breast_Andersson_10142021_ST_G1"
"Human_Breast_Andersson_10142021_ST_G1_17x10",0.275771444941192,0.119744814328747,0.046247028586921,0.00279848239895522,0.00206200599997249,0.150046667668202,0.0192942974716572,0.290078079657749,0.0939571789466039,"Human_Breast_Andersson_10142021_ST_G1"
"Human_Breast_Andersson_10142021_ST_G1_17x11",0.174126933283158,0.177831598501462,0.039640400359543,0.030070470120387,0.00547205437000764,0.129032976501481,0.026593376528377,0.340098306714159,0.0771338836214254,"Human_Breast_Andersson_10142021_ST_G1"
"Human_Breast_Andersson_10142021_ST_G1_17x12",0.159717172803954,0.384548006114991,0.0541746272646887,0.0759112540782393,0.056015112256571,0.161286937328566,0.0258604788184488,0.0362512172970461,0.0462351940374955,"Human_Breast_Andersson_10142021_ST_G1"
"Human_Breast_Andersson_10142021_ST_G1_17x13",0.0250724241211447,0.507425763520547,0.0276482625526529,0.0248683961618849,0.00953120732810881,0.243640725866032,0.0501432680987182,0.00643046673192546,0.105239485618985,"Human_Breast_Andersson_10142021_ST_G1"
"Human_Breast_Andersson_10142021_ST_G1_17x14",0.0440842383019223,0.261278025879397,0.0391110516680325,0.00565230404127468,0.0127503708326774,0.350966659463207,0.153291867311271,0.0284424347728221,0.104423047729396,"Human_Breast_Andersson_10142021_ST_G1"
"Human_Breast_Andersson_10142021_ST_G1_17x15",0.221062229845464,0.376196650829087,0.157740846290597,0.0639554128404138,0.00355634142483586,0.1138624317811,0.0132402127135789,0.00546947619358295,0.0449163980813416,"Human_Breast_Andersson_10142021_ST_G1"
"Human_Breast_Andersson_10142021_ST_G1_17x16",0.0398272409128118,0.0594679855455246,0.239215693997011,0.0976365386474656,0.0152209223300864,0.155805352236446,0.0777491955523203,0.0554269498519875,0.259650120926346,"Human_Breast_Andersson_10142021_ST_G1"
"Human_Breast_Andersson_10142021_ST_G1_17x17",0.342531338639092,0.173391745960035,0.107285464550256,0.00787187465033991,0.0126802123345123,0.115885925773722,0.0976541358112859,0.0651935240109718,0.0775057782697847,"Human_Breast_Andersson_10142021_ST_G1"
"Human_Breast_Andersson_10142021_ST_G1_17x18",0.0436313515027106,0.286223552533508,0.154464879192783,0.0148723951541595,0.0119774937250092,0.129387479016676,0.0379622481242806,0.207166672855805,0.114313927895067,"Human_Breast_Andersson_10142021_ST_G1"
"Human_Breast_Andersson_10142021_ST_G1_17x19",0.0445170456643193,0.286260053823549,0.0887091681370727,0.0329938175047689,0.0124347653749845,0.195770845631329,0.161595763957965,0.0234245808496152,0.154293959056397,"Human_Breast_Andersson_10142021_ST_G1"
"Human_Breast_Andersson_10142021_ST_G1_17x20",0.123414000506469,0.111559577021355,0.053968971686952,0.0475530886238543,0.0332943537563156,0.191816929159737,0.189730662108457,0.0510762162502002,0.19758620088666,"Human_Breast_Andersson_10142021_ST_G1"
"Human_Breast_Andersson_10142021_ST_G1_17x21",0.141518634909398,0.264857304680734,0.0578281835979449,0.0129822928221087,0.00886297927457736,0.106188053103958,0.0742212855348618,0.184837936327959,0.148703329748458,"Human_Breast_Andersson_10142021_ST_G1"
"Human_Breast_Andersson_10142021_ST_G1_17x22",0.0684635661537311,0.279494851445715,0.0327454832961954,0.0160313473324731,0.0226035509035484,0.0406649632968788,0.182098882506862,0.174262458928525,0.183634896136072,"Human_Breast_Andersson_10142021_ST_G1"
"Human_Breast_Andersson_10142021_ST_G1_17x23",0.0733826122383756,0.174366602920914,0.0224653624316149,0.0682781666404477,0.0347410685396577,0.0584408679603659,0.218777428259974,0.0615460099495772,0.288001881059073,"Human_Breast_Andersson_10142021_ST_G1"
"Human_Breast_Andersson_10142021_ST_G1_17x24",0.0673282300668742,0.170793260070932,0.050571351664575,0.0120050698808524,0.0270920757338488,0.0891012920680527,0.209048226757032,0.0909008829782639,0.283159610779569,"Human_Breast_Andersson_10142021_ST_G1"
"Human_Breast_Andersson_10142021_ST_G1_17x25",0.0580563019805704,0.30692637935007,0.0380020154435064,0.00805431225116446,0.0118567533012988,0.0432558819033685,0.186151085570633,0.14454094138828,0.203156328811109,"Human_Breast_Andersson_10142021_ST_G1"
"Human_Breast_Andersson_10142021_ST_G1_17x26",0.135448454080972,0.329579360328575,0.0745342958482557,0.0171099822525477,0.0199246490370626,0.044872840874236,0.128932246251716,0.0857548688011916,0.163843302525444,"Human_Breast_Andersson_10142021_ST_G1"
"Human_Breast_Andersson_10142021_ST_G1_17x27",0.0843568281347118,0.441246019849032,0.175823858384021,0.0044457537678192,0.0108079951133883,0.0841120230886247,0.0331946312196831,0.0442001867788958,0.121812703663824,"Human_Breast_Andersson_10142021_ST_G1"
