"","Endothelial","CAFs","PVL","B-cells","T-cells","Myeloid","Normal Epithelial","Plasmablasts","Cancer Epithelial","sid"
"Human_Breast_He_06222020_ST_BC24105_C2_3x30",0.0026992675890311,0.0573567781683117,0.00198629228438982,0.00574939617185358,0.00320513617341961,0.0284678579850598,0.19464220757744,0.521295202651329,0.184597861399165,"Human_Breast_He_06222020_ST_BC24105_C2"
"Human_Breast_He_06222020_ST_BC24105_C2_3x31",0.00935989260652258,0.0218506968211765,0.00140228421333382,0.00030953747841596,0.0008025135218585,0.0367573097920236,0.245444772446522,0.499641645447788,0.184431347672359,"Human_Breast_He_06222020_ST_BC24105_C2"
"Human_Breast_He_06222020_ST_BC24105_C2_23x21",0.01558517851365,0.106678447697271,0.00456776215860753,0.00673058877326421,0.00194359685919654,0.142116871295094,0.018666302343816,0.668459489943876,0.0352517624152247,"Human_Breast_He_06222020_ST_BC24105_C2"
"Human_Breast_He_06222020_ST_BC24105_C2_23x22",0.00040749079393988,0.156201989422623,0.00052082822687528,0.00124101867867669,0.000105600340222889,0.147899265311995,0.0229283305948769,0.656182789992425,0.0145126866383656,"Human_Breast_He_06222020_ST_BC24105_C2"
"Human_Breast_He_06222020_ST_BC24105_C2_20x21",0.00178023370395325,0.120024844755397,0.0194188287514598,2.817017603099e-05,8.93150105373719e-06,0.107719705441675,0.00494256255565424,0.737684834944058,0.00839188817071843,"Human_Breast_He_06222020_ST_BC24105_C2"
"Human_Breast_He_06222020_ST_BC24105_C2_20x20",0.00797717734974054,0.104971241319419,0.0033470530478486,0.00265033761788217,0.000123281448718498,0.172651557753882,0.0108592245297139,0.684397690513137,0.0130224364196577,"Human_Breast_He_06222020_ST_BC24105_C2"
"Human_Breast_He_06222020_ST_BC24105_C2_18x24",0.00386230189744083,0.143588256021655,0.00136770870304915,0.00120813155721611,0.00209543086987353,0.154143931280243,0.0700342428109637,0.557703196786309,0.0659968000732495,"Human_Breast_He_06222020_ST_BC24105_C2"
"Human_Breast_He_06222020_ST_BC24105_C2_18x25",0.00363920258270124,0.127581920406736,0.0158341635077443,0.0549923002799185,0.0141699899459287,0.16590894857382,0.212229956673097,0.247530561220561,0.158112956809495,"Human_Breast_He_06222020_ST_BC24105_C2"
"Human_Breast_He_06222020_ST_BC24105_C2_18x22",0.00124262047117937,0.145113050279372,0.00505119541260147,0.000487985095845838,2.32582954130465e-05,0.177294641928957,0.0635163516956196,0.55535426506675,0.0519166317542628,"Human_Breast_He_06222020_ST_BC24105_C2"
"Human_Breast_He_06222020_ST_BC24105_C2_18x23",0.00129616740798508,0.168335124277567,0.000202419993923654,0.00023364015869991,3.65877245513949e-06,0.255962227694462,0.0042823748039313,0.564327185116954,0.00535720177402251,"Human_Breast_He_06222020_ST_BC24105_C2"
"Human_Breast_He_06222020_ST_BC24105_C2_18x20",0.0112523787180449,0.176486815229728,0.00457297538879739,0.00967158845603944,0.00114163664990003,0.137788460510308,0.0495019083346024,0.535886401288987,0.0736978354235927,"Human_Breast_He_06222020_ST_BC24105_C2"
"Human_Breast_He_06222020_ST_BC24105_C2_18x21",0.00392979289189533,0.116679368738035,0.00251013016600996,0.00324337870841496,0.000818471885946308,0.146175953127961,0.0878067098892288,0.558019925167543,0.0808162694249653,"Human_Breast_He_06222020_ST_BC24105_C2"
"Human_Breast_He_06222020_ST_BC24105_C2_24x20",0.00953569970306878,0.142024234543625,0.00164670256869669,0.00525347334121001,0.000872673413645161,0.0708774696895562,0.16401026160797,0.510162541915327,0.0956169432169011,"Human_Breast_He_06222020_ST_BC24105_C2"
"Human_Breast_He_06222020_ST_BC24105_C2_11x23",0.00111347936599957,0.143976531464612,0.000200819936071484,0.00102149034874646,6.78512977456794e-05,0.00335533857179967,0.00913897274832936,0.836029322001097,0.00509619426559859,"Human_Breast_He_06222020_ST_BC24105_C2"
"Human_Breast_He_06222020_ST_BC24105_C2_23x20",0.00108459137530582,0.175811122447219,0.000190134690286259,0.000701870704830027,0.000145303501018242,0.0914113230003102,0.00704046578381435,0.718485856241481,0.00512933225573453,"Human_Breast_He_06222020_ST_BC24105_C2"
"Human_Breast_He_06222020_ST_BC24105_C2_4x20",0.00653023195338786,0.0605527736025834,0.00435953256889654,0.00509259005302312,0.00550288726759397,0.0447077378262208,0.163800717568884,0.597176279814253,0.112277249345157,"Human_Breast_He_06222020_ST_BC24105_C2"
"Human_Breast_He_06222020_ST_BC24105_C2_11x14",0.00256760017059194,0.142287558373905,0.000318513289661969,0.000197302538337496,0.000126515077078822,0.0298506815923707,0.0885184931950019,0.689471743376771,0.0466615923862806,"Human_Breast_He_06222020_ST_BC24105_C2"
"Human_Breast_He_06222020_ST_BC24105_C2_8x23",0.000705235332094692,0.101096499029647,0.000630237902139718,0.0608725132959719,0.00694633294338346,0.0180094934540252,0.24038938710074,0.398776835136863,0.172573465805135,"Human_Breast_He_06222020_ST_BC24105_C2"
"Human_Breast_He_06222020_ST_BC24105_C2_11x17",0.00155923983178079,0.131234393619735,0.00052860680121645,0.00505713909040815,0.000538043206046292,0.0644347181997548,0.114736537478889,0.610193798055676,0.0717175237164937,"Human_Breast_He_06222020_ST_BC24105_C2"
"Human_Breast_He_06222020_ST_BC24105_C2_8x16",0.00128667899395401,0.122037048480654,0.00124827393687901,0.000103586636369745,3.33777080248719e-06,0.0295360640706996,0.0409185008247088,0.79217678776758,0.0126897215183524,"Human_Breast_He_06222020_ST_BC24105_C2"
"Human_Breast_He_06222020_ST_BC24105_C2_5x17",0.0166183151306995,0.0931135090405153,0.00342897945411502,0.007288269770067,0.00431967561716433,0.0862803822900551,0.0982528993823555,0.60023834725689,0.0904596220581384,"Human_Breast_He_06222020_ST_BC24105_C2"
"Human_Breast_He_06222020_ST_BC24105_C2_2x29",0.00401872995554842,0.0377541354232989,0.00158292875627879,0.121110041512601,0.0279399651128608,0.080127853673848,0.0983912859564401,0.44597066664179,0.183104392967334,"Human_Breast_He_06222020_ST_BC24105_C2"
"Human_Breast_He_06222020_ST_BC24105_C2_6x31",0.00379254373166365,0.149512004979801,0.00256669359206862,0.000393068916478521,0.000193217411988027,0.0950571297166794,0.0834528842190825,0.657502451047351,0.00753000638488758,"Human_Breast_He_06222020_ST_BC24105_C2"
"Human_Breast_He_06222020_ST_BC24105_C2_6x30",0.00120152906912397,0.128378178772085,0.000364391304743461,0.000124712570335006,8.84840699471401e-05,0.0241038173190441,0.0013975963435335,0.835327072371279,0.00901421817990934,"Human_Breast_He_06222020_ST_BC24105_C2"
"Human_Breast_He_06222020_ST_BC24105_C2_23x19",0.0166786314620759,0.183577790298342,0.0120944897863664,0.0372270904447547,0.00815951758543947,0.172968011266861,0.139478840359104,0.328291934511715,0.101523694285342,"Human_Breast_He_06222020_ST_BC24105_C2"
"Human_Breast_He_06222020_ST_BC24105_C2_23x18",0.0131075645803785,0.110294585045466,0.00315249240806088,0.00966728193238953,0.00343450767976997,0.0773216504988219,0.191152731361059,0.446917487943706,0.144951698550348,"Human_Breast_He_06222020_ST_BC24105_C2"
"Human_Breast_He_06222020_ST_BC24105_C2_23x17",0.0276089312095421,0.125639674545814,0.0096677582310237,0.0788615866511708,0.0123208416494266,0.0682664804304876,0.116526861624938,0.386696003965292,0.174411861692306,"Human_Breast_He_06222020_ST_BC24105_C2"
"Human_Breast_He_06222020_ST_BC24105_C2_23x16",0.00108900567280302,0.0823345147621489,0.000595130595672159,0.00021532403075692,1.01061985986553e-05,0.0533110840895431,0.0505381596107048,0.805177290587463,0.0067293844523095,"Human_Breast_He_06222020_ST_BC24105_C2"
"Human_Breast_He_06222020_ST_BC24105_C2_8x22",0.00868713787375291,0.07651870813263,0.0044826266097288,0.000955485152555565,7.3486948801437e-05,0.0220307539198702,0.022863553331476,0.857009536292106,0.00737871173907897,"Human_Breast_He_06222020_ST_BC24105_C2"
"Human_Breast_He_06222020_ST_BC24105_C2_11x15",0.00334795638381167,0.111356986137529,0.00651030030659639,0.00351341348885663,0.000129834186794562,0.0164943607574424,0.066912045313213,0.770647052064755,0.021088051361002,"Human_Breast_He_06222020_ST_BC24105_C2"
"Human_Breast_He_06222020_ST_BC24105_C2_8x20",0.00511975435114748,0.104306718279053,0.00146571769121969,0.039303004977162,0.0219886166258576,0.0423904776006127,0.14898936100432,0.54989527059539,0.0865410788752366,"Human_Breast_He_06222020_ST_BC24105_C2"
"Human_Breast_He_06222020_ST_BC24105_C2_8x21",0.0113027188279915,0.0859656344806032,0.0294994283301823,0.00108217682875289,0.00265046038624732,0.0628451839688569,0.134869133281697,0.510007611525314,0.161777652370356,"Human_Breast_He_06222020_ST_BC24105_C2"
"Human_Breast_He_06222020_ST_BC24105_C2_11x13",0.00694576165944843,0.104374712116458,0.0149711048744493,0.0119760795297564,0.000351180324431915,0.00068682810368968,0.0271676059027465,0.735432136732225,0.0980945907567953,"Human_Breast_He_06222020_ST_BC24105_C2"
"Human_Breast_He_06222020_ST_BC24105_C2_14x23",0.0169637583556562,0.0659475995652882,0.00533402081751622,0.103073395401447,0.0196004405281003,0.107418528254145,0.278421294277086,0.264712229867722,0.138528732933039,"Human_Breast_He_06222020_ST_BC24105_C2"
"Human_Breast_He_06222020_ST_BC24105_C2_8x28",0.00586419149845813,0.0669058337813687,0.00214332296939659,0.00125078673469775,2.72447519496187e-05,0.00264749733581876,0.0364071507495032,0.878299308611176,0.00645466356763168,"Human_Breast_He_06222020_ST_BC24105_C2"
"Human_Breast_He_06222020_ST_BC24105_C2_8x29",0.000286420467967445,0.132261517106997,6.24340285063526e-05,0.000733833433231547,0.000145761844492057,0.0277201846521944,0.0618264006105503,0.73805628467901,0.0389071631770509,"Human_Breast_He_06222020_ST_BC24105_C2"
"Human_Breast_He_06222020_ST_BC24105_C2_11x18",0.000862343803213303,0.0636279109411419,0.000484246484234522,7.11675073929227e-05,5.01592994897987e-05,0.068415699620239,0.0787293476580806,0.676945241123031,0.110813883563177,"Human_Breast_He_06222020_ST_BC24105_C2"
"Human_Breast_He_06222020_ST_BC24105_C2_11x19",0.00146025405595105,0.0880788278731978,0.000623118972179072,0.000981553265686527,0.000330237889400037,0.0349934430065648,0.0481348250586823,0.791942841418524,0.0334548984598148,"Human_Breast_He_06222020_ST_BC24105_C2"
"Human_Breast_He_06222020_ST_BC24105_C2_2x15",0.00264280153144871,0.0685219966146337,0.00463056673670615,1.44303335570601e-06,1.33758947841885e-06,0.0426694300698726,0.00618195230569862,0.868728088196753,0.00662238392205282,"Human_Breast_He_06222020_ST_BC24105_C2"
"Human_Breast_He_06222020_ST_BC24105_C2_2x14",0.0012206947557545,0.151634789702509,0.000176314962501112,0.00265832432821178,0.00109812275545924,0.0142934770540529,0.0322750405006785,0.773534228855392,0.023109007085441,"Human_Breast_He_06222020_ST_BC24105_C2"
"Human_Breast_He_06222020_ST_BC24105_C2_2x17",0.00723641564982854,0.0587210415387914,0.0129664408209535,3.56589829954331e-05,0.000114565043491534,0.0203035539316316,0.119837407768507,0.73399949145447,0.0467854248093306,"Human_Breast_He_06222020_ST_BC24105_C2"
"Human_Breast_He_06222020_ST_BC24105_C2_2x16",0.00114584973732962,0.1474994511658,0.000630852884340229,1.01236588899971e-05,1.24747727090046e-06,0.00153204518034154,0.0399434153617698,0.786014746073238,0.0232222684610197,"Human_Breast_He_06222020_ST_BC24105_C2"
"Human_Breast_He_06222020_ST_BC24105_C2_2x27",0.0416608863483713,0.0199987201998622,0.00449217780716192,0.00603222110846521,0.001249297413659,0.0308270704478224,0.124015276704882,0.642282076747208,0.129442273222568,"Human_Breast_He_06222020_ST_BC24105_C2"
"Human_Breast_He_06222020_ST_BC24105_C2_17x15",0.00497153855101529,0.225669773553306,0.000383933204449369,0.000127741202133328,0.00037387910966692,0.0731720547157344,0.125274558631131,0.462166532665133,0.107859988367431,"Human_Breast_He_06222020_ST_BC24105_C2"
"Human_Breast_He_06222020_ST_BC24105_C2_2x19",0.0062139150413641,0.0911418828549474,0.00638040050962004,0.000289837984423955,0.000106444078670279,0.0478315115422394,0.0240504903192423,0.791235217357202,0.0327503003122902,"Human_Breast_He_06222020_ST_BC24105_C2"
"Human_Breast_He_06222020_ST_BC24105_C2_2x18",0.0122901192003439,0.0889563365956649,0.0118846750947721,0.000122189890416688,1.32769108766918e-05,0.0287557151162505,0.0261947490535442,0.82259640325078,0.0091865348873512,"Human_Breast_He_06222020_ST_BC24105_C2"
"Human_Breast_He_06222020_ST_BC24105_C2_17x16",0.00237515317573049,0.116653141022087,0.030943196250415,0.00335579316893576,0.000854953536229202,0.0930874310965318,0.212404215263146,0.458659529294641,0.0816665871922841,"Human_Breast_He_06222020_ST_BC24105_C2"
"Human_Breast_He_06222020_ST_BC24105_C2_17x17",0.00172967319033098,0.170242361478959,0.00135258104506892,0.00562536856218271,0.00170513287418348,0.0578729466998767,0.148115491726525,0.424267991523646,0.189088452899228,"Human_Breast_He_06222020_ST_BC24105_C2"
"Human_Breast_He_06222020_ST_BC24105_C2_26x19",0.0131875660713727,0.1550935500817,0.000828245017384444,0.00456341801523605,0.00123508443336755,0.0568129599319385,0.138602518730198,0.531435538055659,0.0982411196631435,"Human_Breast_He_06222020_ST_BC24105_C2"
"Human_Breast_He_06222020_ST_BC24105_C2_17x18",0.0112451219125348,0.226879461304762,0.00372690800066795,0.0377156024316607,0.00756214407880122,0.0660375843931562,0.0638032989568397,0.401027000328173,0.182002878593404,"Human_Breast_He_06222020_ST_BC24105_C2"
"Human_Breast_He_06222020_ST_BC24105_C2_10x24",0.0179808442392549,0.125309718589003,0.0272670048435342,0.0427419137569867,0.00494241987762161,0.113224844561854,0.0723851799265492,0.359110269530349,0.237037804674846,"Human_Breast_He_06222020_ST_BC24105_C2"
"Human_Breast_He_06222020_ST_BC24105_C2_10x25",0.0104989429771117,0.0919865534042438,0.00195985394878204,0.000219085446308534,0.000115125399218407,0.0175611356618592,0.0162906191361976,0.835702638913802,0.0256660451124771,"Human_Breast_He_06222020_ST_BC24105_C2"
"Human_Breast_He_06222020_ST_BC24105_C2_14x21",0.0244123781232897,0.108363734502731,0.0195747437927793,0.0182380440884304,0.0043457458730979,0.0726662074500927,0.0792309084059339,0.514016672493316,0.159151565270329,"Human_Breast_He_06222020_ST_BC24105_C2"
"Human_Breast_He_06222020_ST_BC24105_C2_10x23",0.000410907700398452,0.090319443945815,0.00016593734523972,0.00026384937363272,0.000901508707356848,0.00558327197679099,0.140807136271897,0.582443305610296,0.179104639068573,"Human_Breast_He_06222020_ST_BC24105_C2"
"Human_Breast_He_06222020_ST_BC24105_C2_10x20",0.0114193180931351,0.0953978621363738,0.013511930232828,0.0260178954311491,0.00500088010397152,0.0790946679210441,0.119733189326813,0.514096468139136,0.135727788615549,"Human_Breast_He_06222020_ST_BC24105_C2"
"Human_Breast_He_06222020_ST_BC24105_C2_10x21",0.00675216245040914,0.063383767337493,0.00509985480406598,0.00811182567644165,0.00690743167232942,0.0599125653474394,0.0495073900125944,0.484940229462923,0.315384773236304,"Human_Breast_He_06222020_ST_BC24105_C2"
"Human_Breast_He_06222020_ST_BC24105_C2_10x29",0.021882358566905,0.0803279765621481,0.0101839727091406,0.000243970619509504,0.00011352468687341,0.0418872140555427,0.0621576176073266,0.766539117972205,0.0166642472203487,"Human_Breast_He_06222020_ST_BC24105_C2"
"Human_Breast_He_06222020_ST_BC24105_C2_7x16",4.06608531539568e-05,0.092284245785555,0.000149407920514412,2.55437724202921e-06,3.136640423514e-06,0.00750089265903451,0.000265857706143509,0.899699999405538,5.3244652395295e-05,"Human_Breast_He_06222020_ST_BC24105_C2"
"Human_Breast_He_06222020_ST_BC24105_C2_7x17",0.012702160142446,0.0913145264232543,0.00528651034078301,0.0378368619932322,0.00783453651178617,0.0713450343433279,0.142318454076938,0.497228972983809,0.134132943184423,"Human_Breast_He_06222020_ST_BC24105_C2"
"Human_Breast_He_06222020_ST_BC24105_C2_7x14",0.00352194533283367,0.0871339480288865,0.00443939610695025,0.0064369514150535,0.00396957337061327,0.052098181829655,0.181325497303471,0.61191850638702,0.0491560002255168,"Human_Breast_He_06222020_ST_BC24105_C2"
"Human_Breast_He_06222020_ST_BC24105_C2_7x15",0.00210840598203142,0.0894515988892884,0.04214457410827,0.00658612869258751,0.00118121358091331,0.0029854696090217,0.025551794694256,0.824139559459717,0.0058512549839151,"Human_Breast_He_06222020_ST_BC24105_C2"
"Human_Breast_He_06222020_ST_BC24105_C2_7x18",0.0378886608391184,0.137077468418274,0.00652025116352079,0.000965548967515822,6.34361249253567e-05,0.0824725105556431,0.138314861531683,0.586221738735866,0.0104755236634538,"Human_Breast_He_06222020_ST_BC24105_C2"
"Human_Breast_He_06222020_ST_BC24105_C2_7x19",0.0120551579796736,0.0506198531764475,0.00231315934482523,0.102055983776682,0.0733002161112826,0.0900924404011894,0.198403188875906,0.224209851278202,0.246950149055792,"Human_Breast_He_06222020_ST_BC24105_C2"
"Human_Breast_He_06222020_ST_BC24105_C2_13x23",0.00735148363947725,0.0804933278410648,0.00627643833286745,0.101835017465074,0.00899375590881335,0.0374573826958987,0.109419977570387,0.44426530594292,0.203907310603497,"Human_Breast_He_06222020_ST_BC24105_C2"
"Human_Breast_He_06222020_ST_BC24105_C2_21x17",0.00417540229075182,0.08622163758211,0.0196432483858365,0.0774685554688208,0.000845214392929703,0.0443633658285597,0.0563056323123662,0.581764874823998,0.129212068914627,"Human_Breast_He_06222020_ST_BC24105_C2"
"Human_Breast_He_06222020_ST_BC24105_C2_21x16",0.00542827587467213,0.182240924344905,0.00321007018908835,0.0143904781714928,0.00253550918831855,0.061668522632628,0.0964271275556918,0.453447401440752,0.180651690602452,"Human_Breast_He_06222020_ST_BC24105_C2"
"Human_Breast_He_06222020_ST_BC24105_C2_21x15",0.0357357685495412,0.164367978599734,0.0317429809012657,0.021926661189662,0.0124949819124542,0.0776277737555688,0.123582139349513,0.230731162903838,0.301790552838423,"Human_Breast_He_06222020_ST_BC24105_C2"
"Human_Breast_He_06222020_ST_BC24105_C2_21x19",0.00135280418928693,0.117135770539601,0.00154923990750329,0.00579168293582068,0.00142795008533592,0.0831221233346695,0.193338913636071,0.473640391541638,0.122641123830073,"Human_Breast_He_06222020_ST_BC24105_C2"
"Human_Breast_He_06222020_ST_BC24105_C2_21x18",0.0156429819790174,0.151120930063873,0.00893209319652817,9.78626938168402e-05,7.33059618781477e-05,0.184906104265561,0.0228079907078435,0.567813327105857,0.048605404025625,"Human_Breast_He_06222020_ST_BC24105_C2"
"Human_Breast_He_06222020_ST_BC24105_C2_9x25",0.0118345780875501,0.115802299480101,0.00726305862826634,0.0889969452442093,0.0137529688189334,0.0858673465082617,0.0811496359309384,0.479559883579461,0.115773283722279,"Human_Breast_He_06222020_ST_BC24105_C2"
"Human_Breast_He_06222020_ST_BC24105_C2_9x24",0.0132128109140069,0.107066204993939,0.0074061803118163,0.00227229218388027,0.00203324035689238,0.0407142180764106,0.0707181037478572,0.706337153108303,0.0502397963068937,"Human_Breast_He_06222020_ST_BC24105_C2"
"Human_Breast_He_06222020_ST_BC24105_C2_9x21",0.0148894461193496,0.159210226109682,0.00943407552386324,0.000924225406129245,0.00242015131992861,0.0200531433923126,0.10944926367785,0.625168217291004,0.0584512511598804,"Human_Breast_He_06222020_ST_BC24105_C2"
"Human_Breast_He_06222020_ST_BC24105_C2_9x20",0.0148434915232927,0.0279830906959502,0.00746089995217608,0.0805815290104826,0.0180286658874676,0.023002200312417,0.230080195210985,0.448545653296842,0.149474274110387,"Human_Breast_He_06222020_ST_BC24105_C2"
"Human_Breast_He_06222020_ST_BC24105_C2_9x23",0.00926249577294147,0.0984560839835892,0.0164123519752432,0.00559283178359764,0.000743244926025563,0.0287543055882179,0.074207033814477,0.589652777470344,0.176918874685564,"Human_Breast_He_06222020_ST_BC24105_C2"
"Human_Breast_He_06222020_ST_BC24105_C2_9x22",0.00651537288033684,0.105371464046626,0.0017226770427926,0.0023588034653036,0.00156360762631269,0.0523238422307247,0.185701238565,0.567900306971264,0.0765426871716397,"Human_Breast_He_06222020_ST_BC24105_C2"
"Human_Breast_He_06222020_ST_BC24105_C2_12x24",0.0255759359085825,0.123921118993775,0.0115099170624769,0.0848536115177278,0.0302983497646052,0.08394837489237,0.109434939251138,0.431161049934809,0.0992967026745161,"Human_Breast_He_06222020_ST_BC24105_C2"
"Human_Breast_He_06222020_ST_BC24105_C2_12x25",0.000668054299935002,0.118882746277273,0.000525789366526871,0.000862781278010742,0.00062299295892265,0.0816181953231317,0.125796533613763,0.637779236281456,0.0332436706009815,"Human_Breast_He_06222020_ST_BC24105_C2"
"Human_Breast_He_06222020_ST_BC24105_C2_13x21",0.000290408504432322,0.133415407720241,4.06033890363236e-05,0.000821409035580681,0.000232225435289115,0.00878917232935384,0.0722258118983227,0.748186907854852,0.0359980538328918,"Human_Breast_He_06222020_ST_BC24105_C2"
"Human_Breast_He_06222020_ST_BC24105_C2_13x20",0.000146762569872728,0.210677059360452,8.21991767923427e-05,0.00141237943286972,0.00048024313292701,0.0131027033767527,0.0220505920718576,0.742224153176715,0.00982390770175997,"Human_Breast_He_06222020_ST_BC24105_C2"
"Human_Breast_He_06222020_ST_BC24105_C2_9x29",0.0136782319569212,0.122233040957876,0.00408992329246218,0.000308970633114003,1.00496132588279e-05,0.0601265459530441,0.00999111309604363,0.777511546404937,0.0120505780923433,"Human_Breast_He_06222020_ST_BC24105_C2"
"Human_Breast_He_06222020_ST_BC24105_C2_12x21",0.000609530953411386,0.12225632999142,0.000314705546754097,0.00012179535248346,3.47165865565497e-05,0.00409726708516868,0.0722192887408604,0.781379171505178,0.0189671942381676,"Human_Breast_He_06222020_ST_BC24105_C2"
"Human_Breast_He_06222020_ST_BC24105_C2_12x23",0.0128892038823001,0.177284722568942,0.00725423521564135,0.0332730862680412,0.0105081148642533,0.0294878230432928,0.0334361736312306,0.631656044674936,0.0642105958513628,"Human_Breast_He_06222020_ST_BC24105_C2"
"Human_Breast_He_06222020_ST_BC24105_C2_10x22",0.0730695631248113,0.0871544493378712,0.0249600395092454,9.99192336239434e-05,4.80970300932205e-05,0.0476667716161866,0.0242183319748768,0.722676128815959,0.0201066993573322,"Human_Breast_He_06222020_ST_BC24105_C2"
"Human_Breast_He_06222020_ST_BC24105_C2_24x17",0.0183927628447704,0.143307663456658,0.00384122009393282,0.00151679323097155,0.000209404324141414,0.051025067128333,0.0484842716185549,0.694156819596245,0.0390659977063928,"Human_Breast_He_06222020_ST_BC24105_C2"
"Human_Breast_He_06222020_ST_BC24105_C2_3x27",0.00336151640161402,0.0810470869587208,0.00107733582279612,0.00232558645582527,0.0012183526768367,0.0882945101152136,0.191303285086006,0.452645650721019,0.178726675761969,"Human_Breast_He_06222020_ST_BC24105_C2"
"Human_Breast_He_06222020_ST_BC24105_C2_3x26",0.00168506203142244,0.00181045680082895,0.0205181432736906,0.000180081799503222,0.000333875600217697,0.00225234374334514,0.168508357655408,0.636753131356845,0.16795854773874,"Human_Breast_He_06222020_ST_BC24105_C2"
"Human_Breast_He_06222020_ST_BC24105_C2_3x25",0.00825417285091231,0.0630287511355923,0.00120333200836061,0.00284265766965691,0.00470058868092396,0.0874194559177806,0.182983950910983,0.437892501324041,0.211674589501749,"Human_Breast_He_06222020_ST_BC24105_C2"
"Human_Breast_He_06222020_ST_BC24105_C2_3x24",0.000635062500156339,0.146016469487523,0.000197294572763194,4.68812195341991e-05,1.95627437464218e-05,0.00183923456948567,0.218927114729467,0.406319639603912,0.225998740573412,"Human_Breast_He_06222020_ST_BC24105_C2"
"Human_Breast_He_06222020_ST_BC24105_C2_3x23",0.00129267831754446,0.0463753012747698,0.00278347427475594,0.00100352861396043,0.000557463289186723,0.0166059093805311,0.121557935782428,0.562437878646115,0.247385830420709,"Human_Breast_He_06222020_ST_BC24105_C2"
"Human_Breast_He_06222020_ST_BC24105_C2_3x22",0.00767491191810896,0.0909643750628165,0.00299913677341252,0.0496050847585819,0.0152970252373695,0.0362877376877357,0.175802814205726,0.456735609413336,0.164633304942912,"Human_Breast_He_06222020_ST_BC24105_C2"
"Human_Breast_He_06222020_ST_BC24105_C2_3x21",0.00430200693440131,0.0357851131678078,0.00291552934559333,0.00265603179400957,0.0030186919576983,0.0163671744081427,0.0679630688836043,0.60460304862448,0.262389334884263,"Human_Breast_He_06222020_ST_BC24105_C2"
"Human_Breast_He_06222020_ST_BC24105_C2_3x20",0.000339576762160922,0.0443833948734653,0.00140919610662155,5.9258308655206e-06,3.8965087845813e-07,0.00762779917089854,0.00499693034230434,0.939395611495112,0.00184117576769354,"Human_Breast_He_06222020_ST_BC24105_C2"
"Human_Breast_He_06222020_ST_BC24105_C2_11x25",0.00373759695751151,0.0636606065015248,0.000487758635536746,0.00226925657375419,0.000112130478879806,0.0517562532109257,0.0497346792906369,0.816921684043957,0.0113200343072733,"Human_Breast_He_06222020_ST_BC24105_C2"
"Human_Breast_He_06222020_ST_BC24105_C2_11x24",0.00257134665561453,0.104271682476511,0.00302629248126699,0.000801210772805963,0.000182907300352673,0.103719106682213,0.0504675776603285,0.694662526044479,0.0402973499264284,"Human_Breast_He_06222020_ST_BC24105_C2"
"Human_Breast_He_06222020_ST_BC24105_C2_11x26",0.00319790983928358,0.0843989275615229,0.00875695019271037,0.0350846505096698,0.0138828321084581,0.0630135134459875,0.0164249430311363,0.739029029636081,0.0362112436751502,"Human_Breast_He_06222020_ST_BC24105_C2"
"Human_Breast_He_06222020_ST_BC24105_C2_11x21",0.00482757750356926,0.0990304205051225,0.00114626704623305,0.00703630516869325,0.00145926102208079,0.0128617326084087,0.0441015110774367,0.762123433786965,0.0674134912814908,"Human_Breast_He_06222020_ST_BC24105_C2"
"Human_Breast_He_06222020_ST_BC24105_C2_11x20",0.00186332986593393,0.211349069519771,0.000613765774725093,0.00106727901729257,0.000407574306821864,0.0778411450616955,0.0344622447345059,0.603811288544347,0.0685843031749064,"Human_Breast_He_06222020_ST_BC24105_C2"
"Human_Breast_He_06222020_ST_BC24105_C2_3x29",0.0023387830094358,0.141009550324971,0.000691081101949194,0.000342721419879741,0.000389310275100133,0.094733711594124,0.0739055721327425,0.589744960852292,0.0968443092895062,"Human_Breast_He_06222020_ST_BC24105_C2"
"Human_Breast_He_06222020_ST_BC24105_C2_11x22",0.00608243493078127,0.113469567197004,0.000770670960572892,0.0171883551157985,0.00406430892562452,0.0133805437538086,0.0969166630019361,0.715250623425107,0.0328768326893665,"Human_Breast_He_06222020_ST_BC24105_C2"
"Human_Breast_He_06222020_ST_BC24105_C2_18x19",0.00380813285251425,0.0967737207711179,0.00173060377566851,0.0144155783458071,0.00304196018664777,0.178240031401344,0.0893093548038812,0.580760501523774,0.0319201163392454,"Human_Breast_He_06222020_ST_BC24105_C2"
"Human_Breast_He_06222020_ST_BC24105_C2_18x17",0.00195987965990025,0.173647469629159,0.00078095863522179,0.00116684916860236,0.000228702384747084,0.0245768769188661,0.193660612316594,0.502084036931545,0.101894614355364,"Human_Breast_He_06222020_ST_BC24105_C2"
"Human_Breast_He_06222020_ST_BC24105_C2_18x16",0.000704369272062578,0.194760362187354,0.00187054937108246,0.000403072859790026,0.000295005929478609,0.051061183777919,0.0738338256873563,0.537740639925219,0.139330990989738,"Human_Breast_He_06222020_ST_BC24105_C2"
"Human_Breast_He_06222020_ST_BC24105_C2_6x15",0.000609846159128824,0.0255428266734118,0.000692435481394604,7.12172553560206e-07,5.29555346556871e-08,0.00234397023631858,1.77847938839829e-05,0.970754395594417,3.79759333569931e-05,"Human_Breast_He_06222020_ST_BC24105_C2"
"Human_Breast_He_06222020_ST_BC24105_C2_6x14",0.0210404963327638,0.110562778001299,0.00833993731914894,0.0190454127378768,0.00266707896190404,0.0773759197294841,0.102843494679041,0.560318188616804,0.0978066936216778,"Human_Breast_He_06222020_ST_BC24105_C2"
"Human_Breast_He_06222020_ST_BC24105_C2_2x24",0.00139788677674554,0.0630855718279108,0.00161650348693772,0.000168643308208924,6.14740902301606e-05,0.0084159632596224,0.122058511461653,0.645217950204339,0.157977495584353,"Human_Breast_He_06222020_ST_BC24105_C2"
"Human_Breast_He_06222020_ST_BC24105_C2_2x25",0.00488439729129419,0.0819426784299622,0.00237746657418601,0.0132140825061837,0.0129488037300967,0.0233563720736477,0.261441500220673,0.405148658663672,0.194686040510285,"Human_Breast_He_06222020_ST_BC24105_C2"
"Human_Breast_He_06222020_ST_BC24105_C2_2x20",0.00236122902649053,0.0582806185349513,0.00256838786361012,0.000585199048552149,2.43022403080672e-05,0.0266243426724158,0.0159320252159293,0.884794551685273,0.00882934371246936,"Human_Breast_He_06222020_ST_BC24105_C2"
"Human_Breast_He_06222020_ST_BC24105_C2_2x21",0.00427812037585837,0.0772874733394903,0.00361780580090479,0.00235576492494808,0.000966222463414656,0.083906919964638,0.15139550294684,0.602775116412686,0.0734170737712203,"Human_Breast_He_06222020_ST_BC24105_C2"
"Human_Breast_He_06222020_ST_BC24105_C2_2x22",0.00778400937252439,0.0284219006104062,0.00241899003650088,0.00114248156738619,0.00131270272761884,0.0740591804730712,0.109136735988699,0.527078704612966,0.248645294610827,"Human_Breast_He_06222020_ST_BC24105_C2"
"Human_Breast_He_06222020_ST_BC24105_C2_2x23",0.00894834666974664,0.128764599828493,0.00839155248899799,0.00974208230938703,0.00686964424979998,0.0501729155968531,0.2020950433258,0.454185206463153,0.130830609067769,"Human_Breast_He_06222020_ST_BC24105_C2"
"Human_Breast_He_06222020_ST_BC24105_C2_11x16",0.0397324928807395,0.0697044299506095,0.0254303971287692,0.00298027997296004,0.000521329594699526,0.0361384014220178,0.0818566074182857,0.514675947463282,0.228960114168636,"Human_Breast_He_06222020_ST_BC24105_C2"
"Human_Breast_He_06222020_ST_BC24105_C2_14x17",0.000201119086158849,0.241424322368903,0.000114879718342561,0.000866199108258433,9.94663707830544e-05,0.0240748072910987,0.0112036589053419,0.70634215950961,0.0156733876415032,"Human_Breast_He_06222020_ST_BC24105_C2"
"Human_Breast_He_06222020_ST_BC24105_C2_4x17",0.0169819170599138,0.0765855106631276,0.0055759306287682,0.00333159437859806,0.00616144203323242,0.0652399939633559,0.0749622897278155,0.70257630898999,0.0485850125551986,"Human_Breast_He_06222020_ST_BC24105_C2"
"Human_Breast_He_06222020_ST_BC24105_C2_4x16",0.00101011346613665,0.0929213606259077,0.00132506212338845,1.82241395237961e-05,2.18332504305507e-06,0.0481015741500997,0.00759429467726102,0.847735930870343,0.00129125662229622,"Human_Breast_He_06222020_ST_BC24105_C2"
"Human_Breast_He_06222020_ST_BC24105_C2_4x15",4.21637292041995e-05,0.105178732259993,0.000618944999808,0.000164923161122803,6.37835501033876e-06,0.00099753586772491,0.00184254965996175,0.889325236204001,0.00182353576317394,"Human_Breast_He_06222020_ST_BC24105_C2"
"Human_Breast_He_06222020_ST_BC24105_C2_4x14",0.000558357905623625,0.0887731176514201,0.00045809351322426,0.000731085154517754,0.000327601932528486,0.0249096836716053,0.0569002685408252,0.802022286302043,0.0253195053282124,"Human_Breast_He_06222020_ST_BC24105_C2"
"Human_Breast_He_06222020_ST_BC24105_C2_4x19",0.000564794244234296,0.043878194613007,0.00092464582754295,9.77629661250574e-06,2.08969612958136e-06,0.00286520548650517,0.0270401651624989,0.896428930424816,0.0282861982486534,"Human_Breast_He_06222020_ST_BC24105_C2"
"Human_Breast_He_06222020_ST_BC24105_C2_4x18",0.0148644948626304,0.147330716709696,0.00411328184498854,0.012581634693543,0.00533060182246747,0.0294297111692385,0.0714323762176488,0.633362685398287,0.0815544972814993,"Human_Breast_He_06222020_ST_BC24105_C2"
"Human_Breast_He_06222020_ST_BC24105_C2_8x15",0.00688937045207231,0.173539942457148,0.00181675587884487,0.000575251226829802,1.02838898425416e-05,0.0889365241941384,0.0172971612782297,0.675013647975287,0.0359210626476077,"Human_Breast_He_06222020_ST_BC24105_C2"
"Human_Breast_He_06222020_ST_BC24105_C2_24x18",0.00348654980144245,0.117651532128255,0.00161212509206717,0.00435472768637243,0.000909652384107817,0.0262108387503132,0.278959055473729,0.411140153898188,0.155675364785525,"Human_Breast_He_06222020_ST_BC24105_C2"
"Human_Breast_He_06222020_ST_BC24105_C2_24x19",0.00852680596781865,0.0373019077392888,0.00331782318392128,0.00788085607729513,0.0114595533354959,0.0712292987006755,0.16604635122232,0.456894741185642,0.237342662587542,"Human_Breast_He_06222020_ST_BC24105_C2"
"Human_Breast_He_06222020_ST_BC24105_C2_12x17",0.00133483878107623,0.16896733085839,0.000630990423372021,0.0323539063250493,0.00697082335147743,0.0500923390359273,0.158559883935575,0.467353173130941,0.113736714158191,"Human_Breast_He_06222020_ST_BC24105_C2"
"Human_Breast_He_06222020_ST_BC24105_C2_12x16",0.0105577732634735,0.0944061891881313,0.00524286165677551,0.0944398989179296,0.0129969630825691,0.0361753685332054,0.220182408225485,0.394751714520498,0.131246822611933,"Human_Breast_He_06222020_ST_BC24105_C2"
"Human_Breast_He_06222020_ST_BC24105_C2_22x16",0.00695732696466951,0.120824524863489,0.00238091277908599,0.0161336306272837,0.00134385955079706,0.0740421406774426,0.148088153964816,0.369077221257529,0.261152229314887,"Human_Breast_He_06222020_ST_BC24105_C2"
"Human_Breast_He_06222020_ST_BC24105_C2_14x24",0.000737922446596111,0.184282636780349,0.000466734006371725,0.0144962027285319,0.0150627217824189,0.0779141996950456,0.108907187054367,0.300235029096086,0.297897366410234,"Human_Breast_He_06222020_ST_BC24105_C2"
"Human_Breast_He_06222020_ST_BC24105_C2_12x13",0.00581563240527707,0.0538770208936312,0.00286352748285535,0.0063689107034707,0.00141556430117003,0.0527079028802146,0.277104353556274,0.528315159515734,0.071531928261374,"Human_Breast_He_06222020_ST_BC24105_C2"
"Human_Breast_He_06222020_ST_BC24105_C2_22x18",0.0147179005391356,0.205754171830905,0.00234940193052546,0.0521049826306302,0.00496160367344976,0.0636490908452045,0.118601255781478,0.432393226069412,0.105468366699259,"Human_Breast_He_06222020_ST_BC24105_C2"
"Human_Breast_He_06222020_ST_BC24105_C2_22x19",0.0156005622552971,0.211193051661484,0.00303535051135273,0.0303340187681245,0.0062243086180495,0.15019974879585,0.0754008834679464,0.427796883404333,0.0802151925175624,"Human_Breast_He_06222020_ST_BC24105_C2"
"Human_Breast_He_06222020_ST_BC24105_C2_12x19",0.00553784425400853,0.106821431903883,0.00280505731037367,0.00792982721630355,0.00142188078921252,0.0582394030774703,0.166486830762205,0.527042624045611,0.123715100640933,"Human_Breast_He_06222020_ST_BC24105_C2"
"Human_Breast_He_06222020_ST_BC24105_C2_12x18",0.00173540880798023,0.112742502162159,0.0035063843732802,0.000540886145053505,0.000246741663830134,0.019138626396652,0.0607023605387853,0.586714894739238,0.214672195173021,"Human_Breast_He_06222020_ST_BC24105_C2"
"Human_Breast_He_06222020_ST_BC24105_C2_9x18",0.012946609927922,0.117356453022388,0.00122671852429754,0.000293746300888471,0.000224349259800964,0.0388326180818376,0.0232086002208152,0.783656133420956,0.0222547712410936,"Human_Breast_He_06222020_ST_BC24105_C2"
"Human_Breast_He_06222020_ST_BC24105_C2_9x19",0.0032840051781123,0.14163923079268,0.000712353056969938,0.00117870793339602,0.000344959420422239,0.0352611378339179,0.0150653382060927,0.749144832739344,0.0533694348390648,"Human_Breast_He_06222020_ST_BC24105_C2"
"Human_Breast_He_06222020_ST_BC24105_C2_9x14",0.0192820660019695,0.0670162839074601,0.00264329418334037,0.0455604961790639,0.00807910594102546,0.0413553766573814,0.0861039073417247,0.586846208217042,0.143113261570993,"Human_Breast_He_06222020_ST_BC24105_C2"
"Human_Breast_He_06222020_ST_BC24105_C2_9x16",0.038797708950136,0.0576645822677075,0.00650175401563539,0.0637445744300134,0.0236413484632263,0.0868606975916068,0.0961613116034491,0.510415515295953,0.116212507382273,"Human_Breast_He_06222020_ST_BC24105_C2"
"Human_Breast_He_06222020_ST_BC24105_C2_5x16",0.00903558567595232,0.0883497590287205,0.00336650750504409,0.0396180360581534,0.0181528648018715,0.123797393734554,0.118028751589591,0.54293282685632,0.0567182747497931,"Human_Breast_He_06222020_ST_BC24105_C2"
"Human_Breast_He_06222020_ST_BC24105_C2_14x14",0.0029924440088325,0.0439739976133296,0.0108062701267329,0.00134153658643364,0.00234280479256397,0.0416521366021394,0.33432615677176,0.356890042785979,0.205674610712229,"Human_Breast_He_06222020_ST_BC24105_C2"
"Human_Breast_He_06222020_ST_BC24105_C2_8x18",0.0233948676932989,0.0161335148386747,0.0223525651538843,0.155309803588971,0.070264549688311,0.0554124008852149,0.171521916886469,0.288569354170565,0.197041027094611,"Human_Breast_He_06222020_ST_BC24105_C2"
"Human_Breast_He_06222020_ST_BC24105_C2_5x30",0.0110812418376881,0.154027506368021,0.0115188903943995,8.66688818854922e-05,7.8671882576489e-05,0.030072600744209,0.0279974863668868,0.751776019949534,0.0133609135748004,"Human_Breast_He_06222020_ST_BC24105_C2"
"Human_Breast_He_06222020_ST_BC24105_C2_9x15",0.000532702542842891,0.21829540478411,0.00145189711306325,0.000143928718706336,7.80870825807727e-05,0.011813928546422,0.0256179839779515,0.637053473451868,0.105012593782455,"Human_Breast_He_06222020_ST_BC24105_C2"
"Human_Breast_He_06222020_ST_BC24105_C2_15x18",0.00615864020642996,0.164262742856912,0.000415094211888593,0.0647406577815279,0.0111269936582848,0.0506863895772222,0.0722984326087951,0.498378453452833,0.131932595646107,"Human_Breast_He_06222020_ST_BC24105_C2"
"Human_Breast_He_06222020_ST_BC24105_C2_15x19",0.01442666822928,0.120364763977239,0.0197626515822163,0.0193356565285316,0.00212105614912179,0.0678108675019158,0.130808392968575,0.4691265747023,0.156243368360821,"Human_Breast_He_06222020_ST_BC24105_C2"
"Human_Breast_He_06222020_ST_BC24105_C2_15x13",0.0361756587806382,0.0282856780213841,0.0283267965000764,0.086259176382164,0.030960462111026,0.0794508309971065,0.217708034957644,0.236951093470719,0.255882268779242,"Human_Breast_He_06222020_ST_BC24105_C2"
"Human_Breast_He_06222020_ST_BC24105_C2_15x15",0.000430327784286775,0.033690234407124,0.000495579276598833,0.000128363184377536,8.86780875597184e-05,0.0116391472847614,0.072858961006558,0.738994727681819,0.141673981286915,"Human_Breast_He_06222020_ST_BC24105_C2"
"Human_Breast_He_06222020_ST_BC24105_C2_15x16",0.0118632166373591,0.206307249097863,0.00872908194094732,0.00369070768445937,0.000949855884187697,0.0419387357400504,0.0290494925412008,0.667586293379487,0.0298853670944456,"Human_Breast_He_06222020_ST_BC24105_C2"
"Human_Breast_He_06222020_ST_BC24105_C2_15x17",0.0141000050612554,0.133071868048789,0.00678356963017504,0.00147372556314884,0.00205509972602761,0.0973257054269402,0.0843622123720058,0.581487387429297,0.0793404267423613,"Human_Breast_He_06222020_ST_BC24105_C2"
"Human_Breast_He_06222020_ST_BC24105_C2_26x22",0.00306867050428011,0.108896183328722,0.00400686671207911,0.00582369027221515,0.000306346527784619,0.166657022932476,0.114336231324811,0.488630272341453,0.108274716056178,"Human_Breast_He_06222020_ST_BC24105_C2"
"Human_Breast_He_06222020_ST_BC24105_C2_17x25",0.0193231362364606,0.158673717487049,0.0100096400438823,0.0101674902962113,0.00323173864269133,0.214468517686603,0.0739714393549383,0.4214344010239,0.0887199192282642,"Human_Breast_He_06222020_ST_BC24105_C2"
"Human_Breast_He_06222020_ST_BC24105_C2_26x20",0.00645837857397465,0.204448755104933,0.00594832991190816,0.0563063965074156,0.00582678698801999,0.0396561281693921,0.0722193742057216,0.380661057503166,0.228474793035469,"Human_Breast_He_06222020_ST_BC24105_C2"
"Human_Breast_He_06222020_ST_BC24105_C2_17x23",0.0197959712147332,0.102223692959287,0.0244887083935162,0.0342784798773895,0.00286655390164139,0.335477481689612,0.0720535798258148,0.321327481626329,0.0874880505116775,"Human_Breast_He_06222020_ST_BC24105_C2"
"Human_Breast_He_06222020_ST_BC24105_C2_17x21",0.00374885563539314,0.0740882625845742,0.0014405654112985,0.0290506139267865,0.0024967265195772,0.208874750128867,0.0948685883262113,0.53410899721847,0.051322640248822,"Human_Breast_He_06222020_ST_BC24105_C2"
"Human_Breast_He_06222020_ST_BC24105_C2_17x20",0.0194260514537459,0.190061287525528,0.00326955530593928,0.0257682156540096,0.00654333948145895,0.105794747581688,0.0623262701215107,0.438862238325791,0.147948294550328,"Human_Breast_He_06222020_ST_BC24105_C2"
"Human_Breast_He_06222020_ST_BC24105_C2_10x17",0.000900136101199161,0.108497523028692,0.00141671839691285,0.000214619516676551,3.3211368942392e-05,0.00248591603493377,0.0027685704001787,0.879560846152272,0.00412245900019319,"Human_Breast_He_06222020_ST_BC24105_C2"
"Human_Breast_He_06222020_ST_BC24105_C2_10x16",0.0155302178137942,0.0904217065979101,0.00376799450500358,0.0964745923846144,0.00517295782071774,0.0479371885558165,0.186911475843254,0.462831255806581,0.0909526106723083,"Human_Breast_He_06222020_ST_BC24105_C2"
