"","Endothelial","CAFs","PVL","B-cells","T-cells","Myeloid","Normal Epithelial","Plasmablasts","Cancer Epithelial","sid"
"GSE210616_GSM6433613_AAACAATCTACTAGCA-1",0.0893355513294868,0.018816354126365,0.0426830893138548,0.139538914217126,0.0550362729898069,0.0196866346355907,0.366607432242437,0.00154155954496887,0.266754191600363,"GSE210616_GSM6433613"
"GSE210616_GSM6433613_AAACCGTTCGTCCAGG-1",0.0515359674109855,0.047549035375444,0.0721987531519213,0.26065952335234,0.112857673848767,0.0212664403366902,0.234792370268643,0.0021842047537334,0.196956031501475,"GSE210616_GSM6433613"
"GSE210616_GSM6433613_AAACCTAAGCAGCCGG-1",0.0387230902052279,0.0924352287351708,0.0464547751932626,0.102643529690991,0.0462730309914889,0.0663161072953035,0.41621046779508,0.000274998467091865,0.190668771626383,"GSE210616_GSM6433613"
"GSE210616_GSM6433613_AAACGAAGAACATACC-1",0.0175813178188407,0.358137982755892,0.102152717786418,0.0194303247410033,0.0106443243665222,0.328348762615621,0.100482617878209,0.000805266463289772,0.062416685574204,"GSE210616_GSM6433613"
"GSE210616_GSM6433613_AAACGAGACGGTTGAT-1",0.0559961532276675,0.58531716894702,0.0344223634170973,0.0413173359471813,0.0243134225933957,0.0560405132332906,0.0630719351858188,0.00031379556586398,0.139207311882664,"GSE210616_GSM6433613"
"GSE210616_GSM6433613_AAACGGGCGTACGGGT-1",0.0630815699455224,0.111182265189025,0.0416516387135465,0.0959064324783316,0.042617908565493,0.195652491961566,0.254616283952722,0.00175500757309103,0.193536401620703,"GSE210616_GSM6433613"
"GSE210616_GSM6433613_AAACGGTTGCGAACTG-1",0.0285476311650943,0.0155888086294797,0.035141730679695,0.357920159282279,0.0950141171302581,0.00650756914218373,0.354180339428195,0.000294345599219804,0.106805298943595,"GSE210616_GSM6433613"
"GSE210616_GSM6433613_AAACTCGGTTCGCAAT-1",0.0492659450100838,0.0141530832163157,0.0370114711728224,0.234676797271572,0.106343553845758,0.0133300412695687,0.290878550250672,0.00159788725292724,0.25274267071028,"GSE210616_GSM6433613"
"GSE210616_GSM6433613_AAACTGCTGGCTCCAA-1",0.0638024332196791,0.123235457180511,0.0292299666735163,0.203457859422031,0.125275712508153,0.0767101358193395,0.23811760052055,0.000322141534938952,0.139848693121281,"GSE210616_GSM6433613"
"GSE210616_GSM6433613_AAAGACCCAAGTCGCG-1",0.0504172421937688,0.0730966073898293,0.129134365400977,0.0832790650399318,0.0678748472984226,0.0493760874730554,0.269816437636932,0.00139996583746844,0.275605381729615,"GSE210616_GSM6433613"
"GSE210616_GSM6433613_AAAGGCTCTCGCGCCG-1",0.0579270406292959,0.0209387796775693,0.0278512770086766,0.152722388414956,0.100253999279206,0.0361335149151913,0.300422722404998,0.00161153904755559,0.302138738622551,"GSE210616_GSM6433613"
"GSE210616_GSM6433613_AAAGGGATGTAGCAAG-1",0.0406840772384838,0.0242362914192289,0.0327630743366555,0.378243251879917,0.14939409042112,0.0164737704808962,0.222548164941987,0.000182236416530504,0.135475042865181,"GSE210616_GSM6433613"
"GSE210616_GSM6433613_AAAGTCACTGATGTAA-1",0.0193236530717645,0.10309269979061,0.145483754401861,0.175079233055185,0.0285781102448353,0.0916239527736154,0.232673852523276,0.0034582295824102,0.200686514556442,"GSE210616_GSM6433613"
"GSE210616_GSM6433613_AAAGTGTGATTTATCT-1",0.0474736912208561,0.0831601011414078,0.0587051093968146,0.102612916552933,0.073768399860888,0.136587880720234,0.271296933283952,0.0032242498032322,0.223170718019682,"GSE210616_GSM6433613"
"GSE210616_GSM6433613_AAATAACCATACGGGA-1",0.222327149644371,0.311392911331064,0.0802102766586276,0.182941248304102,0.0328244048497309,0.0973852562922126,0.026737784435489,0.000150863639045944,0.0460301048453577,"GSE210616_GSM6433613"
"GSE210616_GSM6433613_AAATACCTATAAGCAT-1",0.0425428382986849,0.0415724294416481,0.0589846537396024,0.250965467127796,0.137351307816576,0.050245915312118,0.226918698724336,0.00195748193088703,0.189461207608351,"GSE210616_GSM6433613"
"GSE210616_GSM6433613_AAATAGGGTGCTATTG-1",0.0463863065652107,0.17089921184197,0.0779977197989607,0.0759868851849922,0.0693058628000365,0.237011926193989,0.175453569719308,0.00146234199678855,0.145496175898745,"GSE210616_GSM6433613"
"GSE210616_GSM6433613_AAATCCGATACACGCC-1",0.071230638753586,0.0301040039856726,0.0274560916403555,0.141860602533668,0.0472140281585785,0.0155945027553944,0.517476194009499,0.000367534355984542,0.148696403807261,"GSE210616_GSM6433613"
"GSE210616_GSM6433613_AAATCGTGTACCACAA-1",0.0401862710642573,0.185230612997499,0.104750105867575,0.103701493189467,0.0609848618149951,0.10395581908053,0.153920110765841,0.000644592483109877,0.246626132736726,"GSE210616_GSM6433613"
"GSE210616_GSM6433613_AAATGGCATGTCTTGT-1",0.197796415969519,0.113717019728697,0.0474680871268383,0.146900201207671,0.106686778522493,0.0680727470104901,0.196700214929665,0.00308378984193639,0.119574745662691,"GSE210616_GSM6433613"
"GSE210616_GSM6433613_AAATGGTCAATGTGCC-1",0.0418140238988308,0.0908217603548643,0.0720411389066471,0.210055536921182,0.114798043676292,0.0647971095714056,0.158906876338886,0.00583038853070931,0.240935121801183,"GSE210616_GSM6433613"
"GSE210616_GSM6433613_AAATGTGGGTGCTCCT-1",0.0376199088316253,0.0512515600175101,0.0286341797642151,0.0550483650062568,0.0684450694112627,0.12911191876317,0.421178568679815,0.00145931223104047,0.207251117295105,"GSE210616_GSM6433613"
"GSE210616_GSM6433613_AAATTAACGGGTAGCT-1",0.0618977898974056,0.131851662572429,0.0146142182774704,0.337713150806359,0.134162556557604,0.0358730581315707,0.216165407961918,0.00151832988208524,0.066203825913158,"GSE210616_GSM6433613"
"GSE210616_GSM6433613_AAATTACACGACTCTG-1",0.0372305329389483,0.132306783334292,0.155170320684143,0.174451941548707,0.0718267655507826,0.140523166155597,0.0730668301722146,0.000218834867278085,0.215204824748038,"GSE210616_GSM6433613"
"GSE210616_GSM6433613_AAATTACCTATCGATG-1",0.0537834743897368,0.100536425731332,0.0701638306993177,0.077268592095923,0.0413578627088686,0.0899386430262441,0.226128066807108,0.0191626133735176,0.321660491167952,"GSE210616_GSM6433613"
"GSE210616_GSM6433613_AAATTTACCGAAATCC-1",0.141531397041489,0.173872145091874,0.0223697711286939,0.13698033148664,0.0506565979541485,0.121606603168923,0.192436549986726,0.0330284902565026,0.127518113885003,"GSE210616_GSM6433613"
"GSE210616_GSM6433613_AACAACTGGTAGTTGC-1",0.0360226044235402,0.0366081115064259,0.0563460265529938,0.192126164294265,0.0427052567573457,0.0187715844010279,0.29619073918453,0.00245759022617914,0.318771922653693,"GSE210616_GSM6433613"
"GSE210616_GSM6433613_AACAATACATTGTCGA-1",0.0484704063109296,0.0227389772927998,0.0448758926008406,0.292972151896028,0.0605917610911876,0.0194067102007192,0.237387244290086,0.000698894095888579,0.272857962221521,"GSE210616_GSM6433613"
"GSE210616_GSM6433613_AACACGACTGTACTGA-1",0.0375226255180351,0.0598567877089477,0.116207885333178,0.159897722554588,0.0513597278137779,0.20911664058928,0.274332704314353,0.00198270206995914,0.0897232040978812,"GSE210616_GSM6433613"
"GSE210616_GSM6433613_AACAGGAAATCGAATA-1",0.0294802890837408,0.0422291243851578,0.0812917887815777,0.262144017071054,0.0911824231109742,0.0556262231813159,0.278157990785614,0.0013586033693273,0.158529540231239,"GSE210616_GSM6433613"
"GSE210616_GSM6433613_AACATTGTGACTCGAG-1",0.0297314857575198,0.0196836932272538,0.0328839820410776,0.346640468339544,0.119303121301891,0.019213816036489,0.189846879504387,0.000813568469723914,0.241882985322114,"GSE210616_GSM6433613"
"GSE210616_GSM6433613_AACCCGACAACCCGTG-1",0.0241298659558422,0.0370099022105791,0.104441914586665,0.194094868269946,0.121349455545537,0.0407669121906468,0.240435711811893,0.00763545904535323,0.230135910383537,"GSE210616_GSM6433613"
"GSE210616_GSM6433613_AACCCTGGTGGAACCA-1",0.0466353775122934,0.139246000167677,0.102729760464971,0.146737388129658,0.0602363565954487,0.192090706337727,0.139628557721204,0.000710936946269658,0.171984916124752,"GSE210616_GSM6433613"
"GSE210616_GSM6433613_AACCGAGCTTGGTCAT-1",0.0306301614804623,0.0289806968613194,0.04729757505264,0.32594915267611,0.149251273897814,0.00880055373186267,0.268908736749565,0.000671999181883343,0.139509850368343,"GSE210616_GSM6433613"
"GSE210616_GSM6433613_AACCGCTAAGGGATGC-1",0.0284111951283063,0.0632863318354109,0.0325945364207924,0.220075461429435,0.0910923927209147,0.11326773145146,0.256828232770637,0.00300908325964005,0.191435034983403,"GSE210616_GSM6433613"
"GSE210616_GSM6433613_AACCGTTGTGTTTGCT-1",0.060686613681181,0.0660402827857277,0.0853818938737513,0.110465998983686,0.129975730705063,0.0954672100298166,0.235885983768106,0.000611536391873761,0.215484749780795,"GSE210616_GSM6433613"
"GSE210616_GSM6433613_AACCTCGCTTTAGCCC-1",0.0480911374566059,0.0400038609254597,0.0388335488536977,0.139547878887692,0.054843101159849,0.0731832648969838,0.360763129861424,0.00159767353968574,0.243136404418602,"GSE210616_GSM6433613"
"GSE210616_GSM6433613_AACCTTTAAATACGGT-1",0.0467192058142615,0.02313890599118,0.0586387223069952,0.310859755836197,0.0819311735986072,0.018853616362395,0.165656242204733,0.0024764032179807,0.291725974667651,"GSE210616_GSM6433613"
"GSE210616_GSM6433613_AACCTTTACGACGTCT-1",0.0363301070974361,0.179647637928585,0.135232295591521,0.0934058053983875,0.0216996171834008,0.143857854997388,0.0665668393274786,0.146877401668621,0.176382440807181,"GSE210616_GSM6433613"
"GSE210616_GSM6433613_AACGATAATGCCGTAG-1",0.0345328976103832,0.0491940150018356,0.102010869726312,0.211351489501631,0.0777285360434298,0.0711477812379194,0.220866119387357,0.00227921339841274,0.230889078092719,"GSE210616_GSM6433613"
"GSE210616_GSM6433613_AACGATAGAAGGGCCG-1",0.0279009308617247,0.0525328564785504,0.0914096101244226,0.0911327163556415,0.0334673841917962,0.108198589542937,0.375258001800116,0.000775243999620618,0.219324666645191,"GSE210616_GSM6433613"
"GSE210616_GSM6433613_AACGATATGTCAACTG-1",0.159714903767794,0.0641585150224325,0.0903906151598775,0.222348668380022,0.155220084608189,0.0434366090126167,0.177906700641567,0.00241715595816142,0.084406747449339,"GSE210616_GSM6433613"
"GSE210616_GSM6433613_AACGCGACCTTGGGCG-1",0.0395788186075409,0.0606022674387752,0.0854046428328094,0.0855037572234041,0.0647602484068027,0.0501012568788518,0.355202401464561,0.00129631720468703,0.257550289942568,"GSE210616_GSM6433613"
"GSE210616_GSM6433613_AACGCGGTCTCCAGCC-1",0.0202123188914309,0.0189065526821831,0.064921435311304,0.364844897040401,0.120907269283371,0.0146465887721861,0.170665196462992,0.000424030828893195,0.224471710727238,"GSE210616_GSM6433613"
"GSE210616_GSM6433613_AACGGCCATCTCCGGT-1",0.0549226465022137,0.0153327858776504,0.026202591473294,0.348341407034928,0.109929212400097,0.0367394752726058,0.110432384454619,0.00105050292801906,0.297048994056572,"GSE210616_GSM6433613"
"GSE210616_GSM6433613_AACGTACTGTGGGTAC-1",0.0435928262167589,0.0218170841299045,0.0631529483152221,0.31771630734333,0.0827431453179073,0.0213932467716064,0.210908889187372,0.00186396133811357,0.236811591379784,"GSE210616_GSM6433613"
"GSE210616_GSM6433613_AACGTAGTCTACCCAT-1",0.0231818435523283,0.0191818518711367,0.0516217566848672,0.119272223746386,0.0581165897026609,0.0247344823636124,0.346170738973695,0.00179845712883129,0.355922055976483,"GSE210616_GSM6433613"
"GSE210616_GSM6433613_AACGTCAGACTAGTGG-1",0.0823622822908435,0.0339773185583066,0.0459743377749391,0.157404254957705,0.0778854409849264,0.0955187335143692,0.26395991683955,0.00234353253343606,0.240574182545925,"GSE210616_GSM6433613"
"GSE210616_GSM6433613_AACGTGATGAAGGACA-1",0.0421993472670225,0.242432967402183,0.0670826422216011,0.168395995580385,0.0645503439495076,0.151940872498777,0.179525225971242,0.00330865456571738,0.0805639505435649,"GSE210616_GSM6433613"
"GSE210616_GSM6433613_AACGTGCGAAAGTCTC-1",0.0644607978403989,0.0582451730861823,0.00851830739483635,0.492784531953934,0.0671325176848144,0.0365893855632082,0.167520260638361,0.000601726407018858,0.104147299431246,"GSE210616_GSM6433613"
"GSE210616_GSM6433613_AACTAGCGTATCGCAC-1",0.0408112385281684,0.0176409505583598,0.0373787026396226,0.204002020771867,0.0838617808229445,0.0177826751890918,0.305795337592744,0.00120810207796192,0.29151919181924,"GSE210616_GSM6433613"
"GSE210616_GSM6433613_AACTCAAGTTAATTGC-1",0.0549407128936544,0.321603703186691,0.0867249259282219,0.0828829762528233,0.0439557547052772,0.109097532535018,0.113966222968634,0.000934060558959315,0.185894110970721,"GSE210616_GSM6433613"
"GSE210616_GSM6433613_AACTCCAGAGCGTGTT-1",0.0492951111543093,0.243055519833478,0.0450681612153206,0.148008064581146,0.0688278594825592,0.0880051757153412,0.157285889690372,0.00375473241885522,0.196699485908618,"GSE210616_GSM6433613"
"GSE210616_GSM6433613_AACTCTCAATAGAGCG-1",0.0028431517643901,0.697830584419879,0.000913283448222893,0.138101122316258,0.0142651549859741,0.122995689705015,0.0111342941700275,0.000110671950863618,0.0118060472393702,"GSE210616_GSM6433613"
"GSE210616_GSM6433613_AACTCTCAGTGTGCTC-1",0.0434795331402423,0.0238244198887245,0.0678673856931293,0.343169968963748,0.0788268269529903,0.0134079480587911,0.187013571145031,0.00264088426293186,0.239769461894412,"GSE210616_GSM6433613"
"GSE210616_GSM6433613_AACTGATATTAGGCCT-1",0.0375178253025132,0.187216369213228,0.103463212641128,0.103168271739613,0.0685204641814404,0.160255494439622,0.192622252079314,0.00161021198169559,0.145625898421446,"GSE210616_GSM6433613"
"GSE210616_GSM6433613_AACTGGGTCCCGACGT-1",0.0328285395907543,0.0300732080039687,0.0549689924710516,0.29458340022581,0.146954974235666,0.00843984770874452,0.273611756568263,0.000424198200497285,0.158115082995245,"GSE210616_GSM6433613"
"GSE210616_GSM6433613_AACTGGGTTCGAGCCG-1",0.0131222879366596,0.166742619966868,0.214797405053809,0.0812959377219807,0.0218838356427775,0.178772888209971,0.196860430134395,0.00121184251777365,0.125312752815765,"GSE210616_GSM6433613"
"GSE210616_GSM6433613_AACTGGTGTGGGCCTT-1",0.0551734557743716,0.0327061242833141,0.0528680362741486,0.110312930083986,0.0716746516820844,0.0485415356633229,0.30426592544823,0.000998339739016488,0.323459001051526,"GSE210616_GSM6433613"
"GSE210616_GSM6433613_AACTTTAGCTGCTGAG-1",0.0293272594575893,0.0247380017604856,0.0273273788368739,0.322231878512346,0.134535348918308,0.0180080852754513,0.185514791934856,0.00271030733644386,0.255606947967646,"GSE210616_GSM6433613"
"GSE210616_GSM6433613_AAGACCCAACTGAACA-1",0.0363894034753351,0.0222597638907879,0.055475349751579,0.352696196486451,0.130949316300534,0.0191230649469084,0.157530567241793,0.00111203170637569,0.224464306200236,"GSE210616_GSM6433613"
"GSE210616_GSM6433613_AAGACTGCAAGCTACT-1",0.0412889208574087,0.16128886299927,0.0625763824487233,0.109224452601021,0.0456215683026022,0.0416229072279913,0.388319493946617,0.00359632224960769,0.146461089366759,"GSE210616_GSM6433613"
"GSE210616_GSM6433613_AAGAGCTCTTTATCGG-1",0.0421745749641741,0.14700264206784,0.0524293680966867,0.500305130365518,0.0623958257097045,0.0317812489850667,0.0417909783960467,4.16660342648442e-05,0.122078565380699,"GSE210616_GSM6433613"
"GSE210616_GSM6433613_AAGAGGCATGGATCGC-1",0.0634026278109592,0.229086051645365,0.106260250172589,0.32365644608356,0.0381224320755088,0.0311532320764114,0.110786960247448,0.000195778027070548,0.0973362218610879,"GSE210616_GSM6433613"
"GSE210616_GSM6433613_AAGATGGCACCGGACC-1",0.0444263517746172,0.0275852581875033,0.0473557002821253,0.19417574160256,0.102986431315376,0.0316397348318159,0.255760205061114,0.00271499722429617,0.293355579720592,"GSE210616_GSM6433613"
"GSE210616_GSM6433613_AAGATTGGCGGAACGT-1",0.0496447311397531,0.352879155994902,0.0627330750541958,0.0487039342984481,0.0256605255924893,0.224994771630154,0.120742277734869,0.00420189902618609,0.110439629529003,"GSE210616_GSM6433613"
"GSE210616_GSM6433613_AAGCACCCTGCGTATC-1",0.0393504063934178,0.0144738796051524,0.0360515382265987,0.375520655745142,0.074392739458482,0.0208281707926612,0.225998074716631,0.00219897939387272,0.211185555668042,"GSE210616_GSM6433613"
"GSE210616_GSM6433613_AAGCATACTCTCCTGA-1",0.0440423459851253,0.0352053456227125,0.0869932721182498,0.299470482244883,0.108927497111744,0.0242471841205505,0.146891011593752,0.00142094796431758,0.252801913238665,"GSE210616_GSM6433613"
"GSE210616_GSM6433613_AAGCGCAGGGCTTTGA-1",0.0515199101706832,0.0179934385484959,0.050951028856563,0.286785668126444,0.0915344980448031,0.00838556928062185,0.226227959205865,0.00128961227977204,0.265312315486752,"GSE210616_GSM6433613"
"GSE210616_GSM6433613_AAGCTAGATCGAGTAA-1",0.0794569817199884,0.0332454420652298,0.0497350600676529,0.147394602443027,0.0721177197049314,0.0706527735706021,0.257946855608757,0.00147497077258918,0.287975594047222,"GSE210616_GSM6433613"
"GSE210616_GSM6433613_AAGCTCGTGCCAAGTC-1",0.0571445295861122,0.227814321753472,0.156702547901465,0.0994893083647107,0.0735579411793541,0.0110408826324912,0.278408447673247,0.00337844830161313,0.0924635726075341,"GSE210616_GSM6433613"
"GSE210616_GSM6433613_AAGCTCTTTCATGGTG-1",0.0439282670368288,0.0703807123708119,0.029142660190483,0.153966635743887,0.0720069733691126,0.317513214605588,0.161247675301664,0.00230568154204627,0.149508179839578,"GSE210616_GSM6433613"
"GSE210616_GSM6433613_AAGGAGCGGTTGGTGC-1",0.0362087538276831,0.0262668881743607,0.0525415722453712,0.296920599683844,0.122964163237738,0.0420578220052016,0.167919782300143,0.00065325932565011,0.254467159200009,"GSE210616_GSM6433613"
"GSE210616_GSM6433613_AAGGATGAGGGACCTC-1",0.0586264462186784,0.428130339612411,0.00213986207288789,0.124651879297383,0.0725274386579148,0.13844834610271,0.0898295295817712,5.4514319917512e-05,0.0855916441363259,"GSE210616_GSM6433613"
"GSE210616_GSM6433613_AAGGCGCGTAAAGCTT-1",0.0673129471758106,0.032021601098091,0.0320204715904069,0.222985880326003,0.111578864446468,0.0242792579686173,0.270705832701391,0.000740686792905563,0.238354457900306,"GSE210616_GSM6433613"
"GSE210616_GSM6433613_AAGGCTGTGCTCATCG-1",0.03608998659536,0.0443886131185991,0.0646222575925011,0.198197369743731,0.133721406751397,0.0424594898600163,0.28419880893527,0.000404975334342993,0.195917092068783,"GSE210616_GSM6433613"
"GSE210616_GSM6433613_AAGGGACAGATTCTGT-1",0.038495457355977,0.137963133511973,0.0202626974619509,0.0166369888276075,0.0249595754788573,0.12921412230624,0.400967744559227,0.000514352933823283,0.230985927564344,"GSE210616_GSM6433613"
"GSE210616_GSM6433613_AAGGTATCCTAATATA-1",0.0440096948820472,0.255988766577714,0.0655593494500409,0.305312556489894,0.0752291988809747,0.0650319349248706,0.0831739038348241,0.000446042283377947,0.105248552676256,"GSE210616_GSM6433613"
"GSE210616_GSM6433613_AAGGTGATAAACCAGC-1",0.0402499951692866,0.220421078307381,0.0541180042159594,0.0715864566421737,0.0471763069920902,0.291560797810453,0.151011652199333,0.000994063488933656,0.122881645174389,"GSE210616_GSM6433613"
"GSE210616_GSM6433613_AAGTAGAAGACCGGGT-1",0.0313886021843643,0.0363288852997345,0.0465658037911524,0.146797731732363,0.0716516587397171,0.0448123462518328,0.445262764145237,0.00140813222554032,0.175784075630058,"GSE210616_GSM6433613"
"GSE210616_GSM6433613_AAGTGAGTCGGGTTTA-1",0.0270361329976952,0.0220849757184151,0.0395084792312082,0.36953629773444,0.142389186782019,0.0220863740295838,0.170941974699471,0.000635877233228888,0.205780701573939,"GSE210616_GSM6433613"
"GSE210616_GSM6433613_AAGTGTTTGGAGACGG-1",0.0931478160543979,0.204792660356893,0.00941982241668917,0.138910242408194,0.093596521701424,0.189587314210865,0.148958820472837,0.000392580326458739,0.12119422205224,"GSE210616_GSM6433613"
"GSE210616_GSM6433613_AAGTTCACTCCAAGCT-1",0.0743783611801938,0.12054805252134,0.0396305463178516,0.145589968446411,0.0683969728168638,0.277829685431077,0.195439040555565,0.0107365114611272,0.0674508612695708,"GSE210616_GSM6433613"
"GSE210616_GSM6433613_AAGTTTACTAATGGCA-1",0.0426572295675105,0.16852963903317,0.0653902370528939,0.086316265652665,0.0303861668172671,0.196959780996566,0.221916009154365,0.00231466825851707,0.185530003467045,"GSE210616_GSM6433613"
"GSE210616_GSM6433613_AAGTTTATGGGCCCAA-1",0.0282933733804735,0.0187643796805813,0.0713492883142401,0.286688446206108,0.120806563020798,0.0172522411932712,0.258492239897449,0.00125076933334914,0.197102698973729,"GSE210616_GSM6433613"
"GSE210616_GSM6433613_AATAACACTAGAACAA-1",0.0395700672752399,0.0175805507775607,0.0526299841756437,0.319594083521579,0.10513712621809,0.0180793450874275,0.203067668477435,0.00175067557898419,0.242590498888039,"GSE210616_GSM6433613"
"GSE210616_GSM6433613_AATAAGTCCTCGAGAC-1",0.0913652095397397,0.0855031837477692,0.174197236287119,0.147336787492877,0.0472191307292858,0.137319778156343,0.204328384836597,0.000114698092623863,0.112615591117646,"GSE210616_GSM6433613"
"GSE210616_GSM6433613_AATACCGGAGGGCTGT-1",0.0397009193190232,0.0297942909819507,0.0424293069702054,0.208316381611641,0.116998394406287,0.0656251060570762,0.206035828785872,0.00383284283341774,0.287266929034526,"GSE210616_GSM6433613"
"GSE210616_GSM6433613_AATAGAACAGAGTGGC-1",0.0377193185705233,0.0217926957679132,0.0625829112536875,0.346495632354065,0.0590358908939663,0.0234553847944665,0.160922709573184,0.00160513127230836,0.286390325519886,"GSE210616_GSM6433613"
"GSE210616_GSM6433613_AATAGAATCTGTTTCA-1",0.0193610481728382,0.0408991186281082,0.00458849289888725,0.100767154984573,0.0323326401836277,0.0163637439770286,0.368168292241093,2.83717271833981e-05,0.417491137186661,"GSE210616_GSM6433613"
"GSE210616_GSM6433613_AATAGTCCGTCCCGAC-1",0.043447429321572,0.018562154847616,0.0526416668059728,0.202146909672166,0.116988506050769,0.0164653699878486,0.303489371086137,0.00116218280138831,0.24509640942653,"GSE210616_GSM6433613"
"GSE210616_GSM6433613_AATCCAAGGGCCTGAG-1",0.048800777392677,0.0239079027448822,0.0670618327114538,0.250466722314287,0.0823738136388725,0.021530479251284,0.228703870469564,0.0016034049024559,0.275551196574525,"GSE210616_GSM6433613"
"GSE210616_GSM6433613_AATCGCCTCAGCGCCA-1",0.0749413458578625,0.206245447510269,0.0525054677211289,0.0380439756473685,0.0860564038693198,0.185611031130975,0.238627020106923,9.41454896072905e-05,0.117875162666545,"GSE210616_GSM6433613"
"GSE210616_GSM6433613_AATCGGGACACTACGA-1",0.0206739633433583,0.544642736409276,0.0512860424458453,0.0688071848108234,0.0276831118210363,0.134339508155525,0.0611777179825024,0.00212323560515298,0.0892664994264801,"GSE210616_GSM6433613"
"GSE210616_GSM6433613_AATCGTGAGCCGAGCA-1",0.0493182029239314,0.0475525884331251,0.0484181656921081,0.113018214847328,0.0531385464511751,0.0657946946365196,0.374521129380589,0.000649153753759752,0.247589303881465,"GSE210616_GSM6433613"
"GSE210616_GSM6433613_AATGACGTAGGATGTC-1",0.0108461721687106,0.264293286103373,0.00691883282446188,0.0641458160814634,0.082703329073042,0.108175177342046,0.298069541282484,0.000279702745775246,0.164568142378644,"GSE210616_GSM6433613"
"GSE210616_GSM6433613_AATGACTGTCAGCCGG-1",0.0301084492090948,0.065234435868021,0.106830994397185,0.139464183354266,0.0602685235446542,0.0684959011576418,0.269034585295519,0.00176723615345409,0.258795691020165,"GSE210616_GSM6433613"
"GSE210616_GSM6433613_AATGCAACCGGGTACC-1",0.0497443578332604,0.0459070981445788,0.0472746640368891,0.293203519875688,0.145005401109003,0.0180049611104475,0.238316642427059,0.00026923115685733,0.162274124306217,"GSE210616_GSM6433613"
"GSE210616_GSM6433613_AATTAAAGGTCGGCGT-1",0.0504340591730065,0.0990170961137335,0.0635563060588968,0.267220719144831,0.126897054034567,0.0381917024527021,0.20333857454255,0.000599138002197835,0.150745350477515,"GSE210616_GSM6433613"
"GSE210616_GSM6433613_AATTAACGGATTTCCA-1",0.0332667195780221,0.0356866399828953,0.0627583298370118,0.221358688590732,0.0990995784409188,0.0253341167235179,0.247663511960198,0.00619475728132185,0.268637657605382,"GSE210616_GSM6433613"
"GSE210616_GSM6433613_AATTAGCGCTGCAGCG-1",0.0608133169027782,0.040571955376507,0.0593233967665999,0.154222482994313,0.0680398648112534,0.0354208044061277,0.360697847059571,0.00121774130883637,0.219692590374013,"GSE210616_GSM6433613"
"GSE210616_GSM6433613_AATTCATAAGGGATCT-1",0.00600789069422396,0.405140346353208,0.0189414948641364,0.0132305429615929,0.0011837247616479,0.481208088758166,0.00925700197242216,0.0511853322558073,0.013845577378796,"GSE210616_GSM6433613"
"GSE210616_GSM6433613_AATTCCAAGCATGTAC-1",0.0449334493257996,0.0290237203398703,0.0866767863755306,0.212837820338751,0.0709048865296426,0.0208660335975353,0.279444418664305,0.000866993446879655,0.254445891381685,"GSE210616_GSM6433613"
"GSE210616_GSM6433613_AATTCGATTCGAGGAT-1",0.0239709745357906,0.0220436618433627,0.0530976783004821,0.296605366501737,0.137173870671004,0.0127704582704772,0.266989881459058,0.000303971678620935,0.187044136739467,"GSE210616_GSM6433613"
"GSE210616_GSM6433613_AATTCTAGAGTTAGGC-1",0.0676116778557332,0.157443062021008,0.0555184654867592,0.13466388453054,0.109410551652154,0.128406693549427,0.214623004435431,0.000569022133345743,0.131753638335602,"GSE210616_GSM6433613"
"GSE210616_GSM6433613_AATTGAACGCTCTGGT-1",0.0512062575886624,0.0926538524382758,0.107781258823667,0.260661727400099,0.0761029479107609,0.0718791636311959,0.21589270210522,0.000801040792308486,0.12302104930981,"GSE210616_GSM6433613"
"GSE210616_GSM6433613_AATTTGGGACATAGTA-1",0.0257309975476068,0.188389149536936,0.0547714364021361,0.419105770219961,0.0554484996307816,0.0465930508008639,0.151373614678091,0.00128273464426855,0.0573047465393556,"GSE210616_GSM6433613"
"GSE210616_GSM6433613_AATTTGGTTCCAAAGA-1",0.0609229866081312,0.227138162941488,0.0521781734645523,0.320872603523853,0.082139925046957,0.0298740871340734,0.100252333866814,0.00297818484023149,0.123643542573899,"GSE210616_GSM6433613"
"GSE210616_GSM6433613_ACAAATCGCACCGAAT-1",0.0272270273919576,0.147398088129097,0.0556230384164723,0.323180858622047,0.111131466380608,0.0622449190541949,0.150840445543652,0.00132289586537708,0.121031260596593,"GSE210616_GSM6433613"
"GSE210616_GSM6433613_ACAAATGGTAGTGTTT-1",0.107123653582129,0.066727246056801,0.090618409191083,0.288957453939671,0.0714201690603408,0.0864624063938724,0.0784113984553765,0.0746346751326662,0.135644588188061,"GSE210616_GSM6433613"
"GSE210616_GSM6433613_ACAACAGCATGAGCTA-1",0.00179217774239682,0.231441677356871,0.00169015428528036,0.00081783014330207,0.000219832215801583,0.763502872859978,0.000215237979940145,4.45973985744698e-05,0.0002756200178549,"GSE210616_GSM6433613"
"GSE210616_GSM6433613_ACAAGGAAATCCGCCC-1",0.0223159290971436,0.0833251175228326,0.0743375797177651,0.416796900212618,0.100504495683312,0.0457199482648242,0.140915263301199,0.000141317247655637,0.11594344895265,"GSE210616_GSM6433613"
"GSE210616_GSM6433613_ACAAGGACAAGAGGTT-1",0.0356873350825705,0.028089783645699,0.0511912393037608,0.314541631905614,0.0791068824534623,0.0165646947897368,0.239289003927002,0.00146555802091604,0.234063870871238,"GSE210616_GSM6433613"
"GSE210616_GSM6433613_ACAAGGATGCTTTAGG-1",0.0630421568545954,0.0492794765252936,0.0269279384712983,0.189251309222233,0.0461926309407563,0.0592079270321329,0.376108065140166,0.000792867632744189,0.18919762818078,"GSE210616_GSM6433613"
"GSE210616_GSM6433613_ACAAGGGCAGGCTCTG-1",0.0241774891470435,0.0306104766547441,0.0148698877176202,0.47464980451414,0.11440218262958,0.0287309898931806,0.148314359301852,0.00012600325602962,0.16411880688581,"GSE210616_GSM6433613"
"GSE210616_GSM6433613_ACAATCGATCTTTATA-1",0.0340109070730483,0.109863235108774,0.0520626787074049,0.0575085241600722,0.0193424943984577,0.542706371603236,0.0912473183046493,0.00017135158296776,0.0930871190613899,"GSE210616_GSM6433613"
"GSE210616_GSM6433613_ACAATTTGAGCAGTGG-1",0.0477167963183793,0.255305418487847,0.0533696650771972,0.135162994887256,0.0385269264219536,0.145093884742611,0.196271260182979,0.00140444509887875,0.127148608782899,"GSE210616_GSM6433613"
"GSE210616_GSM6433613_ACACAAAGACGGGTGG-1",0.0378980093647028,0.102156659918947,0.071154044573105,0.14840386490981,0.0483921965042395,0.0649347726924904,0.351242736211966,0.0022098915931181,0.173607824231622,"GSE210616_GSM6433613"
"GSE210616_GSM6433613_ACACACCAGGACCAGT-1",0.047095104647638,0.136226501651238,0.0531046971092744,0.0721745872873742,0.0390908827526203,0.285174372056176,0.201107246033821,0.00125722318954702,0.164769385272311,"GSE210616_GSM6433613"
"GSE210616_GSM6433613_ACACACTTTCTACACG-1",0.0424335328407067,0.0977016403788999,0.0780776804073806,0.232438466081876,0.140655063383755,0.0211944028591785,0.279112289711191,0.000728909960821125,0.107658014376191,"GSE210616_GSM6433613"
"GSE210616_GSM6433613_ACACCCAGCATGCAGC-1",0.0263792587494696,0.0853684608916652,0.0493550617198115,0.247398795237439,0.131557405096125,0.0343544957607279,0.274962363272476,0.000620726297342779,0.150003432974944,"GSE210616_GSM6433613"
"GSE210616_GSM6433613_ACACCTTAAGTAGGGC-1",0.0752630252017131,0.0438432784415354,0.103671567633089,0.123104998256323,0.0654810799469596,0.0676915745058843,0.244511059657942,0.00290827856655345,0.27352513779,"GSE210616_GSM6433613"
"GSE210616_GSM6433613_ACACGAGACTCCTTCT-1",0.0395590412003909,0.40921495075976,0.0574894029560284,0.144784300242579,0.0201729043013244,0.20993395773154,0.0812815941298618,6.36018686651864e-05,0.0375002468098501,"GSE210616_GSM6433613"
"GSE210616_GSM6433613_ACACGGCACTATGCAT-1",0.0372799138053604,0.140197808943569,0.169685386714971,0.0250998250983186,0.00641515952392828,0.129722819840701,0.181712713589101,0.000857576023780918,0.30902879646027,"GSE210616_GSM6433613"
"GSE210616_GSM6433613_ACACGGGAACTTAGGG-1",0.0444776730093384,0.0132051798870873,0.0235148325862367,0.319542601017207,0.0980458086302392,0.0129542628717358,0.355545868897203,0.000515354198621402,0.132198418902331,"GSE210616_GSM6433613"
"GSE210616_GSM6433613_ACACTGATCAAGGTGT-1",0.0355312947263998,0.0287353829156956,0.0660379693426183,0.282976012411136,0.109049505686745,0.0191978282525086,0.214538618958921,0.006762865467931,0.237170522238045,"GSE210616_GSM6433613"
"GSE210616_GSM6433613_ACAGATTAGGTTAGTG-1",0.0406264569916749,0.202997437493357,0.0815115533826648,0.224872438050192,0.119496637576099,0.0691685632465289,0.139111163642519,0.00309066593837092,0.119125083678593,"GSE210616_GSM6433613"
"GSE210616_GSM6433613_ACAGCATAGAGCCAGT-1",0.0462028159471518,0.118415753403836,0.0981975554654627,0.342294809776206,0.047179901578877,0.0516864821671175,0.218519189228618,0.000300854721391948,0.0772026377113388,"GSE210616_GSM6433613"
"GSE210616_GSM6433613_ACAGCGCACCCGCAGC-1",0.532034652756173,0.104574834549574,0.0151165761328978,0.172917225233121,0.0133741583332617,0.0284476597953753,0.0679644513498124,0.000136185156082999,0.0654342566937015,"GSE210616_GSM6433613"
"GSE210616_GSM6433613_ACAGGCTTGCCCGACT-1",0.0796562762009229,0.0676413000159986,0.0466561601591013,0.402226398515577,0.0736868420550353,0.0590693467989501,0.0911763628189724,0.00851619226632168,0.171371121169121,"GSE210616_GSM6433613"
"GSE210616_GSM6433613_ACAGGTGGAGGTGAGG-1",0.0603752942881925,0.0214701182043599,0.0515716452808889,0.264469300165436,0.0991015249047814,0.0258305124203057,0.174622804659046,0.0042828713128419,0.298275928764148,"GSE210616_GSM6433613"
"GSE210616_GSM6433613_ACATAATAAGGCGGTG-1",0.0354642130187366,0.0451562583014189,0.0616026501145483,0.362657415098514,0.134712230367641,0.0097403213870891,0.158014541945029,0.00277083459600266,0.189881535171019,"GSE210616_GSM6433613"
"GSE210616_GSM6433613_ACATCCCGGCCATACG-1",0.0767925319317055,0.0546211106128356,0.0614057741322729,0.0729796145836685,0.042147737970435,0.0778389558781877,0.326467384180667,0.00528219741797418,0.282464693292253,"GSE210616_GSM6433613"
"GSE210616_GSM6433613_ACATCGGTCAGCCGCG-1",0.0624982226688114,0.0611901978815663,0.0812413931404456,0.224327666247322,0.141350445087252,0.0408221817069229,0.172750047140622,0.00551031324360005,0.210309532883459,"GSE210616_GSM6433613"
"GSE210616_GSM6433613_ACATCGTATGCAATGG-1",0.0317168038373024,0.0455687525709037,0.0190525564212791,0.376814196703649,0.118511908492797,0.046338177541029,0.225615971929501,3.218804841526e-05,0.136349444455124,"GSE210616_GSM6433613"
"GSE210616_GSM6433613_ACATCGTTAACCTAGT-1",0.047811434699566,0.120614293691601,0.152963504293992,0.0798375221416458,0.0194083445957591,0.156387977993212,0.132757076775194,0.00988010292096971,0.28033974288806,"GSE210616_GSM6433613"
"GSE210616_GSM6433613_ACATCTCAACGCGTAA-1",0.0462811912418191,0.0874261957029872,0.0554481225016286,0.201382237658564,0.0368740189616204,0.137608583521583,0.286247237576733,0.000147404006573822,0.148585008828491,"GSE210616_GSM6433613"
"GSE210616_GSM6433613_ACATTAGTTTATATCC-1",0.0304046362314081,0.0356489400655167,0.0467723836565584,0.260016137101552,0.111883203735804,0.032981339451444,0.298010585193829,0.000312227399287781,0.1839705471646,"GSE210616_GSM6433613"
"GSE210616_GSM6433613_ACCAAACTAGAAATCC-1",0.11328460715353,0.099693177856341,0.113595034278052,0.144137508068444,0.0638598762389153,0.18523007673825,0.123548672374007,0.00345723641890413,0.153193810873557,"GSE210616_GSM6433613"
"GSE210616_GSM6433613_ACCAACGCTTATTTAT-1",0.0317839504329705,0.0180283697568181,0.0514967936034209,0.265592515678818,0.0846974298970904,0.0194455980195237,0.230217832838152,0.00101850157095164,0.297719008202254,"GSE210616_GSM6433613"
"GSE210616_GSM6433613_ACCAAGAACGCGTGTC-1",0.0452435260269849,0.0455985840724973,0.0642407072882054,0.198130295012669,0.0566188652685011,0.0437482009890696,0.284382262701437,0.00202043176163839,0.260017126878997,"GSE210616_GSM6433613"
"GSE210616_GSM6433613_ACCAATATGCAAGTTA-1",0.0663023576374516,0.01219753309913,0.0218208122385526,0.284067864735916,0.106181874811756,0.0271054157610335,0.257871036051336,0.000887495522787086,0.223565610142037,"GSE210616_GSM6433613"
"GSE210616_GSM6433613_ACCACAACTCAGAACA-1",0.0427681183898884,0.104841654549587,0.179871235190778,0.111005044611996,0.0375430395599127,0.0617303924136997,0.199020294912877,0.00151303547010868,0.261707184901153,"GSE210616_GSM6433613"
"GSE210616_GSM6433613_ACCACAAGTTTCTATC-1",0.0308539428839997,0.0373650619101847,0.050542304316783,0.307997252336614,0.129663593467447,0.017097055953784,0.279662861597396,0.000294005250092384,0.1465239222837,"GSE210616_GSM6433613"
"GSE210616_GSM6433613_ACCACGTGCAGCTATA-1",0.0777679639635342,0.121610223861255,0.0943030248269893,0.0794284541263061,0.0825929674748267,0.0583508364404081,0.163814255109786,0.00457322304820717,0.317559051148688,"GSE210616_GSM6433613"
"GSE210616_GSM6433613_ACCAGCCCGGTCTTTG-1",0.0541096938581549,0.0366526600433368,0.0770262627109716,0.239207005529985,0.112794795072035,0.0327736073043004,0.141152907277559,0.00259550647282314,0.303687561730834,"GSE210616_GSM6433613"
"GSE210616_GSM6433613_ACCATATCCGCAATAA-1",0.0840326640196379,0.0368324960590648,0.0435857523185916,0.220336195437413,0.134331017285065,0.0164631216317499,0.221263060225497,0.0059725928571304,0.237183100165851,"GSE210616_GSM6433613"
"GSE210616_GSM6433613_ACCATCGTATATGGTA-1",0.0657116247516079,0.133088746286866,0.0825815881530129,0.100975444362954,0.0957177008858441,0.0928129102241239,0.204404399748641,0.00208084692708628,0.222626738659864,"GSE210616_GSM6433613"
"GSE210616_GSM6433613_ACCCAACGCCCGTGGC-1",0.192767200575967,0.29483330249166,0.123764803841557,0.0311686734722318,0.0208371398660108,0.0391846129078172,0.0739107880335883,0.0473674789333501,0.176165999877818,"GSE210616_GSM6433613"
"GSE210616_GSM6433613_ACCCGAGCGAAATTAC-1",0.0549521843039989,0.0235965922096476,0.0937502898313726,0.0852815695965337,0.065321597095537,0.0526192598042086,0.335181572159613,0.00291298213248142,0.286383952866607,"GSE210616_GSM6433613"
"GSE210616_GSM6433613_ACCCGGAAACTCCCAG-1",0.0709932370341246,0.0165743300762424,0.0413502072311667,0.30844408017795,0.10284491141778,0.0151781128053564,0.216205970122824,0.00125522675984245,0.227153924374714,"GSE210616_GSM6433613"
"GSE210616_GSM6433613_ACCCGGTTACACTTCC-1",0.051448889627044,0.118373881822719,0.0748200598772792,0.173350087719336,0.104102151308984,0.115642766379877,0.110108058249462,0.0619265770598166,0.190227527955482,"GSE210616_GSM6433613"
"GSE210616_GSM6433613_ACCCGTGTCATCAGTA-1",0.0463914658760985,0.045766350813825,0.079865656554466,0.102504328593827,0.0446941903127539,0.0295424940485846,0.399289899364365,0.000572652743270386,0.25137296169281,"GSE210616_GSM6433613"
"GSE210616_GSM6433613_ACCCTATGCCATATCG-1",0.062412790773147,0.0171787612785522,0.0355575770597212,0.281184413869488,0.100886457297611,0.0163187450616387,0.18617184688807,0.00342352916108573,0.296865878610686,"GSE210616_GSM6433613"
"GSE210616_GSM6433613_ACCCTCCCTTGCTATT-1",0.0524866911632711,0.117449551732243,0.0676478838286938,0.0630797131646363,0.0600861081637089,0.113707395621474,0.319237755133541,0.0248327739980831,0.181472127194349,"GSE210616_GSM6433613"
"GSE210616_GSM6433613_ACCCTTCATCTGCGAA-1",0.0437469345552718,0.0988800052903406,0.112305077848042,0.261081276277533,0.10973373205068,0.0278612032689385,0.25609590789294,0.000689716628724272,0.0896061461875305,"GSE210616_GSM6433613"
"GSE210616_GSM6433613_ACCCTTTAGTTCTCCA-1",0.0369763832276975,0.0658090518450674,0.183218839520643,0.0441995265100883,0.0279306424749267,0.024521708604955,0.253679814457962,0.00592938049252545,0.357734652866135,"GSE210616_GSM6433613"
"GSE210616_GSM6433613_ACCGAAAGGGCCCTGC-1",0.0610056468312953,0.165675076155287,0.140961461462104,0.0163163543498736,0.0178256944556309,0.139542239575336,0.206056392159253,0.00623210269027332,0.246385032320947,"GSE210616_GSM6433613"
"GSE210616_GSM6433613_ACCGACACATCTCCCA-1",0.0417879527730683,0.0216101321830966,0.0683691522052069,0.157371970522041,0.0778307139454179,0.0322062648473341,0.367349946390144,0.000579849882597677,0.232894017251094,"GSE210616_GSM6433613"
"GSE210616_GSM6433613_ACCGACTGAGTCCCAC-1",0.0857959754538677,0.0548201496347644,0.146511172586642,0.240087208295823,0.130950389711572,0.048998281344284,0.0802609522385097,0.00125266499885596,0.21132320573568,"GSE210616_GSM6433613"
"GSE210616_GSM6433613_ACCGAGTCTCCTTATT-1",0.0444489336994724,0.0530670153285292,0.132468109283231,0.0793980555364968,0.0321224593597739,0.0503455249596377,0.356838266280966,0.00101177641049026,0.250299859141403,"GSE210616_GSM6433613"
"GSE210616_GSM6433613_ACCGATGGTAGCATCG-1",0.0160208769502896,0.660802777008422,0.00471451932433052,0.06953844346443,0.00840638967616136,0.200897205736974,0.0152789666225037,0.0145700632180773,0.0097707579988108,"GSE210616_GSM6433613"
"GSE210616_GSM6433613_ACCGCAATAACTGCCT-1",0.186711951974855,0.160903914962812,0.07036133753354,0.170073417523401,0.078506795909337,0.0415838564203473,0.116856050181451,0.0107806017448317,0.164222073749424,"GSE210616_GSM6433613"
"GSE210616_GSM6433613_ACCGTGACCACGTGGG-1",0.0668139044621772,0.0139164199601317,0.0205860419426549,0.400779637787041,0.128464493130561,0.0150509022075827,0.142424090343084,0.00065574720418144,0.211308762962586,"GSE210616_GSM6433613"
"GSE210616_GSM6433613_ACCGTTCCCGCTCTGA-1",0.178451960200342,0.149246830777684,0.205989261536622,0.072403777332421,0.0489842138154581,0.194760175351499,0.076972968951479,0.0228231250225827,0.0503676870119124,"GSE210616_GSM6433613"
"GSE210616_GSM6433613_ACCTACTATAAATCTA-1",0.0519915206456878,0.0468299129415396,0.0870151724834208,0.11712189682746,0.0478522614592048,0.0107294898586197,0.498756695504682,0.000958643027346533,0.138744407252039,"GSE210616_GSM6433613"
"GSE210616_GSM6433613_ACCTTTCCTTTAGAAG-1",0.0566560443325069,0.0146157544151504,0.0368455316890655,0.274528797328538,0.125285206182479,0.0263650461728154,0.18613765889379,0.00232088954290601,0.277245071442749,"GSE210616_GSM6433613"
"GSE210616_GSM6433613_ACGACTGGTCATACTC-1",0.035637922499147,0.0174194101204363,0.0455443760114697,0.365212879090815,0.161835454471014,0.0145261143809708,0.128105346407716,0.00764764370828357,0.224070853310148,"GSE210616_GSM6433613"
"GSE210616_GSM6433613_ACGAGATATTTGCTTA-1",0.0684425246072992,0.149926860288912,0.102705867627651,0.0461653772691889,0.0283267054948929,0.126752913597789,0.297640515173005,0.00354415257603013,0.176495083365232,"GSE210616_GSM6433613"
"GSE210616_GSM6433613_ACGATACATAGAACTA-1",0.0969880767676853,0.128736302536628,0.0763128641107831,0.0500091060576129,0.0105294600613487,0.265891044707146,0.26664442464099,4.28397050574214e-05,0.104845881412748,"GSE210616_GSM6433613"
"GSE210616_GSM6433613_ACGATCATACATAGAG-1",0.0262884255118255,0.0176222152653562,0.0324926705288378,0.434964565635419,0.163539700798671,0.0544036803279582,0.106669907661974,0.000254474722678562,0.16376435954728,"GSE210616_GSM6433613"
