"","Endothelial","CAFs","PVL","B-cells","T-cells","Myeloid","Normal Epithelial","Plasmablasts","Cancer Epithelial","sid"
"Human_Breast_Andersson_10142021_ST_A2_10x15",0.0316251786166162,0.0441795483369104,0.00948831969242539,0.0266309061044716,0.0502948497818561,0.00807486921887678,0.10994297725345,0.0832890807346767,0.636474270260717,"Human_Breast_Andersson_10142021_ST_A2"
"Human_Breast_Andersson_10142021_ST_A2_10x16",0.0579163812430051,0.113179698465041,0.0184217511106419,0.0500358397829383,0.0455611128505621,0.0122554891059774,0.102748526914231,0.179170224291211,0.420710976236392,"Human_Breast_Andersson_10142021_ST_A2"
"Human_Breast_Andersson_10142021_ST_A2_10x17",0.0250910836543217,0.0241674853805005,0.0157810023378147,0.0135563227604574,0.0255950996078107,0.00262588128079961,0.0508939383843504,0.292588317526612,0.549700869067334,"Human_Breast_Andersson_10142021_ST_A2"
"Human_Breast_Andersson_10142021_ST_A2_10x18",0.0233846677065931,0.00979918773871845,0.00520088554818047,0.0209419773814316,0.0242541870428432,0.00385407835036835,0.105342128584512,0.0940420660287575,0.713180821618596,"Human_Breast_Andersson_10142021_ST_A2"
"Human_Breast_Andersson_10142021_ST_A2_10x19",0.0442574164513655,0.0140250461447813,0.00902984270965281,0.0151443858873423,0.0538875519831134,0.00701425999958988,0.123522685667073,0.027033477660664,0.706085333496418,"Human_Breast_Andersson_10142021_ST_A2"
"Human_Breast_Andersson_10142021_ST_A2_10x20",0.0933120470651402,0.0928811476606532,0.0192348125741251,0.0840266889237778,0.0429687684133618,0.0729026114070438,0.105653595495022,0.0846333893733698,0.404386939087506,"Human_Breast_Andersson_10142021_ST_A2"
"Human_Breast_Andersson_10142021_ST_A2_10x21",0.0298446859012715,0.0848894579422945,0.0204944988315533,0.0260497804385657,0.108711845107947,0.0276548367413877,0.1405010641251,0.0764284167334566,0.485425414178424,"Human_Breast_Andersson_10142021_ST_A2"
"Human_Breast_Andersson_10142021_ST_A2_10x22",0.0513475395855121,0.017567293121307,0.0128874691691661,0.0670184852733934,0.112230649154958,0.0207639645176764,0.0843450788749278,0.0681237641778526,0.565715756125207,"Human_Breast_Andersson_10142021_ST_A2"
"Human_Breast_Andersson_10142021_ST_A2_10x23",0.0268630575396099,0.0425911048239823,0.017885482723079,0.028257751418679,0.0620277649208569,0.0269850620136003,0.167941310591742,0.155877884294749,0.471570581673701,"Human_Breast_Andersson_10142021_ST_A2"
"Human_Breast_Andersson_10142021_ST_A2_10x24",0.0382311876453461,0.0329883513846815,0.0145460404095467,0.0494467614428566,0.145558664381761,0.020398504953601,0.06856999427404,0.171335470896454,0.458925024611713,"Human_Breast_Andersson_10142021_ST_A2"
"Human_Breast_Andersson_10142021_ST_A2_10x25",0.0494899058020211,0.0504466353425486,0.0209854367287452,0.0531614603270353,0.0857959662865058,0.0336613128951309,0.093671162516825,0.193042400729277,0.419745719371911,"Human_Breast_Andersson_10142021_ST_A2"
"Human_Breast_Andersson_10142021_ST_A2_10x26",0.0333395768113634,0.00931871860807403,0.00790788722611015,0.0631460701570476,0.0675246978451562,0.0206221270397122,0.139874963079715,0.0351725482129119,0.623093411019909,"Human_Breast_Andersson_10142021_ST_A2"
"Human_Breast_Andersson_10142021_ST_A2_10x27",0.0461764123769706,0.0628351068635317,0.0250496524646612,0.0547046688891985,0.038183136896242,0.00836243447954079,0.0714449198006962,0.230447499760714,0.462796168468446,"Human_Breast_Andersson_10142021_ST_A2"
"Human_Breast_Andersson_10142021_ST_A2_10x28",0.0496810294701458,0.0810920716839109,0.0207631585543489,0.0273084963733913,0.0266855242522173,0.119076673311348,0.0845991557339437,0.150876148790212,0.439917741830482,"Human_Breast_Andersson_10142021_ST_A2"
"Human_Breast_Andersson_10142021_ST_A2_10x29",0.0278328362811785,0.0280358937576125,0.0180431787011532,0.0566700212510998,0.129589181974433,0.0132029262272821,0.0953539511938934,0.0522576374691182,0.579014373144229,"Human_Breast_Andersson_10142021_ST_A2"
"Human_Breast_Andersson_10142021_ST_A2_10x30",0.0556598290731631,0.085253190194511,0.0146438496039959,0.0890069349034973,0.130176858793442,0.00922939020662219,0.104698035440903,0.0727358776316966,0.438596034152169,"Human_Breast_Andersson_10142021_ST_A2"
"Human_Breast_Andersson_10142021_ST_A2_11x15",0.042840322843453,0.0192719721413668,0.017039991025921,0.0335644091445638,0.0464633493119216,0.00378204479898521,0.0713467260802238,0.140635684155338,0.625055500498227,"Human_Breast_Andersson_10142021_ST_A2"
"Human_Breast_Andersson_10142021_ST_A2_11x16",0.12408342147046,0.074187300352782,0.0559384593412499,0.0294417327328693,0.0403282709709044,0.0131782050045819,0.0828936806129515,0.267604206203603,0.312344723310598,"Human_Breast_Andersson_10142021_ST_A2"
"Human_Breast_Andersson_10142021_ST_A2_11x18",0.0218629766103967,0.0960732956102592,0.0180383676027181,0.0262245839609052,0.038277729211133,0.0394379849508208,0.0935922151701434,0.26122302908915,0.405269817794473,"Human_Breast_Andersson_10142021_ST_A2"
"Human_Breast_Andersson_10142021_ST_A2_11x19",0.0495582775324766,0.0738334017662775,0.0122276721584974,0.0389642649021694,0.0368072198947641,0.0812224908545639,0.127293774703525,0.132619620900498,0.447473277287228,"Human_Breast_Andersson_10142021_ST_A2"
"Human_Breast_Andersson_10142021_ST_A2_11x20",0.0460436734630374,0.0597299075922758,0.0271267812178323,0.0656901187445734,0.0738011358748572,0.0769872941012128,0.0910229436100706,0.101108590370284,0.458489555025857,"Human_Breast_Andersson_10142021_ST_A2"
"Human_Breast_Andersson_10142021_ST_A2_11x21",0.0233063777014826,0.0235556487375992,0.0141080064453292,0.0176832159895972,0.0879377613222582,0.0035614753868198,0.105261618060925,0.292477368327,0.432108528028988,"Human_Breast_Andersson_10142021_ST_A2"
"Human_Breast_Andersson_10142021_ST_A2_11x22",0.0164892681397291,0.0130856738664336,0.0121120794464291,0.024445229252867,0.0833059996826359,0.00335682178454835,0.113429343816816,0.220321549911453,0.513454034099088,"Human_Breast_Andersson_10142021_ST_A2"
"Human_Breast_Andersson_10142021_ST_A2_11x23",0.0669865085517381,0.0978612443356548,0.0356186207071529,0.0470821528405026,0.0406425462209595,0.0115733347861486,0.065682765654456,0.0560607793862778,0.57849204751711,"Human_Breast_Andersson_10142021_ST_A2"
"Human_Breast_Andersson_10142021_ST_A2_11x24",0.0542314779959245,0.0802858791341207,0.0305948268897014,0.0348703581320609,0.045921440164996,0.018547263304371,0.0772723685089431,0.201404360880047,0.456872024989835,"Human_Breast_Andersson_10142021_ST_A2"
"Human_Breast_Andersson_10142021_ST_A2_11x25",0.0309538340262407,0.03234851369276,0.010200737054031,0.031518273750054,0.0460318522251351,0.0134365143499568,0.124691176577881,0.22944070227531,0.481378396048632,"Human_Breast_Andersson_10142021_ST_A2"
"Human_Breast_Andersson_10142021_ST_A2_11x26",0.0489286919198428,0.0675756591912093,0.029357534719522,0.103085996074111,0.117449030615269,0.0263859186125286,0.0999991825918501,0.135049670357284,0.372168315918383,"Human_Breast_Andersson_10142021_ST_A2"
"Human_Breast_Andersson_10142021_ST_A2_11x27",0.0319723322170567,0.0769874533920363,0.0204940335874155,0.034519133846702,0.0362151547351863,0.0233784908416149,0.108593352191943,0.196852248870732,0.470987800317313,"Human_Breast_Andersson_10142021_ST_A2"
"Human_Breast_Andersson_10142021_ST_A2_11x28",0.0616130969419155,0.0583616997032453,0.0241426962480538,0.0428276589257102,0.0689020211971781,0.0137395781677691,0.152915682812166,0.0388121284643556,0.538685437539606,"Human_Breast_Andersson_10142021_ST_A2"
"Human_Breast_Andersson_10142021_ST_A2_11x29",0.0324839049947694,0.0116927401181298,0.0250608338272098,0.0766457012305548,0.105145856615014,0.0125543370551942,0.0875913199658656,0.17407508342002,0.474750222773242,"Human_Breast_Andersson_10142021_ST_A2"
"Human_Breast_Andersson_10142021_ST_A2_11x30",0.0133845096739013,0.0136674382245538,0.00685842076806662,0.0359429041418932,0.0749100697524448,0.00246137034785644,0.108807979213455,0.246705315424373,0.497261992453456,"Human_Breast_Andersson_10142021_ST_A2"
"Human_Breast_Andersson_10142021_ST_A2_12x15",0.030892088245386,0.0383107915938587,0.0246283319477352,0.0529853698313986,0.0849567817979684,0.00182747573196406,0.173918576224125,0.117273916834319,0.475206667793245,"Human_Breast_Andersson_10142021_ST_A2"
"Human_Breast_Andersson_10142021_ST_A2_12x16",0.0295496186694609,0.0439782288353555,0.0116822187775202,0.0388235982464691,0.0466775522993949,0.0133371077176171,0.100824723854948,0.181810869189573,0.533316082409661,"Human_Breast_Andersson_10142021_ST_A2"
"Human_Breast_Andersson_10142021_ST_A2_12x17",0.0542305173396832,0.0282820231771788,0.026846159630081,0.0199916223284528,0.0436073255925342,0.00615024276333493,0.226120303945876,0.103294835089394,0.491476970133465,"Human_Breast_Andersson_10142021_ST_A2"
"Human_Breast_Andersson_10142021_ST_A2_12x18",0.0197227919809247,0.0188914069604475,0.0127358415054051,0.0399667817971829,0.0398639449532357,0.00225170321306482,0.0681544503011046,0.353983295456954,0.44442978383168,"Human_Breast_Andersson_10142021_ST_A2"
"Human_Breast_Andersson_10142021_ST_A2_12x19",0.0316768075486828,0.0218705825677765,0.014313236306448,0.02069474547749,0.0574891314663057,0.00571307422564468,0.111780882944885,0.27856548254839,0.457896056914377,"Human_Breast_Andersson_10142021_ST_A2"
"Human_Breast_Andersson_10142021_ST_A2_12x20",0.0726388488362662,0.0408280877728241,0.0192363597943123,0.0400366708546382,0.073214663812135,0.0224231589671592,0.101240488839233,0.236934177503168,0.393447543620264,"Human_Breast_Andersson_10142021_ST_A2"
"Human_Breast_Andersson_10142021_ST_A2_12x21",0.0353219187202554,0.0423998790517751,0.0337682148557363,0.0439481159488104,0.0493557379478047,0.00695313782128472,0.0869517034811461,0.229202454193594,0.472098837979593,"Human_Breast_Andersson_10142021_ST_A2"
"Human_Breast_Andersson_10142021_ST_A2_12x22",0.0861890224672818,0.0552230508109453,0.0285231303581154,0.0250932241675607,0.0803711125649687,0.021999317296956,0.0840810308147547,0.0704101280200645,0.548109983499353,"Human_Breast_Andersson_10142021_ST_A2"
"Human_Breast_Andersson_10142021_ST_A2_12x23",0.0397561663642525,0.0330765711377465,0.0150610017888535,0.0628622985335503,0.0863650140082763,0.00619171921534068,0.0920917878418198,0.188484631849533,0.476110809260628,"Human_Breast_Andersson_10142021_ST_A2"
"Human_Breast_Andersson_10142021_ST_A2_12x24",0.0279898038965162,0.118905420848498,0.0211086202424174,0.0302689097999645,0.0298739041202237,0.0365798863720715,0.123770576913379,0.226482432953481,0.38502044485345,"Human_Breast_Andersson_10142021_ST_A2"
"Human_Breast_Andersson_10142021_ST_A2_12x25",0.149676048967876,0.115331867052539,0.0424724555454463,0.022296668441184,0.0284725739360194,0.00757776278291173,0.0678186866267408,0.223738935732851,0.342615000914432,"Human_Breast_Andersson_10142021_ST_A2"
"Human_Breast_Andersson_10142021_ST_A2_12x26",0.0606902030611049,0.151271668710149,0.0519331504464691,0.0243131727623427,0.0380237102580518,0.0432123833070185,0.0393773067535735,0.311191341752883,0.279987062948407,"Human_Breast_Andersson_10142021_ST_A2"
"Human_Breast_Andersson_10142021_ST_A2_12x27",0.0177766486201437,0.0240778326068558,0.0219009930676147,0.0645761136318191,0.0455830835338805,0.00479696206402991,0.132222805727165,0.256306074981068,0.432759485767424,"Human_Breast_Andersson_10142021_ST_A2"
"Human_Breast_Andersson_10142021_ST_A2_12x28",0.0650987759603694,0.0321773672809608,0.0283936981290323,0.0477911164405839,0.0909854777533884,0.00505795117481685,0.0702688002483086,0.112054067816942,0.548172745195598,"Human_Breast_Andersson_10142021_ST_A2"
"Human_Breast_Andersson_10142021_ST_A2_12x29",0.0190557577508733,0.0144213913262486,0.011835160437521,0.0652073849123638,0.070920508600007,0.00319283495688724,0.0817746653924089,0.263350036631086,0.470242259992604,"Human_Breast_Andersson_10142021_ST_A2"
"Human_Breast_Andersson_10142021_ST_A2_12x30",0.0126417533030112,0.0084861183337688,0.0191269721987711,0.0522152893783281,0.119917845288573,0.00121250064562167,0.100538411511496,0.155374762600623,0.530486346739808,"Human_Breast_Andersson_10142021_ST_A2"
"Human_Breast_Andersson_10142021_ST_A2_13x15",0.0123066500928283,0.0295573332034396,0.00923618053445514,0.061592335901674,0.0551075577251737,0.013852073876792,0.258812015066552,0.0525336770996573,0.507002176499428,"Human_Breast_Andersson_10142021_ST_A2"
"Human_Breast_Andersson_10142021_ST_A2_13x16",0.0418752155855139,0.0480219376633581,0.0160515547751347,0.053162931100369,0.0521737101622934,0.00569402517528748,0.140972971378672,0.165462592927166,0.476585061232205,"Human_Breast_Andersson_10142021_ST_A2"
"Human_Breast_Andersson_10142021_ST_A2_13x17",0.0117833125824664,0.0095771477261208,0.00939718892256852,0.0455759555011045,0.0666485559060281,0.00278144786051676,0.135032506944144,0.144195074670149,0.575008809886901,"Human_Breast_Andersson_10142021_ST_A2"
"Human_Breast_Andersson_10142021_ST_A2_13x18",0.0137891305456677,0.0223918070637826,0.011449895130366,0.0557115454910122,0.0463954843486477,0.012480789883044,0.212456095175707,0.148637256590637,0.476687995771137,"Human_Breast_Andersson_10142021_ST_A2"
"Human_Breast_Andersson_10142021_ST_A2_13x19",0.0310742014673634,0.00720016887400269,0.00946764154062891,0.0230523811764392,0.0703291790162446,0.00413070089130868,0.136533844917495,0.115624503647303,0.602587378469215,"Human_Breast_Andersson_10142021_ST_A2"
"Human_Breast_Andersson_10142021_ST_A2_13x20",0.0256329035703887,0.0862622455851357,0.0213881608653958,0.037474868746579,0.0323687549818545,0.0122761194904173,0.113558968025205,0.228291101308839,0.442746877426185,"Human_Breast_Andersson_10142021_ST_A2"
"Human_Breast_Andersson_10142021_ST_A2_13x21",0.0420947100178954,0.063313200886692,0.0314591909976376,0.0239546945470328,0.096348048585529,0.0121823959110928,0.101706013159374,0.147392002578298,0.481549743316449,"Human_Breast_Andersson_10142021_ST_A2"
"Human_Breast_Andersson_10142021_ST_A2_13x22",0.0385079526883087,0.0209152338426877,0.0129306095953928,0.0264667692171695,0.0591576142919637,0.00508304803827505,0.099561692997919,0.248175777665724,0.48920130166256,"Human_Breast_Andersson_10142021_ST_A2"
"Human_Breast_Andersson_10142021_ST_A2_13x23",0.0147894797955442,0.0169221308608819,0.00594267169495156,0.00805146750534778,0.098750290344539,0.00439408260254139,0.0837775853507165,0.262017587100105,0.505354704745373,"Human_Breast_Andersson_10142021_ST_A2"
"Human_Breast_Andersson_10142021_ST_A2_13x24",0.0263345077375174,0.0217616890961516,0.0126903846299245,0.0676315472240695,0.115912991533664,0.00648952627655563,0.0831479323903565,0.156830160122797,0.509201260988963,"Human_Breast_Andersson_10142021_ST_A2"
"Human_Breast_Andersson_10142021_ST_A2_13x25",0.0555597594655642,0.0286870440617413,0.0180095741369949,0.033311199020812,0.0693545247681835,0.00449737068422567,0.0753398766245412,0.0968060936933647,0.618434557544573,"Human_Breast_Andersson_10142021_ST_A2"
"Human_Breast_Andersson_10142021_ST_A2_13x26",0.0127163066993223,0.00970063055787249,0.00591916845834381,0.0282323171110905,0.0485691395425632,0.00304972610562526,0.0673713407308953,0.248382882785095,0.576058488009192,"Human_Breast_Andersson_10142021_ST_A2"
"Human_Breast_Andersson_10142021_ST_A2_13x27",0.0527145463208129,0.075037663370834,0.0149631585167213,0.0157314905698505,0.0413775515027579,0.0235737565264471,0.0732219869548987,0.276151236575982,0.427228609661696,"Human_Breast_Andersson_10142021_ST_A2"
"Human_Breast_Andersson_10142021_ST_A2_13x28",0.0336860720917494,0.0301067433771292,0.0178818701641935,0.0332962472322798,0.0408860354414463,0.00671414175818844,0.0838988144173767,0.165065576941111,0.588464498576525,"Human_Breast_Andersson_10142021_ST_A2"
"Human_Breast_Andersson_10142021_ST_A2_13x29",0.0166360223829502,0.00340801173263493,0.0049476023940198,0.0151523892727784,0.0386059954890887,0.00223937529578945,0.144224357372761,0.144968263862323,0.629817982197655,"Human_Breast_Andersson_10142021_ST_A2"
"Human_Breast_Andersson_10142021_ST_A2_13x30",0.030009699594197,0.0178339250099109,0.00885886642173081,0.0249817023458178,0.0511532866693471,0.0029664366396683,0.115662502498451,0.189835031284642,0.558698549536236,"Human_Breast_Andersson_10142021_ST_A2"
"Human_Breast_Andersson_10142021_ST_A2_14x15",0.018038236552252,0.0173580396822081,0.0109252503215107,0.0998884742497282,0.0505223562268758,0.00670495024267124,0.052225860708821,0.238855732233064,0.505481099782869,"Human_Breast_Andersson_10142021_ST_A2"
"Human_Breast_Andersson_10142021_ST_A2_14x16",0.0371442970192681,0.0457745553059897,0.0201905865277307,0.0706446777733022,0.151131510776012,0.00788845466789137,0.111581184624411,0.124930136585479,0.430714596719916,"Human_Breast_Andersson_10142021_ST_A2"
"Human_Breast_Andersson_10142021_ST_A2_14x17",0.0134376390814041,0.00678512869959057,0.00800673646027497,0.041641963012932,0.0517304040265788,0.0045651336425508,0.230024065528551,0.102921407887321,0.540887521660796,"Human_Breast_Andersson_10142021_ST_A2"
"Human_Breast_Andersson_10142021_ST_A2_14x18",0.0417171537110692,0.0336045876776122,0.0203037972925422,0.0975019437613182,0.0720182651720887,0.00420047945305629,0.102765393248515,0.196920546220679,0.43096783346312,"Human_Breast_Andersson_10142021_ST_A2"
"Human_Breast_Andersson_10142021_ST_A2_14x19",0.0245504389999866,0.0153184175191799,0.0143780732263595,0.0438212533567415,0.0560373705751471,0.00431372808791473,0.177082048269536,0.212382010936034,0.452116659029101,"Human_Breast_Andersson_10142021_ST_A2"
"Human_Breast_Andersson_10142021_ST_A2_14x20",0.0849182791634809,0.0849796298378612,0.0221584904128255,0.0504649027274566,0.044474703875833,0.0667730032352131,0.0769093495092498,0.175066979273162,0.394254661964918,"Human_Breast_Andersson_10142021_ST_A2"
"Human_Breast_Andersson_10142021_ST_A2_14x21",0.0810705889902755,0.0340143920719113,0.0169753359253041,0.056483280499027,0.0589637842470758,0.0244808119130235,0.0892705192076734,0.237474033656003,0.401267253489706,"Human_Breast_Andersson_10142021_ST_A2"
"Human_Breast_Andersson_10142021_ST_A2_14x22",0.0196920115154441,0.0058023867544341,0.0181689239373972,0.0128123182408728,0.0784794456976966,0.00243687015724926,0.118391015288885,0.225512503698278,0.518704524709742,"Human_Breast_Andersson_10142021_ST_A2"
"Human_Breast_Andersson_10142021_ST_A2_14x23",0.0179882909909745,0.00994088876204679,0.00921573161267184,0.0261348408027893,0.153981462756703,0.00263335107807908,0.0988405869525984,0.140234644691013,0.541030202353123,"Human_Breast_Andersson_10142021_ST_A2"
"Human_Breast_Andersson_10142021_ST_A2_14x24",0.0405852642695811,0.0424959988803682,0.00968824443433475,0.0785238993432691,0.129206440997332,0.00731918957946493,0.0508692228147816,0.0147228750696036,0.626588864611265,"Human_Breast_Andersson_10142021_ST_A2"
"Human_Breast_Andersson_10142021_ST_A2_14x25",0.0189943334705133,0.0114529897682696,0.0103083821391412,0.0388401861209956,0.0365931482793734,0.00400291554561433,0.100324081430705,0.0878368127475604,0.691647150497827,"Human_Breast_Andersson_10142021_ST_A2"
"Human_Breast_Andersson_10142021_ST_A2_14x26",0.0510115260324753,0.104199965670088,0.0150143095466653,0.0457824067402651,0.0921502289032728,0.0255041939452807,0.100528557960578,0.0911511812448877,0.474657629956487,"Human_Breast_Andersson_10142021_ST_A2"
"Human_Breast_Andersson_10142021_ST_A2_14x27",0.023233645105825,0.0199333074448244,0.00936090613024255,0.0191957998215342,0.0352930294517854,0.00324636715155449,0.189753064437633,0.234827193232772,0.465156687223829,"Human_Breast_Andersson_10142021_ST_A2"
"Human_Breast_Andersson_10142021_ST_A2_14x28",0.0323717321552449,0.0162967560823134,0.0162502798279499,0.0353144785158435,0.0903880054175148,0.00486107856064526,0.0853699951692363,0.0869796782987488,0.632167995972503,"Human_Breast_Andersson_10142021_ST_A2"
"Human_Breast_Andersson_10142021_ST_A2_14x29",0.026276192910902,0.00998081782676985,0.0154098316143977,0.0528504409903525,0.191086362139215,0.010170220740371,0.0676763038206966,0.164708032285339,0.461841797671956,"Human_Breast_Andersson_10142021_ST_A2"
"Human_Breast_Andersson_10142021_ST_A2_14x30",0.0249204207204521,0.0232458800561421,0.00832474648526797,0.0321018861556217,0.123406289909303,0.00462623835602753,0.0610173105902263,0.219878723544328,0.502478504182631,"Human_Breast_Andersson_10142021_ST_A2"
"Human_Breast_Andersson_10142021_ST_A2_15x15",0.041204539878019,0.0465497518205573,0.0446965956320973,0.0443236946840272,0.0552055316531315,0.00351325390522871,0.135472489965884,0.0785051624852615,0.550528979975793,"Human_Breast_Andersson_10142021_ST_A2"
"Human_Breast_Andersson_10142021_ST_A2_15x16",0.0554678731535221,0.0326948203748797,0.0247519321566113,0.0705971914685113,0.100177760447013,0.00806146324983995,0.140096327024584,0.181517161529399,0.386635470595639,"Human_Breast_Andersson_10142021_ST_A2"
"Human_Breast_Andersson_10142021_ST_A2_15x17",0.0169544827299843,0.0279104419415694,0.0195603159261945,0.0429544140380072,0.132946434606862,0.0156640966969862,0.115358502533961,0.21194155331222,0.416709758214216,"Human_Breast_Andersson_10142021_ST_A2"
"Human_Breast_Andersson_10142021_ST_A2_15x18",0.0205641572118061,0.0549838790298253,0.0193119593954473,0.0118568654708693,0.0372826621662378,0.00696724243260838,0.0919610394079961,0.144435183204584,0.612637011680626,"Human_Breast_Andersson_10142021_ST_A2"
"Human_Breast_Andersson_10142021_ST_A2_15x19",0.0193442078370353,0.0182942969467048,0.00899648981773168,0.0528438859214494,0.0447724175900812,0.00535450400596201,0.125074512145002,0.14619172012686,0.579127965609173,"Human_Breast_Andersson_10142021_ST_A2"
"Human_Breast_Andersson_10142021_ST_A2_15x20",0.0274163861479468,0.0164492940083113,0.0065783715304453,0.026188419256295,0.0842455723434085,0.0063254080269219,0.093805461488104,0.0701922087380704,0.668798878460497,"Human_Breast_Andersson_10142021_ST_A2"
"Human_Breast_Andersson_10142021_ST_A2_15x21",0.0146747729165661,0.00969869685107188,0.00948829162779414,0.041516736543015,0.0638779574997653,0.0090823533757899,0.145492613339516,0.199152029249344,0.507016548597137,"Human_Breast_Andersson_10142021_ST_A2"
"Human_Breast_Andersson_10142021_ST_A2_15x22",0.0371749642176281,0.0201910936024856,0.0110875464965819,0.0427626274292732,0.0413991924526303,0.00575808433746766,0.122828198411037,0.191691468534435,0.527106824518462,"Human_Breast_Andersson_10142021_ST_A2"
"Human_Breast_Andersson_10142021_ST_A2_15x23",0.0425987454095175,0.0689779269376276,0.0340903079706175,0.0255683023557777,0.0454474297086611,0.00959726259492513,0.0436328419567775,0.254943005630244,0.475144177435852,"Human_Breast_Andersson_10142021_ST_A2"
"Human_Breast_Andersson_10142021_ST_A2_15x24",0.0148592685233641,0.0071001085605859,0.025720958648819,0.0497448568707005,0.0658308209554968,0.00426300346525703,0.0361850550734721,0.255221288018266,0.541074639884039,"Human_Breast_Andersson_10142021_ST_A2"
"Human_Breast_Andersson_10142021_ST_A2_15x25",0.0265623037719648,0.0127227634818566,0.0176652899574188,0.0579949562738162,0.117303899020015,0.00391070323634966,0.0711402817774279,0.210350865982137,0.482348936499015,"Human_Breast_Andersson_10142021_ST_A2"
"Human_Breast_Andersson_10142021_ST_A2_15x26",0.00952076432080932,0.00931066242113976,0.00859163962298867,0.0329369119405055,0.0708085896070031,0.00488924396303866,0.0612437429766933,0.229049567914966,0.573648877232855,"Human_Breast_Andersson_10142021_ST_A2"
"Human_Breast_Andersson_10142021_ST_A2_15x27",0.0316922491526847,0.0111116435597779,0.010235720863746,0.0387661064839823,0.0390089107548604,0.0101414934367682,0.241670536141545,0.0747895002290585,0.542583839377577,"Human_Breast_Andersson_10142021_ST_A2"
"Human_Breast_Andersson_10142021_ST_A2_15x28",0.0256978131534073,0.0173587970495036,0.0141340700132509,0.0270526960564209,0.0755958620850325,0.00355546714076083,0.0738905694322395,0.279393887761893,0.483320837307491,"Human_Breast_Andersson_10142021_ST_A2"
"Human_Breast_Andersson_10142021_ST_A2_15x29",0.0291946578712831,0.0483127133562536,0.0159243907638386,0.0467777698148876,0.0805412819185064,0.0152621975050203,0.0860125335258944,0.198614802614713,0.479359652629602,"Human_Breast_Andersson_10142021_ST_A2"
"Human_Breast_Andersson_10142021_ST_A2_15x30",0.0209901690416249,0.0484422069222912,0.017010438053358,0.0277351587699486,0.0678494379115214,0.0100224570156202,0.108364691420854,0.135172332641499,0.564413108223283,"Human_Breast_Andersson_10142021_ST_A2"
"Human_Breast_Andersson_10142021_ST_A2_16x16",0.0581301509900475,0.015643938139115,0.0213207637638165,0.0510051953470403,0.0996971849977377,0.00796758001797506,0.0832867514231014,0.0702525568466544,0.592695878474512,"Human_Breast_Andersson_10142021_ST_A2"
"Human_Breast_Andersson_10142021_ST_A2_16x17",0.0187626257839556,0.0136189398140438,0.0116323704758118,0.0558018440225273,0.063396526416047,0.00889843094775652,0.112595784305251,0.116969945113435,0.598323533121172,"Human_Breast_Andersson_10142021_ST_A2"
"Human_Breast_Andersson_10142021_ST_A2_16x18",0.031220804341763,0.0212974663147608,0.00642896690433664,0.0454375084012607,0.0766270020979618,0.00264901454557072,0.121045208652828,0.168652712997669,0.526641315743849,"Human_Breast_Andersson_10142021_ST_A2"
"Human_Breast_Andersson_10142021_ST_A2_16x19",0.0143289828899242,0.0123633378393206,0.00670375484283856,0.0729708207876807,0.0909507287195949,0.0051306429002926,0.168663699711922,0.115629617739912,0.513258414568514,"Human_Breast_Andersson_10142021_ST_A2"
"Human_Breast_Andersson_10142021_ST_A2_16x20",0.052059873879502,0.0173474260682523,0.0277169776798048,0.0534008239399115,0.128894317874487,0.0118755864566522,0.130102697042609,0.0418924566597294,0.536709840399052,"Human_Breast_Andersson_10142021_ST_A2"
"Human_Breast_Andersson_10142021_ST_A2_16x21",0.00984139145041936,0.0410537239682108,0.00612954585496312,0.0257795390734697,0.0265226897511324,0.00407415515325593,0.131282699981441,0.326398629039031,0.428917625728077,"Human_Breast_Andersson_10142021_ST_A2"
"Human_Breast_Andersson_10142021_ST_A2_16x22",0.0323796672640015,0.0708923156026889,0.0127111866541145,0.0702646368131161,0.0571973252795431,0.0137581440604258,0.0853598798903135,0.146260256035758,0.511176588400039,"Human_Breast_Andersson_10142021_ST_A2"
"Human_Breast_Andersson_10142021_ST_A2_16x23",0.0281335520317198,0.0179807105731662,0.0116670796503194,0.0413704329049118,0.0637529883879654,0.00183198680803789,0.10717495761149,0.11678097267034,0.61130731936205,"Human_Breast_Andersson_10142021_ST_A2"
"Human_Breast_Andersson_10142021_ST_A2_16x24",0.0169160660771835,0.0283166661535809,0.0125885995303555,0.0352456487931908,0.114174177269381,0.014118159451219,0.0943890931984461,0.240387503340008,0.443864086186636,"Human_Breast_Andersson_10142021_ST_A2"
"Human_Breast_Andersson_10142021_ST_A2_16x25",0.0331440038565437,0.0201292261035803,0.022424150349939,0.0301805012182523,0.0876570205852891,0.0139456811056457,0.0793016289967415,0.192563270070577,0.520654517713431,"Human_Breast_Andersson_10142021_ST_A2"
"Human_Breast_Andersson_10142021_ST_A2_16x26",0.0182700110474903,0.0128850107734242,0.0100031012575142,0.0374164071668774,0.0485086248466618,0.0117877713647936,0.11260681252624,0.203865662013398,0.544656599003601,"Human_Breast_Andersson_10142021_ST_A2"
"Human_Breast_Andersson_10142021_ST_A2_16x27",0.0364137912492339,0.0785885507986874,0.0468988051016882,0.0583591643539922,0.0822348286673303,0.0122512526462028,0.135179794114374,0.132318522872751,0.41775529019574,"Human_Breast_Andersson_10142021_ST_A2"
"Human_Breast_Andersson_10142021_ST_A2_16x28",0.0216993375549124,0.00778192312296892,0.00798743554624251,0.0731029713828346,0.0931288552197364,0.0112772323420686,0.12116221659051,0.22898304157815,0.434876986662577,"Human_Breast_Andersson_10142021_ST_A2"
"Human_Breast_Andersson_10142021_ST_A2_16x29",0.0127476620932356,0.0106682101835116,0.0123840129208269,0.0485606178740815,0.150312866254975,0.00225094400602428,0.0443350120929441,0.191823116435207,0.526917558139194,"Human_Breast_Andersson_10142021_ST_A2"
"Human_Breast_Andersson_10142021_ST_A2_16x30",0.0437628283718257,0.0268140290732248,0.0164235321794154,0.0537697538908725,0.0834143798132189,0.0130053012429519,0.152672836514376,0.13726962893046,0.472867709983655,"Human_Breast_Andersson_10142021_ST_A2"
"Human_Breast_Andersson_10142021_ST_A2_17x15",0.0462771735729717,0.0233730811214759,0.0067457165720476,0.109832206147598,0.12153440657777,0.0230841740978785,0.0690187457728836,0.0793701111057633,0.520764385031612,"Human_Breast_Andersson_10142021_ST_A2"
"Human_Breast_Andersson_10142021_ST_A2_17x16",0.0197191039683393,0.0687499014823747,0.014634715651519,0.0407186599142417,0.0325700623509894,0.00582379859383696,0.0876206685237286,0.34534620180073,0.384816887714241,"Human_Breast_Andersson_10142021_ST_A2"
"Human_Breast_Andersson_10142021_ST_A2_17x17",0.0294969761994028,0.012370562401136,0.0113691700742017,0.0762833315274722,0.135022781623257,0.00869324039105695,0.0857723480786674,0.126876945110479,0.514114644594326,"Human_Breast_Andersson_10142021_ST_A2"
"Human_Breast_Andersson_10142021_ST_A2_17x18",0.036251669222228,0.0266763462813565,0.0178637555005786,0.0633700651939898,0.0585185351410522,0.00773255254837327,0.142794102023935,0.0843606841530504,0.562432289935436,"Human_Breast_Andersson_10142021_ST_A2"
"Human_Breast_Andersson_10142021_ST_A2_17x19",0.0541319047213452,0.0312670659101229,0.0262910908792502,0.0212168400859198,0.0426204200963836,0.00351638240422597,0.110770959892957,0.29767210732872,0.412513228681075,"Human_Breast_Andersson_10142021_ST_A2"
"Human_Breast_Andersson_10142021_ST_A2_17x20",0.0738776640258013,0.0657718483713592,0.0384477557488565,0.0190023243719833,0.0350879646703626,0.00643714543386349,0.136542821832088,0.190551544786451,0.434280930759234,"Human_Breast_Andersson_10142021_ST_A2"
"Human_Breast_Andersson_10142021_ST_A2_17x21",0.0221720049719968,0.0310116639039213,0.010533095451079,0.0890932832653809,0.0581454326291602,0.012722267465086,0.162813450514762,0.188432385052365,0.42507641674625,"Human_Breast_Andersson_10142021_ST_A2"
"Human_Breast_Andersson_10142021_ST_A2_17x22",0.017042808590975,0.0122154644118303,0.0061546209920711,0.0200741967256956,0.0107776067446766,0.00454034903300022,0.1211717472945,0.342044187476241,0.46597901873101,"Human_Breast_Andersson_10142021_ST_A2"
"Human_Breast_Andersson_10142021_ST_A2_17x23",0.0127191118082275,0.00875010920576259,0.00746518064534852,0.0269580075272351,0.0332644867108002,0.00483179796053091,0.129874440922528,0.266540592447339,0.509596272772228,"Human_Breast_Andersson_10142021_ST_A2"
"Human_Breast_Andersson_10142021_ST_A2_17x24",0.0148179826195269,0.0209818887400412,0.0111478035817472,0.0443431286489779,0.0804006132513183,0.0227274345507265,0.083317466498054,0.176424869839396,0.545838812270212,"Human_Breast_Andersson_10142021_ST_A2"
"Human_Breast_Andersson_10142021_ST_A2_17x25",0.0245900274922607,0.018881559146142,0.0116394874290336,0.0430079186392176,0.164059968700399,0.00297819668768691,0.0986854983172253,0.146277482001885,0.48987986158615,"Human_Breast_Andersson_10142021_ST_A2"
"Human_Breast_Andersson_10142021_ST_A2_17x26",0.0172026709637383,0.0402078333901032,0.00822102449628138,0.0323269942404872,0.0547292980670344,0.0140163148168389,0.13426132345896,0.145171142107574,0.553863398458983,"Human_Breast_Andersson_10142021_ST_A2"
"Human_Breast_Andersson_10142021_ST_A2_17x27",0.0646591578864087,0.0648264653113554,0.027692828146231,0.0391828562171135,0.053761647555476,0.0138734167873214,0.15588313337052,0.127903840563362,0.452216654162212,"Human_Breast_Andersson_10142021_ST_A2"
"Human_Breast_Andersson_10142021_ST_A2_17x28",0.0648568321913128,0.107692731783453,0.0625074050806209,0.0732228307651216,0.042834897679576,0.011993947555647,0.0649112347340552,0.154682930113007,0.417297190097206,"Human_Breast_Andersson_10142021_ST_A2"
"Human_Breast_Andersson_10142021_ST_A2_17x29",0.0455293893973475,0.0729628526111493,0.0153459500934677,0.0458552581453952,0.0419199134692519,0.00309678300201113,0.171937951634489,0.0374414424578977,0.56591045918899,"Human_Breast_Andersson_10142021_ST_A2"
"Human_Breast_Andersson_10142021_ST_A2_17x30",0.0234024640930072,0.0231375008379198,0.014007527981948,0.0512232305919381,0.0519991049024134,0.00859794846646253,0.195678573513517,0.280135243589988,0.351818406022805,"Human_Breast_Andersson_10142021_ST_A2"
"Human_Breast_Andersson_10142021_ST_A2_18x15",0.00336846249712814,0.046615431183582,0.00461624450160734,0.00127828832066871,0.00849600238921042,0.0267436724066145,0.16628188008173,0.0151217412519274,0.727478277367531,"Human_Breast_Andersson_10142021_ST_A2"
"Human_Breast_Andersson_10142021_ST_A2_18x16",0.0158403514077575,0.0219151912898592,0.00540412000947288,0.0559538538870415,0.0364261407760843,0.0125456891605764,0.152746008673641,0.373073868291221,0.326094776504346,"Human_Breast_Andersson_10142021_ST_A2"
"Human_Breast_Andersson_10142021_ST_A2_18x17",0.0211024716664447,0.0152781900769345,0.0133039893166683,0.0144676749950696,0.0107387431291534,0.00415385929059552,0.152394651137226,0.169384210615564,0.599176209772344,"Human_Breast_Andersson_10142021_ST_A2"
"Human_Breast_Andersson_10142021_ST_A2_18x18",0.0361404282601568,0.0574328552271174,0.0438044858836609,0.0365112484481961,0.0199235184334317,0.0180242703124987,0.0575623738492006,0.354207378041533,0.376393441544205,"Human_Breast_Andersson_10142021_ST_A2"
"Human_Breast_Andersson_10142021_ST_A2_18x19",0.0254137491650963,0.0151691879538122,0.0096205697555034,0.016408282280722,0.0205125951716707,0.00257109859498553,0.0779298839184303,0.304298931819455,0.528075701340325,"Human_Breast_Andersson_10142021_ST_A2"
"Human_Breast_Andersson_10142021_ST_A2_18x21",0.0282849157087206,0.0190497239357091,0.0111673459215296,0.049995177328137,0.0790986906504402,0.0123212870529375,0.124062774305718,0.173205690353333,0.502814394743476,"Human_Breast_Andersson_10142021_ST_A2"
"Human_Breast_Andersson_10142021_ST_A2_18x22",0.0303502963223394,0.0628921590803091,0.0134295969571483,0.0301476056949792,0.033459057899069,0.0154867538082335,0.115426322561586,0.15369320419398,0.545115003482355,"Human_Breast_Andersson_10142021_ST_A2"
"Human_Breast_Andersson_10142021_ST_A2_18x23",0.0279683530297269,0.0279432859355019,0.00371911400245545,0.0208024587014236,0.0454677742377208,0.00861769953667936,0.176985083614955,0.241324048566011,0.447172182375526,"Human_Breast_Andersson_10142021_ST_A2"
"Human_Breast_Andersson_10142021_ST_A2_18x24",0.0374450686699872,0.0158259718224719,0.0122622667744703,0.0186822781546772,0.0547838376245149,0.00572558600605003,0.10168156619148,0.238447299814824,0.515146124941525,"Human_Breast_Andersson_10142021_ST_A2"
"Human_Breast_Andersson_10142021_ST_A2_18x25",0.0177169448312208,0.0163413163280511,0.0123661289392691,0.0277815542658247,0.0698721245222812,0.00418177542548495,0.125088935116134,0.227688765706275,0.49896245486546,"Human_Breast_Andersson_10142021_ST_A2"
"Human_Breast_Andersson_10142021_ST_A2_18x26",0.0157313320549941,0.0605631263740207,0.00631806894940273,0.0493137170154295,0.0638092517907011,0.0066979912531901,0.19004344749462,0.141944848212591,0.46557821685505,"Human_Breast_Andersson_10142021_ST_A2"
"Human_Breast_Andersson_10142021_ST_A2_18x27",0.0673959610045192,0.101110390253931,0.0361465037302985,0.0354348850994624,0.0853376651712496,0.0173055703852644,0.0819302777429917,0.138263744729788,0.437075001882495,"Human_Breast_Andersson_10142021_ST_A2"
"Human_Breast_Andersson_10142021_ST_A2_18x28",0.0384953226114466,0.0479890304068612,0.00895464778884904,0.0526297231962634,0.0507975736836608,0.00469921451229414,0.130799385303528,0.297082331317891,0.368552771179206,"Human_Breast_Andersson_10142021_ST_A2"
"Human_Breast_Andersson_10142021_ST_A2_18x29",0.029329082907558,0.112485258173487,0.053839604598223,0.0767854995336989,0.0708379993866581,0.00452785790434461,0.117903661808608,0.202917114756687,0.331373920930735,"Human_Breast_Andersson_10142021_ST_A2"
"Human_Breast_Andersson_10142021_ST_A2_18x30",0.0326179848455073,0.11655662130859,0.0178129855216092,0.0460071629445834,0.0272190949479286,0.0083045724353543,0.0605386536378495,0.123404567093834,0.567538357264743,"Human_Breast_Andersson_10142021_ST_A2"
"Human_Breast_Andersson_10142021_ST_A2_19x15",0.0107475600708105,0.00836637980031451,0.00486526820287547,0.049505150823958,0.0583837596914462,0.00585642848995742,0.145939930019745,0.241450869049211,0.474884653851682,"Human_Breast_Andersson_10142021_ST_A2"
"Human_Breast_Andersson_10142021_ST_A2_19x16",0.00473020358660655,0.0389645945213462,0.00661297827155371,0.00164055732667727,0.0025995792339678,0.000467076846043059,0.0301966999030769,0.411238147273838,0.50355016303689,"Human_Breast_Andersson_10142021_ST_A2"
"Human_Breast_Andersson_10142021_ST_A2_19x17",0.0147049566878927,0.0372250393448553,0.00607476331655501,0.0111175348567401,0.01933644735946,0.00726539322682127,0.241612032289144,0.137246132275275,0.525417700643257,"Human_Breast_Andersson_10142021_ST_A2"
"Human_Breast_Andersson_10142021_ST_A2_19x18",0.0682044304664795,0.0979589018182347,0.0374273040622388,0.0342616455933478,0.0400611411257774,0.0358877625177097,0.0957317119228837,0.186674108996255,0.403792993497074,"Human_Breast_Andersson_10142021_ST_A2"
"Human_Breast_Andersson_10142021_ST_A2_19x19",0.0193144929094071,0.0768066369175524,0.027503264706877,0.0247891194508894,0.0135394127168602,0.0294138969080849,0.0540018459152591,0.324197363958733,0.430433966516336,"Human_Breast_Andersson_10142021_ST_A2"
"Human_Breast_Andersson_10142021_ST_A2_19x20",0.0597293948512993,0.0743543213050918,0.0286948685503569,0.0107444061689921,0.0369796116607717,0.00602938301174118,0.132326439392893,0.180123493528014,0.471018081530839,"Human_Breast_Andersson_10142021_ST_A2"
"Human_Breast_Andersson_10142021_ST_A2_19x21",0.0302391815295959,0.13123654910275,0.0321583811466535,0.0219113085884084,0.0296938327739584,0.0274111920796637,0.0949294888295407,0.214199163142042,0.418220902807388,"Human_Breast_Andersson_10142021_ST_A2"
"Human_Breast_Andersson_10142021_ST_A2_19x22",0.0219659078273838,0.112535637506213,0.0115572496060161,0.0351200819633529,0.0390810189152685,0.003672426534127,0.146213750265003,0.104544430153906,0.525309497228729,"Human_Breast_Andersson_10142021_ST_A2"
"Human_Breast_Andersson_10142021_ST_A2_19x23",0.0308047978799471,0.0513245391305883,0.0153025018701254,0.0122023013825387,0.0411545872184391,0.00933834749830906,0.0698023281197424,0.322229108506305,0.447841488394005,"Human_Breast_Andersson_10142021_ST_A2"
"Human_Breast_Andersson_10142021_ST_A2_19x24",0.0188727440864079,0.00837165100529132,0.00855355563273843,0.0267185730181366,0.0409737152770532,0.00325443652028992,0.0769942373973551,0.363381478324837,0.452879608737891,"Human_Breast_Andersson_10142021_ST_A2"
"Human_Breast_Andersson_10142021_ST_A2_19x25",0.026428654724797,0.0410936316320203,0.0107384739613164,0.0451947208150081,0.068613389185213,0.01537333504265,0.172435282856723,0.0667405662962682,0.553381945486004,"Human_Breast_Andersson_10142021_ST_A2"
"Human_Breast_Andersson_10142021_ST_A2_19x26",0.0414851633476736,0.021889503582593,0.021259247760143,0.0833054118468135,0.0667430114631331,0.00417512546699409,0.064724199827743,0.218190233917802,0.478228102787105,"Human_Breast_Andersson_10142021_ST_A2"
"Human_Breast_Andersson_10142021_ST_A2_19x27",0.0312852044166187,0.020936426458758,0.00709697030667165,0.0225688643286438,0.0315330274965511,0.00445191086434109,0.0755538523107545,0.326454422746363,0.480119321071298,"Human_Breast_Andersson_10142021_ST_A2"
"Human_Breast_Andersson_10142021_ST_A2_19x28",0.0174680196614942,0.0232448133485666,0.00491214820742408,0.00974074351280272,0.0262157290966873,0.00261913683916991,0.123324423914318,0.303215489393566,0.489259496025972,"Human_Breast_Andersson_10142021_ST_A2"
"Human_Breast_Andersson_10142021_ST_A2_19x29",0.0264915191601677,0.0619818660084686,0.0248850653764005,0.0122063530108428,0.0127661078687106,0.0388341528644203,0.0977234402080336,0.294155434850576,0.43095606065238,"Human_Breast_Andersson_10142021_ST_A2"
