"","Endothelial","CAFs","PVL","B-cells","T-cells","Myeloid","Normal Epithelial","Plasmablasts","Cancer Epithelial","sid"
"Human_Breast_Andersson_10142021_ST_A1_10x13",0.0207077675392805,0.0315122410521416,0.0102744942263665,0.026497116814955,0.0424026725973226,0.00560023503182671,0.101110563392842,0.28303365498275,0.478861254362516,"Human_Breast_Andersson_10142021_ST_A1"
"Human_Breast_Andersson_10142021_ST_A1_10x14",0.0454406279204221,0.087012709693735,0.0388782329907755,0.0399992113830952,0.0293843225967666,0.00846882098551352,0.0970495344741012,0.0470519078086109,0.60671463214698,"Human_Breast_Andersson_10142021_ST_A1"
"Human_Breast_Andersson_10142021_ST_A1_10x15",0.0361189995261861,0.0558199323537637,0.0142138198986884,0.0302329177050532,0.0434138191910453,0.00971749665037135,0.0830301261043192,0.156848549568571,0.570604339002002,"Human_Breast_Andersson_10142021_ST_A1"
"Human_Breast_Andersson_10142021_ST_A1_10x16",0.030405050247858,0.00664150660726708,0.00341928238633507,0.0110607420440499,0.0251198198979016,0.00764431413939588,0.0798239439281045,0.15072294158257,0.685162399166518,"Human_Breast_Andersson_10142021_ST_A1"
"Human_Breast_Andersson_10142021_ST_A1_10x17",0.0248417335850422,0.0107282129764694,0.00516963003067578,0.0121940619966609,0.0336339362609011,0.00281713779052185,0.101984343720798,0.113918811808575,0.694712131830356,"Human_Breast_Andersson_10142021_ST_A1"
"Human_Breast_Andersson_10142021_ST_A1_10x18",0.0118419490992187,0.155935809100103,0.0111605445266428,0.0691196942493753,0.0185853122511176,0.0836763111791893,0.0443737405719658,0.00906170248831798,0.596244936534069,"Human_Breast_Andersson_10142021_ST_A1"
"Human_Breast_Andersson_10142021_ST_A1_10x19",0.0370109466550273,0.0306697890444989,0.00642692482382839,0.0605389190890688,0.0383821628576538,0.142641929321091,0.0837730976740245,0.152293194112799,0.448263036422009,"Human_Breast_Andersson_10142021_ST_A1"
"Human_Breast_Andersson_10142021_ST_A1_10x20",0.0314808163524942,0.0719094700191975,0.0190703866411659,0.00874224586651884,0.00814948722402619,0.0261893142439679,0.104870548424879,0.318984404240137,0.410603326987614,"Human_Breast_Andersson_10142021_ST_A1"
"Human_Breast_Andersson_10142021_ST_A1_10x21",0.0307987418100488,0.0877820875510697,0.0438092883821067,0.00779890185405856,0.0152224769757429,0.0333867951069117,0.124909309569708,0.241137872430128,0.415154526320226,"Human_Breast_Andersson_10142021_ST_A1"
"Human_Breast_Andersson_10142021_ST_A1_10x22",0.0624038969627274,0.0818195581325335,0.0200135446347543,0.0400001181132051,0.0690874594538077,0.0717973760988357,0.0614358406656449,0.0303240193202124,0.563118186618279,"Human_Breast_Andersson_10142021_ST_A1"
"Human_Breast_Andersson_10142021_ST_A1_10x23",0.0308049802663367,0.0555847523178887,0.0116285701154735,0.0207991267226281,0.0694660228170244,0.0240996603593546,0.0746982784827668,0.136026972522008,0.576891636396519,"Human_Breast_Andersson_10142021_ST_A1"
"Human_Breast_Andersson_10142021_ST_A1_10x24",0.114663839774878,0.0325735977544168,0.0460400979377722,0.0581506512311168,0.0492588332932097,0.105318989825874,0.0657230249673308,0.106634465186048,0.421636500029353,"Human_Breast_Andersson_10142021_ST_A1"
"Human_Breast_Andersson_10142021_ST_A1_10x25",0.107144085992902,0.049111920456671,0.0443587272387742,0.0275861223882026,0.0252140014583149,0.173102407999794,0.0436750918137574,0.148967721212129,0.380839921439456,"Human_Breast_Andersson_10142021_ST_A1"
"Human_Breast_Andersson_10142021_ST_A1_10x26",0.0194534894989531,0.0276511222223511,0.0105793132740779,0.0233450312348584,0.0891586409322563,0.00568683872234165,0.0705145796866878,0.0906140685692304,0.662996915859243,"Human_Breast_Andersson_10142021_ST_A1"
"Human_Breast_Andersson_10142021_ST_A1_10x27",0.0297028756472729,0.19771458262468,0.00295457205066428,0.00723586743596695,0.0117792640194985,0.0515957243664849,0.137490615523255,0.0597351996888602,0.501791298643317,"Human_Breast_Andersson_10142021_ST_A1"
"Human_Breast_Andersson_10142021_ST_A1_10x28",0.131248517142575,0.0326113912226323,0.0101016392440171,0.0706436039333553,0.279763030676737,0.0330861628601566,0.0091138081870409,0.220903925005814,0.212527921727672,"Human_Breast_Andersson_10142021_ST_A1"
"Human_Breast_Andersson_10142021_ST_A1_11x13",0.0129777392244488,0.0458981931339983,0.00933333410632839,0.0119682250559589,0.0161574971121565,0.0178145546927297,0.0681403054698517,0.263195244406692,0.554514906797836,"Human_Breast_Andersson_10142021_ST_A1"
"Human_Breast_Andersson_10142021_ST_A1_11x14",0.0729980737255403,0.0225818369662788,0.0363463109788639,0.0203976511037942,0.0274924273120121,0.0167010591605103,0.0742924701594194,0.0360851971723526,0.693104973421229,"Human_Breast_Andersson_10142021_ST_A1"
"Human_Breast_Andersson_10142021_ST_A1_11x15",0.0204815544794914,0.0118610697355675,0.0202944899027509,0.0102323737753238,0.0222153099287058,0.0102488140589935,0.0887139007057598,0.208515304465676,0.607437182947731,"Human_Breast_Andersson_10142021_ST_A1"
"Human_Breast_Andersson_10142021_ST_A1_11x16",0.0157703684670352,0.0104252433010925,0.00173714498817642,0.01357071831745,0.0191608921926564,0.00337144784476956,0.163320579583343,0.13801442757307,0.634629177732406,"Human_Breast_Andersson_10142021_ST_A1"
"Human_Breast_Andersson_10142021_ST_A1_11x18",0.0142627667509264,0.0278092668045168,0.00269867992770221,0.0111612343319609,0.0233247076814272,0.00610226987539011,0.15558707643532,0.0742941788765549,0.684759819316202,"Human_Breast_Andersson_10142021_ST_A1"
"Human_Breast_Andersson_10142021_ST_A1_11x19",0.0162105987215606,0.018337094203971,0.0142675757596105,0.0138179021362167,0.0664831503295239,0.0288117291297248,0.0781563902348558,0.174803369908159,0.589112189576377,"Human_Breast_Andersson_10142021_ST_A1"
"Human_Breast_Andersson_10142021_ST_A1_11x20",0.0797987982127257,0.135890302876396,0.0498047681804618,0.0097043962307767,0.0192936040117609,0.100508223101445,0.0294894010741293,0.241887549036931,0.333622957275375,"Human_Breast_Andersson_10142021_ST_A1"
"Human_Breast_Andersson_10142021_ST_A1_11x21",0.0284491190277837,0.0243471133479045,0.0258490132357541,0.0484769280913106,0.0338501532241002,0.0410828402237604,0.0739367459884354,0.317974513658675,0.406033573202276,"Human_Breast_Andersson_10142021_ST_A1"
"Human_Breast_Andersson_10142021_ST_A1_11x22",0.0132738979253379,0.054864540516092,0.00417905588395328,0.0137999224210042,0.0243780489059121,0.0064935410627712,0.0460328575785589,0.363385008575059,0.473593127131311,"Human_Breast_Andersson_10142021_ST_A1"
"Human_Breast_Andersson_10142021_ST_A1_11x23",0.0313087848676079,0.136378494115717,0.00592009642524961,0.0344031247392319,0.0564223269356464,0.0584868427688703,0.0908084085097294,0.114028174918721,0.472243746719226,"Human_Breast_Andersson_10142021_ST_A1"
"Human_Breast_Andersson_10142021_ST_A1_11x24",0.0407007696761201,0.0524879356474025,0.0144687751348161,0.0348444756406948,0.0239198214604764,0.0975316281877509,0.0814219360876077,0.279371300533574,0.375253357631558,"Human_Breast_Andersson_10142021_ST_A1"
"Human_Breast_Andersson_10142021_ST_A1_11x25",0.0197502578097552,0.0761481834074253,0.00978289081233568,0.168789186715389,0.0455038423524264,0.129188151007858,0.0658376184284889,0.0442218017576303,0.440778067708691,"Human_Breast_Andersson_10142021_ST_A1"
"Human_Breast_Andersson_10142021_ST_A1_11x26",0.0312735510523958,0.0820417072819504,0.0173954032464983,0.0957253718499744,0.0695402260363787,0.103208488684951,0.0552666484122408,0.221997756096774,0.323550847338836,"Human_Breast_Andersson_10142021_ST_A1"
"Human_Breast_Andersson_10142021_ST_A1_11x27",0.104182676941092,0.165565369316495,0.0992791660295314,0.0246492225438472,0.0207830051382853,0.0967773607466786,0.0464046663887984,0.162824566828888,0.279533966066384,"Human_Breast_Andersson_10142021_ST_A1"
"Human_Breast_Andersson_10142021_ST_A1_11x28",0.0130986723625398,0.263621631251075,0.0498659134460649,0.0455558718238461,0.107509158509253,0.106347578511414,0.0233886066459832,0.0449904773226792,0.345622090127144,"Human_Breast_Andersson_10142021_ST_A1"
"Human_Breast_Andersson_10142021_ST_A1_12x12",0.0167451573793154,0.0187659691533571,0.0037772714247551,0.0173429213438523,0.0207342173541826,0.00432890014347451,0.137875104429495,0.171851262186714,0.608579196584854,"Human_Breast_Andersson_10142021_ST_A1"
"Human_Breast_Andersson_10142021_ST_A1_12x13",0.0230519815523598,0.0234291728166535,0.00484122209512113,0.0299595492699116,0.0412927681670253,0.0260497374211219,0.135396774290989,0.150961636658393,0.565017157728425,"Human_Breast_Andersson_10142021_ST_A1"
"Human_Breast_Andersson_10142021_ST_A1_12x14",0.0210756096584711,0.0274972374653387,0.00847410865072918,0.00467896485138729,0.0157257022301444,0.00196571487737168,0.119024275088938,0.379363592832133,0.422194794345486,"Human_Breast_Andersson_10142021_ST_A1"
"Human_Breast_Andersson_10142021_ST_A1_12x15",0.010556327664499,0.00769922488002293,0.00564259564325024,0.0211992372444848,0.0234502043887826,0.00336533923269665,0.0546821913144371,0.204980889620438,0.668423990011389,"Human_Breast_Andersson_10142021_ST_A1"
"Human_Breast_Andersson_10142021_ST_A1_12x16",0.0302545775543554,0.0636370014250242,0.0164031629222829,0.0143559142183375,0.0358360928522698,0.0146567252813539,0.09721019733724,0.13832352364425,0.589322804764886,"Human_Breast_Andersson_10142021_ST_A1"
"Human_Breast_Andersson_10142021_ST_A1_12x17",0.0431963167639582,0.103016786204143,0.015256491580258,0.0328546886573291,0.056725743659573,0.0167494581162487,0.118276638698087,0.104540091957114,0.509383784363289,"Human_Breast_Andersson_10142021_ST_A1"
"Human_Breast_Andersson_10142021_ST_A1_12x18",0.0473818447277312,0.0354680393035053,0.0242838936925455,0.0357258692137614,0.0440456604885925,0.0457987334631652,0.0617285951410316,0.123962842128991,0.581604521840676,"Human_Breast_Andersson_10142021_ST_A1"
"Human_Breast_Andersson_10142021_ST_A1_12x19",0.0945062384201515,0.116506378051373,0.0261823767349019,0.0441683762692114,0.0653452618302617,0.0380739144645186,0.0360996873239889,0.173221766586118,0.405896000319475,"Human_Breast_Andersson_10142021_ST_A1"
"Human_Breast_Andersson_10142021_ST_A1_12x20",0.0227310010904459,0.0513808194886753,0.0116372740748599,0.0553924378802891,0.0883801532917171,0.0332182072305284,0.0433434010415534,0.264158940257347,0.429757765644584,"Human_Breast_Andersson_10142021_ST_A1"
"Human_Breast_Andersson_10142021_ST_A1_12x21",0.0544426596591577,0.034279801639703,0.0254159596153457,0.0271025767375004,0.0215961402661722,0.021738071913031,0.107904083851667,0.202231768567332,0.50528893775009,"Human_Breast_Andersson_10142021_ST_A1"
"Human_Breast_Andersson_10142021_ST_A1_12x22",0.0357720009377229,0.0380670799592979,0.0262440091401194,0.0212193020716463,0.0390189633812425,0.0241056022210125,0.0669391043220269,0.132707003536234,0.615926934430697,"Human_Breast_Andersson_10142021_ST_A1"
"Human_Breast_Andersson_10142021_ST_A1_12x23",0.0337098671534225,0.0276293763118325,0.0283289909007554,0.0291956346616625,0.0437314658078249,0.0166349293998796,0.0793029931290011,0.0698074407097371,0.671659301925884,"Human_Breast_Andersson_10142021_ST_A1"
"Human_Breast_Andersson_10142021_ST_A1_12x24",0.089052838350363,0.046396505178099,0.0360010117249975,0.0150645584407324,0.00892734552884624,0.0450526445581352,0.0472892409675218,0.262716247715179,0.449499607536125,"Human_Breast_Andersson_10142021_ST_A1"
"Human_Breast_Andersson_10142021_ST_A1_12x25",0.0655327644112567,0.141236507015848,0.0260157208832156,0.0484766989103172,0.0391774387288623,0.0971803066399928,0.0485803923033463,0.17993661016515,0.35386356094201,"Human_Breast_Andersson_10142021_ST_A1"
"Human_Breast_Andersson_10142021_ST_A1_12x26",0.00964739240656064,0.0423837058712107,0.0136372425923563,0.0507022860333992,0.0733181500144121,0.0529652696738057,0.10062889615314,0.139933605537142,0.516783451717973,"Human_Breast_Andersson_10142021_ST_A1"
"Human_Breast_Andersson_10142021_ST_A1_12x27",0.00677158049727802,0.0437724195744101,0.0120506300195687,0.010382595834085,0.015683693787941,0.131701190116096,0.151087138031,0.0476901428958183,0.580860609243803,"Human_Breast_Andersson_10142021_ST_A1"
"Human_Breast_Andersson_10142021_ST_A1_12x28",0.064842781504019,0.0912273332383551,0.0927866516170234,0.0360433488334215,0.0266322917935054,0.0139391183086294,0.0660923982618115,0.221633227081261,0.386802849361974,"Human_Breast_Andersson_10142021_ST_A1"
"Human_Breast_Andersson_10142021_ST_A1_13x12",0.0104014725605418,0.00278852673547523,0.00174871532378249,0.00632010524773119,0.00834289430448494,0.000916080697523971,0.182544856010095,0.0850758423618743,0.701861506758491,"Human_Breast_Andersson_10142021_ST_A1"
"Human_Breast_Andersson_10142021_ST_A1_13x13",0.0143471534874921,0.00919925518313291,0.00711850867201257,0.0104928860430968,0.0239780686116965,0.0017181306184962,0.12149159605579,0.115664577880961,0.695989823447322,"Human_Breast_Andersson_10142021_ST_A1"
"Human_Breast_Andersson_10142021_ST_A1_13x14",0.0367419903503412,0.0642054720749498,0.0300779203625447,0.0110460973057729,0.0154556243159072,0.0138409747463506,0.0981032190150017,0.218115679852402,0.51241302197673,"Human_Breast_Andersson_10142021_ST_A1"
"Human_Breast_Andersson_10142021_ST_A1_13x15",0.0285855944605097,0.00740158916781672,0.0105455669614606,0.0119560767275579,0.0465660892139893,0.00585102377591878,0.177579247336154,0.0831640867679031,0.62835072558869,"Human_Breast_Andersson_10142021_ST_A1"
"Human_Breast_Andersson_10142021_ST_A1_13x16",0.0407430462859092,0.0457880013856986,0.0156417812261897,0.0261696252665829,0.0262548017830322,0.0564930963886233,0.0974930973100965,0.1635995183369,0.527817032016968,"Human_Breast_Andersson_10142021_ST_A1"
"Human_Breast_Andersson_10142021_ST_A1_13x17",0.0223008931769142,0.0295683160378881,0.0131504025588275,0.0132382461758992,0.041262698881773,0.0272834567167212,0.0693614320171824,0.186457907536876,0.597376646897919,"Human_Breast_Andersson_10142021_ST_A1"
"Human_Breast_Andersson_10142021_ST_A1_13x18",0.0184884847977542,0.0272977093766121,0.0250493549753649,0.00976398694243229,0.016192051737446,0.0395194724493885,0.036998974861665,0.0499490449951186,0.776740919864218,"Human_Breast_Andersson_10142021_ST_A1"
"Human_Breast_Andersson_10142021_ST_A1_13x19",0.0233211858515884,0.00601936636579692,0.00820749349113281,0.00565578559054592,0.0539770392982334,0.00242840310988385,0.105293994777752,0.0965054209615626,0.698591310553504,"Human_Breast_Andersson_10142021_ST_A1"
"Human_Breast_Andersson_10142021_ST_A1_13x20",0.0629995430196711,0.0126651775097576,0.0119402945632107,0.0428560315683165,0.0851852023127858,0.00326867167279455,0.0940991539589494,0.129679127442627,0.557306797951887,"Human_Breast_Andersson_10142021_ST_A1"
"Human_Breast_Andersson_10142021_ST_A1_13x21",0.0222108215394092,0.0845994277417628,0.021515629144436,0.00963019961496867,0.0194949423579431,0.0387944369245934,0.0728917621087069,0.339423332395062,0.391439448173117,"Human_Breast_Andersson_10142021_ST_A1"
"Human_Breast_Andersson_10142021_ST_A1_13x22",0.0420955972118305,0.0109560143698684,0.0173670613360476,0.0347846202397622,0.0678838390333961,0.0025923798392576,0.092511443065559,0.205551192638418,0.526257852265861,"Human_Breast_Andersson_10142021_ST_A1"
"Human_Breast_Andersson_10142021_ST_A1_13x23",0.0147840076722145,0.0355101104533344,0.00397513872531414,0.0173625050321844,0.0509249827360596,0.0535854765629845,0.0813301625923671,0.0452613606403158,0.697266255585226,"Human_Breast_Andersson_10142021_ST_A1"
"Human_Breast_Andersson_10142021_ST_A1_13x24",0.0347423332137323,0.0212620159093587,0.00881413926394091,0.0238167505301856,0.054783408908525,0.00521878382870418,0.0467580739044588,0.264667287830703,0.539937206610392,"Human_Breast_Andersson_10142021_ST_A1"
"Human_Breast_Andersson_10142021_ST_A1_13x25",0.0241343646299131,0.0680660914742194,0.0206914685482809,0.0288027895432479,0.0211648354886864,0.102450899588365,0.0611960887420406,0.280761388392621,0.392732073592626,"Human_Breast_Andersson_10142021_ST_A1"
"Human_Breast_Andersson_10142021_ST_A1_13x26",0.0358760853366265,0.0152582366755939,0.0184543946967574,0.0545188274890076,0.132923577604872,0.0120280561996135,0.0844715920607284,0.0435930474519105,0.60287618248489,"Human_Breast_Andersson_10142021_ST_A1"
"Human_Breast_Andersson_10142021_ST_A1_13x27",0.0284858670204078,0.0378288010714017,0.00895015947537067,0.0446871696859663,0.0319232044927452,0.0269140214379848,0.0708067922897845,0.235810555114055,0.514593429412284,"Human_Breast_Andersson_10142021_ST_A1"
"Human_Breast_Andersson_10142021_ST_A1_13x28",0.0607446390438413,0.170819803607154,0.0211381152145711,0.0604803690663537,0.0405205063806081,0.113134649443082,0.0714980112072591,0.162439603138611,0.299224302898521,"Human_Breast_Andersson_10142021_ST_A1"
"Human_Breast_Andersson_10142021_ST_A1_14x13",0.00633060808092307,0.0211433822876614,0.0142603262041228,0.0132273418010581,0.0216974915093682,0.00285390990801106,0.128241534549139,0.307713015932607,0.484532389727109,"Human_Breast_Andersson_10142021_ST_A1"
"Human_Breast_Andersson_10142021_ST_A1_14x14",0.010168170962025,0.0131097009270249,0.0137875611208204,0.0253200364635461,0.0138969959582648,0.00248587207618993,0.0918983683704952,0.154148291388157,0.675185002733477,"Human_Breast_Andersson_10142021_ST_A1"
"Human_Breast_Andersson_10142021_ST_A1_14x15",0.0150246646611944,0.0074260624961426,0.00461134614428165,0.033112406833016,0.033349242531686,0.0124940890956937,0.111514521665463,0.303327490947592,0.479140175624931,"Human_Breast_Andersson_10142021_ST_A1"
"Human_Breast_Andersson_10142021_ST_A1_14x16",0.0731504735693933,0.034765894034431,0.03308987897627,0.0107284989758437,0.0222094864250283,0.009741170890473,0.0618685748499116,0.33696966468158,0.417476357597069,"Human_Breast_Andersson_10142021_ST_A1"
"Human_Breast_Andersson_10142021_ST_A1_14x17",0.0318238963574493,0.10155676560543,0.0697973791203252,0.0217931481927396,0.0287982507500149,0.0316298269983344,0.0438190631192156,0.0334631103326462,0.637318559523845,"Human_Breast_Andersson_10142021_ST_A1"
"Human_Breast_Andersson_10142021_ST_A1_14x18",0.0489073429656289,0.072408387451761,0.0187053418264813,0.0184070772044191,0.0844823089358847,0.0111700546550111,0.0863303556780851,0.224412367133059,0.43517676414967,"Human_Breast_Andersson_10142021_ST_A1"
"Human_Breast_Andersson_10142021_ST_A1_14x19",0.0248893105724064,0.0166266262660083,0.00809164900813015,0.00685688944229395,0.0695502099751103,0.00419196386389055,0.0648931085864803,0.236961267226862,0.567938975058818,"Human_Breast_Andersson_10142021_ST_A1"
"Human_Breast_Andersson_10142021_ST_A1_14x20",0.0490337426953415,0.0654945389526729,0.0212019308092782,0.0469047231471645,0.0852538159627253,0.010439787118487,0.0661718355363348,0.0942298173556606,0.561269808422335,"Human_Breast_Andersson_10142021_ST_A1"
"Human_Breast_Andersson_10142021_ST_A1_14x21",0.0598054146576024,0.111750046507642,0.018947068385731,0.0211093546879269,0.00834673337924055,0.0414323851644774,0.0884205200779979,0.131333511828316,0.518854965311066,"Human_Breast_Andersson_10142021_ST_A1"
"Human_Breast_Andersson_10142021_ST_A1_14x22",0.00942598923781138,0.04070737272184,0.00975447843950579,0.0108094656566348,0.0420678774171859,0.00570242753325539,0.037335594996108,0.170429730899003,0.673767063098656,"Human_Breast_Andersson_10142021_ST_A1"
"Human_Breast_Andersson_10142021_ST_A1_14x23",0.0128577307372996,0.0422224885659254,0.0108273077554724,0.0134373052025066,0.0408416176028802,0.00242429216111848,0.112171249626456,0.256529730799831,0.50868827754851,"Human_Breast_Andersson_10142021_ST_A1"
"Human_Breast_Andersson_10142021_ST_A1_14x24",0.024872221133356,0.119721840085894,0.0115807074714132,0.00442181176693962,0.0199487261194558,0.00861713281104,0.0370907558523295,0.0184521141792743,0.755294690580298,"Human_Breast_Andersson_10142021_ST_A1"
"Human_Breast_Andersson_10142021_ST_A1_14x25",0.0666191321139804,0.173855674464258,0.0325461538977045,0.0190144193033581,0.0365816365131846,0.0611951432326863,0.0515391520199773,0.102559842132374,0.456088846322477,"Human_Breast_Andersson_10142021_ST_A1"
"Human_Breast_Andersson_10142021_ST_A1_14x26",0.0349866903402979,0.0250538536944646,0.0232246987852361,0.0307866928167597,0.0810489239367337,0.0056544729147606,0.115821540914501,0.159437423843467,0.52398570275378,"Human_Breast_Andersson_10142021_ST_A1"
"Human_Breast_Andersson_10142021_ST_A1_14x27",0.0382196224836385,0.0135592876997494,0.0183715247969296,0.0226424066784093,0.0413924923490945,0.00118521449487498,0.0665713385588806,0.0183354456361029,0.77972266730232,"Human_Breast_Andersson_10142021_ST_A1"
"Human_Breast_Andersson_10142021_ST_A1_14x28",0.00705682092171966,0.0125097334922335,0.00650121850001193,0.0321182596961276,0.059762027431026,0.0109498490187096,0.175230072716867,0.138248061910273,0.557623956313032,"Human_Breast_Andersson_10142021_ST_A1"
"Human_Breast_Andersson_10142021_ST_A1_15x13",0.0152292835248146,0.0309149039902016,0.00654263159447987,0.0155522184306129,0.0327040141056165,0.0058981573788001,0.0549416913263136,0.316914504040462,0.521302595608698,"Human_Breast_Andersson_10142021_ST_A1"
"Human_Breast_Andersson_10142021_ST_A1_15x14",0.0184520043549759,0.0236066071262211,0.00517750290093854,0.00956140524702746,0.0193564333435313,0.00781704733575695,0.0696266120159217,0.326500612083647,0.51990177559198,"Human_Breast_Andersson_10142021_ST_A1"
"Human_Breast_Andersson_10142021_ST_A1_15x15",0.0147547080070107,0.0175612136205703,0.00122642212012709,0.0029404548334633,0.0124647176143569,0.0118432333904427,0.0580880693343709,0.0540029898362486,0.82711819124341,"Human_Breast_Andersson_10142021_ST_A1"
"Human_Breast_Andersson_10142021_ST_A1_15x16",0.0178203473183832,0.018161313420814,0.013648995747525,0.0290474925041765,0.0548532732293788,0.00764438348623384,0.131192142642771,0.0878348403363945,0.639797211314324,"Human_Breast_Andersson_10142021_ST_A1"
"Human_Breast_Andersson_10142021_ST_A1_15x17",0.0190946464499144,0.00820198378153905,0.015987553650811,0.0255682370224193,0.0364051561899403,0.00426852552944864,0.108697039168297,0.208613334278199,0.573163523929432,"Human_Breast_Andersson_10142021_ST_A1"
"Human_Breast_Andersson_10142021_ST_A1_15x18",0.0248362644993944,0.044458547611912,0.0112625624480501,0.0268584022108536,0.0547967380987321,0.00189327277649421,0.113165602029274,0.119034324686184,0.603694285639105,"Human_Breast_Andersson_10142021_ST_A1"
"Human_Breast_Andersson_10142021_ST_A1_15x19",0.0184544075538362,0.00705072041419548,0.0159433050391543,0.0133546423500705,0.0337619193814556,0.00521713851744399,0.0995041644803471,0.254927087123341,0.551786615140155,"Human_Breast_Andersson_10142021_ST_A1"
"Human_Breast_Andersson_10142021_ST_A1_15x20",0.00454962360661693,0.0126203975490437,0.00611423583794563,0.0130998950976328,0.0144244587068076,0.0182457938801789,0.0470337697623692,0.045202276552842,0.838709549006563,"Human_Breast_Andersson_10142021_ST_A1"
"Human_Breast_Andersson_10142021_ST_A1_15x21",0.0376700489990526,0.0145397710606047,0.012281810734273,0.0663381643599112,0.0736983768820708,0.00776677787168273,0.0635252315138884,0.0793962808826413,0.644783537695875,"Human_Breast_Andersson_10142021_ST_A1"
"Human_Breast_Andersson_10142021_ST_A1_15x22",0.0399110794966806,0.065890500714695,0.0379014434270733,0.0314848897508371,0.0303894290846201,0.00516108033848614,0.0754534045375369,0.244809455215341,0.46899871743473,"Human_Breast_Andersson_10142021_ST_A1"
"Human_Breast_Andersson_10142021_ST_A1_15x23",0.116852151864349,0.0506913354115987,0.0688384826992156,0.0235501542491358,0.016752033329716,0.0191394140028008,0.0341590365118819,0.127222169204115,0.542795222727187,"Human_Breast_Andersson_10142021_ST_A1"
"Human_Breast_Andersson_10142021_ST_A1_15x24",0.0228742592270665,0.0346430847573096,0.0202518813512414,0.0136956396457695,0.0199178941931234,0.0180324724800332,0.0857633767782391,0.337234462634427,0.447586928932791,"Human_Breast_Andersson_10142021_ST_A1"
"Human_Breast_Andersson_10142021_ST_A1_15x25",0.0247432485489765,0.121929068616201,0.0461159461572122,0.0154063066745895,0.0175799488404407,0.0330830942687945,0.0745313312058159,0.271486998369693,0.395124057318277,"Human_Breast_Andersson_10142021_ST_A1"
"Human_Breast_Andersson_10142021_ST_A1_15x26",0.0196607956881932,0.0224053946454865,0.016578818927642,0.0198422330334172,0.044535311943237,0.00707782005330131,0.10586705414309,0.162757081680571,0.601275489885062,"Human_Breast_Andersson_10142021_ST_A1"
"Human_Breast_Andersson_10142021_ST_A1_15x27",0.0119556144497585,0.0140074344100515,0.0100656083937822,0.0157414834539918,0.0582016005139576,0.00285500342561849,0.0715826376636083,0.336443586911672,0.47914703077756,"Human_Breast_Andersson_10142021_ST_A1"
"Human_Breast_Andersson_10142021_ST_A1_16x12",0.0146145721001236,0.0144514243642684,0.00476413680602055,0.0561883237162497,0.09056530103119,0.00400061216323908,0.0916965267187852,0.0533929338332854,0.670326169266838,"Human_Breast_Andersson_10142021_ST_A1"
"Human_Breast_Andersson_10142021_ST_A1_16x13",0.0215473296086501,0.0132733577304327,0.00514359720832084,0.0146633512012023,0.0487598039901011,0.00548114600600012,0.0965615220972358,0.196536472326737,0.598033419831319,"Human_Breast_Andersson_10142021_ST_A1"
"Human_Breast_Andersson_10142021_ST_A1_16x14",0.0123593923751404,0.0247589368661443,0.0105936160000414,0.00577644511765461,0.0126149329257844,0.00807853135139172,0.0894372723531909,0.298412108343279,0.537968764667374,"Human_Breast_Andersson_10142021_ST_A1"
"Human_Breast_Andersson_10142021_ST_A1_16x15",0.0194528574104614,0.042024146705735,0.0141924073054096,0.0182168222834533,0.060185094503236,0.00779682410570655,0.121650416569584,0.173858087914484,0.542623343201931,"Human_Breast_Andersson_10142021_ST_A1"
"Human_Breast_Andersson_10142021_ST_A1_16x16",0.0253954764328413,0.0222157381273341,0.0334170042522817,0.0152440466137292,0.0192958322501452,0.0209564446538985,0.0803230814242223,0.21692411596958,0.566228260275967,"Human_Breast_Andersson_10142021_ST_A1"
"Human_Breast_Andersson_10142021_ST_A1_16x17",0.0768219071858346,0.0430680025255131,0.0211253104897212,0.0100651809160644,0.0143527152600776,0.00211573811135366,0.117449385350816,0.0906282005476252,0.624373559612994,"Human_Breast_Andersson_10142021_ST_A1"
"Human_Breast_Andersson_10142021_ST_A1_16x18",0.0329237392927851,0.0482591743934154,0.0135296701231691,0.00863651884328834,0.00788904499038982,0.0143872301419965,0.0698731979161261,0.360428709662997,0.444072714635833,"Human_Breast_Andersson_10142021_ST_A1"
"Human_Breast_Andersson_10142021_ST_A1_16x19",0.0231508904375547,0.0356781883504089,0.022531238526924,0.0135925481966664,0.0426634577329998,0.00545240870743197,0.0821811045516989,0.238967820894453,0.535782342601862,"Human_Breast_Andersson_10142021_ST_A1"
"Human_Breast_Andersson_10142021_ST_A1_16x20",0.0189458449001902,0.0102872897665096,0.0175367110973834,0.0296922477321659,0.0662143011096027,0.025942217136181,0.170253486228903,0.0824956319324962,0.578632270096568,"Human_Breast_Andersson_10142021_ST_A1"
"Human_Breast_Andersson_10142021_ST_A1_16x21",0.0422622812053424,0.0276635347683409,0.0156911907191982,0.0100250414032649,0.0778348417494118,0.00611104257522842,0.0903489404242637,0.0137415973627235,0.716321529792226,"Human_Breast_Andersson_10142021_ST_A1"
"Human_Breast_Andersson_10142021_ST_A1_16x22",0.00715396979609743,0.017487165422718,0.00545557057756439,0.00720503699216902,0.0306345208512248,0.000632636393624912,0.104220269483702,0.226248889317626,0.600961941165273,"Human_Breast_Andersson_10142021_ST_A1"
"Human_Breast_Andersson_10142021_ST_A1_16x23",0.0191702459151839,0.0460735992751793,0.0285223396426453,0.0725347362366514,0.156401680655396,0.0188599981547863,0.0768521274993045,0.0419919740373117,0.539593298583542,"Human_Breast_Andersson_10142021_ST_A1"
"Human_Breast_Andersson_10142021_ST_A1_16x24",0.0253299269636259,0.122611364456635,0.0181426708422134,0.03147276266841,0.0370279927877177,0.0216983033547117,0.101927927604561,0.245069991702138,0.396719059619987,"Human_Breast_Andersson_10142021_ST_A1"
"Human_Breast_Andersson_10142021_ST_A1_16x25",0.00744363037174657,0.0430517459286184,0.0147881202734109,0.0372034740591714,0.078982821656696,0.00968307947176751,0.12641727045917,0.0966396312869386,0.585790226492481,"Human_Breast_Andersson_10142021_ST_A1"
"Human_Breast_Andersson_10142021_ST_A1_16x26",0.0083025230328838,0.0446594028367302,0.00631516720838209,0.00852679831539727,0.0163423706249414,0.00785466964144817,0.18114407821317,0.0146455982054535,0.712209391921593,"Human_Breast_Andersson_10142021_ST_A1"
"Human_Breast_Andersson_10142021_ST_A1_16x27",0.0182821915420539,0.0186848263683186,0.0100635466328387,0.0765869925690525,0.0406010976400419,0.0285382037854732,0.112537496216296,0.086938605634305,0.607767039611621,"Human_Breast_Andersson_10142021_ST_A1"
"Human_Breast_Andersson_10142021_ST_A1_17x13",0.0280906116628495,0.0763864662277843,0.0219784055010906,0.0799041357341989,0.0717008597394384,0.0392296799087535,0.0873432639416931,0.0275692424940667,0.567797334790125,"Human_Breast_Andersson_10142021_ST_A1"
"Human_Breast_Andersson_10142021_ST_A1_17x15",0.0430473469057058,0.0177218539046703,0.014240474698639,0.0507947483200216,0.021011655955987,0.0295327200959496,0.0439519554067974,0.0132063082610438,0.766492936451186,"Human_Breast_Andersson_10142021_ST_A1"
"Human_Breast_Andersson_10142021_ST_A1_17x16",0.0268109984843633,0.0214046405187562,0.0217208202602772,0.0109780624068876,0.0170923297725258,0.0063832809115669,0.094394636515387,0.424063755552667,0.377151475577569,"Human_Breast_Andersson_10142021_ST_A1"
"Human_Breast_Andersson_10142021_ST_A1_17x17",0.0577758049785028,0.0435616906995294,0.026440682936004,0.0136296360607602,0.0247100058589186,0.011043383462679,0.0942836353250461,0.229199337963177,0.499355822715383,"Human_Breast_Andersson_10142021_ST_A1"
"Human_Breast_Andersson_10142021_ST_A1_17x18",0.0447725081994155,0.0251247974048608,0.00992371395405879,0.0156191034937597,0.029343434091592,0.00399998063161225,0.0443021371862513,0.0600771941677083,0.766837130870741,"Human_Breast_Andersson_10142021_ST_A1"
"Human_Breast_Andersson_10142021_ST_A1_17x19",0.049760613329916,0.0144375746482206,0.0201162107298107,0.036646043610134,0.0329964452987047,0.0194688936350188,0.0709356587401358,0.0708832578352682,0.684755302172791,"Human_Breast_Andersson_10142021_ST_A1"
"Human_Breast_Andersson_10142021_ST_A1_17x20",0.0281264164845353,0.00666022900276247,0.00835121171344595,0.020547206371369,0.0603142700354072,0.00526644899354892,0.0890821958198187,0.0588158259694127,0.7228361956097,"Human_Breast_Andersson_10142021_ST_A1"
"Human_Breast_Andersson_10142021_ST_A1_17x21",0.0205334990463334,0.00947482758115089,0.0181370724357109,0.0271432318359982,0.0550209959442078,0.00434410659856517,0.100718604557601,0.259243583106042,0.505384078894392,"Human_Breast_Andersson_10142021_ST_A1"
"Human_Breast_Andersson_10142021_ST_A1_17x22",0.0147570717455367,0.00519340614206482,0.00323654829621737,0.0221031233617673,0.0567630371098503,0.00238499164006411,0.11999894537252,0.202306329600637,0.573256546731343,"Human_Breast_Andersson_10142021_ST_A1"
"Human_Breast_Andersson_10142021_ST_A1_17x23",0.0219238213734446,0.0499918019297225,0.0158619574532499,0.0102692612848268,0.0191864986867742,0.00619880999645923,0.178977164147085,0.0953956752554456,0.602195009872992,"Human_Breast_Andersson_10142021_ST_A1"
"Human_Breast_Andersson_10142021_ST_A1_17x24",0.131315713969182,0.0368866639504788,0.0200440414518422,0.0410234485688439,0.0260435852291563,0.0058157987556585,0.130442815701678,0.1075306021249,0.500897330248261,"Human_Breast_Andersson_10142021_ST_A1"
"Human_Breast_Andersson_10142021_ST_A1_17x25",0.00593075633323302,0.00918510829503382,0.0136745381443492,0.0101526819390893,0.0154019387518065,0.0141326197129371,0.0451000749629834,0.442629966652974,0.443792315207593,"Human_Breast_Andersson_10142021_ST_A1"
"Human_Breast_Andersson_10142021_ST_A1_17x26",0.040789141246717,0.0496858174809305,0.0118725212512937,0.0427143449655279,0.0436988906961797,0.0342386888621452,0.0867211259566327,0.0905425607345678,0.599736908806005,"Human_Breast_Andersson_10142021_ST_A1"
"Human_Breast_Andersson_10142021_ST_A1_17x27",0.0286307077233402,0.0198362495093233,0.0207918233194536,0.0187823087726451,0.0445858485503912,0.00242073000993976,0.220998575764451,0.0293899562592142,0.614563800091242,"Human_Breast_Andersson_10142021_ST_A1"
"Human_Breast_Andersson_10142021_ST_A1_18x13",0.0261986521096841,0.137087119077381,0.00944244525282546,0.00776749404363355,0.019596035159269,0.00219727156116369,0.0442917891610978,0.0594189381097626,0.694000255525183,"Human_Breast_Andersson_10142021_ST_A1"
"Human_Breast_Andersson_10142021_ST_A1_18x14",0.0208486881444067,0.0147287367180299,0.00755886212133579,0.0188918155202087,0.0336163867338032,0.00342360668743681,0.100281868465727,0.260356593094943,0.540293442514109,"Human_Breast_Andersson_10142021_ST_A1"
"Human_Breast_Andersson_10142021_ST_A1_18x15",0.00542668254704741,0.00863500567067679,0.00384330688344562,0.00107062940643552,0.000609356659902012,0.00681489124816003,0.0652197865822126,0.0419778925082084,0.866402448493912,"Human_Breast_Andersson_10142021_ST_A1"
"Human_Breast_Andersson_10142021_ST_A1_18x16",0.00629159011542365,0.00924075156602307,0.00424124075307771,0.0181204906972772,0.0202224789716784,0.00672036179549202,0.0700329634403623,0.300197502437894,0.564932620222772,"Human_Breast_Andersson_10142021_ST_A1"
"Human_Breast_Andersson_10142021_ST_A1_18x17",0.0590021401470372,0.0146001422404205,0.026607341168432,0.0356566451302901,0.0366112945529946,0.0180028838523906,0.053554454901773,0.221962463711005,0.534002634295657,"Human_Breast_Andersson_10142021_ST_A1"
"Human_Breast_Andersson_10142021_ST_A1_18x18",0.0229206286474197,0.0160902563538914,0.0123153754687789,0.0203558322768609,0.0531816945488175,0.011254404397375,0.0530138378355047,0.294683703431242,0.51618426704011,"Human_Breast_Andersson_10142021_ST_A1"
"Human_Breast_Andersson_10142021_ST_A1_18x19",0.0177734115401108,0.0380408436966503,0.00724910403623862,0.0172970760435201,0.032375758371989,0.0036899654704936,0.0547196498975637,0.0699027193440297,0.758951471599404,"Human_Breast_Andersson_10142021_ST_A1"
"Human_Breast_Andersson_10142021_ST_A1_18x21",0.0428020025320087,0.147302434429091,0.0426704358430086,0.029936100789626,0.0443689425206835,0.00991251501596726,0.0823335807110186,0.151455317364526,0.449218670794071,"Human_Breast_Andersson_10142021_ST_A1"
"Human_Breast_Andersson_10142021_ST_A1_18x22",0.016713265374318,0.0701755226976138,0.00871712505930467,0.0236899070016878,0.0582084368528668,0.00834733969730286,0.0939458987056831,0.301868488524133,0.41833401608709,"Human_Breast_Andersson_10142021_ST_A1"
"Human_Breast_Andersson_10142021_ST_A1_18x23",0.0132871342312137,0.0180119994277727,0.0035407770972835,0.00402352819803313,0.00764780743011727,0.000490940024595004,0.103608486421083,0.231601941055492,0.61778738611441,"Human_Breast_Andersson_10142021_ST_A1"
"Human_Breast_Andersson_10142021_ST_A1_18x24",0.0052091881006798,0.0139289783379161,0.00230789190505789,0.00307409040904908,0.00643662377669195,0.00365613588515768,0.0803110936340698,0.503637200174277,0.381438797777101,"Human_Breast_Andersson_10142021_ST_A1"
"Human_Breast_Andersson_10142021_ST_A1_18x25",0.0113508934693518,0.0114063085291041,0.0179942486583876,0.00893884835596474,0.0409436980065761,0.00380903241412559,0.0792812066822946,0.383753004531075,0.44252275935312,"Human_Breast_Andersson_10142021_ST_A1"
"Human_Breast_Andersson_10142021_ST_A1_18x26",0.0259709863335565,0.0134325075520065,0.00445463296215632,0.0129929478328395,0.0342014040189211,0.00481571008474509,0.0432359306158969,0.461623806522085,0.399272074077793,"Human_Breast_Andersson_10142021_ST_A1"
"Human_Breast_Andersson_10142021_ST_A1_18x27",0.0138355988041405,0.0859644969626691,0.0522400552823488,0.0184724712585226,0.0502541862166427,0.00405407346548626,0.063369928363407,0.144058251312982,0.567750938333801,"Human_Breast_Andersson_10142021_ST_A1"
"Human_Breast_Andersson_10142021_ST_A1_19x12",0.0341194856443045,0.0124331378527936,0.0020021445943626,0.0142580670306734,0.0268090332145981,0.0035363592728227,0.0307318710257389,0.0067776863179283,0.869332215046778,"Human_Breast_Andersson_10142021_ST_A1"
"Human_Breast_Andersson_10142021_ST_A1_19x13",0.0306086435086718,0.0319610729853909,0.00658679336534546,0.0212180972443991,0.0356963164536061,0.00607289525000852,0.0727375237003299,0.22271789215829,0.572400765333958,"Human_Breast_Andersson_10142021_ST_A1"
"Human_Breast_Andersson_10142021_ST_A1_19x14",0.0358634822235119,0.0556288479674366,0.00514841448138633,0.00993599501304518,0.0219317699822734,0.0039524309235267,0.107229760054701,0.204987616956909,0.55532168239721,"Human_Breast_Andersson_10142021_ST_A1"
"Human_Breast_Andersson_10142021_ST_A1_19x15",0.0169241940309013,0.0224105268040365,0.00919210635668068,0.0107571870845393,0.0465101583001527,0.00109716713170489,0.149665423945049,0.274195894012136,0.469247342334799,"Human_Breast_Andersson_10142021_ST_A1"
"Human_Breast_Andersson_10142021_ST_A1_19x16",0.0132061878042541,0.0195017161250952,0.00771517569009945,0.00953726223736376,0.00531349773090107,0.00676803791881264,0.0462644451472422,0.0603393067694568,0.831354370576775,"Human_Breast_Andersson_10142021_ST_A1"
"Human_Breast_Andersson_10142021_ST_A1_19x17",0.0357582600598562,0.144661180832075,0.0534568519095985,0.00405775479303639,0.00479024039632137,0.0173791201372087,0.0522834122483047,0.00976023795233811,0.677852941671261,"Human_Breast_Andersson_10142021_ST_A1"
"Human_Breast_Andersson_10142021_ST_A1_19x18",0.0160554298523004,0.00734484906385511,0.00450524400803773,0.0122356912563264,0.042129918889755,0.00239784607440266,0.137013715591078,0.184124527372339,0.594192777891905,"Human_Breast_Andersson_10142021_ST_A1"
"Human_Breast_Andersson_10142021_ST_A1_19x19",0.00871708844720065,0.00987230139518928,0.0164009829800252,0.00939750915359775,0.0293178724273371,0.00236353734246097,0.0768117489570285,0.23755169309093,0.609567266206231,"Human_Breast_Andersson_10142021_ST_A1"
"Human_Breast_Andersson_10142021_ST_A1_19x20",0.0172803041263465,0.0272418221626366,0.0132900384944341,0.0328118096166957,0.0975245567619158,0.00436933674393284,0.0946875669405456,0.153939535219595,0.558855029933898,"Human_Breast_Andersson_10142021_ST_A1"
"Human_Breast_Andersson_10142021_ST_A1_19x21",0.0208213408712504,0.0087691346075787,0.0105974582077305,0.0332442161019831,0.066397445197397,0.0046422945818785,0.0926277130830791,0.179051153020236,0.583849244328866,"Human_Breast_Andersson_10142021_ST_A1"
"Human_Breast_Andersson_10142021_ST_A1_19x22",0.0281498121768302,0.0832928212518486,0.007527818935412,0.0253029528178531,0.0166294272566003,0.00802761111663961,0.103997480521481,0.113619328127405,0.613452747795931,"Human_Breast_Andersson_10142021_ST_A1"
"Human_Breast_Andersson_10142021_ST_A1_19x23",0.00836819763961061,0.00637700325159781,0.00455378320137482,0.00376005152978471,0.00843290724914371,0.00533170888363967,0.104890078335419,0.289415435424649,0.56887083448478,"Human_Breast_Andersson_10142021_ST_A1"
"Human_Breast_Andersson_10142021_ST_A1_19x24",0.0231639237266574,0.00958166810246995,0.049197887675093,0.00134540644762681,0.00243180521452504,0.0011945155346654,0.0357363111209601,0.417505390886031,0.459843091291972,"Human_Breast_Andersson_10142021_ST_A1"
"Human_Breast_Andersson_10142021_ST_A1_19x25",0.0268090340496714,0.0159776901829246,0.00968872515543912,0.0292367334715794,0.0419948327732085,0.0252790733190842,0.0671010059422908,0.0597823256704751,0.724130579435327,"Human_Breast_Andersson_10142021_ST_A1"
"Human_Breast_Andersson_10142021_ST_A1_19x26",0.0188006498968428,0.0259938788501409,0.0171960484876788,0.0335404337927153,0.126035372340996,0.0163841313918648,0.0599742390866248,0.33475523212658,0.367320014026557,"Human_Breast_Andersson_10142021_ST_A1"
"Human_Breast_Andersson_10142021_ST_A1_19x27",0.0419151074205886,0.0506968962246699,0.0461252393940092,0.0924366785215453,0.0694655158238615,0.0288471937803111,0.0430762750815482,0.199842752330486,0.42759434142298,"Human_Breast_Andersson_10142021_ST_A1"
