"","Endothelial","CAFs","PVL","B-cells","T-cells","Myeloid","Normal Epithelial","Plasmablasts","Cancer Epithelial","sid"
"GSE210616_GSM6433604_AAACCGTTCGTCCAGG-1",0.0116903718754613,0.0163401082503474,0.00472845602114111,0.68379664506931,0.0428720404295467,0.0170250346111294,0.127552872427964,0.0355897784111066,0.0604046929039936,"GSE210616_GSM6433604"
"GSE210616_GSM6433604_AAACGAGACGGTTGAT-1",0.114287456531226,0.193610985442888,0.037554360910006,0.209850475713572,0.0286735505085676,0.113963460091311,0.192750938619387,0.0449260046387707,0.0643827675442715,"GSE210616_GSM6433604"
"GSE210616_GSM6433604_AAACTGCTGGCTCCAA-1",0.144892656863412,0.242486963928407,0.29313181116668,0.0903049213617989,0.0143663264348385,0.0981237725392041,0.066007138109825,0.0179477810790227,0.0327386285168113,"GSE210616_GSM6433604"
"GSE210616_GSM6433604_AAAGGCTCTCGCGCCG-1",0.0203893445701292,0.275827699338788,0.0588682347621439,0.0513530710902791,0.00345789506436227,0.079771779973291,0.145036493414141,0.333902990993435,0.0313924907934303,"GSE210616_GSM6433604"
"GSE210616_GSM6433604_AAAGGGATGTAGCAAG-1",0.0268411279407449,0.0918581313137827,0.0262132302873793,0.403328206122656,0.0541192937364568,0.111703155726706,0.205486417744049,0.0507296544892315,0.0297207826389933,"GSE210616_GSM6433604"
"GSE210616_GSM6433604_AAAGGGCAGCTTGAAT-1",0.0273422176367542,0.0592776107895248,0.00499049135077399,0.3814592287441,0.0448093935269846,0.062192721303559,0.273921840438391,0.0790331650519612,0.0669733311579514,"GSE210616_GSM6433604"
"GSE210616_GSM6433604_AAATACCTATAAGCAT-1",0.0253842971821167,0.123688495039318,0.00752245502280082,0.172604788411532,0.052348354545167,0.225011438285371,0.196621835854575,0.0935226389929247,0.103295696666194,"GSE210616_GSM6433604"
"GSE210616_GSM6433604_AAATAGGGTGCTATTG-1",0.0806394549511656,0.0792339549464449,0.0271494032867794,0.390525820354031,0.0546647673513431,0.0586074600284248,0.175680782337373,0.0666187771930575,0.0668795795513798,"GSE210616_GSM6433604"
"GSE210616_GSM6433604_AAATCGTGTACCACAA-1",0.0347908517187849,0.131284846597349,0.0656258302629644,0.234180213662098,0.0341568851191742,0.169548546195851,0.224311931690813,0.0602152192038654,0.0458856755491004,"GSE210616_GSM6433604"
"GSE210616_GSM6433604_AAATGGTCAATGTGCC-1",0.133945584248546,0.262657410001268,0.129092142599468,0.0798765252927692,0.0182387673090431,0.177047968207075,0.0891096739077022,0.0817914902459823,0.0282404381881447,"GSE210616_GSM6433604"
"GSE210616_GSM6433604_AAATTAACGGGTAGCT-1",0.0651394934310663,0.11162883487821,0.0127099444209533,0.174613629871565,0.0397252712743637,0.110610192371117,0.310542084053758,0.113797066618291,0.0612334830806762,"GSE210616_GSM6433604"
"GSE210616_GSM6433604_AACAACTGGTAGTTGC-1",0.0242096610880868,0.0597665585817227,0.0170151138204531,0.616864286874421,0.05226065314853,0.0527204414231657,0.104222937229254,5.34327391599313e-05,0.0728869150952068,"GSE210616_GSM6433604"
"GSE210616_GSM6433604_AACAATTACTCTACGC-1",0.0636398997149024,0.0748687122167694,0.0593279753310336,0.176916189291318,0.031982058725321,0.0964079311913227,0.206825018798301,0.185211635554044,0.104820579176988,"GSE210616_GSM6433604"
"GSE210616_GSM6433604_AACAGGATGGGCCGCG-1",0.056071919461997,0.0497826920907278,0.00474348359267742,0.410590365111799,0.051879857005664,0.051216579710579,0.25111314798628,0.0688050435343332,0.0557969115059429,"GSE210616_GSM6433604"
"GSE210616_GSM6433604_AACCCAGAGACGGAGA-1",0.0820451274557184,0.120929582990648,0.0199073782905215,0.255100556545423,0.0391520175977884,0.0833824561282787,0.166960634820657,0.134566072925643,0.0979561732453222,"GSE210616_GSM6433604"
"GSE210616_GSM6433604_AACCGAGCTTGGTCAT-1",0.0591885139414233,0.135044815929256,0.0216229773237679,0.285632275977918,0.0541000211189883,0.150102839423827,0.138079517375673,0.0830160151172373,0.073213023791909,"GSE210616_GSM6433604"
"GSE210616_GSM6433604_AACCTTTAAATACGGT-1",0.0237265765862814,0.315129480774042,0.0931843386541467,0.378449423640421,0.05981866076994,0.0112436464697569,0.0799628931581248,0.00816853213958928,0.0303164478076975,"GSE210616_GSM6433604"
"GSE210616_GSM6433604_AACGATAATGCCGTAG-1",0.026453440687137,0.0395800512206555,0.00518262265092507,0.175317235463274,0.0438518480178653,0.0600986419680495,0.314709016372546,0.263608369524906,0.0711987740946417,"GSE210616_GSM6433604"
"GSE210616_GSM6433604_AACGATAGAAGGGCCG-1",0.0225785647463657,0.0998045644618523,0.0505205901268955,0.338374623684624,0.0750411449162247,0.0651643869105151,0.230416636604853,0.0187611896309503,0.0993382989177187,"GSE210616_GSM6433604"
"GSE210616_GSM6433604_AACGCGGTCTCCAGCC-1",0.055453503629107,0.137114000085101,0.0532847543296445,0.135066527905177,0.027970282790038,0.199635057696908,0.145620853243425,0.199436340789702,0.0464186795308977,"GSE210616_GSM6433604"
"GSE210616_GSM6433604_AACGGCCATCTCCGGT-1",0.0430791573318947,0.0603207614924855,0.0148393005978064,0.501070544865083,0.0274908896350333,0.132259313499866,0.121284645627821,0.00672331387050407,0.0929320730795057,"GSE210616_GSM6433604"
"GSE210616_GSM6433604_AACGTACTGTGGGTAC-1",0.115651776947787,0.293465561873734,0.0538926307074109,0.0204758578133316,0.00490559092851808,0.109421073280556,0.14400683891367,0.249319849099125,0.00886082043586733,"GSE210616_GSM6433604"
"GSE210616_GSM6433604_AACGTCAGACTAGTGG-1",0.0584688669467805,0.0960850707048218,0.0269069144589059,0.360584656916657,0.0475721518845711,0.0824854508263139,0.224224937893098,0.0746510415781227,0.0290209087907286,"GSE210616_GSM6433604"
"GSE210616_GSM6433604_AACGTGCGAAAGTCTC-1",0.10560054386537,0.267705213960664,0.269404369851795,0.0072517440955695,0.00136490860576306,0.155594760555036,0.0489964143351122,0.112165956477325,0.0319160882533645,"GSE210616_GSM6433604"
"GSE210616_GSM6433604_AACTAGGCTTGGGTGT-1",0.073951848272541,0.438783442838335,0.211222387396615,0.00490683123424885,0.000765366720550714,0.259697359697132,0.00722978618302952,0.00106453077037329,0.00237844688717365,"GSE210616_GSM6433604"
"GSE210616_GSM6433604_AACTCAAGTTAATTGC-1",0.0245405172273504,0.0651724567732289,0.0031320428275185,0.178111730055759,0.0613115265947836,0.0735140891803502,0.505055786797247,0.0331883315827641,0.055973518960998,"GSE210616_GSM6433604"
"GSE210616_GSM6433604_AACTTGCCCGTATGCA-1",0.104673036017065,0.109159868845802,0.0862701099297634,0.140552448887458,0.0732576844320494,0.0776886671496827,0.216276607749588,0.101807205286175,0.0903143717024162,"GSE210616_GSM6433604"
"GSE210616_GSM6433604_AAGACTGCAAGCTACT-1",0.055158344953933,0.0831426255020291,0.00998205350075686,0.200340207013321,0.0333649494852549,0.0839670480729124,0.294163385456441,0.113403840263691,0.12647754575166,"GSE210616_GSM6433604"
"GSE210616_GSM6433604_AAGAGATGAATCGGTA-1",0.0663334661533464,0.0715206774369079,0.0154392779951597,0.24160476139547,0.0609958207438243,0.0339133807420711,0.306138978815814,0.14772954760503,0.0563240891123765,"GSE210616_GSM6433604"
"GSE210616_GSM6433604_AAGAGCTCTTTATCGG-1",0.0982490752283689,0.176016992172724,0.0636083651988847,0.142339463535724,0.0190362920141602,0.17552911965869,0.171434485380664,0.0976023556075052,0.0561838512032795,"GSE210616_GSM6433604"
"GSE210616_GSM6433604_AAGAGGATGTACGCGA-1",0.013032865722145,0.0436711671333522,0.0086884402640073,0.400126464948771,0.0461153878332517,0.0104300816519951,0.144736869111406,0.258734095040549,0.0744646282945225,"GSE210616_GSM6433604"
"GSE210616_GSM6433604_AAGAGGCATGGATCGC-1",0.0532975954191708,0.158957550988776,0.0349005124228131,0.340114356304974,0.0493727028781404,0.054761542579816,0.147420052183136,0.11946577457134,0.0417099126518328,"GSE210616_GSM6433604"
"GSE210616_GSM6433604_AAGCATACTCTCCTGA-1",0.0364520827539132,0.27949568123335,0.1306638209949,0.321569007558415,0.0623052308085339,0.0137149504051832,0.102881093172198,0.0287199304262885,0.0241982026472177,"GSE210616_GSM6433604"
"GSE210616_GSM6433604_AAGCTAGATCGAGTAA-1",0.453294884875529,0.120969803366942,0.0482488794701973,0.186629169944717,0.0132739378305423,0.0942636391395076,0.0642093797972448,0.0105909855592403,0.00851932001608024,"GSE210616_GSM6433604"
"GSE210616_GSM6433604_AAGCTCGTGCCAAGTC-1",0.0334595578723596,0.0717287707857955,0.013171904996866,0.121353790540065,0.0357307232800128,0.0586172257742506,0.210268131196151,0.362407215890339,0.0932626796641599,"GSE210616_GSM6433604"
"GSE210616_GSM6433604_AAGGAGCGGTTGGTGC-1",0.0403591410570551,0.101845287548537,0.00874272261640207,0.280256112487306,0.0390341682541408,0.0629958073383984,0.347053281743572,0.0697593403679881,0.0499541385866005,"GSE210616_GSM6433604"
"GSE210616_GSM6433604_AAGGCGCGTAAAGCTT-1",0.0249943464226759,0.077753597553185,0.00124748698743732,0.172413649991454,0.0118940456931947,0.232427267267563,0.369423504041371,0.0566327027918578,0.0532133992512609,"GSE210616_GSM6433604"
"GSE210616_GSM6433604_AAGGCTGTGCTCATCG-1",0.0542128225956797,0.0962417890383446,0.00563334185476812,0.109457252476875,0.0151480733570646,0.185860086715177,0.455708219324887,0.0158370179827138,0.0619013966544906,"GSE210616_GSM6433604"
"GSE210616_GSM6433604_AAGTAGAAGACCGGGT-1",0.136422718906306,0.209224019267792,0.00311539806807855,0.142288304931163,0.0285678740072681,0.0973769533999446,0.0412136453290391,0.174374624211599,0.167416461878809,"GSE210616_GSM6433604"
"GSE210616_GSM6433604_AAGTAGTGACGCGAGG-1",0.0306935717508349,0.0149435325107673,0.00103963674044909,0.263348278771337,0.0294248078411252,0.00855846335556562,0.328894006681662,0.30607078319131,0.017026919156949,"GSE210616_GSM6433604"
"GSE210616_GSM6433604_AAGTGTTTGGAGACGG-1",0.0535412245185571,0.0978898810763299,0.0458599006940587,0.51053914878135,0.0614334617629865,0.0369756503018623,0.1031323473732,0.00378304676653865,0.086845338725117,"GSE210616_GSM6433604"
"GSE210616_GSM6433604_AATAACAACGCTCGGC-1",0.0353171851379182,0.0217270138119573,0.000693115051686865,0.375830143774035,0.0609822912176876,0.0078580124888151,0.327053134746398,0.146877938482709,0.0236611652887925,"GSE210616_GSM6433604"
"GSE210616_GSM6433604_AATACAATGTTTCAGG-1",0.0375602318181351,0.038598454866192,0.00246541520485184,0.195216400525593,0.0331425000177116,0.0228400785580701,0.414874790613125,0.192934568585633,0.062367559810688,"GSE210616_GSM6433604"
"GSE210616_GSM6433604_AATAGTCCGTCCCGAC-1",0.02552926369487,0.0124645210914585,0.00316635299906556,0.60484448701649,0.0342620851729744,0.0373112554004031,0.210171173029949,0.0126809986957816,0.0595698628990076,"GSE210616_GSM6433604"
"GSE210616_GSM6433604_AATCCAAGGGCCTGAG-1",0.106225493611553,0.11882626108656,0.028176361056099,0.261228765520854,0.0528735938162499,0.0528888176785315,0.252038297359387,0.0394665638419557,0.0882758460288103,"GSE210616_GSM6433604"
"GSE210616_GSM6433604_AATCGCCTCAGCGCCA-1",0.0289314717386997,0.160920562873622,0.0386428670321582,0.405427901942283,0.0423322056564842,0.0999090515250554,0.166882540472839,0.014937130889821,0.0420162678690374,"GSE210616_GSM6433604"
"GSE210616_GSM6433604_AATGACGTAGGATGTC-1",0.0209927179778254,0.060435909720477,0.0359997969027422,0.534529581510079,0.065301422108144,0.0180544218465118,0.137821567191029,0.0723993928097716,0.0544651899334199,"GSE210616_GSM6433604"
"GSE210616_GSM6433604_AATGACTGTCAGCCGG-1",0.0493376914529051,0.122143826066191,0.0104395540796142,0.169674987742722,0.0100268886267715,0.170654099269622,0.23148603474386,0.196545285473065,0.0396916325452493,"GSE210616_GSM6433604"
"GSE210616_GSM6433604_AATGCAACCGGGTACC-1",0.0259273978197757,0.0458399834334206,0.0037445053218823,0.39948047377664,0.0518989979770872,0.0247576692332088,0.253495830313097,0.152606018731295,0.0422491233935936,"GSE210616_GSM6433604"
"GSE210616_GSM6433604_AATGGTTCTCACAAGC-1",0.0357363516212902,0.107375657954109,0.012448235368264,0.0996407539651956,0.0597318298828622,0.231884499093347,0.258183293178352,0.0275627459533481,0.167436632983231,"GSE210616_GSM6433604"
"GSE210616_GSM6433604_AATTAAAGGTCGGCGT-1",0.10134575442876,0.184552996724283,0.0455140931530697,0.054606055907611,0.00461348334975379,0.212498921130056,0.242975492389535,0.125698183511648,0.028195019405284,"GSE210616_GSM6433604"
"GSE210616_GSM6433604_AATTAACGGATTTCCA-1",0.0295673102588771,0.0226030937279833,0.0042126544602099,0.394033000968758,0.0354559639078432,0.0969727557198251,0.261604401843715,0.114184237522359,0.0413665815904296,"GSE210616_GSM6433604"
"GSE210616_GSM6433604_AATTAGCGCTGCAGCG-1",0.0545806546840638,0.199775891669493,0.101998713987041,0.0518443367525733,0.0130849585184003,0.0883545717371651,0.179931393553582,0.264523637386819,0.0459058417108625,"GSE210616_GSM6433604"
"GSE210616_GSM6433604_AATTCTAGAGTTAGGC-1",0.0714686176884634,0.224218202261388,0.0105028737003844,0.127918414640221,0.0357615628818035,0.104513651114459,0.250684220840036,0.122434189696965,0.0524982671762791,"GSE210616_GSM6433604"
"GSE210616_GSM6433604_AATTGAACGCTCTGGT-1",0.0416073392935698,0.0486202661753281,0.00895487383058409,0.262907988645651,0.03675496707397,0.0526726826461854,0.27023158440172,0.193336125798198,0.0849141721347939,"GSE210616_GSM6433604"
"GSE210616_GSM6433604_ACAAATCGCACCGAAT-1",0.0678468380245156,0.0451870820304523,0.0370076596193416,0.512805428609396,0.0798666126842842,0.0126768402735726,0.109151191589283,0.069676539691345,0.0657818074778098,"GSE210616_GSM6433604"
"GSE210616_GSM6433604_ACAAATGGTAGTGTTT-1",0.0492511172367941,0.0703270014684141,0.00411991006666473,0.101516378634717,0.038338401589051,0.0652229815526365,0.402724126334848,0.187263333223731,0.0812367498931435,"GSE210616_GSM6433604"
"GSE210616_GSM6433604_ACAACAGCATGAGCTA-1",0.0639586915839794,0.0498638235873842,0.00266960377420409,0.141916471520105,0.0446199230774343,0.0480019632499442,0.383145366143625,0.195385590113511,0.0704385669498137,"GSE210616_GSM6433604"
"GSE210616_GSM6433604_ACAACGGTCCCTGCGA-1",0.0194504610129537,0.074250466798184,0.00431797035329312,0.438489067872052,0.0460827062594202,0.0434433057537891,0.159547987710822,0.121328741341961,0.0930892928975242,"GSE210616_GSM6433604"
"GSE210616_GSM6433604_ACAAGCAGTGCCTAGC-1",0.0577573181560513,0.0580980065004365,0.0144847525338832,0.348358384346509,0.0477482569952586,0.0257418525639758,0.224472850579596,0.145244099913409,0.0780944784108816,"GSE210616_GSM6433604"
"GSE210616_GSM6433604_ACAAGGAAATCCGCCC-1",0.0536152212816576,0.114586427690498,0.0656893282115332,0.474195054323411,0.0578637834040631,0.0145879415260344,0.0834110564070429,0.0841505454240519,0.0519006417317077,"GSE210616_GSM6433604"
"GSE210616_GSM6433604_ACAAGGACAAGAGGTT-1",0.0118416593201231,0.0294036952012663,0.00106196899689622,0.367614729779845,0.0394939722370839,0.0713195393161158,0.284928546409767,0.135949233462205,0.0583866552766972,"GSE210616_GSM6433604"
"GSE210616_GSM6433604_ACAAGGGCAGGCTCTG-1",0.107730041260247,0.28309629337041,0.0910397357093429,0.0414383617424831,0.005672677994848,0.291830465754494,0.0860316646178126,0.0559362127512172,0.0372245467991459,"GSE210616_GSM6433604"
"GSE210616_GSM6433604_ACAATCCATTTAAACC-1",0.0194536929439188,0.0468804613546059,0.00337646544357252,0.381085869074655,0.057818971721316,0.0547490671923855,0.28872542441876,0.0734504911410183,0.0744595567097677,"GSE210616_GSM6433604"
"GSE210616_GSM6433604_ACACAAAGACGGGTGG-1",0.0346851822405564,0.111782117513102,0.0282505909650112,0.204879953099737,0.0158116095786931,0.185973528826193,0.23621655358301,0.113720928918291,0.0686795352754071,"GSE210616_GSM6433604"
"GSE210616_GSM6433604_ACACCCAGCATGCAGC-1",0.041382882959958,0.0453484356277232,0.00992719353863244,0.460945125658741,0.0328299344073378,0.0349381867041054,0.226185765804348,0.110174286366855,0.0382681889322989,"GSE210616_GSM6433604"
"GSE210616_GSM6433604_ACACCCGAGAAATCCG-1",0.0286042988803454,0.0395855786848751,0.0152887146998121,0.620498578697252,0.04683267448315,0.0050556136544907,0.192291736783999,0.0151360251928576,0.0367067789232182,"GSE210616_GSM6433604"
"GSE210616_GSM6433604_ACACCTTAAGTAGGGC-1",0.0732139136516912,0.118763317022341,0.0727748393057955,0.375745734104206,0.0409357231560442,0.0882326608238135,0.193959681917615,0.0009252685747744,0.0354488614437193,"GSE210616_GSM6433604"
"GSE210616_GSM6433604_ACACGAGACTCCTTCT-1",0.0377415842974211,0.0329443872290331,0.0132480639828129,0.267729433310468,0.0624236168542586,0.0173334530859159,0.317011462005615,0.205051020490228,0.0465169787442472,"GSE210616_GSM6433604"
"GSE210616_GSM6433604_ACACGGGAACTTAGGG-1",0.0550684524334314,0.10054871374878,0.134132954688715,0.21983114319444,0.0170416081234696,0.0794486059547154,0.183781618891824,0.16172483198795,0.0484220709766747,"GSE210616_GSM6433604"
"GSE210616_GSM6433604_ACACTGATCAAGGTGT-1",0.0361093202098796,0.227196639575947,0.0397054805903278,3.76022664966817e-05,7.96279558923429e-05,0.36487497991699,0.232511477631753,0.0731094264436671,0.0263754454090465,"GSE210616_GSM6433604"
"GSE210616_GSM6433604_ACAGGCTTGCCCGACT-1",0.029481574025262,0.0351048320841988,0.00530122319374442,0.488306593415992,0.110267119594962,0.0393484372877947,0.233718410834269,0.00310888026157406,0.0553629293022035,"GSE210616_GSM6433604"
"GSE210616_GSM6433604_ACATAATAAGGCGGTG-1",0.0255785591015504,0.165698991283008,0.0211000949900086,0.383858282160416,0.0426320230123852,0.0644089541479187,0.231106357448406,0.0167359154640112,0.0488808223922954,"GSE210616_GSM6433604"
"GSE210616_GSM6433604_ACATCCCGGCCATACG-1",0.0255123034732151,0.0478358556036075,0.0211262080688248,0.583925989863573,0.0127524720216227,0.127527233874618,0.106519037436931,0.00255064294906411,0.0722502567085439,"GSE210616_GSM6433604"
"GSE210616_GSM6433604_ACATCGATCGTTTACC-1",0.0990199179203024,0.200798493594539,0.103812331695735,0.138871223256658,0.0578648265362244,0.0839705428158374,0.161328617730625,0.115322082581947,0.0390119638681319,"GSE210616_GSM6433604"
"GSE210616_GSM6433604_ACATCGGTCAGCCGCG-1",0.0778092342204798,0.171618621131282,0.00590526354904362,0.000376915045241833,0.000237148344786096,0.155624331452001,0.431773157301585,0.114902381922194,0.041752947033388,"GSE210616_GSM6433604"
"GSE210616_GSM6433604_ACATCGTATGCAATGG-1",0.0328403900834152,0.0576849761697104,0.0101642677089573,0.119557988833123,0.0388386504265759,0.0795232365392219,0.239906218216675,0.32201035632417,0.0994739156981504,"GSE210616_GSM6433604"
"GSE210616_GSM6433604_ACATTAGTTTATATCC-1",0.0191058542131234,0.161742700902845,0.0125173483176008,0.128282553812738,0.0191406675225358,0.213281035048903,0.265553567421036,0.122310597393463,0.0580656753677556,"GSE210616_GSM6433604"
"GSE210616_GSM6433604_ACCAACGCTTATTTAT-1",0.0125516664664035,0.214289813092812,0.0211785446243734,0.00780786500653776,0.00100408542035438,0.458662302023689,0.251468225570515,0.00358644971621447,0.0294510480791009,"GSE210616_GSM6433604"
"GSE210616_GSM6433604_ACCAAGAACGCGTGTC-1",0.0566469629491152,0.0593007948759709,0.00405447903025996,0.480875335988276,0.0488997971803801,0.0231108756643969,0.198618352840847,0.0757712361808167,0.052722165289937,"GSE210616_GSM6433604"
"GSE210616_GSM6433604_ACCACAAGTTTCTATC-1",0.048048079765401,0.059525024707715,0.0082771882324459,0.168752551979342,0.038937867177066,0.0885592200388174,0.371917501900715,0.158291096605933,0.0576914695925646,"GSE210616_GSM6433604"
"GSE210616_GSM6433604_ACCACGTGCAGCTATA-1",0.0630248723476052,0.121863044811508,0.0276994816072637,0.410393037656497,0.0848384424156746,0.0370708553609424,0.149184092861737,0.0415410321037332,0.0643851408350396,"GSE210616_GSM6433604"
"GSE210616_GSM6433604_ACCATATCCGCAATAA-1",0.0278518544021388,0.0959554070368669,0.00644859336345068,0.100526530364796,0.0537682960356138,0.100661145962198,0.408088111365654,0.167238127170509,0.0394619342987724,"GSE210616_GSM6433604"
"GSE210616_GSM6433604_ACCATCGTATATGGTA-1",0.0866251578656627,0.399033672132905,0.00861125206552698,0.0223235133021114,0.0012360455819995,0.277088566121648,0.18364387617951,2.841874206249e-05,0.0214094980085735,"GSE210616_GSM6433604"
"GSE210616_GSM6433604_ACCCACCTACATGCTC-1",0.0547238406762034,0.111109465373273,0.0567787661990624,0.0953778962532416,0.0282717005081012,0.12519534840713,0.264230356794035,0.223369303784929,0.0409433220040243,"GSE210616_GSM6433604"
"GSE210616_GSM6433604_ACCCATCTTGAGGGTA-1",0.0492459595287702,0.0756292754710202,0.0223944440859133,0.146293544499163,0.0208757052324766,0.109027038233529,0.330782230000771,0.226905961934009,0.0188458410143477,"GSE210616_GSM6433604"
"GSE210616_GSM6433604_ACCCGGAAACTCCCAG-1",0.0233356134314492,0.0211862282414277,0.00249178349426833,0.323933591564876,0.0327401137507765,0.0370569478897761,0.376146209908759,0.153338328623775,0.0297711830948916,"GSE210616_GSM6433604"
"GSE210616_GSM6433604_ACCCGGTTACACTTCC-1",0.0381343791277972,0.296477698754676,0.0275799936131589,0.0288093847625596,0.00294358563129985,0.255348847946206,0.337996554848555,8.71161335303925e-06,0.0127008437023946,"GSE210616_GSM6433604"
"GSE210616_GSM6433604_ACCCGTGTCATCAGTA-1",0.0152364544758281,0.0699634539486298,0.0070802098067641,0.391838774089327,0.0377131180264159,0.0705144807815359,0.249766200801945,0.0471244427519994,0.110762865317554,"GSE210616_GSM6433604"
"GSE210616_GSM6433604_ACCGACTGAGTCCCAC-1",0.0419177984996869,0.0564705761473485,0.0144520201702153,0.308904609656988,0.0700865701640812,0.0348105493870464,0.229072456271478,0.164591280603203,0.079694139099953,"GSE210616_GSM6433604"
"GSE210616_GSM6433604_ACCGCAATAACTGCCT-1",0.028831786005644,0.0467093434208334,0.00946919063469832,0.285473767401801,0.0616679873623004,0.0361575348723631,0.180334975368197,0.264941589596514,0.0864138253376495,"GSE210616_GSM6433604"
"GSE210616_GSM6433604_ACCTAATCGACTTCCT-1",0.0246777811806074,0.0731743309138878,0.0062606370575049,0.24149242323487,0.0486707646482639,0.0346924194347403,0.33230779239328,0.1655705181204,0.0731533330164454,"GSE210616_GSM6433604"
"GSE210616_GSM6433604_ACGAAATGGGCGGCAC-1",0.0183861471452081,0.0382301221176962,0.0144937799714354,0.428558646296656,0.0746896574746075,0.0154420034943696,0.203731875262287,0.153229885982722,0.053237882255018,"GSE210616_GSM6433604"
"GSE210616_GSM6433604_ACGATCATACATAGAG-1",0.0233723166086614,0.051010917029403,0.0152786864634785,0.444527238414424,0.0549839221105129,0.0435688315433807,0.213736406072055,0.0861438843561554,0.0673777974019286,"GSE210616_GSM6433604"
"GSE210616_GSM6433604_ACGATGCATATGTTAT-1",0.0424552923722396,0.0411184912328,0.0105651047390993,0.32373734518916,0.074087167580449,0.0894000973487842,0.401468899607007,0.000556119288167528,0.0166114826422937,"GSE210616_GSM6433604"
"GSE210616_GSM6433604_ACGCATTCGTGAGTAC-1",0.0877681415948631,0.175134759475893,0.0449884892279304,0.235977095372775,0.0417059635086027,0.134925784512396,0.151559708132772,0.0427188410846353,0.0852212170901328,"GSE210616_GSM6433604"
"GSE210616_GSM6433604_ACGCCGCTAGACGACC-1",0.0334276778576695,0.301555831026555,0.0788717758288171,0.254850230077434,0.0228082605275289,0.142305008797147,0.116669806348144,0.0133757497031816,0.0361356598335224,"GSE210616_GSM6433604"
"GSE210616_GSM6433604_ACGCGAAGTCAGACGA-1",0.0181855088774079,0.252106545060243,0.00553947065373327,0.258310982801692,0.031282757680785,0.207777831225312,0.13420858735922,0.0132280296536511,0.0793602866879556,"GSE210616_GSM6433604"
"GSE210616_GSM6433604_ACGCGCTACACAGGGT-1",0.0282120370531783,0.0804965589612442,0.00271495594931123,0.232565465771387,0.0372667488603148,0.18076089038936,0.376384921198356,6.98526285090967e-05,0.0615285691883385,"GSE210616_GSM6433604"
"GSE210616_GSM6433604_ACGCGGGCCAAGGACA-1",0.0329712924371902,0.0486084861848064,0.0116777191403798,0.536607195740158,0.051493151591031,0.0151624200776156,0.156219773982171,0.105756371491376,0.0415035893552715,"GSE210616_GSM6433604"
"GSE210616_GSM6433604_ACGGCACTTGCTTGGG-1",0.14409999986925,0.281088074908221,0.223095830388075,0.218112390733071,0.00595251176828725,0.079911301961619,0.0327642047096078,0.00669997973859766,0.00827570592327167,"GSE210616_GSM6433604"
"GSE210616_GSM6433604_ACGGCCAACATGGACT-1",0.000774561361586274,0.50599024401241,0.00100667727614376,0.00603432388449151,0.000163283816748656,0.234925485149962,0.01086009626325,0.229543921834326,0.010701406401082,"GSE210616_GSM6433604"
"GSE210616_GSM6433604_ACGGCGACGATGGGAA-1",0.0207509717044558,0.062348187823334,0.00741959598309306,0.0744610101829389,0.0331638954843065,0.0846325481992865,0.310510069904433,0.327732131400943,0.078981589317209,"GSE210616_GSM6433604"
"GSE210616_GSM6433604_ACGTAGATTGCTGATG-1",0.0363582842506986,0.0622888334334622,0.010929596658021,0.163301660740242,0.0389320237511743,0.0852284183231966,0.36146069277215,0.142268817187992,0.0992316728830643,"GSE210616_GSM6433604"
"GSE210616_GSM6433604_ACGTGCGCCTCGTGCA-1",0.0529750998580645,0.218511406003118,0.0732653810045351,0.34235340940663,0.0271118050085607,0.11362573973991,0.108371627980677,0.0192168340664397,0.044568696932064,"GSE210616_GSM6433604"
"GSE210616_GSM6433604_ACGTTAATGTCGAAGA-1",0.0665991144504884,0.172127832922217,0.0854634525742217,0.171696464092073,0.0535402601046372,0.125404264422589,0.214450396046465,0.0399385224512632,0.0707796929360468,"GSE210616_GSM6433604"
"GSE210616_GSM6433604_ACGTTAGATTTGCCCG-1",0.0535030937267726,0.0567991900179341,0.00706790763006708,0.39312708791021,0.0385853836728897,0.0311906252658632,0.286327949771839,0.112593839556114,0.0208049224483098,"GSE210616_GSM6433604"
"GSE210616_GSM6433604_ACTACCAGCTCTCTGG-1",0.0280589978190027,0.10564340860375,0.00923065624260797,0.416099156865196,0.054450623140533,0.0307245896528422,0.280236028537805,0.000856266820121852,0.0747002723181412,"GSE210616_GSM6433604"
"GSE210616_GSM6433604_ACTCAATAAAGGCACG-1",0.040591673507454,0.0846697493727491,0.0108061026226469,0.323671536409434,0.0515243376923903,0.0710932345512983,0.19088024528188,0.156282370533936,0.0704807500282113,"GSE210616_GSM6433604"
"GSE210616_GSM6433604_ACTCCCTAATGCTAAA-1",0.0410452951455531,0.271637357489393,0.0340181395893464,0.190155269245821,0.0090101275438318,0.143116350272616,0.193079397858415,0.104293984222321,0.0136440786327032,"GSE210616_GSM6433604"
"GSE210616_GSM6433604_ACTCCCTAGAATAGTA-1",0.0355863821917592,0.282530672002352,0.0240425868137184,0.383886224135002,0.0457659018997021,0.084206425715334,0.0925984052288733,0.0244696702632671,0.0269137317499919,"GSE210616_GSM6433604"
"GSE210616_GSM6433604_ACTCGTCAGTAATCCC-1",0.0623043183762518,0.306749466816534,0.0567698330501491,0.064450214451255,0.00789431662645233,0.208157012282643,0.12452974136138,0.106405445106284,0.0627396519290498,"GSE210616_GSM6433604"
"GSE210616_GSM6433604_ACTCTCTGACTTAGGT-1",0.0486318468053754,0.222800739118333,0.254411514372808,0.101174024534639,0.00931592306290079,0.0851593321431614,0.107015085764008,0.147182020255107,0.0243095139436675,"GSE210616_GSM6433604"
"GSE210616_GSM6433604_ACTCTTGTATAGTAAC-1",0.0483606822602959,0.0479599097889306,0.021928211408658,0.161510955076907,0.0412295184082925,0.0555828024549571,0.346123414374345,0.201600637343013,0.0757038688846007,"GSE210616_GSM6433604"
"GSE210616_GSM6433604_ACTGAATGGCGAAAGT-1",0.00991256184808454,0.0513808077976273,0.0166364581959255,0.395317275338957,0.071372000530834,0.0328593076541623,0.158458633139401,0.165191455740189,0.0988714997548186,"GSE210616_GSM6433604"
"GSE210616_GSM6433604_ACTGTACGATACACAT-1",0.056370420587896,0.0919234269932333,0.0134965013734756,0.169128899647691,0.0323974563061154,0.0744836490568395,0.250450682393783,0.245331323367594,0.0664176402733724,"GSE210616_GSM6433604"
"GSE210616_GSM6433604_ACTGTAGCACTTTGGA-1",0.0138154412757241,0.025035029136929,0.00578564591531224,0.598531135241815,0.0420284274209367,0.0335681665014915,0.163804911633078,0.100158823338353,0.0172724195363607,"GSE210616_GSM6433604"
"GSE210616_GSM6433604_ACTGTCCAGGATTATA-1",0.0426934517867669,0.0940521657135566,0.0252161518110986,0.370766246776822,0.0404948137323092,0.0500963377375022,0.220940765395955,0.10080534888077,0.0549347181652199,"GSE210616_GSM6433604"
"GSE210616_GSM6433604_ACTGTCTTCTTTAGAA-1",0.0538040220417356,0.109928683247678,0.0233113247779312,0.314749986423753,0.0370783380624674,0.126984140890903,0.229905141030778,0.0203415017212638,0.08389686180349,"GSE210616_GSM6433604"
"GSE210616_GSM6433604_ACTTATTAGGATCGGT-1",0.0590540780980165,0.0833273884789248,0.0025939452277722,0.0899135288754992,0.0285456565047383,0.103832546505503,0.475571246497281,0.122519400334967,0.0346422094772983,"GSE210616_GSM6433604"
"GSE210616_GSM6433604_ACTTCAGGCTGATCCC-1",0.0635238528080688,0.0754245567711759,0.0553572479024545,0.509498721940257,0.059318531301706,0.00650756359163936,0.138704370016319,0.0597630921439718,0.0319020635244073,"GSE210616_GSM6433604"
"GSE210616_GSM6433604_ACTTCGCCATACGCAC-1",0.0949842168040803,0.0973102379886476,0.00895423311842992,0.0903520305828103,0.0369273810774567,0.093483886856926,0.276292223698242,0.217614533971488,0.0840812559019197,"GSE210616_GSM6433604"
"GSE210616_GSM6433604_ACTTGACTCCCTCTTT-1",0.0296131163524848,0.400872576176956,0.0634423394191473,0.0635098559967949,0.00725688517003102,0.305705468752459,0.0823161699095563,0.011823866143294,0.0354597220792758,"GSE210616_GSM6433604"
"GSE210616_GSM6433604_ACTTGGGACCCGGTGG-1",0.043256811445374,0.0371336549152948,0.00245129625781101,0.348981306607931,0.0356390140571194,0.0484334286796003,0.384814573761689,0.0545749875322264,0.0447149267429539,"GSE210616_GSM6433604"
"GSE210616_GSM6433604_ACTTTCCTATAGCTTC-1",0.0738666058308332,0.11726182725195,0.0896907963228818,0.430336759987565,0.0404739277281393,0.0494816985530307,0.151624653998778,0.0011183553384133,0.0461453749884093,"GSE210616_GSM6433604"
"GSE210616_GSM6433604_AGAACGTGGTACATTC-1",0.15858791563004,0.159318283974335,0.16179658855795,0.125136183606743,0.0278566162497827,0.0803751549296246,0.141682516402131,0.12779927259111,0.0174474680582828,"GSE210616_GSM6433604"
"GSE210616_GSM6433604_AGAAGGTTGCCGAATT-1",0.0685153131449278,0.214508790293292,0.0818471810559551,0.111232501856084,0.00276252960027498,0.308277482408605,0.0961410867904686,0.0570597786120205,0.0596553362383718,"GSE210616_GSM6433604"
"GSE210616_GSM6433604_AGACCATGGGATACAA-1",0.0287275890457858,0.0691529939579566,0.00613540204834512,0.234558301011327,0.0321254006217173,0.0381932263140649,0.362284769590958,0.13983650215226,0.0889858152575848,"GSE210616_GSM6433604"
"GSE210616_GSM6433604_AGACCCACCGCTGATC-1",0.0062329413917253,0.225918879329299,0.021178108543762,0.199418195765196,0.00785663557748302,0.0548211001681771,0.160563030818191,0.271312427841664,0.052698680564503,"GSE210616_GSM6433604"
"GSE210616_GSM6433604_AGACCCGCCCTCCTCG-1",0.0364649703139114,0.0446912822893528,0.0142261834491296,0.551648896439474,0.0431177599967593,0.039043477800973,0.195903820483208,0.013332183198129,0.0615714260290627,"GSE210616_GSM6433604"
"GSE210616_GSM6433604_AGACTAGCCTTCCAGA-1",0.11953482647288,0.129418400706349,0.0230882865649953,0.225036533720728,0.0196737908144019,0.10648380292255,0.240404141626528,0.0840787963603452,0.0522814208112229,"GSE210616_GSM6433604"
"GSE210616_GSM6433604_AGAGCGTACAAGCTCG-1",0.0134099139902994,0.0945283814584057,0.0127251890204923,0.131771657745903,0.0223279950197186,0.116337130337892,0.217867318874226,0.258210018668182,0.132822394884882,"GSE210616_GSM6433604"
"GSE210616_GSM6433604_AGATAACTTCAGGGCC-1",0.0685543423727513,0.0725279023495196,0.00531260231511759,0.369638934057803,0.0369290079369428,0.118289697727512,0.249755377195153,0.0116057188457393,0.0673864171994623,"GSE210616_GSM6433604"
"GSE210616_GSM6433604_AGATACCGGTGTTCAC-1",0.12440650547143,0.160278789589952,0.0245376480766736,0.158688262824532,0.0297011718174652,0.209894071220382,0.242225323964917,0.00150942450095617,0.0487588025336923,"GSE210616_GSM6433604"
"GSE210616_GSM6433604_AGATACTCAAGATCGA-1",0.0232645117275173,0.0425102528312537,0.0102770328124263,0.344918654869874,0.0724096465350231,0.0533891487432004,0.192031218693355,0.155111077482697,0.106088456304653,"GSE210616_GSM6433604"
"GSE210616_GSM6433604_AGATCTCAGGTGTGAT-1",0.0414721761711223,0.0430780573453674,0.00520810925058575,0.264305594814441,0.0387422230484396,0.0377426048430612,0.257105558327324,0.236590802036946,0.0757548741627121,"GSE210616_GSM6433604"
"GSE210616_GSM6433604_AGATGACTCGCCCACG-1",0.0896950285881646,0.0971441493062523,0.0434099367435859,0.344142906191321,0.0351954025392233,0.0902534927640534,0.207256257320838,0.0161973962956104,0.0767054302509507,"GSE210616_GSM6433604"
"GSE210616_GSM6433604_AGATTATAGGACGTTT-1",0.12278500787946,0.190761482349684,0.125137148521146,0.161940083331978,0.0336249108004761,0.0837512781618614,0.169835773466362,0.0702389157926383,0.0419253996963949,"GSE210616_GSM6433604"
"GSE210616_GSM6433604_AGCACCAGTACTCACG-1",0.0561047819861631,0.0511991193280429,0.00111652170420537,0.116372929095104,0.0299736782935869,0.156296873872726,0.440981420250892,0.0541749937102383,0.0937796817590411,"GSE210616_GSM6433604"
"GSE210616_GSM6433604_AGCACTACCTCACCAG-1",0.0864964842677828,0.123593421420603,0.113742605130492,0.483598997108226,0.0401124547879071,0.0237542744639167,0.0897215944666743,0.00268876171571574,0.0362914066386822,"GSE210616_GSM6433604"
"GSE210616_GSM6433604_AGCACTTAAGGACGCC-1",0.0607760749241284,0.116301621811722,0.000983195844864262,0.188764829460454,0.00775670131520999,0.249048223986839,0.321557628347088,0.0139911568969238,0.0408205674127699,"GSE210616_GSM6433604"
"GSE210616_GSM6433604_AGCAGCCAGATGAATA-1",0.0826976301800092,0.135666176125788,0.0463513830419688,0.462635149124651,0.0401601849341674,0.0241616955606421,0.116550584241798,0.0309270627081671,0.0608501340828091,"GSE210616_GSM6433604"
"GSE210616_GSM6433604_AGCATCGTCGATAATT-1",0.0421426691318608,0.09052490501402,0.0172521728878413,0.494513451786072,0.0233423101300086,0.00927192857840282,0.294643210472926,0.0023700393752139,0.0259393126236544,"GSE210616_GSM6433604"
"GSE210616_GSM6433604_AGCGACATCCCATTCA-1",0.0741045979045907,0.110776766460529,0.0251969514952565,0.184449706299359,0.031497101332622,0.128197257543763,0.203492714897609,0.178889925032592,0.0633949790336782,"GSE210616_GSM6433604"
"GSE210616_GSM6433604_AGCGACCAACGATATT-1",0.042922824310056,0.0904473946840566,0.0120798844582095,0.421898718934669,0.0201814120743267,0.0837519955165556,0.231276942295313,0.0364523233771644,0.0609885043496493,"GSE210616_GSM6433604"
"GSE210616_GSM6433604_AGCGCATAATGAATCG-1",0.0121654744948701,0.0330410537729482,0.00675315613796509,0.536038489823196,0.0456097105657864,0.0445272185551029,0.247831029989076,0.019174587839507,0.0548592788215478,"GSE210616_GSM6433604"
"GSE210616_GSM6433604_AGCGTGGTATTCTACT-1",0.0323424950629629,0.461967185437145,0.0264597414670727,0.0163894323335566,0.00410025751396503,0.313625244869026,0.0904331662525199,0.00228437171620447,0.0523981053475474,"GSE210616_GSM6433604"
"GSE210616_GSM6433604_AGCTCTAGACGTTCCA-1",0.04819383878149,0.276940819230941,0.0227674206706742,0.323876801120712,0.0449530246137005,0.10711486978317,0.109566731885385,0.0182239141212858,0.048362579792641,"GSE210616_GSM6433604"
"GSE210616_GSM6433604_AGCTCTTTACTCAGTT-1",0.143397649033225,0.306545802700635,0.0820461125687344,0.00526696868811389,0.000721934874727313,0.332956644729959,0.0764323148226238,0.0113528328813394,0.0412797397006426,"GSE210616_GSM6433604"
"GSE210616_GSM6433604_AGGACAGTCGAATCCC-1",0.0342695540727447,0.0566357307739666,0.00750945406714526,0.0369620847349406,0.0221822882149208,0.0704888099012237,0.35845761413447,0.344587943066514,0.0689065210340749,"GSE210616_GSM6433604"
"GSE210616_GSM6433604_AGGACATCGCACGTCG-1",0.0374076018524785,0.0831485689577002,0.00136208157484079,0.277352013855941,0.0648433864176504,0.0188777379453955,0.231332996800777,0.181415733086304,0.104259879508912,"GSE210616_GSM6433604"
"GSE210616_GSM6433604_AGGACGACCCATTAGA-1",0.0818960279429095,0.436572909657749,0.00512324580505242,0.0380650934020137,0.0353757844366668,0.328835109502403,0.0417697652963627,5.16854808479988e-05,0.0323103784759955,"GSE210616_GSM6433604"
"GSE210616_GSM6433604_AGGATAAAGTCGGGAT-1",0.0187997842774155,0.548535852045072,0.0398932551557498,0.202584871715405,0.0168628620607818,0.0464704697366583,0.0238769904030652,0.09962743484086,0.00334847976499297,"GSE210616_GSM6433604"
"GSE210616_GSM6433604_AGGCAGGGAGCGTACT-1",0.0345455516933988,0.0250412129044529,0.00396300554377291,0.370475412180654,0.0369180929973044,0.0421382136945294,0.261457577225518,0.171768335314525,0.0536925984458445,"GSE210616_GSM6433604"
"GSE210616_GSM6433604_AGGCCACCCGTTATGA-1",0.0397027293612085,0.032516042650023,0.00458285159912441,0.410836607329253,0.0379668546640015,0.109564054043782,0.226789578623283,0.0579390696843533,0.0801022120449719,"GSE210616_GSM6433604"
"GSE210616_GSM6433604_AGGCCCATTGTACAGG-1",0.0375248989235063,0.0768692105572853,0.0155833530670822,0.43498176992654,0.0464444248566335,0.0327318863034745,0.213631985892213,0.0706079552838951,0.0716245151893704,"GSE210616_GSM6433604"
"GSE210616_GSM6433604_AGGCTATGGTTAGCTT-1",0.0292417271003465,0.0662788792183628,0.0163068075655439,0.0476538402532538,0.0286111105845093,0.150205979613558,0.372791616125514,0.172771473752583,0.11613856578633,"GSE210616_GSM6433604"
"GSE210616_GSM6433604_AGGCTTCCCGAAGAAG-1",0.0717577541477072,0.0673504076297428,0.00278997980081638,0.185683767457349,0.0838022520605246,0.181243181912488,0.310035872047239,0.0196906021790947,0.077646182765038,"GSE210616_GSM6433604"
"GSE210616_GSM6433604_AGGCTTGCTAGACACC-1",0.0217984470439868,0.0480539541117447,0.0071012416490856,0.300238342082269,0.058033237634281,0.0692622361026362,0.247445166823491,0.15813310990537,0.0899342646471347,"GSE210616_GSM6433604"
"GSE210616_GSM6433604_AGGGACTCTACGCGAC-1",0.164229269688519,0.211179121220375,0.0274848599388208,0.0995702760878595,0.0424484765376868,0.186814392416412,0.187304286329541,0.0270957198822356,0.0538735978985507,"GSE210616_GSM6433604"
"GSE210616_GSM6433604_AGGGCGTGATCGGCTA-1",0.0954896322953491,0.0680881533673281,0.0169802765108333,0.133047290796658,0.03003364707267,0.103270014480067,0.360432930133451,0.0672004993365344,0.12545755600711,"GSE210616_GSM6433604"
"GSE210616_GSM6433604_AGGGCTGCAGTTACAG-1",0.111700643158998,0.0324538324784418,0.0125437976811801,0.464216042476038,0.073736816165762,0.0268111809717825,0.18439969243841,0.0322854696780277,0.0618525249513598,"GSE210616_GSM6433604"
"GSE210616_GSM6433604_AGGGTTTAGTTCGGGA-1",0.031633099859736,0.0741591390769753,0.0117078820692619,0.512806818426408,0.0668089805980756,0.0450692327677309,0.182520490381318,0.033359607839707,0.041934748980787,"GSE210616_GSM6433604"
"GSE210616_GSM6433604_AGGTAACCTCCTATTC-1",0.0474130776395621,0.0499080970447673,0.00364590089255521,0.509832199099789,0.0351565511715704,0.0522069055628938,0.203945816155498,0.0123217019712462,0.0855697504621186,"GSE210616_GSM6433604"
"GSE210616_GSM6433604_AGGTAGGTACAAAGCT-1",0.0518340789699886,0.0638873115819184,0.0179023520907083,0.34083734732029,0.035553063570006,0.0944797213429733,0.324005877271621,0.0306653696935134,0.0408348781589805,"GSE210616_GSM6433604"
"GSE210616_GSM6433604_AGGTTTCACACACCTT-1",0.0346400596087822,0.190427578726022,0.108376865986827,0.0738113087400603,0.0333858104422621,0.245300901363942,0.232622926123322,0.00934963277207057,0.0720849162367114,"GSE210616_GSM6433604"
"GSE210616_GSM6433604_AGTAATGTCTTGCCGC-1",0.0501595764915464,0.0858554715522712,0.0156691137226984,0.265014480486994,0.0715628222048228,0.0673357471200868,0.257857632605688,0.129484808691805,0.0570603471240883,"GSE210616_GSM6433604"
"GSE210616_GSM6433604_AGTAGGTAACATACAT-1",0.0261922327131597,0.166721911285383,0.0431517739844802,0.297598941410755,0.0699253934085356,0.143088950664117,0.119155526722826,0.0543705619280091,0.0797947078827344,"GSE210616_GSM6433604"
"GSE210616_GSM6433604_AGTATAATACTAGGCA-1",0.0502257888788543,0.0761855057884495,0.0511840923275315,0.380553931153829,0.0372814570812052,0.0477717256892418,0.189210483189364,0.123816969304401,0.0437700465871231,"GSE210616_GSM6433604"
"GSE210616_GSM6433604_AGTATTTGGCACGACC-1",0.0848315374694722,0.124224304295182,0.0847632205805865,0.508183699605674,0.0210903027175354,0.039927941677985,0.113301544487479,0.00699083769728718,0.016686611468798,"GSE210616_GSM6433604"
"GSE210616_GSM6433604_AGTCAACACCACCATC-1",0.0298526342053205,0.164374316181134,0.0638998089062175,0.413606146733219,0.0114145590212249,0.0549265526632256,0.104743760115812,0.142218952016232,0.0149632701576135,"GSE210616_GSM6433604"
