"","Endothelial","CAFs","PVL","B-cells","T-cells","Myeloid","Normal Epithelial","Plasmablasts","Cancer Epithelial","sid"
"Human_Breast_He_06222020_ST_BC24044_E2_12x16",0.0617442706639234,0.0859005957012702,0.0233506729355526,0.0801457289858711,0.0220680787111249,0.160554851141229,0.0741898654006151,0.426560951942772,0.0654849845176419,"Human_Breast_He_06222020_ST_BC24044_E2"
"Human_Breast_He_06222020_ST_BC24044_E2_23x20",0.00598168544560732,0.0486831707978568,0.0301002127673136,0.0445894953307602,0.0147929128444505,0.187247249590971,0.0641706624223459,0.412594355619641,0.191840255181054,"Human_Breast_He_06222020_ST_BC24044_E2"
"Human_Breast_He_06222020_ST_BC24044_E2_23x22",0.00520813316917048,0.0570030761001492,0.0159236829656618,0.135693138683193,0.0202356507760434,0.0918666109790513,0.0182310140959541,0.545938199173807,0.10990049405697,"Human_Breast_He_06222020_ST_BC24044_E2"
"Human_Breast_He_06222020_ST_BC24044_E2_23x23",0.0260941129579746,0.0253245106429924,0.0255667961774494,0.149738473305076,0.0148639237815489,0.0462189953976793,0.0776172683343552,0.508139661202776,0.126436258200147,"Human_Breast_He_06222020_ST_BC24044_E2"
"Human_Breast_He_06222020_ST_BC24044_E2_23x24",0.0959076480484699,0.113873325584429,0.173016872018396,6.57936691198749e-05,0.000368851570497689,0.133696006410474,0.0392068762316836,0.354983144029253,0.0888814824376766,"Human_Breast_He_06222020_ST_BC24044_E2"
"Human_Breast_He_06222020_ST_BC24044_E2_23x25",0.0389584954502092,0.0771568606880882,0.0664862382629078,0.169234902616304,0.00596309429837077,0.205827106419909,0.0903802341210192,0.297128909212523,0.0488641589306695,"Human_Breast_He_06222020_ST_BC24044_E2"
"Human_Breast_He_06222020_ST_BC24044_E2_30x14",0.00875457013467363,0.0330125381197128,0.0375836018493975,0.116627423458591,0.0184488442140202,0.0389121781028143,0.0310925413479062,0.674331586206492,0.0412367165663921,"Human_Breast_He_06222020_ST_BC24044_E2"
"Human_Breast_He_06222020_ST_BC24044_E2_23x28",0.0042650151688283,0.00793521564485846,0.164267350993228,0.0896473742322612,0.00109659131863958,0.0397725874521782,0.237061670622635,0.350301387374446,0.105652807192924,"Human_Breast_He_06222020_ST_BC24044_E2"
"Human_Breast_He_06222020_ST_BC24044_E2_23x29",0.040384253470735,0.067934733509759,0.084998925635413,0.132552456565928,0.0381157649417871,0.0539959145178447,0.0841355878093043,0.428439792496427,0.0694425710528013,"Human_Breast_He_06222020_ST_BC24044_E2"
"Human_Breast_He_06222020_ST_BC24044_E2_21x9",0.00955393167257714,0.0188074478608674,0.067669504304567,0.118870132979721,0.245268366219212,0.0454450194624914,0.0872113052536636,0.3377726855375,0.0694016067094011,"Human_Breast_He_06222020_ST_BC24044_E2"
"Human_Breast_He_06222020_ST_BC24044_E2_30x17",0.0165733606874708,0.0136914716798922,0.00568681025427739,0.00308196891290371,0.00269450225017808,0.00521556843639521,0.0758900782595138,0.494747379887806,0.382418859631562,"Human_Breast_He_06222020_ST_BC24044_E2"
"Human_Breast_He_06222020_ST_BC24044_E2_24x28",0.00938021530766445,0.0596561386686673,0.0835049132006673,0.00836490911503249,0.00802729008508027,0.143690513348619,0.0508852329009,0.53920305969377,0.0972877276795996,"Human_Breast_He_06222020_ST_BC24044_E2"
"Human_Breast_He_06222020_ST_BC24044_E2_20x21",0.0248204749908703,0.0542832506154848,0.06832580910798,0.0052972646192788,0.000793342341239562,0.139065188243119,0.0696863727296002,0.459619096625397,0.178109200727031,"Human_Breast_He_06222020_ST_BC24044_E2"
"Human_Breast_He_06222020_ST_BC24044_E2_30x16",0.0061099095145579,0.00937434568304595,0.000263063461571337,0.00384694011866072,0.00580576353610971,0.00264461413290058,0.122581927170083,0.582516863564666,0.266856572818405,"Human_Breast_He_06222020_ST_BC24044_E2"
"Human_Breast_He_06222020_ST_BC24044_E2_20x20",0.000573482431933956,0.0176319364722487,0.00550184967161881,0.0906285189169137,0.00259815423996585,0.118517524560059,0.263249135401186,0.348105168182266,0.153194230123807,"Human_Breast_He_06222020_ST_BC24044_E2"
"Human_Breast_He_06222020_ST_BC24044_E2_30x11",0.000187495431487419,0.0136042293868406,0.0605470458430863,0.226757265885304,0.203584762444553,0.00305055096838376,0.146922442562549,0.228092542801546,0.11725366467625,"Human_Breast_He_06222020_ST_BC24044_E2"
"Human_Breast_He_06222020_ST_BC24044_E2_25x11",0.0332855767215841,0.00731480453054685,0.0574811817138149,0.0882380799950541,0.0087201376419626,0.0506544432783544,0.087814428698083,0.577065022108759,0.0894263253118407,"Human_Breast_He_06222020_ST_BC24044_E2"
"Human_Breast_He_06222020_ST_BC24044_E2_20x22",0.00536355811386287,0.0654190011379857,0.00669358920179679,0.0405745838527094,0.0184573209514258,0.0496490383878779,0.0419199997093013,0.636781725275334,0.135141183369706,"Human_Breast_He_06222020_ST_BC24044_E2"
"Human_Breast_He_06222020_ST_BC24044_E2_18x28",0.0239256012711392,0.0809604818364443,0.00365838194494318,0.16784063185978,0.198726924696425,0.148463777218342,0.00750526963102276,0.33922468623692,0.0296942453049838,"Human_Breast_He_06222020_ST_BC24044_E2"
"Human_Breast_He_06222020_ST_BC24044_E2_18x29",0.0555212913712097,0.0298678228646658,0.0179292156511317,0.454397102187157,0.0860858760686247,0.0918284397680543,0.0619396300694255,0.134922271430095,0.0675083505896358,"Human_Breast_He_06222020_ST_BC24044_E2"
"Human_Breast_He_06222020_ST_BC24044_E2_18x26",0.0062173480231485,0.046832607260065,0.0892404978205728,0.171671910772541,0.158940466098329,0.118761707506636,0.0113430219367341,0.35825633093483,0.0387361096471431,"Human_Breast_He_06222020_ST_BC24044_E2"
"Human_Breast_He_06222020_ST_BC24044_E2_18x27",0.00932595570948708,0.0413039498962838,0.0217660257158496,0.377552994869723,0.247154882264401,0.0608404945480036,0.0364206142254628,0.18989652974315,0.0157385530276391,"Human_Breast_He_06222020_ST_BC24044_E2"
"Human_Breast_He_06222020_ST_BC24044_E2_18x24",0.00143953228266046,0.0773221377519551,0.108149721079269,0.0319399353713361,0.000976124904389904,0.0349557289939108,0.0150116225639269,0.705314063100597,0.0248911339519547,"Human_Breast_He_06222020_ST_BC24044_E2"
"Human_Breast_He_06222020_ST_BC24044_E2_18x25",0.0332281967383909,0.0770321072714687,0.0235952235483459,0.0138196355052048,0.0107345034533652,0.0994395759600473,0.0227045854778012,0.638269538406636,0.0811766336387397,"Human_Breast_He_06222020_ST_BC24044_E2"
"Human_Breast_He_06222020_ST_BC24044_E2_18x22",0.00055017242838582,0.0597359567175011,0.00561880990446221,0.00577772774000607,0.0035314128134086,0.0830975180738555,0.14221720718298,0.556218225048051,0.14325297009135,"Human_Breast_He_06222020_ST_BC24044_E2"
"Human_Breast_He_06222020_ST_BC24044_E2_18x23",0.0857315808697372,0.0474652449896624,0.0808638721679718,0.00081281816927296,0.00144917291652741,0.140865816707616,0.0171065597289893,0.613881422159295,0.0118235122909281,"Human_Breast_He_06222020_ST_BC24044_E2"
"Human_Breast_He_06222020_ST_BC24044_E2_18x20",0.0403121704793168,0.06988530811805,0.018448416630532,0.415351340946697,0.0906534707987194,0.107904454314118,0.0340486799341927,0.216499391612826,0.00689676716554721,"Human_Breast_He_06222020_ST_BC24044_E2"
"Human_Breast_He_06222020_ST_BC24044_E2_18x21",0.0204615967886646,0.0501531258572834,0.0795073844030774,0.118024557493201,0.0523845316263024,0.0837003208643134,0.022384842361971,0.431810512864065,0.141573127741122,"Human_Breast_He_06222020_ST_BC24044_E2"
"Human_Breast_He_06222020_ST_BC24044_E2_20x27",0.226320238955918,0.035520565826301,0.0132202117829356,0.086669114196987,0.0171097346538846,0.243560477395046,0.0984829600326915,0.208848085737045,0.070268611419192,"Human_Breast_He_06222020_ST_BC24044_E2"
"Human_Breast_He_06222020_ST_BC24044_E2_25x14",0.041667030257624,0.114880012299397,0.00175786051559829,1.04254598419821e-05,1.77323993451377e-06,0.0626109208450632,0.00958130739865159,0.764996171248236,0.00449449873565382,"Human_Breast_He_06222020_ST_BC24044_E2"
"Human_Breast_He_06222020_ST_BC24044_E2_24x20",0.0163169701598697,0.035919234712267,0.000752163798303787,0.268124615453965,0.112046894524551,0.047190971234892,0.180735442194597,0.20420993828882,0.134703769632734,"Human_Breast_He_06222020_ST_BC24044_E2"
"Human_Breast_He_06222020_ST_BC24044_E2_25x18",0.00238645056422404,0.0702481378862089,0.00497645159300392,0.0808056281678026,0.0445003348981841,0.0126008960336318,0.105560646560862,0.467059130130824,0.211862324165258,"Human_Breast_He_06222020_ST_BC24044_E2"
"Human_Breast_He_06222020_ST_BC24044_E2_23x21",0.00814817248298094,0.01189687190747,0.0260177983769747,0.0513200268921267,0.00772453730057386,0.0236219709766816,0.0767108895252778,0.713362306256714,0.0811974262812004,"Human_Breast_He_06222020_ST_BC24044_E2"
"Human_Breast_He_06222020_ST_BC24044_E2_5x16",0.0141907559325052,0.0188816246333933,0.00907403650297288,0.0453095914615709,0.112532014883829,0.00811634261682006,0.0623447093236474,0.639188622932747,0.0903623017125136,"Human_Breast_He_06222020_ST_BC24044_E2"
"Human_Breast_He_06222020_ST_BC24044_E2_23x26",0.0683650010963335,0.0672436000949319,0.0434828212049774,0.368748049727473,0.0113950563102531,0.0905132850306986,0.0541518877445784,0.224040535296431,0.0720597634943236,"Human_Breast_He_06222020_ST_BC24044_E2"
"Human_Breast_He_06222020_ST_BC24044_E2_22x13",0.0029893387252453,0.0186769473408629,0.00578051066378653,7.55861570185523e-06,0.000398308751586338,0.0440700422261911,0.0273781798693189,0.7209761922497,0.179722921557607,"Human_Breast_He_06222020_ST_BC24044_E2"
"Human_Breast_He_06222020_ST_BC24044_E2_8x17",0.0168337310328026,0.0358634445167672,0.0510711810060755,0.187393717470218,0.0881103389946647,0.0466012285946577,0.0590726373640417,0.462375994189651,0.0526777268311217,"Human_Breast_He_06222020_ST_BC24044_E2"
"Human_Breast_He_06222020_ST_BC24044_E2_5x17",0.00518757923353152,0.0366395547299612,0.00195194223500179,0.000253986844353715,0.00031748668186602,0.110102829094445,0.0297338074393716,0.690727563433968,0.125085250307502,"Human_Breast_He_06222020_ST_BC24044_E2"
"Human_Breast_He_06222020_ST_BC24044_E2_11x16",0.0243349142396308,0.0472894173159225,0.0372837751730185,0.0469748428591223,0.0171332287107763,0.048598917454528,0.0529910327621629,0.657545538447407,0.0678483330374321,"Human_Breast_He_06222020_ST_BC24044_E2"
"Human_Breast_He_06222020_ST_BC24044_E2_8x21",0.0385540232195962,0.145230397784891,0.0755247301144969,0.064472632085577,0.0447009871965259,0.0717082822635835,0.0108910261250692,0.454428268912972,0.0944896522972876,"Human_Breast_He_06222020_ST_BC24044_E2"
"Human_Breast_He_06222020_ST_BC24044_E2_11x12",0.011305797149171,0.0417035046188494,0.244134470156836,0.0163140461040153,0.0325299900631412,0.0254848092993809,0.0428398528917299,0.526929714475201,0.0587578152416747,"Human_Breast_He_06222020_ST_BC24044_E2"
"Human_Breast_He_06222020_ST_BC24044_E2_11x10",0.00267937826605738,0.0187007463847482,0.0057197882462143,0.358691313311497,0.0255549758584053,0.0148196641760345,0.0866522738287469,0.387272897439077,0.0999089624892205,"Human_Breast_He_06222020_ST_BC24044_E2"
"Human_Breast_He_06222020_ST_BC24044_E2_8x16",0.0142171108955895,0.0682260524288347,0.0635949403545822,0.0368059810007242,0.0212715197686658,0.0328175496663058,0.08346056236271,0.622882749531503,0.0567235339910844,"Human_Breast_He_06222020_ST_BC24044_E2"
"Human_Breast_He_06222020_ST_BC24044_E2_24x19",0.0331712198300021,0.0374624687787735,0.00895890534628183,0.0650519467622452,0.0570846179382076,0.00131198911802411,0.0206947240040145,0.532461738096734,0.243802390125717,"Human_Breast_He_06222020_ST_BC24044_E2"
"Human_Breast_He_06222020_ST_BC24044_E2_8x15",0.00951055983964189,0.0663617705434816,0.0261204815709691,0.001515790402248,0.00252998668435238,0.0606173865432831,0.0475284340578603,0.712416449702516,0.073399140655648,"Human_Breast_He_06222020_ST_BC24044_E2"
"Human_Breast_He_06222020_ST_BC24044_E2_20x30",0.0236104509210933,0.245055235234209,0.0132409362645052,0.0211708327439838,0.00675313262858994,0.31342057995817,0.134595077245831,0.103740792237302,0.138412962766315,"Human_Breast_He_06222020_ST_BC24044_E2"
"Human_Breast_He_06222020_ST_BC24044_E2_20x31",0.132743461944498,0.102129400383711,0.0436613645840983,0.00939308927556095,0.011130541126257,0.114829603692677,0.00473166720636551,0.551491380762064,0.0298894910247673,"Human_Breast_He_06222020_ST_BC24044_E2"
"Human_Breast_He_06222020_ST_BC24044_E2_8x14",2.92743404580729e-05,0.0131933617453761,0.00012084733261322,0.221325375179824,0.128778496057133,0.00150707117129611,0.160157670646983,0.440997529889664,0.0338903736366518,"Human_Breast_He_06222020_ST_BC24044_E2"
"Human_Breast_He_06222020_ST_BC24044_E2_22x17",0.0128043475635445,0.0291717186830466,0.0136492139622271,0.000212396278531396,5.63034654362599e-06,0.000165515432804162,0.0436077265361386,0.900224697768041,0.000158753429123174,"Human_Breast_He_06222020_ST_BC24044_E2"
"Human_Breast_He_06222020_ST_BC24044_E2_8x13",0.00444675732427831,0.0445073671051554,0.0175365542823407,0.00070933256639454,0.00256776976218159,0.17130936570197,0.105638575307828,0.589764322414124,0.0635199555357276,"Human_Breast_He_06222020_ST_BC24044_E2"
"Human_Breast_He_06222020_ST_BC24044_E2_20x9",0.0797308521314392,0.0632532743824469,0.0111807160441271,0.00228019808241066,0.000387320276215725,0.0651962928545651,0.0769962863740818,0.645245436753384,0.0557296231013292,"Human_Breast_He_06222020_ST_BC24044_E2"
"Human_Breast_He_06222020_ST_BC24044_E2_22x14",0.000602789959216634,0.017527009324936,0.00364275412505312,0.000515470078648863,0.00690616327817374,0.174688451851598,0.0526594298702706,0.666102384843537,0.0773555466685665,"Human_Breast_He_06222020_ST_BC24044_E2"
"Human_Breast_He_06222020_ST_BC24044_E2_26x15",0.00822299203989178,0.0366812934739593,0.0120614755628561,0.0659512110572589,0.0628624615895032,0.0155305216512534,0.0418594386224896,0.628612752215604,0.128217853787184,"Human_Breast_He_06222020_ST_BC24044_E2"
"Human_Breast_He_06222020_ST_BC24044_E2_13x28",0.0221656974718676,0.108916046626454,0.00357965508977816,0.168829443451268,0.152552077520765,0.101272836705811,0.0154357556228618,0.346761024899536,0.0804874626116588,"Human_Breast_He_06222020_ST_BC24044_E2"
"Human_Breast_He_06222020_ST_BC24044_E2_22x15",0.00405468434554789,0.0401000922759981,0.00905565323270028,0.000350159400925363,0.000109646638142126,0.0262608823463906,0.133643847682912,0.781767902630745,0.00465713144663894,"Human_Breast_He_06222020_ST_BC24044_E2"
"Human_Breast_He_06222020_ST_BC24044_E2_8x11",0.0325347090931665,0.00454049469699472,0.0392871873060248,0.0498702291712046,0.00855518055484079,0.0245435773371391,0.0928845723507294,0.555184236946877,0.192599812543023,"Human_Breast_He_06222020_ST_BC24044_E2"
"Human_Breast_He_06222020_ST_BC24044_E2_23x19",0.00362064483251464,0.0374504636864736,0.00510674330253393,0.218457801901564,0.156657425115797,0.09208928677581,0.113661504812833,0.230469471144681,0.142486658427792,"Human_Breast_He_06222020_ST_BC24044_E2"
"Human_Breast_He_06222020_ST_BC24044_E2_23x18",0.00896357971961757,0.0231753051919572,0.0264319005520081,0.0252857711104705,0.0147951890077667,0.0938806632646142,0.114338687244552,0.587510233418492,0.105618670490522,"Human_Breast_He_06222020_ST_BC24044_E2"
"Human_Breast_He_06222020_ST_BC24044_E2_23x11",0.0716952393997054,0.0560719661390951,0.0824737509688138,0.0442179911383838,0.0215143043278407,0.105288030909947,0.0375313293345324,0.540362121940396,0.0408452658412854,"Human_Breast_He_06222020_ST_BC24044_E2"
"Human_Breast_He_06222020_ST_BC24044_E2_23x10",0.0114828192702123,0.0108527806231007,0.000894366880980686,1.2582305680886e-05,1.04412792964679e-05,0.0633747050197644,0.0377756401852418,0.738954104940639,0.136642559495084,"Human_Breast_He_06222020_ST_BC24044_E2"
"Human_Breast_He_06222020_ST_BC24044_E2_23x13",0.0124812837801417,0.0577876171751027,0.0285622981107772,5.98373870048054e-05,1.33795567274682e-05,0.106064121720689,0.0740056904497224,0.664361150081428,0.056664621738406,"Human_Breast_He_06222020_ST_BC24044_E2"
"Human_Breast_He_06222020_ST_BC24044_E2_23x12",0.0402453776424488,0.0312675874641562,0.0896479231264553,0.00116640129286129,0.00175463460450962,0.102106983107581,0.00610777892875686,0.645105269783747,0.0825980440494832,"Human_Breast_He_06222020_ST_BC24044_E2"
"Human_Breast_He_06222020_ST_BC24044_E2_23x15",0.0112187026947676,0.0643477596063528,0.00199673860228212,0.000566124202500554,0.000236260753916449,0.00582041136199495,0.0434523514216561,0.866001284342198,0.0063603670143309,"Human_Breast_He_06222020_ST_BC24044_E2"
"Human_Breast_He_06222020_ST_BC24044_E2_23x14",0.0119893905738909,0.0274814473288689,0.00376747311023827,0.198246739698539,0.0256310742840982,0.105951985513775,0.0739244873163993,0.455993978430996,0.0970134237431946,"Human_Breast_He_06222020_ST_BC24044_E2"
"Human_Breast_He_06222020_ST_BC24044_E2_23x17",0.0125765571473483,0.0195474929205516,0.0169207168266923,0.00122456110628129,0.000226088162249844,0.0506806939230948,0.0794088897146466,0.766230686398786,0.0531843138003487,"Human_Breast_He_06222020_ST_BC24044_E2"
"Human_Breast_He_06222020_ST_BC24044_E2_23x16",0.000319510755670486,0.0370099348224591,0.00889525865495858,6.34963767087738e-05,1.38067661866836e-05,0.00023645783499628,0.19308077977673,0.759781937451659,0.00059881756063146,"Human_Breast_He_06222020_ST_BC24044_E2"
"Human_Breast_He_06222020_ST_BC24044_E2_8x22",0.005398153959212,0.0289572283269645,0.00268670313838679,0.168705597032637,0.0985419419389924,0.00130157284456048,0.36133695898451,0.0675726901773922,0.265499153597345,"Human_Breast_He_06222020_ST_BC24044_E2"
"Human_Breast_He_06222020_ST_BC24044_E2_11x15",0.000866362489210118,0.0711116662050196,0.110074787093497,0.0300456090162221,0.00462540672765092,0.059684312892305,0.0750290739723297,0.612446244157096,0.0361165374466688,"Human_Breast_He_06222020_ST_BC24044_E2"
"Human_Breast_He_06222020_ST_BC24044_E2_8x20",0.0738657421474848,0.0661936879915062,0.0204628317381134,0.124692344656373,0.0198134899186912,0.0895904907739461,0.0217659910458547,0.452530160982622,0.131085260745408,"Human_Breast_He_06222020_ST_BC24044_E2"
"Human_Breast_He_06222020_ST_BC24044_E2_11x17",0.0153689208498387,0.0783241679661463,0.0188532614826551,0.051412109489895,0.0445259238445863,0.0820580327055777,0.206812204729491,0.190818040395064,0.311827338536746,"Human_Breast_He_06222020_ST_BC24044_E2"
"Human_Breast_He_06222020_ST_BC24044_E2_23x9",0.027728429550558,0.046024323527212,0.0125941433133919,0.278366865304528,0.153781034250069,0.0061857518725571,0.150226000620649,0.184023644326208,0.141069807234828,"Human_Breast_He_06222020_ST_BC24044_E2"
"Human_Breast_He_06222020_ST_BC24044_E2_8x29",0.00991911649681574,0.0178367298895991,0.00513734791138213,0.0537138895918959,0.0924798148676525,0.0786385762122058,0.0997314927630185,0.475528253967609,0.167014778299822,"Human_Breast_He_06222020_ST_BC24044_E2"
"Human_Breast_He_06222020_ST_BC24044_E2_11x18",0.074334952395063,0.0593072398993471,0.0077369961563272,0.0169860411432785,0.0396582248445407,0.0983206978435385,0.254311101740383,0.097536535265513,0.351808210712009,"Human_Breast_He_06222020_ST_BC24044_E2"
"Human_Breast_He_06222020_ST_BC24044_E2_11x19",0.0748867200570961,0.0739118095808173,0.00811117426511996,0.0164771082165241,0.0175139174244258,0.0489793548761168,0.114240810214218,0.459200346524672,0.18667875884101,"Human_Breast_He_06222020_ST_BC24044_E2"
"Human_Breast_He_06222020_ST_BC24044_E2_17x14",0.00462707409868082,0.0529827106132111,0.00114288517530368,0.016419909881534,0.0102021532861892,0.000917213071186083,0.0333794469150308,0.78136420854546,0.0989643984134037,"Human_Breast_He_06222020_ST_BC24044_E2"
"Human_Breast_He_06222020_ST_BC24044_E2_26x19",0.00124329936555424,0.042392373298536,0.0119461012047973,0.00073522884154568,0.000702148087159391,0.0615073078189363,0.0760787271237561,0.70538210735586,0.100012706903855,"Human_Breast_He_06222020_ST_BC24044_E2"
"Human_Breast_He_06222020_ST_BC24044_E2_17x12",0.0148838075465432,0.0659352792297892,0.0275112621027144,0.0431361517732586,0.00526642650647011,0.000102065468980506,0.227663927874634,0.606659318693101,0.0088417608045094,"Human_Breast_He_06222020_ST_BC24044_E2"
"Human_Breast_He_06222020_ST_BC24044_E2_17x13",0.00036478302306997,0.0134943309933443,0.000203172694393713,0.00576791956849533,7.73272547785299e-05,0.0035520956782882,0.0338966126115989,0.920749620425308,0.0218941377507231,"Human_Breast_He_06222020_ST_BC24044_E2"
"Human_Breast_He_06222020_ST_BC24044_E2_17x10",0.00156643381771208,0.00710409154504089,0.0961883373434732,0.11363711966518,0.00725155636422687,0.034474630893148,0.0651251208890055,0.666871090835583,0.00778161864663026,"Human_Breast_He_06222020_ST_BC24044_E2"
"Human_Breast_He_06222020_ST_BC24044_E2_17x11",0.0555700219474142,0.0105635368838484,0.0308203048573656,0.128025010404131,0.00325286410718474,0.0043797292956283,0.0695002143310069,0.681509338852327,0.0163789793210937,"Human_Breast_He_06222020_ST_BC24044_E2"
"Human_Breast_He_06222020_ST_BC24044_E2_17x16",0.0100115042378081,0.0241183049326033,0.012570464156963,0.399757659955373,0.0363305565238239,0.00506317143506315,0.147230564182116,0.308338898174938,0.0565788764013104,"Human_Breast_He_06222020_ST_BC24044_E2"
"Human_Breast_He_06222020_ST_BC24044_E2_17x17",0.0471187860027901,0.0382734907754051,0.0100907940002641,0.12176694721393,0.101365147275788,0.00787418744163824,0.135397282887232,0.449322051826168,0.0887913125767848,"Human_Breast_He_06222020_ST_BC24044_E2"
"Human_Breast_He_06222020_ST_BC24044_E2_26x18",0.0178126247145243,0.0407922683881623,0.0374120076359909,0.0876550259073577,0.0445902715242436,0.0818539950340214,0.0917238098569079,0.570791877450264,0.0273681194885278,"Human_Breast_He_06222020_ST_BC24044_E2"
"Human_Breast_He_06222020_ST_BC24044_E2_26x17",0.00484179087025436,0.0591960961030207,0.0382444351648489,0.00176351527613921,0.0170864915078781,0.0253094917206507,0.0422090154514502,0.74278355747254,0.0685656064332182,"Human_Breast_He_06222020_ST_BC24044_E2"
"Human_Breast_He_06222020_ST_BC24044_E2_26x16",0.0980923322238594,0.0174206839626171,0.0418669383638861,0.00375026965244518,0.00134996567407253,0.0299092104911266,0.0692332814502928,0.698238966289141,0.0401383518925595,"Human_Breast_He_06222020_ST_BC24044_E2"
"Human_Breast_He_06222020_ST_BC24044_E2_26x14",0.0030076012545436,0.0205492721065172,0.00654923578034129,0.13248207546593,0.0335555918645349,0.00811497448610075,0.0456960621976739,0.661262271643374,0.0887829152009843,"Human_Breast_He_06222020_ST_BC24044_E2"
"Human_Breast_He_06222020_ST_BC24044_E2_17x19",0.0229540924834741,0.0404188749789055,0.0376217858817702,0.00302535597323284,0.00425851807701784,0.208967953359598,0.00472432447006939,0.579375964825119,0.0986531299508132,"Human_Breast_He_06222020_ST_BC24044_E2"
"Human_Breast_He_06222020_ST_BC24044_E2_26x12",0.0567096693796505,0.00609049675780306,0.00134607444263842,7.68692081795349e-08,9.69995689506614e-08,0.0103096760586499,0.0876839639834998,0.810032382269915,0.0278275632390661,"Human_Breast_He_06222020_ST_BC24044_E2"
"Human_Breast_He_06222020_ST_BC24044_E2_17x18",0.00545037807677416,0.0477145359755148,0.00797260369473474,0.00527979428824034,0.00124108555223161,0.037476958250598,0.0478196306139776,0.798532443778435,0.0485125697694933,"Human_Breast_He_06222020_ST_BC24044_E2"
"Human_Breast_He_06222020_ST_BC24044_E2_26x11",0.130812606821829,0.0370092760692897,0.105883363917807,0.0839481009178198,0.0870778208865818,0.0408812062018841,0.041946986656384,0.351717833195057,0.120722805333348,"Human_Breast_He_06222020_ST_BC24044_E2"
"Human_Breast_He_06222020_ST_BC24044_E2_31x14",0.000764249199525452,0.0371922503879932,0.0245690600967426,0.00732037112064568,0.0186580440610497,0.00754827597417731,0.109866409249745,0.593635473903335,0.200445866006786,"Human_Breast_He_06222020_ST_BC24044_E2"
"Human_Breast_He_06222020_ST_BC24044_E2_31x15",0.000127611259272631,0.0869433655865044,0.00828258423736478,0.00139996551650111,0.0405610740279982,0.0385472634955457,0.0678076533880463,0.503479338005922,0.252851144482845,"Human_Breast_He_06222020_ST_BC24044_E2"
"Human_Breast_He_06222020_ST_BC24044_E2_31x12",0.00721565405256101,0.0192891159075317,0.00206008624823943,9.64334189147935e-05,0.000114704162656526,0.0695024098192087,0.0903915159425681,0.755301142034781,0.0560289384135389,"Human_Breast_He_06222020_ST_BC24044_E2"
"Human_Breast_He_06222020_ST_BC24044_E2_31x13",0.0163880128582992,0.000162110925373548,2.42920377286803e-06,0.000479571922101054,3.40932361147948e-05,5.69163794669297e-06,0.120094520370867,0.825468329454112,0.0373652403914125,"Human_Breast_He_06222020_ST_BC24044_E2"
"Human_Breast_He_06222020_ST_BC24044_E2_31x11",0.00122467747792232,0.0128907387959295,0.000257254204361553,0.469419608595455,0.0252177581700514,0.00551843795091568,0.0876737313001869,0.361235976944116,0.0365618165610614,"Human_Breast_He_06222020_ST_BC24044_E2"
"Human_Breast_He_06222020_ST_BC24044_E2_13x33",0.0300789062731149,0.0128368867397759,0.0044360320664092,0.0527871371786,0.0479165265355826,0.0462309229878371,0.050616027234762,0.00077304044233794,0.75432452054158,"Human_Breast_He_06222020_ST_BC24044_E2"
"Human_Breast_He_06222020_ST_BC24044_E2_10x26",0.133033748383702,0.128737387467599,0.0254390067395818,0.0722067773893449,0.0671675495999067,0.110198377332216,0.13976785406528,0.114608489288669,0.208840809733701,"Human_Breast_He_06222020_ST_BC24044_E2"
"Human_Breast_He_06222020_ST_BC24044_E2_10x22",0.0573501205031557,0.0575573272990529,0.0440946007412537,0.205607865398598,0.0807237834603576,0.0640244049448913,0.0557946115528779,0.352995496331162,0.0818517897686504,"Human_Breast_He_06222020_ST_BC24044_E2"
"Human_Breast_He_06222020_ST_BC24044_E2_10x23",0.0110915022288925,0.0621516225821841,0.00218964277737555,0.18365337353292,0.0330369587874916,0.0489116136838241,0.0477115805605507,0.559571974367711,0.0516817314790502,"Human_Breast_He_06222020_ST_BC24044_E2"
"Human_Breast_He_06222020_ST_BC24044_E2_10x20",0.0218810297279711,0.0613867599531542,0.0157621265617146,0.201211544622646,0.0791939995040092,0.120240065009738,0.116013689639024,0.268923830240537,0.115386954741205,"Human_Breast_He_06222020_ST_BC24044_E2"
"Human_Breast_He_06222020_ST_BC24044_E2_10x21",0.0431689350904521,0.0839496570198726,0.0418062873175332,0.248848085254502,0.18381134059572,0.134130579687264,0.0586746694127284,0.16975964807992,0.0358507975420087,"Human_Breast_He_06222020_ST_BC24044_E2"
"Human_Breast_He_06222020_ST_BC24044_E2_7x16",0.0281474663188088,0.050042180114254,0.0239968503316357,0.121496722761737,0.201697134628668,0.0806790898952193,0.0329487780230255,0.379864368818352,0.0811274091082991,"Human_Breast_He_06222020_ST_BC24044_E2"
"Human_Breast_He_06222020_ST_BC24044_E2_7x17",0.0241542100136656,0.0657675263067016,0.0599292995893156,0.028804766483886,0.0443156912863741,0.0839750447321014,0.0523619817619167,0.526251733776118,0.114439746049921,"Human_Breast_He_06222020_ST_BC24044_E2"
"Human_Breast_He_06222020_ST_BC24044_E2_7x14",0.000481454617993436,0.0630427355059811,0.0910821994668804,0.00845332801990866,0.00669525198621498,0.119296947784295,0.0728166560339417,0.534436290202026,0.103695136382759,"Human_Breast_He_06222020_ST_BC24044_E2"
"Human_Breast_He_06222020_ST_BC24044_E2_7x15",0.0493420355540612,0.00598872797293618,0.0364241818444628,0.0379163750556582,0.0490405676939549,0.0423937460571427,0.0256626023483965,0.688055535176727,0.0651762282966605,"Human_Breast_He_06222020_ST_BC24044_E2"
"Human_Breast_He_06222020_ST_BC24044_E2_7x12",0.0113559494681604,0.0153836074180372,0.0126884432026488,0.000194038770212575,0.000118025181120698,0.044565779636745,0.0714633563404097,0.781834944071638,0.0623958559110272,"Human_Breast_He_06222020_ST_BC24044_E2"
"Human_Breast_He_06222020_ST_BC24044_E2_7x13",5.96938381898022e-05,0.0220906818683915,0.0443358082566567,0.00562060150393553,0.000963293250242853,0.0673232337823949,0.0685475348523128,0.683385903994272,0.107673248653604,"Human_Breast_He_06222020_ST_BC24044_E2"
"Human_Breast_He_06222020_ST_BC24044_E2_7x10",0.000987754000806173,0.0539523577984327,0.000226133936741264,1.75609147479448e-05,2.47925670120666e-06,0.0010997863291429,0.0376041644192744,0.906030403300619,7.93600435339492e-05,"Human_Breast_He_06222020_ST_BC24044_E2"
"Human_Breast_He_06222020_ST_BC24044_E2_7x11",0.0514314021964942,0.0481342901457554,0.0593500759512947,0.0173824641182519,0.00952318731276449,0.184201791197267,0.112346325570236,0.353673996637598,0.163956466870339,"Human_Breast_He_06222020_ST_BC24044_E2"
"Human_Breast_He_06222020_ST_BC24044_E2_7x18",0.0242031426153152,0.0594305781277575,0.0415781015028476,0.0219207642045451,0.117432144076682,0.110572155922856,0.105320413918805,0.394694121917886,0.124848577713305,"Human_Breast_He_06222020_ST_BC24044_E2"
"Human_Breast_He_06222020_ST_BC24044_E2_7x19",0.00522949418646854,0.0841590777948448,0.0153291519801547,0.179819723147742,0.0274767614417499,0.0634898961797719,0.174016761570535,0.270770681268149,0.179708452430585,"Human_Breast_He_06222020_ST_BC24044_E2"
"Human_Breast_He_06222020_ST_BC24044_E2_19x30",0.000876696287188029,0.133202993797357,0.000114789098539324,0.00250395235750023,0.015387097187834,0.187301318454243,0.157995265701723,0.380729279515232,0.121888607600384,"Human_Breast_He_06222020_ST_BC24044_E2"
"Human_Breast_He_06222020_ST_BC24044_E2_19x31",0.0671844858335985,0.0476745220893599,0.0038391599143457,0.0907967877444313,0.0620738728030596,0.217961925917355,0.0726735756030713,0.295244783975366,0.142550886119412,"Human_Breast_He_06222020_ST_BC24044_E2"
"Human_Breast_He_06222020_ST_BC24044_E2_24x29",0.018029936490089,0.166964704950282,0.229613479736826,0.000512817406114606,0.0018921081352045,0.184028101012747,0.0368004454480655,0.249933234552422,0.112225172268248,"Human_Breast_He_06222020_ST_BC24044_E2"
"Human_Breast_He_06222020_ST_BC24044_E2_21x17",0.000447940752708489,0.0381632276755704,0.138370501837572,0.000232670242357022,0.000309730227830253,0.0395305252598691,0.0736601894018075,0.695278809023274,0.0140064055790114,"Human_Breast_He_06222020_ST_BC24044_E2"
"Human_Breast_He_06222020_ST_BC24044_E2_21x16",0.00143084027546353,0.00556422319864866,0.00181498386823197,5.0760494463452e-05,8.80533354309778e-06,0.00345002225559394,0.156775004910164,0.830472905666469,0.000432453997422714,"Human_Breast_He_06222020_ST_BC24044_E2"
"Human_Breast_He_06222020_ST_BC24044_E2_21x15",0.0115704983224504,0.0437239079070119,0.01014442788927,2.20646372803688e-05,1.02318579339462e-05,0.00904167171139191,0.0142716291705794,0.900963028650216,0.0102525398538663,"Human_Breast_He_06222020_ST_BC24044_E2"
"Human_Breast_He_06222020_ST_BC24044_E2_21x14",0.125820443512247,0.124015347032832,0.0171811078282351,0.00120452085500268,0.000262827531632219,0.0263709438102693,0.152047909405121,0.39721225726227,0.155884642762391,"Human_Breast_He_06222020_ST_BC24044_E2"
"Human_Breast_He_06222020_ST_BC24044_E2_21x13",5.90786219348265e-05,0.0143321161770701,0.07591811867069,8.72490404743155e-05,0.000213757973406985,0.0518278817820277,0.261365451208935,0.561289060658726,0.034907285866735,"Human_Breast_He_06222020_ST_BC24044_E2"
"Human_Breast_He_06222020_ST_BC24044_E2_21x12",0.0104425626774557,0.100469985419416,0.068460138506265,0.0287007527950295,0.0215444722301071,0.0461735609258937,0.25935924115922,0.375132391665025,0.0897168946215883,"Human_Breast_He_06222020_ST_BC24044_E2"
"Human_Breast_He_06222020_ST_BC24044_E2_21x11",0.0355633248559691,0.0552699546841554,0.0220507967076693,0.0101187105289918,0.00227578258247661,0.063408967225142,0.338391952628158,0.362043473533095,0.110877037254343,"Human_Breast_He_06222020_ST_BC24044_E2"
"Human_Breast_He_06222020_ST_BC24044_E2_21x10",0.00308862078638133,0.0287280333789254,0.102229259861752,0.0749235515655882,0.070426063935062,0.0196632005535325,0.0601124267317453,0.507264320374598,0.133564522812415,"Human_Breast_He_06222020_ST_BC24044_E2"
"Human_Breast_He_06222020_ST_BC24044_E2_21x19",0.179703580874765,0.110577222005697,0.0387903105875443,0.221994678846995,0.124079189168094,0.0860662606304313,0.0140953435322893,0.204365084579556,0.0203283297746278,"Human_Breast_He_06222020_ST_BC24044_E2"
"Human_Breast_He_06222020_ST_BC24044_E2_21x18",0.0415648388209127,0.036761024547698,0.0947300443074811,0.110746236496704,0.313835765610062,0.107022501113318,0.015630029838744,0.25670125868037,0.0230083005847102,"Human_Breast_He_06222020_ST_BC24044_E2"
"Human_Breast_He_06222020_ST_BC24044_E2_22x9",0.0229359159517526,0.0585117177611826,0.0102109048805663,0.0353827847410997,0.0205677314185471,0.000251074374006738,0.0594167884461477,0.737690623031856,0.0550324593948415,"Human_Breast_He_06222020_ST_BC24044_E2"
"Human_Breast_He_06222020_ST_BC24044_E2_9x26",0.00277516599736353,0.00253183020295465,0.000170425180007027,0.0215197351720058,0.0222215979730496,0.00118020932204274,0.447999818642385,0.154452238000234,0.347148979509958,"Human_Breast_He_06222020_ST_BC24044_E2"
"Human_Breast_He_06222020_ST_BC24044_E2_9x21",0.0280434415466751,0.0403434396713571,0.00623593402837697,0.0294208898887893,0.00871034233149267,0.0624832763462704,0.0961668631206639,0.664250835846833,0.0643449772195416,"Human_Breast_He_06222020_ST_BC24044_E2"
"Human_Breast_He_06222020_ST_BC24044_E2_9x20",0.00968571756098769,0.0674095119210548,0.00912374366771551,0.0993177868508964,0.0312687433245713,0.117538869063364,0.0730046580896465,0.479452148649524,0.11319882087224,"Human_Breast_He_06222020_ST_BC24044_E2"
"Human_Breast_He_06222020_ST_BC24044_E2_9x22",0.00689634216616232,0.024709169428062,0.00508952966344343,0.0624821996159346,0.00183881240693817,0.0960491617813794,0.0961456919765857,0.671013398518427,0.0357756944430675,"Human_Breast_He_06222020_ST_BC24044_E2"
"Human_Breast_He_06222020_ST_BC24044_E2_13x23",0.0276502380381188,0.0510059240211653,0.0137531340091148,0.346807580779444,0.195560158082291,0.0656254210139839,0.0222697036910469,0.22450634864171,0.0528214917231261,"Human_Breast_He_06222020_ST_BC24044_E2"
"Human_Breast_He_06222020_ST_BC24044_E2_13x22",0.0437739119259703,0.0661033983032336,0.071798186711526,0.252428970033292,0.0422748547842215,0.0791902411533279,0.0805885718508723,0.264075244978344,0.0997666202592129,"Human_Breast_He_06222020_ST_BC24044_E2"
"Human_Breast_He_06222020_ST_BC24044_E2_13x21",0.133096274430103,0.0725722981297394,0.0538278860013375,0.0818708341230766,0.0827254994861791,0.203261307005391,0.029992128474955,0.256431848095249,0.086221924253969,"Human_Breast_He_06222020_ST_BC24044_E2"
"Human_Breast_He_06222020_ST_BC24044_E2_13x20",0.0350686132362666,0.0929799653602569,0.00854101862823553,0.137934527539747,0.209171153891633,0.0690228348637947,0.0177299788245004,0.371045535146301,0.058506372509265,"Human_Breast_He_06222020_ST_BC24044_E2"
"Human_Breast_He_06222020_ST_BC24044_E2_12x21",0.0617054294211309,0.136311784720363,0.0535416965206057,0.124971746617278,0.0850913198210291,0.105573419649694,0.102759267366433,0.162834746723422,0.167210589160045,"Human_Breast_He_06222020_ST_BC24044_E2"
"Human_Breast_He_06222020_ST_BC24044_E2_12x22",0.0484383368483507,0.10096270241553,0.0160956503461339,0.130665908080078,0.150103532518058,0.0763628650261455,0.0921317138867189,0.282725698045266,0.102513592833719,"Human_Breast_He_06222020_ST_BC24044_E2"
"Human_Breast_He_06222020_ST_BC24044_E2_12x23",0.00846857676252615,0.0709591403152893,0.0953757714474684,0.0635963499218269,0.168938473774797,0.0489458722852768,0.0479714537371721,0.465564292804456,0.0301800689511872,"Human_Breast_He_06222020_ST_BC24044_E2"
"Human_Breast_He_06222020_ST_BC24044_E2_24x17",6.35641886850502e-06,0.00759183620120603,0.00490729041598982,2.33042964162242e-06,4.98742867054555e-07,1.64981718081865e-05,0.109400605848868,0.868373952501933,0.00970063126881744,"Human_Breast_He_06222020_ST_BC24044_E2"
"Human_Breast_He_06222020_ST_BC24044_E2_14x30",0.00180007134587515,0.0306369108648613,0.00951580686215263,0.0656631929655943,0.123611619314406,0.00953398826214227,0.322990991457004,0.0130206747224592,0.423226744205505,"Human_Breast_He_06222020_ST_BC24044_E2"
"Human_Breast_He_06222020_ST_BC24044_E2_11x27",0.0106300492663613,0.141036769151639,0.036016123717159,0.0791318535449369,0.0423322367085101,0.00456402843518502,0.201178955894085,0.315751540052632,0.169358443229493,"Human_Breast_He_06222020_ST_BC24044_E2"
"Human_Breast_He_06222020_ST_BC24044_E2_11x26",0.00224978982419283,0.00563006105354729,0.000225254818607019,0.159035447479395,0.0387643926611975,0.00241560341484531,0.310029950862733,0.26209729470752,0.219552205177962,"Human_Breast_He_06222020_ST_BC24044_E2"
"Human_Breast_He_06222020_ST_BC24044_E2_11x21",0.0390013898027342,0.0612645031842758,0.042425923558557,0.457727244578375,0.13314035421091,0.046774151777164,0.0610716208128527,0.105845925899207,0.0527488861759241,"Human_Breast_He_06222020_ST_BC24044_E2"
"Human_Breast_He_06222020_ST_BC24044_E2_11x20",0.0998306367586828,0.0827415592887307,0.0281700372133936,0.079891263462638,0.0901785624345144,0.0847988853083507,0.112156460169052,0.256336631196877,0.165895964167761,"Human_Breast_He_06222020_ST_BC24044_E2"
"Human_Breast_He_06222020_ST_BC24044_E2_11x22",0.0287567200678716,0.0316776155967639,0.0236559573567813,0.119895364687948,0.0901906004930649,0.0800940189869839,0.047338783742628,0.570650234633323,0.00774070443463525,"Human_Breast_He_06222020_ST_BC24044_E2"
"Human_Breast_He_06222020_ST_BC24044_E2_18x19",0.192959819579061,0.0698389142004451,0.0794953234741404,0.192635713665177,0.209934967508557,0.0546544074427897,0.0387659920323525,0.132883273410949,0.0288315886865287,"Human_Breast_He_06222020_ST_BC24044_E2"
"Human_Breast_He_06222020_ST_BC24044_E2_18x13",0.000250504773408691,0.0244738959310466,0.00205338051595255,4.79816952994251e-06,1.59475716290899e-05,0.0609321690321661,0.0336791564921948,0.866414140191923,0.0121760073221488,"Human_Breast_He_06222020_ST_BC24044_E2"
"Human_Breast_He_06222020_ST_BC24044_E2_18x11",0.000856147765146089,0.0653798041869674,0.0389555340194894,0.00820428760049259,0.00688990934948691,0.0473103514623218,0.183137796849005,0.545706116407098,0.103560052359993,"Human_Breast_He_06222020_ST_BC24044_E2"
"Human_Breast_He_06222020_ST_BC24044_E2_18x9",0.000597875062909802,0.0327567772326174,0.0908100749405491,0.0477976192268856,0.00265869360984554,0.170182300671953,0.0635254713255057,0.51913074374773,0.0725404441820032,"Human_Breast_He_06222020_ST_BC24044_E2"
"Human_Breast_He_06222020_ST_BC24044_E2_19x20",0.0270259017980553,0.0451464279203892,0.0644377737101787,0.432706791305415,0.0191695930283118,0.0770827434058892,0.0870294033230923,0.191677554719103,0.0557238107895653,"Human_Breast_He_06222020_ST_BC24044_E2"
"Human_Breast_He_06222020_ST_BC24044_E2_23x27",0.087598249875841,0.252202294698562,0.0341859781298839,0.115491493259798,0.01231166221637,0.196987447424518,0.0231322059629592,0.271709033956958,0.00638163447510944,"Human_Breast_He_06222020_ST_BC24044_E2"
"Human_Breast_He_06222020_ST_BC24044_E2_17x24",0.017246111783079,0.0520710556718901,0.0206857670087551,0.05238818312747,0.0188995582179599,0.099599686687022,0.0313079494643249,0.692283510545302,0.0155181774941972,"Human_Breast_He_06222020_ST_BC24044_E2"
"Human_Breast_He_06222020_ST_BC24044_E2_6x16",0.0346720792441652,0.035225811983826,0.0209599369275104,0.0904211332308049,0.00368664557203794,0.107429982687035,0.0101959110915359,0.558785696401477,0.138622802861608,"Human_Breast_He_06222020_ST_BC24044_E2"
"Human_Breast_He_06222020_ST_BC24044_E2_20x24",0.0210185005050592,0.0383100444039423,0.00376030711569039,0.00621064257508267,0.0353203067934318,0.0315261877883754,0.0973757635303112,0.592125398908468,0.174352848379639,"Human_Breast_He_06222020_ST_BC24044_E2"
"Human_Breast_He_06222020_ST_BC24044_E2_14x28",0.0261294483190673,0.0280825158676817,0.0204531647475764,0.112432047002686,0.0243466768246112,0.0931777718055325,0.135890535861535,0.378784948250646,0.180702891320664,"Human_Breast_He_06222020_ST_BC24044_E2"
"Human_Breast_He_06222020_ST_BC24044_E2_16x34",0.133371959901693,0.0385464632616838,0.0206591270728723,0.0459896133040306,0.00216739112780189,0.0262110075722272,0.260205513734065,0.442662372084387,0.0301865519412397,"Human_Breast_He_06222020_ST_BC24044_E2"
