"","Endothelial","CAFs","PVL","B-cells","T-cells","Myeloid","Normal Epithelial","Plasmablasts","Cancer Epithelial","sid"
"Human_Breast_He_06222020_ST_BC23803_D2_23x20",0.0815608249009127,0.0955534560794394,0.0254050119494099,0.235111436807562,0.0396099715433802,0.130797703838503,0.347671274638874,0.0163369225074966,0.0279533977344226,"Human_Breast_He_06222020_ST_BC23803_D2"
"Human_Breast_He_06222020_ST_BC23803_D2_23x21",0.127304912347107,0.0628372579689104,0.0280801480831308,0.150235494764043,0.080845777822612,0.0966369359877143,0.306792372611619,0.0872232038177997,0.060043896597064,"Human_Breast_He_06222020_ST_BC23803_D2"
"Human_Breast_He_06222020_ST_BC23803_D2_23x22",0.115870955975968,0.0686755712915131,0.0255326650840094,0.210424272612232,0.0565453307275649,0.137002844282794,0.313006333403548,0.0303552256213323,0.0425868010010379,"Human_Breast_He_06222020_ST_BC23803_D2"
"Human_Breast_He_06222020_ST_BC23803_D2_23x23",0.112335940691619,0.0625211740658803,0.0310833162316446,0.258915945325001,0.0408396286400218,0.109695274355495,0.296185494284377,0.0523007862092126,0.0361224401967477,"Human_Breast_He_06222020_ST_BC23803_D2"
"Human_Breast_He_06222020_ST_BC23803_D2_23x24",0.138541940232952,0.052702035954301,0.053504336835063,0.122922193680176,0.0948292031537021,0.149238584382572,0.308652672667408,0.0187785262551645,0.0608305068386623,"Human_Breast_He_06222020_ST_BC23803_D2"
"Human_Breast_He_06222020_ST_BC23803_D2_23x25",0.179604722669329,0.0253696939980577,0.0140092159996851,0.057463555702111,0.030429947685019,0.173223341187919,0.433079623476808,0.0332360133927669,0.0535838858883044,"Human_Breast_He_06222020_ST_BC23803_D2"
"Human_Breast_He_06222020_ST_BC23803_D2_23x26",0.184502761122464,0.0877798072407169,0.0625113857781224,0.069199728772067,0.086951445487342,0.121170554191768,0.305763921587538,0.051230411643465,0.0308899841765152,"Human_Breast_He_06222020_ST_BC23803_D2"
"Human_Breast_He_06222020_ST_BC23803_D2_23x27",0.118205422295908,0.0770931596320086,0.0459989127746587,0.0823471120863804,0.0597257239668616,0.150051480570032,0.40415037366673,0.0161138436327757,0.0463139713746454,"Human_Breast_He_06222020_ST_BC23803_D2"
"Human_Breast_He_06222020_ST_BC23803_D2_23x28",0.156615653515556,0.0738758567968714,0.0334222568816627,0.093493084467395,0.0706977454024001,0.0962207008525557,0.444195347586262,0.00353637183971594,0.0279429826575811,"Human_Breast_He_06222020_ST_BC23803_D2"
"Human_Breast_He_06222020_ST_BC23803_D2_23x29",0.159128237250405,0.149546946473196,0.0373577811450301,0.057498402083896,0.0904825091828574,0.0618369159792311,0.374574718320195,0.0432410537131993,0.0263334358519901,"Human_Breast_He_06222020_ST_BC23803_D2"
"Human_Breast_He_06222020_ST_BC23803_D2_16x16",0.11427706626429,0.0932694723608551,0.0379802740828542,0.0816778552458607,0.0670712547708454,0.190388821518093,0.318191706234544,0.0459752892876625,0.051168260234996,"Human_Breast_He_06222020_ST_BC23803_D2"
"Human_Breast_He_06222020_ST_BC23803_D2_7x32",0.0839923987807414,0.0774949558732119,0.020065716552077,0.138760096971091,0.0248477189384095,0.273950422944005,0.233736088731807,0.0941790293771512,0.0529735718315062,"Human_Breast_He_06222020_ST_BC23803_D2"
"Human_Breast_He_06222020_ST_BC23803_D2_8x25",0.0663934839610836,0.0719280085584301,0.078947257661358,0.189660894644946,0.0199951905238027,0.249649669173761,0.184089199987496,0.076454551244735,0.0628817442443876,"Human_Breast_He_06222020_ST_BC23803_D2"
"Human_Breast_He_06222020_ST_BC23803_D2_20x20",0.0794103999677739,0.0642069152087899,0.0113978902617489,0.121106697222192,0.0496761566326319,0.184306092231911,0.417456664063165,0.0542584899239415,0.0181806944878463,"Human_Breast_He_06222020_ST_BC23803_D2"
"Human_Breast_He_06222020_ST_BC23803_D2_20x23",0.115094071886649,0.0849766171328926,0.0384341860377045,0.119296300142865,0.0487079573021895,0.188397244090134,0.261792541969439,0.0486635294197564,0.0946375520183695,"Human_Breast_He_06222020_ST_BC23803_D2"
"Human_Breast_He_06222020_ST_BC23803_D2_18x28",0.1170218754601,0.0988667338626358,0.0181508989812802,0.0923033069568806,0.0701450019369684,0.155260279637704,0.387034876590744,0.0203308948132059,0.0408861317604818,"Human_Breast_He_06222020_ST_BC23803_D2"
"Human_Breast_He_06222020_ST_BC23803_D2_18x29",0.119883936963805,0.0795970947507534,0.0391741162514101,0.187656915080761,0.0418869982260313,0.213302450216724,0.224046529170447,0.0344323329946984,0.0600196263453693,"Human_Breast_He_06222020_ST_BC23803_D2"
"Human_Breast_He_06222020_ST_BC23803_D2_18x26",0.0370123742230077,0.0820234542375773,0.00493109690530868,0.25854821998471,0.084559860968222,0.0758232883566149,0.44151770834327,0.0034681548582248,0.0121158421230643,"Human_Breast_He_06222020_ST_BC23803_D2"
"Human_Breast_He_06222020_ST_BC23803_D2_25x17",0.0892018406643911,0.127259737912104,0.0552699738582418,0.0934707071125297,0.023863128371453,0.157684101217959,0.202363295690573,0.214674681280383,0.0362125338923648,"Human_Breast_He_06222020_ST_BC23803_D2"
"Human_Breast_He_06222020_ST_BC23803_D2_18x24",0.120120542303768,0.0865138327052492,0.0560684710441708,0.0476887541014136,0.0403412520226742,0.18346982329325,0.436290186624464,0.00391855635960856,0.0255885815454014,"Human_Breast_He_06222020_ST_BC23803_D2"
"Human_Breast_He_06222020_ST_BC23803_D2_18x25",0.0876086834406056,0.0803666897518453,0.00967913756337662,0.152957265720297,0.0673113174346758,0.16857030007431,0.391548887932984,0.0179935471957916,0.023964170886114,"Human_Breast_He_06222020_ST_BC23803_D2"
"Human_Breast_He_06222020_ST_BC23803_D2_18x22",0.157127431643025,0.0970822331239948,0.0573875000316478,0.0384381503273271,0.0303941014585369,0.231565507104389,0.331224025849856,0.0180128993989384,0.0387681510622842,"Human_Breast_He_06222020_ST_BC23803_D2"
"Human_Breast_He_06222020_ST_BC23803_D2_18x23",0.174290032358919,0.0766023302135453,0.0358411695559723,0.0637209554036834,0.0118155850009891,0.200868133005751,0.328733955501419,0.0802248909828471,0.027902947976874,"Human_Breast_He_06222020_ST_BC23803_D2"
"Human_Breast_He_06222020_ST_BC23803_D2_18x20",0.156393478021968,0.0657496354233972,0.0653510022957111,0.106386114940015,0.0434397433348827,0.176573145576751,0.324568129533768,0.00661697511309026,0.0549217757604166,"Human_Breast_He_06222020_ST_BC23803_D2"
"Human_Breast_He_06222020_ST_BC23803_D2_18x21",0.175024313599127,0.0474721315232069,0.024672245613556,0.232390807961438,0.0411869941025072,0.141917360383032,0.285099777584621,0.0267248125046836,0.0255115567278285,"Human_Breast_He_06222020_ST_BC23803_D2"
"Human_Breast_He_06222020_ST_BC23803_D2_20x27",0.168460072691147,0.0555498448304371,0.0263221400969679,0.154793008858294,0.0575771544332944,0.156712568604064,0.339248341208802,0.00681193236581439,0.0345249369111788,"Human_Breast_He_06222020_ST_BC23803_D2"
"Human_Breast_He_06222020_ST_BC23803_D2_24x21",0.0721440209716997,0.0734006503241819,0.0160569100352223,0.332481866349786,0.0287045661485614,0.08570046699625,0.363618125629406,0.00400414983871305,0.0238892437061801,"Human_Breast_He_06222020_ST_BC23803_D2"
"Human_Breast_He_06222020_ST_BC23803_D2_25x18",0.115454600705274,0.0712955653843744,0.0330888451992369,0.0958077068325645,0.0310684001406204,0.173264642673552,0.418739537119576,0.0180710389490056,0.0432096629957964,"Human_Breast_He_06222020_ST_BC23803_D2"
"Human_Breast_He_06222020_ST_BC23803_D2_8x23",0.104598785580503,0.0779445292328667,0.0585889862395188,0.105051322876709,0.0320348559286134,0.188436250012335,0.380638110603375,0.017388060847579,0.0353190986785004,"Human_Breast_He_06222020_ST_BC23803_D2"
"Human_Breast_He_06222020_ST_BC23803_D2_8x20",0.0639866927900304,0.0675173346868707,0.0606503027749172,0.129409963247832,0.0387563362351748,0.237781841651803,0.209346211419682,0.145814753346202,0.0467365638474883,"Human_Breast_He_06222020_ST_BC23803_D2"
"Human_Breast_He_06222020_ST_BC23803_D2_8x21",0.114679495011328,0.0873223379134075,0.0352496679361634,0.023948155519425,0.0271315585239019,0.288664151051317,0.292887305570016,0.045594660472466,0.0845226680019754,"Human_Breast_He_06222020_ST_BC23803_D2"
"Human_Breast_He_06222020_ST_BC23803_D2_20x32",0.151261876052151,0.0783813995931423,0.0256048071029018,0.0791750722170205,0.0835933257319132,0.112421569730531,0.294983981893027,0.119892767427759,0.0546852002515543,"Human_Breast_He_06222020_ST_BC23803_D2"
"Human_Breast_He_06222020_ST_BC23803_D2_20x30",0.0872898958585112,0.0694642531604868,0.0380824518289942,0.080778395061601,0.0213965064508281,0.207323870697494,0.29104801430047,0.177783460411511,0.0268331522301043,"Human_Breast_He_06222020_ST_BC23803_D2"
"Human_Breast_He_06222020_ST_BC23803_D2_29x18",0.103585861961607,0.0980536916008222,0.0367421221364446,0.0935956515658446,0.0768621116129955,0.200502756641797,0.271647274273741,0.0479041583875258,0.0711063718192221,"Human_Breast_He_06222020_ST_BC23803_D2"
"Human_Breast_He_06222020_ST_BC23803_D2_26x17",0.106593715486765,0.0653360152488924,0.0973977881704582,0.129407635700242,0.0773683479892537,0.187508110134956,0.18327198937053,0.0765952339180621,0.0765211639808406,"Human_Breast_He_06222020_ST_BC23803_D2"
"Human_Breast_He_06222020_ST_BC23803_D2_18x27",0.0865434172648037,0.130249113367172,0.0511804640251404,0.0128392659278798,0.0228902595272178,0.183297331411122,0.489772615793567,0.000637756590470942,0.0225897760926264,"Human_Breast_He_06222020_ST_BC23803_D2"
"Human_Breast_He_06222020_ST_BC23803_D2_23x19",0.114972758294908,0.0842743910828618,0.059116528756246,0.119477238204375,0.0509667606669768,0.124793625252331,0.300801712749037,0.114203925391059,0.0313930596022051,"Human_Breast_He_06222020_ST_BC23803_D2"
"Human_Breast_He_06222020_ST_BC23803_D2_23x18",0.129545055145157,0.0622273928823308,0.0486816927209107,0.0958274893044003,0.0529468841587901,0.171204508771535,0.386456880419679,0.024353436759639,0.0287566598375578,"Human_Breast_He_06222020_ST_BC23803_D2"
"Human_Breast_He_06222020_ST_BC23803_D2_23x17",0.124120947762499,0.0678409738820735,0.0585741487471805,0.078615588810556,0.0465702435051086,0.187530476952224,0.360386730508188,0.0392247340832747,0.0371361557488956,"Human_Breast_He_06222020_ST_BC23803_D2"
"Human_Breast_He_06222020_ST_BC23803_D2_23x16",0.0704862652368507,0.103559375106532,0.0641556911437148,0.137943429806146,0.0609951681892965,0.20173844186044,0.286582813503454,0.0277063779312249,0.0468324372223417,"Human_Breast_He_06222020_ST_BC23803_D2"
"Human_Breast_He_06222020_ST_BC23803_D2_8x22",0.138705850671724,0.0825528413789803,0.0425412195871766,0.0751309284154163,0.0215625802313872,0.224280091125361,0.276921798882971,0.0644780554397032,0.0738266342672807,"Human_Breast_He_06222020_ST_BC23803_D2"
"Human_Breast_He_06222020_ST_BC23803_D2_11x17",0.16003802690122,0.0946857179724358,0.0425960627727364,0.0436987434154199,0.048622120834089,0.178159649597692,0.311624363636902,0.0514685057492662,0.0691068091202384,"Human_Breast_He_06222020_ST_BC23803_D2"
"Human_Breast_He_06222020_ST_BC23803_D2_8x26",0.0565579685840759,0.0912818480934182,0.100791119733627,0.196298343639703,0.0243079334992949,0.212414953786032,0.15817745054061,0.0988720201480356,0.0612983619752043,"Human_Breast_He_06222020_ST_BC23803_D2"
"Human_Breast_He_06222020_ST_BC23803_D2_8x27",0.0841223479754634,0.0476279234197138,0.0339863006889999,0.0960461395851666,0.00980946931850168,0.281066999799685,0.207391159748886,0.195458594951192,0.0444910645123918,"Human_Breast_He_06222020_ST_BC23803_D2"
"Human_Breast_He_06222020_ST_BC23803_D2_8x24",0.0646420962725503,0.0778917949114847,0.030803075646574,0.250703434293261,0.057374024100257,0.196586314824533,0.19802018118065,0.0480000721401582,0.0759790066305319,"Human_Breast_He_06222020_ST_BC23803_D2"
"Human_Breast_He_06222020_ST_BC23803_D2_8x28",0.0350751658812908,0.0873116959219027,0.0829609915846222,0.0843057954363328,0.0094786162448934,0.277511644894173,0.268683531879529,0.107633615791683,0.0470389423655738,"Human_Breast_He_06222020_ST_BC23803_D2"
"Human_Breast_He_06222020_ST_BC23803_D2_8x29",0.101153812213652,0.0845423908109196,0.0595640733507509,0.0421983020074203,0.0130141060161638,0.258486585331941,0.299659094879406,0.101805449198711,0.0395761861910357,"Human_Breast_He_06222020_ST_BC23803_D2"
"Human_Breast_He_06222020_ST_BC23803_D2_11x18",0.0837579027368988,0.100258165800992,0.0478311595832656,0.0696312798139932,0.0350159713872233,0.258205548263787,0.324665375248531,0.0313957399853501,0.0492388571799589,"Human_Breast_He_06222020_ST_BC23803_D2"
"Human_Breast_He_06222020_ST_BC23803_D2_11x19",0.0881843782285247,0.0603795951048951,0.030025932130795,0.196603980806546,0.0368438667284846,0.216141978660079,0.228290011882094,0.0787726408312792,0.064757615627302,"Human_Breast_He_06222020_ST_BC23803_D2"
"Human_Breast_He_06222020_ST_BC23803_D2_17x18",0.156564333598613,0.0630318566474032,0.0156316981010646,0.0689259593600043,0.0414386177297305,0.25489506004488,0.35211824579525,0.00749355881816228,0.0399006699048921,"Human_Breast_He_06222020_ST_BC23803_D2"
"Human_Breast_He_06222020_ST_BC23803_D2_26x19",0.0595886042188796,0.0938456142203442,0.0725056339188671,0.171840233574126,0.0441700591254531,0.138738317141892,0.350781856083695,0.0275187050880976,0.0410109766286453,"Human_Breast_He_06222020_ST_BC23803_D2"
"Human_Breast_He_06222020_ST_BC23803_D2_17x16",0.102880225447467,0.0887309392312594,0.05102364709644,0.092566966488367,0.077368097834907,0.191376603510213,0.338231499321256,0.0211675262311602,0.0366544948389301,"Human_Breast_He_06222020_ST_BC23803_D2"
"Human_Breast_He_06222020_ST_BC23803_D2_17x17",0.166233579773207,0.0883703592444298,0.0407264005726141,0.0570917998459377,0.0278184861293089,0.203672985708884,0.314928821933492,0.0564342222416123,0.0447233445505139,"Human_Breast_He_06222020_ST_BC23803_D2"
"Human_Breast_He_06222020_ST_BC23803_D2_26x18",0.0955409504769464,0.0955031616019519,0.0247318808804306,0.190081231526749,0.099496526206554,0.123091354259319,0.274748235977234,0.0402844374053754,0.0565222216654397,"Human_Breast_He_06222020_ST_BC23803_D2"
"Human_Breast_He_06222020_ST_BC23803_D2_26x16",0.0932541878205936,0.07449435454984,0.0237734114862868,0.0833927737426246,0.0234203305472665,0.261825816236255,0.369915299218821,0.0240717791687095,0.0458520472296032,"Human_Breast_He_06222020_ST_BC23803_D2"
"Human_Breast_He_06222020_ST_BC23803_D2_13x30",0.13376094846841,0.0922932438353463,0.0384941728311526,0.113808363469939,0.061929165883077,0.171660857085465,0.324184571918157,0.0295226190754101,0.0343460574330435,"Human_Breast_He_06222020_ST_BC23803_D2"
"Human_Breast_He_06222020_ST_BC23803_D2_26x15",0.0778598516510879,0.0585166172932295,0.0488203222459689,0.0735659940539695,0.0494115599581191,0.175611947348224,0.321874318524066,0.105806751015458,0.0885326379098773,"Human_Breast_He_06222020_ST_BC23803_D2"
"Human_Breast_He_06222020_ST_BC23803_D2_10x26",0.112805686760672,0.114497883915962,0.0390840291351687,0.115306980935471,0.0201642894039984,0.204712809136475,0.324356377891688,0.0429259953329228,0.0261459474876425,"Human_Breast_He_06222020_ST_BC23803_D2"
"Human_Breast_He_06222020_ST_BC23803_D2_10x27",0.146356386137876,0.128813371743229,0.0525311535323465,0.0161450664264571,0.051666840541733,0.245224190583138,0.26433440750177,0.0400844149121722,0.0548441686212779,"Human_Breast_He_06222020_ST_BC23803_D2"
"Human_Breast_He_06222020_ST_BC23803_D2_10x24",0.104147530605333,0.0713695885347277,0.0856076936398231,0.0716092875920085,0.032673713296371,0.275013353805482,0.198031140347915,0.0854763093669462,0.0760713828113937,"Human_Breast_He_06222020_ST_BC23803_D2"
"Human_Breast_He_06222020_ST_BC23803_D2_10x25",0.0583593074091559,0.0849947620651856,0.0608012622405868,0.0843952484211766,0.0234716449447925,0.287129520290634,0.162348089743081,0.133615826927078,0.10488433795831,"Human_Breast_He_06222020_ST_BC23803_D2"
"Human_Breast_He_06222020_ST_BC23803_D2_10x22",0.115256190318967,0.104390639718403,0.0514164279746158,0.0613485325906033,0.0245099194820449,0.283071607482697,0.280113815744802,0.0233005553143289,0.0565923113735382,"Human_Breast_He_06222020_ST_BC23803_D2"
"Human_Breast_He_06222020_ST_BC23803_D2_10x23",0.0966392322618302,0.100256556382603,0.131665573234182,0.045537532931582,0.0172037266186727,0.232352694759594,0.320174790335415,0.0176506592353923,0.0385192342407283,"Human_Breast_He_06222020_ST_BC23803_D2"
"Human_Breast_He_06222020_ST_BC23803_D2_10x20",0.086109960864215,0.0674606253367019,0.020297408803161,0.321012696158529,0.0289062105092704,0.159606735414749,0.162280565923635,0.072643814065006,0.0816819829247328,"Human_Breast_He_06222020_ST_BC23803_D2"
"Human_Breast_He_06222020_ST_BC23803_D2_10x21",0.0860314903727475,0.081583298909977,0.0539711654681641,0.079336813007261,0.0645033484269188,0.245271145009071,0.256863705818686,0.0570846904253162,0.0753543425618587,"Human_Breast_He_06222020_ST_BC23803_D2"
"Human_Breast_He_06222020_ST_BC23803_D2_10x28",0.102251200691527,0.103999205570638,0.0716354790554142,0.0436399054386573,0.0198310635209954,0.255152326661705,0.273233312160705,0.0759293417869609,0.0543281651133977,"Human_Breast_He_06222020_ST_BC23803_D2"
"Human_Breast_He_06222020_ST_BC23803_D2_10x29",0.139649049915336,0.0978328236328477,0.0479666160004335,0.10599872477275,0.010429714372267,0.247630753391062,0.289796439320552,0.0210949842758845,0.0396008943188683,"Human_Breast_He_06222020_ST_BC23803_D2"
"Human_Breast_He_06222020_ST_BC23803_D2_7x17",0.0518562252586849,0.0926138639455829,0.044667721565136,0.0266587564032757,0.013642640612171,0.310179338469449,0.276244997907049,0.146818459279213,0.0373179965594385,"Human_Breast_He_06222020_ST_BC23803_D2"
"Human_Breast_He_06222020_ST_BC23803_D2_7x18",0.100449406909741,0.0885153721954241,0.0270661846689328,0.206387359271355,0.0360243068024488,0.25150024195038,0.168601123977671,0.067400396406272,0.0540556078177752,"Human_Breast_He_06222020_ST_BC23803_D2"
"Human_Breast_He_06222020_ST_BC23803_D2_7x19",0.0568733854381991,0.110847629999377,0.0378978393825085,0.105857008313745,0.0170892048844417,0.231415223802684,0.263111230983276,0.120734030887394,0.0561744463083755,"Human_Breast_He_06222020_ST_BC23803_D2"
"Human_Breast_He_06222020_ST_BC23803_D2_19x32",0.141369376863979,0.0919374571320265,0.0177881150390209,0.0973890056728943,0.0473493480641499,0.132961315399382,0.37012308724774,0.0657620419482104,0.0353202526325985,"Human_Breast_He_06222020_ST_BC23803_D2"
"Human_Breast_He_06222020_ST_BC23803_D2_19x30",0.0966207804180128,0.0761430946033192,0.0286733644538465,0.227774372961897,0.0720890748210112,0.158373971826312,0.266808390327302,0.0156866255858808,0.0578303250024192,"Human_Breast_He_06222020_ST_BC23803_D2"
"Human_Breast_He_06222020_ST_BC23803_D2_19x31",0.162586036933663,0.0760142418182143,0.0686970655022571,0.119792796691812,0.0410184539984952,0.184024707910396,0.27441433473863,0.0133009639707393,0.0601513984357944,"Human_Breast_He_06222020_ST_BC23803_D2"
"Human_Breast_He_06222020_ST_BC23803_D2_24x29",0.110905029880096,0.0858049234510312,0.0428935110440586,0.278966965317436,0.0359888526772226,0.0764665520581057,0.308125300132933,0.0174562304946393,0.0433926349444776,"Human_Breast_He_06222020_ST_BC23803_D2"
"Human_Breast_He_06222020_ST_BC23803_D2_21x17",0.154465828843318,0.118004848375087,0.0445254564220092,0.0249691686634708,0.0209496139100673,0.224294482800488,0.365100801302336,0.0107121896445273,0.0369776100386957,"Human_Breast_He_06222020_ST_BC23803_D2"
"Human_Breast_He_06222020_ST_BC23803_D2_21x16",0.0928711401216232,0.0924228606989922,0.0423044550057119,0.136378160207782,0.0339277716021761,0.174360280646367,0.362291883586936,0.0312094253507716,0.0342340227796397,"Human_Breast_He_06222020_ST_BC23803_D2"
"Human_Breast_He_06222020_ST_BC23803_D2_21x15",0.122633102833352,0.0721395104447318,0.0599262921969814,0.130701926104224,0.0260251734001895,0.188388405997901,0.222974559773788,0.085029371625339,0.0921816576234937,"Human_Breast_He_06222020_ST_BC23803_D2"
"Human_Breast_He_06222020_ST_BC23803_D2_21x19",0.10111546993465,0.0569390739556106,0.0458523413886109,0.175765519915044,0.0505622290543834,0.131880079457636,0.36151899497913,0.0360519625263631,0.0403143287885708,"Human_Breast_He_06222020_ST_BC23803_D2"
"Human_Breast_He_06222020_ST_BC23803_D2_21x18",0.178610503705899,0.0483380179859483,0.0395757179905038,0.180231780118332,0.0902938830306802,0.130040223745028,0.220291716298988,0.0598734903612055,0.0527446667634152,"Human_Breast_He_06222020_ST_BC23803_D2"
"Human_Breast_He_06222020_ST_BC23803_D2_9x25",0.0517175050565786,0.0692161429536907,0.0279746820513173,0.0754223540961497,0.0219285311264339,0.28647633212277,0.214418173061671,0.171473848777195,0.0813724307541939,"Human_Breast_He_06222020_ST_BC23803_D2"
"Human_Breast_He_06222020_ST_BC23803_D2_9x24",0.0765885019545782,0.0656692564474683,0.086716720221112,0.156080242660383,0.0527177671206297,0.194247468219091,0.219123706086969,0.100153854836374,0.0487024824533956,"Human_Breast_He_06222020_ST_BC23803_D2"
"Human_Breast_He_06222020_ST_BC23803_D2_13x29",0.0783594197159914,0.0895099562070926,0.0287875379579179,0.0612936058463994,0.021818662158803,0.324984720865537,0.281463560303359,0.0394345815134899,0.0743479554314096,"Human_Breast_He_06222020_ST_BC23803_D2"
"Human_Breast_He_06222020_ST_BC23803_D2_13x28",0.0590457470422929,0.101376865460128,0.0268857701675471,0.172204906876015,0.0314999323183339,0.229025056982958,0.305253000184717,0.0420478018990332,0.0326609190689754,"Human_Breast_He_06222020_ST_BC23803_D2"
"Human_Breast_He_06222020_ST_BC23803_D2_9x21",0.0728011211571338,0.0699082496229563,0.0456418214709071,0.15969191014226,0.0278727766237617,0.202813413595737,0.205134564329216,0.15836341883823,0.0577727242197985,"Human_Breast_He_06222020_ST_BC23803_D2"
"Human_Breast_He_06222020_ST_BC23803_D2_9x20",0.0944179338365579,0.065732606669823,0.0402501524433743,0.18464343714046,0.0362862455559657,0.192433507292637,0.207821558217478,0.106439277706188,0.0719752811375156,"Human_Breast_He_06222020_ST_BC23803_D2"
"Human_Breast_He_06222020_ST_BC23803_D2_9x23",0.113679155988801,0.0671584488550442,0.0646423591572758,0.139903638426683,0.0290771457133498,0.172826465016893,0.253395502779335,0.11595952426483,0.0433577597977875,"Human_Breast_He_06222020_ST_BC23803_D2"
"Human_Breast_He_06222020_ST_BC23803_D2_9x22",0.0850081249724765,0.0843044616107183,0.057358216079204,0.0974940524608233,0.0225284189292751,0.287023325240628,0.292792968014524,0.0289606866629434,0.0445297460294074,"Human_Breast_He_06222020_ST_BC23803_D2"
"Human_Breast_He_06222020_ST_BC23803_D2_13x23",0.0606194444278355,0.0681042465184879,0.0448003635468933,0.258867700821847,0.0467258634505805,0.162393268312803,0.291285058368266,0.00926685949452461,0.0579371950587626,"Human_Breast_He_06222020_ST_BC23803_D2"
"Human_Breast_He_06222020_ST_BC23803_D2_12x25",0.1009856879625,0.0871670702870533,0.0412379464344737,0.145392080335174,0.0226358824869122,0.240952688422567,0.213985157493965,0.0736854402304286,0.0739580463469258,"Human_Breast_He_06222020_ST_BC23803_D2"
"Human_Breast_He_06222020_ST_BC23803_D2_12x26",0.0909470680163316,0.0901972601570399,0.0372624296846241,0.100568468098171,0.046552027820629,0.268448441882194,0.200754700185573,0.0947579493559376,0.0705116547995008,"Human_Breast_He_06222020_ST_BC23803_D2"
"Human_Breast_He_06222020_ST_BC23803_D2_12x27",0.101865574163729,0.0853093129890738,0.0554411580081078,0.0942976412612662,0.0292862017452055,0.286609690590971,0.265202113729785,0.0326769244583499,0.0493113830535117,"Human_Breast_He_06222020_ST_BC23803_D2"
"Human_Breast_He_06222020_ST_BC23803_D2_9x29",0.124206223254656,0.103712349274711,0.0542594010158924,0.070702732818383,0.0149875052472712,0.2418928294278,0.252148685674479,0.0780956265055399,0.0599946467812678,"Human_Breast_He_06222020_ST_BC23803_D2"
"Human_Breast_He_06222020_ST_BC23803_D2_12x21",0.079491938839645,0.0899369873090452,0.0332532040451289,0.200785720915388,0.0716797256749125,0.129680315578528,0.322624222109853,0.00716618601606626,0.065381699511433,"Human_Breast_He_06222020_ST_BC23803_D2"
"Human_Breast_He_06222020_ST_BC23803_D2_13x25",0.0939908609664212,0.0993270750017913,0.0656207480524766,0.0473562199318984,0.0241652602110399,0.234434827557349,0.266303371599094,0.0836390707686503,0.0851625659112802,"Human_Breast_He_06222020_ST_BC23803_D2"
"Human_Breast_He_06222020_ST_BC23803_D2_12x23",0.106815488667657,0.0806570496837183,0.0964191915626771,0.145108664692393,0.0766788810524636,0.133096758769466,0.243665633466033,0.079445367047444,0.0381129650581482,"Human_Breast_He_06222020_ST_BC23803_D2"
"Human_Breast_He_06222020_ST_BC23803_D2_13x21",0.182775277502614,0.0895518275101691,0.032252221448487,0.117362278009853,0.0970137883992,0.123149328858004,0.29043117319551,0.00172281848589801,0.0657412865902652,"Human_Breast_He_06222020_ST_BC23803_D2"
"Human_Breast_He_06222020_ST_BC23803_D2_14x25",0.211069148376405,0.0676771139183183,0.0521825103641862,0.104447129366609,0.0547702907119035,0.161964299570201,0.302507975139701,0.000379692609871993,0.0450018399428042,"Human_Breast_He_06222020_ST_BC23803_D2"
"Human_Breast_He_06222020_ST_BC23803_D2_25x31",0.0515618240477931,0.142738411301861,0.00258599754294878,0.0578849961223985,0.0164540403013039,0.106243899162155,0.556480907450434,0.0529879331117202,0.0130619909593867,"Human_Breast_He_06222020_ST_BC23803_D2"
"Human_Breast_He_06222020_ST_BC23803_D2_25x30",0.0676714121155367,0.0741128898850874,0.0476037463574181,0.361120942420016,0.0521023432125831,0.113109368846826,0.251801997978316,0.00963807196944961,0.0228392272147677,"Human_Breast_He_06222020_ST_BC23803_D2"
"Human_Breast_He_06222020_ST_BC23803_D2_25x32",0.172359277057065,0.0709458506532577,0.0588891978288623,0.0991840977242391,0.0391366207748805,0.12250156693727,0.396764818801849,0.0169441907599046,0.023274379462671,"Human_Breast_He_06222020_ST_BC23803_D2"
"Human_Breast_He_06222020_ST_BC23803_D2_11x29",0.111082945688411,0.0850820424453025,0.0298698010770022,0.0484726926272893,0.0157362813176856,0.234361480905621,0.399503727601671,0.0433551389224294,0.0325358894145873,"Human_Breast_He_06222020_ST_BC23803_D2"
"Human_Breast_He_06222020_ST_BC23803_D2_11x28",0.114854983325603,0.102207086368435,0.0628443423270455,0.0363039887839976,0.00627491958697695,0.317942658686711,0.261481670935404,0.0592468333430206,0.0388435166428066,"Human_Breast_He_06222020_ST_BC23803_D2"
"Human_Breast_He_06222020_ST_BC23803_D2_11x25",0.116889568877426,0.0786176145513747,0.026501978587354,0.0767359944089432,0.0281309839460525,0.28083307195506,0.271602939735793,0.0826503037041025,0.0380375442338936,"Human_Breast_He_06222020_ST_BC23803_D2"
"Human_Breast_He_06222020_ST_BC23803_D2_11x24",0.0880009161374918,0.0956003768862738,0.0268298342131559,0.0432736652256356,0.0486400970662786,0.255756185699463,0.373062588155315,0.0400014443751612,0.0288348922412258,"Human_Breast_He_06222020_ST_BC23803_D2"
"Human_Breast_He_06222020_ST_BC23803_D2_11x27",0.137612760744715,0.0749891058927631,0.0516419371957473,0.0386609377647913,0.0182578580574535,0.25220297397847,0.210924260642707,0.149464708154674,0.0662454575686784,"Human_Breast_He_06222020_ST_BC23803_D2"
"Human_Breast_He_06222020_ST_BC23803_D2_14x32",0.0811802053683206,0.0653634304352734,0.0654516775608457,0.0711310197359815,0.0526167068554954,0.246608652998022,0.324371428697578,0.04025899815882,0.0530178801896644,"Human_Breast_He_06222020_ST_BC23803_D2"
"Human_Breast_He_06222020_ST_BC23803_D2_11x21",0.102035378327042,0.0773821661705873,0.0597890182851834,0.0777946660589499,0.0301006658228639,0.248505790299825,0.308353164613502,0.0431826127409061,0.0528565376811412,"Human_Breast_He_06222020_ST_BC23803_D2"
"Human_Breast_He_06222020_ST_BC23803_D2_11x20",0.0805702978494415,0.0630610869633891,0.0356878932882354,0.28433780504598,0.0394102048372001,0.182811938797863,0.195019212217176,0.0580137451195509,0.0610878158811641,"Human_Breast_He_06222020_ST_BC23803_D2"
"Human_Breast_He_06222020_ST_BC23803_D2_11x23",0.130360044595637,0.074208175217832,0.0220819730476381,0.142286817433909,0.0445567054774708,0.187609678265047,0.355477254829327,0.00932557328694474,0.0340937778461948,"Human_Breast_He_06222020_ST_BC23803_D2"
"Human_Breast_He_06222020_ST_BC23803_D2_11x22",0.0431284543744093,0.0909105710984041,0.0439060445992555,0.190371329729594,0.0242063064236982,0.208309762834627,0.269619319403232,0.0861100821733458,0.043438129363435,"Human_Breast_He_06222020_ST_BC23803_D2"
"Human_Breast_He_06222020_ST_BC23803_D2_13x27",0.117409975704053,0.0866266463808655,0.021087861856325,0.0801047075356709,0.0199891914650907,0.220021313668713,0.433681737971323,0.00286875356316875,0.0182098118547907,"Human_Breast_He_06222020_ST_BC23803_D2"
"Human_Breast_He_06222020_ST_BC23803_D2_18x19",0.172737484218734,0.0703312858122306,0.0735196338510823,0.112354921915744,0.0202811600935625,0.189849921643534,0.30311129064853,0.0294899951322872,0.0283243066842945,"Human_Breast_He_06222020_ST_BC23803_D2"
"Human_Breast_He_06222020_ST_BC23803_D2_14x20",0.0735053295727831,0.108945115426461,0.0216390274796659,0.081837887049915,0.0493852684609729,0.153960215225425,0.422202504066056,0.0691415722900897,0.0193830804286313,"Human_Breast_He_06222020_ST_BC23803_D2"
"Human_Breast_He_06222020_ST_BC23803_D2_18x17",0.165977580446681,0.074353687354403,0.0316609411170858,0.149772672696894,0.0310666641462511,0.150517335935127,0.321409364281951,0.0496008085198028,0.0256409455018047,"Human_Breast_He_06222020_ST_BC23803_D2"
"Human_Breast_He_06222020_ST_BC23803_D2_27x32",0.110254188334082,0.106779071411246,0.0627843561944293,0.0230137365965599,0.0371541326122494,0.173204700522944,0.413816292275881,0.0374542530931689,0.0355392689594388,"Human_Breast_He_06222020_ST_BC23803_D2"
"Human_Breast_He_06222020_ST_BC23803_D2_27x31",0.128652549347027,0.0680674396674732,0.0221940675958272,0.181137715191198,0.130065572242942,0.112155120766277,0.29191464534461,0.0388281434891614,0.0269847463554849,"Human_Breast_He_06222020_ST_BC23803_D2"
"Human_Breast_He_06222020_ST_BC23803_D2_27x30",0.140247889274613,0.0813237549925244,0.0974137849272518,0.0716555613984913,0.0143816956854976,0.150404825000049,0.334564686837221,0.0759943810253395,0.0340134208590123,"Human_Breast_He_06222020_ST_BC23803_D2"
"Human_Breast_He_06222020_ST_BC23803_D2_25x27",0.189461955914671,0.070986003906085,0.0578038912436728,0.0550204945515042,0.0119650879229011,0.172284146603745,0.407181651090905,0.00377702596508316,0.0315197428014327,"Human_Breast_He_06222020_ST_BC23803_D2"
"Human_Breast_He_06222020_ST_BC23803_D2_17x25",0.0886557811831685,0.0804639306722848,0.0253065113698891,0.203901081342725,0.0428371486246781,0.200671041295146,0.288385974715425,0.0326955727474728,0.0370829580492104,"Human_Breast_He_06222020_ST_BC23803_D2"
"Human_Breast_He_06222020_ST_BC23803_D2_13x24",0.120286452416457,0.102216392027761,0.098794853460397,0.0937592991014934,0.0441243046372271,0.210382748375073,0.272581766838581,0.0219702198150793,0.0358839633279306,"Human_Breast_He_06222020_ST_BC23803_D2"
"Human_Breast_He_06222020_ST_BC23803_D2_20x24",0.119799057236131,0.06232589588213,0.0088936841770236,0.142053578357514,0.067435550512858,0.128117215029987,0.430893556845474,0.0272439134531123,0.0132375485057694,"Human_Breast_He_06222020_ST_BC23803_D2"
"Human_Breast_He_06222020_ST_BC23803_D2_29x31",0.1242707844584,0.068731666640141,0.196516514085922,0.00784537361437509,0.0249638715414647,0.113328103890655,0.327683224557498,0.00046268092614094,0.136197780285403,"Human_Breast_He_06222020_ST_BC23803_D2"
"Human_Breast_He_06222020_ST_BC23803_D2_29x30",0.106682399169295,0.067245493412636,0.0343582540846955,0.154737426852188,0.0575500224005888,0.140378452738909,0.359012416677521,0.0198737039129878,0.0601618307511783,"Human_Breast_He_06222020_ST_BC23803_D2"
"Human_Breast_He_06222020_ST_BC23803_D2_29x32",0.138224474454887,0.0684622996812771,0.0341288734126258,0.0867029035784765,0.0548698609277175,0.0809610739343787,0.416947560607099,0.0171625776284618,0.102540375775076,"Human_Breast_He_06222020_ST_BC23803_D2"
"Human_Breast_He_06222020_ST_BC23803_D2_25x29",0.0607707663144326,0.0481867604060564,0.0568382346268457,0.401501212998354,0.0303700756709486,0.0537618054574101,0.330691794932982,0.00228317711552644,0.0155961724774432,"Human_Breast_He_06222020_ST_BC23803_D2"
"Human_Breast_He_06222020_ST_BC23803_D2_29x26",0.118553260943958,0.0529172461700615,0.0145865408110993,0.102971469871736,0.0525941004385285,0.0992456631827035,0.443368497879295,0.0655838633389474,0.0501793573636706,"Human_Breast_He_06222020_ST_BC23803_D2"
"Human_Breast_He_06222020_ST_BC23803_D2_14x28",0.175014583183409,0.0653091631859816,0.0488698694144642,0.0020969639806497,0.00558236997508575,0.209072244310484,0.368010679872352,0.0945604523176713,0.0314836737599021,"Human_Breast_He_06222020_ST_BC23803_D2"
"Human_Breast_He_06222020_ST_BC23803_D2_16x32",0.0941281071664307,0.106435515308666,0.0797928988911204,0.0842775052363658,0.024687969772014,0.246970240913622,0.311789652502849,0.0215212897213594,0.0303968204875725,"Human_Breast_He_06222020_ST_BC23803_D2"
"Human_Breast_He_06222020_ST_BC23803_D2_16x31",0.0984370536601222,0.131809591357547,0.0883149403337833,0.115652089825961,0.0155550194154546,0.227100714640124,0.275620077288611,0.0135108074301089,0.033999706048288,"Human_Breast_He_06222020_ST_BC23803_D2"
"Human_Breast_He_06222020_ST_BC23803_D2_16x30",0.129598293350356,0.0797423121194289,0.0401785450497095,0.0930937758010025,0.0148690714096252,0.245353754072318,0.300493229169133,0.0571520561138261,0.0395189629146003,"Human_Breast_He_06222020_ST_BC23803_D2"
"Human_Breast_He_06222020_ST_BC23803_D2_14x17",0.113403044884671,0.085233691177216,0.0518877453590249,0.131025152095492,0.0248630442624808,0.28307837818532,0.271641846687856,0.00572252953549305,0.0331445678124464,"Human_Breast_He_06222020_ST_BC23803_D2"
"Human_Breast_He_06222020_ST_BC23803_D2_8x17",0.0564845345712814,0.0760687007813912,0.062428203984615,0.171748204219674,0.0263793790233986,0.217150815269131,0.19313006458177,0.125594111686078,0.0710159858826612,"Human_Breast_He_06222020_ST_BC23803_D2"
"Human_Breast_He_06222020_ST_BC23803_D2_29x27",0.0893921205884481,0.088040791065538,0.047216161778025,0.221432258780683,0.0526284975336357,0.169545110341298,0.250886390768681,0.0304681515960115,0.0503905175476788,"Human_Breast_He_06222020_ST_BC23803_D2"
"Human_Breast_He_06222020_ST_BC23803_D2_24x16",0.115343541984274,0.083779462791321,0.075525701824599,0.0653060795931851,0.0611225239053435,0.173779716538676,0.327201722865959,0.0503272731548049,0.0476139773418364,"Human_Breast_He_06222020_ST_BC23803_D2"
"Human_Breast_He_06222020_ST_BC23803_D2_24x17",0.0955917763649768,0.0651027467113451,0.0501925839521428,0.0629942847994592,0.0415726840683332,0.161121690032684,0.324411233072965,0.161862275647521,0.0371507253505732,"Human_Breast_He_06222020_ST_BC23803_D2"
"Human_Breast_He_06222020_ST_BC23803_D2_24x18",0.103328982866513,0.0903092915507774,0.056175709107438,0.109249648421419,0.032610803974679,0.121086616390002,0.306681549190918,0.153333575983089,0.0272238225151658,"Human_Breast_He_06222020_ST_BC23803_D2"
"Human_Breast_He_06222020_ST_BC23803_D2_24x19",0.135356833366355,0.0633938121737667,0.0619575703971371,0.170403738279103,0.0336015203568468,0.111287564284883,0.390892564424472,0.0133312508225543,0.0197751458948817,"Human_Breast_He_06222020_ST_BC23803_D2"
"Human_Breast_He_06222020_ST_BC23803_D2_13x26",0.0827514795931104,0.0748906872967557,0.0647451142851152,0.2051812327429,0.105452027769216,0.153278879044863,0.186228081572885,0.0839397012036865,0.0435327964914684,"Human_Breast_He_06222020_ST_BC23803_D2"
"Human_Breast_He_06222020_ST_BC23803_D2_28x16",0.0852265677344333,0.122291145264329,0.0322993394258449,0.0685834714741435,0.0359908216559248,0.181084042568898,0.37824183836549,0.0387080739939854,0.0575746995169509,"Human_Breast_He_06222020_ST_BC23803_D2"
"Human_Breast_He_06222020_ST_BC23803_D2_28x17",0.149965549573602,0.125672917058374,0.0428764291174663,0.0776409321350743,0.0199536436518028,0.198725813173137,0.276365557483058,0.0475971203855303,0.0612020374219548,"Human_Breast_He_06222020_ST_BC23803_D2"
"Human_Breast_He_06222020_ST_BC23803_D2_28x18",0.104596338422448,0.0677832431643455,0.0820275819136428,0.160233725597754,0.0397942772507361,0.105495387847852,0.372688395798121,0.0330371903708353,0.0343438596342663,"Human_Breast_He_06222020_ST_BC23803_D2"
"Human_Breast_He_06222020_ST_BC23803_D2_14x26",0.0773445214999719,0.0696546942201243,0.0715040445332154,0.0947959352782224,0.0731768553821597,0.231183794194953,0.34517393255391,0.00493813786693067,0.0322280844705124,"Human_Breast_He_06222020_ST_BC23803_D2"
"Human_Breast_He_06222020_ST_BC23803_D2_14x27",0.104650207760186,0.0962394083528311,0.0283799488895107,0.0180735527377936,0.0131512599231563,0.328747733767375,0.356857200687877,0.00166720816720997,0.05223347971406,"Human_Breast_He_06222020_ST_BC23803_D2"
"Human_Breast_He_06222020_ST_BC23803_D2_12x17",0.115633126846663,0.107055162777976,0.0478939478738116,0.0322181884333582,0.0274352789766563,0.212858399902026,0.371100651735731,0.0361515424279091,0.0496537010258685,"Human_Breast_He_06222020_ST_BC23803_D2"
"Human_Breast_He_06222020_ST_BC23803_D2_22x16",0.135018186767743,0.0729379377122413,0.088333132771776,0.109587953260949,0.0500813295192001,0.120877512469274,0.350680318718271,0.01059771750706,0.0618859112734867,"Human_Breast_He_06222020_ST_BC23803_D2"
"Human_Breast_He_06222020_ST_BC23803_D2_22x18",0.11345577417481,0.0580329935257004,0.0390233181411159,0.115531906302627,0.023044033996803,0.178155753823686,0.386465697173513,0.0461516634709983,0.0401388593907463,"Human_Breast_He_06222020_ST_BC23803_D2"
"Human_Breast_He_06222020_ST_BC23803_D2_22x19",0.114576365717585,0.10397538853705,0.0324306074094728,0.164867775976918,0.0751918612332889,0.102262510651102,0.348181044107826,0.024374052430488,0.0341403939362686,"Human_Breast_He_06222020_ST_BC23803_D2"
"Human_Breast_He_06222020_ST_BC23803_D2_12x19",0.0997201774271135,0.077112858418755,0.0210136617048713,0.114712126240181,0.0988551985492247,0.185184785674703,0.341696900761415,0.00751820299378795,0.0541860882299494,"Human_Breast_He_06222020_ST_BC23803_D2"
"Human_Breast_He_06222020_ST_BC23803_D2_12x18",0.0730298609265312,0.0861623585552766,0.0407166201921182,0.143855288908388,0.0492126130171048,0.150023843476731,0.418450890104725,0.00616204229089626,0.0323864825282292,"Human_Breast_He_06222020_ST_BC23803_D2"
"Human_Breast_He_06222020_ST_BC23803_D2_9x18",0.0746349965069752,0.096311070599604,0.0560163986200994,0.142750330269513,0.0629107708373247,0.208454087063362,0.249345447119775,0.0253301690890539,0.0842467298942937,"Human_Breast_He_06222020_ST_BC23803_D2"
"Human_Breast_He_06222020_ST_BC23803_D2_9x19",0.077671034526048,0.0650453066187219,0.0501104030488353,0.16496406652141,0.0418385625241055,0.245835318754674,0.231810152605281,0.0526101454133231,0.0701150099876,"Human_Breast_He_06222020_ST_BC23803_D2"
"Human_Breast_He_06222020_ST_BC23803_D2_9x17",0.0691519475342516,0.0945378873500302,0.0860149730244286,0.0878720863636259,0.0116916245952814,0.305528212411433,0.158006825879946,0.146454314472222,0.040742128368781,"Human_Breast_He_06222020_ST_BC23803_D2"
"Human_Breast_He_06222020_ST_BC23803_D2_8x19",0.0673244039172012,0.0680557595529094,0.0291126866155123,0.148300170150382,0.0279058381001039,0.216332723762924,0.195488189011647,0.164966204397984,0.0825140244913354,"Human_Breast_He_06222020_ST_BC23803_D2"
"Human_Breast_He_06222020_ST_BC23803_D2_8x18",0.0934272098095118,0.0823750530476539,0.0886955136401527,0.096461425050892,0.0307195206664843,0.33678889027738,0.185021335177286,0.0410382302751781,0.0454728220554617,"Human_Breast_He_06222020_ST_BC23803_D2"
"Human_Breast_He_06222020_ST_BC23803_D2_26x23",0.133922793062019,0.0866560260564712,0.0421409857776702,0.102179784498086,0.0676029055806701,0.160045192078621,0.347514955695043,0.0123079627050602,0.0476293945463595,"Human_Breast_He_06222020_ST_BC23803_D2"
"Human_Breast_He_06222020_ST_BC23803_D2_15x18",0.121263816234232,0.0544404476302601,0.0179950620860027,0.09279618935466,0.106321244314747,0.18952440361035,0.384794884662179,0.00458471917038284,0.0282792329371865,"Human_Breast_He_06222020_ST_BC23803_D2"
