"","Endothelial","CAFs","PVL","B-cells","T-cells","Myeloid","Normal Epithelial","Plasmablasts","Cancer Epithelial","sid"
"Human_Breast_Andersson_10142021_ST_F3_10x10",0.100741537480601,0.0553165332216772,0.026820956698387,0.0543044969999701,0.0519407362670203,0.129141069732148,0.0602427395289746,0.078516227921129,0.442975702150094,"Human_Breast_Andersson_10142021_ST_F3"
"Human_Breast_Andersson_10142021_ST_F3_10x11",0.0474733861816177,0.0661516098778977,0.0141127825977532,0.0222228075436754,0.0665605135079067,0.166966474049072,0.0137884707705203,0.297551010004074,0.305172945467482,"Human_Breast_Andersson_10142021_ST_F3"
"Human_Breast_Andersson_10142021_ST_F3_10x12",0.0854930006899732,0.0433950547479866,0.0129821508746267,0.0339719737783243,0.0655012959953826,0.151553181461224,0.0377871896760736,0.153312112045372,0.416004040731037,"Human_Breast_Andersson_10142021_ST_F3"
"Human_Breast_Andersson_10142021_ST_F3_10x13",0.100604887061761,0.0759387008048472,0.0129955316724979,0.0411475564183156,0.0870498208783449,0.167590473992592,0.0205904736755392,0.10697088101061,0.387111674485491,"Human_Breast_Andersson_10142021_ST_F3"
"Human_Breast_Andersson_10142021_ST_F3_10x14",0.0977919805740657,0.0486244224562663,0.0083023008077007,0.0112155334948292,0.059300227285811,0.14736033968222,0.0631591643685253,0.052345066086771,0.511900965243811,"Human_Breast_Andersson_10142021_ST_F3"
"Human_Breast_Andersson_10142021_ST_F3_10x15",0.0619912113836409,0.0391322676781117,0.0142968515762974,0.0248485522547029,0.0755971497997125,0.144348550704874,0.0332093888249967,0.00928971592334765,0.597286311854316,"Human_Breast_Andersson_10142021_ST_F3"
"Human_Breast_Andersson_10142021_ST_F3_10x16",0.0604958661926225,0.0558765721738833,0.00853439527007963,0.0139773573440923,0.0893184430614571,0.126031797312721,0.0494056679452227,0.110470807162021,0.485889093537901,"Human_Breast_Andersson_10142021_ST_F3"
"Human_Breast_Andersson_10142021_ST_F3_10x17",0.0977739260090563,0.0792993178887315,0.0238867742136614,0.0308517289381151,0.0704659207876806,0.107772889491328,0.0408975436389008,0.0772079013925686,0.471843997639957,"Human_Breast_Andersson_10142021_ST_F3"
"Human_Breast_Andersson_10142021_ST_F3_10x18",0.0532518054572618,0.04776592120936,0.0178751725789012,0.0151613167635566,0.0709932871250725,0.15604119826274,0.0675737219191508,0.0944565034712477,0.476881073212709,"Human_Breast_Andersson_10142021_ST_F3"
"Human_Breast_Andersson_10142021_ST_F3_10x19",0.0554028820704614,0.0627077666806654,0.0163016317023443,0.0367090783267054,0.102354163088095,0.280913031772305,0.0371840375282922,0.0326171476538352,0.375810261177296,"Human_Breast_Andersson_10142021_ST_F3"
"Human_Breast_Andersson_10142021_ST_F3_10x20",0.097107648379058,0.0700945589418119,0.0215223576094756,0.0219202864669334,0.0895339826633399,0.128159537067739,0.0344891418251261,0.115675511070944,0.421496975975572,"Human_Breast_Andersson_10142021_ST_F3"
"Human_Breast_Andersson_10142021_ST_F3_10x21",0.0708976774169863,0.0440675062486421,0.0103387318173951,0.0305948437896702,0.0490179144822474,0.18870858258437,0.050240981676824,0.0870703070456715,0.469063454938194,"Human_Breast_Andersson_10142021_ST_F3"
"Human_Breast_Andersson_10142021_ST_F3_10x22",0.0564229155087724,0.0231948435107335,0.0211137898771545,0.0492173927991089,0.0203699367122395,0.0923489985954247,0.0594425458942515,0.0642254095984403,0.613664167503875,"Human_Breast_Andersson_10142021_ST_F3"
"Human_Breast_Andersson_10142021_ST_F3_10x23",0.0722728738248042,0.0889474103881162,0.00970035405873977,0.0265497947325607,0.0725973313036974,0.210472236648353,0.0400237899944769,0.092512004816333,0.386924204232919,"Human_Breast_Andersson_10142021_ST_F3"
"Human_Breast_Andersson_10142021_ST_F3_10x24",0.0761871205969026,0.0478629878010245,0.0216139208479934,0.0334804877870901,0.0650834331578898,0.26800338182086,0.0236248139954038,0.184537430532997,0.27960642345984,"Human_Breast_Andersson_10142021_ST_F3"
"Human_Breast_Andersson_10142021_ST_F3_10x25",0.0683665016308061,0.0827680627533883,0.0219001531817697,0.0155465131693602,0.0573238700958626,0.291182850648229,0.0277022204379215,0.146895069621503,0.28831475846116,"Human_Breast_Andersson_10142021_ST_F3"
"Human_Breast_Andersson_10142021_ST_F3_10x28",0.0762430967293905,0.0683584382901492,0.0194212520092374,0.0142272093394011,0.0403368506175462,0.212067814661379,0.0129843714452713,0.290767732204642,0.265593234702983,"Human_Breast_Andersson_10142021_ST_F3"
"Human_Breast_Andersson_10142021_ST_F3_10x29",0.046702294050829,0.0830342930541292,0.016903818203034,0.0458215606129924,0.0687428885217772,0.175176080261898,0.0369570683091439,0.217449544757591,0.309212452228605,"Human_Breast_Andersson_10142021_ST_F3"
"Human_Breast_Andersson_10142021_ST_F3_10x30",0.0569704963365937,0.0476590153727721,0.0219563827944208,0.0263304187244973,0.0589391098193998,0.192327412358101,0.0415575225084594,0.253891050626377,0.300368591459379,"Human_Breast_Andersson_10142021_ST_F3"
"Human_Breast_Andersson_10142021_ST_F3_10x31",0.0788321979282364,0.0487401056574079,0.00867935648868301,0.022108241351385,0.0659659882394671,0.130283553088189,0.0595837648175204,0.219910000050412,0.365896792378699,"Human_Breast_Andersson_10142021_ST_F3"
"Human_Breast_Andersson_10142021_ST_F3_10x32",0.0637536155952456,0.0765294815322906,0.0105194444380621,0.0508712352530374,0.204178760203133,0.148251694863368,0.0299524910797151,0.055162397170526,0.360780879864623,"Human_Breast_Andersson_10142021_ST_F3"
"Human_Breast_Andersson_10142021_ST_F3_10x33",0.0547943400804239,0.0573213928397326,0.0133080823566062,0.00669544765020861,0.0644157337322595,0.161811163136632,0.0526332694986586,0.331218437163761,0.257802133541717,"Human_Breast_Andersson_10142021_ST_F3"
"Human_Breast_Andersson_10142021_ST_F3_10x34",0.0818625707121046,0.062684199061104,0.0200573054129402,0.0360052787569559,0.145815458010879,0.209605073968236,0.0394409647253906,0.101582263580451,0.302946885771939,"Human_Breast_Andersson_10142021_ST_F3"
"Human_Breast_Andersson_10142021_ST_F3_10x4",0.107050114450928,0.0720963775505377,0.0313779241693525,0.0291421369281475,0.0459066589060322,0.13934946424984,0.0532827133312473,0.078759114599888,0.443035495814027,"Human_Breast_Andersson_10142021_ST_F3"
"Human_Breast_Andersson_10142021_ST_F3_10x5",0.0608297724734829,0.06091072276919,0.0151506425338677,0.0331465881781317,0.0786338170434475,0.107600309364738,0.0443329449874629,0.218660501792357,0.380734700857322,"Human_Breast_Andersson_10142021_ST_F3"
"Human_Breast_Andersson_10142021_ST_F3_10x6",0.0719744338027919,0.0474608005598727,0.0133208096464535,0.0329549005701203,0.129593575380153,0.130066990775698,0.0423109523413116,0.0790812252226024,0.453236311700997,"Human_Breast_Andersson_10142021_ST_F3"
"Human_Breast_Andersson_10142021_ST_F3_10x7",0.0554718404408058,0.0318019251709795,0.0118301732532112,0.0454476811784839,0.0585550709172368,0.101174700447716,0.0402065508989693,0.155160730653025,0.500351327039573,"Human_Breast_Andersson_10142021_ST_F3"
"Human_Breast_Andersson_10142021_ST_F3_10x8",0.0693732335405088,0.0508817205949997,0.0177732102678783,0.0346265696507224,0.0393229596410613,0.136970688614206,0.0518919348197986,0.19747703151975,0.401682651351075,"Human_Breast_Andersson_10142021_ST_F3"
"Human_Breast_Andersson_10142021_ST_F3_10x9",0.110727349497361,0.0277404598116681,0.015663236237615,0.0908724326932668,0.121635824193005,0.0976266291086379,0.0519528401784693,0.147407119067004,0.336374109212973,"Human_Breast_Andersson_10142021_ST_F3"
"Human_Breast_Andersson_10142021_ST_F3_11x10",0.0394588883895584,0.0706144770692249,0.02027131339085,0.0214992605252317,0.0282715069317272,0.125715640615788,0.075030131219181,0.1931253292135,0.426013452644939,"Human_Breast_Andersson_10142021_ST_F3"
"Human_Breast_Andersson_10142021_ST_F3_11x12",0.02497584996171,0.0338391351053936,0.00732905868442913,0.026558392413322,0.0828191062799351,0.128079240732501,0.0330056115630235,0.207633956528956,0.45575964873073,"Human_Breast_Andersson_10142021_ST_F3"
"Human_Breast_Andersson_10142021_ST_F3_11x13",0.0529626473850559,0.0542639152321686,0.0209049078694288,0.0832977447513534,0.109398889814944,0.186220347274832,0.0276155752599656,0.0537305446656677,0.411605427746585,"Human_Breast_Andersson_10142021_ST_F3"
"Human_Breast_Andersson_10142021_ST_F3_11x14",0.0577249250083946,0.068494863831964,0.0090286685931472,0.025087005975943,0.0562474187694833,0.131098180543658,0.0605148665806015,0.079359868323105,0.512444202373703,"Human_Breast_Andersson_10142021_ST_F3"
"Human_Breast_Andersson_10142021_ST_F3_11x15",0.0340873854771047,0.0412493175316427,0.0128873228333609,0.0120420118721273,0.0381974158345886,0.122530654066862,0.0438127126150279,0.190149727782333,0.505043451986953,"Human_Breast_Andersson_10142021_ST_F3"
"Human_Breast_Andersson_10142021_ST_F3_11x16",0.0550105673789738,0.0518714013035495,0.0100810348242366,0.0336411136775908,0.029123660766953,0.0798416458853624,0.0363759614347733,0.38400401476312,0.320050599965441,"Human_Breast_Andersson_10142021_ST_F3"
"Human_Breast_Andersson_10142021_ST_F3_11x17",0.051257307724419,0.0892039078152514,0.0127803625374035,0.0268511727266269,0.0623340182307925,0.172688423609989,0.0619597981919418,0.0731235096520498,0.449801499511527,"Human_Breast_Andersson_10142021_ST_F3"
"Human_Breast_Andersson_10142021_ST_F3_11x18",0.0457541091427723,0.0552767841778475,0.0206472914433042,0.0341204799192092,0.0709503593608768,0.133016799456468,0.0359450566591078,0.266756612962024,0.33753250687839,"Human_Breast_Andersson_10142021_ST_F3"
"Human_Breast_Andersson_10142021_ST_F3_11x19",0.114436304064184,0.0467724638689568,0.00897149019791099,0.0372250650737838,0.0906943953641273,0.129031999738695,0.103595562501482,0.0539898085475009,0.41528291064336,"Human_Breast_Andersson_10142021_ST_F3"
"Human_Breast_Andersson_10142021_ST_F3_11x20",0.058201519421932,0.0542458194346338,0.0202915294913411,0.0131304234535414,0.0596702263921715,0.115148601838136,0.021941335273352,0.134063214225817,0.523307330469075,"Human_Breast_Andersson_10142021_ST_F3"
"Human_Breast_Andersson_10142021_ST_F3_11x21",0.0694411894591464,0.0465755724550548,0.0144339659840558,0.0579322937370849,0.136532994270234,0.0861689215104884,0.0353749836741422,0.136209673408785,0.417330405501007,"Human_Breast_Andersson_10142021_ST_F3"
"Human_Breast_Andersson_10142021_ST_F3_11x22",0.0169083341353675,0.0486396982448065,0.0156962258954371,0.0217142620075361,0.0236572140775378,0.0737946806382234,0.117041645982089,0.110523270078866,0.572024668940136,"Human_Breast_Andersson_10142021_ST_F3"
"Human_Breast_Andersson_10142021_ST_F3_11x23",0.100240547801859,0.0361728980538093,0.00876086206765323,0.0235731614655945,0.0854752947259276,0.178235428328861,0.0553901600277055,0.131751356856001,0.380400290672589,"Human_Breast_Andersson_10142021_ST_F3"
"Human_Breast_Andersson_10142021_ST_F3_11x24",0.0999923375398054,0.0492513704491841,0.0227344351715529,0.0507854470727444,0.123200351602633,0.103107083189142,0.0582599553787754,0.0678662774080125,0.42480274218815,"Human_Breast_Andersson_10142021_ST_F3"
"Human_Breast_Andersson_10142021_ST_F3_11x25",0.0900128045208439,0.0775571433494408,0.0282157509377628,0.0457065812138486,0.075901647722613,0.296487814124257,0.0487549558475342,0.0118670792665181,0.325496223017182,"Human_Breast_Andersson_10142021_ST_F3"
"Human_Breast_Andersson_10142021_ST_F3_11x26",0.127773856900005,0.0522083726680873,0.0239999360547138,0.0307937488581916,0.0442337596042554,0.171537794843919,0.0311220323962897,0.237936811833814,0.280393686840724,"Human_Breast_Andersson_10142021_ST_F3"
"Human_Breast_Andersson_10142021_ST_F3_11x27",0.0365233261558737,0.085967915800106,0.0258042132885733,0.0507797769089478,0.0958604330814766,0.212023225342633,0.0300219447766336,0.223384085831527,0.23963507881423,"Human_Breast_Andersson_10142021_ST_F3"
"Human_Breast_Andersson_10142021_ST_F3_11x28",0.0275086332577985,0.0855584162974848,0.0184910190805046,0.0203920093585397,0.0555850397504581,0.184180746800496,0.0279924382256647,0.34297485342492,0.237316843804134,"Human_Breast_Andersson_10142021_ST_F3"
"Human_Breast_Andersson_10142021_ST_F3_11x29",0.0317875235470503,0.0551336390699738,0.0338097624505863,0.0252452985097985,0.041485977598416,0.283212428638176,0.0633992014631741,0.155502809271978,0.310423359450848,"Human_Breast_Andersson_10142021_ST_F3"
"Human_Breast_Andersson_10142021_ST_F3_11x30",0.0751104621337402,0.064362652253557,0.0178253994146874,0.0318921188147302,0.0987502818089471,0.180822885645187,0.0442314620458512,0.288141744327215,0.198862993556085,"Human_Breast_Andersson_10142021_ST_F3"
"Human_Breast_Andersson_10142021_ST_F3_11x31",0.0340303839546687,0.0703651376680769,0.0214539081839117,0.0204913572596187,0.0384023011994185,0.21210243032812,0.0373792776965193,0.311157598359114,0.254617605350552,"Human_Breast_Andersson_10142021_ST_F3"
"Human_Breast_Andersson_10142021_ST_F3_11x32",0.0490074601279097,0.0591866080776282,0.0371056052029438,0.0368031782225333,0.106602983507465,0.165764493169149,0.0434243373813295,0.135228434450058,0.366876899860983,"Human_Breast_Andersson_10142021_ST_F3"
"Human_Breast_Andersson_10142021_ST_F3_11x33",0.0807129344321703,0.0337331055851386,0.019711530933744,0.0235784538118777,0.0585918892456405,0.108458133229613,0.0281341028738665,0.406600810446768,0.240479039441181,"Human_Breast_Andersson_10142021_ST_F3"
"Human_Breast_Andersson_10142021_ST_F3_11x34",0.0817461678334913,0.0502636507176281,0.0244274273598274,0.0691645514956905,0.0731967627366537,0.192087523231956,0.0343560912694137,0.165211730754663,0.309546094600677,"Human_Breast_Andersson_10142021_ST_F3"
"Human_Breast_Andersson_10142021_ST_F3_11x4",0.0162059342733292,0.0392596572588655,0.0177861380970963,0.0165042750959963,0.0935079325807846,0.122089453754167,0.0267334390400027,0.130326958577838,0.53758621132192,"Human_Breast_Andersson_10142021_ST_F3"
"Human_Breast_Andersson_10142021_ST_F3_11x5",0.131419785833364,0.0513898876021031,0.0198008858043917,0.0622958980852765,0.0619264704373116,0.140759165148096,0.0403579725758146,0.170026740431314,0.322023194082328,"Human_Breast_Andersson_10142021_ST_F3"
"Human_Breast_Andersson_10142021_ST_F3_11x6",0.0560579481253295,0.0801772991618903,0.00772556712329798,0.015905014954021,0.0913593688488996,0.169602542490432,0.0257102571191042,0.212284856914709,0.341177145262316,"Human_Breast_Andersson_10142021_ST_F3"
"Human_Breast_Andersson_10142021_ST_F3_11x7",0.0822368856974507,0.0466801999413314,0.0179519012882552,0.0486056340763303,0.104703556430581,0.102985753437739,0.0340035692659846,0.199838238801154,0.362994261061173,"Human_Breast_Andersson_10142021_ST_F3"
"Human_Breast_Andersson_10142021_ST_F3_11x8",0.0398195538850287,0.033399768789442,0.00812749037296293,0.0204456226219,0.0270416404506708,0.142609886654707,0.0458508426254613,0.14673727716073,0.535967917439097,"Human_Breast_Andersson_10142021_ST_F3"
"Human_Breast_Andersson_10142021_ST_F3_11x9",0.061423896980128,0.0349217973156898,0.0296775331657639,0.0447278573408678,0.163997929160815,0.0985735961916507,0.0510132043613744,0.131556233648276,0.384107951835435,"Human_Breast_Andersson_10142021_ST_F3"
"Human_Breast_Andersson_10142021_ST_F3_12x10",0.0456020069010804,0.0342105359017157,0.00773596778979255,0.0198555497497956,0.071641396139299,0.13541129929346,0.0497187734117676,0.204460667560653,0.431363803252436,"Human_Breast_Andersson_10142021_ST_F3"
"Human_Breast_Andersson_10142021_ST_F3_12x11",0.0465462995164438,0.037147678724667,0.0198991826866802,0.124939371892118,0.148512513877025,0.137071068820789,0.0247959832537925,0.119552477118934,0.341535424109551,"Human_Breast_Andersson_10142021_ST_F3"
"Human_Breast_Andersson_10142021_ST_F3_12x12",0.0280541836979384,0.0353993398472741,0.0110481153827378,0.0493473876665602,0.0499278226470635,0.147155425256674,0.0481634830806539,0.127832910117918,0.503071332303181,"Human_Breast_Andersson_10142021_ST_F3"
"Human_Breast_Andersson_10142021_ST_F3_12x13",0.052280742335869,0.0534723577267123,0.0133123447532149,0.0126726066863505,0.0251820183008479,0.267693688215795,0.0503104110295906,0.0864144545567381,0.438661376394882,"Human_Breast_Andersson_10142021_ST_F3"
"Human_Breast_Andersson_10142021_ST_F3_12x14",0.055313453448648,0.0374052268599641,0.0112555835861198,0.0114435110877462,0.0205464650893685,0.087866082015893,0.028312194411766,0.365205708671986,0.382651774828508,"Human_Breast_Andersson_10142021_ST_F3"
"Human_Breast_Andersson_10142021_ST_F3_12x15",0.0516600689098158,0.0385095894706458,0.0330225938930375,0.0562523767126759,0.153654203419376,0.182927121189157,0.0430335961080304,0.0441961391663315,0.396744311130929,"Human_Breast_Andersson_10142021_ST_F3"
"Human_Breast_Andersson_10142021_ST_F3_12x16",0.062941870478063,0.0412538595003351,0.0295276284041162,0.0906601383263174,0.118295190301186,0.155985440212855,0.0672494354977723,0.0525613943169792,0.381525042962376,"Human_Breast_Andersson_10142021_ST_F3"
"Human_Breast_Andersson_10142021_ST_F3_12x17",0.0794366291639604,0.0468660853049069,0.0229078595219201,0.0146558813951047,0.028671135684499,0.0912454215902388,0.0263935322324278,0.355641756392551,0.334181698714391,"Human_Breast_Andersson_10142021_ST_F3"
"Human_Breast_Andersson_10142021_ST_F3_12x18",0.0563036924289962,0.0853700100368649,0.0170129147706435,0.0858933609037646,0.0908310287848702,0.12737182418818,0.0644508436703225,0.0209282579661092,0.451838067250249,"Human_Breast_Andersson_10142021_ST_F3"
"Human_Breast_Andersson_10142021_ST_F3_12x19",0.0655698877766661,0.0576367025707187,0.0176062227419932,0.0361319412576876,0.0845253302247267,0.170366366676011,0.0237154863004006,0.125365386598923,0.419082675852873,"Human_Breast_Andersson_10142021_ST_F3"
"Human_Breast_Andersson_10142021_ST_F3_12x20",0.0839296102352596,0.110295691663242,0.0137588865883223,0.0232739846930701,0.0385962654760086,0.161172355391022,0.0273134830176564,0.0421287677316418,0.499530955203777,"Human_Breast_Andersson_10142021_ST_F3"
"Human_Breast_Andersson_10142021_ST_F3_12x21",0.0957016715591166,0.0588935548252773,0.0130306298096378,0.0160695276742009,0.135524636803025,0.181941505829854,0.0253808594755374,0.112145011716325,0.361312602307026,"Human_Breast_Andersson_10142021_ST_F3"
"Human_Breast_Andersson_10142021_ST_F3_12x22",0.0507162323043685,0.0389254878488789,0.0192589960383952,0.0190307236387623,0.124904280373359,0.138303427564853,0.0575178296675764,0.199369349459345,0.351973673104462,"Human_Breast_Andersson_10142021_ST_F3"
"Human_Breast_Andersson_10142021_ST_F3_12x23",0.071342733431593,0.0430611287223441,0.0142283762522981,0.0592361986318208,0.0829990937237857,0.0930594572273869,0.0265015081990141,0.298230579654392,0.311340924157365,"Human_Breast_Andersson_10142021_ST_F3"
"Human_Breast_Andersson_10142021_ST_F3_12x24",0.109642913210619,0.0378371872555314,0.0145623826983671,0.0767406682306533,0.120962003398817,0.142960673246366,0.0403724750101542,0.0762220255451237,0.380699671404368,"Human_Breast_Andersson_10142021_ST_F3"
"Human_Breast_Andersson_10142021_ST_F3_12x25",0.0808456267172565,0.0448831648857644,0.0176544702021378,0.0622780134206369,0.201848940466785,0.100847850405401,0.0556173189186758,0.0387740426432731,0.397250572340069,"Human_Breast_Andersson_10142021_ST_F3"
"Human_Breast_Andersson_10142021_ST_F3_12x26",0.0737444531886504,0.0577247646262907,0.0177975864606699,0.132211490942261,0.162270728352043,0.0827966494845251,0.030073623852872,0.203185984853862,0.240194718238825,"Human_Breast_Andersson_10142021_ST_F3"
"Human_Breast_Andersson_10142021_ST_F3_12x27",0.0705003597032121,0.071801426196766,0.0090248966621073,0.0595419913303795,0.120282181525617,0.210723713782587,0.0226597500091215,0.169046944533608,0.266418736256601,"Human_Breast_Andersson_10142021_ST_F3"
"Human_Breast_Andersson_10142021_ST_F3_12x28",0.0374236943969817,0.05270364587358,0.00806685699448695,0.0529654211935891,0.0787505072780417,0.216768592198345,0.0302604321342163,0.186175028675763,0.336885821254996,"Human_Breast_Andersson_10142021_ST_F3"
"Human_Breast_Andersson_10142021_ST_F3_12x29",0.0388579269658943,0.060392346790048,0.00357258126133579,0.02870908054014,0.0874152639302427,0.0990251323597526,0.0527163226689479,0.187220654261902,0.442090691221736,"Human_Breast_Andersson_10142021_ST_F3"
"Human_Breast_Andersson_10142021_ST_F3_12x30",0.100492782392051,0.0487609701865269,0.0179511581060572,0.0362918990013586,0.0576399155669224,0.123711423197234,0.0764389786249484,0.217160693350182,0.321552179574719,"Human_Breast_Andersson_10142021_ST_F3"
"Human_Breast_Andersson_10142021_ST_F3_12x31",0.0673991861899843,0.0750432942164441,0.016927533040969,0.0467867992570612,0.09371368677966,0.131004954470768,0.0471961613134161,0.213775555581141,0.308152829150557,"Human_Breast_Andersson_10142021_ST_F3"
"Human_Breast_Andersson_10142021_ST_F3_12x32",0.0787648498659991,0.073974780683558,0.0183100877433843,0.0882114090269599,0.14355621561253,0.153027598861551,0.0514484117172196,0.0820996190910228,0.310607027397775,"Human_Breast_Andersson_10142021_ST_F3"
"Human_Breast_Andersson_10142021_ST_F3_12x33",0.0769355959723809,0.0406109684232212,0.0450489242247595,0.0312903469859845,0.158162568827717,0.199860537537648,0.0331736208586431,0.147705712573796,0.26721172459585,"Human_Breast_Andersson_10142021_ST_F3"
"Human_Breast_Andersson_10142021_ST_F3_12x34",0.0586510442557882,0.0677509995318954,0.0152468296807749,0.0560431543656537,0.0463556682314453,0.181677159135106,0.0446082370787943,0.0976404388768163,0.432026468843726,"Human_Breast_Andersson_10142021_ST_F3"
"Human_Breast_Andersson_10142021_ST_F3_12x5",0.101758893496613,0.0540462995410196,0.016907491626572,0.0472839928211077,0.076313831262726,0.150381973077808,0.044640136633813,0.124597881337697,0.384069500202643,"Human_Breast_Andersson_10142021_ST_F3"
"Human_Breast_Andersson_10142021_ST_F3_12x6",0.0431507306363686,0.0382094186886128,0.016458874215009,0.0439296492164317,0.0704989120216131,0.114442895214586,0.0795849816842766,0.206707315929135,0.387017222393967,"Human_Breast_Andersson_10142021_ST_F3"
"Human_Breast_Andersson_10142021_ST_F3_12x7",0.0536880862674826,0.0703035850003532,0.014080192593902,0.0507343024840835,0.0989525933347676,0.182608313551337,0.0307662910196292,0.124337908865622,0.374528726882823,"Human_Breast_Andersson_10142021_ST_F3"
"Human_Breast_Andersson_10142021_ST_F3_12x8",0.120563729887343,0.044657569888047,0.024727160164325,0.115038277196947,0.13652411696523,0.118520112122653,0.076191351620502,0.065662158266738,0.298115523888215,"Human_Breast_Andersson_10142021_ST_F3"
"Human_Breast_Andersson_10142021_ST_F3_12x9",0.065393325584074,0.0596234195563735,0.0377337312438455,0.0260960420513105,0.0583249288865785,0.189969425553632,0.0207514695269811,0.106093161977871,0.436014495619334,"Human_Breast_Andersson_10142021_ST_F3"
"Human_Breast_Andersson_10142021_ST_F3_13x10",0.078247354799922,0.0353751941000353,0.00797352382217291,0.0149016357576495,0.0210407119506372,0.124179285441308,0.026408372293207,0.255277704287354,0.436596217547714,"Human_Breast_Andersson_10142021_ST_F3"
"Human_Breast_Andersson_10142021_ST_F3_13x11",0.0327585447393682,0.0267415935310198,0.0185755959850635,0.0198162986729404,0.0686879344921315,0.0831329060674113,0.0272457293330312,0.284071523943256,0.438969873235778,"Human_Breast_Andersson_10142021_ST_F3"
"Human_Breast_Andersson_10142021_ST_F3_13x12",0.0182493056266028,0.0265155003872922,0.0155611771087233,0.0694213224185436,0.103619869234057,0.123200950041173,0.0512150557738085,0.0238492394032856,0.568367580006514,"Human_Breast_Andersson_10142021_ST_F3"
"Human_Breast_Andersson_10142021_ST_F3_13x13",0.0509196241118157,0.0386831163389405,0.00572176960515349,0.0143402872480797,0.0366411753257795,0.0966266109108685,0.0415755427472253,0.365638412992073,0.349853460720064,"Human_Breast_Andersson_10142021_ST_F3"
"Human_Breast_Andersson_10142021_ST_F3_13x14",0.0689413004920084,0.0851341451023278,0.0201420229793357,0.021540077923638,0.0850236977791589,0.181878778664404,0.0455604430603197,0.0613487992267926,0.430430734772015,"Human_Breast_Andersson_10142021_ST_F3"
"Human_Breast_Andersson_10142021_ST_F3_13x15",0.0458039614702866,0.034060315319595,0.0130223786989296,0.0559906196412709,0.0838315672492055,0.126841099491221,0.0862485922297376,0.0857792352104554,0.468422230689298,"Human_Breast_Andersson_10142021_ST_F3"
"Human_Breast_Andersson_10142021_ST_F3_13x16",0.0483508401307382,0.0473378132767245,0.00920626385432456,0.0356155521849203,0.164102231643307,0.0585334903789989,0.101353488674381,0.103451675179683,0.432048644676923,"Human_Breast_Andersson_10142021_ST_F3"
"Human_Breast_Andersson_10142021_ST_F3_13x17",0.0262502645113958,0.0670995676081029,0.00698863859511868,0.0443971212070417,0.063825164508193,0.110416223270339,0.115286563037062,0.0123783805651732,0.553358076697574,"Human_Breast_Andersson_10142021_ST_F3"
"Human_Breast_Andersson_10142021_ST_F3_13x18",0.034663007997484,0.0324758346658538,0.00993589339428279,0.0232128709431339,0.0735372703465137,0.105844288593269,0.0389593117993026,0.0170299812802843,0.664341540979876,"Human_Breast_Andersson_10142021_ST_F3"
"Human_Breast_Andersson_10142021_ST_F3_13x19",0.0798217573423804,0.0468034022952618,0.0121081823733518,0.0279737082231523,0.0323106915316718,0.128736279379659,0.048010030989469,0.0636815158930216,0.560554431972032,"Human_Breast_Andersson_10142021_ST_F3"
"Human_Breast_Andersson_10142021_ST_F3_13x20",0.0573113941187221,0.0420744969610585,0.0158583334259077,0.0257645438450655,0.0924454304693607,0.214130771136668,0.0806726187673486,0.0863197540701735,0.385422657205695,"Human_Breast_Andersson_10142021_ST_F3"
"Human_Breast_Andersson_10142021_ST_F3_13x21",0.0795782531971253,0.0532162449700796,0.0251357894320082,0.0695481337648472,0.081969629039946,0.12878577522113,0.0712778975655489,0.0556666769044191,0.434821599904896,"Human_Breast_Andersson_10142021_ST_F3"
"Human_Breast_Andersson_10142021_ST_F3_13x22",0.0521327503352223,0.0229727811545553,0.0115071738119376,0.0868775483943492,0.0702600079763674,0.139718930586243,0.0518780989156357,0.0910538438926542,0.473598864933036,"Human_Breast_Andersson_10142021_ST_F3"
"Human_Breast_Andersson_10142021_ST_F3_13x23",0.0603670475427647,0.0423757131057103,0.013324098607289,0.0729782603287052,0.0996311064704849,0.204747377093032,0.0822155975440369,0.0332960749000644,0.391064724407912,"Human_Breast_Andersson_10142021_ST_F3"
"Human_Breast_Andersson_10142021_ST_F3_13x24",0.0458083492854195,0.0528404131588762,0.0183271820352139,0.0221493461167381,0.103282551538446,0.143797542478934,0.0385374719770142,0.228674352740242,0.346582790669116,"Human_Breast_Andersson_10142021_ST_F3"
"Human_Breast_Andersson_10142021_ST_F3_13x25",0.0556112146778545,0.0290084184647004,0.0185097089114698,0.0164982466849879,0.0721552279499277,0.0979594483603358,0.0455882106616416,0.194106200186289,0.470563324102794,"Human_Breast_Andersson_10142021_ST_F3"
"Human_Breast_Andersson_10142021_ST_F3_13x26",0.0538627166639569,0.0486662516418925,0.0112324608086921,0.0152243448752123,0.0470695792575046,0.215203821334608,0.0346037451322731,0.256713559140133,0.317423521145727,"Human_Breast_Andersson_10142021_ST_F3"
"Human_Breast_Andersson_10142021_ST_F3_13x27",0.0757859061177015,0.0652388058997254,0.0160216600768254,0.0295669807558783,0.0856694421160787,0.17784649816489,0.0195911296313783,0.219584597101894,0.310694980135628,"Human_Breast_Andersson_10142021_ST_F3"
"Human_Breast_Andersson_10142021_ST_F3_13x28",0.0509508217696869,0.0460964270811222,0.0110210810143224,0.0709074162324211,0.0767987822792376,0.148551141181121,0.0606799802692501,0.0658211013249249,0.469173248847914,"Human_Breast_Andersson_10142021_ST_F3"
"Human_Breast_Andersson_10142021_ST_F3_13x29",0.0384075854862364,0.0206876791205877,0.00813159546589872,0.0261188082465372,0.0507984768727726,0.169526022201766,0.0178394611087933,0.264249793405229,0.404240578092179,"Human_Breast_Andersson_10142021_ST_F3"
"Human_Breast_Andersson_10142021_ST_F3_13x30",0.0392303217432891,0.0437613975662721,0.0092647656911111,0.115841225234631,0.162273244027323,0.0733751092892664,0.0453668112672181,0.0481889932303712,0.462698131950518,"Human_Breast_Andersson_10142021_ST_F3"
"Human_Breast_Andersson_10142021_ST_F3_13x31",0.103979854347638,0.053446211883755,0.0194063914130347,0.0350204118892366,0.106349708771601,0.121785536237844,0.0589936618174031,0.239208350516548,0.261809873122941,"Human_Breast_Andersson_10142021_ST_F3"
"Human_Breast_Andersson_10142021_ST_F3_13x32",0.046377294268833,0.0651427960959953,0.020206305650504,0.0442516485385153,0.0857964909940215,0.126546473275505,0.0375131651302231,0.250086431590235,0.324079394456168,"Human_Breast_Andersson_10142021_ST_F3"
"Human_Breast_Andersson_10142021_ST_F3_13x34",0.042867699365694,0.0435692914475312,0.0158558258366982,0.00607777701278907,0.0251487711870554,0.200561025451235,0.0955077556863295,0.182012620102044,0.388399233910624,"Human_Breast_Andersson_10142021_ST_F3"
"Human_Breast_Andersson_10142021_ST_F3_13x5",0.0930798968621935,0.0468801191590571,0.0182288308026671,0.0631837995495837,0.0790081409686995,0.133689137806895,0.0654091012676836,0.129093712758721,0.3714272608245,"Human_Breast_Andersson_10142021_ST_F3"
"Human_Breast_Andersson_10142021_ST_F3_13x6",0.0302256392010097,0.0546166875185032,0.0244586115331521,0.0285376148589512,0.0715765106049969,0.115989176604138,0.0347235646277554,0.300636098165054,0.339236096886439,"Human_Breast_Andersson_10142021_ST_F3"
"Human_Breast_Andersson_10142021_ST_F3_13x7",0.0432383309013522,0.0466513443682496,0.03008026032821,0.0332473817235037,0.0399562097974744,0.150080168718009,0.0977313817264665,0.0878695352642649,0.47114538717247,"Human_Breast_Andersson_10142021_ST_F3"
"Human_Breast_Andersson_10142021_ST_F3_13x8",0.0298441700755139,0.033252275390417,0.0129739270913813,0.0712386979587561,0.0562761198647028,0.112589250997827,0.0338816623830944,0.223908485696041,0.426035410542266,"Human_Breast_Andersson_10142021_ST_F3"
"Human_Breast_Andersson_10142021_ST_F3_13x9",0.11019092135269,0.0401635434596629,0.0152798855423522,0.0180235803187235,0.028287319897049,0.225027704916266,0.0191273332837947,0.140091930806262,0.4038077804232,"Human_Breast_Andersson_10142021_ST_F3"
"Human_Breast_Andersson_10142021_ST_F3_14x10",0.0573905737696064,0.0192230539709227,0.0164813417373075,0.0322302933366979,0.0589746390246266,0.076093151142788,0.0748030670533501,0.327296575600886,0.337507304363815,"Human_Breast_Andersson_10142021_ST_F3"
"Human_Breast_Andersson_10142021_ST_F3_14x11",0.0320351035169381,0.0344484476262601,0.0122426087369616,0.0402763250028303,0.0638732619824777,0.0723406143654063,0.12852706021385,0.129001783226114,0.487254795329162,"Human_Breast_Andersson_10142021_ST_F3"
"Human_Breast_Andersson_10142021_ST_F3_14x12",0.0704884124715865,0.0379726338387381,0.011264459003043,0.0310431121777724,0.126534370761594,0.137013860224787,0.063520617676165,0.164162030989265,0.358000502857049,"Human_Breast_Andersson_10142021_ST_F3"
"Human_Breast_Andersson_10142021_ST_F3_14x13",0.0787672315152546,0.0645477028017286,0.00998430422876862,0.0145268176659284,0.029561154181624,0.190824493396978,0.04985492170951,0.150038112455698,0.41189526204451,"Human_Breast_Andersson_10142021_ST_F3"
"Human_Breast_Andersson_10142021_ST_F3_14x14",0.0296978768987959,0.0558211544340737,0.00877872320371745,0.0354665824744875,0.055352660186656,0.110994201644089,0.0486825219672269,0.0582127339313993,0.596993545259555,"Human_Breast_Andersson_10142021_ST_F3"
"Human_Breast_Andersson_10142021_ST_F3_14x15",0.053836458115838,0.0381724376342302,0.0259975280718623,0.0704043939463539,0.0562788638187334,0.0726200069299182,0.0436025459859241,0.255970533809071,0.383117231688069,"Human_Breast_Andersson_10142021_ST_F3"
"Human_Breast_Andersson_10142021_ST_F3_14x16",0.0596307137118294,0.046562982577992,0.0177127938212049,0.0597077074693886,0.0495934116391836,0.106622183467144,0.066550140579143,0.11343709140736,0.480182975326755,"Human_Breast_Andersson_10142021_ST_F3"
"Human_Breast_Andersson_10142021_ST_F3_14x17",0.07081969047233,0.0580326658358101,0.00900259576231425,0.0654154533190287,0.0964515130428445,0.0597633174842425,0.063218367757756,0.182122482417763,0.395173913907911,"Human_Breast_Andersson_10142021_ST_F3"
"Human_Breast_Andersson_10142021_ST_F3_14x18",0.047208831370149,0.089383963753547,0.00987268160936791,0.0395374668126031,0.0361232088332116,0.152249026862707,0.0526728286748956,0.178568342166974,0.394383649916545,"Human_Breast_Andersson_10142021_ST_F3"
"Human_Breast_Andersson_10142021_ST_F3_14x19",0.0948928728927174,0.0676639699169724,0.0194548637177927,0.0404179759938055,0.0857581792509394,0.15985300402618,0.0603984355195089,0.109860878902143,0.361699819779941,"Human_Breast_Andersson_10142021_ST_F3"
"Human_Breast_Andersson_10142021_ST_F3_14x20",0.0655879390032929,0.0432665184912951,0.0089176963892235,0.0225304405919551,0.018500625521493,0.134392322725424,0.0268890986746466,0.271881898947151,0.408033459655519,"Human_Breast_Andersson_10142021_ST_F3"
"Human_Breast_Andersson_10142021_ST_F3_14x21",0.0434018188807769,0.0618794404793074,0.0177500338465588,0.0452887791617039,0.0812005852603829,0.137985531765348,0.009387944519458,0.119290588849122,0.483815277237343,"Human_Breast_Andersson_10142021_ST_F3"
"Human_Breast_Andersson_10142021_ST_F3_14x22",0.0746016230938292,0.0264550648512936,0.0177619146192824,0.0354904959905726,0.0862391966079743,0.189155853886119,0.0330837425345346,0.0105225249830734,0.526689583433321,"Human_Breast_Andersson_10142021_ST_F3"
"Human_Breast_Andersson_10142021_ST_F3_14x23",0.0559311815389851,0.0542820003978173,0.00938228207134048,0.0694063715374933,0.117596830911488,0.118214631144671,0.0249992078455759,0.210209005877007,0.339978488675622,"Human_Breast_Andersson_10142021_ST_F3"
"Human_Breast_Andersson_10142021_ST_F3_14x24",0.0240877659482156,0.0414959341628093,0.0100490143777643,0.0444481438326296,0.0542192183430694,0.200969635845924,0.0234889565430676,0.266835308336275,0.334406022610245,"Human_Breast_Andersson_10142021_ST_F3"
"Human_Breast_Andersson_10142021_ST_F3_14x25",0.0682129801847734,0.0242521099501862,0.0207964475999716,0.0466999816075575,0.197832124117006,0.239231418092733,0.0679314144699335,0.0373823455733627,0.297661178404476,"Human_Breast_Andersson_10142021_ST_F3"
"Human_Breast_Andersson_10142021_ST_F3_14x26",0.0516752122764821,0.0632554464120807,0.0233473808920879,0.092000192280987,0.146190494178951,0.197362966484763,0.0299025589738285,0.190524093459267,0.205741655041553,"Human_Breast_Andersson_10142021_ST_F3"
"Human_Breast_Andersson_10142021_ST_F3_14x27",0.0579068810524674,0.0585815094840082,0.0141924891615702,0.019459431517853,0.027893261417714,0.240116827915239,0.039149072845739,0.15794815690155,0.384752369703859,"Human_Breast_Andersson_10142021_ST_F3"
"Human_Breast_Andersson_10142021_ST_F3_14x28",0.0533877452692703,0.045506330719165,0.0269511619085611,0.0487072749311652,0.0671341851974998,0.163903102264086,0.0723454629328235,0.177982876240652,0.344081860536777,"Human_Breast_Andersson_10142021_ST_F3"
"Human_Breast_Andersson_10142021_ST_F3_14x29",0.0962939579869447,0.0425934586294085,0.0135269072981506,0.0358317874210201,0.191055679043133,0.095959785768316,0.0739607798264807,0.235540541579987,0.215237102446559,"Human_Breast_Andersson_10142021_ST_F3"
"Human_Breast_Andersson_10142021_ST_F3_14x30",0.0761506561251152,0.02296466220895,0.0306555669752085,0.155884446486243,0.124317946443473,0.0888286017075677,0.108191852369497,0.0359480485091401,0.357058219174806,"Human_Breast_Andersson_10142021_ST_F3"
"Human_Breast_Andersson_10142021_ST_F3_14x31",0.0191266515229819,0.0400903051320265,0.0280989882563128,0.0799409703329422,0.0453305903256233,0.118705244347111,0.047827835354958,0.107637194184407,0.513242220543638,"Human_Breast_Andersson_10142021_ST_F3"
"Human_Breast_Andersson_10142021_ST_F3_14x32",0.075295168467426,0.0484804668095119,0.018104999737486,0.0616351113419591,0.098929117228475,0.0952513977470123,0.0869817641755649,0.19126278982083,0.324059184671735,"Human_Breast_Andersson_10142021_ST_F3"
"Human_Breast_Andersson_10142021_ST_F3_14x34",0.0658603786704266,0.071314013927932,0.0338666712282354,0.0341595536262702,0.113958835961014,0.112765091557001,0.0310143808748601,0.12998818782797,0.40707288632629,"Human_Breast_Andersson_10142021_ST_F3"
"Human_Breast_Andersson_10142021_ST_F3_14x5",0.0384836749923688,0.0383254392256605,0.0248126519370171,0.047291641047332,0.116414546716307,0.181552835516084,0.0457095010719732,0.0792504133759826,0.428159296117275,"Human_Breast_Andersson_10142021_ST_F3"
"Human_Breast_Andersson_10142021_ST_F3_14x6",0.0623603512104365,0.0276276038309725,0.0174332462293641,0.0352867846870823,0.144813328191644,0.0777383538715338,0.0955615905339052,0.261673406176005,0.277505335269057,"Human_Breast_Andersson_10142021_ST_F3"
"Human_Breast_Andersson_10142021_ST_F3_14x7",0.0505775116157016,0.0632170122107608,0.0106263936035813,0.037975538370152,0.0908369906700185,0.120619944625435,0.0349440998105313,0.171236055948759,0.419966453145061,"Human_Breast_Andersson_10142021_ST_F3"
"Human_Breast_Andersson_10142021_ST_F3_14x8",0.029379830243681,0.0271525693428173,0.0181324639824309,0.0231842529391715,0.0272325122651261,0.0924950597073601,0.0343949056842782,0.338027813351688,0.410000592483447,"Human_Breast_Andersson_10142021_ST_F3"
"Human_Breast_Andersson_10142021_ST_F3_14x9",0.168489799817385,0.0439616097424582,0.00864010744067455,0.0412010667348661,0.180759532335715,0.137108923919616,0.0784119830860487,0.0323757893174397,0.309051187605797,"Human_Breast_Andersson_10142021_ST_F3"
"Human_Breast_Andersson_10142021_ST_F3_15x10",0.0701255003744119,0.0465335723737536,0.0308205116256708,0.0222117608824366,0.0858873795635775,0.166072158550158,0.0514135111292988,0.196773610442316,0.330161995058376,"Human_Breast_Andersson_10142021_ST_F3"
"Human_Breast_Andersson_10142021_ST_F3_15x11",0.0384227763340905,0.0418348219969859,0.0147105441277899,0.0504142115579741,0.0748494072181021,0.135921300718848,0.0547651010317669,0.0720590575876656,0.517022779426777,"Human_Breast_Andersson_10142021_ST_F3"
"Human_Breast_Andersson_10142021_ST_F3_15x12",0.0299741046652343,0.0381908485232571,0.0139227079761116,0.025122932959323,0.0539762012390791,0.10588814371666,0.0368733816045831,0.249165181030523,0.446886498285229,"Human_Breast_Andersson_10142021_ST_F3"
"Human_Breast_Andersson_10142021_ST_F3_15x13",0.120877254418638,0.0534378265137943,0.0166149939727325,0.0335331247446038,0.072306474973478,0.117684174742693,0.0451109628470534,0.0632008160855914,0.477234371701415,"Human_Breast_Andersson_10142021_ST_F3"
"Human_Breast_Andersson_10142021_ST_F3_15x14",0.0612125817795681,0.0377975724933165,0.0154971459548815,0.0829743699033611,0.0731144656984142,0.110098499109929,0.0766310175492966,0.0714637465355311,0.471210600975702,"Human_Breast_Andersson_10142021_ST_F3"
"Human_Breast_Andersson_10142021_ST_F3_15x15",0.0820363465008076,0.0460889123863018,0.0225458262308138,0.0416674553739949,0.0346692382359928,0.104686755890062,0.0605875635656448,0.254413020346972,0.35330488146941,"Human_Breast_Andersson_10142021_ST_F3"
"Human_Breast_Andersson_10142021_ST_F3_15x16",0.0337442608223129,0.040353807282083,0.0087221935896222,0.0164343065729853,0.0251611248798953,0.181435868656101,0.0172384803762993,0.340229101169827,0.336680856650874,"Human_Breast_Andersson_10142021_ST_F3"
"Human_Breast_Andersson_10142021_ST_F3_15x17",0.050107115363168,0.0372026926322034,0.010917300210387,0.0259835751295489,0.125528755992501,0.0864466796288476,0.070667509053754,0.291873955773393,0.301272416216197,"Human_Breast_Andersson_10142021_ST_F3"
"Human_Breast_Andersson_10142021_ST_F3_15x18",0.0729044774517487,0.0619946495687169,0.0169625021932322,0.0839066227003589,0.160698867312318,0.0961372725765031,0.0362216966635416,0.133240532232865,0.337933379300716,"Human_Breast_Andersson_10142021_ST_F3"
"Human_Breast_Andersson_10142021_ST_F3_15x19",0.0315317890633325,0.0420578417939286,0.0128787576013638,0.0368106567131261,0.0431137966349794,0.0309345658524793,0.0523845594360245,0.173808007214727,0.576480025690039,"Human_Breast_Andersson_10142021_ST_F3"
