"","Endothelial","CAFs","PVL","B-cells","T-cells","Myeloid","Normal Epithelial","Plasmablasts","Cancer Epithelial","sid"
"Human_Breast_He_06222020_ST_BC23901_C2_23x20",0.107115151092561,0.12649708675645,0.0412189649409616,0.00230452464554458,0.00464373808073212,0.113252208267668,0.144055034726634,0.224320375468227,0.236592916021221,"Human_Breast_He_06222020_ST_BC23901_C2"
"Human_Breast_He_06222020_ST_BC23901_C2_23x21",0.0642792296739125,0.0882363584648727,0.01905683235408,0.019169749884903,0.0246196002594131,0.0935421996930464,0.101518122816437,0.212803014602886,0.376774892250449,"Human_Breast_He_06222020_ST_BC23901_C2"
"Human_Breast_He_06222020_ST_BC23901_C2_23x22",0.0160390151072128,0.191039437346231,0.0751007910050486,0.00170929184050007,0.00305743795436534,0.171383305219418,0.0833235960447868,0.25536965811151,0.202977467370928,"Human_Breast_He_06222020_ST_BC23901_C2"
"Human_Breast_He_06222020_ST_BC23901_C2_23x23",0.0309997230112911,0.103905890331867,0.0210825593408962,0.0229773463378289,0.0149097905801012,0.129278895893938,0.227010963189647,0.157354943092077,0.292479888222354,"Human_Breast_He_06222020_ST_BC23901_C2"
"Human_Breast_He_06222020_ST_BC23901_C2_23x24",0.0797341375496506,0.0782427045466224,0.033198065866099,0.00161105972172057,0.00660227964417356,0.124013831691437,0.24431147517597,0.224426256877335,0.207860188926992,"Human_Breast_He_06222020_ST_BC23901_C2"
"Human_Breast_He_06222020_ST_BC23901_C2_23x25",0.109963051763964,0.132609825591844,0.0544006699545084,0.0136543548825749,0.00775508522169854,0.111361099967508,0.143271731441654,0.135354692761228,0.29162948841502,"Human_Breast_He_06222020_ST_BC23901_C2"
"Human_Breast_He_06222020_ST_BC23901_C2_23x27",0.0669780062707998,0.161119279025874,0.0424987100779821,0.00318989710079258,0.0137017791119626,0.210477401882359,0.22885115829141,0.0707635930422987,0.202420175196521,"Human_Breast_He_06222020_ST_BC23901_C2"
"Human_Breast_He_06222020_ST_BC23901_C2_20x21",0.0404755311665132,0.216549647733449,0.0374508363561379,0.00890682129814063,0.00894212765453725,0.171752201093977,0.0672166133584103,0.105491598943527,0.343214622395308,"Human_Breast_He_06222020_ST_BC23901_C2"
"Human_Breast_He_06222020_ST_BC23901_C2_20x20",0.0299257101065723,0.128163859751683,0.0530456092241373,0.00130186528489948,0.00238874612277327,0.181720328878603,0.257726663070941,0.194675819855917,0.151051397704474,"Human_Breast_He_06222020_ST_BC23901_C2"
"Human_Breast_He_06222020_ST_BC23901_C2_25x17",0.061738373979179,0.142743115187638,0.0305750704406195,0.00395378808748214,0.0110123134159215,0.19264443267888,0.210518916920991,0.130341679610452,0.216472309678836,"Human_Breast_He_06222020_ST_BC23901_C2"
"Human_Breast_He_06222020_ST_BC23901_C2_18x28",0.0209259768109614,0.314201313820478,0.0671589810033713,0.00768982128871693,0.00708868749826337,0.215244799123161,0.0764512995737688,0.181056711630758,0.110182409250521,"Human_Breast_He_06222020_ST_BC23901_C2"
"Human_Breast_He_06222020_ST_BC23901_C2_18x29",0.00130915452352901,0.156180445566832,0.225289815903951,0.00231333031461071,0.0018158600199478,0.346433961971964,0.0563385631900664,0.135467646800954,0.0748512217081452,"Human_Breast_He_06222020_ST_BC23901_C2"
"Human_Breast_He_06222020_ST_BC23901_C2_18x26",0.038311634450189,0.291175682082637,0.053500888917467,0.00931203430025532,0.00165996623927387,0.23888944257418,0.0463489750768077,0.179381143369722,0.141420232989468,"Human_Breast_He_06222020_ST_BC23901_C2"
"Human_Breast_He_06222020_ST_BC23901_C2_18x27",0.0642595497501103,0.276435271270276,0.100665722864238,0.00126367117672528,0.000393200373583038,0.14788396524065,0.0834086943829204,0.193474219593205,0.132215705348292,"Human_Breast_He_06222020_ST_BC23901_C2"
"Human_Breast_He_06222020_ST_BC23901_C2_18x24",0.0348157677615648,0.225605349979937,0.190838088625942,0.0182375546880548,0.00808889946573832,0.268193959674076,0.043803714287065,0.0193796865733099,0.191036978944313,"Human_Breast_He_06222020_ST_BC23901_C2"
"Human_Breast_He_06222020_ST_BC23901_C2_18x25",0.0237709374254043,0.206603617063074,0.104760060398045,0.00450398338944499,0.00274090886492808,0.140487514150121,0.0759448200705648,0.336151530646518,0.1050366279919,"Human_Breast_He_06222020_ST_BC23901_C2"
"Human_Breast_He_06222020_ST_BC23901_C2_18x22",0.0130007736969521,0.154042158860574,0.0702027500480498,0.13719493079642,0.0498619895039936,0.0369423367475218,0.0749336331935492,0.158101636744771,0.305719790408169,"Human_Breast_He_06222020_ST_BC23901_C2"
"Human_Breast_He_06222020_ST_BC23901_C2_18x23",0.00937856467569363,0.101632972930755,0.24086835455034,0.0042574098065773,0.00509733071775143,0.238852211005994,0.0998097164328789,0.158419965924441,0.141683473955569,"Human_Breast_He_06222020_ST_BC23901_C2"
"Human_Breast_He_06222020_ST_BC23901_C2_18x20",0.0507317894972885,0.236331634905098,0.0543538095870196,0.00200052551567381,0.00557522004171127,0.258924951575147,0.0760747543876052,0.159823063414359,0.156184251076098,"Human_Breast_He_06222020_ST_BC23901_C2"
"Human_Breast_He_06222020_ST_BC23901_C2_18x21",0.0367704270689441,0.153870413242683,0.0591562935487174,0.0143742682066385,0.011302260627409,0.186863135870601,0.140434216900599,0.226045037982338,0.171183946552071,"Human_Breast_He_06222020_ST_BC23901_C2"
"Human_Breast_He_06222020_ST_BC23901_C2_20x27",0.0549443909673812,0.186128183659867,0.018692990238277,0.0286616316436015,0.00518087523148282,0.166796018828007,0.173119056805211,0.150129654972572,0.2163471976536,"Human_Breast_He_06222020_ST_BC23901_C2"
"Human_Breast_He_06222020_ST_BC23901_C2_17x26",0.00940523833475331,0.177611359536578,0.0489680429827369,0.0130793260438871,0.00462306242747977,0.210614972110562,0.0773804226146069,0.357836153975111,0.100481421974286,"Human_Breast_He_06222020_ST_BC23901_C2"
"Human_Breast_He_06222020_ST_BC23901_C2_8x21",0.0134494746333899,0.129793530436756,0.0524780872968987,0.000528993176590251,0.00157077538506024,0.252797331550314,0.0699851126250051,0.297471210537816,0.18192548435817,"Human_Breast_He_06222020_ST_BC23901_C2"
"Human_Breast_He_06222020_ST_BC23901_C2_8x24",0.0230042418156487,0.0681315122443994,0.00814183109013352,0.0203470008199084,0.0086504918336853,0.201736254155443,0.382017228875576,0.0523808519697392,0.235590587195467,"Human_Breast_He_06222020_ST_BC23901_C2"
"Human_Breast_He_06222020_ST_BC23901_C2_8x25",0.0132277782967469,0.110438208408323,0.0167009165448324,0.00387634519825149,0.00104548538731839,0.284510488501223,0.0586253035036239,0.332682571285544,0.178892902874137,"Human_Breast_He_06222020_ST_BC23901_C2"
"Human_Breast_He_06222020_ST_BC23901_C2_13x28",0.0841025001126366,0.131285866583132,0.047901646015122,0.000191656997582684,0.00131986810821189,0.298194300262346,0.0324254407547509,0.275372376397175,0.129206344769043,"Human_Breast_He_06222020_ST_BC23901_C2"
"Human_Breast_He_06222020_ST_BC23901_C2_23x19",0.0325531874211696,0.147715723696587,0.0727822440759371,0.00835613659020038,0.00411721980972752,0.132156381120281,0.14461384389211,0.267065880879186,0.190639382514801,"Human_Breast_He_06222020_ST_BC23901_C2"
"Human_Breast_He_06222020_ST_BC23901_C2_23x18",0.053554844948594,0.0772440988171155,0.0333318849794643,0.00557547895056085,0.00429890340262172,0.115537423718255,0.182337990276255,0.170640237864216,0.357479137042917,"Human_Breast_He_06222020_ST_BC23901_C2"
"Human_Breast_He_06222020_ST_BC23901_C2_23x15",0.135815434728475,0.208428622929761,0.090205532601073,0.100831769117797,0.024350835713847,0.170153992588492,0.103025499772954,0.0478669722154941,0.119321340332107,"Human_Breast_He_06222020_ST_BC23901_C2"
"Human_Breast_He_06222020_ST_BC23901_C2_8x22",0.00849805932762185,0.101538732249981,0.00655723062375905,0.107647232685794,0.00887236712168059,0.195499047736592,0.217081156926329,0.0659711827423941,0.288334990585848,"Human_Breast_He_06222020_ST_BC23901_C2"
"Human_Breast_He_06222020_ST_BC23901_C2_8x23",0.0417215861771516,0.11488565330083,0.0721767975307215,0.0198383556698254,0.00560596361906951,0.216389722976811,0.0694536276895401,0.315930637490663,0.143997655545387,"Human_Breast_He_06222020_ST_BC23901_C2"
"Human_Breast_He_06222020_ST_BC23901_C2_11x16",0.0579037615485303,0.103155945387311,0.0753300649864274,0.00923166149717329,0.00370462869973796,0.345833066959159,0.0723327991764133,0.0370351322294145,0.295472939515834,"Human_Breast_He_06222020_ST_BC23901_C2"
"Human_Breast_He_06222020_ST_BC23901_C2_8x26",0.0196072997948402,0.134219150598312,0.0903162371564324,0.0924558447197933,0.0105208255712477,0.205994888896481,0.124769725638817,0.137324199901218,0.184791827722859,"Human_Breast_He_06222020_ST_BC23901_C2"
"Human_Breast_He_06222020_ST_BC23901_C2_8x27",0.0115004444305658,0.0634880290872495,0.0190144852263784,0.311445299544669,0.089764873221459,0.0445726671100917,0.222186793794875,0.0766891885059335,0.161338219078778,"Human_Breast_He_06222020_ST_BC23901_C2"
"Human_Breast_He_06222020_ST_BC23901_C2_8x28",0.00370282138805809,0.101306578425444,0.130382833656589,0.00171978653649174,0.00904484568388956,0.314650058418127,0.0661651194580735,0.14488675809629,0.228141198337036,"Human_Breast_He_06222020_ST_BC23901_C2"
"Human_Breast_He_06222020_ST_BC23901_C2_11x18",0.00892084597000318,0.139134131153849,0.0434587925733101,0.00142823262902055,0.00256120451441437,0.340168775813456,0.022724593310115,0.250958579316424,0.190644844719409,"Human_Breast_He_06222020_ST_BC23901_C2"
"Human_Breast_He_06222020_ST_BC23901_C2_11x19",0.00655983459368683,0.0878525606784281,0.0907758965722683,0.00162705804184989,0.00126255889500116,0.441368421934974,0.0189156602256841,0.139829488139893,0.211808520918215,"Human_Breast_He_06222020_ST_BC23901_C2"
"Human_Breast_He_06222020_ST_BC23901_C2_26x18",0.0330284896022176,0.0250885920193146,0.0155057411269726,0.0364042332929945,0.0119372422457385,0.117581465989589,0.22894242233575,0.176751945145745,0.354759868241678,"Human_Breast_He_06222020_ST_BC23901_C2"
"Human_Breast_He_06222020_ST_BC23901_C2_26x19",0.05144494452012,0.105927930360314,0.025520932744372,0.00691891505052812,0.00892335430771423,0.0675893823254213,0.148512327753273,0.284061675259555,0.301100537678701,"Human_Breast_He_06222020_ST_BC23901_C2"
"Human_Breast_He_06222020_ST_BC23901_C2_17x16",0.0261495721353143,0.14194574872476,0.0116303201173822,0.00282064682684699,0.00449400637554355,0.220868506455198,0.0563768512667051,0.0447977058656534,0.490916642232597,"Human_Breast_He_06222020_ST_BC23901_C2"
"Human_Breast_He_06222020_ST_BC23901_C2_17x17",0.0329866774676436,0.20806751982997,0.110536306030417,0.00448830764890528,0.00165206837391317,0.209149938436448,0.0335309508022298,0.18179131429354,0.217796917116934,"Human_Breast_He_06222020_ST_BC23901_C2"
"Human_Breast_He_06222020_ST_BC23901_C2_17x15",0.0351745994964186,0.0690304583807523,0.0234942937720097,0.00523526372457059,0.00344000271824222,0.151402194802154,0.151803310417944,0.0275157601076566,0.532904116580252,"Human_Breast_He_06222020_ST_BC23901_C2"
"Human_Breast_He_06222020_ST_BC23901_C2_26x16",0.0598449029128449,0.162867715715755,0.125813555850326,0.0117999645600614,0.0032959492422323,0.217374888432266,0.114865324995559,0.173833877049567,0.130303821241389,"Human_Breast_He_06222020_ST_BC23901_C2"
"Human_Breast_He_06222020_ST_BC23901_C2_26x17",0.0280289376331016,0.055149014336136,0.0336401815200526,0.0255627295807626,0.014097477898059,0.0874489657947111,0.181924552371947,0.292094097330662,0.282054043534569,"Human_Breast_He_06222020_ST_BC23901_C2"
"Human_Breast_He_06222020_ST_BC23901_C2_17x18",0.0203271678379907,0.143876648765679,0.0504356577419032,0.00178388268567795,0.00349851819584365,0.208273062510135,0.0672455926708877,0.224187560930312,0.280371908661571,"Human_Breast_He_06222020_ST_BC23901_C2"
"Human_Breast_He_06222020_ST_BC23901_C2_10x26",0.0409131442293182,0.0968031674093937,0.036854228128487,0.00332990073893028,0.00358360296505894,0.29022831884757,0.144443652808084,0.137953788620996,0.245890196252162,"Human_Breast_He_06222020_ST_BC23901_C2"
"Human_Breast_He_06222020_ST_BC23901_C2_10x27",0.0563939236817266,0.150680466934396,0.14372863209612,0.00317793425879086,0.0021584704383168,0.0760797806624395,0.0382992174877277,0.236744939236601,0.292736635203881,"Human_Breast_He_06222020_ST_BC23901_C2"
"Human_Breast_He_06222020_ST_BC23901_C2_10x24",0.0106494532930055,0.0428796039718327,0.0265358744999146,0.0266419888848504,0.010185687340701,0.186052801091941,0.092069099321193,0.378847515407338,0.226137976189224,"Human_Breast_He_06222020_ST_BC23901_C2"
"Human_Breast_He_06222020_ST_BC23901_C2_10x25",0.00791207579979035,0.0514036648531603,0.0193770647449645,0.002780254205078,0.0027761495958753,0.143985436182169,0.0744378957815413,0.506408762141826,0.190918696695596,"Human_Breast_He_06222020_ST_BC23901_C2"
"Human_Breast_He_06222020_ST_BC23901_C2_10x22",0.007994434287234,0.0787374060871411,0.0117822263473437,0.000797209230613443,0.0036547580481288,0.0799416299457736,0.0985629556202047,0.453073544860168,0.265455835573393,"Human_Breast_He_06222020_ST_BC23901_C2"
"Human_Breast_He_06222020_ST_BC23901_C2_10x23",0.0403400680387166,0.0603766358489749,0.0144413758433885,0.0030177509300135,0.00648606499277522,0.315587286374265,0.0979546114361285,0.251451953684527,0.21034425285121,"Human_Breast_He_06222020_ST_BC23901_C2"
"Human_Breast_He_06222020_ST_BC23901_C2_10x20",0.011171634726672,0.0472073627586854,0.157282056096259,0.00698031364706003,0.00383640792926834,0.286920931502747,0.0266289426940673,0.250549047575473,0.209423303069768,"Human_Breast_He_06222020_ST_BC23901_C2"
"Human_Breast_He_06222020_ST_BC23901_C2_10x21",0.0248528085186453,0.163892177792285,0.0448560465362768,0.154080740714835,0.0240511001372514,0.1263935295661,0.112600479208665,0.189558808106795,0.159714309419147,"Human_Breast_He_06222020_ST_BC23901_C2"
"Human_Breast_He_06222020_ST_BC23901_C2_10x28",0.0331508294678525,0.0909153942336101,0.0753147668200968,0.00779121101987464,0.0110608846674753,0.0818111852203817,0.0275300692412377,0.371834681896207,0.300590977433264,"Human_Breast_He_06222020_ST_BC23901_C2"
"Human_Breast_He_06222020_ST_BC23901_C2_10x29",0.0347289607796217,0.107436107050001,0.0464857131215063,0.0151715553030415,0.00574652038180872,0.336092607067056,0.0786013806067008,0.123077397162134,0.25265975852813,"Human_Breast_He_06222020_ST_BC23901_C2"
"Human_Breast_He_06222020_ST_BC23901_C2_7x17",0.0123926279840284,0.0667607112651324,0.172883834254199,0.00339284659187128,0.0343164960538203,0.201813092449602,0.135527447540731,0.00987433282105889,0.363038611039558,"Human_Breast_He_06222020_ST_BC23901_C2"
"Human_Breast_He_06222020_ST_BC23901_C2_7x18",0.0270394775866647,0.0744418394319126,0.0756022344675367,0.0810575215655612,0.0276433743847872,0.280947966622149,0.0670774077787502,0.0985925872204768,0.267597590942161,"Human_Breast_He_06222020_ST_BC23901_C2"
"Human_Breast_He_06222020_ST_BC23901_C2_7x19",0.00924016886430493,0.0415040170392958,0.181854706454116,0.00175651939120413,0.000934694838394032,0.231776243875591,0.0370455727727399,0.371860544655416,0.124027532108938,"Human_Breast_He_06222020_ST_BC23901_C2"
"Human_Breast_He_06222020_ST_BC23901_C2_21x17",0.0799613435527208,0.0871000660814077,0.037542308525412,0.000357542935874595,0.00105870733416207,0.175235643170168,0.0740401543052609,0.120940500947748,0.423763733147245,"Human_Breast_He_06222020_ST_BC23901_C2"
"Human_Breast_He_06222020_ST_BC23901_C2_21x16",0.0697187751896007,0.149726698263565,0.0863045479715308,0.0102962250466583,0.0309719735262078,0.0938460390108056,0.0268246589176654,0.0312578217467474,0.501053260327219,"Human_Breast_He_06222020_ST_BC23901_C2"
"Human_Breast_He_06222020_ST_BC23901_C2_21x15",0.0240138057064468,0.00438433726610093,0.00708762881202696,0.00915848671596318,0.00786934407642969,0.0374895389048703,0.0603714249427271,0.0365688294375057,0.813056604137929,"Human_Breast_He_06222020_ST_BC23901_C2"
"Human_Breast_He_06222020_ST_BC23901_C2_21x14",0.0277730096004293,0.0166488266061403,0.0172184534641931,0.00232249101388094,0.00342079321850014,0.172645378211424,0.0581016324692479,0.00446314824285327,0.697406267173331,"Human_Breast_He_06222020_ST_BC23901_C2"
"Human_Breast_He_06222020_ST_BC23901_C2_21x19",0.0527299913734785,0.104948196326524,0.0214187657802902,0.0145816067043559,0.00807327829983263,0.152632366041421,0.172877975903938,0.210105924923696,0.262631894646464,"Human_Breast_He_06222020_ST_BC23901_C2"
"Human_Breast_He_06222020_ST_BC23901_C2_21x18",0.0216558264056759,0.16507889540183,0.100727730387259,0.0117567668376208,0.00154220934780358,0.224811279691436,0.0475548135521124,0.174068428175594,0.25280405020067,"Human_Breast_He_06222020_ST_BC23901_C2"
"Human_Breast_He_06222020_ST_BC23901_C2_9x25",0.00868353843464307,0.0871174497251321,0.122872237498322,0.0125260327720075,0.00611792448668406,0.0613066782298006,0.054710154303964,0.481679453899849,0.164986530649598,"Human_Breast_He_06222020_ST_BC23901_C2"
"Human_Breast_He_06222020_ST_BC23901_C2_9x24",0.00731521385716767,0.0427458559490185,0.0438383985783767,0.00691948531749197,0.00575552350388995,0.0684601222732912,0.234790090213412,0.182793621239694,0.407381689067659,"Human_Breast_He_06222020_ST_BC23901_C2"
"Human_Breast_He_06222020_ST_BC23901_C2_9x27",0.00399219102907385,0.152295088295536,0.0690405434184182,0.00260343224155388,0.00435840237347293,0.184946670182751,0.09615951398204,0.17755574334984,0.309048415127315,"Human_Breast_He_06222020_ST_BC23901_C2"
"Human_Breast_He_06222020_ST_BC23901_C2_9x26",0.0536445089981891,0.116297862887813,0.118591799620911,0.00129519113819241,0.0019462177784937,0.125721961884913,0.125145664194915,0.205486590601929,0.251870202894643,"Human_Breast_He_06222020_ST_BC23901_C2"
"Human_Breast_He_06222020_ST_BC23901_C2_12x28",0.0130255916027385,0.210369626555362,0.0523870075775687,0.0578599261790399,0.0135851375401017,0.391168528483106,0.0545235762716731,0.0590576348119406,0.148022970978469,"Human_Breast_He_06222020_ST_BC23901_C2"
"Human_Breast_He_06222020_ST_BC23901_C2_9x20",0.0116292239511783,0.0675764638583137,0.0324750472277079,0.000274588642837292,0.000874237417683936,0.227942162825027,0.0426027774939812,0.511593331399764,0.105032167183507,"Human_Breast_He_06222020_ST_BC23901_C2"
"Human_Breast_He_06222020_ST_BC23901_C2_9x23",0.0108695069071935,0.17795463203416,0.015035977355021,0.0513818610478962,0.0249331099785461,0.140677909942629,0.295686940151572,0.0223060241850354,0.261154038397947,"Human_Breast_He_06222020_ST_BC23901_C2"
"Human_Breast_He_06222020_ST_BC23901_C2_9x22",0.00803092262218801,0.0421446317009995,0.0945298157304714,0.00228448268855005,0.00493682272752928,0.0838118199211795,0.0598886137238405,0.51500354388857,0.189369346996672,"Human_Breast_He_06222020_ST_BC23901_C2"
"Human_Breast_He_06222020_ST_BC23901_C2_13x23",0.0107133650859102,0.032126000441299,0.0175223334904302,0.00481231603243569,0.00481024135225715,0.0104027824706848,0.245652861351732,0.179124905852216,0.494835193923035,"Human_Breast_He_06222020_ST_BC23901_C2"
"Human_Breast_He_06222020_ST_BC23901_C2_12x25",0.0345160013040749,0.0797252728991869,0.0305783722783149,0.022845540973987,0.00592265736607284,0.1285116297757,0.196590501836936,0.0351453108794996,0.466164712686228,"Human_Breast_He_06222020_ST_BC23901_C2"
"Human_Breast_He_06222020_ST_BC23901_C2_13x21",0.0233540354779599,0.0645630514976742,0.0205592329322061,0.0398254890084712,0.0222544876730082,0.240014756055165,0.170787923783541,0.139404701037829,0.279236322534146,"Human_Breast_He_06222020_ST_BC23901_C2"
"Human_Breast_He_06222020_ST_BC23901_C2_12x27",0.0166101484845052,0.0799450323794908,0.0753584544590668,0.00111826796527475,0.0025770410291523,0.154119309255635,0.103578654303253,0.313378137364411,0.25331495475921,"Human_Breast_He_06222020_ST_BC23901_C2"
"Human_Breast_He_06222020_ST_BC23901_C2_13x27",0.00355470935564528,0.0577312855921422,0.010788510320062,6.13747018669687e-05,0.000245388003626455,0.26196643597395,0.0251252219626042,0.40694784254672,0.233579231543383,"Human_Breast_He_06222020_ST_BC23901_C2"
"Human_Breast_He_06222020_ST_BC23901_C2_9x28",0.0170168849640321,0.145373928333165,0.0795988793196853,0.0085691501078617,0.0105210492538778,0.160155032658159,0.102137486739031,0.226870953292012,0.249756635332176,"Human_Breast_He_06222020_ST_BC23901_C2"
"Human_Breast_He_06222020_ST_BC23901_C2_12x22",0.00909277174031983,0.06527160536971,0.0214118532344394,0.00515774685616574,0.00709248764839607,0.0345903752623442,0.155372596584241,0.303886121888701,0.398124441415682,"Human_Breast_He_06222020_ST_BC23901_C2"
"Human_Breast_He_06222020_ST_BC23901_C2_12x23",0.0188317856750717,0.079279740276787,0.0479903175557846,0.0230414206783225,0.0137210330021212,0.0461708240549996,0.158910031076576,0.258346061354349,0.353708786325989,"Human_Breast_He_06222020_ST_BC23901_C2"
"Human_Breast_He_06222020_ST_BC23901_C2_24x17",0.071061138105185,0.119051542764294,0.0302206206947906,0.00611436860512515,0.00488583177243277,0.323837487760526,0.114923600992087,0.130787538831609,0.199117870473951,"Human_Breast_He_06222020_ST_BC23901_C2"
"Human_Breast_He_06222020_ST_BC23901_C2_11x29",0.0115426020732408,0.13426096831049,0.159365845897085,0.0110342203503471,0.0164188804432649,0.0951386408575737,0.0550781436958609,0.36850424678212,0.148656451590017,"Human_Breast_He_06222020_ST_BC23901_C2"
"Human_Breast_He_06222020_ST_BC23901_C2_11x28",0.0762227442702785,0.132855787738753,0.0372521831312137,0.0106644125185677,0.00840307017426809,0.234036565143203,0.149886652266498,0.231567955041901,0.119110629715317,"Human_Breast_He_06222020_ST_BC23901_C2"
"Human_Breast_He_06222020_ST_BC23901_C2_11x24",0.0421659903668235,0.0759244911899067,0.0767719886811745,0.00865922152729391,0.00416991278171413,0.118968567723917,0.0748094334228636,0.266398132195653,0.332132262110653,"Human_Breast_He_06222020_ST_BC23901_C2"
"Human_Breast_He_06222020_ST_BC23901_C2_11x27",0.0225937512268773,0.132378048813291,0.0177988200907066,0.0933666978594915,0.0495180646171645,0.098470971326171,0.207439831898288,0.0798420059647264,0.298591808203284,"Human_Breast_He_06222020_ST_BC23901_C2"
"Human_Breast_He_06222020_ST_BC23901_C2_11x26",0.0839841215535625,0.107403805515514,0.0374444511000527,0.001414712223105,0.00341254387442483,0.171130958463964,0.149415704855573,0.164217683819347,0.281576018594456,"Human_Breast_He_06222020_ST_BC23901_C2"
"Human_Breast_He_06222020_ST_BC23901_C2_11x21",0.0291040962340141,0.0926164384431988,0.0825816121720267,0.0197360068460448,0.00420942668152519,0.291401520869204,0.0948310669247897,0.1839178588163,0.201601973012897,"Human_Breast_He_06222020_ST_BC23901_C2"
"Human_Breast_He_06222020_ST_BC23901_C2_11x23",0.027464680851983,0.0979826752138836,0.0861223948894853,0.0472275813934069,0.0110654931598468,0.178457777250265,0.166632948977734,0.0798103900103136,0.305236058253083,"Human_Breast_He_06222020_ST_BC23901_C2"
"Human_Breast_He_06222020_ST_BC23901_C2_11x22",0.0140656505357443,0.104724224737773,0.0625419340495283,0.00171616677016578,0.00171194769442645,0.336271926967988,0.0460660495789106,0.131794112226458,0.301107987439006,"Human_Breast_He_06222020_ST_BC23901_C2"
"Human_Breast_He_06222020_ST_BC23901_C2_8x18",0.0268858164284673,0.0460115351159937,0.016493876178989,0.540096766653669,0.0134914902413773,0.0699408486834881,0.023993845252684,0.12643141420026,0.136654407245072,"Human_Breast_He_06222020_ST_BC23901_C2"
"Human_Breast_He_06222020_ST_BC23901_C2_18x19",0.0607699157148834,0.160083666547083,0.132161174559981,0.0158410026853039,0.00773413208612133,0.317096668483408,0.0328453956539833,0.0635739557263462,0.20989408854289,"Human_Breast_He_06222020_ST_BC23901_C2"
"Human_Breast_He_06222020_ST_BC23901_C2_17x25",0.00426982874995007,0.224381911221887,0.0460375086515766,0.000302036084164915,0.00025879260118395,0.200987084886117,0.02471823219896,0.435522779653178,0.0635218259529821,"Human_Breast_He_06222020_ST_BC23901_C2"
"Human_Breast_He_06222020_ST_BC23901_C2_13x24",0.0361074397453666,0.167726886089633,0.208627832440568,0.0024369429778388,0.00258905829050908,0.10296309176278,0.134328069022936,0.171981016247407,0.173239663422961,"Human_Breast_He_06222020_ST_BC23901_C2"
"Human_Breast_He_06222020_ST_BC23901_C2_20x24",0.104292110643264,0.257762075909367,0.0521499479265201,0.00138816611200952,0.00237215998492737,0.156230380784529,0.098332268429174,0.0660107337981851,0.261462156412024,"Human_Breast_He_06222020_ST_BC23901_C2"
"Human_Breast_He_06222020_ST_BC23901_C2_11x17",0.0120210440514921,0.078763786965745,0.0381130776241962,0.0296921306142467,0.00941592064157906,0.272946400296438,0.12556982888967,0.254443171645455,0.179034639271178,"Human_Breast_He_06222020_ST_BC23901_C2"
"Human_Breast_He_06222020_ST_BC23901_C2_16x30",0.0731683794319607,0.0828227279347943,0.037781381629661,0.0171983304783094,0.0159897755048058,0.0646532191875366,0.27071471374236,0.187487647161546,0.250183824929026,"Human_Breast_He_06222020_ST_BC23901_C2"
"Human_Breast_He_06222020_ST_BC23901_C2_23x26",0.0232552660236915,0.162416040793857,0.0445917894291879,0.0117069623020358,0.00814873375100941,0.173644700195957,0.123527960449776,0.238415710974061,0.214292836080424,"Human_Breast_He_06222020_ST_BC23901_C2"
"Human_Breast_He_06222020_ST_BC23901_C2_8x17",0.00602568569361522,0.0408705141470526,0.00948932205435932,0.000706116991092896,0.000327990212473689,0.338750732256199,0.0414142174525031,0.307595813165699,0.254819608027005,"Human_Breast_He_06222020_ST_BC23901_C2"
"Human_Breast_He_06222020_ST_BC23901_C2_8x16",0.0190090268442528,0.127923172770911,0.167463369219001,0.000426000482256336,0.000676930531099048,0.158876342348445,0.0995395175321777,0.288642386851264,0.137443253420592,"Human_Breast_He_06222020_ST_BC23901_C2"
"Human_Breast_He_06222020_ST_BC23901_C2_17x21",0.0320836166762637,0.176281756942999,0.156620935099546,0.00601681581375685,0.00332251437890653,0.189556140492886,0.0854572875111316,0.251918721624153,0.098742211460357,"Human_Breast_He_06222020_ST_BC23901_C2"
"Human_Breast_He_06222020_ST_BC23901_C2_14x15",0.0146210926070587,0.00946388798574077,0.0177777866073231,0.00331841490940712,0.00262356990691498,0.032848981946388,0.0328208241581857,0.0207828151026374,0.865742626776344,"Human_Breast_He_06222020_ST_BC23901_C2"
"Human_Breast_He_06222020_ST_BC23901_C2_24x18",0.0384777521659195,0.0680070618688949,0.0169313709749915,0.00524339819745957,0.00384282296197031,0.0995471726129281,0.186102318016065,0.195582030464696,0.386266072737075,"Human_Breast_He_06222020_ST_BC23901_C2"
"Human_Breast_He_06222020_ST_BC23901_C2_24x19",0.0389125121984456,0.0884033830134987,0.0548575643618917,0.0111996351904233,0.00400152749662151,0.0942771726121217,0.233700363904389,0.337546672782109,0.1371011684405,"Human_Breast_He_06222020_ST_BC23901_C2"
"Human_Breast_He_06222020_ST_BC23901_C2_14x27",0.0172633467463353,0.115079830089629,0.0883877000528956,0.00646869160785142,0.00742598640831627,0.186954706512183,0.0815731521794988,0.291549779678335,0.205296806724956,"Human_Breast_He_06222020_ST_BC23901_C2"
"Human_Breast_He_06222020_ST_BC23901_C2_12x16",0.0136245398780409,0.114735279513883,0.0401570231027719,0.0066918545575412,0.00673034268392187,0.192253382027746,0.0528960537672405,0.268548225955039,0.304363298513814,"Human_Breast_He_06222020_ST_BC23901_C2"
"Human_Breast_He_06222020_ST_BC23901_C2_22x16",0.104612080412699,0.173815326329915,0.0178578002624786,0.000682912802568564,0.00285690055979941,0.23674374357477,0.0784512293694147,0.241819539019078,0.143160467669276,"Human_Breast_He_06222020_ST_BC23901_C2"
"Human_Breast_He_06222020_ST_BC23901_C2_22x17",0.028389234859933,0.198674478118272,0.029554585452081,0.0033382973592811,0.00505171710579519,0.0694188895252179,0.117947280736893,0.251358074535511,0.296267442307016,"Human_Breast_He_06222020_ST_BC23901_C2"
"Human_Breast_He_06222020_ST_BC23901_C2_22x14",0.0422718749210061,0.0123822866882356,0.00992556561749051,0.00304053861723879,0.00382203850338686,0.00506905866702043,0.18172198200482,0.0119002726981328,0.729866382282669,"Human_Breast_He_06222020_ST_BC23901_C2"
"Human_Breast_He_06222020_ST_BC23901_C2_22x15",0.0685598016023309,0.264213870559687,0.0849432407512003,0.000450910738456786,0.00173497199613618,0.104881403435367,0.0320076898055298,0.00930015415490337,0.433907956956389,"Human_Breast_He_06222020_ST_BC23901_C2"
"Human_Breast_He_06222020_ST_BC23901_C2_22x18",0.0294543608828399,0.154858692947661,0.0832073463785012,0.00565847420448752,0.00418750107963609,0.144480755371605,0.20450806758482,0.244695576019249,0.128949225531201,"Human_Breast_He_06222020_ST_BC23901_C2"
"Human_Breast_He_06222020_ST_BC23901_C2_11x31",0.0231398525880292,0.165641609079196,0.0425455401508702,0.00616237610662499,0.00561299672084017,0.190070376717479,0.131016071781742,0.233968600113472,0.201842576741747,"Human_Breast_He_06222020_ST_BC23901_C2"
"Human_Breast_He_06222020_ST_BC23901_C2_12x19",0.00795521229079266,0.157869501327365,0.109625647550744,0.00477562921307971,0.00203863948872315,0.235550094996016,0.0748859897804811,0.221083968240368,0.186215317112429,"Human_Breast_He_06222020_ST_BC23901_C2"
"Human_Breast_He_06222020_ST_BC23901_C2_12x18",0.00769833336135209,0.0881221392286847,0.00965947083365312,0.00106887367058632,0.000419903299112644,0.242578291342985,0.0563727709920102,0.470031220476068,0.124048996795549,"Human_Breast_He_06222020_ST_BC23901_C2"
"Human_Breast_He_06222020_ST_BC23901_C2_9x18",0.0153598592818999,0.102746794293833,0.0536103515353382,0.0022795497699212,0.000617759063317872,0.344956005877622,0.0863321591035886,0.258951255230955,0.135146265843524,"Human_Breast_He_06222020_ST_BC23901_C2"
"Human_Breast_He_06222020_ST_BC23901_C2_14x19",0.011150255692247,0.135805647275221,0.0272347836122578,0.000191025072271547,0.000374907002258229,0.284504277329605,0.0362729019086668,0.359764905740426,0.144701296367047,"Human_Breast_He_06222020_ST_BC23901_C2"
"Human_Breast_He_06222020_ST_BC23901_C2_14x18",0.15635761684522,0.187882731372929,0.0507678827024329,0.00342674409840848,0.00101813683135184,0.273511157425413,0.0270007924297187,0.170772575420647,0.129262362873879,"Human_Breast_He_06222020_ST_BC23901_C2"
"Human_Breast_He_06222020_ST_BC23901_C2_13x26",0.00608703424780285,0.186306352412828,0.076024695439856,0.00031642728894922,0.00081214354037912,0.268343653826653,0.0653654461980892,0.185542598032976,0.211201649012467,"Human_Breast_He_06222020_ST_BC23901_C2"
"Human_Breast_He_06222020_ST_BC23901_C2_15x18",0.0570349890158425,0.163880637668744,0.085987977986587,0.00841260874077493,0.00261629688042883,0.268470959032822,0.0312260434851637,0.0849855510578235,0.297384936131814,"Human_Breast_He_06222020_ST_BC23901_C2"
"Human_Breast_He_06222020_ST_BC23901_C2_15x19",0.0392238388914515,0.165908790072416,0.0752167461972317,0.000451726460157728,0.00241397261244788,0.385855425874876,0.0133330488199658,0.0213459244560695,0.296250526615383,"Human_Breast_He_06222020_ST_BC23901_C2"
"Human_Breast_He_06222020_ST_BC23901_C2_15x16",0.0105400077332712,0.0331327058968786,0.0302887488053836,0.00245603732856358,0.00275914115343722,0.0592550711875271,0.0638523421385648,0.0102867375425969,0.787429208213777,"Human_Breast_He_06222020_ST_BC23901_C2"
"Human_Breast_He_06222020_ST_BC23901_C2_15x17",0.0428505973903074,0.166148875571371,0.046967812356147,0.0522551892401874,0.017420458724724,0.203198390388386,0.112968303258199,0.0297012627387921,0.328489110331886,"Human_Breast_He_06222020_ST_BC23901_C2"
"Human_Breast_He_06222020_ST_BC23901_C2_17x29",0.00888509539715789,0.238944761005219,0.0686532007584723,0.0484444012690427,0.0139019040737181,0.344572729839891,0.0852667678516743,0.0424584355963088,0.148872704208516,"Human_Breast_He_06222020_ST_BC23901_C2"
"Human_Breast_He_06222020_ST_BC23901_C2_17x28",0.0384548579047334,0.181812700020593,0.115578649109646,0.0423484871543182,0.0167810202086399,0.128338489674662,0.176154307843674,0.104343469568056,0.196188018515677,"Human_Breast_He_06222020_ST_BC23901_C2"
"Human_Breast_He_06222020_ST_BC23901_C2_26x23",0.0356863388006373,0.0240810908327912,0.0419681393167502,0.0521221607573725,0.0202043460712944,0.0707195650384716,0.240773457621886,0.114496432838267,0.399948468722529,"Human_Breast_He_06222020_ST_BC23901_C2"
"Human_Breast_He_06222020_ST_BC23901_C2_26x22",0.0552422455355336,0.0844327994284763,0.0405986653377765,0.0155824564193221,0.0109173055869027,0.202683810828972,0.208876457225869,0.0675241302509525,0.314142129386195,"Human_Breast_He_06222020_ST_BC23901_C2"
"Human_Breast_He_06222020_ST_BC23901_C2_26x21",0.0176120073408977,0.206912812364316,0.0541799990916487,0.0159393750986117,0.00862320788628659,0.103641102822353,0.245596821532863,0.122588726726368,0.224905947136655,"Human_Breast_He_06222020_ST_BC23901_C2"
"Human_Breast_He_06222020_ST_BC23901_C2_26x20",0.0242639949720965,0.221060010256646,0.0741904672862963,0.000935081752695542,0.00212340368628616,0.182587833398456,0.0679723951169282,0.181355465969232,0.245511347561364,"Human_Breast_He_06222020_ST_BC23901_C2"
"Human_Breast_He_06222020_ST_BC23901_C2_17x23",0.0522138064245006,0.0691600267132661,0.0869907142015034,0.00733718230912774,0.00932029879258359,0.0836494799319207,0.150625064422947,0.194602851884798,0.346100575319352,"Human_Breast_He_06222020_ST_BC23901_C2"
"Human_Breast_He_06222020_ST_BC23901_C2_26x24",0.0413396621907959,0.0402508200567417,0.0363136645757472,0.0225891447555384,0.0110178017282646,0.131330390565549,0.194472256615324,0.13304199543117,0.38964426408087,"Human_Breast_He_06222020_ST_BC23901_C2"
"Human_Breast_He_06222020_ST_BC23901_C2_12x17",0.000659756691402263,0.149264051309893,0.0478354168705903,0.000165361146545411,0.000370234418115928,0.482357116141161,0.0904922252206478,0.00092054987124974,0.227935288330394,"Human_Breast_He_06222020_ST_BC23901_C2"
"Human_Breast_He_06222020_ST_BC23901_C2_10x17",0.0684988313062116,0.0668744846661017,0.111528376406483,0.0419997056281085,0.0100219046341728,0.24547169725515,0.0119966030925257,0.26236619336402,0.181242203647227,"Human_Breast_He_06222020_ST_BC23901_C2"
"Human_Breast_He_06222020_ST_BC23901_C2_10x16",0.0130063610856549,0.0558976697374625,0.0277002832003156,0.343761197343503,0.0358795700680683,0.205237804116596,0.12440953292312,0.0134776791449231,0.180629902380357,"Human_Breast_He_06222020_ST_BC23901_C2"
"Human_Breast_He_06222020_ST_BC23901_C2_10x19",0.0217820304488277,0.109021665573896,0.167255315832159,0.00103561682233811,0.00128620761294179,0.344091429116107,0.0517596766316678,0.131887229497061,0.171880828465002,"Human_Breast_He_06222020_ST_BC23901_C2"
"Human_Breast_He_06222020_ST_BC23901_C2_24x25",0.056688197598628,0.0990107106180798,0.0407129113404008,0.0222945267981238,0.0513031584430727,0.105022112643167,0.234343768320359,0.0508937134219657,0.339730900816202,"Human_Breast_He_06222020_ST_BC23901_C2"
"Human_Breast_He_06222020_ST_BC23901_C2_24x24",0.0431269877540422,0.0735687301185962,0.0669666005682589,0.159662837982349,0.0282815455900954,0.100348796908759,0.172059936334848,0.108546090127557,0.247438474615495,"Human_Breast_He_06222020_ST_BC23901_C2"
"Human_Breast_He_06222020_ST_BC23901_C2_24x26",0.0321046693936555,0.0667713951784836,0.0691538981388588,0.104950025786368,0.0534885386941928,0.157028680686767,0.22004718568059,0.0228609310073907,0.273594675433693,"Human_Breast_He_06222020_ST_BC23901_C2"
"Human_Breast_He_06222020_ST_BC23901_C2_24x21",0.0261944965986464,0.0655271180737117,0.0182905262587003,0.00194214977910639,0.00328420400934811,0.148942570997185,0.266222972430574,0.15467929296219,0.314916668890538,"Human_Breast_He_06222020_ST_BC23901_C2"
"Human_Breast_He_06222020_ST_BC23901_C2_24x20",0.0381392528755012,0.0588813054613964,0.0287296985668099,0.00810055137026204,0.0111568680637459,0.10913167726367,0.279579344389982,0.0850700254519846,0.381211276556648,"Human_Breast_He_06222020_ST_BC23901_C2"
"Human_Breast_He_06222020_ST_BC23901_C2_24x23",0.0884636303447641,0.101566767282533,0.0348439632320511,0.0115539671750971,0.0197832341393145,0.111751361116219,0.214414770782721,0.0972599592475127,0.320362346679789,"Human_Breast_He_06222020_ST_BC23901_C2"
"Human_Breast_He_06222020_ST_BC23901_C2_22x19",0.0270209908337442,0.142935558454308,0.134645220283012,0.029463492283529,0.00951311484999291,0.124756739301237,0.203760385080629,0.163692701639315,0.164211797274233,"Human_Breast_He_06222020_ST_BC23901_C2"
"Human_Breast_He_06222020_ST_BC23901_C2_13x30",0.00653684671101456,0.144590943685175,0.0882525752198307,0.00135285844461994,0.00043983123087015,0.331583891807142,0.077261585783546,0.0712471264466111,0.278734340671191,"Human_Breast_He_06222020_ST_BC23901_C2"
"Human_Breast_He_06222020_ST_BC23901_C2_12x20",0.0247638077479145,0.0890899935281453,0.0627251247111974,0.0359071154287151,0.00423112271243482,0.261435853537181,0.145418748475597,0.169239281195408,0.207188952663406,"Human_Breast_He_06222020_ST_BC23901_C2"
"Human_Breast_He_06222020_ST_BC23901_C2_9x19",0.0141416782598694,0.0576240705348672,0.0448464554792593,0.00124789520354367,0.0012157356197188,0.224043677429119,0.0695730835834953,0.417500538189826,0.169806865700301,"Human_Breast_He_06222020_ST_BC23901_C2"
"Human_Breast_He_06222020_ST_BC23901_C2_13x29",0.018126299346362,0.137870161747345,0.0355277574713054,0.00648794724685801,0.0106615717758993,0.244509200476586,0.0939973775758635,0.236935775502711,0.21588390885707,"Human_Breast_He_06222020_ST_BC23901_C2"
"Human_Breast_He_06222020_ST_BC23901_C2_25x26",0.0904035003787845,0.127534968354905,0.0446204102948294,0.0816704390767825,0.0397530051888273,0.166992041453062,0.141346221453457,0.0970036115596006,0.210675802239752,"Human_Breast_He_06222020_ST_BC23901_C2"
"Human_Breast_He_06222020_ST_BC23901_C2_25x24",0.0120935788275094,0.0329786893134381,0.0171338902006913,0.00730113339209849,0.00652331384871591,0.0110001682364434,0.273818635148204,0.359707420979159,0.27944317005374,"Human_Breast_He_06222020_ST_BC23901_C2"
"Human_Breast_He_06222020_ST_BC23901_C2_25x25",0.073857853730948,0.0624848501145211,0.0378686428400707,0.0159578568168847,0.0258036620508262,0.117467598622698,0.199584848133543,0.21135177580237,0.255622911888138,"Human_Breast_He_06222020_ST_BC23901_C2"
"Human_Breast_He_06222020_ST_BC23901_C2_25x22",0.0196263834431636,0.101960947708742,0.0455057752734689,0.0102582432101883,0.0110256486692879,0.103360090667671,0.219940991083081,0.24227070539785,0.246051214546548,"Human_Breast_He_06222020_ST_BC23901_C2"
"Human_Breast_He_06222020_ST_BC23901_C2_25x23",0.0154595048759969,0.0402994301499438,0.00933962051938099,0.070847366726288,0.0464342264718902,0.0759409846624472,0.272132975285446,0.229286423809393,0.240259467499214,"Human_Breast_He_06222020_ST_BC23901_C2"
"Human_Breast_He_06222020_ST_BC23901_C2_25x20",0.0173646345311975,0.160915746448739,0.0427816606145911,0.0055957449529401,0.00782378655439176,0.202524169774692,0.120775781119557,0.148250924695264,0.293967551308627,"Human_Breast_He_06222020_ST_BC23901_C2"
"Human_Breast_He_06222020_ST_BC23901_C2_25x21",0.018672635861833,0.0934985650104317,0.0155444028599034,0.00820943243830689,0.00545882465261519,0.0933654996623173,0.205870684063688,0.332895018600053,0.226484936850852,"Human_Breast_He_06222020_ST_BC23901_C2"
"Human_Breast_He_06222020_ST_BC23901_C2_9x21",0.00465765752625645,0.041031849142565,0.00569157725976956,0.00947775240072725,0.00967976295668324,0.174581064831986,0.0551091385144612,0.401201151990952,0.298570045376599,"Human_Breast_He_06222020_ST_BC23901_C2"
"Human_Breast_He_06222020_ST_BC23901_C2_9x16",0.023511509316506,0.0589557496794643,0.079171108303894,0.0529462294885659,0.0112003775689203,0.327308910979209,0.0990774801997912,0.12351549662921,0.224313137834439,"Human_Breast_He_06222020_ST_BC23901_C2"
"Human_Breast_He_06222020_ST_BC23901_C2_14x28",0.0345076270388674,0.132284469189289,0.2194510482272,0.0543338774190352,0.0134382753488091,0.256167742251424,0.0429812289588355,0.0909969791121011,0.155838752454438,"Human_Breast_He_06222020_ST_BC23901_C2"
"Human_Breast_He_06222020_ST_BC23901_C2_14x29",0.0058372418561352,0.147317335705433,0.183262327499308,0.000952107277448109,0.00104544002993957,0.166114984496525,0.0353814619507082,0.297413023874501,0.162676077310001,"Human_Breast_He_06222020_ST_BC23901_C2"
