"","Endothelial","CAFs","PVL","B-cells","T-cells","Myeloid","Normal Epithelial","Plasmablasts","Cancer Epithelial","sid"
"Human_Breast_Andersson_10142021_ST_D2_10x12",0.0491456505948712,0.177828174437633,0.0689048488923752,0.0505140923419823,0.0759832445186409,0.159919437519232,0.0260194607846768,0.330319339001093,0.0613657519094962,"Human_Breast_Andersson_10142021_ST_D2"
"Human_Breast_Andersson_10142021_ST_D2_10x13",0.122201770061364,0.149896544499132,0.0615594260418436,0.071616867008048,0.149479407964723,0.115243534132584,0.0181885277501449,0.251866099255777,0.0599478232863844,"Human_Breast_Andersson_10142021_ST_D2"
"Human_Breast_Andersson_10142021_ST_D2_10x14",0.0496077418601371,0.299693687447827,0.0344732025560905,0.0629086073927881,0.0568014170936943,0.158999092118673,0.025507256043983,0.199432012748939,0.112576982737867,"Human_Breast_Andersson_10142021_ST_D2"
"Human_Breast_Andersson_10142021_ST_D2_10x15",0.06363421666184,0.194822366755151,0.0797303566943653,0.0861069730514606,0.0916793191837219,0.0967062491245119,0.0494470081802609,0.103790202123102,0.234083308225587,"Human_Breast_Andersson_10142021_ST_D2"
"Human_Breast_Andersson_10142021_ST_D2_10x16",0.0739857359077916,0.219580169613655,0.044455226414661,0.0237670207828555,0.072271255524317,0.124367863366635,0.0544458211252944,0.174361162740638,0.212765744524152,"Human_Breast_Andersson_10142021_ST_D2"
"Human_Breast_Andersson_10142021_ST_D2_10x17",0.0807338006912461,0.100649142543791,0.0264034544476241,0.0592723917797396,0.0577794518631581,0.0458322975475081,0.146189873667654,0.195252515633068,0.287887071826211,"Human_Breast_Andersson_10142021_ST_D2"
"Human_Breast_Andersson_10142021_ST_D2_10x18",0.0709233469503747,0.10366949428975,0.0418486947804513,0.0562442850108131,0.154655603250835,0.0496778569555681,0.139815229944744,0.145131609532608,0.238033879284854,"Human_Breast_Andersson_10142021_ST_D2"
"Human_Breast_Andersson_10142021_ST_D2_10x19",0.0582097233168222,0.0996349695807725,0.0424158800269943,0.0317017639759711,0.0450882338193476,0.0450290837462818,0.117710445631976,0.166457894581612,0.393752005320222,"Human_Breast_Andersson_10142021_ST_D2"
"Human_Breast_Andersson_10142021_ST_D2_10x20",0.0491003524854991,0.0466999886288717,0.0702546772808142,0.0242381481868348,0.0543546346116948,0.0413272888903796,0.113178591166572,0.270655003406705,0.330191315342628,"Human_Breast_Andersson_10142021_ST_D2"
"Human_Breast_Andersson_10142021_ST_D2_10x21",0.0706275169883331,0.191750834090761,0.0480225816296541,0.0624648344586219,0.0793973107016039,0.103701333594723,0.039254884781678,0.272012623196954,0.13276808055767,"Human_Breast_Andersson_10142021_ST_D2"
"Human_Breast_Andersson_10142021_ST_D2_10x22",0.111603384906134,0.161963423450122,0.0510444025894256,0.0264343364029353,0.0858375703634325,0.147119950071109,0.0275702167657174,0.24876620098883,0.139660514462295,"Human_Breast_Andersson_10142021_ST_D2"
"Human_Breast_Andersson_10142021_ST_D2_10x23",0.0907942502132314,0.177179739260405,0.0755546592890768,0.055818132369132,0.119828798408908,0.140379626714301,0.0465575257840373,0.162534441426078,0.13135282653483,"Human_Breast_Andersson_10142021_ST_D2"
"Human_Breast_Andersson_10142021_ST_D2_10x24",0.0799535594883223,0.184093720789425,0.0770914083366525,0.104811748304115,0.047935378557588,0.143650013278975,0.0374579595266472,0.250799835415829,0.074206376302446,"Human_Breast_Andersson_10142021_ST_D2"
"Human_Breast_Andersson_10142021_ST_D2_10x25",0.151201835656556,0.225314220766927,0.0785340244362576,0.0409761195234208,0.0615637178621589,0.121735335010649,0.026671699081784,0.238649638467449,0.0553534091947983,"Human_Breast_Andersson_10142021_ST_D2"
"Human_Breast_Andersson_10142021_ST_D2_10x26",0.119891129306856,0.341369770564062,0.0398919714797566,0.0314197083996765,0.0498894288996,0.147812945149343,0.0294167840054117,0.154381369803105,0.0859268923921898,"Human_Breast_Andersson_10142021_ST_D2"
"Human_Breast_Andersson_10142021_ST_D2_10x27",0.0748692645755798,0.229986507136884,0.0388517992543094,0.0751036639998623,0.15413459408021,0.100989241979358,0.0271653286740792,0.211125412769021,0.0877741875306961,"Human_Breast_Andersson_10142021_ST_D2"
"Human_Breast_Andersson_10142021_ST_D2_10x28",0.0559769208869986,0.257436093726637,0.0726845534982144,0.0542487797798305,0.0925982281294108,0.146187647648856,0.0186720013032515,0.18261047478455,0.11958530024225,"Human_Breast_Andersson_10142021_ST_D2"
"Human_Breast_Andersson_10142021_ST_D2_10x29",0.086679698211851,0.18599115420916,0.0369420451895276,0.0332673049705222,0.0483209878364864,0.161592739236239,0.0389927613087509,0.312175907105041,0.0960374019324221,"Human_Breast_Andersson_10142021_ST_D2"
"Human_Breast_Andersson_10142021_ST_D2_11x12",0.0327820815404286,0.262562474707114,0.0264676700522036,0.0322056749728692,0.0865655275758016,0.172925993875786,0.0108741871878053,0.337070244310651,0.0385461457773404,"Human_Breast_Andersson_10142021_ST_D2"
"Human_Breast_Andersson_10142021_ST_D2_11x13",0.0534354905950587,0.194362739301064,0.0216010147212708,0.0716791758163932,0.0913179255502508,0.240668913205234,0.0145282244714821,0.279608193187915,0.0327983231513303,"Human_Breast_Andersson_10142021_ST_D2"
"Human_Breast_Andersson_10142021_ST_D2_11x14",0.0800663674804754,0.222089863497855,0.067287904287716,0.0608441352801051,0.134722396861861,0.217419292264339,0.0123283570643897,0.136783951288526,0.0684577319747333,"Human_Breast_Andersson_10142021_ST_D2"
"Human_Breast_Andersson_10142021_ST_D2_11x15",0.0707164668159134,0.171062922122821,0.0616588769700247,0.0358339979444935,0.143175477045283,0.10315343518349,0.0414443095533273,0.290415506501952,0.0825390078626942,"Human_Breast_Andersson_10142021_ST_D2"
"Human_Breast_Andersson_10142021_ST_D2_11x16",0.061991805873232,0.108843422876023,0.0648412263978564,0.0475500867543322,0.131015514247486,0.110123266737221,0.0878617088204869,0.282723098285409,0.105049870007953,"Human_Breast_Andersson_10142021_ST_D2"
"Human_Breast_Andersson_10142021_ST_D2_11x18",0.0550896899517393,0.143585390541445,0.072878529996624,0.0794124387052889,0.0394344718133432,0.0795071213706033,0.0525964689082812,0.273077771889057,0.204418116823618,"Human_Breast_Andersson_10142021_ST_D2"
"Human_Breast_Andersson_10142021_ST_D2_11x19",0.0544610760507813,0.0959072584688529,0.0798823839292539,0.0433520514840805,0.06281650855421,0.0752683365918805,0.0830129963722524,0.313017746052895,0.192281642495794,"Human_Breast_Andersson_10142021_ST_D2"
"Human_Breast_Andersson_10142021_ST_D2_11x20",0.0965698731973742,0.0987973768596461,0.0454451656095231,0.0502102701550928,0.134897560242958,0.096328885891174,0.109159033453061,0.0718155854391766,0.296776249151994,"Human_Breast_Andersson_10142021_ST_D2"
"Human_Breast_Andersson_10142021_ST_D2_11x21",0.0958264350363853,0.0931214889853061,0.0601979379099459,0.0985942979830156,0.0710144893086062,0.0655005799835598,0.0922522742437701,0.16842151513917,0.255070981410241,"Human_Breast_Andersson_10142021_ST_D2"
"Human_Breast_Andersson_10142021_ST_D2_11x22",0.109365514013138,0.150889254179667,0.0540708786593668,0.0993416302561292,0.087255198518451,0.0952864853532045,0.0746631060738759,0.142113372356098,0.18701456059007,"Human_Breast_Andersson_10142021_ST_D2"
"Human_Breast_Andersson_10142021_ST_D2_11x23",0.0649243349864793,0.234225944720633,0.080102059202777,0.0887376372375961,0.0807466374260004,0.139302035205977,0.0416387186952144,0.185080253892781,0.085242378632542,"Human_Breast_Andersson_10142021_ST_D2"
"Human_Breast_Andersson_10142021_ST_D2_11x24",0.18387664479424,0.180644835795639,0.0799593116524554,0.0662666635040095,0.0298012379047442,0.159297642821903,0.0143174724116988,0.229414982728722,0.0564212083865892,"Human_Breast_Andersson_10142021_ST_D2"
"Human_Breast_Andersson_10142021_ST_D2_11x25",0.0772728038706753,0.258501428856715,0.0302236864566881,0.0279820734333348,0.0424040965112186,0.112498904081066,0.0149948597896618,0.371892149893822,0.0642299971068187,"Human_Breast_Andersson_10142021_ST_D2"
"Human_Breast_Andersson_10142021_ST_D2_11x26",0.173330786366532,0.209772820169206,0.06825534398343,0.0568675064655173,0.0748447188475412,0.154348310510071,0.0124039733676401,0.205455192110383,0.0447213481796802,"Human_Breast_Andersson_10142021_ST_D2"
"Human_Breast_Andersson_10142021_ST_D2_11x27",0.0678546185098944,0.224930687664044,0.0856899909039421,0.0349456297410665,0.0514379038926106,0.160533157984801,0.0263087862922545,0.286472546025223,0.0618266789861648,"Human_Breast_Andersson_10142021_ST_D2"
"Human_Breast_Andersson_10142021_ST_D2_11x28",0.139549489684659,0.172538056458219,0.0609347317506476,0.0746532040203906,0.133341267424978,0.176076386547666,0.0354392693822031,0.11959111585649,0.0878764788747453,"Human_Breast_Andersson_10142021_ST_D2"
"Human_Breast_Andersson_10142021_ST_D2_11x29",0.114203658237908,0.146748079735449,0.148275320403682,0.047769681462433,0.0606852283503955,0.140251839461088,0.024883199270656,0.222440228500075,0.094742764578313,"Human_Breast_Andersson_10142021_ST_D2"
"Human_Breast_Andersson_10142021_ST_D2_12x12",0.101696698062538,0.212998831170847,0.033801963317199,0.0320128897061017,0.0827158573303993,0.217489292259825,0.047865281575687,0.188898990947018,0.0825201956303854,"Human_Breast_Andersson_10142021_ST_D2"
"Human_Breast_Andersson_10142021_ST_D2_12x13",0.0407502802603369,0.176372708173886,0.0366907524528616,0.0682377517813306,0.142420642013409,0.173134881697645,0.0153564211143896,0.290752603239016,0.056283959267125,"Human_Breast_Andersson_10142021_ST_D2"
"Human_Breast_Andersson_10142021_ST_D2_12x14",0.0771748820916695,0.190896099944195,0.0283048060145215,0.156276517400545,0.101946494038677,0.145657723062269,0.0242150790903201,0.185984957454667,0.0895434409031353,"Human_Breast_Andersson_10142021_ST_D2"
"Human_Breast_Andersson_10142021_ST_D2_12x15",0.087201767795299,0.122741448605665,0.0559586101801795,0.0650532001264854,0.0955728256950816,0.164677924089013,0.0220530564076943,0.286559618581256,0.100181548519326,"Human_Breast_Andersson_10142021_ST_D2"
"Human_Breast_Andersson_10142021_ST_D2_12x16",0.078664518847028,0.126595951874663,0.0292904377955225,0.128456602402513,0.1471302430552,0.0796167686660604,0.0382690501393156,0.224671171666064,0.147305255553633,"Human_Breast_Andersson_10142021_ST_D2"
"Human_Breast_Andersson_10142021_ST_D2_12x17",0.0723333159640599,0.159787721372744,0.0628426975597003,0.0371012700992824,0.0414997971700949,0.145762773330607,0.0732907065841429,0.249598580484599,0.157783137434769,"Human_Breast_Andersson_10142021_ST_D2"
"Human_Breast_Andersson_10142021_ST_D2_12x18",0.0596374226533367,0.18399817162433,0.0399355303436444,0.0406531446841788,0.0596923494825845,0.0969076536730991,0.0330251807466024,0.379479576019408,0.106670970772816,"Human_Breast_Andersson_10142021_ST_D2"
"Human_Breast_Andersson_10142021_ST_D2_12x19",0.0637283222330742,0.143636294889179,0.0634492391493951,0.0578112353155005,0.0713643369640801,0.113765193752841,0.0462198926170377,0.328160147595253,0.111865337483639,"Human_Breast_Andersson_10142021_ST_D2"
"Human_Breast_Andersson_10142021_ST_D2_12x20",0.116086061950833,0.0921005138247354,0.0951544878239669,0.0425758360182098,0.0470838293242525,0.0871950712268275,0.0651613122085079,0.297817342024493,0.156825545598175,"Human_Breast_Andersson_10142021_ST_D2"
"Human_Breast_Andersson_10142021_ST_D2_12x21",0.125060850918635,0.153146194571882,0.0566944938899153,0.0795294837678337,0.0807830263441951,0.125883817122951,0.0298429333971364,0.143585671198074,0.205473528789378,"Human_Breast_Andersson_10142021_ST_D2"
"Human_Breast_Andersson_10142021_ST_D2_12x22",0.0348036289085857,0.230248475284227,0.074460392977687,0.156567793298312,0.0721819565243159,0.107815586032286,0.0183266152904751,0.252185935372607,0.053409616311504,"Human_Breast_Andersson_10142021_ST_D2"
"Human_Breast_Andersson_10142021_ST_D2_12x23",0.0582287609989657,0.308794463151874,0.17702868006924,0.0363031685593485,0.0514904105907372,0.167020566552843,0.018109929182099,0.128345504723453,0.0546785161714399,"Human_Breast_Andersson_10142021_ST_D2"
"Human_Breast_Andersson_10142021_ST_D2_12x24",0.0211022225830104,0.29085050533961,0.0934971783747871,0.0378796181981946,0.0360424461205162,0.139365361557744,0.00961962154653883,0.352902337598465,0.0187407086811337,"Human_Breast_Andersson_10142021_ST_D2"
"Human_Breast_Andersson_10142021_ST_D2_12x25",0.0453700279798561,0.264279693706818,0.0895208686186659,0.0942399341120049,0.0625711781616477,0.135725385912146,0.0268598467457693,0.262759760491525,0.0186733042715677,"Human_Breast_Andersson_10142021_ST_D2"
"Human_Breast_Andersson_10142021_ST_D2_12x26",0.087514078916092,0.229927835592605,0.164454459594845,0.0283711928416787,0.0276233458183849,0.12589703045691,0.0131294462717011,0.296800715650467,0.0262818948573156,"Human_Breast_Andersson_10142021_ST_D2"
"Human_Breast_Andersson_10142021_ST_D2_12x27",0.335726048950116,0.172871670587822,0.0744225166449794,0.058644316681035,0.0531794606862427,0.15744226395739,0.0112321902447567,0.11570128555559,0.0207802466920676,"Human_Breast_Andersson_10142021_ST_D2"
"Human_Breast_Andersson_10142021_ST_D2_12x28",0.137144399303754,0.173378952354047,0.0679430040505801,0.0542981897459362,0.0955239530825214,0.186103362895975,0.0185950785141192,0.178738471209994,0.0882745888430735,"Human_Breast_Andersson_10142021_ST_D2"
"Human_Breast_Andersson_10142021_ST_D2_12x29",0.0467104148958474,0.110031472436482,0.215650113331487,0.0353961720638572,0.0438574434491658,0.128942183438654,0.0205612396723041,0.314421261743062,0.0844296989691396,"Human_Breast_Andersson_10142021_ST_D2"
"Human_Breast_Andersson_10142021_ST_D2_13x12",0.0664387140938517,0.209481037170211,0.0174312530435368,0.0530472869937593,0.103435067076025,0.200616474970557,0.012950362632935,0.288177249956535,0.0484225540625899,"Human_Breast_Andersson_10142021_ST_D2"
"Human_Breast_Andersson_10142021_ST_D2_13x13",0.128322544385969,0.117883422300162,0.0274381987310696,0.162056280892687,0.210363647038437,0.207770283771171,0.0264653630879089,0.0481526719718404,0.0715475878207547,"Human_Breast_Andersson_10142021_ST_D2"
"Human_Breast_Andersson_10142021_ST_D2_13x14",0.07837337291998,0.150046605495862,0.0437683105388068,0.0790737672190586,0.18499785753789,0.17102555075731,0.0168181971556072,0.216535011739411,0.059361326636074,"Human_Breast_Andersson_10142021_ST_D2"
"Human_Breast_Andersson_10142021_ST_D2_13x15",0.0979986895872525,0.178316870135917,0.0440431419374416,0.145016434868724,0.155665792243749,0.154720503683132,0.0297122695212743,0.105737378363789,0.0887889196587211,"Human_Breast_Andersson_10142021_ST_D2"
"Human_Breast_Andersson_10142021_ST_D2_13x16",0.100488218571654,0.20914064161292,0.0471353127592721,0.0376083999076966,0.0749707998288768,0.102654721804025,0.0248091525377891,0.318783554861001,0.0844091981167651,"Human_Breast_Andersson_10142021_ST_D2"
"Human_Breast_Andersson_10142021_ST_D2_13x17",0.0905696671345168,0.14453100743213,0.0658843823386263,0.0499056810047587,0.155211366908713,0.149279862141503,0.030116796575603,0.147347415455011,0.167153821009138,"Human_Breast_Andersson_10142021_ST_D2"
"Human_Breast_Andersson_10142021_ST_D2_13x18",0.06397880563498,0.126127869146753,0.061686092166088,0.124563020966037,0.142002377212816,0.126581045265234,0.034816790137886,0.187767577812846,0.13247642165736,"Human_Breast_Andersson_10142021_ST_D2"
"Human_Breast_Andersson_10142021_ST_D2_13x19",0.0589737706251854,0.151623218818113,0.0585738463714174,0.08237588291945,0.0942876150850065,0.0679983491043261,0.0337099959138595,0.198390294404799,0.254067026757843,"Human_Breast_Andersson_10142021_ST_D2"
"Human_Breast_Andersson_10142021_ST_D2_13x20",0.0998253821535771,0.119137763694035,0.0424186653044512,0.0371708834214215,0.0807565710739297,0.113503990057776,0.052463555697386,0.325623007605523,0.1291001809919,"Human_Breast_Andersson_10142021_ST_D2"
"Human_Breast_Andersson_10142021_ST_D2_13x21",0.0795616961674459,0.164712976629351,0.0316938061169366,0.0616011417286488,0.102142574547874,0.0929446144339409,0.0474235219748977,0.288409231817021,0.131510436583884,"Human_Breast_Andersson_10142021_ST_D2"
"Human_Breast_Andersson_10142021_ST_D2_13x22",0.171093069563019,0.230608768773128,0.0379080166636279,0.0931297324071805,0.0462247457658206,0.152168926664315,0.00775820944124496,0.197308847480556,0.0637996832411086,"Human_Breast_Andersson_10142021_ST_D2"
"Human_Breast_Andersson_10142021_ST_D2_13x23",0.0942561278398061,0.282133050170153,0.0563440106089265,0.0704792982236886,0.119910937265613,0.130920199640852,0.00675153921266274,0.217875401973101,0.0213294350651967,"Human_Breast_Andersson_10142021_ST_D2"
"Human_Breast_Andersson_10142021_ST_D2_13x24",0.0588740370497935,0.267087598331778,0.0427952242534062,0.129810933662343,0.109792320789314,0.17539940599741,0.0111209932561477,0.178082763665691,0.0270367229941166,"Human_Breast_Andersson_10142021_ST_D2"
"Human_Breast_Andersson_10142021_ST_D2_13x25",0.0524270231156518,0.17842195890826,0.0825580785898889,0.0697801956701869,0.0557246069705987,0.18770270203976,0.0164660923221162,0.315118568687393,0.0418007736961454,"Human_Breast_Andersson_10142021_ST_D2"
"Human_Breast_Andersson_10142021_ST_D2_13x26",0.0580053417197539,0.18438219618342,0.0809014083434792,0.0325448540795058,0.0732600886499369,0.203441058858058,0.0628759563767815,0.194645124072733,0.109943971716332,"Human_Breast_Andersson_10142021_ST_D2"
"Human_Breast_Andersson_10142021_ST_D2_13x27",0.0766381168845207,0.160166087531143,0.0457022270483424,0.0527527844553438,0.081390262749082,0.208724112198686,0.027037826997376,0.273687226384004,0.0739013557515024,"Human_Breast_Andersson_10142021_ST_D2"
"Human_Breast_Andersson_10142021_ST_D2_13x28",0.109496478948781,0.109061774033697,0.0609602540503943,0.0614112481853842,0.063060482728904,0.143749013252544,0.0292820374326468,0.291266004289688,0.13171270707796,"Human_Breast_Andersson_10142021_ST_D2"
"Human_Breast_Andersson_10142021_ST_D2_13x29",0.0692377620566297,0.0849036758842863,0.149562050958144,0.063002614362119,0.131356478224025,0.116305786718401,0.0556833458968842,0.189784917138825,0.140163368760686,"Human_Breast_Andersson_10142021_ST_D2"
"Human_Breast_Andersson_10142021_ST_D2_14x12",0.0644654365364216,0.190293543362003,0.0433227683417495,0.159829479806851,0.257264739969189,0.127003198436617,0.0254415739852767,0.0282653203013738,0.104113939260519,"Human_Breast_Andersson_10142021_ST_D2"
"Human_Breast_Andersson_10142021_ST_D2_14x13",0.0405103777119399,0.140679365952897,0.0475525499347169,0.342536151673357,0.199580050529928,0.129928582335051,0.0148762187384657,0.0249770809601915,0.0593596221634527,"Human_Breast_Andersson_10142021_ST_D2"
"Human_Breast_Andersson_10142021_ST_D2_14x14",0.110064841630637,0.0994831653685586,0.0208312356740968,0.214595938463067,0.190411955565707,0.161176764095113,0.0128766229414913,0.124036031714166,0.0665234445471639,"Human_Breast_Andersson_10142021_ST_D2"
"Human_Breast_Andersson_10142021_ST_D2_14x15",0.0899545063438903,0.176751915954202,0.0268403608511648,0.0793101786908572,0.227294489848568,0.160935670944813,0.0276285812273952,0.124471282241978,0.0868130138971314,"Human_Breast_Andersson_10142021_ST_D2"
"Human_Breast_Andersson_10142021_ST_D2_14x16",0.0869671431835333,0.16603152532906,0.0533449093723444,0.0919185051889478,0.155657044780243,0.150748324987662,0.030565374252405,0.194448521474622,0.0703186514311836,"Human_Breast_Andersson_10142021_ST_D2"
"Human_Breast_Andersson_10142021_ST_D2_14x17",0.0673241972525411,0.188936444720954,0.0459451250122437,0.064769225424434,0.0813537489244401,0.135766541674592,0.0279642849455914,0.225565026942245,0.162375405102959,"Human_Breast_Andersson_10142021_ST_D2"
"Human_Breast_Andersson_10142021_ST_D2_14x18",0.0640694884745173,0.084934656230561,0.120361164697605,0.0433841867690154,0.0674570805203144,0.11617475765328,0.0447659737642632,0.29731504282021,0.161537649070233,"Human_Breast_Andersson_10142021_ST_D2"
"Human_Breast_Andersson_10142021_ST_D2_14x19",0.0899507228339764,0.111562027971922,0.060752074069071,0.0798428868083611,0.19197370450372,0.114602427614632,0.031630211116373,0.214826676320339,0.104859268761605,"Human_Breast_Andersson_10142021_ST_D2"
"Human_Breast_Andersson_10142021_ST_D2_14x20",0.0618387114179635,0.148237255022196,0.0794527282869762,0.0434130503155653,0.0398655014809418,0.110637104598321,0.0304074973587729,0.392428866865849,0.0937192846534137,"Human_Breast_Andersson_10142021_ST_D2"
"Human_Breast_Andersson_10142021_ST_D2_14x21",0.0597127854208434,0.238360453381289,0.0280693428074232,0.0749450592978175,0.103038265338558,0.171426928633993,0.0473513186219831,0.221175030695529,0.0559208158025643,"Human_Breast_Andersson_10142021_ST_D2"
"Human_Breast_Andersson_10142021_ST_D2_14x22",0.064907213411827,0.22316478683546,0.0631827745818779,0.0668572571606148,0.101217128482465,0.1400601392836,0.0229405995929707,0.278723408740886,0.0389466919102991,"Human_Breast_Andersson_10142021_ST_D2"
"Human_Breast_Andersson_10142021_ST_D2_14x23",0.0794505925964314,0.227799618535389,0.0572051251684685,0.0741380699326897,0.155669495964523,0.177831621281577,0.00930757859021107,0.18070643973906,0.0378914581916508,"Human_Breast_Andersson_10142021_ST_D2"
"Human_Breast_Andersson_10142021_ST_D2_14x24",0.112325785433523,0.147921945997645,0.0791238327334347,0.165392655128255,0.0556811911262511,0.140521929116414,0.0189829923029635,0.252387785335823,0.0276618828256899,"Human_Breast_Andersson_10142021_ST_D2"
"Human_Breast_Andersson_10142021_ST_D2_14x25",0.0808561850762121,0.144357691252719,0.0635889571245003,0.0947893603772629,0.162736677666083,0.174348906749365,0.0300941462327181,0.163164466507265,0.0860636090138745,"Human_Breast_Andersson_10142021_ST_D2"
"Human_Breast_Andersson_10142021_ST_D2_14x26",0.0806088276895537,0.172417397515143,0.086011089641,0.112540056706489,0.0694998067391979,0.157493737495078,0.0447143296519518,0.169782996188753,0.106931758372834,"Human_Breast_Andersson_10142021_ST_D2"
"Human_Breast_Andersson_10142021_ST_D2_14x27",0.0729188415836317,0.204890320718031,0.062191068834329,0.0644645523718081,0.0544764022749897,0.100293981216127,0.0888571522433787,0.131292562118167,0.220615118639538,"Human_Breast_Andersson_10142021_ST_D2"
"Human_Breast_Andersson_10142021_ST_D2_14x28",0.0630233118038074,0.0932552670965663,0.0801236676854153,0.167217810397434,0.0923967663426688,0.103630890986164,0.0483411249082776,0.213729813810329,0.138281346969338,"Human_Breast_Andersson_10142021_ST_D2"
"Human_Breast_Andersson_10142021_ST_D2_14x29",0.0570204894533989,0.193075655755082,0.140900066014642,0.057893987439835,0.0299390866514771,0.161486045100118,0.0213743699574197,0.213282097847296,0.125028201780731,"Human_Breast_Andersson_10142021_ST_D2"
"Human_Breast_Andersson_10142021_ST_D2_15x12",0.0565448873114357,0.254527146361958,0.024449848709256,0.056686751561755,0.124225791359416,0.215563054761143,0.0308157725841597,0.111664847661928,0.12552189968895,"Human_Breast_Andersson_10142021_ST_D2"
"Human_Breast_Andersson_10142021_ST_D2_15x13",0.1076823079192,0.169485688818188,0.0429190070955404,0.100699331986073,0.146872803862012,0.169497391953541,0.0161062348682154,0.159576661939009,0.0871605715582203,"Human_Breast_Andersson_10142021_ST_D2"
"Human_Breast_Andersson_10142021_ST_D2_15x14",0.111693912839291,0.103477513518886,0.0781555229651367,0.167966502315921,0.169799338094252,0.0875678126376419,0.0282772096727197,0.188796189488772,0.0642659984673804,"Human_Breast_Andersson_10142021_ST_D2"
"Human_Breast_Andersson_10142021_ST_D2_15x15",0.0333906130357332,0.223690047154004,0.015428084459859,0.0894816758173085,0.0584485008402033,0.162765733803997,0.0176732356267954,0.360544344320698,0.0385777649414017,"Human_Breast_Andersson_10142021_ST_D2"
"Human_Breast_Andersson_10142021_ST_D2_15x16",0.0775238618210692,0.201476203444886,0.0364323043672625,0.061475661126648,0.0863869874545385,0.206289172554399,0.0123545812838532,0.270601171189337,0.0474600567580072,"Human_Breast_Andersson_10142021_ST_D2"
"Human_Breast_Andersson_10142021_ST_D2_15x17",0.0446590301019356,0.119727237777424,0.0545254132256461,0.0945435357219703,0.227841284111301,0.174381102414271,0.0238110500513374,0.166050864755792,0.0944604818403228,"Human_Breast_Andersson_10142021_ST_D2"
"Human_Breast_Andersson_10142021_ST_D2_15x18",0.0584995218454925,0.129191473276135,0.0361435279326688,0.0751145232911128,0.174544471495352,0.106209017628575,0.0341108462495918,0.30705403740981,0.0791325808712621,"Human_Breast_Andersson_10142021_ST_D2"
"Human_Breast_Andersson_10142021_ST_D2_15x19",0.0615404039772828,0.134447176654903,0.0467305821823128,0.0888473751615223,0.192052236026394,0.124332206712203,0.0225618921455492,0.264879911722706,0.0646082154171261,"Human_Breast_Andersson_10142021_ST_D2"
"Human_Breast_Andersson_10142021_ST_D2_15x20",0.0301155269737184,0.167838923058574,0.0197460572356114,0.102721305210788,0.154436795559017,0.190574358774898,0.0513151197222985,0.164305563898184,0.118946349566911,"Human_Breast_Andersson_10142021_ST_D2"
"Human_Breast_Andersson_10142021_ST_D2_15x21",0.102898234286753,0.171406609911207,0.042038248954729,0.142558175829417,0.139730060655234,0.118667381857139,0.0277244410809302,0.210235585418558,0.0447412620060319,"Human_Breast_Andersson_10142021_ST_D2"
"Human_Breast_Andersson_10142021_ST_D2_15x22",0.0510707674246211,0.144853645283799,0.0150783693297898,0.0512990635054567,0.113200607493905,0.162033760847685,0.00918517560574902,0.429114441607721,0.0241641689012726,"Human_Breast_Andersson_10142021_ST_D2"
"Human_Breast_Andersson_10142021_ST_D2_15x23",0.0871642764750579,0.169460274166017,0.0764267060337662,0.0641774192062038,0.0770926871930828,0.168572810738179,0.0199153471231129,0.302502228915555,0.0346882501490264,"Human_Breast_Andersson_10142021_ST_D2"
"Human_Breast_Andersson_10142021_ST_D2_15x24",0.0625116646833502,0.179140341043568,0.0424203195265237,0.0844576146383903,0.0640453148760377,0.143434387435059,0.0334571462523629,0.262370760605167,0.128162450939541,"Human_Breast_Andersson_10142021_ST_D2"
"Human_Breast_Andersson_10142021_ST_D2_15x25",0.0898128339247057,0.130209693723053,0.0518034170024179,0.0743503905907551,0.0756634619105637,0.147323894636602,0.0519162362763732,0.250017833995154,0.128902237940376,"Human_Breast_Andersson_10142021_ST_D2"
"Human_Breast_Andersson_10142021_ST_D2_15x26",0.0367256527280623,0.127758082025217,0.048404948125075,0.0461268552695953,0.114582630452522,0.0999267889663274,0.0408125453868676,0.332438673461214,0.153223823585119,"Human_Breast_Andersson_10142021_ST_D2"
"Human_Breast_Andersson_10142021_ST_D2_15x27",0.0702049397536803,0.0739183308135563,0.0674317352355257,0.0913065067065041,0.194778591499066,0.0803387698317044,0.0360673242719715,0.24104173494077,0.144912066947221,"Human_Breast_Andersson_10142021_ST_D2"
"Human_Breast_Andersson_10142021_ST_D2_15x28",0.0953360788101288,0.127929581674548,0.103248054909041,0.0548290342992453,0.0968911026293007,0.121257154716861,0.0542107303366442,0.17385335677121,0.172444905853021,"Human_Breast_Andersson_10142021_ST_D2"
"Human_Breast_Andersson_10142021_ST_D2_15x29",0.0379082694486644,0.126456746854718,0.0654741299224927,0.0534341136877439,0.04680643935462,0.0830017312581627,0.0439988237352645,0.3564779339258,0.186441811812534,"Human_Breast_Andersson_10142021_ST_D2"
"Human_Breast_Andersson_10142021_ST_D2_16x12",0.0943638203657807,0.107737571415922,0.0354414136419883,0.173696724133045,0.151085933891043,0.120782992426313,0.0387278388360521,0.172495424327644,0.105668280962212,"Human_Breast_Andersson_10142021_ST_D2"
"Human_Breast_Andersson_10142021_ST_D2_16x13",0.105646942696293,0.102634451117804,0.0551446312718707,0.0541276614449286,0.142859263844218,0.129559756764303,0.0343298184866897,0.316259488621504,0.0594379857523894,"Human_Breast_Andersson_10142021_ST_D2"
"Human_Breast_Andersson_10142021_ST_D2_16x14",0.125690703433766,0.157558489678384,0.09135081305612,0.105705783318999,0.202444657529314,0.156688935222501,0.0325138389426018,0.0709981039146625,0.0570486749036521,"Human_Breast_Andersson_10142021_ST_D2"
"Human_Breast_Andersson_10142021_ST_D2_16x15",0.10183602998467,0.106334234380785,0.0339048419106954,0.0842767077818388,0.0895255701689536,0.128300909538415,0.02614437579218,0.385191178830223,0.0444861516122405,"Human_Breast_Andersson_10142021_ST_D2"
"Human_Breast_Andersson_10142021_ST_D2_16x16",0.0231374472568014,0.132596758212382,0.0497462470647499,0.166837406133614,0.106194711945828,0.142898273430387,0.0349630690265908,0.23914773543544,0.104478351494208,"Human_Breast_Andersson_10142021_ST_D2"
"Human_Breast_Andersson_10142021_ST_D2_16x17",0.123005517712234,0.14097662892219,0.109432832641094,0.085125691754361,0.135621812256658,0.201705895707769,0.0291231312484157,0.08445113105456,0.0905573587027184,"Human_Breast_Andersson_10142021_ST_D2"
"Human_Breast_Andersson_10142021_ST_D2_16x18",0.060548764984049,0.0801778010034744,0.0790232349534725,0.0988606167437861,0.0843638839472624,0.152181875570522,0.0603388244162479,0.208195465943133,0.176309532438052,"Human_Breast_Andersson_10142021_ST_D2"
"Human_Breast_Andersson_10142021_ST_D2_16x19",0.0497593404686722,0.12173153903346,0.0778101895162737,0.0692160778813944,0.0863438814001136,0.217907774063726,0.0282374902285055,0.267305530867633,0.0816881765402209,"Human_Breast_Andersson_10142021_ST_D2"
"Human_Breast_Andersson_10142021_ST_D2_16x20",0.0806415337142285,0.182805509800434,0.0766960982232506,0.14793656018702,0.150743266327035,0.165449743200191,0.0181307841753876,0.0825174936339181,0.0950790107385355,"Human_Breast_Andersson_10142021_ST_D2"
"Human_Breast_Andersson_10142021_ST_D2_16x21",0.0723756479938295,0.200597615000427,0.036960319247782,0.107758358424753,0.04610587800852,0.159912013237608,0.0176310233975972,0.334028280083966,0.0246308646055171,"Human_Breast_Andersson_10142021_ST_D2"
"Human_Breast_Andersson_10142021_ST_D2_16x22",0.0583935117601498,0.183373590636294,0.034222056023161,0.0374286620763737,0.0247057379461272,0.152399732973871,0.00579156373743879,0.489566447081569,0.0141186977650151,"Human_Breast_Andersson_10142021_ST_D2"
"Human_Breast_Andersson_10142021_ST_D2_16x23",0.112977078636705,0.188657484287571,0.0360470990417583,0.131773498100172,0.0978584563404168,0.195247761497633,0.0082501747380024,0.210629323646314,0.0185591237114265,"Human_Breast_Andersson_10142021_ST_D2"
"Human_Breast_Andersson_10142021_ST_D2_16x24",0.0392311248336719,0.260945032036138,0.0432204753154966,0.0728112324226037,0.0886283114487947,0.193137581664425,0.0135433103525445,0.241950837909964,0.0465320940163614,"Human_Breast_Andersson_10142021_ST_D2"
"Human_Breast_Andersson_10142021_ST_D2_16x25",0.127388257384675,0.139339003149549,0.056869503357668,0.0533140660614218,0.129853588650943,0.156740452811314,0.0406479846501986,0.203517839749902,0.092329304184329,"Human_Breast_Andersson_10142021_ST_D2"
"Human_Breast_Andersson_10142021_ST_D2_16x26",0.0646474201942521,0.186898156565818,0.0744726931741765,0.0659005404184919,0.093787546341562,0.154782007128816,0.0350785079103122,0.192413960487718,0.132019167778853,"Human_Breast_Andersson_10142021_ST_D2"
"Human_Breast_Andersson_10142021_ST_D2_16x27",0.0604166940162938,0.16608075466285,0.0617593064858842,0.0561645213546587,0.044086624462809,0.232744981815266,0.02519539973621,0.264330996740074,0.0892207207259541,"Human_Breast_Andersson_10142021_ST_D2"
"Human_Breast_Andersson_10142021_ST_D2_16x28",0.0775008257688441,0.0785923874582725,0.082749471583446,0.155002280275399,0.113845882954085,0.0869356050134471,0.0635510107987851,0.152351794517254,0.189470741630467,"Human_Breast_Andersson_10142021_ST_D2"
"Human_Breast_Andersson_10142021_ST_D2_16x29",0.108768799648149,0.0934543559479106,0.0554465462972155,0.126158882594794,0.134196808657755,0.0907292715140505,0.0365695875357927,0.211287352029582,0.14338839577475,"Human_Breast_Andersson_10142021_ST_D2"
"Human_Breast_Andersson_10142021_ST_D2_17x12",0.0683793500452834,0.143595778267037,0.0596266502908227,0.0841532532319347,0.115433565892096,0.15874730512827,0.0237217038514334,0.299267878974421,0.047074514318702,"Human_Breast_Andersson_10142021_ST_D2"
"Human_Breast_Andersson_10142021_ST_D2_17x13",0.0627224408446381,0.100102232704724,0.0901296402943557,0.0992684103908951,0.166713298578597,0.173204416486055,0.0326898294684206,0.185469362251739,0.0897003689805746,"Human_Breast_Andersson_10142021_ST_D2"
"Human_Breast_Andersson_10142021_ST_D2_17x15",0.0695090275106308,0.141554046781974,0.0539197045859846,0.103890843407387,0.0880962238361635,0.10698411506398,0.0283314930756546,0.331837586157945,0.0758769595802799,"Human_Breast_Andersson_10142021_ST_D2"
"Human_Breast_Andersson_10142021_ST_D2_17x16",0.0474127817823079,0.0864714567529745,0.068968844335021,0.0419968119888296,0.0398938160154231,0.145342277558568,0.0380672709114913,0.452055629599514,0.0797911110558704,"Human_Breast_Andersson_10142021_ST_D2"
"Human_Breast_Andersson_10142021_ST_D2_17x17",0.047664839189571,0.0787737312923781,0.0580310050739279,0.0716258226898836,0.114102132420095,0.1589973359438,0.0339055398255611,0.316654546258988,0.120245047305795,"Human_Breast_Andersson_10142021_ST_D2"
"Human_Breast_Andersson_10142021_ST_D2_17x18",0.0672152447949376,0.0585758753656105,0.0598380413020432,0.136106417907575,0.139684791545633,0.140825005856836,0.0517806112635083,0.217018515714207,0.128955496249649,"Human_Breast_Andersson_10142021_ST_D2"
"Human_Breast_Andersson_10142021_ST_D2_17x19",0.0326067791955083,0.137965768810057,0.0225095499538648,0.164397665490513,0.128822090084354,0.186321557133231,0.0255775141891868,0.232222952551527,0.0695761225917579,"Human_Breast_Andersson_10142021_ST_D2"
"Human_Breast_Andersson_10142021_ST_D2_17x20",0.0480863763608429,0.109223250276631,0.0503041112166112,0.126461687298649,0.154922455537904,0.183174994382669,0.00429578331890246,0.30696910978801,0.0165622318197804,"Human_Breast_Andersson_10142021_ST_D2"
"Human_Breast_Andersson_10142021_ST_D2_17x21",0.0675714043899703,0.192069978343211,0.0507425366867552,0.103344848733697,0.186087231603965,0.211688229907762,0.011870735624437,0.161032746227594,0.0155922884826092,"Human_Breast_Andersson_10142021_ST_D2"
"Human_Breast_Andersson_10142021_ST_D2_17x22",0.165476858791675,0.238661347601534,0.0657429927996711,0.0219697212947238,0.0537389039181688,0.129642205000509,0.00406301895458963,0.308256574822719,0.0124483768164089,"Human_Breast_Andersson_10142021_ST_D2"
"Human_Breast_Andersson_10142021_ST_D2_17x23",0.0824040154181292,0.187321942900475,0.136663685287203,0.071667122439657,0.0568553497793206,0.23665403570347,0.0183754946682962,0.18985140240839,0.0202069513950597,"Human_Breast_Andersson_10142021_ST_D2"
"Human_Breast_Andersson_10142021_ST_D2_17x24",0.10000530396147,0.146034384679998,0.038149133731189,0.0328224269626038,0.044905355786647,0.119475895185858,0.00393023713160123,0.50755228452383,0.0071249780368026,"Human_Breast_Andersson_10142021_ST_D2"
"Human_Breast_Andersson_10142021_ST_D2_17x25",0.089093750821831,0.220239294172164,0.0565092468650107,0.0168227391158532,0.0643828400640581,0.199740982643103,0.0121363816090387,0.310201569368672,0.0308731953402696,"Human_Breast_Andersson_10142021_ST_D2"
"Human_Breast_Andersson_10142021_ST_D2_17x26",0.0745459136200597,0.192812735515648,0.0434928783706216,0.103095946843202,0.154465519177047,0.160969512689581,0.0137822996956628,0.212792347844312,0.0440428462438664,"Human_Breast_Andersson_10142021_ST_D2"
"Human_Breast_Andersson_10142021_ST_D2_17x27",0.0827219017387913,0.182699674879621,0.0426405644070822,0.0981326679876805,0.101799154075506,0.180670849988084,0.00971781514012918,0.27341435710993,0.0282030146731759,"Human_Breast_Andersson_10142021_ST_D2"
"Human_Breast_Andersson_10142021_ST_D2_17x28",0.073900156829194,0.120732917122498,0.064188930290063,0.138236476961455,0.0818337308884638,0.141036804205902,0.028293494107475,0.201682668220722,0.150094821374226,"Human_Breast_Andersson_10142021_ST_D2"
"Human_Breast_Andersson_10142021_ST_D2_17x29",0.0793664849358829,0.0894469266064808,0.0751593236902157,0.147250870579847,0.0943257950857003,0.0890548644015974,0.0296560084242588,0.306815817690991,0.0889239085850271,"Human_Breast_Andersson_10142021_ST_D2"
"Human_Breast_Andersson_10142021_ST_D2_18x12",0.0432830516750455,0.203251052293635,0.0687683800268268,0.0430464873154641,0.18740652769698,0.291836796570544,0.0121658638811737,0.0870514033993744,0.0631904371409563,"Human_Breast_Andersson_10142021_ST_D2"
"Human_Breast_Andersson_10142021_ST_D2_18x13",0.0751710632785985,0.146752389110012,0.0579966274660695,0.0961559213707517,0.185510085006277,0.167355574780845,0.0243932643679296,0.194365532484067,0.0522995421354493,"Human_Breast_Andersson_10142021_ST_D2"
"Human_Breast_Andersson_10142021_ST_D2_18x14",0.102310647494092,0.0812238163102112,0.0426868304177454,0.0862252459846602,0.162973762366322,0.129940125499451,0.0277514066909369,0.241526536030397,0.125361629206185,"Human_Breast_Andersson_10142021_ST_D2"
"Human_Breast_Andersson_10142021_ST_D2_18x15",0.0087302760206979,0.112634677325117,0.0527125590644391,0.121595388562336,0.0208687224956105,0.162844889583471,0.0158932636566803,0.460280971600151,0.0444392516914977,"Human_Breast_Andersson_10142021_ST_D2"
"Human_Breast_Andersson_10142021_ST_D2_18x16",0.0888187068356605,0.13024649182411,0.0570852557272709,0.0873685683772041,0.140411160176538,0.174295760737808,0.0228644756516383,0.241666962981802,0.0572426176879686,"Human_Breast_Andersson_10142021_ST_D2"
"Human_Breast_Andersson_10142021_ST_D2_18x17",0.0365370908908677,0.105593135487012,0.0525777078225975,0.0408362581199596,0.0859847012640566,0.12106002159516,0.0447155301575551,0.332260560017683,0.180434994645108,"Human_Breast_Andersson_10142021_ST_D2"
"Human_Breast_Andersson_10142021_ST_D2_18x18",0.107552125302999,0.102786370074181,0.047680140997583,0.117874202387496,0.127929371222719,0.132784694735232,0.0291553377627555,0.235475535131206,0.0987622223858278,"Human_Breast_Andersson_10142021_ST_D2"
"Human_Breast_Andersson_10142021_ST_D2_18x19",0.092895086724786,0.149315657217423,0.0510134597953424,0.145086773348703,0.190236155571175,0.131310695365155,0.0204996327944114,0.146189299052818,0.0734532401301863,"Human_Breast_Andersson_10142021_ST_D2"
"Human_Breast_Andersson_10142021_ST_D2_18x21",0.0535903833024738,0.195493352292683,0.0131065744069961,0.0809918507838044,0.116599106478895,0.20734242850675,0.00819988969427384,0.296285860612621,0.0283905539215024,"Human_Breast_Andersson_10142021_ST_D2"
"Human_Breast_Andersson_10142021_ST_D2_18x22",0.0274619614930768,0.244190757257184,0.0267658483933969,0.11194180303617,0.0400217276887275,0.199674921065807,0.00266861480928045,0.340985685884591,0.00628868037176576,"Human_Breast_Andersson_10142021_ST_D2"
"Human_Breast_Andersson_10142021_ST_D2_18x23",0.087603056611857,0.185271442922172,0.0539272004135397,0.0417949565423608,0.0431372912248848,0.216255041246531,0.0224320003493277,0.306050302090628,0.0435287085986983,"Human_Breast_Andersson_10142021_ST_D2"
"Human_Breast_Andersson_10142021_ST_D2_18x24",0.0611215798541048,0.227273992281932,0.0397366901432681,0.0230645979232882,0.0331527246181771,0.235682564925095,0.00549435491769323,0.351380945147346,0.0230925501890954,"Human_Breast_Andersson_10142021_ST_D2"
"Human_Breast_Andersson_10142021_ST_D2_18x25",0.0673873598407672,0.26231290054292,0.0341491461357274,0.0551937656580817,0.0850540890997037,0.25526630388132,0.0225371432288533,0.157104137812317,0.0609951538003102,"Human_Breast_Andersson_10142021_ST_D2"
"Human_Breast_Andersson_10142021_ST_D2_18x26",0.0591772389440559,0.21532506634974,0.0589327515188248,0.0537152515987828,0.0700417621169749,0.198864388554024,0.0214557346879397,0.243490123979779,0.0789976822498795,"Human_Breast_Andersson_10142021_ST_D2"
"Human_Breast_Andersson_10142021_ST_D2_18x27",0.105720885771791,0.174146903791462,0.0699932337710025,0.0663157681630968,0.0681305136443026,0.150433756520123,0.0286604781450006,0.295729898131569,0.0408685620616533,"Human_Breast_Andersson_10142021_ST_D2"
"Human_Breast_Andersson_10142021_ST_D2_18x28",0.0421342583612725,0.19122233411576,0.0464207823302695,0.0344184082311219,0.0397404681740325,0.14475309694897,0.024230844851774,0.412903111984431,0.0641766950023686,"Human_Breast_Andersson_10142021_ST_D2"
