"","Endothelial","CAFs","PVL","B-cells","T-cells","Myeloid","Normal Epithelial","Plasmablasts","Cancer Epithelial","sid"
"GSE210616_GSM6433603_AAACATTTCCCGGATT-1",0.0439319895585074,0.0962619095844515,0.0176835783502018,0.415575528918164,0.0496018312390278,0.0867015785544762,0.110126915479468,0.0902957471074663,0.0898209212082364,"GSE210616_GSM6433603"
"GSE210616_GSM6433603_AAACGAGACGGTTGAT-1",0.262353390651895,0.283471968903776,0.0875723741278271,0.0288623063325599,0.00366338344831801,0.181333845539871,0.0662904821897962,0.0736672625245045,0.0127849862814527,"GSE210616_GSM6433603"
"GSE210616_GSM6433603_AAACTGCTGGCTCCAA-1",0.0248726899099743,0.0684934940130876,0.0146822927959561,0.322463102309328,0.0302325060087867,0.118941233611158,0.204185076180601,0.139406047261488,0.0767235579096204,"GSE210616_GSM6433603"
"GSE210616_GSM6433603_AAAGGCTCTCGCGCCG-1",0.0314220193375394,0.0821525174805392,0.0105986372338464,0.165021320986638,0.0086779036066328,0.270710966131364,0.214974522222222,0.153115470598808,0.0633266424024109,"GSE210616_GSM6433603"
"GSE210616_GSM6433603_AAAGGGATGTAGCAAG-1",0.0524759714758006,0.0724324187102527,0.00757461884875133,0.197787035604125,0.0299421320304666,0.154517509015744,0.346759785440887,0.0930237457359361,0.045486783138037,"GSE210616_GSM6433603"
"GSE210616_GSM6433603_AAAGTGTGATTTATCT-1",0.0444555610403551,0.0906084398116898,0.0308005269983422,0.284187047003716,0.0256612194898962,0.118061585897388,0.211774677190551,0.136621973089055,0.0578289694790061,"GSE210616_GSM6433603"
"GSE210616_GSM6433603_AAAGTTGACTCCCGTA-1",0.0433193419559779,0.0926836991929583,0.035388006557069,0.114572466155063,0.0155854179691752,0.212004618853344,0.259950825325367,0.176956393904041,0.049539230087005,"GSE210616_GSM6433603"
"GSE210616_GSM6433603_AAATACCTATAAGCAT-1",0.0376344581409048,0.179320262108304,0.0469583289984577,0.11385026993727,0.0112700489239455,0.28921001844956,0.181344277641173,0.105217618388977,0.0351947174114095,"GSE210616_GSM6433603"
"GSE210616_GSM6433603_AAATAGGGTGCTATTG-1",0.0317294592428507,0.106822874382522,0.036283879434998,0.287526033246135,0.0238624167335188,0.155968494401254,0.20828325839905,0.10393790442533,0.0455856797343426,"GSE210616_GSM6433603"
"GSE210616_GSM6433603_AAATCGTGTACCACAA-1",0.0235116583487615,0.031242623362023,0.00200037342986333,0.512067697940478,0.0367090449486159,0.0494260299936467,0.205125192266971,0.0975997140267236,0.0423176656829167,"GSE210616_GSM6433603"
"GSE210616_GSM6433603_AAATGGCATGTCTTGT-1",0.0526716534195236,0.0878576495381629,0.00330762740984247,0.0702605385619534,0.011093493003609,0.197172495910587,0.352477010708117,0.184962039896356,0.0401974915518483,"GSE210616_GSM6433603"
"GSE210616_GSM6433603_AAATTAACGGGTAGCT-1",0.0473001400171139,0.0852143465432668,0.00273559360447481,0.0791792161347355,0.00800293133918436,0.230761026828573,0.387035087149966,0.129262322442548,0.0305093359401377,"GSE210616_GSM6433603"
"GSE210616_GSM6433603_AAATTACACGACTCTG-1",0.0749743033935317,0.11042265888459,0.0133924025567268,0.0982962166234329,0.00459918469548501,0.218935465002782,0.374065507875541,0.0683406609198637,0.0369736000480473,"GSE210616_GSM6433603"
"GSE210616_GSM6433603_AAATTACCTATCGATG-1",0.0431933675340067,0.0540836676015761,0.00501837578685059,0.205874533673936,0.0232233089653676,0.102991875557724,0.348391954698441,0.174195022433906,0.0430278937481917,"GSE210616_GSM6433603"
"GSE210616_GSM6433603_AACACACGCTCGCCGC-1",0.0697076469310701,0.091112419858484,0.0976106253511334,0.443534423131963,0.0345947000275643,0.0677457443787738,0.141887914421433,0.0181938377427968,0.0356126881567812,"GSE210616_GSM6433603"
"GSE210616_GSM6433603_AACACGACTGTACTGA-1",0.0328161838277446,0.0699021806315612,0.00347245209815441,0.1343237437277,0.0101827877096146,0.234607546848972,0.279624103684737,0.197177523891817,0.0378934775796989,"GSE210616_GSM6433603"
"GSE210616_GSM6433603_AACAGGAAATCGAATA-1",0.0423536477323943,0.0798730981966112,0.00809513185685682,0.163015739234776,0.0206123140835202,0.153972969405336,0.295438954579711,0.182845022148365,0.053793122762429,"GSE210616_GSM6433603"
"GSE210616_GSM6433603_AACATTGTGACTCGAG-1",0.0126019220274454,0.0280437242271727,0.00256103389927125,0.535224982514565,0.0349322310202289,0.0422246992390692,0.192704719199594,0.106737049888249,0.0449696379844035,"GSE210616_GSM6433603"
"GSE210616_GSM6433603_AACCCTACTGTCAATA-1",0.0440065972304629,0.066438501331888,0.00850409675484969,0.175402718217946,0.0176262155029546,0.148655163084223,0.278344237058823,0.201586844176261,0.0594356266425927,"GSE210616_GSM6433603"
"GSE210616_GSM6433603_AACCCTGGTGGAACCA-1",0.0450770659838443,0.0740655561964744,0.00774096030856045,0.357223481069624,0.0178475060602324,0.173141796581321,0.232716400496237,0.0569072167839731,0.0352800165197333,"GSE210616_GSM6433603"
"GSE210616_GSM6433603_AACCGAGCTTGGTCAT-1",0.0820187767972601,0.0721602607536733,0.0149897733829462,0.212344019163625,0.0266126927415258,0.0919257387250472,0.289455585011204,0.169741369969632,0.0407517834550856,"GSE210616_GSM6433603"
"GSE210616_GSM6433603_AACCGCTAAGGGATGC-1",0.0750683664643623,0.0950822096959876,0.0272053196921924,0.134177982593639,0.0376940596405153,0.102779131051149,0.292723584395714,0.193580680028538,0.0416886664379031,"GSE210616_GSM6433603"
"GSE210616_GSM6433603_AACCGTTGTGTTTGCT-1",0.0487811757529795,0.0951190359222531,0.0078354937549643,0.0218632920424849,0.00713507396810548,0.242742879021661,0.317890396402311,0.221437784880097,0.0371948682551436,"GSE210616_GSM6433603"
"GSE210616_GSM6433603_AACCTTTAAATACGGT-1",0.0374501579220179,0.057151174913679,0.00459759285386338,0.248618202545207,0.0204930709817445,0.11109809378206,0.320514179600673,0.156318823740697,0.043758703660058,"GSE210616_GSM6433603"
"GSE210616_GSM6433603_AACGATAATGCCGTAG-1",0.0780660386110108,0.143702674675664,0.0339798121592007,0.165257437174927,0.0136834314433627,0.222264549257678,0.204615353319565,0.0768420752343964,0.0615886281241953,"GSE210616_GSM6433603"
"GSE210616_GSM6433603_AACGATATGTCAACTG-1",0.04065655592763,0.0960494994005734,0.017992240750882,0.057226637382041,0.0153270511845885,0.197942858906907,0.344365237711257,0.18964411027659,0.0407958084595309,"GSE210616_GSM6433603"
"GSE210616_GSM6433603_AACGCGGTCTCCAGCC-1",0.0722271399340803,0.0496534195857345,0.011580315984035,0.428114384529803,0.0322085237865489,0.0742062824431787,0.223351692527762,0.0698215398336339,0.0388367013752236,"GSE210616_GSM6433603"
"GSE210616_GSM6433603_AACGGACGTACGTATA-1",0.103395445680026,0.126982955907264,0.0949993777956862,0.30159779769836,0.0251802241398269,0.0945161209550549,0.147092081067302,0.0851878582368809,0.0210481385195989,"GSE210616_GSM6433603"
"GSE210616_GSM6433603_AACGTGATGAAGGACA-1",0.0810397355308324,0.095407405124761,0.0245864578326085,0.309200091124471,0.0475406593035786,0.0643353595757835,0.287526501745767,0.047703240056172,0.0426605497060259,"GSE210616_GSM6433603"
"GSE210616_GSM6433603_AACGTGCGAAAGTCTC-1",0.0263755516705096,0.062642093848214,0.00401695034165161,0.560632732844407,0.0323333285874215,0.0348407338696838,0.208795980623398,0.0419032318591212,0.0284593963555934,"GSE210616_GSM6433603"
"GSE210616_GSM6433603_AACTAGGCTTGGGTGT-1",0.0272391506431564,0.0596177879969982,0.00278304955782134,0.316971087755685,0.0271016374482939,0.0872347456070552,0.291796666428458,0.152115103476317,0.0351407710862149,"GSE210616_GSM6433603"
"GSE210616_GSM6433603_AACTCTCAATAGAGCG-1",0.0349036476155539,0.260002306403211,0.0171741801551054,0.159402771636187,0.010315126993543,0.243711883470966,0.159195519438981,0.0761563946638449,0.0391381696226092,"GSE210616_GSM6433603"
"GSE210616_GSM6433603_AACTGATATTAGGCCT-1",0.0526777841776549,0.0924519153664243,0.00962681724540331,0.182646065480567,0.0219747178051048,0.133913117657725,0.306994950713698,0.134158788530666,0.065555843022756,"GSE210616_GSM6433603"
"GSE210616_GSM6433603_AACTGGGTCCCGACGT-1",0.0618557107065192,0.0631886386442371,0.00983525483368869,0.223531956440499,0.0416506181090774,0.115256641265717,0.274610373511469,0.138112565767114,0.0719582407216786,"GSE210616_GSM6433603"
"GSE210616_GSM6433603_AAGACCCAACTGAACA-1",0.0464378781298029,0.0606788666416045,0.00624657215172354,0.17525493462193,0.0162056826394056,0.128203227630569,0.349753978089561,0.1703514225945,0.0468674375009028,"GSE210616_GSM6433603"
"GSE210616_GSM6433603_AAGACTGCAAGCTACT-1",0.0678078104801703,0.0793961464960509,0.00953789875964694,0.194082863577977,0.0171559601350975,0.167301983232296,0.326671840268025,0.0870037506271412,0.051041746423595,"GSE210616_GSM6433603"
"GSE210616_GSM6433603_AAGAGCTCTTTATCGG-1",0.0552005812239545,0.170568207986851,0.0240334306851937,0.106186266685543,0.014214044753703,0.141248097055036,0.196935274441481,0.241462407950257,0.0501516892179808,"GSE210616_GSM6433603"
"GSE210616_GSM6433603_AAGAGGCATGGATCGC-1",0.042132173790535,0.0784231265171032,0.00987224272446398,0.384531250462048,0.0263659410602563,0.0736702174301185,0.206717854509595,0.121004895656855,0.0572822978490242,"GSE210616_GSM6433603"
"GSE210616_GSM6433603_AAGATTGGCGGAACGT-1",0.0257559042561369,0.0402932061076686,0.00384634626000398,0.409581903990132,0.038701715101489,0.0608059407822155,0.202263779585224,0.156888277177119,0.0618629267400107,"GSE210616_GSM6433603"
"GSE210616_GSM6433603_AAGCACCCTGCGTATC-1",0.0344943379051749,0.0632444424897031,0.00938231310740902,0.444320913744166,0.0460481715057171,0.0678884752934513,0.181721768049019,0.0902066400213827,0.0626929378839774,"GSE210616_GSM6433603"
"GSE210616_GSM6433603_AAGCATACTCTCCTGA-1",0.03271848075938,0.0548290742197078,0.00840524131368904,0.31286234546055,0.030010530114893,0.112175090406798,0.251184927903729,0.148796671908217,0.0490176379130372,"GSE210616_GSM6433603"
"GSE210616_GSM6433603_AAGCTAGATCGAGTAA-1",0.142422521993448,0.189884252397185,0.0651674221618652,0.0533998422743703,0.00343216595175018,0.302839225229629,0.135190550115032,0.0918645178878721,0.0157995019888489,"GSE210616_GSM6433603"
"GSE210616_GSM6433603_AAGCTCGTGCCAAGTC-1",0.0369864887327813,0.104771965467615,0.00989841949714169,0.280525324764631,0.0245917058663084,0.143420389640322,0.288255473061015,0.0677060907840925,0.0438441421860928,"GSE210616_GSM6433603"
"GSE210616_GSM6433603_AAGCTCTTTCATGGTG-1",0.066734142833194,0.0355829430890268,0.0202235637302666,0.471154241532294,0.0400819683395651,0.0494347630615814,0.159255312728252,0.0961853509653256,0.061347713720495,"GSE210616_GSM6433603"
"GSE210616_GSM6433603_AAGGATGAGGGACCTC-1",0.0310277688884749,0.0530537913786653,0.00409291307401763,0.106188085799857,0.0232373602236417,0.112491540129013,0.272302461515769,0.333760871951465,0.0638452070390964,"GSE210616_GSM6433603"
"GSE210616_GSM6433603_AAGGGACAGATTCTGT-1",0.0269156322720295,0.0454857909691465,0.00723053899229434,0.304728158653495,0.0255584147839358,0.0893885762230701,0.254593440083039,0.194310535472957,0.0517889125500331,"GSE210616_GSM6433603"
"GSE210616_GSM6433603_AAGGTATCCTAATATA-1",0.0320901427202906,0.0860140810750958,0.00985900173577,0.117598061506807,0.0138781471279086,0.155720929834491,0.374227409551839,0.175275604987747,0.0353366214600519,"GSE210616_GSM6433603"
"GSE210616_GSM6433603_AAGGTGATAAACCAGC-1",0.0429876616424224,0.07050767123941,0.0406990350081711,0.177464023636141,0.0198533133941173,0.129174755091771,0.251426695502313,0.233728272897437,0.0341585715882169,"GSE210616_GSM6433603"
"GSE210616_GSM6433603_AAGTCAATTGTCGTCA-1",0.0491595685226837,0.0758330346134575,0.0078524185745499,0.250588955327608,0.02240734490617,0.104222366108686,0.201378248934234,0.229841637575339,0.0587164254372728,"GSE210616_GSM6433603"
"GSE210616_GSM6433603_AAGTGAGTCGGGTTTA-1",0.0196763743408243,0.0355540592682656,0.00431325307645312,0.533137847367025,0.0283328826074248,0.0474745996485735,0.210109599098699,0.0786617002098603,0.0427396843828749,"GSE210616_GSM6433603"
"GSE210616_GSM6433603_AAGTGTTTGGAGACGG-1",0.0283991024559558,0.0998546173958646,0.0103123211630899,0.298469379722867,0.0216837651031194,0.140844935473925,0.204920921013945,0.140502207675337,0.0550127499958967,"GSE210616_GSM6433603"
"GSE210616_GSM6433603_AAGTTCACTCCAAGCT-1",0.0518594591517722,0.0680507017370737,0.0165796983959128,0.411608668925736,0.0367012893508296,0.0942435394215599,0.191176620700226,0.0990284079548764,0.030751614362014,"GSE210616_GSM6433603"
"GSE210616_GSM6433603_AATAGAATCTGTTTCA-1",0.114320835281281,0.148010307963821,0.0379839430600086,0.288094929285528,0.0216396966905899,0.133303835871819,0.16749017787497,0.0542310278126223,0.03492524615936,"GSE210616_GSM6433603"
"GSE210616_GSM6433603_AATAGTCCGTCCCGAC-1",0.0357174392203729,0.0564739433616429,0.0118507385861635,0.457179925244894,0.0470433802764434,0.0844157093066506,0.164372335905918,0.080366733962563,0.0625797941353511,"GSE210616_GSM6433603"
"GSE210616_GSM6433603_AATCGCCTCAGCGCCA-1",0.0389636710680228,0.116042432408793,0.0148792316027622,0.293571789573343,0.0161445633513232,0.160535214080349,0.235415669745743,0.0860151790051075,0.0384322491645561,"GSE210616_GSM6433603"
"GSE210616_GSM6433603_AATCTGCGTTGGGACG-1",0.0461551700209432,0.0749252534533493,0.00800348972162467,0.151869514674876,0.0459657900829057,0.110499806965088,0.282187495696008,0.204611143895904,0.0757823354893025,"GSE210616_GSM6433603"
"GSE210616_GSM6433603_AATGACGTAGGATGTC-1",0.0346512089686743,0.0512987741754204,0.00984398507403989,0.433478623121299,0.0304491666122039,0.0883913931484544,0.200075251289588,0.0983827817016358,0.0534288159086839,"GSE210616_GSM6433603"
"GSE210616_GSM6433603_AATGATGATACGCTAT-1",0.0560281857272065,0.0632893963919606,0.0120796976097133,0.136446110296421,0.0164441899364834,0.10885857419113,0.342350639586,0.232262946016229,0.0322402602448556,"GSE210616_GSM6433603"
"GSE210616_GSM6433603_AATTAACGGATTTCCA-1",0.0806706689869211,0.0672840385608728,0.0278574791821493,0.429448134904929,0.0421595153922302,0.0417688680103488,0.171381880757654,0.101193915854808,0.0382354983500871,"GSE210616_GSM6433603"
"GSE210616_GSM6433603_AATTAGCGCTGCAGCG-1",0.188118934704947,0.218122670960038,0.0916353080323538,0.0480726216718656,0.00776964605678644,0.202559804639966,0.12582887375313,0.0884397963071802,0.0294523438737332,"GSE210616_GSM6433603"
"GSE210616_GSM6433603_AATTCATAAGGGATCT-1",0.0423690560673442,0.0561118897078071,0.00438471273059217,0.239987289970883,0.0264525646317475,0.091223396995332,0.307602788223906,0.180668742007719,0.0511995596646697,"GSE210616_GSM6433603"
"GSE210616_GSM6433603_AATTCTAGAGTTAGGC-1",0.0564790500316762,0.0945637494079786,0.0070871513112682,0.247150175049895,0.0315160830294304,0.123447652217255,0.291741809360776,0.117237947930029,0.0307763816616912,"GSE210616_GSM6433603"
"GSE210616_GSM6433603_AATTGAACGCTCTGGT-1",0.0255961382623022,0.0426681441175104,0.00927584828816174,0.559329943326191,0.0447926825203344,0.0607229016479304,0.163297617313717,0.0336281126484202,0.0606886118754323,"GSE210616_GSM6433603"
"GSE210616_GSM6433603_AATTTGGTTCCAAAGA-1",0.0728189493935129,0.0720990816356403,0.00268222540590284,0.0600193958238749,0.00347829247188016,0.171439345844372,0.372353473463774,0.213261468922275,0.031847767038767,"GSE210616_GSM6433603"
"GSE210616_GSM6433603_ACAAATCGCACCGAAT-1",0.0523430462831904,0.12244300444414,0.0246438643559441,0.269723853189117,0.0202005580737253,0.196919177307422,0.167568284558073,0.0974290151565729,0.0487291966318151,"GSE210616_GSM6433603"
"GSE210616_GSM6433603_ACAAATGGTAGTGTTT-1",0.0485906719519344,0.0691442448223227,0.0366810840545647,0.320797198785103,0.029204473558626,0.107719053821654,0.193528579235788,0.142551556890837,0.05178313687917,"GSE210616_GSM6433603"
"GSE210616_GSM6433603_ACAACAGCATGAGCTA-1",0.0269690095276123,0.0519249704848446,0.00636316470962395,0.417359966311312,0.0300134085813435,0.0999404600642666,0.237265948389589,0.0860309390174138,0.0441321329139939,"GSE210616_GSM6433603"
"GSE210616_GSM6433603_ACAAGGAAATCCGCCC-1",0.0409756429801617,0.144259428776044,0.0226552556057464,0.157368818462683,0.0127340190396277,0.198081866617655,0.228866293945286,0.155573017391866,0.0394856571809304,"GSE210616_GSM6433603"
"GSE210616_GSM6433603_ACAAGGGCAGGCTCTG-1",0.118915315468699,0.0815381639173931,0.0299071323562193,0.343481021742278,0.0304167264943842,0.0828473673169748,0.172563331054385,0.101167800588554,0.0391631410611131,"GSE210616_GSM6433603"
"GSE210616_GSM6433603_ACAATTGTGTCTCTTT-1",0.242345501920292,0.132508138053228,0.311806033857436,0.10256542847501,0.0106098568431987,0.0558791778509445,0.0399765300841174,0.0893355847540858,0.0149737481616877,"GSE210616_GSM6433603"
"GSE210616_GSM6433603_ACAATTTGAGCAGTGG-1",0.0414412198952626,0.0550015657039589,0.003079111777396,0.219251420824395,0.0333188987330768,0.109722719171788,0.349917859291142,0.151818062451229,0.0364491421517519,"GSE210616_GSM6433603"
"GSE210616_GSM6433603_ACACACCAGGACCAGT-1",0.0401997307821894,0.118439324005387,0.0210247857414303,0.165034921604315,0.039894316026872,0.189300343133356,0.258423236811547,0.100314482736754,0.0673688591581504,"GSE210616_GSM6433603"
"GSE210616_GSM6433603_ACACACTTTCTACACG-1",0.0541723906303157,0.0683096017674618,0.00855203402249446,0.131338933787126,0.0126571756445983,0.195246788005199,0.329455180525689,0.162612997466703,0.0376548981504119,"GSE210616_GSM6433603"
"GSE210616_GSM6433603_ACACGAGACTCCTTCT-1",0.0444448272973007,0.0568944288419165,0.0054124017846519,0.412639712378484,0.0267255756601673,0.091704535288624,0.227067336039799,0.0748854164081011,0.0602257663009562,"GSE210616_GSM6433603"
"GSE210616_GSM6433603_ACACGGGAACTTAGGG-1",0.0528115200647439,0.118798816015627,0.021557022769841,0.298239147385809,0.0261299190155777,0.118805355711188,0.205088546150271,0.0940289375801246,0.0645407353068171,"GSE210616_GSM6433603"
"GSE210616_GSM6433603_ACACTGATCAAGGTGT-1",0.09576181364917,0.106445412016495,0.0242847344129885,0.317180274726295,0.0386988691809837,0.0603751879498547,0.254129333153889,0.0747618732296799,0.0283625016806439,"GSE210616_GSM6433603"
"GSE210616_GSM6433603_ACAGCGCACCCGCAGC-1",0.141752963505129,0.453666106150371,0.0932803577117585,0.0138581118248088,0.005772000627687,0.13182516935194,0.0382591402048515,0.105310830177577,0.0162753204458777,"GSE210616_GSM6433603"
"GSE210616_GSM6433603_ACAGGCTTGCCCGACT-1",0.0321155063308365,0.0668167196560102,0.00449294072192803,0.164492372440696,0.0218551326373349,0.115588168838532,0.327948109823585,0.229565036165559,0.0371260133855171,"GSE210616_GSM6433603"
"GSE210616_GSM6433603_ACATAATAAGGCGGTG-1",0.0373421296342387,0.133465989760995,0.0232688776661778,0.395939170501056,0.0417999875850818,0.0800921958206833,0.170306811138957,0.0654216029266447,0.0523632349661656,"GSE210616_GSM6433603"
"GSE210616_GSM6433603_ACATCCCGGCCATACG-1",0.0489617361497468,0.0542977854941779,0.0155758856014212,0.482925973119802,0.0269350449731776,0.0843955747155607,0.196665672329392,0.042889947091714,0.0473523805250072,"GSE210616_GSM6433603"
"GSE210616_GSM6433603_ACATCCTGGTAACTGT-1",0.0454345500405408,0.0611917675057265,0.00926980494872232,0.319781243465915,0.0388117372976227,0.0720224233398848,0.252918957201992,0.156858105133392,0.043711411066204,"GSE210616_GSM6433603"
"GSE210616_GSM6433603_ACATCGATCGTTTACC-1",0.0795172046916965,0.137037694918545,0.0317795164892823,0.173845019528026,0.0224798170981518,0.236259669456175,0.238763800835497,0.0496636294033197,0.0306536475793058,"GSE210616_GSM6433603"
"GSE210616_GSM6433603_ACATCGTATGCAATGG-1",0.0376598536278091,0.0832177720130238,0.0190850066297635,0.445218659547413,0.0442979105050411,0.112763924307078,0.161200393191364,0.03682348610492,0.0597329940735875,"GSE210616_GSM6433603"
"GSE210616_GSM6433603_ACATCGTTAACCTAGT-1",0.0315344855735427,0.155261171385134,0.00874208863958091,0.379141632138194,0.0279733481365027,0.0923764191794585,0.154190032143775,0.11396832991393,0.0368124928898827,"GSE210616_GSM6433603"
"GSE210616_GSM6433603_ACATTAGTTTATATCC-1",0.0752331959076952,0.216400832802661,0.0176883132230256,0.16709505602995,0.0199187557942279,0.121532989120502,0.204366987943158,0.131951564976058,0.0458123042027224,"GSE210616_GSM6433603"
"GSE210616_GSM6433603_ACCAACGCTTATTTAT-1",0.0430488458047729,0.0690284732546688,0.00365337304482,0.263307503893998,0.0183211454288736,0.151744569870422,0.346695377070239,0.0756218978831313,0.0285788137490737,"GSE210616_GSM6433603"
"GSE210616_GSM6433603_ACCAATATGCAAGTTA-1",0.0379342365500467,0.0564936896624989,0.00829549251880417,0.302023614377493,0.033142592834187,0.0732726670995765,0.176968920353536,0.245206700202351,0.0666620864015054,"GSE210616_GSM6433603"
"GSE210616_GSM6433603_ACCACGTGCAGCTATA-1",0.0654069293977122,0.0956314038237474,0.0136328048958033,0.286031074655374,0.0176637387413739,0.128025748166956,0.235304381448983,0.107795386519601,0.0505085323504501,"GSE210616_GSM6433603"
"GSE210616_GSM6433603_ACCAGTGCGGGAGACG-1",0.24022609807533,0.221047287756723,0.368828048250575,0.0186209255819092,0.00380156549264663,0.0748492775310926,0.00935926213284503,0.0568438608133725,0.00642367436550621,"GSE210616_GSM6433603"
"GSE210616_GSM6433603_ACCATATCCGCAATAA-1",0.0386074104596518,0.0598652898021535,0.00331755229858389,0.0994206546988076,0.0104032273966261,0.110017062459224,0.365469113909795,0.267952140706219,0.044947548268939,"GSE210616_GSM6433603"
"GSE210616_GSM6433603_ACCCAACGCCCGTGGC-1",0.0558109903948048,0.0504729855569497,0.0104601426375491,0.271259542304031,0.0422962014658761,0.10308793795238,0.221690432895018,0.172635778595644,0.0722859881977478,"GSE210616_GSM6433603"
"GSE210616_GSM6433603_ACCCGGAAACTCCCAG-1",0.0337666753631885,0.0699635612285351,0.00801885418653682,0.184078734545121,0.0198105173230971,0.124262862565419,0.25830566757663,0.24842724326603,0.0533658839454415,"GSE210616_GSM6433603"
"GSE210616_GSM6433603_ACCCGGATGACGCATC-1",0.0369203488462989,0.0565365911558501,0.0097922056416844,0.50675344439585,0.0424178626119619,0.0697798082676459,0.184789075500777,0.0480498176227667,0.0449608459571655,"GSE210616_GSM6433603"
"GSE210616_GSM6433603_ACCCGTGTCATCAGTA-1",0.0326248256609444,0.165388603990868,0.0275573427599693,0.00115590977781397,0.000232909883966942,0.662008957077843,0.0721439997437456,0.0128081565225236,0.0260792945823253,"GSE210616_GSM6433603"
"GSE210616_GSM6433603_ACCCTCCCTTGCTATT-1",0.078591878135758,0.0892006008627018,0.0252764479068789,0.39151117292974,0.0412106633725953,0.097819452116138,0.181035022148367,0.0568455028045672,0.0385092597232538,"GSE210616_GSM6433603"
"GSE210616_GSM6433603_ACCCTTCATCTGCGAA-1",0.0554169768439962,0.0930280386383646,0.00468099510848205,0.0710711281164597,0.0200015874483786,0.139558014268766,0.358817994698085,0.225709374507604,0.0317158903698647,"GSE210616_GSM6433603"
"GSE210616_GSM6433603_ACCGACACATCTCCCA-1",0.047070599647723,0.0533882633393165,0.00424148865190873,0.259948545771817,0.0367012443138656,0.103348875100192,0.259579072742519,0.177519002984057,0.0582029074486001,"GSE210616_GSM6433603"
"GSE210616_GSM6433603_ACCGACTGAGTCCCAC-1",0.0415755601405621,0.0563141838298096,0.00278917515325167,0.202851090956081,0.0274369505965483,0.126698272486111,0.351328722612521,0.136306364037762,0.054699680187353,"GSE210616_GSM6433603"
"GSE210616_GSM6433603_ACCGATGGTAGCATCG-1",0.0769917784216548,0.1890318492507,0.0273637532820507,0.243091596039439,0.00935256330064276,0.202813523718822,0.154714848325544,0.0566032537884179,0.0400368338727298,"GSE210616_GSM6433603"
"GSE210616_GSM6433603_ACCGCAATAACTGCCT-1",0.034251100564725,0.0532049962042078,0.00567357093624138,0.348654914016392,0.0338849353792654,0.0771450584718669,0.294225130024001,0.103428528726225,0.0495317656770758,"GSE210616_GSM6433603"
"GSE210616_GSM6433603_ACCGGGCCTTTGTTGA-1",0.050509030196524,0.0988978299600433,0.0178841587145082,0.133938907480521,0.0185130120675063,0.149776827458396,0.302727505894144,0.13721261665405,0.0905401115743076,"GSE210616_GSM6433603"
"GSE210616_GSM6433603_ACGAGATATTTGCTTA-1",0.0675113013744178,0.094548114401951,0.0519523034252513,0.128916837732433,0.0276382313489894,0.116730853291748,0.342689486558589,0.0891729818025936,0.0808398900640267,"GSE210616_GSM6433603"
"GSE210616_GSM6433603_ACGATACATAGAACTA-1",0.0444830814541544,0.0653519542434987,0.0124250638727093,0.252891420019497,0.0196720462680605,0.0950824117924092,0.298695756496469,0.17755418772406,0.033844078129141,"GSE210616_GSM6433603"
"GSE210616_GSM6433603_ACGATCATACATAGAG-1",0.0621269618782145,0.0920669342084329,0.0172107765296406,0.0922893041671957,0.0185403898355868,0.169767231075882,0.352517086739309,0.144860728873827,0.0506205866919109,"GSE210616_GSM6433603"
"GSE210616_GSM6433603_ACGATCATCTTGTAAA-1",0.024218867532146,0.0479052622726173,0.0105403577345769,0.407140217920896,0.044220926327368,0.0753651389664138,0.22051486501177,0.122307135702426,0.0477872285317868,"GSE210616_GSM6433603"
"GSE210616_GSM6433603_ACGATGGATCCGATGC-1",0.0189192758496234,0.191339413622777,0.0311048583140048,0.000826213093744702,8.01949098165486e-05,0.593852820634404,0.0967978791650184,0.046489652067487,0.020589692343125,"GSE210616_GSM6433603"
"GSE210616_GSM6433603_ACGCATTCGTGAGTAC-1",0.074949402863726,0.136477353432997,0.0210562982550455,0.221920964600816,0.0170028400482912,0.140840455669317,0.23111675657063,0.112045184728937,0.04459074383024,"GSE210616_GSM6433603"
"GSE210616_GSM6433603_ACGCCAGATGATTTCT-1",0.0436862181996723,0.107015426708325,0.00813836505457782,0.0916637002295382,0.00905600181119257,0.207598006755582,0.337882511474787,0.160201876274805,0.0347578934915189,"GSE210616_GSM6433603"
"GSE210616_GSM6433603_ACGCCGCTAGACGACC-1",0.0669519898539617,0.201914444271207,0.0451014024585768,0.153663437932459,0.0164690751628113,0.196260274913901,0.185449465180649,0.0875988925905129,0.0465910176359207,"GSE210616_GSM6433603"
"GSE210616_GSM6433603_ACGCGAAGTCAGACGA-1",0.101046280187941,0.0843513671434734,0.0206677676693338,0.124489264575974,0.0301032048503763,0.133381758024589,0.248394740827507,0.207305121539397,0.0502604951814087,"GSE210616_GSM6433603"
"GSE210616_GSM6433603_ACGCGGGCCAAGGACA-1",0.055007142668997,0.0828269899735198,0.00552025495016769,0.124715296566934,0.0101770431661796,0.237925415882816,0.297634681710622,0.141731965300456,0.0444612097803073,"GSE210616_GSM6433603"
"GSE210616_GSM6433603_ACGGACTCTCAAAGCG-1",0.0928060949385274,0.0476105741880035,0.0100796808987151,0.448557403551174,0.0469295031986846,0.0710355515705538,0.172335447809946,0.0542439983216119,0.0564017455227846,"GSE210616_GSM6433603"
"GSE210616_GSM6433603_ACGGATGGTGCGGATA-1",0.0310374539227143,0.0497918082238496,0.0165166544467624,0.352498221625547,0.0506944322291679,0.0612480569299697,0.13730781301568,0.210962833502829,0.08994272610348,"GSE210616_GSM6433603"
"GSE210616_GSM6433603_ACGGCACTTGCTTGGG-1",0.0295585289731434,0.0886683847463714,0.0185401936117631,0.43354662879784,0.0216934426765773,0.0737285505040334,0.182680750544178,0.121856749171699,0.0297267709743936,"GSE210616_GSM6433603"
"GSE210616_GSM6433603_ACGGCCAACATGGACT-1",0.0384646269605936,0.0788155264229543,0.00721183832805154,0.204492700288384,0.0190419423214602,0.141900837124441,0.313325860993955,0.142486458594453,0.0542602089657079,"GSE210616_GSM6433603"
"GSE210616_GSM6433603_ACGGCGACGATGGGAA-1",0.0454445760878755,0.0509735451721571,0.00522743942019565,0.211784461148286,0.0214403080877381,0.106611195460207,0.338625585749979,0.174028330550151,0.0458645583234096,"GSE210616_GSM6433603"
"GSE210616_GSM6433603_ACGTACAGATTTCTCT-1",0.0400108740176967,0.0958820271754551,0.00613865882907123,0.0106053988832437,0.00143545040615549,0.308078771954686,0.301273306828408,0.198439098728789,0.0381364131764951,"GSE210616_GSM6433603"
"GSE210616_GSM6433603_ACGTAGATTGCTGATG-1",0.0384243795054273,0.0531937463173938,0.00660119197873528,0.275968937389843,0.0171822988498974,0.183373016176543,0.209516481321938,0.133875225582725,0.0818647228774975,"GSE210616_GSM6433603"
"GSE210616_GSM6433603_ACGTATTACTCCGATC-1",0.0420895980196516,0.0579442768517115,0.00370232445691329,0.313144746026141,0.0179556544575666,0.0684301115013069,0.283599974167138,0.18279051774869,0.0303427967708808,"GSE210616_GSM6433603"
"GSE210616_GSM6433603_ACGTGCGCCTCGTGCA-1",0.0438734591515519,0.225723470446196,0.0172054264436435,0.133626192482129,0.0210913384386034,0.120254980729735,0.206483366421222,0.188660539822598,0.0430812260643204,"GSE210616_GSM6433603"
"GSE210616_GSM6433603_ACGTTAATGTCGAAGA-1",0.0480975642692195,0.361828742665838,0.11312792751629,0.084018635745333,0.0178201524112024,0.159977554922364,0.119768268198995,0.0778695109809773,0.0174916432897806,"GSE210616_GSM6433603"
"GSE210616_GSM6433603_ACGTTTAGTTGTGATC-1",0.0517265318499935,0.0768386190135017,0.00555490428853892,0.134014406330614,0.0139582892743693,0.169201022430211,0.350968926034244,0.156116958132463,0.0416203426460643,"GSE210616_GSM6433603"
"GSE210616_GSM6433603_ACTACGCGTTAGAATT-1",0.0549387158896223,0.0592510595293018,0.0234635526024614,0.23170213987488,0.0201703495331957,0.131122250036942,0.312671425527544,0.124698688157404,0.041981818848649,"GSE210616_GSM6433603"
"GSE210616_GSM6433603_ACTATTCGTCCGTGGT-1",0.0884661612237063,0.0905354337729352,0.0154879490616151,0.125819774926116,0.00844693510817604,0.261193023354209,0.255480155883687,0.0851804924918552,0.0693900741777003,"GSE210616_GSM6433603"
"GSE210616_GSM6433603_ACTCAAGTGCAAGGCT-1",0.0330813437797829,0.0516804305432032,0.0106353988422252,0.459951480457561,0.0260260011815477,0.0652554154279222,0.19716226526049,0.125644439810024,0.0305632246972447,"GSE210616_GSM6433603"
"GSE210616_GSM6433603_ACTCAATAAAGGCACG-1",0.138161572893424,0.0988981295488299,0.0894584910846587,0.286439276205408,0.0223605451542464,0.129371032504135,0.172925301599386,0.0350985989435311,0.0272870520663813,"GSE210616_GSM6433603"
"GSE210616_GSM6433603_ACTCCCTAATGCTAAA-1",0.0962600879564087,0.0697938524586137,0.0360980113427851,0.373845881584196,0.0373408672255122,0.0990192484763233,0.203498197104021,0.0398188562193659,0.0443249976327732,"GSE210616_GSM6433603"
"GSE210616_GSM6433603_ACTCCCTAGAATAGTA-1",0.0469124142797608,0.208980278040086,0.0618090669594071,0.101268313848972,0.00585426331289865,0.273938862906264,0.164106288640318,0.111875570672676,0.0252549413396188,"GSE210616_GSM6433603"
"GSE210616_GSM6433603_ACTCGTCAGTAATCCC-1",0.0259620635912814,0.193513317809693,0.0111708482523244,0.0473725942325887,0.000699386858991099,0.462151012919469,0.190044866683736,0.0358321113506268,0.033253798301291,"GSE210616_GSM6433603"
"GSE210616_GSM6433603_ACTCTCTGACTTAGGT-1",0.0251558513276583,0.0562703988523843,0.0082663809097138,0.309485355011115,0.0283074582695456,0.0874911462520529,0.253773029089678,0.176877821888327,0.0543725583995253,"GSE210616_GSM6433603"
"GSE210616_GSM6433603_ACTCTTGTATAGTAAC-1",0.0420415489994764,0.0504536949449667,0.00141705531975155,0.166703064776946,0.0127433034093513,0.156845759628021,0.434086285715582,0.102934785010473,0.0327745021954319,"GSE210616_GSM6433603"
"GSE210616_GSM6433603_ACTGAATGGCGAAAGT-1",0.0370344323940472,0.150740957184699,0.0433209951904338,0.146050992225315,0.0147329727067935,0.234300423658337,0.167429861011076,0.135077252857395,0.0713121127719043,"GSE210616_GSM6433603"
"GSE210616_GSM6433603_ACTGCCGTCGTAACTC-1",0.0358524346104642,0.110931238680602,0.0107725160581744,0.0553040923945253,0.0038698360977825,0.372424876812964,0.217928193349854,0.133770951757605,0.059145860238029,"GSE210616_GSM6433603"
"GSE210616_GSM6433603_ACTGTACGATACACAT-1",0.0413233126638428,0.0777641754636194,0.0137203668028054,0.169534011677099,0.0362587831024407,0.235153013400684,0.247251297486502,0.111109445535899,0.0678855938671084,"GSE210616_GSM6433603"
"GSE210616_GSM6433603_ACTGTCCAGGATTATA-1",0.0294002534331511,0.0495839812972768,0.00284486777603058,0.460970509046233,0.0321216396348535,0.0633691942143782,0.213915669635151,0.110973504063222,0.0368203808997045,"GSE210616_GSM6433603"
"GSE210616_GSM6433603_ACTGTCTTCTTTAGAA-1",0.0626151505267366,0.0494021654162956,0.003630320374314,0.196908177182018,0.0155602787588992,0.135413895207738,0.394888059351153,0.100979067085044,0.0406028860978014,"GSE210616_GSM6433603"
"GSE210616_GSM6433603_ACTTACGCATCCACGC-1",0.0325110162409573,0.0529627285189344,0.0122283153361082,0.233227536329018,0.0299344148943714,0.067957256630353,0.183354454318637,0.32892450069009,0.058899777041531,"GSE210616_GSM6433603"
"GSE210616_GSM6433603_ACTTATACTTACCCGG-1",0.114207140768435,0.114297667479181,0.0466888498944434,0.236690639046587,0.0282713573871488,0.158168675383507,0.169579795548002,0.0986237351720015,0.0334721393206935,"GSE210616_GSM6433603"
"GSE210616_GSM6433603_ACTTATTTATGTGCCA-1",0.0555438677499454,0.0609716248465963,0.00838258233350848,0.220184980362337,0.0199241240238423,0.0812198365673759,0.279620317226689,0.237899146986679,0.0362535199030273,"GSE210616_GSM6433603"
"GSE210616_GSM6433603_ACTTCAGGCTGATCCC-1",0.0183159279062626,0.0761520630258421,0.0151127670553248,0.423055692977611,0.0278585033713346,0.117601970657627,0.178329894243101,0.107048991259168,0.0365241895037283,"GSE210616_GSM6433603"
"GSE210616_GSM6433603_ACTTCGCCATACGCAC-1",0.123092020810023,0.0957193407910354,0.102351494483391,0.305848050908935,0.0165394729206838,0.0741294580618283,0.205975252004876,0.050431825904813,0.0259130841144141,"GSE210616_GSM6433603"
"GSE210616_GSM6433603_ACTTGACTCCCTCTTT-1",0.0295994927570721,0.0743920463516416,0.0131018989329061,0.321596912622198,0.0347841341245841,0.0997320395655045,0.209958185822776,0.154678825554347,0.0621564642689706,"GSE210616_GSM6433603"
"GSE210616_GSM6433603_ACTTTCCTATAGCTTC-1",0.0290203589835625,0.0431662285783304,0.00458070711955499,0.380382590463269,0.0353536435403168,0.0928567210547069,0.285712677124364,0.086201486230141,0.0427255869057546,"GSE210616_GSM6433603"
"GSE210616_GSM6433603_AGAACGTGGTACATTC-1",0.032753245339025,0.152000321190626,0.00947385475777296,0.313253802083429,0.040203974973128,0.111404553179051,0.219255263527151,0.0935762842994719,0.0280787006503446,"GSE210616_GSM6433603"
"GSE210616_GSM6433603_AGAAGAGCGCCGTTCC-1",0.0107256236975381,0.0425684136873367,0.000612782659551325,0.653587178106003,0.0171771389968096,0.000389010807721478,0.114599392611739,0.138830551883827,0.0215099075494743,"GSE210616_GSM6433603"
"GSE210616_GSM6433603_AGAATTATGGATTCGA-1",0.0261046999848197,0.16663967156577,0.00872794367084629,0.132808828886259,0.00641357646778636,0.240989374583251,0.201488619754418,0.161021699031272,0.0558055860555775,"GSE210616_GSM6433603"
"GSE210616_GSM6433603_AGACCCACCGCTGATC-1",0.0953383869749892,0.130803518249944,0.0568302740514959,0.306924422122871,0.0271467446343174,0.0848030184295218,0.164323990977179,0.10658616939843,0.0272434751612518,"GSE210616_GSM6433603"
"GSE210616_GSM6433603_AGACGAAGTGCCGGTC-1",0.0342519743295292,0.0579686923299371,0.0214825991837246,0.145022652118543,0.0248146188535931,0.0984428741500184,0.247202238740229,0.294100575314702,0.0767137749797246,"GSE210616_GSM6433603"
"GSE210616_GSM6433603_AGAGAACCGTCTAGGA-1",0.0283090752672317,0.0510815851239005,0.00839089852474634,0.127962630971526,0.0214406388630888,0.107181002933215,0.301062155523667,0.305688396715341,0.0488836160772827,"GSE210616_GSM6433603"
"GSE210616_GSM6433603_AGAGCGGGCTAATCAT-1",0.0690466364053707,0.0901753716144377,0.0336616321714184,0.350951880769837,0.0389681292081137,0.0807472256764699,0.190706793671802,0.0939946711362547,0.0517476593462953,"GSE210616_GSM6433603"
"GSE210616_GSM6433603_AGATACTCAAGATCGA-1",0.043584679609458,0.104606031617076,0.0500666657456583,0.375158165956393,0.0255259262651893,0.130652309632746,0.16733010246032,0.0628528058192223,0.040223312893936,"GSE210616_GSM6433603"
"GSE210616_GSM6433603_AGATCTCAGGTGTGAT-1",0.0417759751674071,0.0476738857476153,0.00947296846464805,0.453740627644465,0.03365246589793,0.117110805336129,0.225331274764011,0.0300677923400632,0.0411742046377309,"GSE210616_GSM6433603"
"GSE210616_GSM6433603_AGATTATAGGACGTTT-1",0.0326834603470344,0.0666256020700776,0.00595709816262525,0.286107720135763,0.0254132035136301,0.0662810708252811,0.259100066540595,0.214533696486116,0.0432980819188769,"GSE210616_GSM6433603"
"GSE210616_GSM6433603_AGCAAAGGCCGCTAGT-1",0.058141181740079,0.0474116071301659,0.0116230265525396,0.459472419060414,0.0461513616348855,0.0390748278350631,0.158586514576328,0.114270709103298,0.0652683523672262,"GSE210616_GSM6433603"
"GSE210616_GSM6433603_AGCAACATATCTTATT-1",0.048918369361816,0.0886052350341363,0.0361327830519995,0.173442629976726,0.0253126576212621,0.128758220334343,0.268567521772058,0.190651561665044,0.0396110211826153,"GSE210616_GSM6433603"
"GSE210616_GSM6433603_AGCACCAGTACTCACG-1",0.0525447470030932,0.0660212085280808,0.00625564658993352,0.150813924405948,0.0139573724018504,0.146669904387715,0.357590361571764,0.152558951872608,0.0535878832390068,"GSE210616_GSM6433603"
"GSE210616_GSM6433603_AGCACTACCTCACCAG-1",0.0313646852784438,0.0832433764684201,0.0110211756004983,0.36760335453494,0.0290403725160188,0.121145853159173,0.193174768822791,0.0870826167666503,0.0763237968530646,"GSE210616_GSM6433603"
"GSE210616_GSM6433603_AGCAGCCAGATGAATA-1",0.101260701364531,0.0498703691146486,0.0214324478169967,0.383706718527904,0.0417443341997897,0.0594847725135455,0.150779753035022,0.160509326715854,0.0312115767117081,"GSE210616_GSM6433603"
"GSE210616_GSM6433603_AGCATATCAATATGCT-1",0.0991631291891903,0.075989471483688,0.0652143904800771,0.414904319223457,0.0391684439891819,0.0650100285784889,0.130976028274613,0.0766855288281695,0.032888659953134,"GSE210616_GSM6433603"
"GSE210616_GSM6433603_AGCCACTCCCGTGCTT-1",0.0456121708929019,0.0792421548363846,0.00461664923787624,0.129745995653448,0.0182363756241332,0.135392740180276,0.422797228059151,0.132174541682958,0.0321821438328716,"GSE210616_GSM6433603"
"GSE210616_GSM6433603_AGCCCGGTAGCCTGTA-1",0.0171462485940652,0.0199956915603992,0.00272085500536733,0.584518851968559,0.0297387554701572,0.0361032331996655,0.193404648173228,0.0769032503057474,0.0394684657228106,"GSE210616_GSM6433603"
"GSE210616_GSM6433603_AGCCCTAAGCGAAGTT-1",0.0593506656063209,0.101019119803861,0.0211357628661534,0.152745387450985,0.0273635757882009,0.157265062895687,0.289781350351764,0.130012502056241,0.0613265731807877,"GSE210616_GSM6433603"
"GSE210616_GSM6433603_AGCGCATAATGAATCG-1",0.0286409604213208,0.0715775264913164,0.00805549561125971,0.307715644672648,0.0273521040791386,0.143060277343478,0.228679274951155,0.14069662918707,0.0442220872426133,"GSE210616_GSM6433603"
"GSE210616_GSM6433603_AGCGCGGGTGCCAATG-1",0.0375796322463653,0.0503617224206269,0.00266367105454329,0.308751492120202,0.0300113523974853,0.0954069373829212,0.272958054074403,0.158503902104978,0.0437632361984756,"GSE210616_GSM6433603"
"GSE210616_GSM6433603_AGCGTGGTATTCTACT-1",0.0747952944977008,0.162162707655459,0.0317461781906978,0.161537457208931,0.00701938571459119,0.230932258868796,0.169769133590602,0.124777551306849,0.037260032966373,"GSE210616_GSM6433603"
"GSE210616_GSM6433603_AGCTATTTAATCCAAC-1",0.0332446270551197,0.0862048991043384,0.00745349232067074,0.0112258607033055,0.00180000919449427,0.534375137764931,0.259460721148391,0.0292557483894754,0.036979504319274,"GSE210616_GSM6433603"
"GSE210616_GSM6433603_AGCTCCTTCGCACATC-1",0.0316261215952401,0.0517723582857323,0.00511054589544775,0.351749302503293,0.0276312100981642,0.0898553853491393,0.258522219333406,0.133865152317337,0.0498677046222396,"GSE210616_GSM6433603"
"GSE210616_GSM6433603_AGCTCTAGACGTTCCA-1",0.0246541039792113,0.041815111965321,0.00760164272282302,0.447751543860865,0.0496160727734212,0.0650821782355448,0.20540175528809,0.0994216714498114,0.0586559197249131,"GSE210616_GSM6433603"
"GSE210616_GSM6433603_AGCTCTTCCCAGTGCA-1",0.0573631567818117,0.0612936452663002,0.0134559931834226,0.468579597704713,0.0323346325219227,0.0548116674614735,0.237939400260693,0.0516488393113023,0.0225730675083611,"GSE210616_GSM6433603"
"GSE210616_GSM6433603_AGCTGAAGTAAACCAA-1",0.0477345710814642,0.0859401753963053,0.0130316240798745,0.116875534457885,0.0116990633353362,0.104819756809718,0.360808558284215,0.220756983941485,0.0383337326137174,"GSE210616_GSM6433603"
"GSE210616_GSM6433603_AGGAAGCTGTCCGCCG-1",0.0401453007063887,0.0476537896118017,0.00556396965323954,0.269237643900819,0.032110998133608,0.103451238722604,0.299405265873425,0.145581119436205,0.056850673961909,"GSE210616_GSM6433603"
