"","Endothelial","CAFs","PVL","B-cells","T-cells","Myeloid","Normal Epithelial","Plasmablasts","Cancer Epithelial","sid"
"Human_Breast_He_06222020_ST_BC23288_E1_9x10",0.00406331416793931,0.062970120212345,0.23446494930425,0.00486962573374135,0.00122640382001202,0.140624803247314,0.0019620980191364,0.547669561049283,0.00214912444597858,"Human_Breast_He_06222020_ST_BC23288_E1"
"Human_Breast_He_06222020_ST_BC23288_E1_3x23",0.0515656426993776,0.0597727535171641,0.383890853870565,0.00320199019768567,0.00357648735999823,0.163475809478694,0.0245934941532789,0.27551511962496,0.0344078490982768,"Human_Breast_He_06222020_ST_BC23288_E1"
"Human_Breast_He_06222020_ST_BC23288_E1_23x21",0.0470400593807774,0.0700605059843337,0.388471079377255,0.00486588986509735,0.00549808098373848,0.180119602043366,0.0140837482221609,0.242391127825538,0.0474699063177331,"Human_Breast_He_06222020_ST_BC23288_E1"
"Human_Breast_He_06222020_ST_BC23288_E1_23x22",0.0299395344242234,0.053670859409302,0.402255387594579,0.0119385345914547,0.00330633742129547,0.270508986221655,0.0125006732427543,0.193406423702254,0.0224732633924825,"Human_Breast_He_06222020_ST_BC23288_E1"
"Human_Breast_He_06222020_ST_BC23288_E1_23x23",0.0488193276630269,0.10435405345885,0.256840384378187,0.00699618351860946,0.00958915811305829,0.311860796040517,0.0215058599267857,0.222774165482924,0.0172600714180408,"Human_Breast_He_06222020_ST_BC23288_E1"
"Human_Breast_He_06222020_ST_BC23288_E1_23x24",0.00890373138592126,0.0573827655979127,0.396610039486131,0.001891618887434,0.00216569435048343,0.260611032873341,0.00763972061553822,0.259784563413664,0.00501083338957449,"Human_Breast_He_06222020_ST_BC23288_E1"
"Human_Breast_He_06222020_ST_BC23288_E1_23x25",0.030745574359652,0.0390778554303925,0.245510895963484,0.00616907919534479,0.0091450218806463,0.143566709261483,0.0146785504503571,0.502470340742798,0.00863597271584305,"Human_Breast_He_06222020_ST_BC23288_E1"
"Human_Breast_He_06222020_ST_BC23288_E1_23x27",0.0159111338421353,0.0465612647887283,0.209157074769899,0.0015587032605635,0.0120349241757548,0.10295393415748,0.083720698219312,0.511268269254456,0.0168339975316707,"Human_Breast_He_06222020_ST_BC23288_E1"
"Human_Breast_He_06222020_ST_BC23288_E1_30x21",0.0678629102967991,0.0849359650331373,0.28612570864507,0.00645934684633594,0.00237994276958737,0.172534409532072,0.0738414528950571,0.267252608359409,0.0386076556225316,"Human_Breast_He_06222020_ST_BC23288_E1"
"Human_Breast_He_06222020_ST_BC23288_E1_25x13",0.00308958021059786,0.0681167257839186,0.184801615261108,0.000875035456291504,7.78488915420441e-05,0.228064739309431,0.000303492612899231,0.514552187537852,0.000118774936359847,"Human_Breast_He_06222020_ST_BC23288_E1"
"Human_Breast_He_06222020_ST_BC23288_E1_11x9",0.00859040715333933,0.0690743254664304,0.197202559959136,0.00308631509393519,0.00192366551048822,0.14307458596947,0.00240724544579205,0.569850578061354,0.00479031734005525,"Human_Breast_He_06222020_ST_BC23288_E1"
"Human_Breast_He_06222020_ST_BC23288_E1_20x23",0.0178662625289175,0.0551101182188669,0.577945573640364,0.00235933624227711,0.0017515986303745,0.161519255512689,0.00955501671094527,0.166809581965923,0.00708325654964156,"Human_Breast_He_06222020_ST_BC23288_E1"
"Human_Breast_He_06222020_ST_BC23288_E1_25x17",0.00390152529814758,0.0702035802199424,0.224691035223315,0.0023842514846437,6.36477480695141e-05,0.139795784455145,0.000973440708490756,0.555681282834066,0.00230545202817962,"Human_Breast_He_06222020_ST_BC23288_E1"
"Human_Breast_He_06222020_ST_BC23288_E1_18x28",0.0171059644260429,0.0237269172515051,0.175140992437944,0.0916451704410259,0.0158182027155286,0.173881810746535,0.0666649473879394,0.393843400218815,0.042172594374664,"Human_Breast_He_06222020_ST_BC23288_E1"
"Human_Breast_He_06222020_ST_BC23288_E1_18x29",0.0117621582983578,0.00807347130638598,0.33309730333689,0.0513891771575671,0.0127611082511381,0.139804650787081,0.0782873123334744,0.315400736214298,0.0494240823148069,"Human_Breast_He_06222020_ST_BC23288_E1"
"Human_Breast_He_06222020_ST_BC23288_E1_18x26",0.0151916580307884,0.0350122080159629,0.460774686319415,0.000297452977622077,0.0270888864113796,0.173540973631713,0.00300136018139556,0.277989326174486,0.00710344825723758,"Human_Breast_He_06222020_ST_BC23288_E1"
"Human_Breast_He_06222020_ST_BC23288_E1_18x27",0.0224258236519653,0.0775061732657164,0.373010551345216,0.00736466616113472,0.0107575196835329,0.146718473455777,0.0090420926343559,0.317883864137597,0.0352908356647047,"Human_Breast_He_06222020_ST_BC23288_E1"
"Human_Breast_He_06222020_ST_BC23288_E1_18x24",0.0480542953668089,0.0419948849667258,0.346463279499351,0.00874298028534342,0.000936782926049804,0.349313180850649,0.00901591902541102,0.188531852246504,0.00694682483315762,"Human_Breast_He_06222020_ST_BC23288_E1"
"Human_Breast_He_06222020_ST_BC23288_E1_18x25",0.0267425447247058,0.0310682641930462,0.44944258707845,0.0505168372974438,0.00453885482352837,0.261687603496352,0.0440633448922064,0.121983588458486,0.00995637503578099,"Human_Breast_He_06222020_ST_BC23288_E1"
"Human_Breast_He_06222020_ST_BC23288_E1_18x22",0.102993037079055,0.101455205333319,0.247154288146871,0.002168433505363,0.00162481760784887,0.24943919251158,0.0232603240733306,0.236259823017692,0.0356448787249401,"Human_Breast_He_06222020_ST_BC23288_E1"
"Human_Breast_He_06222020_ST_BC23288_E1_18x23",0.0102430297464236,0.106326622180862,0.428302388731346,0.000761480947600845,0.000268759744929871,0.200806715360348,0.0233484278088483,0.207825278297317,0.0221172971823245,"Human_Breast_He_06222020_ST_BC23288_E1"
"Human_Breast_He_06222020_ST_BC23288_E1_18x20",0.118981717822034,0.0542075918773412,0.192970424950466,0.0148073964102064,0.016018314803897,0.212505803830138,0.0263422566142549,0.343300869730212,0.0208656239614507,"Human_Breast_He_06222020_ST_BC23288_E1"
"Human_Breast_He_06222020_ST_BC23288_E1_18x21",0.100334649687438,0.0993970658576089,0.354526325105202,0.0260299136203404,0.00791334983019842,0.162303720919737,0.0295985691670949,0.175128175243115,0.0447682305692653,"Human_Breast_He_06222020_ST_BC23288_E1"
"Human_Breast_He_06222020_ST_BC23288_E1_24x26",0.0328042186097396,0.0312418081194068,0.353571881844112,0.0311116870210271,0.00821037600395348,0.199688608324857,0.0588130717768937,0.245917085016548,0.0386412632834623,"Human_Breast_He_06222020_ST_BC23288_E1"
"Human_Breast_He_06222020_ST_BC23288_E1_20x27",0.0141606679068158,0.0339593807172327,0.296601270698748,0.10066398384724,0.0139015699424313,0.205113419005779,0.0352422749630504,0.216925253291237,0.083432179627466,"Human_Breast_He_06222020_ST_BC23288_E1"
"Human_Breast_He_06222020_ST_BC23288_E1_25x14",0.00479825711896264,0.0538076959905392,0.145766969241617,5.58925625872215e-05,1.95596601605416e-05,0.13760032738574,0.000304302413546913,0.657402471778888,0.000244523847958492,"Human_Breast_He_06222020_ST_BC23288_E1"
"Human_Breast_He_06222020_ST_BC23288_E1_23x20",0.0169258736483249,0.0862402272156983,0.370295720797898,0.00249233737110518,0.0010484234037486,0.216984805720057,0.0231224001827523,0.270425369413443,0.0124648422469723,"Human_Breast_He_06222020_ST_BC23288_E1"
"Human_Breast_He_06222020_ST_BC23288_E1_23x26",0.0291979933731373,0.0590205632189278,0.363235700718253,0.00478645266906841,0.00321911165265454,0.210169481714648,0.0666703639661646,0.231916243275549,0.0317840894115975,"Human_Breast_He_06222020_ST_BC23288_E1"
"Human_Breast_He_06222020_ST_BC23288_E1_22x13",0.0435917963910553,0.0603825120585042,0.0827463931527552,0.00179102394783766,0.000489115892883828,0.195961302113178,0.000264044148088262,0.614446599979062,0.000327212316635942,"Human_Breast_He_06222020_ST_BC23288_E1"
"Human_Breast_He_06222020_ST_BC23288_E1_8x17",0.194360666019643,0.0682932309201696,0.286752142437781,0.0143080239912666,0.0255216570816914,0.123073890477949,0.0875872551084463,0.16287373931864,0.0372293946444126,"Human_Breast_He_06222020_ST_BC23288_E1"
"Human_Breast_He_06222020_ST_BC23288_E1_11x14",0.0461932101266232,0.0485967186979573,0.322149132795768,0.00193513714721206,0.00189370096582067,0.228154555301611,0.0504477333640131,0.283539518318336,0.0170902932826591,"Human_Breast_He_06222020_ST_BC23288_E1"
"Human_Breast_He_06222020_ST_BC23288_E1_8x23",0.0524782678576011,0.0445326577594373,0.335558871669846,0.0135574822557141,0.0231814841818716,0.0767395622056534,0.114823372102559,0.311310678285611,0.0278176236817065,"Human_Breast_He_06222020_ST_BC23288_E1"
"Human_Breast_He_06222020_ST_BC23288_E1_8x21",0.0442902058476614,0.0699384812901673,0.360454031274899,0.108541799509527,0.0454216820296491,0.178079157048317,0.0369682845637505,0.138577902565285,0.0177284558707442,"Human_Breast_He_06222020_ST_BC23288_E1"
"Human_Breast_He_06222020_ST_BC23288_E1_8x16",0.057919512960843,0.057690874471255,0.326583910590861,0.00483777730239229,0.0125319827260446,0.221131602559636,0.060980209091617,0.223909804480986,0.0344143258163654,"Human_Breast_He_06222020_ST_BC23288_E1"
"Human_Breast_He_06222020_ST_BC23288_E1_25x16",0.00681920347217783,0.0472798148192747,0.224445993838669,0.000656026370101668,7.97723176628737e-05,0.161168439853608,0.000571370740985181,0.557946391174331,0.00103298741318901,"Human_Breast_He_06222020_ST_BC23288_E1"
"Human_Breast_He_06222020_ST_BC23288_E1_20x30",0.0065917850297655,0.00533861773243548,0.538353586857126,0.00408314565497745,0.00104195105386521,0.093792462747051,0.00646250045729597,0.33816903083167,0.00616691963581333,"Human_Breast_He_06222020_ST_BC23288_E1"
"Human_Breast_He_06222020_ST_BC23288_E1_22x14",0.0291466107313496,0.0507051401169238,0.120245630640287,0.00203326708658695,0.000579765488565516,0.0784900997457775,0.000340992459470069,0.71816494315325,0.000293550577789369,"Human_Breast_He_06222020_ST_BC23288_E1"
"Human_Breast_He_06222020_ST_BC23288_E1_23x19",0.0566886662844156,0.0707462798586391,0.324671909595065,0.0190407384247054,0.00675779695838005,0.192628453541199,0.0269183098761991,0.277422034179589,0.0251258112818083,"Human_Breast_He_06222020_ST_BC23288_E1"
"Human_Breast_He_06222020_ST_BC23288_E1_23x18",0.0287929960515776,0.0700323995578905,0.293791278030454,0.0104269333020356,0.00380186498968531,0.223595624502898,0.0134257337680248,0.340047245705474,0.0160859240919603,"Human_Breast_He_06222020_ST_BC23288_E1"
"Human_Breast_He_06222020_ST_BC23288_E1_23x11",0.00309214638228268,0.0646116774489443,0.125921874509457,0.00083378618374184,7.19936231921192e-05,0.239946273565502,0.000102373799945004,0.565334208629167,8.56658577685953e-05,"Human_Breast_He_06222020_ST_BC23288_E1"
"Human_Breast_He_06222020_ST_BC23288_E1_23x13",0.00651129848122827,0.0481249343803185,0.0484871204895122,0.000241904629548947,1.31252954265108e-05,0.176924738610204,0.000149787087682442,0.719453233552508,9.38574735708122e-05,"Human_Breast_He_06222020_ST_BC23288_E1"
"Human_Breast_He_06222020_ST_BC23288_E1_23x12",0.000733870850656851,0.0608759095824565,0.043612508191281,0.000289723772468117,1.9739562963594e-05,0.0729819049991728,3.22613856685375e-05,0.821445560271416,8.52138391640881e-06,"Human_Breast_He_06222020_ST_BC23288_E1"
"Human_Breast_He_06222020_ST_BC23288_E1_23x15",0.00684926443497436,0.0693357662890307,0.137867234864051,0.000646526166009349,7.28370061309843e-05,0.125752167923368,0.000772481402283746,0.658424994340412,0.000278727573740792,"Human_Breast_He_06222020_ST_BC23288_E1"
"Human_Breast_He_06222020_ST_BC23288_E1_23x14",0.000801216491371832,0.0555994303499674,0.194145573738176,0.000657267186278807,1.29855543361788e-05,0.1572748042845,7.4748284540882e-05,0.591408213464365,2.57606464625663e-05,"Human_Breast_He_06222020_ST_BC23288_E1"
"Human_Breast_He_06222020_ST_BC23288_E1_23x17",0.0223280775952609,0.0671745988304265,0.203109528525697,0.00123066961144032,0.000309388474777362,0.131320620754625,0.00155094208768252,0.571390320157305,0.00158585396278531,"Human_Breast_He_06222020_ST_BC23288_E1"
"Human_Breast_He_06222020_ST_BC23288_E1_23x16",0.00828697794307811,0.101372365387672,0.157809417754263,0.00114764848725118,3.18133007959035e-05,0.2044519064066,0.00127446917708304,0.524866278820553,0.00075912272270493,"Human_Breast_He_06222020_ST_BC23288_E1"
"Human_Breast_He_06222020_ST_BC23288_E1_8x22",0.0627833415838436,0.093532027206078,0.239910606104352,0.00943032974604896,0.00625758429241073,0.189790766997912,0.0705940761356594,0.259244938752042,0.0684563291816533,"Human_Breast_He_06222020_ST_BC23288_E1"
"Human_Breast_He_06222020_ST_BC23288_E1_11x15",0.0529735145925931,0.0335042022194895,0.419328472359417,0.022354419009556,0.0122325971892273,0.158215997093713,0.0403888357352217,0.242584410975404,0.0184175508253789,"Human_Breast_He_06222020_ST_BC23288_E1"
"Human_Breast_He_06222020_ST_BC23288_E1_8x20",0.0771262266572501,0.045251602953164,0.329680127095365,0.0303259380530974,0.0530563024980966,0.160697268005246,0.0716962163110393,0.183164348029189,0.0490019703975525,"Human_Breast_He_06222020_ST_BC23288_E1"
"Human_Breast_He_06222020_ST_BC23288_E1_11x17",0.0290543898854808,0.0434229627714278,0.405245174171299,0.00177419732518341,0.00143682178401957,0.187066490290004,0.0433865950408854,0.251372750372975,0.0372406183587257,"Human_Breast_He_06222020_ST_BC23288_E1"
"Human_Breast_He_06222020_ST_BC23288_E1_11x10",0.0799177376116993,0.0979815924181052,0.147332614747249,0.00622851220041243,0.00776149150346203,0.30883355870415,0.0154714477024508,0.331630231957644,0.00484281315482708,"Human_Breast_He_06222020_ST_BC23288_E1"
"Human_Breast_He_06222020_ST_BC23288_E1_8x27",0.0153286489055186,0.086355700239566,0.132266553966342,0.0719355608508989,0.0524168835524026,0.242014496673405,0.137623154819229,0.194397848999456,0.067661151993182,"Human_Breast_He_06222020_ST_BC23288_E1"
"Human_Breast_He_06222020_ST_BC23288_E1_8x24",0.0517764176655596,0.0459948097591358,0.286700475710447,0.0937847545373688,0.0308335727134246,0.162083963731284,0.13340378208554,0.149042108110629,0.0463801156866112,"Human_Breast_He_06222020_ST_BC23288_E1"
"Human_Breast_He_06222020_ST_BC23288_E1_8x25",0.0902739751633958,0.0709698070360995,0.309798420061321,0.0247508342922444,0.0358292060609185,0.170079166965396,0.107666110965275,0.125429419008496,0.0652030604468543,"Human_Breast_He_06222020_ST_BC23288_E1"
"Human_Breast_He_06222020_ST_BC23288_E1_11x18",0.0681173185996498,0.048312849163048,0.297481478688455,0.00209017623947,0.00143366748929306,0.157353589464685,0.0445653806271535,0.356584608436332,0.0240609312919136,"Human_Breast_He_06222020_ST_BC23288_E1"
"Human_Breast_He_06222020_ST_BC23288_E1_11x19",0.158678536403463,0.0700974129443719,0.272217959532512,0.00180254916540009,0.0149564752291311,0.179272930111624,0.0474847977290644,0.227305078987919,0.0281842598965148,"Human_Breast_He_06222020_ST_BC23288_E1"
"Human_Breast_He_06222020_ST_BC23288_E1_2x15",0.0433537377011308,0.07891883690652,0.1855247080229,0.0644043648223076,0.0109845130771141,0.224346382214817,0.0237408362085059,0.354169874506829,0.0145567465398769,"Human_Breast_He_06222020_ST_BC23288_E1"
"Human_Breast_He_06222020_ST_BC23288_E1_2x14",0.0126787707695921,0.0234628530403908,0.23656384796261,0.0564373373250674,0.00745068742277211,0.133742439192337,0.0183964856078744,0.505411784188647,0.00585579449070866,"Human_Breast_He_06222020_ST_BC23288_E1"
"Human_Breast_He_06222020_ST_BC23288_E1_2x17",0.0720583493919727,0.0820863685073846,0.204249393946644,0.0236466214262801,0.0159237933782424,0.227872024691199,0.0390232499775164,0.321286078323864,0.0138541203568975,"Human_Breast_He_06222020_ST_BC23288_E1"
"Human_Breast_He_06222020_ST_BC23288_E1_2x16",0.0032159001014221,0.0164920886878219,0.294102676079383,0.170669446380872,0.0919153903507588,0.15637415487868,0.00201974175782056,0.263826110399715,0.0013844913635271,"Human_Breast_He_06222020_ST_BC23288_E1"
"Human_Breast_He_06222020_ST_BC23288_E1_17x14",0.00488240727313712,0.0436446314249769,0.257747034155864,0.0289920319669797,0.00169011001164636,0.18874646107406,0.00126349666261085,0.470524094550416,0.00250973288030922,"Human_Breast_He_06222020_ST_BC23288_E1"
"Human_Breast_He_06222020_ST_BC23288_E1_2x13",0.00185237424223551,0.141939655683324,0.179293021058415,0.000335789285784235,0.000885804311822058,0.171025622767382,0.00658076150410115,0.486721827084045,0.0113651440628922,"Human_Breast_He_06222020_ST_BC23288_E1"
"Human_Breast_He_06222020_ST_BC23288_E1_17x15",0.020253924871279,0.0593915214149679,0.0878382906190761,0.000795369156599459,0.000876028843760023,0.113506514348893,0.00153534154798201,0.715010069327511,0.000792939869931741,"Human_Breast_He_06222020_ST_BC23288_E1"
"Human_Breast_He_06222020_ST_BC23288_E1_2x19",0.0544695850298611,0.0853144456513291,0.299417621416999,0.0378384221467794,0.0354663900485701,0.19772473276907,0.09093507102961,0.148964472004996,0.0498692599027864,"Human_Breast_He_06222020_ST_BC23288_E1"
"Human_Breast_He_06222020_ST_BC23288_E1_2x18",0.0412720970890792,0.044491920543139,0.137903856833412,0.038782192762602,0.0696708611729795,0.219418663512084,0.0678270283107847,0.342031252109673,0.0386021276662474,"Human_Breast_He_06222020_ST_BC23288_E1"
"Human_Breast_He_06222020_ST_BC23288_E1_17x12",0.0184767141253608,0.0411005370822031,0.156630566466504,0.0041111265283708,0.000990088025784399,0.135405811708068,0.0185499217268458,0.62106082823486,0.00367440610200285,"Human_Breast_He_06222020_ST_BC23288_E1"
"Human_Breast_He_06222020_ST_BC23288_E1_17x13",0.0429368103098783,0.0407324665253012,0.201858553520623,0.00541236728556033,0.00166834409656264,0.120254228024334,0.045156600585196,0.53410627743001,0.00787435222253424,"Human_Breast_He_06222020_ST_BC23288_E1"
"Human_Breast_He_06222020_ST_BC23288_E1_17x11",0.0209676949522832,0.0686658390322572,0.155301042083096,0.000948314464240816,0.000155519546924841,0.144542373402738,0.00419693218335154,0.603913692987979,0.00130859134712947,"Human_Breast_He_06222020_ST_BC23288_E1"
"Human_Breast_He_06222020_ST_BC23288_E1_17x16",0.0567356385738564,0.0406197193870664,0.135572417111599,0.0022336138878281,0.000286761103605863,0.110506136486448,0.00294130213170133,0.649168872315971,0.00193553900192443,"Human_Breast_He_06222020_ST_BC23288_E1"
"Human_Breast_He_06222020_ST_BC23288_E1_17x17",0.0165255464412941,0.0591070529232639,0.255220904787208,0.00521854220715801,0.000371952194020778,0.142283923587052,0.00220681070875618,0.518370766734363,0.000694500416884949,"Human_Breast_He_06222020_ST_BC23288_E1"
"Human_Breast_He_06222020_ST_BC23288_E1_26x18",0.0401787839275872,0.0685971752989243,0.209131227316485,0.00445378121531881,0.00245029764426524,0.216120862731222,0.008605026334611,0.441300361756025,0.00916248377556099,"Human_Breast_He_06222020_ST_BC23288_E1"
"Human_Breast_He_06222020_ST_BC23288_E1_26x19",0.00653413722787348,0.091706221444354,0.25145394169944,0.00138723152402961,0.0004943267419253,0.224506926887467,0.00239547997751384,0.419245308965898,0.00227642553149938,"Human_Breast_He_06222020_ST_BC23288_E1"
"Human_Breast_He_06222020_ST_BC23288_E1_26x16",0.0135599885162308,0.0996907040445585,0.275203717088085,0.00032345092238215,0.000229533076727767,0.166009700535385,0.000386010464641844,0.444027053973312,0.00056984137867596,"Human_Breast_He_06222020_ST_BC23288_E1"
"Human_Breast_He_06222020_ST_BC23288_E1_26x17",0.0656795423872583,0.0915270236049015,0.310792884556346,0.0239242724781774,0.00670981050885657,0.192800030435491,0.0374618297233182,0.244138373786128,0.0269662325195234,"Human_Breast_He_06222020_ST_BC23288_E1"
"Human_Breast_He_06222020_ST_BC23288_E1_17x18",0.0848275746038592,0.0402106508820281,0.192982229548773,0.0136085522842899,0.00777294919340037,0.141863589007157,0.0195520150609971,0.487313103513392,0.0118693359061034,"Human_Breast_He_06222020_ST_BC23288_E1"
"Human_Breast_He_06222020_ST_BC23288_E1_17x19",0.0667575995121882,0.0488562485372541,0.171395300981475,0.00294939255003678,0.00115702151090848,0.21783044267208,0.0180653622215023,0.462816997516034,0.010171634498522,"Human_Breast_He_06222020_ST_BC23288_E1"
"Human_Breast_He_06222020_ST_BC23288_E1_26x12",0.00803273084731962,0.0654374995629735,0.171718403214498,0.00296362198504661,0.000113018145325121,0.159842286035972,0.00177648946198558,0.58824391381902,0.00187203692786021,"Human_Breast_He_06222020_ST_BC23288_E1"
"Human_Breast_He_06222020_ST_BC23288_E1_26x14",0.000717510420398102,0.0402888916922045,0.226208933674129,0.000141862341245104,2.87333235518894e-05,0.106251440529124,0.000126390488582282,0.626132109197546,0.000104128333220092,"Human_Breast_He_06222020_ST_BC23288_E1"
"Human_Breast_He_06222020_ST_BC23288_E1_26x15",0.000658445934843178,0.0574842585834268,0.27021620087071,0.00124598275295504,0.000207282018056026,0.122047730746801,0.000231247352397534,0.547782399321422,0.000126452419386835,"Human_Breast_He_06222020_ST_BC23288_E1"
"Human_Breast_He_06222020_ST_BC23288_E1_26x13",0.00100581629202387,0.0974751185429947,0.140242852387609,8.14485430418298e-05,2.02841930831943e-06,0.147569903077487,4.60238679851691e-06,0.613615445769465,2.78458127127422e-06,"Human_Breast_He_06222020_ST_BC23288_E1"
"Human_Breast_He_06222020_ST_BC23288_E1_10x26",0.0392206872470803,0.0540221296882043,0.312471407425277,0.00475896585275959,0.00329316972622173,0.16924945492764,0.0124554759546513,0.387168467248972,0.0173602419291941,"Human_Breast_He_06222020_ST_BC23288_E1"
"Human_Breast_He_06222020_ST_BC23288_E1_10x27",0.00424218921197374,0.0663729821663027,0.33012560630112,0.00363520673617837,0.0643542545631268,0.121923661807486,0.0476964004922462,0.290759637921102,0.0708900608004645,"Human_Breast_He_06222020_ST_BC23288_E1"
"Human_Breast_He_06222020_ST_BC23288_E1_10x24",0.0319270524966458,0.0643485508946293,0.356948139684455,0.000456660098894001,0.0027087956606509,0.185588882041837,0.0250820330182239,0.316055229246797,0.016884656857867,"Human_Breast_He_06222020_ST_BC23288_E1"
"Human_Breast_He_06222020_ST_BC23288_E1_10x25",0.10835707032433,0.0600271663897399,0.303816430865906,0.0029628648895072,0.00238568903706616,0.197149462213513,0.0538469419495156,0.255832742819793,0.0156216315106283,"Human_Breast_He_06222020_ST_BC23288_E1"
"Human_Breast_He_06222020_ST_BC23288_E1_10x22",0.0740289303801921,0.0509105037108531,0.426974544504531,0.00742382018494179,0.0202740025624798,0.151824178319209,0.0718718405037452,0.165633528782352,0.031058651051696,"Human_Breast_He_06222020_ST_BC23288_E1"
"Human_Breast_He_06222020_ST_BC23288_E1_10x23",0.0767118598119391,0.0765717614936893,0.304587581162597,0.0134167791761492,0.0117852402878796,0.176276576590027,0.119251988251424,0.198393814742016,0.0230043984842793,"Human_Breast_He_06222020_ST_BC23288_E1"
"Human_Breast_He_06222020_ST_BC23288_E1_10x20",0.0688458693356273,0.0614532099355665,0.309741153610819,0.0144780464373637,0.00675992418972901,0.151641201581116,0.0531916596034533,0.291295152646366,0.0425937826599584,"Human_Breast_He_06222020_ST_BC23288_E1"
"Human_Breast_He_06222020_ST_BC23288_E1_10x21",0.0223983348849377,0.0515601176513744,0.473282205357674,0.0319085232945681,0.00989902383020601,0.152870123469386,0.0580665006246106,0.179749645113586,0.0202655257736579,"Human_Breast_He_06222020_ST_BC23288_E1"
"Human_Breast_He_06222020_ST_BC23288_E1_7x16",0.0532751442162739,0.0337263498597058,0.251367684956488,0.00475505031693238,0.00270923173673553,0.161226005813399,0.0270105681898628,0.450728094747592,0.0152018701630109,"Human_Breast_He_06222020_ST_BC23288_E1"
"Human_Breast_He_06222020_ST_BC23288_E1_7x17",0.0771552091989714,0.064514930127742,0.301061914599324,0.0729446189206909,0.0562495978884597,0.14449697490229,0.118171019540515,0.133179337335176,0.0322263974868309,"Human_Breast_He_06222020_ST_BC23288_E1"
"Human_Breast_He_06222020_ST_BC23288_E1_7x14",0.000707956478046609,0.0554877966767136,0.0631475891473727,0.00016670204333616,3.82107291408281e-05,0.077386748650917,1.19280449960717e-05,0.803023808970477,2.92592589996928e-05,"Human_Breast_He_06222020_ST_BC23288_E1"
"Human_Breast_He_06222020_ST_BC23288_E1_7x15",0.00935255025509283,0.0629955064193508,0.192017340408728,0.000852185917750629,0.00025084868966105,0.179182990236248,0.000559832006456235,0.55449370014374,0.000295045922973226,"Human_Breast_He_06222020_ST_BC23288_E1"
"Human_Breast_He_06222020_ST_BC23288_E1_7x12",0.0077389413862395,0.0406389764652538,0.179649961512775,0.000575570213196636,0.000163103504813402,0.140925948592777,0.000539019403719384,0.629094336459864,0.000674142461361693,"Human_Breast_He_06222020_ST_BC23288_E1"
"Human_Breast_He_06222020_ST_BC23288_E1_7x13",0.00234576563537538,0.0383619331338506,0.142807581025831,6.2302114223263e-05,1.59706723625017e-05,0.0995469179045087,0.000197143876372193,0.716560007683105,0.000102377954370996,"Human_Breast_He_06222020_ST_BC23288_E1"
"Human_Breast_He_06222020_ST_BC23288_E1_7x10",0.00204228557977004,0.139223012087808,0.216404708877905,0.000955548224667262,0.000681924260421408,0.141503245423294,0.00244913403866998,0.49652963564556,0.000210505861904004,"Human_Breast_He_06222020_ST_BC23288_E1"
"Human_Breast_He_06222020_ST_BC23288_E1_7x11",0.000749375952584676,0.0449265184256781,0.265367622777471,0.000668103615928668,0.000279295536670111,0.144183960571465,0.000937634731160203,0.541365715793311,0.00152177259573122,"Human_Breast_He_06222020_ST_BC23288_E1"
"Human_Breast_He_06222020_ST_BC23288_E1_7x18",0.155632984426024,0.0845421150223286,0.262549897846721,0.00126417692219108,0.00363994851844061,0.0911439862177643,0.0926678556669669,0.2581624251699,0.0503966102096632,"Human_Breast_He_06222020_ST_BC23288_E1"
"Human_Breast_He_06222020_ST_BC23288_E1_7x19",0.0683317622318054,0.0621940058644725,0.383004163281379,0.00489178580001265,0.0272050665535343,0.124881720329457,0.0610521471813139,0.225368199588874,0.0430711491691521,"Human_Breast_He_06222020_ST_BC23288_E1"
"Human_Breast_He_06222020_ST_BC23288_E1_19x30",0.0195532249839737,0.0123163169855154,0.430275231077441,0.0207999534214492,0.00806545133526928,0.163263021119723,0.0223158535546579,0.30469322626383,0.0187177212581411,"Human_Breast_He_06222020_ST_BC23288_E1"
"Human_Breast_He_06222020_ST_BC23288_E1_21x17",0.0124326010232575,0.0694164394930011,0.194942013717701,0.000432438193104619,0.000188115471830848,0.144515332938581,0.00298161147098733,0.559410599543938,0.0156808481475983,"Human_Breast_He_06222020_ST_BC23288_E1"
"Human_Breast_He_06222020_ST_BC23288_E1_21x16",0.0287832362194305,0.0544367051835776,0.140820401504615,0.000295458674327371,2.55176881725738e-05,0.145805281465061,0.000527020041927283,0.628744930297536,0.00056144892535309,"Human_Breast_He_06222020_ST_BC23288_E1"
"Human_Breast_He_06222020_ST_BC23288_E1_21x15",0.00345655812486343,0.0237967171473047,0.145585149764317,0.00047066717222841,1.86030898183882e-05,0.130353085487655,0.000173259840542234,0.696012600420144,0.000133358953127015,"Human_Breast_He_06222020_ST_BC23288_E1"
"Human_Breast_He_06222020_ST_BC23288_E1_21x14",0.0202919069286426,0.0515818301590233,0.254064455270466,9.65774366448311e-05,2.45745878747442e-05,0.189853617466882,0.00246641174216157,0.479195910763445,0.00242471564485988,"Human_Breast_He_06222020_ST_BC23288_E1"
"Human_Breast_He_06222020_ST_BC23288_E1_21x13",0.0271634826853201,0.0682696161324973,0.214469056910892,0.0067785705404035,0.0018081344856861,0.183490517624586,0.0168257419786072,0.473043641621183,0.0081512380208246,"Human_Breast_He_06222020_ST_BC23288_E1"
"Human_Breast_He_06222020_ST_BC23288_E1_21x12",0.0170704374880927,0.0568368084843593,0.0410712373300522,0.00107454135525493,0.000653383931152718,0.22890309807045,0.000799077738141473,0.65295094843182,0.000640467170676959,"Human_Breast_He_06222020_ST_BC23288_E1"
"Human_Breast_He_06222020_ST_BC23288_E1_21x11",0.0299168358812645,0.0794420676145004,0.220261479646666,0.000669655393542806,0.000454124755697281,0.216215617532239,0.00116343003433558,0.450953968996362,0.000922820145392659,"Human_Breast_He_06222020_ST_BC23288_E1"
"Human_Breast_He_06222020_ST_BC23288_E1_21x19",0.0460031536231794,0.0479296693139765,0.32342652677554,0.0143714823918418,0.00157764645312212,0.136178426360238,0.0103776200694266,0.410447652449948,0.00968782256272776,"Human_Breast_He_06222020_ST_BC23288_E1"
"Human_Breast_He_06222020_ST_BC23288_E1_21x18",0.0409974652789522,0.0444440427945077,0.355729991968389,0.0127789825295527,0.00385625189024823,0.265691150590934,0.0113183639791002,0.206759024235493,0.0584247267328222,"Human_Breast_He_06222020_ST_BC23288_E1"
"Human_Breast_He_06222020_ST_BC23288_E1_9x25",0.090512614849387,0.0828915195886014,0.340909852794441,0.0279820908178764,0.0143277102328237,0.189811157041406,0.113073986415145,0.0840741228369594,0.0564169454233594,"Human_Breast_He_06222020_ST_BC23288_E1"
"Human_Breast_He_06222020_ST_BC23288_E1_9x24",0.0646328130281822,0.0612016914510956,0.4270858752577,0.00709501762486204,0.00817503431363946,0.153835336796081,0.0338897997106663,0.219930153834742,0.0241542779830306,"Human_Breast_He_06222020_ST_BC23288_E1"
"Human_Breast_He_06222020_ST_BC23288_E1_13x28",0.0199895199203543,0.134255853290843,0.3108333173786,0.00722302014935987,0.00242890046906103,0.226646639325403,0.0138660612768537,0.27869020441007,0.0060664837794546,"Human_Breast_He_06222020_ST_BC23288_E1"
"Human_Breast_He_06222020_ST_BC23288_E1_9x21",0.0895857050455664,0.0523505853140518,0.1827722804843,0.00216748493731274,0.00206180091577971,0.203802382938113,0.033719325134066,0.40419965410998,0.0293407811208305,"Human_Breast_He_06222020_ST_BC23288_E1"
"Human_Breast_He_06222020_ST_BC23288_E1_9x20",0.128850270106576,0.0460685100021191,0.29182069623196,0.0316122751174255,0.0188848481166876,0.15812540421116,0.0738156880912615,0.214795736976915,0.0360265711458948,"Human_Breast_He_06222020_ST_BC23288_E1"
"Human_Breast_He_06222020_ST_BC23288_E1_9x23",0.137257053001473,0.04695610862728,0.204627066783758,0.00246796802312753,0.00174540607318042,0.23871868941754,0.0275899285671351,0.252878602324142,0.0877591771823637,"Human_Breast_He_06222020_ST_BC23288_E1"
"Human_Breast_He_06222020_ST_BC23288_E1_9x22",0.122092060476244,0.0590546280774577,0.318315879792494,0.0112154864379461,0.00763848366062647,0.160505443102885,0.0518638626269859,0.219532909144397,0.0497812466809632,"Human_Breast_He_06222020_ST_BC23288_E1"
"Human_Breast_He_06222020_ST_BC23288_E1_13x23",0.0341910073596836,0.0502190814658206,0.27067174356021,0.184143550541923,0.00996711040563835,0.129774359141514,0.110937686930425,0.198235899720387,0.0118595608743975,"Human_Breast_He_06222020_ST_BC23288_E1"
"Human_Breast_He_06222020_ST_BC23288_E1_12x25",0.135890520285247,0.0749079609272333,0.246593132538917,0.0163743735268295,0.0104334992870902,0.142388620623387,0.0238010817278223,0.3218418516178,0.0277689594656742,"Human_Breast_He_06222020_ST_BC23288_E1"
"Human_Breast_He_06222020_ST_BC23288_E1_12x26",0.020459736675343,0.0643452050992764,0.329970261684261,0.109109951984748,0.00316503461698924,0.220291626250835,0.0329229287498913,0.179965288271515,0.0397699666671408,"Human_Breast_He_06222020_ST_BC23288_E1"
"Human_Breast_He_06222020_ST_BC23288_E1_13x20",0.115440717422397,0.0425563695208819,0.172917899651606,0.0924183172556979,0.0455150104654884,0.0749386607143426,0.0525670365901378,0.354388396924374,0.0492575914550737,"Human_Breast_He_06222020_ST_BC23288_E1"
"Human_Breast_He_06222020_ST_BC23288_E1_13x27",0.0172756265826636,0.0483320576983741,0.342944795688935,0.0389959059709139,0.0143943886588121,0.228342426214136,0.105836763654047,0.163375895290839,0.0405021402412792,"Human_Breast_He_06222020_ST_BC23288_E1"
"Human_Breast_He_06222020_ST_BC23288_E1_12x21",0.11239642369156,0.0500216310752732,0.284031919337453,0.0207945863366968,0.0536948313232641,0.170278864550417,0.0453376425030906,0.237989609446039,0.0254544917362062,"Human_Breast_He_06222020_ST_BC23288_E1"
"Human_Breast_He_06222020_ST_BC23288_E1_13x25",0.0407653882052872,0.0380138661127982,0.428841595791677,0.0168715668557311,0.0149215205821967,0.172254218256418,0.0423904001652748,0.206454754141067,0.03948668988955,"Human_Breast_He_06222020_ST_BC23288_E1"
"Human_Breast_He_06222020_ST_BC23288_E1_13x24",0.0209628592980982,0.055122618134057,0.414567181980707,0.0251836031286537,0.000911058685070237,0.211105571946913,0.00650191954679225,0.261342652919397,0.00430253436031169,"Human_Breast_He_06222020_ST_BC23288_E1"
"Human_Breast_He_06222020_ST_BC23288_E1_13x21",0.0700238274267561,0.0676525984755577,0.292436529720763,0.0214820791660235,0.0317927042478461,0.173386506565546,0.0525486389143579,0.265812232813532,0.0248648826696175,"Human_Breast_He_06222020_ST_BC23288_E1"
"Human_Breast_He_06222020_ST_BC23288_E1_24x17",0.0130514262200325,0.0472646172876089,0.203816279544088,0.00916190661450807,0.000952268619258609,0.096358512836797,0.0028055553198784,0.623886158411754,0.00270327514607512,"Human_Breast_He_06222020_ST_BC23288_E1"
"Human_Breast_He_06222020_ST_BC23288_E1_8x19",0.0299562121586031,0.0885571299511077,0.25294121026215,0.00612527906332419,0.0175788614070504,0.196125586655812,0.115560520967656,0.243211412042088,0.0499437874922083,"Human_Breast_He_06222020_ST_BC23288_E1"
"Human_Breast_He_06222020_ST_BC23288_E1_3x22",0.0649102353335442,0.0576938864454913,0.292472091529492,0.0344613880099746,0.0488518422983215,0.196686798591795,0.0515905422570755,0.199019120113372,0.0543140954209333,"Human_Breast_He_06222020_ST_BC23288_E1"
"Human_Breast_He_06222020_ST_BC23288_E1_3x21",0.041090766663448,0.0347256389063251,0.36173455000914,0.0718871612974841,0.0276908981646619,0.1477292222272,0.0951460827524283,0.176851108113677,0.0431445718656366,"Human_Breast_He_06222020_ST_BC23288_E1"
"Human_Breast_He_06222020_ST_BC23288_E1_3x20",0.115165246741623,0.0554747327492486,0.198747672715784,0.0878771307270694,0.0285216581100953,0.179597244740558,0.046331243495603,0.231848424680417,0.0564366460396007,"Human_Breast_He_06222020_ST_BC23288_E1"
"Human_Breast_He_06222020_ST_BC23288_E1_11x25",0.0182462141788101,0.126109768160806,0.257955415534663,0.000754058479816367,0.000360506470438534,0.196967194188666,0.00404538877742671,0.390886962432184,0.00467449177719019,"Human_Breast_He_06222020_ST_BC23288_E1"
"Human_Breast_He_06222020_ST_BC23288_E1_11x24",0.103585857205817,0.0988154584678793,0.198037976697656,0.00647918381519954,0.00222073788825312,0.175716618679418,0.0489600165988069,0.341754712161371,0.0244294384855987,"Human_Breast_He_06222020_ST_BC23288_E1"
"Human_Breast_He_06222020_ST_BC23288_E1_11x27",0.0155947518226859,0.0628751677452982,0.289967542605105,0.0486195455007296,0.025601808881564,0.173710589548082,0.0117133139575502,0.296672794530545,0.075244485408439,"Human_Breast_He_06222020_ST_BC23288_E1"
"Human_Breast_He_06222020_ST_BC23288_E1_11x26",0.0433996273328299,0.0454758979957067,0.205260746441577,0.0280354975526784,0.00544670873868366,0.0852099064425306,0.000405837899896135,0.584627586472449,0.00213819112364869,"Human_Breast_He_06222020_ST_BC23288_E1"
"Human_Breast_He_06222020_ST_BC23288_E1_11x21",0.168395476698405,0.0598804722980916,0.213408875104704,0.0427832787221527,0.0394923734318209,0.146159491177306,0.020801815128707,0.285767389962657,0.0233108274761551,"Human_Breast_He_06222020_ST_BC23288_E1"
"Human_Breast_He_06222020_ST_BC23288_E1_11x20",0.0695490236427721,0.058478687303865,0.312026524325096,0.114991351056693,0.0753802067131587,0.100973252081353,0.0839843406165969,0.134410180191874,0.0502064340685907,"Human_Breast_He_06222020_ST_BC23288_E1"
"Human_Breast_He_06222020_ST_BC23288_E1_11x23",0.111158339773895,0.0497840071957571,0.247780386020855,0.0264143843864787,0.0234708043112292,0.186013679758981,0.0818229467111537,0.234358687876267,0.039196763965382,"Human_Breast_He_06222020_ST_BC23288_E1"
"Human_Breast_He_06222020_ST_BC23288_E1_11x22",0.160292517502877,0.0507055541093399,0.315964289216025,0.015603867761941,0.00347739403993106,0.100977128331744,0.0929826049298406,0.249504711686768,0.010491932421534,"Human_Breast_He_06222020_ST_BC23288_E1"
"Human_Breast_He_06222020_ST_BC23288_E1_18x19",0.00967271756891038,0.0511940166919263,0.392648625226801,0.0028456669722685,0.00515033464996126,0.170434593329772,0.0142268077106708,0.340389995673092,0.0134372421765975,"Human_Breast_He_06222020_ST_BC23288_E1"
"Human_Breast_He_06222020_ST_BC23288_E1_18x13",0.011692484095443,0.0330555800348067,0.11147828801744,0.000302069096813928,4.10433995148409e-05,0.104219272284135,0.000754633118735709,0.738089631889679,0.000366998063431237,"Human_Breast_He_06222020_ST_BC23288_E1"
"Human_Breast_He_06222020_ST_BC23288_E1_18x12",0.00348675426021439,0.0437983751265607,0.120652573076486,0.00132890471070919,0.000311205583742616,0.126999622742447,0.00109767012086508,0.701217683279547,0.00110721109942697,"Human_Breast_He_06222020_ST_BC23288_E1"
"Human_Breast_He_06222020_ST_BC23288_E1_18x11",0.00211417635222253,0.036879993529896,0.0710176717993208,4.08071717568366e-05,3.18870760617387e-06,0.0977780759755126,2.3441786970296e-05,0.792085219549002,5.7425127712696e-05,"Human_Breast_He_06222020_ST_BC23288_E1"
"Human_Breast_He_06222020_ST_BC23288_E1_18x10",0.00783438449970386,0.0517844976147265,0.100008770227917,0.00491199432901498,0.000755743130795768,0.143887473112822,0.00116662601782927,0.688893747381416,0.000756763685774993,"Human_Breast_He_06222020_ST_BC23288_E1"
"Human_Breast_He_06222020_ST_BC23288_E1_18x16",0.0359253516957679,0.0479350960692741,0.097809115366911,0.00109669271776914,0.000219818027320478,0.171951112471025,0.00122109588087781,0.641113973248311,0.0027277445227441,"Human_Breast_He_06222020_ST_BC23288_E1"
"Human_Breast_He_06222020_ST_BC23288_E1_18x14",0.0104444016611538,0.0442664055393716,0.110472017116636,0.00130632961545218,0.000296868493660889,0.0896051148453771,0.00253240825405479,0.740562807412144,0.000513647062149705,"Human_Breast_He_06222020_ST_BC23288_E1"
"Human_Breast_He_06222020_ST_BC23288_E1_17x20",0.0813123622049513,0.0972867565396876,0.260607883088553,0.0151491348908016,0.0179588224762543,0.205506932084741,0.0275466896936668,0.275305206519839,0.0193262125015053,"Human_Breast_He_06222020_ST_BC23288_E1"
"Human_Breast_He_06222020_ST_BC23288_E1_25x25",0.00822332570404921,0.0176225078553013,0.319063118471189,0.00102839050531061,0.00115280923293075,0.137089571067382,0.0248823343038917,0.46575403649822,0.0251839063617256,"Human_Breast_He_06222020_ST_BC23288_E1"
"Human_Breast_He_06222020_ST_BC23288_E1_31x22",0.0331827626190896,0.0404814816153881,0.42390546336343,0.0120618043506858,0.00950504619380328,0.170275717645766,0.0524164255276974,0.24602404419198,0.0121472544921599,"Human_Breast_He_06222020_ST_BC23288_E1"
"Human_Breast_He_06222020_ST_BC23288_E1_2x24",0.017735922498012,0.0615922764733748,0.247857956973049,0.00121657285651755,0.0279744124932933,0.339677533189224,0.0520245413206096,0.161777995955139,0.0901427882407805,"Human_Breast_He_06222020_ST_BC23288_E1"
"Human_Breast_He_06222020_ST_BC23288_E1_2x20",0.0876475754520764,0.0610225989834221,0.281008877773623,0.0487912770242252,0.0229704590105116,0.139010097549383,0.0645824693667997,0.242907410576561,0.0520592342633975,"Human_Breast_He_06222020_ST_BC23288_E1"
"Human_Breast_He_06222020_ST_BC23288_E1_2x21",0.01465800062659,0.0486432937165135,0.380129179741816,0.0209189829400185,0.0253580833464489,0.14840436539535,0.0242395270064174,0.291808099599581,0.0458404676272651,"Human_Breast_He_06222020_ST_BC23288_E1"
"Human_Breast_He_06222020_ST_BC23288_E1_2x22",0.0310697360352352,0.051828419337065,0.332394114908035,0.0378603416297199,0.0222536544040313,0.16310126020345,0.0815202621521263,0.214771986405137,0.0652002249251996,"Human_Breast_He_06222020_ST_BC23288_E1"
"Human_Breast_He_06222020_ST_BC23288_E1_2x23",0.0554729914166381,0.0707095635955164,0.19884021303146,0.0573613634312382,0.0388513131420733,0.187387112141621,0.0666529265417715,0.262415118098825,0.0623093986008564,"Human_Breast_He_06222020_ST_BC23288_E1"
"Human_Breast_He_06222020_ST_BC23288_E1_11x16",0.0213971787580144,0.0443503277045576,0.341528863190339,0.000100849722102206,0.00437505447321097,0.156085970700133,0.00750755779201358,0.421441326799307,0.00321287086032215,"Human_Breast_He_06222020_ST_BC23288_E1"
"Human_Breast_He_06222020_ST_BC23288_E1_3x12",0.0149581264954413,0.0811360348754136,0.334417598732252,0.000363916925068978,6.48397632888422e-05,0.232829653655824,0.00241683091116183,0.330397098360768,0.00341590028078195,"Human_Breast_He_06222020_ST_BC23288_E1"
