"","Endothelial","CAFs","PVL","B-cells","T-cells","Myeloid","Normal Epithelial","Plasmablasts","Cancer Epithelial","sid"
"Human_Breast_He_06222020_ST_BC23944_E2_23x20",0.000103826025571125,0.00487253851600102,8.95395286768388e-05,0.00013834413958109,1.37104413136612e-05,0.0324699638266185,0.0963628115048818,0.466954934345244,0.398994331672112,"Human_Breast_He_06222020_ST_BC23944_E2"
"Human_Breast_He_06222020_ST_BC23944_E2_23x21",0.00019649351838751,0.00792568203556186,0.000103537186122955,0.000382967974615673,4.66351835457417e-05,0.00203569925085722,0.0436387993836229,0.52999864433619,0.415671541131097,"Human_Breast_He_06222020_ST_BC23944_E2"
"Human_Breast_He_06222020_ST_BC23944_E2_23x22",3.45926374063575e-05,0.00141988821216676,2.05672734806591e-05,1.76142498883112e-05,2.51482773966731e-06,0.0107782358777112,0.0783151435665906,0.418142413757253,0.491269029597763,"Human_Breast_He_06222020_ST_BC23944_E2"
"Human_Breast_He_06222020_ST_BC23944_E2_23x23",0.000663498508685253,0.0506562397676811,0.000692722004905678,0.000169232765201214,3.4178775576663e-05,0.0140569332959548,0.0290696879153954,0.44012139006394,0.46453611690266,"Human_Breast_He_06222020_ST_BC23944_E2"
"Human_Breast_He_06222020_ST_BC23944_E2_23x24",5.2163977097043e-05,0.00752467407574293,5.71005423015603e-06,3.91064679997154e-06,2.91090894317429e-06,0.00786673624216675,0.054814688562455,0.52485865923892,0.404870546293645,"Human_Breast_He_06222020_ST_BC23944_E2"
"Human_Breast_He_06222020_ST_BC23944_E2_23x25",0.000208981929998529,0.0159628863151931,8.45925723102715e-05,1.80471342404276e-05,5.55174865971357e-06,0.098897856031072,0.0540850520498129,0.533805461029826,0.296931571188888,"Human_Breast_He_06222020_ST_BC23944_E2"
"Human_Breast_He_06222020_ST_BC23944_E2_23x28",0.00224322982373765,0.00370090628473162,0.00072457849649549,0.00420502737156621,7.78476668338872e-05,0.0840685954496778,0.0945719199477368,0.655240725835324,0.155167169123897,"Human_Breast_He_06222020_ST_BC23944_E2"
"Human_Breast_He_06222020_ST_BC23944_E2_24x29",0.000409821236651199,0.0448159687507687,0.000727301947716297,0.00130368216016488,0.00014092039477738,0.0925493829399043,0.0426251987838712,0.442725520570035,0.374702203216111,"Human_Breast_He_06222020_ST_BC23944_E2"
"Human_Breast_He_06222020_ST_BC23944_E2_24x28",0.000107971714423916,0.0233788730271553,0.0063614000073183,1.66048224139328e-05,6.71821610172029e-06,0.0191840330235736,0.0434223779153771,0.521354163201649,0.386167858071987,"Human_Breast_He_06222020_ST_BC23944_E2"
"Human_Breast_He_06222020_ST_BC23944_E2_25x13",8.86133358186052e-05,0.000253031032249142,3.90802633949781e-05,8.61468836916311e-05,9.60983300962034e-06,0.0424340256523093,0.0593849709421994,0.188655155991608,0.709049366065719,"Human_Breast_He_06222020_ST_BC23944_E2"
"Human_Breast_He_06222020_ST_BC23944_E2_11x9",0.000286865295736658,0.0135752658686958,9.22725521416579e-05,1.78994011302316e-05,7.09830642842068e-06,0.137803415300563,0.0464531377723713,0.447799306236797,0.353964739266136,"Human_Breast_He_06222020_ST_BC23944_E2"
"Human_Breast_He_06222020_ST_BC23944_E2_9x9",9.63387254330969e-05,0.000459641174452499,8.98501929136072e-06,3.76988989562518e-05,4.98159316799567e-06,0.0152008182802887,0.0680606763234021,0.610174960147006,0.305955899838002,"Human_Breast_He_06222020_ST_BC23944_E2"
"Human_Breast_He_06222020_ST_BC23944_E2_25x10",0.000867302632913315,0.0102806197985659,0.000762100800602097,0.00248748401444006,0.00070808028509398,0.147608567468665,0.0736765379754906,0.450842987042166,0.312766319982063,"Human_Breast_He_06222020_ST_BC23944_E2"
"Human_Breast_He_06222020_ST_BC23944_E2_25x17",0.00199790849206527,0.000965599278263224,4.61867843823485e-05,0.0192152241813942,0.001613021956311,0.0787491200740082,0.0779020548138522,0.413604837977586,0.405906046442138,"Human_Breast_He_06222020_ST_BC23944_E2"
"Human_Breast_He_06222020_ST_BC23944_E2_18x28",0.00292320090202739,0.031287181939267,0.000826948040894052,5.82074560945057e-05,1.8524718368862e-05,0.0294282657478599,0.0603760315996919,0.492959355775293,0.382122283820504,"Human_Breast_He_06222020_ST_BC23944_E2"
"Human_Breast_He_06222020_ST_BC23944_E2_18x26",9.15566058408218e-05,0.000854346187528408,7.1290940624371e-05,4.1326050197484e-05,1.28422828431063e-05,0.00324346546534407,0.0584910938673097,0.501764299997256,0.435429778603056,"Human_Breast_He_06222020_ST_BC23944_E2"
"Human_Breast_He_06222020_ST_BC23944_E2_18x27",0.000667303228575066,0.00701850435317083,0.000439917152517868,0.000167312989673509,9.67035062385917e-05,0.0299284322484373,0.0277730994900158,0.481764583548255,0.452144143483116,"Human_Breast_He_06222020_ST_BC23944_E2"
"Human_Breast_He_06222020_ST_BC23944_E2_18x24",0.000302739211784988,0.00773008313656476,7.72662355515766e-05,1.25173190894317e-05,5.3513261071419e-06,0.0971729222974222,0.0749409308194553,0.491342379095084,0.32841581055894,"Human_Breast_He_06222020_ST_BC23944_E2"
"Human_Breast_He_06222020_ST_BC23944_E2_18x25",3.37806127122887e-05,0.00308090267174573,2.29558631958776e-05,8.30683334170738e-06,7.69885930946288e-06,0.00316727814476546,0.0611174659725065,0.545726869409066,0.386834741633357,"Human_Breast_He_06222020_ST_BC23944_E2"
"Human_Breast_He_06222020_ST_BC23944_E2_18x22",5.65922518622587e-05,0.0107825930498621,1.30349600051607e-05,1.84043892361471e-05,3.52632259644629e-06,0.0884578801668647,0.101556854302724,0.498331979123762,0.300779135433088,"Human_Breast_He_06222020_ST_BC23944_E2"
"Human_Breast_He_06222020_ST_BC23944_E2_18x23",0.000158065255134342,0.0124659840875201,0.000135177289976288,0.000186157788292594,1.70272901478505e-05,0.0896100969203057,0.0827984682157161,0.608751612687943,0.205877410464964,"Human_Breast_He_06222020_ST_BC23944_E2"
"Human_Breast_He_06222020_ST_BC23944_E2_18x20",0.000861525425171811,0.0130858014521522,0.00185471039401402,4.55706045069811e-05,4.866846186009e-05,0.0353459222022757,0.0606243730008425,0.361326806903668,0.526806621555509,"Human_Breast_He_06222020_ST_BC23944_E2"
"Human_Breast_He_06222020_ST_BC23944_E2_18x21",7.08680851243432e-05,0.00318019068645377,2.64881652787102e-05,1.12131927317187e-06,2.46664274340698e-06,0.00208761879870791,0.107715126554039,0.419700087714207,0.467216032034173,"Human_Breast_He_06222020_ST_BC23944_E2"
"Human_Breast_He_06222020_ST_BC23944_E2_20x27",7.25939468810952e-05,0.000116540603004845,2.0210290768317e-05,1.23908258740342e-05,5.1545049464957e-06,0.00830328266521993,0.0225873240741266,0.402706528645058,0.56617597444412,"Human_Breast_He_06222020_ST_BC23944_E2"
"Human_Breast_He_06222020_ST_BC23944_E2_25x14",4.13007345573739e-05,0.00552891783684866,0.000517967943633769,2.26199482194954e-05,6.33194623325218e-06,0.0414494580708783,0.113681457538989,0.427252245890528,0.411499700090112,"Human_Breast_He_06222020_ST_BC23944_E2"
"Human_Breast_He_06222020_ST_BC23944_E2_25x18",0.00155678205118035,0.00342259918288218,0.00270635488757361,0.00151203835670998,0.000123487982749498,0.115420353007042,0.0512594602627552,0.517926138953976,0.306072785315132,"Human_Breast_He_06222020_ST_BC23944_E2"
"Human_Breast_He_06222020_ST_BC23944_E2_23x27",6.262765995591e-05,0.00930770497335537,4.86377158378915e-05,0.00881474377172478,0.000237088979030786,0.00427378743645246,0.0414863123449824,0.433493607550556,0.502275489568104,"Human_Breast_He_06222020_ST_BC23944_E2"
"Human_Breast_He_06222020_ST_BC23944_E2_22x13",3.71046479207321e-05,0.00542587151994605,9.0815962490104e-06,3.59291831549135e-05,1.30219006811246e-05,0.129287323753656,0.127757973147049,0.409474018167445,0.327959676083897,"Human_Breast_He_06222020_ST_BC23944_E2"
"Human_Breast_He_06222020_ST_BC23944_E2_8x17",0.00017919502123417,0.00188394825774254,0.000118421810667176,0.00099682098625719,0.000178064416933255,0.0631927405409693,0.102342807155424,0.242245455334803,0.58886254647597,"Human_Breast_He_06222020_ST_BC23944_E2"
"Human_Breast_He_06222020_ST_BC23944_E2_26x18",0.0003384351429206,0.00758794586533726,0.000193237265650691,0.00017638713948207,3.95885267217595e-05,0.00845168794602994,0.0899079226269882,0.369342102760571,0.523962692726298,"Human_Breast_He_06222020_ST_BC23944_E2"
"Human_Breast_He_06222020_ST_BC23944_E2_24x18",0.00065206214699575,0.0502050533428838,0.000346945101284077,0.000479567134145792,0.000133488501345395,0.053285692130429,0.118641799597377,0.348378697094117,0.427876694951422,"Human_Breast_He_06222020_ST_BC23944_E2"
"Human_Breast_He_06222020_ST_BC23944_E2_8x20",0.00273460510850689,0.0193763346792579,0.00269542073920157,0.00120546109212354,0.000181502359311409,0.0770700922751918,0.0328039989810307,0.487976135603436,0.37595644916194,"Human_Breast_He_06222020_ST_BC23944_E2"
"Human_Breast_He_06222020_ST_BC23944_E2_8x21",0.000571774751677795,0.00296024846869836,5.50645920388407e-05,0.000164165256260275,0.000115889877820556,0.0215382853704266,0.0578597042496804,0.325146065646353,0.591588801787044,"Human_Breast_He_06222020_ST_BC23944_E2"
"Human_Breast_He_06222020_ST_BC23944_E2_8x26",0.000744138273748914,0.031676639493606,0.000339101146934872,0.00252191299960855,0.00087416452877778,0.082809138286983,0.125775841028812,0.189502221368481,0.565756842873048,"Human_Breast_He_06222020_ST_BC23944_E2"
"Human_Breast_He_06222020_ST_BC23944_E2_8x25",0.00263655108290669,0.0255604638757845,0.000802113274513036,0.000743159890567991,0.00016710822943944,0.0609739370109217,0.0288593388575036,0.307691322051559,0.572566005726804,"Human_Breast_He_06222020_ST_BC23944_E2"
"Human_Breast_He_06222020_ST_BC23944_E2_8x15",0.00082717209676184,0.0267505297667023,0.000367225381114695,4.57686066169147e-05,1.82915492936746e-05,0.0106388557219151,0.0745064167755374,0.579541204261177,0.307304535840881,"Human_Breast_He_06222020_ST_BC23944_E2"
"Human_Breast_He_06222020_ST_BC23944_E2_20x17",7.54096251279506e-06,1.36612875332292e-05,2.57218380564888e-07,2.82148826550506e-05,4.73157917505464e-06,0.0224361225871142,0.0470447493105829,0.430055361170925,0.500409361001121,"Human_Breast_He_06222020_ST_BC23944_E2"
"Human_Breast_He_06222020_ST_BC23944_E2_8x12",9.55727667930109e-05,0.00195933320977102,2.44332957070063e-05,2.70678831332577e-05,5.14639963222304e-06,0.0771603660612374,0.0780759800075871,0.499686361741265,0.342965738634874,"Human_Breast_He_06222020_ST_BC23944_E2"
"Human_Breast_He_06222020_ST_BC23944_E2_22x15",0.000112123749692014,0.000803549203821503,5.43295480665317e-05,2.53067253435153e-07,8.83757260562851e-07,0.0926456223342385,0.0557951517603784,0.284774591045504,0.565813495533785,"Human_Breast_He_06222020_ST_BC23944_E2"
"Human_Breast_He_06222020_ST_BC23944_E2_8x11",0.00013220602466255,0.00101110113624988,4.52318252307715e-05,0.000614721637783308,4.03252342657802e-05,0.0823127314095066,0.084230908293595,0.528644064240434,0.302968710198273,"Human_Breast_He_06222020_ST_BC23944_E2"
"Human_Breast_He_06222020_ST_BC23944_E2_23x19",0.00051264086882501,0.00273572021095592,0.000203344215952627,1.63502455923236e-05,4.19237182315961e-06,0.0511090460928857,0.0814181002133322,0.430025077139994,0.433975528640639,"Human_Breast_He_06222020_ST_BC23944_E2"
"Human_Breast_He_06222020_ST_BC23944_E2_23x18",0.000194444299503327,0.000499686088817016,6.37343915895242e-06,0.000491011555582903,0.000108970836819254,0.00722527388621016,0.149198835840554,0.280347614903497,0.561927789149857,"Human_Breast_He_06222020_ST_BC23944_E2"
"Human_Breast_He_06222020_ST_BC23944_E2_23x11",0.000607366021033842,0.0039785876399037,0.000365783249409971,0.00349122696758464,0.00234276122407414,0.0697579005349021,0.100999700152953,0.544707751871724,0.273748922338415,"Human_Breast_He_06222020_ST_BC23944_E2"
"Human_Breast_He_06222020_ST_BC23944_E2_23x10",0.000160807066641151,0.0011821699627285,0.000114476754697109,9.69586235902893e-05,1.27338672533419e-05,0.0902173104288176,0.0463574473623276,0.485086482200385,0.376771613733559,"Human_Breast_He_06222020_ST_BC23944_E2"
"Human_Breast_He_06222020_ST_BC23944_E2_23x13",0.000547028475359593,0.0215128019258286,0.000141008500176639,0.000987821005004473,0.000223059111811535,0.0564175666034292,0.0278034744153296,0.539489139175442,0.352878100787618,"Human_Breast_He_06222020_ST_BC23944_E2"
"Human_Breast_He_06222020_ST_BC23944_E2_23x12",0.000190505212537228,0.0108944397554398,0.000116902641776974,0.000169802005961354,3.67028219214938e-05,0.162217155506559,0.0415447148863065,0.506207655640141,0.278622121529357,"Human_Breast_He_06222020_ST_BC23944_E2"
"Human_Breast_He_06222020_ST_BC23944_E2_23x15",0.000248730697626689,0.000393917016127918,1.4527716478326e-05,3.30605532694415e-05,2.07143369241548e-05,0.0347608726467897,0.106949548715961,0.388800987981853,0.46877764033497,"Human_Breast_He_06222020_ST_BC23944_E2"
"Human_Breast_He_06222020_ST_BC23944_E2_23x14",0.000781274342424475,0.000233499085087484,8.51893646564202e-05,0.00294204340336749,0.000187840767831491,0.0365178862809244,0.119489654560272,0.428405160564429,0.411357451631007,"Human_Breast_He_06222020_ST_BC23944_E2"
"Human_Breast_He_06222020_ST_BC23944_E2_23x17",1.57210466858896e-05,0.00138491753430806,4.47418810177316e-06,2.77304748110857e-07,3.97278224312702e-07,0.0280324458328634,0.161222929458074,0.309853967321685,0.49948487003531,"Human_Breast_He_06222020_ST_BC23944_E2"
"Human_Breast_He_06222020_ST_BC23944_E2_23x16",0.000800274943797151,0.0120304027279559,0.00123358737707091,0.000278288684318541,2.24119232782646e-05,0.0592143844243189,0.0514923155728109,0.582176890827608,0.292751443518842,"Human_Breast_He_06222020_ST_BC23944_E2"
"Human_Breast_He_06222020_ST_BC23944_E2_11x14",0.000539118355271615,0.00266364617303234,0.000177054382110583,2.92834652788749e-05,5.15526473394134e-06,0.086778027210299,0.0606207880119301,0.541393741024051,0.307793186113293,"Human_Breast_He_06222020_ST_BC23944_E2"
"Human_Breast_He_06222020_ST_BC23944_E2_8x23",0.000452727501750818,0.0227235556505951,0.000892614344044149,8.20101077942853e-05,4.18568878462611e-05,0.0250458001471218,0.0570830710941171,0.657856765338955,0.235821598927775,"Human_Breast_He_06222020_ST_BC23944_E2"
"Human_Breast_He_06222020_ST_BC23944_E2_11x17",8.70067813189981e-05,0.00406167708538312,4.56546917339772e-05,7.40275999048755e-05,2.58591598746742e-05,0.0221214481640785,0.142912205456547,0.299441600046757,0.531230521014402,"Human_Breast_He_06222020_ST_BC23944_E2"
"Human_Breast_He_06222020_ST_BC23944_E2_8x27",0.000604279756223211,0.0388441743543568,0.00217283999838781,2.80577435924245e-05,4.14378224982586e-05,0.110621996080323,0.100339574577933,0.30755096756827,0.439796672098415,"Human_Breast_He_06222020_ST_BC23944_E2"
"Human_Breast_He_06222020_ST_BC23944_E2_11x12",0.000255639797556943,0.0120526689669488,0.000762165586270249,0.000144687536531651,3.66569110014929e-05,0.0456453481507928,0.0918677351831691,0.470527709104346,0.378707388763383,"Human_Breast_He_06222020_ST_BC23944_E2"
"Human_Breast_He_06222020_ST_BC23944_E2_11x13",0.00188557206424704,0.0477625440409076,0.000628672221340303,0.000116561960443953,7.28559491233851e-05,0.168905566990745,0.0468051311584188,0.468872843991034,0.26495025162374,"Human_Breast_He_06222020_ST_BC23944_E2"
"Human_Breast_He_06222020_ST_BC23944_E2_8x28",0.000603927452765912,0.0146486416492542,0.000282096350998851,6.46084013544296e-05,3.06553386102146e-05,0.034193975649869,0.0735779018233851,0.499959622349062,0.3766385709847,"Human_Breast_He_06222020_ST_BC23944_E2"
"Human_Breast_He_06222020_ST_BC23944_E2_11x18",0.00027051446154247,0.00357822359253203,0.00030179069755673,0.000290745492656119,6.04331435024031e-05,0.0730108927789867,0.093223257733665,0.398122838741328,0.43114130335823,"Human_Breast_He_06222020_ST_BC23944_E2"
"Human_Breast_He_06222020_ST_BC23944_E2_11x19",0.000182750180593217,0.00491890102264528,0.000102980245436995,2.75567641045179e-05,1.06766657346551e-05,0.0803435912898752,0.0608116689526381,0.493847207223494,0.359754667655478,"Human_Breast_He_06222020_ST_BC23944_E2"
"Human_Breast_He_06222020_ST_BC23944_E2_17x18",0.00010013141179783,0.00144890654482348,5.62991190770894e-05,9.34959977444004e-05,6.0475255558602e-05,0.0328342770608244,0.0364581374234619,0.517007874103879,0.411940403082833,"Human_Breast_He_06222020_ST_BC23944_E2"
"Human_Breast_He_06222020_ST_BC23944_E2_17x13",0.001326226225851,0.0124984848685246,0.00206636888208542,3.10707573503694e-05,2.53388545281053e-05,0.100515678048797,0.0356813480588521,0.453784753884034,0.394070730419977,"Human_Breast_He_06222020_ST_BC23944_E2"
"Human_Breast_He_06222020_ST_BC23944_E2_17x11",0.00224747227116931,0.0401819290162917,0.000984699223400951,0.00148553880846438,0.000169270089971303,0.115887019044495,0.0664092578650754,0.414099438044589,0.358535375636542,"Human_Breast_He_06222020_ST_BC23944_E2"
"Human_Breast_He_06222020_ST_BC23944_E2_17x16",0.000592282558390424,0.0558857606452319,0.000153093870600135,0.000556148982931831,5.84724053097636e-05,0.138057817175177,0.0625475867676102,0.330931279819553,0.411217557775195,"Human_Breast_He_06222020_ST_BC23944_E2"
"Human_Breast_He_06222020_ST_BC23944_E2_17x17",0.0022242175970126,0.0096033488912132,0.00305173451153025,2.17051115825688e-05,2.54074499498108e-06,0.0661650436632453,0.0363405009691729,0.553097899117624,0.329493009393624,"Human_Breast_He_06222020_ST_BC23944_E2"
"Human_Breast_He_06222020_ST_BC23944_E2_17x14",0.00010145922047826,0.00727542381580575,0.000320639597619163,1.50026199618483e-05,2.81841856504589e-05,0.0771084862779965,0.0674232335163712,0.42639306132997,0.421334509436147,"Human_Breast_He_06222020_ST_BC23944_E2"
"Human_Breast_He_06222020_ST_BC23944_E2_26x19",0.000965607383723339,0.00412298245276465,2.39497291290374e-05,0.000337869825254025,0.000209597259575766,0.0278641087749333,0.110548191326588,0.552978408507575,0.302949284740457,"Human_Breast_He_06222020_ST_BC23944_E2"
"Human_Breast_He_06222020_ST_BC23944_E2_26x16",0.000307455890815289,0.00297672629743359,7.07912614779512e-05,1.57652088691884e-05,3.06942979927148e-06,0.0128544966274526,0.0382091585646535,0.377428431903149,0.56813410481635,"Human_Breast_He_06222020_ST_BC23944_E2"
"Human_Breast_He_06222020_ST_BC23944_E2_26x17",0.000156396601628943,0.0139473424378456,0.000132763516671726,6.07433648590513e-05,2.15697174053184e-05,0.0113865040789745,0.10840156365914,0.270662262186175,0.5952308544373,"Human_Breast_He_06222020_ST_BC23944_E2"
"Human_Breast_He_06222020_ST_BC23944_E2_26x14",0.000172191168630844,0.00180119979635578,3.60418418822653e-05,1.64694776554348e-05,2.58010853508079e-05,0.0541032919997546,0.151717539120583,0.179267526040547,0.61285993946924,"Human_Breast_He_06222020_ST_BC23944_E2"
"Human_Breast_He_06222020_ST_BC23944_E2_26x15",0.000492803753038793,0.00197856032782371,0.000119987394344661,0.00100972380843695,0.000169099234457354,0.0265133583372257,0.10568143931735,0.258818797160636,0.605216230666687,"Human_Breast_He_06222020_ST_BC23944_E2"
"Human_Breast_He_06222020_ST_BC23944_E2_26x12",0.000900264625408872,0.00410153447513151,6.55274013219859e-05,0.000168773925219063,0.000150358975070242,0.0968973999340653,0.126940573074479,0.25655755147636,0.514218016112944,"Human_Breast_He_06222020_ST_BC23944_E2"
"Human_Breast_He_06222020_ST_BC23944_E2_26x13",0.000227356194750696,0.000574923692894414,6.22949512029522e-05,4.98812768768972e-06,3.30958375174845e-05,0.00403875973845685,0.134040218410621,0.172300063439088,0.688718299607781,"Human_Breast_He_06222020_ST_BC23944_E2"
"Human_Breast_He_06222020_ST_BC23944_E2_17x19",0.000274993983201814,0.00047628474802131,0.000102225538064602,0.000410466018686472,9.7507621780758e-05,0.0312023642132851,0.049473799585911,0.470913963680109,0.44704839461094,"Human_Breast_He_06222020_ST_BC23944_E2"
"Human_Breast_He_06222020_ST_BC23944_E2_10x26",0.00185718273555646,0.0053854461240452,0.000517942489070971,0.000365689947088116,2.96900366992801e-05,0.00698508339569547,0.0921363983760002,0.465130832436726,0.427591734459118,"Human_Breast_He_06222020_ST_BC23944_E2"
"Human_Breast_He_06222020_ST_BC23944_E2_10x27",0.00027166016380582,0.0049993203801889,4.70631380503873e-05,2.26007143690864e-05,3.65541153490533e-05,0.0161093208579782,0.0111709256052646,0.528521842797046,0.438820712227948,"Human_Breast_He_06222020_ST_BC23944_E2"
"Human_Breast_He_06222020_ST_BC23944_E2_10x24",0.000319491446620245,0.00683545072568419,8.34681924686624e-05,0.00048298153243747,8.84441527453327e-05,0.03451730257298,0.0682260668607953,0.408448856719901,0.480997937796368,"Human_Breast_He_06222020_ST_BC23944_E2"
"Human_Breast_He_06222020_ST_BC23944_E2_10x25",0.000163745743950133,0.00387958266531171,1.6716021429495e-05,0.000335016448490254,0.000435397467932293,0.0199441276859973,0.229236895636139,0.206123397242979,0.539865121087771,"Human_Breast_He_06222020_ST_BC23944_E2"
"Human_Breast_He_06222020_ST_BC23944_E2_10x22",0.000479700778515334,0.0123378874398481,0.000285656849716719,0.000714264095921515,0.000198230384012574,0.0730380070425153,0.0347198740239009,0.221726592635837,0.656499786749733,"Human_Breast_He_06222020_ST_BC23944_E2"
"Human_Breast_He_06222020_ST_BC23944_E2_10x23",0.000283128763757737,0.00792979070047206,9.84556220532459e-05,9.10880617964203e-06,9.89493919741311e-06,0.039194926991121,0.118808345202399,0.244141637657645,0.589524711317174,"Human_Breast_He_06222020_ST_BC23944_E2"
"Human_Breast_He_06222020_ST_BC23944_E2_10x20",0.000585863381135531,0.00601567490320666,0.000205860736938069,3.47119743241739e-05,2.52289605057781e-05,0.0406546143361871,0.104890788210612,0.413492586372571,0.43409467112452,"Human_Breast_He_06222020_ST_BC23944_E2"
"Human_Breast_He_06222020_ST_BC23944_E2_10x21",0.000119185226018633,0.0047065649211346,0.000139398572387181,0.0002367962747829,7.02872532678969e-05,0.0258330720458598,0.118948797635328,0.338348167942709,0.511597730128512,"Human_Breast_He_06222020_ST_BC23944_E2"
"Human_Breast_He_06222020_ST_BC23944_E2_26x11",0.00560696532456349,0.0196478538182235,0.00226272458036675,0.0317524225188053,0.00995720293440959,0.220743311902176,0.0446258739217488,0.274620678206072,0.390782966793635,"Human_Breast_He_06222020_ST_BC23944_E2"
"Human_Breast_He_06222020_ST_BC23944_E2_10x28",0.00056842746267125,0.0186832167868886,0.000294941983980036,0.00244786525232953,0.000236409477206431,0.00541443518204799,0.120620027281566,0.37263342401993,0.47910125255338,"Human_Breast_He_06222020_ST_BC23944_E2"
"Human_Breast_He_06222020_ST_BC23944_E2_7x16",0.000377497975276199,0.0191861019616095,0.00260854808314979,6.14075636625639e-05,3.7259519146115e-06,0.0463247745524127,0.0484714105776467,0.672364285049183,0.210602248285145,"Human_Breast_He_06222020_ST_BC23944_E2"
"Human_Breast_He_06222020_ST_BC23944_E2_7x17",0.00450517401815727,0.0196827016291833,0.0017517942564595,0.00247442424510288,0.000424397363665376,0.126113421171997,0.08827503047294,0.350192634341946,0.406580422500548,"Human_Breast_He_06222020_ST_BC23944_E2"
"Human_Breast_He_06222020_ST_BC23944_E2_7x14",0.000152391132161603,0.00467335705307325,7.1992987703192e-05,2.54351768951533e-05,7.04475553353078e-06,0.0597857852513328,0.0492563554886446,0.468280486992028,0.417747151162628,"Human_Breast_He_06222020_ST_BC23944_E2"
"Human_Breast_He_06222020_ST_BC23944_E2_7x15",0.00152415441147657,0.0183478590230312,0.000593863786559261,0.000945431043320529,4.42351072087406e-05,0.0723158485550672,0.10407332464321,0.543140443099813,0.259014840330313,"Human_Breast_He_06222020_ST_BC23944_E2"
"Human_Breast_He_06222020_ST_BC23944_E2_7x12",3.75278842681851e-05,0.000160010862676186,8.45218060170368e-06,8.52971710590871e-06,1.61660556458796e-06,0.0391282291456817,0.0817983674336951,0.496166278781354,0.382690987389053,"Human_Breast_He_06222020_ST_BC23944_E2"
"Human_Breast_He_06222020_ST_BC23944_E2_7x13",4.63655257031162e-05,0.00157091357604184,2.91160490703733e-05,1.81714315065824e-05,1.27741070365735e-06,0.0477249794380464,0.0410097339847254,0.498038982880673,0.411560459703529,"Human_Breast_He_06222020_ST_BC23944_E2"
"Human_Breast_He_06222020_ST_BC23944_E2_7x11",0.000149621902232732,0.00556635041041376,0.000810995380961132,5.88610633476625e-05,8.23817107028581e-06,0.0479692752192594,0.0621146958193805,0.545326512230135,0.3379954498032,"Human_Breast_He_06222020_ST_BC23944_E2"
"Human_Breast_He_06222020_ST_BC23944_E2_7x18",0.00143202994634102,0.0055501541604478,0.00110720862919924,0.00160400800780725,0.00183322633171423,0.0542861880811466,0.0446469188400254,0.31437105364082,0.575169212362498,"Human_Breast_He_06222020_ST_BC23944_E2"
"Human_Breast_He_06222020_ST_BC23944_E2_7x19",0.00210740432896363,0.00361848899540943,0.000839309351806514,0.00144598003489032,0.000340890108346492,0.0193299260218287,0.078866127456927,0.343953582335784,0.549498291366044,"Human_Breast_He_06222020_ST_BC23944_E2"
"Human_Breast_He_06222020_ST_BC23944_E2_13x23",0.000179560509990042,0.00382979820348411,0.000113449683104246,0.000426948933622029,5.8701943312443e-05,0.0449403155906782,0.0913287233785701,0.54051293757997,0.318609564177269,"Human_Breast_He_06222020_ST_BC23944_E2"
"Human_Breast_He_06222020_ST_BC23944_E2_21x17",0.000120561042034733,0.00116521363304333,2.08983627988062e-05,7.60801747691116e-06,2.24606851481459e-06,0.0237214345684256,0.110083945301614,0.505493828148056,0.359384264858035,"Human_Breast_He_06222020_ST_BC23944_E2"
"Human_Breast_He_06222020_ST_BC23944_E2_21x16",0.000342795759116185,0.00912146659270176,0.00150225364926353,0.000120491767890521,3.01973523045949e-05,0.0851052430430698,0.0138273548003143,0.586599186726182,0.303351010309157,"Human_Breast_He_06222020_ST_BC23944_E2"
"Human_Breast_He_06222020_ST_BC23944_E2_21x15",0.00062073684012391,0.0339435517783083,0.00403810501190603,0.00210455050883553,0.000745019341414201,0.111965172038034,0.0291478707150932,0.469397573739264,0.348037420027021,"Human_Breast_He_06222020_ST_BC23944_E2"
"Human_Breast_He_06222020_ST_BC23944_E2_21x14",0.000445087094744297,0.00839561909649895,0.000442384033099743,0.00416435546324885,0.00025808705666237,0.0620423752407829,0.0349783643288601,0.486463163028778,0.402810564657324,"Human_Breast_He_06222020_ST_BC23944_E2"
"Human_Breast_He_06222020_ST_BC23944_E2_21x13",0.000281542604124692,0.00349517611847554,5.42178773859734e-05,0.000401122911235294,4.40402427810917e-05,0.113556306312887,0.0419189482496122,0.582171719277662,0.258076926405837,"Human_Breast_He_06222020_ST_BC23944_E2"
"Human_Breast_He_06222020_ST_BC23944_E2_21x11",0.000407278296423349,0.0169006911227576,0.0019585940530166,5.26066662177181e-05,5.04698296501846e-05,0.140175462040373,0.0469835578701969,0.450890725752149,0.342580614369215,"Human_Breast_He_06222020_ST_BC23944_E2"
"Human_Breast_He_06222020_ST_BC23944_E2_21x10",0.000147385080877898,0.020208451287064,4.79152685474953e-05,0.000229317827458877,3.92368929161281e-05,0.0936867874966861,0.0405004958657519,0.499543695603174,0.345596714677523,"Human_Breast_He_06222020_ST_BC23944_E2"
"Human_Breast_He_06222020_ST_BC23944_E2_21x19",0.000489792569699479,0.00824013777656859,0.000146794120941598,0.000587713829238592,1.97129853711308e-05,0.0444017072184207,0.0913611252957399,0.41509676811729,0.43965624808673,"Human_Breast_He_06222020_ST_BC23944_E2"
"Human_Breast_He_06222020_ST_BC23944_E2_21x18",3.50666988828222e-05,0.00718268776619476,0.000177720383337172,2.83657509127099e-05,1.70087062220594e-06,0.114589523323419,0.129451908986221,0.415739039611301,0.332793986609109,"Human_Breast_He_06222020_ST_BC23944_E2"
"Human_Breast_He_06222020_ST_BC23944_E2_6x21",0.00911068478444545,0.0672896199639699,0.00147023397580556,9.58977468014466e-05,1.89362973244646e-05,0.194640826452603,0.068778664406217,0.295092814666721,0.363502321706112,"Human_Breast_He_06222020_ST_BC23944_E2"
"Human_Breast_He_06222020_ST_BC23944_E2_9x25",0.000127978113613404,0.00190606692120406,9.30254175149574e-05,0.000189716903001585,6.24036460644072e-05,0.0112798509778847,0.0812096541297676,0.396076258124839,0.50905504576611,"Human_Breast_He_06222020_ST_BC23944_E2"
"Human_Breast_He_06222020_ST_BC23944_E2_9x24",0.000175250306975766,0.00890781920540572,7.60978680887266e-05,1.37285384884087e-05,1.58154861394818e-05,0.0443671374819714,0.0581380204826117,0.439353448380285,0.448952682250034,"Human_Breast_He_06222020_ST_BC23944_E2"
"Human_Breast_He_06222020_ST_BC23944_E2_9x26",0.00151397988941908,0.0272013779159051,0.00129675647382067,0.00986649492652299,0.000644400447231336,0.0398783555152256,0.039771505417954,0.402848904811851,0.47697822460207,"Human_Breast_He_06222020_ST_BC23944_E2"
"Human_Breast_He_06222020_ST_BC23944_E2_9x21",5.21957107098262e-05,0.00514114386227541,4.96730055426549e-05,1.80947262145581e-05,4.80350523500162e-06,0.0172098210315575,0.0916204516893251,0.406656216457262,0.479247600011878,"Human_Breast_He_06222020_ST_BC23944_E2"
"Human_Breast_He_06222020_ST_BC23944_E2_9x20",0.000179821186148248,0.00334154571446614,8.75979722119605e-05,0.000276700106467629,6.14887077784776e-05,0.0214252557545651,0.106353503835128,0.377099783998646,0.491174302724589,"Human_Breast_He_06222020_ST_BC23944_E2"
"Human_Breast_He_06222020_ST_BC23944_E2_9x23",0.000164600271480984,0.000560536745298285,1.61530217959518e-05,0.00587928047595707,0.000233868380850053,0.0307885086573288,0.109898278573358,0.312161698075033,0.540297075798897,"Human_Breast_He_06222020_ST_BC23944_E2"
"Human_Breast_He_06222020_ST_BC23944_E2_9x22",0.000769679864765194,0.0348231839414751,0.00028256271960802,4.79419067186053e-05,1.3003100135366e-05,0.050849098260088,0.142778305720269,0.286404386965197,0.484031837521744,"Human_Breast_He_06222020_ST_BC23944_E2"
"Human_Breast_He_06222020_ST_BC23944_E2_12x24",0.000109562846521718,0.00367921898411453,2.4138599410373e-05,2.36829291913949e-06,2.11987209536702e-06,0.000723860717643059,0.0773286325262233,0.368120698675931,0.550009399485141,"Human_Breast_He_06222020_ST_BC23944_E2"
"Human_Breast_He_06222020_ST_BC23944_E2_12x25",0.000175831518650464,0.00178907983136373,3.10714801167945e-05,2.87159337804147e-05,5.60897520567055e-06,0.0188953591262324,0.1303846867262,0.36201573718945,0.486673909219001,"Human_Breast_He_06222020_ST_BC23944_E2"
"Human_Breast_He_06222020_ST_BC23944_E2_12x26",0.000468929699634118,0.00372767772094133,0.000266873069308687,5.92125576008243e-05,1.33456192575955e-05,0.0223913380659525,0.0373721635125336,0.348927284083577,0.586773175671194,"Human_Breast_He_06222020_ST_BC23944_E2"
"Human_Breast_He_06222020_ST_BC23944_E2_12x27",0.000868483295470509,0.0299859522780128,0.000350458635539782,2.85746005891279e-05,3.34017757747896e-05,0.02736736988636,0.0408533501986331,0.382698140331525,0.517814268998095,"Human_Breast_He_06222020_ST_BC23944_E2"
"Human_Breast_He_06222020_ST_BC23944_E2_12x21",5.73245311828268e-05,0.0011184704627052,1.78780120819557e-05,5.23780919727055e-06,1.88580576309662e-06,0.0321704392014794,0.0845943848425091,0.486935108612251,0.39509927072283,"Human_Breast_He_06222020_ST_BC23944_E2"
"Human_Breast_He_06222020_ST_BC23944_E2_13x25",0.000348079879497565,0.0028218721849361,5.1339224026202e-05,2.05392559922181e-05,1.47056547692476e-05,0.0371155671066312,0.0887950002828948,0.420905040738778,0.449927855672475,"Human_Breast_He_06222020_ST_BC23944_E2"
"Human_Breast_He_06222020_ST_BC23944_E2_13x24",0.000414275831606641,0.00651801397384488,0.000266989228178949,0.002013354760321,0.000120371642015313,0.0994284633953027,0.0795110873121061,0.558760460311207,0.252966983545417,"Human_Breast_He_06222020_ST_BC23944_E2"
"Human_Breast_He_06222020_ST_BC23944_E2_13x21",0.000206379593317854,0.0019838714369134,0.000211491110140057,2.19991995879213e-05,3.78359249071009e-06,0.00924609695879986,0.0393614772065943,0.552755200452883,0.396209700449273,"Human_Breast_He_06222020_ST_BC23944_E2"
"Human_Breast_He_06222020_ST_BC23944_E2_11x28",0.00186162408660829,0.0355354715831687,0.0010457319130256,0.00192070758756758,0.000834518970544226,0.0274137976097286,0.0591631664566057,0.52201534110506,0.350209640687692,"Human_Breast_He_06222020_ST_BC23944_E2"
"Human_Breast_He_06222020_ST_BC23944_E2_11x25",6.15809612637946e-05,0.0020072063592659,2.89053196857118e-06,2.00103742591735e-05,9.59268747075055e-06,0.00623904692888748,0.12231135060048,0.349310961302271,0.520037360254134,"Human_Breast_He_06222020_ST_BC23944_E2"
"Human_Breast_He_06222020_ST_BC23944_E2_11x24",0.000485108275285677,0.00776177203153712,0.000513645959359692,2.43305299218609e-05,1.74958934417009e-05,0.011707936761899,0.0417215654015284,0.437174343730877,0.50059380141615,"Human_Breast_He_06222020_ST_BC23944_E2"
"Human_Breast_He_06222020_ST_BC23944_E2_11x27",0.000957182243685587,0.00296863345993166,3.6209129585297e-05,2.2352947603921e-06,1.93796818487352e-06,0.0646085178815761,0.0250135395761288,0.400452109805747,0.5059596346404,"Human_Breast_He_06222020_ST_BC23944_E2"
"Human_Breast_He_06222020_ST_BC23944_E2_11x21",6.66022100125098e-05,0.00244056998927424,3.44609140586825e-05,1.52449610846739e-05,6.53873754833237e-06,0.0130028361025159,0.076560797342153,0.573992776770965,0.333880172972387,"Human_Breast_He_06222020_ST_BC23944_E2"
"Human_Breast_He_06222020_ST_BC23944_E2_11x20",9.61570863974434e-05,0.00324556075579353,6.6067491337774e-05,0.000292805735429825,2.57677463775441e-05,0.0206717652411394,0.124728471659057,0.417270792184033,0.433602612100434,"Human_Breast_He_06222020_ST_BC23944_E2"
"Human_Breast_He_06222020_ST_BC23944_E2_11x23",0.000902453592942953,0.00790088296998815,0.00023755315692034,0.000127809042391153,3.46120089790086e-05,0.0103262999851437,0.0745438765303697,0.464304952080391,0.441621560632874,"Human_Breast_He_06222020_ST_BC23944_E2"
"Human_Breast_He_06222020_ST_BC23944_E2_11x22",0.00279417085846598,0.00757398192343585,0.00060195119147001,0.000260117687781559,0.00010021468732648,0.155982472631524,0.197406934380414,0.259398432509007,0.375881724130575,"Human_Breast_He_06222020_ST_BC23944_E2"
"Human_Breast_He_06222020_ST_BC23944_E2_13x27",0.000109216854895108,0.0187005361154688,7.48413083014225e-05,7.58785748289805e-05,2.49726192315565e-05,0.059402757701654,0.0436667315398878,0.512285210680127,0.365659854605606,"Human_Breast_He_06222020_ST_BC23944_E2"
"Human_Breast_He_06222020_ST_BC23944_E2_25x16",4.65840717264179e-05,0.000604256028381279,6.65948425877692e-06,1.05374353896207e-05,2.94366084345946e-06,0.0410091725765341,0.16455696001786,0.439735833298789,0.354027053426218,"Human_Breast_He_06222020_ST_BC23944_E2"
"Human_Breast_He_06222020_ST_BC23944_E2_18x19",0.000120936799883946,0.000184008872550883,3.69846774148433e-05,0.00531441619268237,6.89034633797582e-05,0.0158120435535951,0.167897969683636,0.351463511503317,0.459101225253541,"Human_Breast_He_06222020_ST_BC23944_E2"
"Human_Breast_He_06222020_ST_BC23944_E2_21x12",9.04952781155796e-05,0.000383571088999878,0.000134400988484781,0.000609929858266591,5.49539340242463e-05,0.0584890846848009,0.0193055248579186,0.605928547396724,0.315003491912666,"Human_Breast_He_06222020_ST_BC23944_E2"
"Human_Breast_He_06222020_ST_BC23944_E2_25x27",0.000228655055681481,0.048340695789204,0.000320162433550865,1.19174730963291e-05,4.29329085679286e-06,0.0777570692283134,0.0885074072727887,0.424990489124386,0.359839310332122,"Human_Breast_He_06222020_ST_BC23944_E2"
"Human_Breast_He_06222020_ST_BC23944_E2_17x25",6.82541955531677e-05,0.00111741912178797,5.4328800759278e-05,7.17476684038061e-06,3.35495356527616e-06,0.0096410871868778,0.0369074668907297,0.52255343468377,0.429647479400117,"Human_Breast_He_06222020_ST_BC23944_E2"
"Human_Breast_He_06222020_ST_BC23944_E2_25x25",0.000113935537845399,0.00269105740867739,2.00680138126813e-05,0.000268692660817419,1.22305891571576e-05,0.00426311414417131,0.0668992378452012,0.435409696773594,0.490321967026724,"Human_Breast_He_06222020_ST_BC23944_E2"
"Human_Breast_He_06222020_ST_BC23944_E2_6x15",0.000813845148679341,0.0185107424919585,0.000230631607634927,0.000186339113349277,7.4140742742259e-05,0.0892135802280142,0.108101996590434,0.533828589543562,0.249040134533626,"Human_Breast_He_06222020_ST_BC23944_E2"
"Human_Breast_He_06222020_ST_BC23944_E2_17x24",0.000169947752222464,0.00213512486536781,3.9447450866462e-05,2.83177098340757e-06,8.38899442030643e-07,0.00234226222669881,0.0775085641049829,0.583813590196553,0.333987392732883,"Human_Breast_He_06222020_ST_BC23944_E2"
"Human_Breast_He_06222020_ST_BC23944_E2_11x15",9.93581626048398e-05,0.00397032114823679,9.58519434951108e-05,4.68500041470847e-05,6.92231647264425e-06,0.0433039959847822,0.0198222532377985,0.603542181016908,0.329112266185555,"Human_Breast_He_06222020_ST_BC23944_E2"
"Human_Breast_He_06222020_ST_BC23944_E2_6x16",0.00295828272988002,0.00695347029517962,0.000648379957526129,0.00415644171559543,0.00315370824778442,0.1320835496,0.0376780971846422,0.489906707426753,0.322461362842639,"Human_Breast_He_06222020_ST_BC23944_E2"
"Human_Breast_He_06222020_ST_BC23944_E2_11x16",0.000538479840145018,0.0128204697711833,0.000369528204393546,0.0206984448640682,0.0008813025807269,0.149066097380061,0.0262697882637667,0.462282074596242,0.327073814499413,"Human_Breast_He_06222020_ST_BC23944_E2"
"Human_Breast_He_06222020_ST_BC23944_E2_25x29",0.00144472192347546,0.00244187767892418,0.000533781052886304,7.77068441968019e-05,9.47507772075366e-06,0.0476539331248436,0.0595930827760702,0.589056052528381,0.299189368993502,"Human_Breast_He_06222020_ST_BC23944_E2"
"Human_Breast_He_06222020_ST_BC23944_E2_29x26",0.000743836610478986,0.00289158574781508,0.000306091240798433,0.00485024103237289,6.35005785583712e-05,0.139496240138421,0.123054378783608,0.344462384885899,0.384131740982049,"Human_Breast_He_06222020_ST_BC23944_E2"
"Human_Breast_He_06222020_ST_BC23944_E2_14x21",0.00128977852208302,0.00321503357227839,0.000305799420809702,0.0011515185190836,5.34298787163161e-05,0.0459857884206017,0.0575585885873916,0.372592122591738,0.517847940487298,"Human_Breast_He_06222020_ST_BC23944_E2"
"Human_Breast_He_06222020_ST_BC23944_E2_23x26",0.00152157806339848,0.0532552677210009,0.00194609312125966,0.00340464902909764,0.000271267303706234,0.0803057736211576,0.0667887524963518,0.519241149021603,0.273265469622425,"Human_Breast_He_06222020_ST_BC23944_E2"
"Human_Breast_He_06222020_ST_BC23944_E2_14x17",0.00102770080731619,0.00066699668046366,6.10589169421244e-05,0.000478539472650417,4.01098865356354e-05,0.0241134411407209,0.105613319540695,0.413431426888772,0.454567406665905,"Human_Breast_He_06222020_ST_BC23944_E2"
"Human_Breast_He_06222020_ST_BC23944_E2_29x27",0.000154757525009667,0.00424125752653199,0.000261256234514384,8.75797660053616e-06,3.79470660490986e-06,0.0459263025732601,0.0550435396178025,0.479957918754313,0.414402415085363,"Human_Breast_He_06222020_ST_BC23944_E2"
"Human_Breast_He_06222020_ST_BC23944_E2_17x21",9.28665128412347e-05,0.00324350021125344,2.80269575464591e-05,1.63110311012092e-05,6.85393811446046e-06,0.00663389471622958,0.0253530204475201,0.603107025798365,0.361518500387029,"Human_Breast_He_06222020_ST_BC23944_E2"
"Human_Breast_He_06222020_ST_BC23944_E2_11x10",0.000722768909669354,0.010179718478058,0.00122569608110175,0.00180243448600257,0.000167008154763305,0.135215232323647,0.104854728853654,0.327616244701341,0.418216168011763,"Human_Breast_He_06222020_ST_BC23944_E2"
"Human_Breast_He_06222020_ST_BC23944_E2_24x14",2.84943459416267e-05,0.00631736476642122,6.0440702658791e-06,0.000344777893735147,0.000125987115998435,0.012394180419008,0.135453350570988,0.294299102229555,0.551030698588087,"Human_Breast_He_06222020_ST_BC23944_E2"
"Human_Breast_He_06222020_ST_BC23944_E2_24x15",4.50100777988077e-05,0.000159548290082379,4.13131983187171e-06,2.99203118914993e-05,1.57241075157726e-05,0.00432219634806569,0.10004616095205,0.410555162773665,0.484822145819099,"Human_Breast_He_06222020_ST_BC23944_E2"
"Human_Breast_He_06222020_ST_BC23944_E2_24x17",0.000974588986937646,0.00239547401617499,0.000180585635424791,0.000508431811507168,4.89732062963817e-05,0.0479466176309217,0.10481317392653,0.421929329220055,0.421202825566152,"Human_Breast_He_06222020_ST_BC23944_E2"
"Human_Breast_He_06222020_ST_BC23944_E2_24x10",0.00103660594210906,0.00509641517434112,0.000175874884263309,0.000734784479495082,9.76566760719879e-05,0.160791440383582,0.0368248931622395,0.477671862881306,0.317570466416592,"Human_Breast_He_06222020_ST_BC23944_E2"
"Human_Breast_He_06222020_ST_BC23944_E2_24x12",0.000215682945130486,0.00362326732168195,0.000783776573460604,0.000446307513752093,0.000572447653993426,0.0308635072110849,0.12205970739641,0.390953057200092,0.450482246184395,"Human_Breast_He_06222020_ST_BC23944_E2"
