"","Endothelial","CAFs","PVL","B-cells","T-cells","Myeloid","Normal Epithelial","Plasmablasts","Cancer Epithelial","sid"
"Human_Breast_He_06222020_ST_BC23506_C2_12x16",0.024847529342413,0.0171913165032663,0.0211795814803292,0.359509349310313,0.0297866144392898,0.048339134454175,0.0928740148244675,0.183762119454594,0.222510340191152,"Human_Breast_He_06222020_ST_BC23506_C2"
"Human_Breast_He_06222020_ST_BC23506_C2_23x20",0.0193653393920593,0.00766947979806801,0.011526085025748,0.305167949498016,0.0424292108909873,0.0374019605130912,0.098086546883901,0.22303397111435,0.25531945688378,"Human_Breast_He_06222020_ST_BC23506_C2"
"Human_Breast_He_06222020_ST_BC23506_C2_23x21",0.032198227539126,0.0131025528525117,0.0276216964412898,0.249387003466168,0.0332211884818964,0.0259927996547823,0.0638603982261968,0.272394561358416,0.282221571979614,"Human_Breast_He_06222020_ST_BC23506_C2"
"Human_Breast_He_06222020_ST_BC23506_C2_23x22",0.0250466912848795,0.029293056734459,0.0172001421333481,0.277509587083394,0.0539670406546537,0.0677500310135698,0.0642605708573038,0.271437070854505,0.193535809383887,"Human_Breast_He_06222020_ST_BC23506_C2"
"Human_Breast_He_06222020_ST_BC23506_C2_23x23",0.0402890796446,0.0194827895705535,0.0169268021267692,0.317739632134263,0.0577457423612253,0.0518871332268058,0.0736542386476963,0.185873796476085,0.236400785812002,"Human_Breast_He_06222020_ST_BC23506_C2"
"Human_Breast_He_06222020_ST_BC23506_C2_23x27",0.030311652759187,0.00846374863067392,0.0202445040851913,0.355458309708128,0.0546538426727346,0.0147172059163,0.0753325840582532,0.201662353575684,0.239155798593848,"Human_Breast_He_06222020_ST_BC23506_C2"
"Human_Breast_He_06222020_ST_BC23506_C2_23x28",0.0376351640915984,0.0112205797249748,0.0151499858972671,0.368339645044086,0.0687675969029425,0.0551686307653229,0.160931859088242,0.0450548749686236,0.237731663516943,"Human_Breast_He_06222020_ST_BC23506_C2"
"Human_Breast_He_06222020_ST_BC23506_C2_23x29",0.0694301064520847,0.0131573270871237,0.0785644683643534,0.340608725133208,0.0235674079515436,0.0458494170190329,0.0299917833444941,0.058969701160567,0.339861063487593,"Human_Breast_He_06222020_ST_BC23506_C2"
"Human_Breast_He_06222020_ST_BC23506_C2_30x17",0.0276499802777232,0.0158139210883708,0.031304273010211,0.444725281652837,0.0635543066714752,0.0378349961109713,0.0843702224729468,0.0761914218600114,0.218555596855453,"Human_Breast_He_06222020_ST_BC23506_C2"
"Human_Breast_He_06222020_ST_BC23506_C2_30x21",0.0212343136790514,0.0149692490598888,0.0134422663858127,0.414781152457994,0.0898559241782812,0.0480367656648923,0.12399506645845,0.0434863027811044,0.230198959334525,"Human_Breast_He_06222020_ST_BC23506_C2"
"Human_Breast_He_06222020_ST_BC23506_C2_20x22",0.029040031693049,0.0095881044032383,0.0154033210703625,0.169331976269461,0.071309047131,0.0220645101607609,0.0862571754115194,0.366104356889098,0.230901476971511,"Human_Breast_He_06222020_ST_BC23506_C2"
"Human_Breast_He_06222020_ST_BC23506_C2_25x17",0.0244712744498757,0.00323386057775476,0.00997223056452316,0.194673707281984,0.0243560338862243,0.0373981228275954,0.0942947793701654,0.31805159295416,0.293548398087717,"Human_Breast_He_06222020_ST_BC23506_C2"
"Human_Breast_He_06222020_ST_BC23506_C2_18x28",0.0385503752806282,0.00626101313308023,0.0197718214476245,0.393206090410112,0.0292117887305569,0.0423510076198329,0.123486608275248,0.0920547688153847,0.255106526287532,"Human_Breast_He_06222020_ST_BC23506_C2"
"Human_Breast_He_06222020_ST_BC23506_C2_18x29",0.0420705801640989,0.0136898010083941,0.0420481259000736,0.29595676038022,0.0270117140363448,0.00757518372029017,0.13103168433814,0.194108639537671,0.246507510914767,"Human_Breast_He_06222020_ST_BC23506_C2"
"Human_Breast_He_06222020_ST_BC23506_C2_18x26",0.0291170977821366,0.0085886700881026,0.0252492555914681,0.207038560750843,0.0220735068483384,0.052985656340846,0.117985691926336,0.276067187111209,0.26089437356072,"Human_Breast_He_06222020_ST_BC23506_C2"
"Human_Breast_He_06222020_ST_BC23506_C2_18x27",0.0305716401021535,0.00751632884789008,0.0189310443862435,0.461033025962652,0.0680647336065517,0.0247493513823723,0.123825103186853,0.0795042965142464,0.185804476011038,"Human_Breast_He_06222020_ST_BC23506_C2"
"Human_Breast_He_06222020_ST_BC23506_C2_18x24",0.0179399200197007,0.00830617314848442,0.0103252491296864,0.291375761287525,0.0715447382076896,0.0169843845102669,0.11521847993647,0.212135883957282,0.256169409802895,"Human_Breast_He_06222020_ST_BC23506_C2"
"Human_Breast_He_06222020_ST_BC23506_C2_18x25",0.0185299815576927,0.00346901708326655,0.00992287792044684,0.323013394546524,0.0351898668710081,0.00253270016388205,0.195622360382511,0.222625267356814,0.189094534117855,"Human_Breast_He_06222020_ST_BC23506_C2"
"Human_Breast_He_06222020_ST_BC23506_C2_18x22",0.0152949332359022,0.0066532223965438,0.0199969568328525,0.129686031959478,0.0305832335367276,0.0682139194210489,0.210287526272651,0.188612699240348,0.330671477104449,"Human_Breast_He_06222020_ST_BC23506_C2"
"Human_Breast_He_06222020_ST_BC23506_C2_18x23",0.0201470443753371,0.00912934299212566,0.0157142886719286,0.328508350572708,0.0480537620027734,0.0217508151494444,0.207286760366268,0.0962455488813219,0.253164086988093,"Human_Breast_He_06222020_ST_BC23506_C2"
"Human_Breast_He_06222020_ST_BC23506_C2_18x20",0.0170245474586392,0.00588709287178165,0.00698850940994832,0.325305871893839,0.0446391844275362,0.0250461311227994,0.0926901507993684,0.220986440352727,0.261432071663361,"Human_Breast_He_06222020_ST_BC23506_C2"
"Human_Breast_He_06222020_ST_BC23506_C2_18x21",0.0212085106837638,0.00682003086600603,0.0159039968723516,0.251615336111395,0.0844802449356057,0.00600051525198119,0.151787149080511,0.19110275784071,0.271081458357676,"Human_Breast_He_06222020_ST_BC23506_C2"
"Human_Breast_He_06222020_ST_BC23506_C2_20x27",0.0518141058780047,0.0196961970060735,0.0555367889266637,0.0948494669279259,0.0456553436797016,0.0495426418509146,0.0953090171948905,0.133251097026448,0.454345341509377,"Human_Breast_He_06222020_ST_BC23506_C2"
"Human_Breast_He_06222020_ST_BC23506_C2_23x24",0.0230927124131589,0.0110904346109129,0.0368321834792692,0.370606797574031,0.0399644246686513,0.0526957064773951,0.0655672758271052,0.133716716077641,0.266433748871835,"Human_Breast_He_06222020_ST_BC23506_C2"
"Human_Breast_He_06222020_ST_BC23506_C2_23x26",0.0246661800193241,0.00311709880773948,0.0195445293948631,0.434382621785887,0.0536016036636522,0.0125720997545373,0.10634923619464,0.102444258129007,0.24332237225035,"Human_Breast_He_06222020_ST_BC23506_C2"
"Human_Breast_He_06222020_ST_BC23506_C2_4x9",0.0254813441707328,0.0088239138843604,0.016440501783118,0.425350855381683,0.0596187033023989,0.0483986480540042,0.11558943471069,0.110237136692635,0.190059462020379,"Human_Breast_He_06222020_ST_BC23506_C2"
"Human_Breast_He_06222020_ST_BC23506_C2_3x9",0.0380969020725448,0.01364102158446,0.0355802449013685,0.380016898992611,0.0507165419248826,0.0389897588693985,0.0348710158793866,0.155639484397595,0.252448131377753,"Human_Breast_He_06222020_ST_BC23506_C2"
"Human_Breast_He_06222020_ST_BC23506_C2_11x14",0.0553270584287895,0.0148789720488375,0.0330282231756775,0.351957851136832,0.0212332224908388,0.0304536271013971,0.0634003768773938,0.176785414826261,0.252935253913973,"Human_Breast_He_06222020_ST_BC23506_C2"
"Human_Breast_He_06222020_ST_BC23506_C2_8x23",0.019242699315206,0.0130021105930838,0.0311385320292547,0.268290589228656,0.0543344936237799,0.0389837294123309,0.106871653447586,0.15646308274401,0.311673109606093,"Human_Breast_He_06222020_ST_BC23506_C2"
"Human_Breast_He_06222020_ST_BC23506_C2_8x20",0.0141690945095756,0.0222873919120144,0.0087451070969823,0.443702177571589,0.028874062589391,0.0164405559357238,0.116756132660164,0.194201778935916,0.154823698788644,"Human_Breast_He_06222020_ST_BC23506_C2"
"Human_Breast_He_06222020_ST_BC23506_C2_16x29",0.0332035772498459,0.0124781316084415,0.0187527493481351,0.366750963427734,0.0547857962408729,0.0265875317667556,0.091861652288191,0.13491329453903,0.260666303530994,"Human_Breast_He_06222020_ST_BC23506_C2"
"Human_Breast_He_06222020_ST_BC23506_C2_11x10",0.0272565178845653,0.00384108070383344,0.0245288504020157,0.499484359376821,0.0544990800093106,0.00723158838413613,0.0958421740425534,0.0851165366351886,0.202199812561576,"Human_Breast_He_06222020_ST_BC23506_C2"
"Human_Breast_He_06222020_ST_BC23506_C2_8x16",0.0198545721424323,0.014426066478785,0.0266653229257723,0.418698429584439,0.0349987100706982,0.0189083779013522,0.0544633156364597,0.147018262614807,0.264966942645255,"Human_Breast_He_06222020_ST_BC23506_C2"
"Human_Breast_He_06222020_ST_BC23506_C2_11x13",0.0216208258553685,0.00739915351771238,0.0191937358093168,0.413860009916647,0.0401610918205038,0.0319016301579516,0.147024997154262,0.113543349434837,0.205295206333401,"Human_Breast_He_06222020_ST_BC23506_C2"
"Human_Breast_He_06222020_ST_BC23506_C2_20x32",0.0537467030128048,0.0173469952890851,0.0475384341557768,0.216979882159611,0.0310943051995767,0.107304275419848,0.0950066196910534,0.117789406667465,0.31319337840478,"Human_Breast_He_06222020_ST_BC23506_C2"
"Human_Breast_He_06222020_ST_BC23506_C2_20x33",0.0258602872868368,0.012302483075068,0.0194644709178414,0.29840831766434,0.0210775365834873,0.0767724938941257,0.0871505373107003,0.237299496276385,0.221664376991215,"Human_Breast_He_06222020_ST_BC23506_C2"
"Human_Breast_He_06222020_ST_BC23506_C2_20x30",0.0322982722422784,0.0109984676765285,0.0503501092347782,0.237724675107123,0.0352615890859257,0.024150832488952,0.0903614859282843,0.202002505382175,0.316852062853955,"Human_Breast_He_06222020_ST_BC23506_C2"
"Human_Breast_He_06222020_ST_BC23506_C2_20x31",0.0131694409982689,0.00945281580969199,0.0280348712760953,0.300679191909035,0.0260471339839354,0.00961668731486782,0.22443939878961,0.129840880594693,0.258719579323803,"Human_Breast_He_06222020_ST_BC23506_C2"
"Human_Breast_He_06222020_ST_BC23506_C2_8x13",0.0225611783635979,0.0134897699590686,0.0170534935570232,0.242609624305953,0.0383787997046945,0.0327613671263011,0.0907644093833273,0.236881048024395,0.30550030957564,"Human_Breast_He_06222020_ST_BC23506_C2"
"Human_Breast_He_06222020_ST_BC23506_C2_8x12",0.0263110106371441,0.0223452671047879,0.0150177258243858,0.264973592483914,0.05379399945378,0.10306471396814,0.0797050256840785,0.146713403947482,0.288075260896287,"Human_Breast_He_06222020_ST_BC23506_C2"
"Human_Breast_He_06222020_ST_BC23506_C2_8x11",0.0187214470169208,0.0131820587113818,0.0157559021764222,0.397425896850749,0.0357039113510026,0.0632447800245134,0.100968947292464,0.131253176144485,0.223743880432061,"Human_Breast_He_06222020_ST_BC23506_C2"
"Human_Breast_He_06222020_ST_BC23506_C2_23x19",0.0290626748302881,0.0149402536259057,0.0320627433856555,0.306409460695198,0.0366049340227172,0.0425465071679581,0.0859983414988518,0.254129740599781,0.198245344173644,"Human_Breast_He_06222020_ST_BC23506_C2"
"Human_Breast_He_06222020_ST_BC23506_C2_23x18",0.0187586790442429,0.00818762889558903,0.0104851387904377,0.338910018506094,0.0411452650481824,0.0505102440975511,0.102088270303397,0.254337519183291,0.175577236131215,"Human_Breast_He_06222020_ST_BC23506_C2"
"Human_Breast_He_06222020_ST_BC23506_C2_23x17",0.0222583997959689,0.0336327465865704,0.0359266721491847,0.346851722362255,0.045826623704383,0.0335480131171387,0.0778575407880687,0.230083455740136,0.174014825756294,"Human_Breast_He_06222020_ST_BC23506_C2"
"Human_Breast_He_06222020_ST_BC23506_C2_23x16",0.0249915661432153,0.0119997855699889,0.00845991462724118,0.43622564513084,0.0495508105821944,0.0324710615442163,0.0861644873361492,0.122956612166775,0.22718011689938,"Human_Breast_He_06222020_ST_BC23506_C2"
"Human_Breast_He_06222020_ST_BC23506_C2_8x22",0.0112299269373154,0.0068156056917846,0.0109316232178532,0.396983763075823,0.0258234934638021,0.026695192855714,0.142774628389074,0.179965971222815,0.198779795145819,"Human_Breast_He_06222020_ST_BC23506_C2"
"Human_Breast_He_06222020_ST_BC23506_C2_11x15",0.0176036913781427,0.0171406021359082,0.0306729526624441,0.204494165673977,0.0291091713958202,0.0626216949360215,0.0926760713796587,0.236942023924941,0.308739626513087,"Human_Breast_He_06222020_ST_BC23506_C2"
"Human_Breast_He_06222020_ST_BC23506_C2_11x16",0.0298253588542406,0.00971619961775788,0.0422101171291425,0.289950480465833,0.0469461656443897,0.0306288165620214,0.097212827902164,0.208512485327213,0.244997548497238,"Human_Breast_He_06222020_ST_BC23506_C2"
"Human_Breast_He_06222020_ST_BC23506_C2_8x21",0.0305197036998188,0.0040814219091694,0.0308081722856118,0.448241539683762,0.0302742564090615,0.035159257789087,0.0832601552967838,0.0985886372739425,0.239066855652763,"Human_Breast_He_06222020_ST_BC23506_C2"
"Human_Breast_He_06222020_ST_BC23506_C2_8x27",0.04073340152358,0.0132413385699882,0.0425839345734446,0.39885091058419,0.0530596362723983,0.0260667525076451,0.106326655138011,0.0717224376225113,0.247414933208232,"Human_Breast_He_06222020_ST_BC23506_C2"
"Human_Breast_He_06222020_ST_BC23506_C2_11x12",0.0386867445131337,0.019880329970611,0.0561735912692987,0.250579324766053,0.022722712757535,0.0453938867014235,0.0706538101802829,0.199708659310208,0.296200940531454,"Human_Breast_He_06222020_ST_BC23506_C2"
"Human_Breast_He_06222020_ST_BC23506_C2_8x25",0.045177156666643,0.00924013937581514,0.0314037263241845,0.435602505330256,0.062894783459738,0.0159842987613256,0.0855860314012737,0.0834688922774352,0.230642466403329,"Human_Breast_He_06222020_ST_BC23506_C2"
"Human_Breast_He_06222020_ST_BC23506_C2_11x18",0.0239785519362397,0.0086406076029378,0.0163841195265037,0.324474755717971,0.0374519589721492,0.0455889901886091,0.0844146684764876,0.219935255904987,0.239131091674115,"Human_Breast_He_06222020_ST_BC23506_C2"
"Human_Breast_He_06222020_ST_BC23506_C2_11x19",0.0199459728625763,0.0138889016272262,0.027744439624769,0.23450703888519,0.0781261953789446,0.056333502710639,0.0926110406069337,0.240415203984095,0.236427704319626,"Human_Breast_He_06222020_ST_BC23506_C2"
"Human_Breast_He_06222020_ST_BC23506_C2_17x18",0.0591205879795375,0.0208621542915684,0.0415821587450825,0.191171430329384,0.0231424205765042,0.0823551136467682,0.0461279626217302,0.218537232761466,0.317100939047959,"Human_Breast_He_06222020_ST_BC23506_C2"
"Human_Breast_He_06222020_ST_BC23506_C2_26x19",0.038343898341072,0.0195910713790655,0.0252792903871545,0.194595158676306,0.0648699949269027,0.0739916603189985,0.0742946218563668,0.249519530042724,0.259514774071411,"Human_Breast_He_06222020_ST_BC23506_C2"
"Human_Breast_He_06222020_ST_BC23506_C2_17x12",0.0442778991198181,0.011760137870763,0.0124635857405075,0.433035960830051,0.0360248666281312,0.0248196117735698,0.101441405227823,0.198848966326908,0.137327566482428,"Human_Breast_He_06222020_ST_BC23506_C2"
"Human_Breast_He_06222020_ST_BC23506_C2_17x13",0.0206184310339584,0.00781282912340287,0.0154679594003205,0.443816098262337,0.0312378247893422,0.0124955395366346,0.0841075960698397,0.215395328109148,0.169048393675017,"Human_Breast_He_06222020_ST_BC23506_C2"
"Human_Breast_He_06222020_ST_BC23506_C2_17x11",0.0247668071693362,0.0100686108300451,0.0113958518972842,0.401088208545559,0.0356861968145874,0.0222665864924539,0.062986564415359,0.233207658815279,0.198533515020097,"Human_Breast_He_06222020_ST_BC23506_C2"
"Human_Breast_He_06222020_ST_BC23506_C2_17x16",0.0277173780114411,0.0181963853488134,0.0196546699043248,0.303768558578111,0.0903139097232892,0.0868969874915698,0.0557676550891276,0.117245075521682,0.280439380331641,"Human_Breast_He_06222020_ST_BC23506_C2"
"Human_Breast_He_06222020_ST_BC23506_C2_17x17",0.0131707464245663,0.00821937612099609,0.00954846132494691,0.458955605619103,0.0584912154392918,0.0179066076290082,0.073847836269512,0.11212814959778,0.247732001574796,"Human_Breast_He_06222020_ST_BC23506_C2"
"Human_Breast_He_06222020_ST_BC23506_C2_26x18",0.0105239493804772,0.0106653852616501,0.00960219955634953,0.294046028794051,0.0400512090316973,0.0406647929169343,0.181054842155438,0.228262381027206,0.185129211876196,"Human_Breast_He_06222020_ST_BC23506_C2"
"Human_Breast_He_06222020_ST_BC23506_C2_17x15",0.0350999702202364,0.00712282940797562,0.0416839676949841,0.317049684036688,0.0261452267035768,0.0532266969514877,0.0440305464689455,0.241482768879859,0.234158309636246,"Human_Breast_He_06222020_ST_BC23506_C2"
"Human_Breast_He_06222020_ST_BC23506_C2_26x16",0.0353556357696023,0.0114956658739309,0.0331216528510711,0.141943993870142,0.0167741511807799,0.0151895997117106,0.0412160312229563,0.427265593055739,0.277637676464068,"Human_Breast_He_06222020_ST_BC23506_C2"
"Human_Breast_He_06222020_ST_BC23506_C2_26x17",0.0103091825487728,0.00907067696362322,0.0156501459829074,0.372535881175885,0.0344173638014689,0.0409707447366875,0.178755087762858,0.157726093236923,0.180564823790875,"Human_Breast_He_06222020_ST_BC23506_C2"
"Human_Breast_He_06222020_ST_BC23506_C2_31x17",0.037305646654425,0.0147105556835914,0.0346442130406487,0.373957646643302,0.0506886645918635,0.0407870718568995,0.0915142989503718,0.153867347059202,0.202524555519696,"Human_Breast_He_06222020_ST_BC23506_C2"
"Human_Breast_He_06222020_ST_BC23506_C2_31x18",0.0278902778662625,0.0273014620273764,0.0194489294747128,0.427569995429402,0.0480540606849778,0.0437502562234179,0.108395122958832,0.107114390714589,0.190475504620431,"Human_Breast_He_06222020_ST_BC23506_C2"
"Human_Breast_He_06222020_ST_BC23506_C2_31x19",0.0198221783349264,0.0125655739096943,0.019293468788494,0.310624447034528,0.0674924325890114,0.0373589014587643,0.136394872408794,0.143989992214064,0.252458133261724,"Human_Breast_He_06222020_ST_BC23506_C2"
"Human_Breast_He_06222020_ST_BC23506_C2_10x26",0.0744199562281109,0.0103796578717868,0.0801187372000225,0.319074923273619,0.026616862919046,0.0687534666755138,0.0350513279988483,0.098005059094537,0.287580008738516,"Human_Breast_He_06222020_ST_BC23506_C2"
"Human_Breast_He_06222020_ST_BC23506_C2_10x27",0.0344959924105131,0.00770675148754734,0.0245427248191469,0.160410530112411,0.0366739178316503,0.0944688068173193,0.117816217776577,0.231304167260422,0.292580891484413,"Human_Breast_He_06222020_ST_BC23506_C2"
"Human_Breast_He_06222020_ST_BC23506_C2_10x24",0.0415806724812171,0.00899931944229387,0.0228521739169407,0.385172919566694,0.0718200920907037,0.0235051365881306,0.11024308223462,0.124176526879902,0.211650076799498,"Human_Breast_He_06222020_ST_BC23506_C2"
"Human_Breast_He_06222020_ST_BC23506_C2_10x25",0.0242745548250637,0.00795405008969863,0.0140604514135045,0.280643775172382,0.0609500679754117,0.00602838048121787,0.190512001489724,0.133119017155929,0.282457701397068,"Human_Breast_He_06222020_ST_BC23506_C2"
"Human_Breast_He_06222020_ST_BC23506_C2_10x22",0.0550587214807327,0.0215338299183491,0.049194481479082,0.303733756275798,0.0305706607307031,0.0364688579223747,0.102454269684243,0.188365286103233,0.212620136405483,"Human_Breast_He_06222020_ST_BC23506_C2"
"Human_Breast_He_06222020_ST_BC23506_C2_10x23",0.0300144903593297,0.0189565545777708,0.0385682233592691,0.228648142474742,0.0167378762521232,0.0823944685735793,0.0623475190037754,0.226307159867306,0.296025565532105,"Human_Breast_He_06222020_ST_BC23506_C2"
"Human_Breast_He_06222020_ST_BC23506_C2_10x20",0.0215055771958882,0.00700932941979471,0.0228957039769594,0.313686835587403,0.0515785106373272,0.0411833121733498,0.0706906168732526,0.254430604532055,0.21701950960397,"Human_Breast_He_06222020_ST_BC23506_C2"
"Human_Breast_He_06222020_ST_BC23506_C2_10x21",0.024069807955112,0.00888099607702169,0.0228316582868158,0.29148144123431,0.0537813954857755,0.0207237777968522,0.149641802322308,0.188047958082356,0.240541162759449,"Human_Breast_He_06222020_ST_BC23506_C2"
"Human_Breast_He_06222020_ST_BC23506_C2_10x28",0.0561569346060954,0.0307511506766819,0.0627375873324927,0.315255778172552,0.0509753248776459,0.0415898527689718,0.065672584073921,0.111360570581159,0.26550021691048,"Human_Breast_He_06222020_ST_BC23506_C2"
"Human_Breast_He_06222020_ST_BC23506_C2_7x16",0.0283694978227646,0.0211907090312321,0.0451072972492117,0.126718444946041,0.0275033934615832,0.136919778427375,0.0831244156406741,0.197966831416413,0.333099632004706,"Human_Breast_He_06222020_ST_BC23506_C2"
"Human_Breast_He_06222020_ST_BC23506_C2_7x17",0.0495061599165969,0.0147765392651436,0.0330689664637821,0.477304374349218,0.0542861013631839,0.0409925746077261,0.0436030844644452,0.099548641375857,0.186913558194047,"Human_Breast_He_06222020_ST_BC23506_C2"
"Human_Breast_He_06222020_ST_BC23506_C2_7x14",0.0236865762042213,0.00979274619782554,0.0212165608316168,0.391571118987404,0.0451014240524007,0.0419099212621428,0.116581214492413,0.121098379150651,0.229042058821325,"Human_Breast_He_06222020_ST_BC23506_C2"
"Human_Breast_He_06222020_ST_BC23506_C2_7x15",0.0639457039413954,0.0169254853726579,0.0368413241090418,0.242676263169176,0.0287634191429943,0.0706013959290589,0.0811765698069663,0.154379515501299,0.304690323027411,"Human_Breast_He_06222020_ST_BC23506_C2"
"Human_Breast_He_06222020_ST_BC23506_C2_7x12",0.0252739851748129,0.0122744223062405,0.0172046763150854,0.36697257114575,0.10295362818278,0.0553532949947065,0.0874634693596969,0.15711389073646,0.175390061784469,"Human_Breast_He_06222020_ST_BC23506_C2"
"Human_Breast_He_06222020_ST_BC23506_C2_7x13",0.0156201295260019,0.013496011608377,0.0305582095592749,0.424571411304885,0.0567364409416198,0.0618564710196717,0.112574473916345,0.0704233651906703,0.214163486933154,"Human_Breast_He_06222020_ST_BC23506_C2"
"Human_Breast_He_06222020_ST_BC23506_C2_7x10",0.0309710794628775,0.0171366947867026,0.0201045209351823,0.332966190746966,0.0469540118471971,0.103472244034499,0.0890652355944366,0.176125971092945,0.183204051499195,"Human_Breast_He_06222020_ST_BC23506_C2"
"Human_Breast_He_06222020_ST_BC23506_C2_7x18",0.0226816705227088,0.00831588305461012,0.0119497068686872,0.449179584573224,0.0546106199593506,0.0597843289730361,0.101131977073961,0.0748289500559903,0.217517278918432,"Human_Breast_He_06222020_ST_BC23506_C2"
"Human_Breast_He_06222020_ST_BC23506_C2_7x19",0.029666771994591,0.0140338143434664,0.0162926426319142,0.487459142238823,0.035391843356347,0.0291405586296578,0.0761872639689489,0.126860721494323,0.184967241341929,"Human_Breast_He_06222020_ST_BC23506_C2"
"Human_Breast_He_06222020_ST_BC23506_C2_19x33",0.0512023483960962,0.0261045137548702,0.024611853440577,0.142550037177906,0.0167814370867853,0.225001256294999,0.109010560833303,0.154392336193246,0.250345656822218,"Human_Breast_He_06222020_ST_BC23506_C2"
"Human_Breast_He_06222020_ST_BC23506_C2_19x30",0.0325064613163205,0.0124310202744788,0.0325177650891087,0.377164134280286,0.0313384557625481,0.0507681907537113,0.103249556179254,0.0642479559004534,0.295776460443839,"Human_Breast_He_06222020_ST_BC23506_C2"
"Human_Breast_He_06222020_ST_BC23506_C2_19x31",0.0308383271634722,0.0143518361890548,0.0417208264443011,0.304595324574495,0.0207929030156116,0.0779811106556999,0.0807184595748147,0.104626929144093,0.324374283238458,"Human_Breast_He_06222020_ST_BC23506_C2"
"Human_Breast_He_06222020_ST_BC23506_C2_14x23",0.0298654788405318,0.0157617216960708,0.0241673502360707,0.341973872982014,0.0260375526259605,0.014508707890246,0.0737809915449612,0.184395053727826,0.289509270456319,"Human_Breast_He_06222020_ST_BC23506_C2"
"Human_Breast_He_06222020_ST_BC23506_C2_21x17",0.0243311730688366,0.0108542942329322,0.0204415069754927,0.122720161480909,0.0312073360222435,0.0302658543060554,0.0675544945392133,0.362085383960487,0.33053979541383,"Human_Breast_He_06222020_ST_BC23506_C2"
"Human_Breast_He_06222020_ST_BC23506_C2_21x16",0.0236427314877706,0.00858376033722048,0.0439699757070481,0.364093335190881,0.0287472798650157,0.0338595834608689,0.0607238069230161,0.264508501329082,0.171871025699098,"Human_Breast_He_06222020_ST_BC23506_C2"
"Human_Breast_He_06222020_ST_BC23506_C2_21x15",0.0270942011858604,0.00953675951698287,0.0147887530314345,0.472499410451672,0.0646232571917266,0.0425244339600124,0.106526399380743,0.106788106858001,0.155618678423567,"Human_Breast_He_06222020_ST_BC23506_C2"
"Human_Breast_He_06222020_ST_BC23506_C2_21x19",0.0110764367135147,0.0117796118548888,0.00757438462466914,0.285565439112117,0.0418565641658207,0.0451891850322295,0.170633995072281,0.195111993788623,0.231212389635856,"Human_Breast_He_06222020_ST_BC23506_C2"
"Human_Breast_He_06222020_ST_BC23506_C2_21x18",0.00907263949550404,0.0174501452720983,0.0107343669622494,0.175968670682066,0.0331120737492853,0.0389133671168538,0.116960378059376,0.266545392568621,0.331242966093946,"Human_Breast_He_06222020_ST_BC23506_C2"
"Human_Breast_He_06222020_ST_BC23506_C2_9x25",0.0231741829112703,0.0090677660071342,0.0297687850277737,0.342850693287432,0.0660379791286701,0.0146466013483761,0.084308915951404,0.159008933852885,0.271136142485055,"Human_Breast_He_06222020_ST_BC23506_C2"
"Human_Breast_He_06222020_ST_BC23506_C2_9x24",0.0278306793193021,0.0118957925140386,0.0323360242463094,0.42609634970254,0.039490699909124,0.0361796600750019,0.0691311531238648,0.105620322604035,0.251419318505784,"Human_Breast_He_06222020_ST_BC23506_C2"
"Human_Breast_He_06222020_ST_BC23506_C2_13x29",0.0363951804375493,0.022642593391097,0.0225864467516194,0.355737587616018,0.0443255707887548,0.024474293705113,0.0516682816104564,0.200636568085984,0.241533477613408,"Human_Breast_He_06222020_ST_BC23506_C2"
"Human_Breast_He_06222020_ST_BC23506_C2_13x28",0.0304384480818315,0.0123594741065517,0.0196273530808488,0.349751158361811,0.0388556432574493,0.0258285520670821,0.13001057982637,0.178605571106026,0.21452322011203,"Human_Breast_He_06222020_ST_BC23506_C2"
"Human_Breast_He_06222020_ST_BC23506_C2_12x28",0.0196463429159653,0.00839663922280578,0.0156115087395095,0.470717500309431,0.0584204591294728,0.0229639547929134,0.116415640875412,0.0842086754464253,0.203619278568065,"Human_Breast_He_06222020_ST_BC23506_C2"
"Human_Breast_He_06222020_ST_BC23506_C2_9x23",0.0141918806941786,0.0102193792534264,0.0173846902180392,0.255212409902034,0.0301102195940967,0.068893096069491,0.141621143326078,0.197211794358252,0.265155386584405,"Human_Breast_He_06222020_ST_BC23506_C2"
"Human_Breast_He_06222020_ST_BC23506_C2_9x22",0.0353479269271484,0.0166942851027845,0.0286451070090496,0.343938508884372,0.0228528197902507,0.0752102864422738,0.116614038355465,0.174535365193552,0.186161662295104,"Human_Breast_He_06222020_ST_BC23506_C2"
"Human_Breast_He_06222020_ST_BC23506_C2_13x23",0.0294386364891614,0.00990988230884765,0.0206789180554104,0.47760066427707,0.0279024666775237,0.0205600307078944,0.0908752493557731,0.151129820597873,0.171904331530446,"Human_Breast_He_06222020_ST_BC23506_C2"
"Human_Breast_He_06222020_ST_BC23506_C2_12x25",0.016500161688483,0.00926552317726809,0.0229004399750491,0.505022304096999,0.0658989270474047,0.0116440331748933,0.105560301967352,0.0560519737643137,0.207156335108237,"Human_Breast_He_06222020_ST_BC23506_C2"
"Human_Breast_He_06222020_ST_BC23506_C2_12x26",0.0328487437431241,0.00707371932547256,0.030241187855201,0.352280515560568,0.0617744395900163,0.0493733497120627,0.138738592944772,0.0813511768114466,0.246318274457336,"Human_Breast_He_06222020_ST_BC23506_C2"
"Human_Breast_He_06222020_ST_BC23506_C2_12x27",0.0189890058633289,0.005794991367726,0.01449085046502,0.342511853467612,0.0886223635189514,0.0245154906087286,0.186981445311538,0.0820350733708162,0.236058926026279,"Human_Breast_He_06222020_ST_BC23506_C2"
"Human_Breast_He_06222020_ST_BC23506_C2_9x28",0.0329294202918908,0.00900281187815937,0.0292403026213899,0.437151164799337,0.0475642568475931,0.0331973494335364,0.071774347679529,0.0954083417378068,0.243732004710758,"Human_Breast_He_06222020_ST_BC23506_C2"
"Human_Breast_He_06222020_ST_BC23506_C2_13x25",0.0379208703182196,0.00986811970535256,0.0312831038974332,0.307903797030124,0.0312458302298457,0.0316749167531604,0.0991077216535664,0.147561244946152,0.303434395466146,"Human_Breast_He_06222020_ST_BC23506_C2"
"Human_Breast_He_06222020_ST_BC23506_C2_12x23",0.0219728415013023,0.0239087833725573,0.0315272412519076,0.224242876498751,0.0444168402163269,0.0222684724819746,0.101154201711897,0.305944839473559,0.224563903491724,"Human_Breast_He_06222020_ST_BC23506_C2"
"Human_Breast_He_06222020_ST_BC23506_C2_25x34",0.0371889828904035,0.00490448474156914,0.0275948035788772,0.52996846694502,0.0485081694043633,0.0080093274832793,0.0691202617074244,0.05920227103656,0.215503232212503,"Human_Breast_He_06222020_ST_BC23506_C2"
"Human_Breast_He_06222020_ST_BC23506_C2_25x31",0.0306972734944867,0.00373840854608959,0.00885973325418496,0.381723446209354,0.0415184303821317,0.00712874723209971,0.125812044356017,0.11904991065025,0.281472005875386,"Human_Breast_He_06222020_ST_BC23506_C2"
"Human_Breast_He_06222020_ST_BC23506_C2_25x30",0.0226528005776279,0.00961058018016752,0.0200983730770672,0.427731690494771,0.0438225651403304,0.0114834431535997,0.149680481533342,0.0625873852243343,0.25233268061876,"Human_Breast_He_06222020_ST_BC23506_C2"
"Human_Breast_He_06222020_ST_BC23506_C2_25x33",0.0564777509305743,0.015364908071861,0.0325486384979905,0.345655970648637,0.0492172678554676,0.0544149046971831,0.123398431991799,0.0846319304552835,0.238290196851204,"Human_Breast_He_06222020_ST_BC23506_C2"
"Human_Breast_He_06222020_ST_BC23506_C2_25x32",0.0349096433881122,0.00466031468231551,0.0315640669827747,0.218634016758129,0.0270592000839467,0.0131329328140642,0.103675800865618,0.16062467354156,0.40573935088348,"Human_Breast_He_06222020_ST_BC23506_C2"
"Human_Breast_He_06222020_ST_BC23506_C2_24x17",0.0499998645735616,0.01311832530119,0.0427656963823797,0.210609957528647,0.0254725050158309,0.085476527700778,0.079032936979538,0.221784691016641,0.271739495501434,"Human_Breast_He_06222020_ST_BC23506_C2"
"Human_Breast_He_06222020_ST_BC23506_C2_11x28",0.0508853139913818,0.00625444560959674,0.0447262953495563,0.225944083840098,0.0325445434768481,0.0358753496219969,0.121190893780748,0.159811778740706,0.322767295589068,"Human_Breast_He_06222020_ST_BC23506_C2"
"Human_Breast_He_06222020_ST_BC23506_C2_14x31",0.0275370564398392,0.0259477642405193,0.023013107295428,0.347958367913675,0.0323060127364512,0.0888402586717232,0.0719102093416714,0.153034030271883,0.22945319308881,"Human_Breast_He_06222020_ST_BC23506_C2"
"Human_Breast_He_06222020_ST_BC23506_C2_14x30",0.0185067848746709,0.00820469140483536,0.0127195981780263,0.497070257614799,0.0120635231248606,0.0278117713151889,0.0599425583150796,0.155184085600566,0.208496729571973,"Human_Breast_He_06222020_ST_BC23506_C2"
"Human_Breast_He_06222020_ST_BC23506_C2_11x27",0.0411820332513035,0.0144916487261863,0.0243289880422553,0.386746954661641,0.0559647150039256,0.0395242746858159,0.0704285121656712,0.0625979303352359,0.304734943127965,"Human_Breast_He_06222020_ST_BC23506_C2"
"Human_Breast_He_06222020_ST_BC23506_C2_30x23",0.0365605841946724,0.0068824682213571,0.0323289362552795,0.511768175380816,0.0636347418568673,0.00896014624516437,0.093857268169454,0.0495005733047716,0.196507106371618,"Human_Breast_He_06222020_ST_BC23506_C2"
"Human_Breast_He_06222020_ST_BC23506_C2_11x20",0.0270857870584085,0.0123606814545249,0.0112939507814336,0.437021670179684,0.042874107016444,0.015471060164296,0.0747099109961893,0.202520684557225,0.176662147791795,"Human_Breast_He_06222020_ST_BC23506_C2"
"Human_Breast_He_06222020_ST_BC23506_C2_11x22",0.0348698918123559,0.00611812967191981,0.0384748831373984,0.277192612257905,0.0156943721468307,0.02386784307639,0.101538049889347,0.184095089531164,0.31814912847669,"Human_Breast_He_06222020_ST_BC23506_C2"
"Human_Breast_He_06222020_ST_BC23506_C2_18x19",0.082261553509608,0.0100654268881289,0.033474438900045,0.249390371392386,0.0234392140091734,0.0728206878326011,0.0710405392567714,0.110854475908273,0.346653292303013,"Human_Breast_He_06222020_ST_BC23506_C2"
"Human_Breast_He_06222020_ST_BC23506_C2_18x13",0.0117436860328222,0.00415902868872184,0.0135674435755433,0.395430956475948,0.0476770008953348,0.0189941571543928,0.0857397739992784,0.174635666200355,0.248052286977604,"Human_Breast_He_06222020_ST_BC23506_C2"
"Human_Breast_He_06222020_ST_BC23506_C2_18x12",0.0559442401699666,0.015026991413153,0.0677376163183974,0.312995945633332,0.0167374743202164,0.0371091179380014,0.0591376308745176,0.180302200878045,0.255008782454371,"Human_Breast_He_06222020_ST_BC23506_C2"
"Human_Breast_He_06222020_ST_BC23506_C2_18x17",0.0231507004643823,0.0158056468054623,0.0130089498948945,0.312416527863024,0.0581463937865205,0.0357455134364376,0.133150879734945,0.204711895854214,0.20386349216012,"Human_Breast_He_06222020_ST_BC23506_C2"
"Human_Breast_He_06222020_ST_BC23506_C2_18x15",0.031396792593932,0.0112676449566209,0.028340108891363,0.233443619173977,0.0123267129070244,0.111913999580758,0.0569200906122055,0.294478945815964,0.219912085468156,"Human_Breast_He_06222020_ST_BC23506_C2"
"Human_Breast_He_06222020_ST_BC23506_C2_18x14",0.0283769019592831,0.0168204882480177,0.0198135616923264,0.30422860913293,0.0429424485887409,0.0399752089953419,0.070132530902966,0.26716215915943,0.210548091320964,"Human_Breast_He_06222020_ST_BC23506_C2"
"Human_Breast_He_06222020_ST_BC23506_C2_27x33",0.0198417828247939,0.00380022677710803,0.0125734113963159,0.474306150491865,0.0363372872191416,0.00458456254190331,0.12771626112459,0.0870535425203485,0.233786775103934,"Human_Breast_He_06222020_ST_BC23506_C2"
"Human_Breast_He_06222020_ST_BC23506_C2_27x32",0.0354007314821423,0.0101818352899526,0.049568035998448,0.405181765029377,0.0417899639516822,0.028372445269909,0.0665280520144713,0.104809050541672,0.258168120422346,"Human_Breast_He_06222020_ST_BC23506_C2"
"Human_Breast_He_06222020_ST_BC23506_C2_27x31",0.0401604511423537,0.0141938501332648,0.0433802473713206,0.304584893999006,0.0220483304587799,0.0269779425718487,0.0594084238591632,0.0451163058994918,0.444129554564771,"Human_Breast_He_06222020_ST_BC23506_C2"
"Human_Breast_He_06222020_ST_BC23506_C2_27x30",0.0313799537284011,0.00441376295122572,0.0291255141773711,0.339971317397515,0.0449077722102109,0.0124182426882091,0.144340205570463,0.13546931488053,0.257973916396074,"Human_Breast_He_06222020_ST_BC23506_C2"
"Human_Breast_He_06222020_ST_BC23506_C2_27x34",0.0232993186771798,0.00624818486223602,0.00860246117174478,0.574862119092505,0.039512922377243,0.00338702809343435,0.0826299462478471,0.0783606900579206,0.183097329419889,"Human_Breast_He_06222020_ST_BC23506_C2"
"Human_Breast_He_06222020_ST_BC23506_C2_19x32",0.0539957287756025,0.0113413746226133,0.0345263573004028,0.38852241365009,0.0498744987642001,0.0382202894181179,0.129584898270565,0.113540226007704,0.180394213190704,"Human_Breast_He_06222020_ST_BC23506_C2"
"Human_Breast_He_06222020_ST_BC23506_C2_7x11",0.0292139037794781,0.0113623108971714,0.0164950127426758,0.335438931361091,0.05520170824814,0.0670069687623225,0.0633565020592592,0.238301365604642,0.18362329654522,"Human_Breast_He_06222020_ST_BC23506_C2"
"Human_Breast_He_06222020_ST_BC23506_C2_6x9",0.0242095290194286,0.00803467074374626,0.0178676279169813,0.431692421501182,0.0731352530398727,0.041496874558015,0.0781777540725658,0.152550120827302,0.172835748320907,"Human_Breast_He_06222020_ST_BC23506_C2"
"Human_Breast_He_06222020_ST_BC23506_C2_6x8",0.0297318739407219,0.00739848266862014,0.0238788184700819,0.413036235531056,0.0390653344209582,0.023089025548753,0.104370510229609,0.143627448700442,0.215802270489757,"Human_Breast_He_06222020_ST_BC23506_C2"
"Human_Breast_He_06222020_ST_BC23506_C2_6x16",0.0340877319135583,0.0259892463481707,0.049627842294859,0.27863600346001,0.0653197814464306,0.0701916585310326,0.0698883672110524,0.174259517003586,0.2319998517913,"Human_Breast_He_06222020_ST_BC23506_C2"
"Human_Breast_He_06222020_ST_BC23506_C2_20x24",0.0223002441462045,0.0126014606911452,0.0168978132108458,0.177228452524371,0.0511541873609551,0.031028196897945,0.133765171700782,0.258556396283865,0.296468077183886,"Human_Breast_He_06222020_ST_BC23506_C2"
"Human_Breast_He_06222020_ST_BC23506_C2_19x27",0.0221830413311999,0.0045994709967162,0.0543283349897413,0.461960574281991,0.0281915837273883,0.00684134684111841,0.103129994219726,0.145527261869903,0.173238391742216,"Human_Breast_He_06222020_ST_BC23506_C2"
"Human_Breast_He_06222020_ST_BC23506_C2_23x25",0.0339019262404552,0.00910459287400382,0.0326000976106756,0.412694769803763,0.046537265798295,0.0074502372035375,0.0451269904576599,0.113985305307618,0.298598814703992,"Human_Breast_He_06222020_ST_BC23506_C2"
"Human_Breast_He_06222020_ST_BC23506_C2_11x17",0.0276010214126027,0.0116328185934662,0.0155226882760359,0.371900115747127,0.0378862536252772,0.027149097113406,0.0924266854950601,0.141669812785215,0.27421150695181,"Human_Breast_He_06222020_ST_BC23506_C2"
"Human_Breast_He_06222020_ST_BC23506_C2_3x10",0.0166307738836802,0.00997099716271744,0.0161236388641527,0.512100057877259,0.0422090561991319,0.030989533920903,0.0628919740075511,0.102209676222577,0.206874291862027,"Human_Breast_He_06222020_ST_BC23506_C2"
"Human_Breast_He_06222020_ST_BC23506_C2_16x32",0.0514248361216919,0.033220917173641,0.0363278792405726,0.0988421627659396,0.0518935909441432,0.191389365293902,0.175049668673227,0.0469535959575143,0.314897983829369,"Human_Breast_He_06222020_ST_BC23506_C2"
"Human_Breast_He_06222020_ST_BC23506_C2_16x31",0.0263614313056653,0.0124380860827022,0.0156058783156448,0.413465312005031,0.0374599291049238,0.113962908876136,0.1627933863747,0.068584437824905,0.149328630110292,"Human_Breast_He_06222020_ST_BC23506_C2"
"Human_Breast_He_06222020_ST_BC23506_C2_16x30",0.0367148648231252,0.0113264360454197,0.0458517533371563,0.397305840309412,0.0424226780465072,0.0359142316312363,0.0593489326639998,0.137374252868039,0.233741010275105,"Human_Breast_He_06222020_ST_BC23506_C2"
"Human_Breast_He_06222020_ST_BC23506_C2_4x11",0.0310102313787743,0.0141377162512539,0.0363508223605133,0.205710141201476,0.067331520101949,0.108486839201881,0.0657056793571455,0.266898290728124,0.204368759418883,"Human_Breast_He_06222020_ST_BC23506_C2"
"Human_Breast_He_06222020_ST_BC23506_C2_4x10",0.015368531718068,0.0130627353673837,0.0265505114022545,0.415991388447636,0.0404219635476825,0.0805293875284716,0.0678904543784611,0.135103639773662,0.205081387836381,"Human_Breast_He_06222020_ST_BC23506_C2"
"Human_Breast_He_06222020_ST_BC23506_C2_14x16",0.02035220129878,0.0135510999133611,0.0149022408804794,0.414729569663461,0.0338389951852275,0.036445125598007,0.0835144527044424,0.221886473773441,0.160779840982801,"Human_Breast_He_06222020_ST_BC23506_C2"
"Human_Breast_He_06222020_ST_BC23506_C2_17x21",0.0153615683247127,0.0065989734487205,0.0129538098135862,0.313663011956522,0.0474639379676523,0.0394298641577139,0.0860907344374406,0.19437305873649,0.284065041157161,"Human_Breast_He_06222020_ST_BC23506_C2"
"Human_Breast_He_06222020_ST_BC23506_C2_8x15",0.0215770233952211,0.0175185915416519,0.00788901527303725,0.443498257843316,0.0741922058572731,0.00991404792054182,0.112062855589752,0.101345245546831,0.212002757032376,"Human_Breast_He_06222020_ST_BC23506_C2"
"Human_Breast_He_06222020_ST_BC23506_C2_24x15",0.0188108874510712,0.00653775903497053,0.00902269943057598,0.434190740093942,0.0440606341132117,0.0349180461367721,0.120919262002075,0.210663472496318,0.120876499241065,"Human_Breast_He_06222020_ST_BC23506_C2"
"Human_Breast_He_06222020_ST_BC23506_C2_24x16",0.0401971808733522,0.0169459325175795,0.0363212403031839,0.320017637540747,0.0276033287850654,0.0442115981531117,0.0485486416819069,0.216234874593429,0.249919565551624,"Human_Breast_He_06222020_ST_BC23506_C2"
"Human_Breast_He_06222020_ST_BC23506_C2_14x14",0.0422998059713347,0.0282920130937208,0.0504921487963833,0.315075022208505,0.0524015604224027,0.0369551141075234,0.0585574212369109,0.195999936259986,0.219926977903234,"Human_Breast_He_06222020_ST_BC23506_C2"
"Human_Breast_He_06222020_ST_BC23506_C2_24x18",0.023541964814118,0.0204392821851829,0.0178592008228924,0.215156218933746,0.0312828721298802,0.0712564509322003,0.0545545113551594,0.296530399550896,0.269379099275925,"Human_Breast_He_06222020_ST_BC23506_C2"
"Human_Breast_He_06222020_ST_BC23506_C2_24x19",0.0161257979156238,0.00662663037658925,0.0172847588775513,0.317663549335118,0.0147560792412313,0.0790040478608092,0.0614649315514162,0.28475185761956,0.202322347222101,"Human_Breast_He_06222020_ST_BC23506_C2"
