"","Endothelial","CAFs","PVL","B-cells","T-cells","Myeloid","Normal Epithelial","Plasmablasts","Cancer Epithelial","sid"
"Human_Breast_Andersson_10142021_ST_D5_10x10",0.0158422127083942,0.285050847218259,0.0311607214194437,0.0462603493018507,0.0184433310227648,0.0842912642688271,0.0755526826325248,0.082435206687775,0.36096338474016,"Human_Breast_Andersson_10142021_ST_D5"
"Human_Breast_Andersson_10142021_ST_D5_10x11",0.014805385724388,0.343959376611886,0.0564757516946547,0.0154612547880163,0.0158939508494345,0.0976945618557488,0.0445630932925546,0.048207336390736,0.362939288792581,"Human_Breast_Andersson_10142021_ST_D5"
"Human_Breast_Andersson_10142021_ST_D5_10x12",0.0275631050246914,0.291973276579724,0.0525706063272068,0.0342557936796113,0.0159530890157468,0.0648154826095928,0.0709144321898428,0.108809853058384,0.3331443615152,"Human_Breast_Andersson_10142021_ST_D5"
"Human_Breast_Andersson_10142021_ST_D5_10x13",0.0355639860294258,0.216952156138674,0.0236707347099479,0.0152743235554253,0.0243306268278538,0.0343555648090735,0.0415390475896623,0.0886505910339343,0.519662969306003,"Human_Breast_Andersson_10142021_ST_D5"
"Human_Breast_Andersson_10142021_ST_D5_10x14",0.0524267573898185,0.299336491237465,0.0676447569228613,0.00832198443146717,0.0339636538874121,0.0787989280381737,0.03364031213175,0.0538555301724401,0.372011585788612,"Human_Breast_Andersson_10142021_ST_D5"
"Human_Breast_Andersson_10142021_ST_D5_10x15",0.0680436325667343,0.203917669715938,0.0431910515460191,0.0154430357385484,0.0107316942077319,0.100192632958119,0.106237484293454,0.0455729937824648,0.406669805190991,"Human_Breast_Andersson_10142021_ST_D5"
"Human_Breast_Andersson_10142021_ST_D5_10x16",0.0218969375055853,0.284299624444531,0.01678890855454,0.0123370122211221,0.0292630302817892,0.120601293293985,0.0904540238116567,0.0780156573573446,0.346343512529447,"Human_Breast_Andersson_10142021_ST_D5"
"Human_Breast_Andersson_10142021_ST_D5_10x17",0.0407733597369938,0.29398681873788,0.0216239844334504,0.0285142688020269,0.0158738362710325,0.19032667995628,0.0402169052759027,0.0520795713335482,0.316604575452886,"Human_Breast_Andersson_10142021_ST_D5"
"Human_Breast_Andersson_10142021_ST_D5_10x18",0.0205821772351109,0.286958335905382,0.138712846531854,0.0148333503034041,0.00832314546755884,0.137322372294345,0.0476209427711702,0.0496750228487775,0.295971806642398,"Human_Breast_Andersson_10142021_ST_D5"
"Human_Breast_Andersson_10142021_ST_D5_10x19",0.0539822111249295,0.301422905103194,0.0852509290678685,0.0173116671430869,0.0218701471146358,0.18851820401628,0.0380832902415556,0.0251554857898521,0.268405160398598,"Human_Breast_Andersson_10142021_ST_D5"
"Human_Breast_Andersson_10142021_ST_D5_10x20",0.0608984667999266,0.254549947471779,0.0492474433674865,0.0158724886197554,0.0236863345945657,0.0541706110420794,0.0634303601281523,0.0837314357436709,0.394412912232584,"Human_Breast_Andersson_10142021_ST_D5"
"Human_Breast_Andersson_10142021_ST_D5_10x21",0.0216313610001284,0.21609502220397,0.0601492543746484,0.029288557060274,0.0274893944951285,0.0925777131944766,0.121118884602383,0.0491905842235564,0.382459228845434,"Human_Breast_Andersson_10142021_ST_D5"
"Human_Breast_Andersson_10142021_ST_D5_10x22",0.0214440592638234,0.1427103933927,0.0575135297371924,0.0357603065778616,0.0193667738154949,0.0654883933427452,0.104777811833996,0.124280445000376,0.42865828703581,"Human_Breast_Andersson_10142021_ST_D5"
"Human_Breast_Andersson_10142021_ST_D5_10x23",0.0174759202653789,0.0184912255669083,0.0266038539381925,0.0298688576330178,0.0301699083842984,0.0133697552389485,0.239940270907521,0.14776586791432,0.476314340151414,"Human_Breast_Andersson_10142021_ST_D5"
"Human_Breast_Andersson_10142021_ST_D5_10x24",0.0338955346723297,0.237804266500417,0.0220131395702726,0.0270841334110281,0.0244757708027725,0.0643636086253641,0.0909265200756797,0.117837452184867,0.381599574157269,"Human_Breast_Andersson_10142021_ST_D5"
"Human_Breast_Andersson_10142021_ST_D5_10x25",0.00732288480901926,0.239121595556036,0.0116820783330839,0.0139634630798083,0.0239137299080679,0.0534281450625692,0.0894139742343945,0.206741486479085,0.354412642537936,"Human_Breast_Andersson_10142021_ST_D5"
"Human_Breast_Andersson_10142021_ST_D5_10x7",0.0262994932722545,0.20027338549552,0.132546644424817,0.0502143774566373,0.0184774825792222,0.163627041196633,0.00830894658805997,0.190365826630713,0.209886802356143,"Human_Breast_Andersson_10142021_ST_D5"
"Human_Breast_Andersson_10142021_ST_D5_10x8",0.0141668785734696,0.264450660324035,0.0424730236463993,0.03980823273067,0.0174621343749317,0.0879934436159937,0.0618106139773531,0.198928121789458,0.272906890967689,"Human_Breast_Andersson_10142021_ST_D5"
"Human_Breast_Andersson_10142021_ST_D5_10x9",0.0237173854546397,0.455980747244313,0.0600531395185435,0.0117937822048832,0.0149973759021266,0.0835746539505283,0.0277132091009473,0.0379705760770958,0.284199130546923,"Human_Breast_Andersson_10142021_ST_D5"
"Human_Breast_Andersson_10142021_ST_D5_11x10",0.0429156108755301,0.244824455654592,0.0396424304734301,0.0345600225575829,0.0219357115415676,0.111957187076293,0.0978785757698386,0.0650089581944869,0.341277047856679,"Human_Breast_Andersson_10142021_ST_D5"
"Human_Breast_Andersson_10142021_ST_D5_11x11",0.0308705112654137,0.223846182285496,0.0342484226917811,0.00569774914542379,0.00883048392814349,0.051665348457782,0.0729958677219005,0.0311566612648467,0.540688773239213,"Human_Breast_Andersson_10142021_ST_D5"
"Human_Breast_Andersson_10142021_ST_D5_11x12",0.0171129295832197,0.285587138830985,0.0577549506161666,0.00708919161325109,0.00981238555818946,0.172259980100817,0.0368047968228064,0.0537685831955454,0.359810043679019,"Human_Breast_Andersson_10142021_ST_D5"
"Human_Breast_Andersson_10142021_ST_D5_11x13",0.0297273360490988,0.162611496284763,0.0569743484680888,0.0100962712750635,0.0231770789952101,0.0236550101851519,0.0958013461022463,0.104122048991821,0.493835063648557,"Human_Breast_Andersson_10142021_ST_D5"
"Human_Breast_Andersson_10142021_ST_D5_11x14",0.0383196383585558,0.199293488514359,0.0448240311201495,0.015099909166639,0.00733080743887588,0.0717938874718111,0.0428498495864171,0.0941383504743456,0.486350037868847,"Human_Breast_Andersson_10142021_ST_D5"
"Human_Breast_Andersson_10142021_ST_D5_11x15",0.0324627881895737,0.160774547680834,0.0693159719095964,0.0191830956677962,0.0291240768349636,0.0434699265613617,0.0768545606190065,0.0565439438467185,0.51227108869015,"Human_Breast_Andersson_10142021_ST_D5"
"Human_Breast_Andersson_10142021_ST_D5_11x16",0.0415268817487503,0.221596635437336,0.0824671009278865,0.0146513501034437,0.0212208008810285,0.0946277432545874,0.0660855371849351,0.138566137111053,0.319257813350979,"Human_Breast_Andersson_10142021_ST_D5"
"Human_Breast_Andersson_10142021_ST_D5_11x18",0.0386425173102828,0.238110902414336,0.0677640896920233,0.0358403721865867,0.021781110696153,0.0750224057927058,0.061892505684668,0.0519088937016024,0.409037202521642,"Human_Breast_Andersson_10142021_ST_D5"
"Human_Breast_Andersson_10142021_ST_D5_11x19",0.0561272970734795,0.192318672221156,0.0575706397167157,0.0304960524444675,0.0184265689283267,0.0692698927106337,0.0749719719501017,0.0738823566244401,0.426936548330679,"Human_Breast_Andersson_10142021_ST_D5"
"Human_Breast_Andersson_10142021_ST_D5_11x20",0.0267328682065445,0.175937607799487,0.0504649558735768,0.0403676517661925,0.0280784980250472,0.131159422936853,0.0923858901566969,0.0598049772679762,0.395068127967626,"Human_Breast_Andersson_10142021_ST_D5"
"Human_Breast_Andersson_10142021_ST_D5_11x21",0.0281149131401893,0.169435313653952,0.0503541719018194,0.0505315993948729,0.027076356989545,0.0765156080807529,0.0937232343390969,0.0540857426411672,0.450163059858605,"Human_Breast_Andersson_10142021_ST_D5"
"Human_Breast_Andersson_10142021_ST_D5_11x22",0.0362789692768577,0.128029616349411,0.0559275926279299,0.0341268672755554,0.0304578265058433,0.113157651104337,0.0532134313348015,0.218661506996735,0.330146538528529,"Human_Breast_Andersson_10142021_ST_D5"
"Human_Breast_Andersson_10142021_ST_D5_11x23",0.0103101605214195,0.236951267741023,0.0397950004204293,0.0621359053747842,0.0704639138128589,0.0901890341670317,0.0637986862844398,0.070978750591806,0.355377281086208,"Human_Breast_Andersson_10142021_ST_D5"
"Human_Breast_Andersson_10142021_ST_D5_11x24",0.177530604215743,0.178100234993028,0.0707786069222247,0.0310157584007323,0.0220391312223771,0.0483915802970186,0.078627653071003,0.0645981565133235,0.32891827436455,"Human_Breast_Andersson_10142021_ST_D5"
"Human_Breast_Andersson_10142021_ST_D5_11x25",0.0291723466231075,0.16703602868804,0.114978314013325,0.0132542516844277,0.0113438645471348,0.0914565714007679,0.101262361754484,0.0166326415828666,0.454863619705845,"Human_Breast_Andersson_10142021_ST_D5"
"Human_Breast_Andersson_10142021_ST_D5_11x9",0.0257385992521254,0.30559928295874,0.0691423857125487,0.00891967469546145,0.00685154520861825,0.102316107287984,0.0384470574242387,0.0158312795329084,0.427154067927375,"Human_Breast_Andersson_10142021_ST_D5"
"Human_Breast_Andersson_10142021_ST_D5_12x10",0.0317029343583199,0.248187727143587,0.0414779759906506,0.0145103709037541,0.0133209594523136,0.0940712508511655,0.0804324799319854,0.135697355719858,0.340598945648366,"Human_Breast_Andersson_10142021_ST_D5"
"Human_Breast_Andersson_10142021_ST_D5_12x11",0.0253823554176318,0.151156397136329,0.0596247082687369,0.0230480786062751,0.0371066391077514,0.0227801468175742,0.0434539903482687,0.0756383922159437,0.56180929208149,"Human_Breast_Andersson_10142021_ST_D5"
"Human_Breast_Andersson_10142021_ST_D5_12x12",0.0190951675588732,0.227931609674782,0.0709904143046724,0.0131433790240052,0.00766864437960143,0.0307346883775856,0.0967220230312164,0.104597935292293,0.42911613835697,"Human_Breast_Andersson_10142021_ST_D5"
"Human_Breast_Andersson_10142021_ST_D5_12x13",0.0340432658248189,0.258560133107519,0.0628240203482258,0.00582319900625403,0.00493887132556217,0.120542228897043,0.0247697362164297,0.205497162600535,0.283001382673613,"Human_Breast_Andersson_10142021_ST_D5"
"Human_Breast_Andersson_10142021_ST_D5_12x14",0.026494686539784,0.286269013801747,0.0347209066813726,0.0235287499696932,0.0115240267956037,0.133271288453106,0.0319825862861538,0.113207166672703,0.339001574799837,"Human_Breast_Andersson_10142021_ST_D5"
"Human_Breast_Andersson_10142021_ST_D5_12x15",0.0477136599842202,0.165227582514547,0.0668381847360844,0.00736965133197683,0.00780109766424803,0.0579569558014277,0.0719945485249132,0.0713721161573651,0.503726203285218,"Human_Breast_Andersson_10142021_ST_D5"
"Human_Breast_Andersson_10142021_ST_D5_12x16",0.034188204181662,0.113891561026322,0.0460233428049632,0.0169364069409322,0.037113810821789,0.0247724280080117,0.132322938056566,0.0403561379171326,0.554395170242622,"Human_Breast_Andersson_10142021_ST_D5"
"Human_Breast_Andersson_10142021_ST_D5_12x17",0.0496827234656261,0.25227258248113,0.0622864857651678,0.0230933652245088,0.026681480002098,0.0766229769403223,0.0649397645299217,0.111427035960736,0.332993585630489,"Human_Breast_Andersson_10142021_ST_D5"
"Human_Breast_Andersson_10142021_ST_D5_12x18",0.0159724311280704,0.360078872152695,0.0526659531853679,0.0316233209341192,0.0081254676107924,0.147578535506745,0.040096142955735,0.0872719132277792,0.256587363298696,"Human_Breast_Andersson_10142021_ST_D5"
"Human_Breast_Andersson_10142021_ST_D5_12x19",0.0368837676335813,0.262391880069844,0.0473523112854383,0.0319969318496596,0.0290163636351386,0.136269656929574,0.0318336686473675,0.11586517600106,0.308390243948337,"Human_Breast_Andersson_10142021_ST_D5"
"Human_Breast_Andersson_10142021_ST_D5_12x20",0.0581847767654408,0.1474816197215,0.0834968202582434,0.0230020586513218,0.0154673524423536,0.0458439799454567,0.093620380997637,0.0468099779857752,0.486093033232271,"Human_Breast_Andersson_10142021_ST_D5"
"Human_Breast_Andersson_10142021_ST_D5_12x21",0.0328512049670537,0.197030398237941,0.0829301979732453,0.025243975660899,0.0264315478568259,0.0876982177395973,0.0544179011352479,0.159953176854872,0.333443379574318,"Human_Breast_Andersson_10142021_ST_D5"
"Human_Breast_Andersson_10142021_ST_D5_12x22",0.0134062454855012,0.250294868132188,0.207650101147538,0.0119218450115498,0.0203449707893538,0.110267064932847,0.0658440283772438,0.034893476448746,0.285377399675032,"Human_Breast_Andersson_10142021_ST_D5"
"Human_Breast_Andersson_10142021_ST_D5_12x23",0.0427719008165869,0.218261184796879,0.168644362930848,0.0287278067069885,0.0221384005261022,0.119921203704302,0.082302749171976,0.0100607779958698,0.307171613350447,"Human_Breast_Andersson_10142021_ST_D5"
"Human_Breast_Andersson_10142021_ST_D5_12x24",0.0705844212716222,0.173762602217933,0.0476040365839122,0.0298096770248542,0.0166890619066105,0.0891752520101762,0.059218011713616,0.22836109553118,0.284795841740096,"Human_Breast_Andersson_10142021_ST_D5"
"Human_Breast_Andersson_10142021_ST_D5_12x25",0.0399885356254994,0.218729098425833,0.107591659459052,0.0327315137432957,0.0136395360326354,0.152795670385511,0.100117978108508,0.0447646342763811,0.289641373943284,"Human_Breast_Andersson_10142021_ST_D5"
"Human_Breast_Andersson_10142021_ST_D5_12x8",0.0267727246631481,0.339838296668831,0.0847876299023074,0.0118734565437391,0.00525047812175616,0.0752182621987191,0.0160940241217782,0.176152064718654,0.264013063061067,"Human_Breast_Andersson_10142021_ST_D5"
"Human_Breast_Andersson_10142021_ST_D5_12x9",0.0179618722981867,0.194637815084785,0.0985249733364415,0.0309816885871647,0.0163813705913642,0.127097398151505,0.0282970387827379,0.203068448126301,0.283049395041514,"Human_Breast_Andersson_10142021_ST_D5"
"Human_Breast_Andersson_10142021_ST_D5_13x10",0.0179879707724114,0.327636808564609,0.0641337453747957,0.0104702874131894,0.00970994941350821,0.0818408269188666,0.0414282281626606,0.109707552073693,0.337084631306266,"Human_Breast_Andersson_10142021_ST_D5"
"Human_Breast_Andersson_10142021_ST_D5_13x11",0.0180364150462126,0.223326466782001,0.0374646437735679,0.0159839205784925,0.0104392083131591,0.0890037859165865,0.0719642795330816,0.178738817917602,0.355042462139296,"Human_Breast_Andersson_10142021_ST_D5"
"Human_Breast_Andersson_10142021_ST_D5_13x12",0.0325916310789694,0.319718244980527,0.0489884693394148,0.00417488366439204,0.0068861587846285,0.0675209090568311,0.0477101977811859,0.252028277756691,0.220381227557361,"Human_Breast_Andersson_10142021_ST_D5"
"Human_Breast_Andersson_10142021_ST_D5_13x13",0.0489296413971598,0.176718440393038,0.0561277919653591,0.0243367414603807,0.0143396924053898,0.0628562650703567,0.055230235996629,0.26895786789515,0.292503323416536,"Human_Breast_Andersson_10142021_ST_D5"
"Human_Breast_Andersson_10142021_ST_D5_13x14",0.0188563587984236,0.222368033530162,0.113865406817175,0.00301202418907053,0.00369980393023691,0.102335213457697,0.0325185567899772,0.243003498455992,0.260341104031265,"Human_Breast_Andersson_10142021_ST_D5"
"Human_Breast_Andersson_10142021_ST_D5_13x15",0.0245296732898235,0.218235266374086,0.0639265317093771,0.00935387603556327,0.00978511955346296,0.0512561708675725,0.0605270016433818,0.23379438618362,0.328591974343112,"Human_Breast_Andersson_10142021_ST_D5"
"Human_Breast_Andersson_10142021_ST_D5_13x16",0.0543573194905225,0.220357681637306,0.055519452076354,0.013884648867148,0.0203073945267473,0.118531925768575,0.0584279334119705,0.117385134547772,0.341228509673605,"Human_Breast_Andersson_10142021_ST_D5"
"Human_Breast_Andersson_10142021_ST_D5_13x17",0.0179967415477076,0.353618142917573,0.0347169252756893,0.0105138924165994,0.00899280932350628,0.226645207072091,0.0213108549930248,0.0994392344958393,0.226766191957969,"Human_Breast_Andersson_10142021_ST_D5"
"Human_Breast_Andersson_10142021_ST_D5_13x18",0.0256306006298498,0.360408363947446,0.081820367350757,0.0246663981164802,0.0104736933594841,0.188925236908985,0.0346438246490954,0.0931051748211094,0.180326340216793,"Human_Breast_Andersson_10142021_ST_D5"
"Human_Breast_Andersson_10142021_ST_D5_13x19",0.0465181193464145,0.430716816036205,0.0504109432145744,0.0163831009437952,0.0132793801631902,0.123030136481736,0.0282690344050411,0.118270678299336,0.173121791109708,"Human_Breast_Andersson_10142021_ST_D5"
"Human_Breast_Andersson_10142021_ST_D5_13x20",0.0545730322883891,0.231390196711858,0.169204648910385,0.0809581782666833,0.00958815017914303,0.195139875835622,0.011268755407138,0.0476272819984823,0.200249880402299,"Human_Breast_Andersson_10142021_ST_D5"
"Human_Breast_Andersson_10142021_ST_D5_13x21",0.00842347563909837,0.29438087306642,0.0203285971888194,0.0100206754863915,0.00668259862208806,0.137891132173593,0.0233359988016606,0.239191150230198,0.259745498791731,"Human_Breast_Andersson_10142021_ST_D5"
"Human_Breast_Andersson_10142021_ST_D5_13x22",0.00382188016666975,0.447704068178924,0.0210954364286695,0.0178671327116221,0.00286270157555726,0.180612289146143,0.00589080570615009,0.255554308356439,0.0645913777298256,"Human_Breast_Andersson_10142021_ST_D5"
"Human_Breast_Andersson_10142021_ST_D5_13x23",0.0157143880499952,0.278404774020897,0.0356918311450976,0.072839774822387,0.00501582826236052,0.209301978861485,0.0290261041331812,0.190190209663117,0.16381511104148,"Human_Breast_Andersson_10142021_ST_D5"
"Human_Breast_Andersson_10142021_ST_D5_13x24",0.0185895090242788,0.173901271818855,0.0670597491870947,0.138623887434599,0.03770527316205,0.16233385249254,0.0787312288601214,0.110046511261535,0.213008716758927,"Human_Breast_Andersson_10142021_ST_D5"
"Human_Breast_Andersson_10142021_ST_D5_13x25",0.0126251558608731,0.299840359523731,0.0555612813483403,0.0187124769558323,0.0288714994806747,0.195310814808157,0.0197718290658533,0.134980405423917,0.23432617753262,"Human_Breast_Andersson_10142021_ST_D5"
"Human_Breast_Andersson_10142021_ST_D5_13x8",0.0243943077533104,0.399582850354908,0.0144880467131484,0.00155251123774503,0.000921955026132054,0.0952571721016174,0.0255626883148406,0.293997524946992,0.144242943551306,"Human_Breast_Andersson_10142021_ST_D5"
"Human_Breast_Andersson_10142021_ST_D5_14x10",0.0471167035792536,0.19966364442816,0.0529421948586681,0.0152520909984737,0.0105444675055318,0.117832339776082,0.107418894791092,0.0125671238190012,0.436662540243738,"Human_Breast_Andersson_10142021_ST_D5"
"Human_Breast_Andersson_10142021_ST_D5_14x11",0.0422793938205576,0.263972782443817,0.0266328439430588,0.0159887885294918,0.0379100268955327,0.0659592381831232,0.0675405414193448,0.149805408231055,0.329910976534019,"Human_Breast_Andersson_10142021_ST_D5"
"Human_Breast_Andersson_10142021_ST_D5_14x12",0.0248692428476011,0.309878877283742,0.0396617446536158,0.00618472586892744,0.00478907767637192,0.105531718286355,0.0345567250712807,0.24243408106083,0.232093807251276,"Human_Breast_Andersson_10142021_ST_D5"
"Human_Breast_Andersson_10142021_ST_D5_14x13",0.0164220666317761,0.204305809068486,0.0181870271487013,0.019302553181014,0.00812281285365225,0.0579811251335105,0.033860720791806,0.246992512466893,0.39482537272416,"Human_Breast_Andersson_10142021_ST_D5"
"Human_Breast_Andersson_10142021_ST_D5_14x14",0.0283872275659584,0.291230596886515,0.0403433586811856,0.00839975468642263,0.0106639455616753,0.110335073934606,0.053534054076226,0.045087473966526,0.412018514640886,"Human_Breast_Andersson_10142021_ST_D5"
"Human_Breast_Andersson_10142021_ST_D5_14x15",0.0349809301752203,0.277087967771535,0.0565156815217079,0.0265834604436074,0.0266881193306038,0.0508054874049439,0.0746383194297387,0.210345697489308,0.242354336433335,"Human_Breast_Andersson_10142021_ST_D5"
"Human_Breast_Andersson_10142021_ST_D5_14x16",0.0368521541894485,0.283262636906261,0.0429913413212005,0.0134348996522096,0.0218629240231447,0.106298698441968,0.0610794299534285,0.0938154752186217,0.340402440293717,"Human_Breast_Andersson_10142021_ST_D5"
"Human_Breast_Andersson_10142021_ST_D5_14x17",0.0389945614721647,0.311563914962513,0.0387499354483448,0.0181318791625257,0.0138332066369283,0.123780714218491,0.0325158530696809,0.174235234203156,0.248194700826195,"Human_Breast_Andersson_10142021_ST_D5"
"Human_Breast_Andersson_10142021_ST_D5_14x18",0.074696234595219,0.291238766474388,0.0425781243383374,0.0523020261707874,0.0287646778868414,0.160418664905623,0.0259520480278381,0.134497127209391,0.189552330391574,"Human_Breast_Andersson_10142021_ST_D5"
"Human_Breast_Andersson_10142021_ST_D5_14x19",0.0331783396663947,0.272305590501321,0.0821399003906713,0.0447399773710655,0.0214576340176607,0.102147234939394,0.0803564658387281,0.145540025596794,0.218134831677971,"Human_Breast_Andersson_10142021_ST_D5"
"Human_Breast_Andersson_10142021_ST_D5_14x20",0.0641634281155677,0.321814609480674,0.107999087510251,0.00910948053188858,0.01163922794177,0.104090231134638,0.0367161831785157,0.154222643958925,0.19024510814777,"Human_Breast_Andersson_10142021_ST_D5"
"Human_Breast_Andersson_10142021_ST_D5_14x21",0.0308628190430842,0.460609604604017,0.0698552703997674,0.0441599845711382,0.0302775770724494,0.179214977434596,0.0266293736057006,0.0537826483548427,0.104607744914404,"Human_Breast_Andersson_10142021_ST_D5"
"Human_Breast_Andersson_10142021_ST_D5_14x22",0.0296686941506161,0.53322032424847,0.0225367023912739,0.0424905745425187,0.0831910153758995,0.195229312763127,0.00296932223733198,0.0671909292055649,0.0235031250851972,"Human_Breast_Andersson_10142021_ST_D5"
"Human_Breast_Andersson_10142021_ST_D5_14x23",0.0337132019017398,0.310587938923261,0.0543883230502518,0.0936661209347865,0.0229571691555783,0.220170949681583,0.0629351918344392,0.0889520295859589,0.112629074932402,"Human_Breast_Andersson_10142021_ST_D5"
"Human_Breast_Andersson_10142021_ST_D5_14x24",0.0937733270130641,0.169063422921056,0.0656305024056737,0.0124345422972189,0.0703686756461455,0.229604217132688,0.0391639771332014,0.0579059267603764,0.262055408690576,"Human_Breast_Andersson_10142021_ST_D5"
"Human_Breast_Andersson_10142021_ST_D5_14x25",0.0406292461910887,0.32326935404402,0.123867536949243,0.0323929714903776,0.0365069975810232,0.0869487728633876,0.0556573067875328,0.0546847269472529,0.246043087146074,"Human_Breast_Andersson_10142021_ST_D5"
"Human_Breast_Andersson_10142021_ST_D5_14x8",0.0317944047324154,0.254563137793065,0.0683419314210002,0.0310258995290473,0.0151448967408391,0.0907605703023068,0.0325716834390956,0.26723422545103,0.208563250591201,"Human_Breast_Andersson_10142021_ST_D5"
"Human_Breast_Andersson_10142021_ST_D5_14x9",0.05994858646906,0.341001007726972,0.0198961534955635,0.0379138835895556,0.00838192130940413,0.142051685457817,0.0241261633398327,0.217168743181792,0.149511855430002,"Human_Breast_Andersson_10142021_ST_D5"
"Human_Breast_Andersson_10142021_ST_D5_15x10",0.0095773096896545,0.345472173846752,0.0339664875239005,0.0386113957695431,0.00628135980259895,0.180561758465292,0.0616835940118733,0.0307124543044577,0.293133466585928,"Human_Breast_Andersson_10142021_ST_D5"
"Human_Breast_Andersson_10142021_ST_D5_15x11",0.00793214851775896,0.244992302743026,0.0313840328820411,0.0290867639153698,0.0186561377246019,0.107906628874502,0.034437608019521,0.202948386963011,0.322655990360168,"Human_Breast_Andersson_10142021_ST_D5"
"Human_Breast_Andersson_10142021_ST_D5_15x12",0.0198103439664223,0.230098470241101,0.0780075564249943,0.0296340790154998,0.0466037314211066,0.0313628692623681,0.0348675468001331,0.185675919161528,0.343939483706846,"Human_Breast_Andersson_10142021_ST_D5"
"Human_Breast_Andersson_10142021_ST_D5_15x13",0.0382775809726075,0.186367678943952,0.0311681411924523,0.00946224494943393,0.0160218747877322,0.0186744966148955,0.159909707191933,0.0883720425893527,0.451746232757641,"Human_Breast_Andersson_10142021_ST_D5"
"Human_Breast_Andersson_10142021_ST_D5_15x14",0.017336151097498,0.273187516876066,0.0155274465193199,0.00463837517923041,0.0051934250460517,0.0749798995602393,0.0288764274052322,0.316819931883788,0.263440826432575,"Human_Breast_Andersson_10142021_ST_D5"
"Human_Breast_Andersson_10142021_ST_D5_15x15",0.0427916040900939,0.163877291029635,0.0301573475437311,0.00673096645896951,0.0122738022950838,0.066107459034811,0.0848062922362808,0.0668465272959926,0.526408710015402,"Human_Breast_Andersson_10142021_ST_D5"
"Human_Breast_Andersson_10142021_ST_D5_15x16",0.04067042884971,0.284503537215034,0.0527225142896437,0.0613562872505181,0.0321263482313927,0.0743000837589406,0.0497299267840717,0.131846991297029,0.27274388232366,"Human_Breast_Andersson_10142021_ST_D5"
"Human_Breast_Andersson_10142021_ST_D5_15x17",0.0218607605757323,0.262753335407064,0.0454225712561354,0.0319403312237462,0.0252646024300057,0.194995237277267,0.040439154475297,0.150635780785552,0.2266882265692,"Human_Breast_Andersson_10142021_ST_D5"
"Human_Breast_Andersson_10142021_ST_D5_15x18",0.0105322951669564,0.374167979628055,0.0289708596836168,0.0401396798762612,0.0142325959187208,0.172397335028343,0.0511441497083834,0.119250997023254,0.18916410796641,"Human_Breast_Andersson_10142021_ST_D5"
"Human_Breast_Andersson_10142021_ST_D5_15x19",0.0277504971549646,0.265174597475219,0.0776526406830721,0.00709326327978997,0.00882634039849951,0.200742835133972,0.023657807323314,0.239016932485614,0.150085086065555,"Human_Breast_Andersson_10142021_ST_D5"
"Human_Breast_Andersson_10142021_ST_D5_15x20",0.0407414712155353,0.3583138447152,0.0364727855559743,0.0150831431620136,0.00128532110249151,0.193597487324288,0.0170673668123904,0.0980195546576624,0.239419025454446,"Human_Breast_Andersson_10142021_ST_D5"
"Human_Breast_Andersson_10142021_ST_D5_15x21",0.0457814583175885,0.359887574796495,0.121468206033387,0.00418908806511284,0.0083155811015844,0.226412771276309,0.0123592377801276,0.0393351236469367,0.182250958982459,"Human_Breast_Andersson_10142021_ST_D5"
"Human_Breast_Andersson_10142021_ST_D5_15x22",0.0612980030327095,0.396881191201425,0.0363490513676796,0.0658052874825755,0.052319319083323,0.215223274965806,0.00961393255759598,0.13192337511419,0.030586565194695,"Human_Breast_Andersson_10142021_ST_D5"
"Human_Breast_Andersson_10142021_ST_D5_15x23",0.035232147310504,0.358282799865226,0.0240893035881908,0.0452371046208272,0.013405064705533,0.175691309170286,0.00935835378116159,0.242925116889564,0.0957788000687069,"Human_Breast_Andersson_10142021_ST_D5"
"Human_Breast_Andersson_10142021_ST_D5_15x24",0.0458258088739129,0.303204110669965,0.035502911973649,0.155058781421983,0.0882390818336516,0.106957933974798,0.0682829448251694,0.0977221956921526,0.0992062307347186,"Human_Breast_Andersson_10142021_ST_D5"
"Human_Breast_Andersson_10142021_ST_D5_15x25",0.00665860555584712,0.255301112324457,0.0803968216641065,0.0249259613780595,0.0508085954388696,0.0792318800667067,0.0900096333178304,0.0813829704581553,0.331284419795968,"Human_Breast_Andersson_10142021_ST_D5"
"Human_Breast_Andersson_10142021_ST_D5_15x8",0.0390385083572814,0.250502610128949,0.055002020611878,0.0539878695623759,0.0475600273562263,0.0941151260996473,0.0613912066662872,0.105757189075874,0.292645442141481,"Human_Breast_Andersson_10142021_ST_D5"
"Human_Breast_Andersson_10142021_ST_D5_15x9",0.0384884528042449,0.314290520928044,0.0614561276715564,0.085114689802675,0.167874677769197,0.116796920786189,0.0202562821589334,0.0702011341988003,0.12552119388036,"Human_Breast_Andersson_10142021_ST_D5"
"Human_Breast_Andersson_10142021_ST_D5_16x10",0.0134006230950661,0.192325572848192,0.0149244390552273,0.185164618200172,0.202395650476486,0.161152489577209,0.0457084245375424,0.0658033991236339,0.11912478308647,"Human_Breast_Andersson_10142021_ST_D5"
"Human_Breast_Andersson_10142021_ST_D5_16x11",0.0126580713044289,0.266090566769842,0.0288155633099753,0.0783186866181154,0.0498046336388606,0.127176192335852,0.0462756624047864,0.237072673400187,0.153787950217952,"Human_Breast_Andersson_10142021_ST_D5"
"Human_Breast_Andersson_10142021_ST_D5_16x12",0.0100489377089618,0.224677143501239,0.022435776927292,0.0170786235953551,0.00990142390063267,0.0221449105005927,0.0642246532647143,0.406052225044562,0.223436305556651,"Human_Breast_Andersson_10142021_ST_D5"
"Human_Breast_Andersson_10142021_ST_D5_16x13",0.0251859623593617,0.200466646525224,0.0419895131346032,0.0102958080019645,0.0105556880056605,0.078134221306654,0.139609360450822,0.144527477352786,0.349235322862924,"Human_Breast_Andersson_10142021_ST_D5"
"Human_Breast_Andersson_10142021_ST_D5_16x14",0.0239753039266501,0.242576845935074,0.0708265165314713,0.0118474955838564,0.00846082065261593,0.110842903900387,0.0800348587866436,0.071739319286834,0.379695935396467,"Human_Breast_Andersson_10142021_ST_D5"
"Human_Breast_Andersson_10142021_ST_D5_16x15",0.0293581082856994,0.162307263091733,0.0537204401372003,0.0224642917738891,0.027880062511512,0.0408056000811339,0.100508990446948,0.127543321573497,0.435411922098387,"Human_Breast_Andersson_10142021_ST_D5"
"Human_Breast_Andersson_10142021_ST_D5_16x16",0.0114050711912329,0.227227950582079,0.0241411890186088,0.0148552589475128,0.00871155719063242,0.118120406308693,0.0627763553568349,0.134151003772637,0.398611207631769,"Human_Breast_Andersson_10142021_ST_D5"
"Human_Breast_Andersson_10142021_ST_D5_16x17",0.0178467744812,0.193500902037474,0.0266392373126,0.00736977120236623,0.00881088964869615,0.127970584585662,0.0864072363361815,0.218077345632507,0.313377258763313,"Human_Breast_Andersson_10142021_ST_D5"
"Human_Breast_Andersson_10142021_ST_D5_16x18",0.0180449915096617,0.306666468372787,0.0376783663840987,0.00688189810020993,0.00167702903271299,0.210123650129014,0.0321511279447448,0.278347916750588,0.108428551776183,"Human_Breast_Andersson_10142021_ST_D5"
"Human_Breast_Andersson_10142021_ST_D5_16x19",0.0199921226523353,0.392566230001389,0.0803080301111772,0.0105244965513583,0.00324224417837972,0.162064862155024,0.0199526985693176,0.19323970625655,0.118109609524468,"Human_Breast_Andersson_10142021_ST_D5"
"Human_Breast_Andersson_10142021_ST_D5_16x20",0.01046192204732,0.288506364588598,0.103721166662615,0.0188998891562844,0.00970081270902103,0.302089952667832,0.0259938541980671,0.0199003476761335,0.22072569029413,"Human_Breast_Andersson_10142021_ST_D5"
"Human_Breast_Andersson_10142021_ST_D5_16x21",0.026209343854344,0.195078632985133,0.136818404796656,0.0236659710089632,0.0175804213143399,0.247114209249385,0.0170986573373596,0.118004258706024,0.218430100747795,"Human_Breast_Andersson_10142021_ST_D5"
"Human_Breast_Andersson_10142021_ST_D5_16x22",0.0881335029558049,0.260720729528166,0.116019233498493,0.0303367708993254,0.00819092854950182,0.181559458847186,0.0135662779021436,0.187126311557053,0.114346786262326,"Human_Breast_Andersson_10142021_ST_D5"
"Human_Breast_Andersson_10142021_ST_D5_16x23",0.0424754175541202,0.378839622929246,0.0718391321556797,0.0339991657609733,0.0784155555929306,0.258256637593457,0.0113997380564521,0.0542260854974685,0.0705486448596719,"Human_Breast_Andersson_10142021_ST_D5"
"Human_Breast_Andersson_10142021_ST_D5_16x24",0.0926751969621321,0.261650923307337,0.142938567509338,0.0313216776644273,0.0555803435481724,0.139949484268705,0.0330191591528608,0.0100779746535503,0.232786672933478,"Human_Breast_Andersson_10142021_ST_D5"
"Human_Breast_Andersson_10142021_ST_D5_16x25",0.0370585277365296,0.333053243066076,0.0961843573247184,0.0541578617087421,0.0913750304268112,0.0988327952925321,0.0153929075729036,0.00818935017974266,0.265755926691944,"Human_Breast_Andersson_10142021_ST_D5"
"Human_Breast_Andersson_10142021_ST_D5_16x8",0.0303782411417085,0.296217298035929,0.021448899130803,0.0393304190737076,0.0366679828234625,0.217601371916884,0.0290889157179633,0.214293907175657,0.114972964983885,"Human_Breast_Andersson_10142021_ST_D5"
"Human_Breast_Andersson_10142021_ST_D5_16x9",0.0269321445706939,0.263839349360078,0.0408391161187239,0.201655019692475,0.119338576461619,0.161807873754056,0.0125507975240598,0.0626290910274454,0.110408031490849,"Human_Breast_Andersson_10142021_ST_D5"
"Human_Breast_Andersson_10142021_ST_D5_17x10",0.00562172400706987,0.152924193507702,0.00978566032971149,0.139140830398918,0.0540858158828473,0.146600873495302,0.0233267795999171,0.362419976343209,0.106094146435324,"Human_Breast_Andersson_10142021_ST_D5"
"Human_Breast_Andersson_10142021_ST_D5_17x11",0.0239537683565558,0.173089713889766,0.023250443813233,0.0256843081552095,0.0148951401522468,0.131280502302633,0.0647350619400766,0.363410450088916,0.179700611301363,"Human_Breast_Andersson_10142021_ST_D5"
"Human_Breast_Andersson_10142021_ST_D5_17x12",0.0129437259673892,0.322643686280734,0.0468781700516748,0.0174278286099839,0.00564431215370198,0.059488335444904,0.0547147448322282,0.175827752658374,0.30443144400101,"Human_Breast_Andersson_10142021_ST_D5"
"Human_Breast_Andersson_10142021_ST_D5_17x13",0.0377052893186848,0.234310195728336,0.10442459819358,0.02270998169065,0.0245091859246453,0.0858627116185789,0.0556371070897094,0.0270369754168078,0.407803955019008,"Human_Breast_Andersson_10142021_ST_D5"
"Human_Breast_Andersson_10142021_ST_D5_17x15",0.031257433986944,0.184409682481985,0.0486456969243382,0.0161107507666588,0.00669783953780382,0.119773320049798,0.0492145741493607,0.189040098074619,0.354850604028492,"Human_Breast_Andersson_10142021_ST_D5"
"Human_Breast_Andersson_10142021_ST_D5_17x16",0.0246924748896715,0.193650321462658,0.0371701933696861,0.0151203236410142,0.00702440309917559,0.0851032482001326,0.0480874072761236,0.25330934810422,0.335842279957318,"Human_Breast_Andersson_10142021_ST_D5"
"Human_Breast_Andersson_10142021_ST_D5_17x17",0.02147714965589,0.213242755660898,0.0489782600568933,0.0178938151184872,0.00949919301226539,0.0975796649922828,0.0654643645021814,0.165611979226782,0.36025281777432,"Human_Breast_Andersson_10142021_ST_D5"
"Human_Breast_Andersson_10142021_ST_D5_17x18",0.0251425757100438,0.271116640249513,0.057414219891891,0.0689131460865074,0.00908004714333341,0.195805417779609,0.01598985546587,0.186550304224034,0.169987793449198,"Human_Breast_Andersson_10142021_ST_D5"
"Human_Breast_Andersson_10142021_ST_D5_17x19",0.0348497750798784,0.361145713034581,0.0881562369770345,0.1010001142089,0.00726368708527656,0.301139774568383,0.00450615454132256,0.0639753334511344,0.0379632110534894,"Human_Breast_Andersson_10142021_ST_D5"
"Human_Breast_Andersson_10142021_ST_D5_17x20",0.0226116207431711,0.211181129751822,0.0176057427559001,0.0304082342318584,0.0229379451024337,0.165540719970137,0.0110470073114293,0.459548304056742,0.0591192960765064,"Human_Breast_Andersson_10142021_ST_D5"
"Human_Breast_Andersson_10142021_ST_D5_17x21",0.0328901075705282,0.272604774711108,0.0280768178687716,0.0404183111652859,0.0596591409084538,0.198141184416944,0.0215028768287255,0.243793752881824,0.10291303364836,"Human_Breast_Andersson_10142021_ST_D5"
"Human_Breast_Andersson_10142021_ST_D5_17x22",0.0338738214297467,0.2721055546537,0.163631217516291,0.138032558232307,0.0156578996838944,0.261410827697413,0.0015745654577444,0.0966881636057277,0.0170253917231768,"Human_Breast_Andersson_10142021_ST_D5"
"Human_Breast_Andersson_10142021_ST_D5_17x23",0.0445354960410345,0.333814605261541,0.101550341847053,0.065441159884944,0.0239086401915112,0.0875504744341098,0.0611560376139196,0.0818840464347618,0.200159198291125,"Human_Breast_Andersson_10142021_ST_D5"
"Human_Breast_Andersson_10142021_ST_D5_17x24",0.0106981705764631,0.284730337518737,0.119662389295198,0.00604727668432241,0.0297783743625207,0.183449662026957,0.0249373537396935,0.165811619468019,0.174884816328089,"Human_Breast_Andersson_10142021_ST_D5"
"Human_Breast_Andersson_10142021_ST_D5_17x25",0.120997568898175,0.229936164630637,0.0255364692889044,0.0130202299889322,0.0211838157781772,0.133553100728566,0.0421247411035257,0.205776836595376,0.207871072987707,"Human_Breast_Andersson_10142021_ST_D5"
"Human_Breast_Andersson_10142021_ST_D5_17x8",0.0187710986051539,0.234713157942358,0.0393493311810643,0.147785043804637,0.0876043175416916,0.181177310426663,0.0344194285205639,0.135534484887386,0.120645827090482,"Human_Breast_Andersson_10142021_ST_D5"
"Human_Breast_Andersson_10142021_ST_D5_17x9",0.032215272561753,0.204342522701838,0.0515564931605145,0.0870457870666311,0.0521513919477713,0.218423190588249,0.0128217309435085,0.195690078958062,0.145753532071672,"Human_Breast_Andersson_10142021_ST_D5"
"Human_Breast_Andersson_10142021_ST_D5_18x10",0.0270995407207077,0.276481515731369,0.0194328231313259,0.0423471984103235,0.0592062903277436,0.0999766869444778,0.0777731776156951,0.243711568458772,0.153971198659585,"Human_Breast_Andersson_10142021_ST_D5"
"Human_Breast_Andersson_10142021_ST_D5_18x11",0.0235733138708209,0.294105312295637,0.0287212657479016,0.0141948060796673,0.00537250678475246,0.209916446688206,0.0167952175929928,0.119283226735328,0.288037904204694,"Human_Breast_Andersson_10142021_ST_D5"
"Human_Breast_Andersson_10142021_ST_D5_18x12",0.0106624452253578,0.225265705459245,0.0616738539052101,0.0202754486688885,0.0419136114946783,0.153931110063828,0.0849279881624069,0.00889796763796691,0.392451869382419,"Human_Breast_Andersson_10142021_ST_D5"
"Human_Breast_Andersson_10142021_ST_D5_18x13",0.0160442672527968,0.154986623924518,0.0147522944781402,0.00961190673455267,0.0100578264387735,0.014974766825687,0.0748875389344369,0.056657191313292,0.648027584097803,"Human_Breast_Andersson_10142021_ST_D5"
"Human_Breast_Andersson_10142021_ST_D5_18x14",0.0241740576357965,0.190431152099919,0.0617986247517903,0.0262497625913024,0.0219174794936629,0.0278151162159927,0.0936383063622454,0.0890016146949398,0.464973886154351,"Human_Breast_Andersson_10142021_ST_D5"
"Human_Breast_Andersson_10142021_ST_D5_18x15",0.0230817502568714,0.190924017644783,0.0931696564193013,0.0125928416349878,0.0436899346934341,0.16482999073121,0.087491854464985,0.0326818458773756,0.351538108277052,"Human_Breast_Andersson_10142021_ST_D5"
"Human_Breast_Andersson_10142021_ST_D5_18x16",0.0154660022302515,0.120160452187938,0.0879940961780485,0.0255322403090543,0.00829246161945524,0.18711596194746,0.0518572428865044,0.136824985959738,0.36675655668155,"Human_Breast_Andersson_10142021_ST_D5"
"Human_Breast_Andersson_10142021_ST_D5_18x17",0.0109282031081158,0.279567739716833,0.013825598979057,0.00651391082737556,0.00416771242251381,0.187567032036996,0.0566562824508556,0.181599484572505,0.259174035885748,"Human_Breast_Andersson_10142021_ST_D5"
"Human_Breast_Andersson_10142021_ST_D5_18x18",0.0267209883890658,0.301648029549458,0.116248842730756,0.0205508458523371,0.00539845297942423,0.202308889465635,0.0320358683765801,0.127828747042438,0.167259335614306,"Human_Breast_Andersson_10142021_ST_D5"
"Human_Breast_Andersson_10142021_ST_D5_18x19",0.0288578647141823,0.261585979809048,0.112236692694789,0.175208078240175,0.00753629040508469,0.263427582300467,0.0040372020332771,0.0961249541903907,0.0509853556125868,"Human_Breast_Andersson_10142021_ST_D5"
"Human_Breast_Andersson_10142021_ST_D5_18x21",0.027342475433068,0.203490832708655,0.0569612946217499,0.110335879126038,0.0939116825005149,0.204598040115402,0.0359734507256663,0.13259814285148,0.134788201917427,"Human_Breast_Andersson_10142021_ST_D5"
"Human_Breast_Andersson_10142021_ST_D5_18x22",0.0257514735828605,0.193340787082472,0.0857494574982601,0.0804931738001154,0.024717643829455,0.180568465773195,0.0474787714934438,0.184433928442818,0.17746629849738,"Human_Breast_Andersson_10142021_ST_D5"
"Human_Breast_Andersson_10142021_ST_D5_18x23",0.0162313936321712,0.151954034914454,0.071010434344417,0.125048314178914,0.248604624233109,0.107812818198002,0.0728557783579741,0.0843607994947537,0.122121802646205,"Human_Breast_Andersson_10142021_ST_D5"
"Human_Breast_Andersson_10142021_ST_D5_18x24",0.100585733950684,0.239436691934067,0.0709930478036864,0.0836200878887918,0.0680254783598549,0.233538351971854,0.0217684469283994,0.0614007949558837,0.120631366206779,"Human_Breast_Andersson_10142021_ST_D5"
"Human_Breast_Andersson_10142021_ST_D5_18x25",0.0234884051030959,0.165393494081046,0.027646382529721,0.135194086030516,0.116915659323856,0.108648408587651,0.0346386585288695,0.142779418153471,0.245295487661774,"Human_Breast_Andersson_10142021_ST_D5"
"Human_Breast_Andersson_10142021_ST_D5_18x8",0.0356118452410394,0.186661013801657,0.0550658330592782,0.16476199966205,0.1394927475548,0.133317283703236,0.00588710889628546,0.177121583759605,0.102080584322048,"Human_Breast_Andersson_10142021_ST_D5"
