"","Endothelial","CAFs","PVL","B-cells","T-cells","Myeloid","Normal Epithelial","Plasmablasts","Cancer Epithelial","sid"
"Human_Breast_He_06222020_ST_BC23209_C1_21x9",0.00375000678379972,0.223009281391842,0.00727647982909216,0.578363570030043,0.00860654873992137,0.067438090706311,0.00187440768450257,0.105517499841081,0.00416411499340746,"Human_Breast_He_06222020_ST_BC23209_C1"
"Human_Breast_He_06222020_ST_BC23209_C1_18x20",0.0635809210702418,0.0183615033617752,0.020850570856687,0.183474755798851,0.072570933501206,0.0875956706297907,0.111525274431357,0.0181071440164874,0.423933226333604,"Human_Breast_He_06222020_ST_BC23209_C1"
"Human_Breast_He_06222020_ST_BC23209_C1_11x23",0.00267534674501278,0.456662630999188,0.0159576207000443,0.0472814650017395,0.00299324510906104,0.126645016980645,0.0456014586850487,0.266265880553044,0.0359173352262167,"Human_Breast_He_06222020_ST_BC23209_C1"
"Human_Breast_He_06222020_ST_BC23209_C1_4x20",0.013500582842232,0.0619299240576537,0.00657684705986093,0.518271212226332,0.015472379767519,0.0692217859044036,0.210345725082449,0.0182249353291125,0.0864566077304376,"Human_Breast_He_06222020_ST_BC23209_C1"
"Human_Breast_He_06222020_ST_BC23209_C1_22x13",0.0169951325816513,0.197821966906626,0.0100942292857471,0.0184087497229127,0.00655472976394561,0.324178445121856,0.00910190188971479,0.386116664767344,0.0307281799602035,"Human_Breast_He_06222020_ST_BC23209_C1"
"Human_Breast_He_06222020_ST_BC23209_C1_11x14",0.0764392242282661,0.0383899005150413,0.0094814165301686,0.194722795662368,0.0253716417080763,0.0669413785502225,0.173496489066247,0.172737126748276,0.242420026991335,"Human_Breast_He_06222020_ST_BC23209_C1"
"Human_Breast_He_06222020_ST_BC23209_C1_8x23",0.0487583052286769,0.0473691341593361,0.0166199626970686,0.318641949828848,0.0727929838848643,0.0417965434784193,0.311799864042464,0.0107870867504532,0.13143416992987,"Human_Breast_He_06222020_ST_BC23209_C1"
"Human_Breast_He_06222020_ST_BC23209_C1_11x17",0.0263723881476813,0.11905301235734,0.0220426282313995,0.467719667510594,0.0365802668810224,0.0540964107951276,0.0629114829732055,0.100256954614071,0.110967188489558,"Human_Breast_He_06222020_ST_BC23209_C1"
"Human_Breast_He_06222020_ST_BC23209_C1_8x16",0.0210943408602509,0.0145925245268916,0.00147001101834852,0.071115663212643,0.0238536312392572,0.177146004087884,0.157604735399782,0.00187172216087966,0.531251367494063,"Human_Breast_He_06222020_ST_BC23209_C1"
"Human_Breast_He_06222020_ST_BC23209_C1_11x12",0.00540454527567669,0.201733435699743,0.00732273652672497,0.493927437170651,0.0135535582087625,0.101270964390951,0.0254627212949999,0.0700467533014859,0.0812778481310048,"Human_Breast_He_06222020_ST_BC23209_C1"
"Human_Breast_He_06222020_ST_BC23209_C1_11x13",0.0716367966029838,0.237385279106991,0.0705777768217431,0.051906408139268,0.0202444513579671,0.120765923823603,0.0350288675034022,0.312526002736085,0.0799284939079567,"Human_Breast_He_06222020_ST_BC23209_C1"
"Human_Breast_He_06222020_ST_BC23209_C1_8x13",0.0384443254096323,0.0697710964179194,0.0132588702699765,0.63796408452605,0.0382671927133476,0.0129203932974022,0.0519699303485849,0.0231595147740826,0.114244592243004,"Human_Breast_He_06222020_ST_BC23209_C1"
"Human_Breast_He_06222020_ST_BC23209_C1_20x8",0.00455460425197168,0.161932050077364,0.0116017882473086,0.110800051284053,0.0029526247560392,0.1234018850716,0.0138015231021434,0.564801525882999,0.00615394732652129,"Human_Breast_He_06222020_ST_BC23209_C1"
"Human_Breast_He_06222020_ST_BC23209_C1_12x9",0.0389735131245422,0.078793676017903,0.0161349151276984,0.331526398286139,0.0196315867734264,0.025765945484818,0.177196042817345,0.244593227868046,0.0673846945000816,"Human_Breast_He_06222020_ST_BC23209_C1"
"Human_Breast_He_06222020_ST_BC23209_C1_20x7",0.000151141839287161,0.079294999299621,0.00119781395983672,0.00697847599037871,0.000132858712276867,0.147772223656315,9.76916819946792e-05,0.763948291156734,0.000426503703555779,"Human_Breast_He_06222020_ST_BC23209_C1"
"Human_Breast_He_06222020_ST_BC23209_C1_20x5",0.000687705290881871,0.155081163235114,0.000844878665481902,0.0109398282596408,0.0183670041391563,0.151525001159478,0.00128964730302138,0.659876632842165,0.00138813910506093,"Human_Breast_He_06222020_ST_BC23209_C1"
"Human_Breast_He_06222020_ST_BC23209_C1_22x14",0.003067846759902,0.248361550282185,0.0130254897800319,0.484143897271683,0.0137031536595104,0.09901285973711,0.00571367347700941,0.120689871941067,0.0122816570915014,"Human_Breast_He_06222020_ST_BC23209_C1"
"Human_Breast_He_06222020_ST_BC23209_C1_23x18",0.0161396388586458,0.148338388740992,0.0111998259645357,0.522524285751268,0.0644491210513272,0.0259266771930401,0.0882324363121791,0.00641366438532056,0.116775961742692,"Human_Breast_He_06222020_ST_BC23209_C1"
"Human_Breast_He_06222020_ST_BC23209_C1_23x15",0.0137936418662444,0.0761634448040964,0.0142330077016518,0.666582374562623,0.0121755461409393,0.0724432104149646,0.00630942560046555,0.10865810930669,0.0296412396023258,"Human_Breast_He_06222020_ST_BC23209_C1"
"Human_Breast_He_06222020_ST_BC23209_C1_23x14",0.0031513189726713,0.150850131880882,0.00591783102157496,0.130534366438657,0.00508845886238606,0.359107286010564,0.00153368773100176,0.338914969872567,0.00490194920969552,"Human_Breast_He_06222020_ST_BC23209_C1"
"Human_Breast_He_06222020_ST_BC23209_C1_23x17",0.0595792039173102,0.039267326594026,0.0112599549517746,0.654660273992413,0.0439635766435509,0.00773819549894395,0.065600147390963,0.0192255663325412,0.0987057546784772,"Human_Breast_He_06222020_ST_BC23209_C1"
"Human_Breast_He_06222020_ST_BC23209_C1_23x16",0.0143901502327068,0.0537052708119243,0.00307897755248471,0.357955453751562,0.129916184901804,0.0151641350018729,0.226466441124482,0.000621523017735592,0.198701863605428,"Human_Breast_He_06222020_ST_BC23209_C1"
"Human_Breast_He_06222020_ST_BC23209_C1_8x22",0.0335795696005592,0.0401464703349721,0.0042159899959965,0.149260415519462,0.0447124674764989,0.0810504639734333,0.173835464828279,0.15744318357782,0.315755974692979,"Human_Breast_He_06222020_ST_BC23209_C1"
"Human_Breast_He_06222020_ST_BC23209_C1_11x15",0.0461612050922884,0.00856648245526707,0.0138557778774227,0.43157202033568,0.0859803573054277,0.0437026836994255,0.043626442894611,0.0317940984875667,0.294740931852311,"Human_Breast_He_06222020_ST_BC23209_C1"
"Human_Breast_He_06222020_ST_BC23209_C1_8x20",0.0190011378308541,0.024254853601853,0.0247135411466291,0.492263948205147,0.0329712103161426,0.0567573101013117,0.207233387800821,0.0056433950762833,0.137161215920958,"Human_Breast_He_06222020_ST_BC23209_C1"
"Human_Breast_He_06222020_ST_BC23209_C1_8x21",0.0118975077158703,0.0324672601333422,0.000962248853229269,0.116901558751043,0.0257471457345062,0.161855099804104,0.396101590282634,0.0609523575647146,0.193115231160557,"Human_Breast_He_06222020_ST_BC23209_C1"
"Human_Breast_He_06222020_ST_BC23209_C1_8x26",0.00186268245410965,0.150574362700662,0.000353840239369041,0.774772450709234,0.00534690256520521,0.0412870718630676,0.00499512481746474,0.0155322929145709,0.00527527173631625,"Human_Breast_He_06222020_ST_BC23209_C1"
"Human_Breast_He_06222020_ST_BC23209_C1_8x27",0.000489748129167158,0.278427105950598,0.00146028437189234,0.000332810696369969,1.45521194337676e-06,0.250142910263804,2.7098454122326e-05,0.468703610775713,0.000414976146389763,"Human_Breast_He_06222020_ST_BC23209_C1"
"Human_Breast_He_06222020_ST_BC23209_C1_8x24",0.00497468307192002,0.0135339187365204,0.00524914630342063,0.354642264605682,0.0410392663675212,0.00540649005150166,0.0747936841426504,0.393639399512833,0.106721147207951,"Human_Breast_He_06222020_ST_BC23209_C1"
"Human_Breast_He_06222020_ST_BC23209_C1_8x25",0.0326381026821078,0.119245660351824,0.0388001383428481,0.32662819252255,0.00706902694907539,0.103518119637545,0.105463907249758,0.216065591944379,0.0505712603199126,"Human_Breast_He_06222020_ST_BC23209_C1"
"Human_Breast_He_06222020_ST_BC23209_C1_11x18",0.00252191238377849,0.0982757587466042,0.00294366480184354,0.696364348186345,0.0197857626416405,0.0546631246605808,0.058999872729748,0.0222033083685908,0.0442422474808689,"Human_Breast_He_06222020_ST_BC23209_C1"
"Human_Breast_He_06222020_ST_BC23209_C1_11x19",0.00468414230403317,0.147111180946182,0.00924155851190398,0.652400079975521,0.0166419789489989,0.0431763484844808,0.0116685073305573,0.0909258631708211,0.0241503403275015,"Human_Breast_He_06222020_ST_BC23209_C1"
"Human_Breast_He_06222020_ST_BC23209_C1_2x15",0.0376097324595251,0.0152841966601135,0.00335258329827816,0.241659837413067,0.067619486804005,0.067996560192885,0.324190677475881,0.0305898544906736,0.211697071205572,"Human_Breast_He_06222020_ST_BC23209_C1"
"Human_Breast_He_06222020_ST_BC23209_C1_2x14",0.0510301667210817,0.0380589381832581,0.0155094444857897,0.0216570669390105,0.0303894836360407,0.243012382867051,0.217739379356611,0.0103360271651372,0.37226711064602,"Human_Breast_He_06222020_ST_BC23209_C1"
"Human_Breast_He_06222020_ST_BC23209_C1_2x17",0.0631706666555179,0.098834211139779,0.0279469373887701,0.150198799584216,0.0127100250707329,0.219353193084615,0.228682238514889,0.00347206438724085,0.195631864174239,"Human_Breast_He_06222020_ST_BC23209_C1"
"Human_Breast_He_06222020_ST_BC23209_C1_2x16",0.29215402295345,0.0284975064871055,0.0136631110791597,0.0189279197262881,0.0181386273591748,0.0816869365726429,0.0437071688160047,0.146694648463358,0.356530058542816,"Human_Breast_He_06222020_ST_BC23209_C1"
"Human_Breast_He_06222020_ST_BC23209_C1_2x13",0.110766141802531,0.0379718156127677,0.100568507221192,0.481418016026463,0.0240946753503197,0.0554890118719942,0.0905841222550697,0.047815538523772,0.0512921713358903,"Human_Breast_He_06222020_ST_BC23209_C1"
"Human_Breast_He_06222020_ST_BC23209_C1_2x19",0.0742194398617919,0.131398845146985,0.0803798925877822,0.138536883098614,0.0285020551726412,0.200691815279815,0.0990328063060067,0.0525393898451757,0.194698872701188,"Human_Breast_He_06222020_ST_BC23209_C1"
"Human_Breast_He_06222020_ST_BC23209_C1_2x18",0.0372390897586706,0.167959554126234,0.0691138691304048,0.0989502793618913,0.0201598892450125,0.100490695968102,0.0483485685345817,0.0130568248793865,0.444681228995716,"Human_Breast_He_06222020_ST_BC23209_C1"
"Human_Breast_He_06222020_ST_BC23209_C1_17x12",0.0124258177664213,0.480959317904893,0.00403460695580876,0.186578506838716,0.0504166568734714,0.0223670192861245,0.0423789544690175,0.00646965381463681,0.19436946609091,"Human_Breast_He_06222020_ST_BC23209_C1"
"Human_Breast_He_06222020_ST_BC23209_C1_17x13",0.00239077814251308,0.318980975056808,0.0167955572008533,0.418283613594068,0.0185472697349491,0.181405536065282,0.0118013204417374,0.00129595653027275,0.0304989932335167,"Human_Breast_He_06222020_ST_BC23209_C1"
"Human_Breast_He_06222020_ST_BC23209_C1_17x10",0.0763250806095293,0.266613932852355,0.0463556575631217,0.15632976314073,0.00245699897367718,0.169142657505702,0.0162853115059993,0.229976616570878,0.0365139812780086,"Human_Breast_He_06222020_ST_BC23209_C1"
"Human_Breast_He_06222020_ST_BC23209_C1_17x11",0.0404091881018537,0.093164167689015,0.0101719751927828,0.55487753179367,0.0259445330719588,0.0826406949424524,0.0873256648429393,0.014904256111449,0.0905619882538792,"Human_Breast_He_06222020_ST_BC23209_C1"
"Human_Breast_He_06222020_ST_BC23209_C1_17x16",0.0181934968657669,0.0402353773267261,0.00977432542119315,0.615058605940478,0.053329731674558,0.0820075231004215,0.058402253741135,0.003882387888232,0.119116298041489,"Human_Breast_He_06222020_ST_BC23209_C1"
"Human_Breast_He_06222020_ST_BC23209_C1_17x17",0.0345986618104091,0.0345487710247323,0.0151714901245362,0.50654145466621,0.077633383856181,0.0419430355766439,0.125855673986285,0.0163794384854856,0.147328090469518,"Human_Breast_He_06222020_ST_BC23209_C1"
"Human_Breast_He_06222020_ST_BC23209_C1_17x14",0.0395678564146603,0.144930633479629,0.155148725333578,0.150730178519395,0.0330428312533511,0.29738271205663,0.012953037092799,0.0705671931491969,0.0956768327007609,"Human_Breast_He_06222020_ST_BC23209_C1"
"Human_Breast_He_06222020_ST_BC23209_C1_17x15",0.0682688524594399,0.209728069382709,0.144138644589701,0.00788873266375002,0.0418948455182388,0.0608796891338196,0.127495107176937,0.0409282195197206,0.298777839555683,"Human_Breast_He_06222020_ST_BC23209_C1"
"Human_Breast_He_06222020_ST_BC23209_C1_17x18",0.0214874760858753,0.145059921264602,0.0354460006594497,0.293318804890636,0.0528730058574912,0.0357727918003982,0.16608362099283,0.00733621201435309,0.242622166434364,"Human_Breast_He_06222020_ST_BC23209_C1"
"Human_Breast_He_06222020_ST_BC23209_C1_10x24",0.0759049243300553,0.230404618367029,0.0175528786990894,0.156068645021095,0.00415356516945236,0.126576662926848,0.0206556744250633,0.300817397956725,0.0678656331046428,"Human_Breast_He_06222020_ST_BC23209_C1"
"Human_Breast_He_06222020_ST_BC23209_C1_10x25",0.00737373131463839,0.0930428978397796,0.00423960733191883,0.27851396209381,0.0175021596101826,0.0566167175412289,0.225825259202447,0.0448005479572746,0.27208511710872,"Human_Breast_He_06222020_ST_BC23209_C1"
"Human_Breast_He_06222020_ST_BC23209_C1_10x22",0.242326291182289,0.0665720868033421,0.127717931368166,0.0111338245197488,0.00670861312518575,0.0791882982847415,0.211012132311519,0.00291494026845523,0.252425882136552,"Human_Breast_He_06222020_ST_BC23209_C1"
"Human_Breast_He_06222020_ST_BC23209_C1_10x23",0.0403815345166126,0.0533675207769236,0.0657142498559357,0.416545472127904,0.0314730502872886,0.0511403599759539,0.298653176233469,0.00625225553006851,0.0364723806958441,"Human_Breast_He_06222020_ST_BC23209_C1"
"Human_Breast_He_06222020_ST_BC23209_C1_10x20",0.0274540583884238,0.106999927606603,0.0146911278318562,0.305816584061537,0.0478441392012863,0.097213772795956,0.125713894619108,0.0708389735857982,0.203427521909431,"Human_Breast_He_06222020_ST_BC23209_C1"
"Human_Breast_He_06222020_ST_BC23209_C1_10x21",0.0486301242698865,0.172355076459354,0.091762831282024,0.336854287472175,0.0466273767513984,0.0834062007288683,0.0467996647098911,0.0415266309929812,0.132037807333421,"Human_Breast_He_06222020_ST_BC23209_C1"
"Human_Breast_He_06222020_ST_BC23209_C1_7x17",0.027167443912882,0.0449413349515822,0.00604458297491196,0.533471201885241,0.0506681489701121,0.0874626441077776,0.111749148215366,0.00595793010729615,0.13253756487483,"Human_Breast_He_06222020_ST_BC23209_C1"
"Human_Breast_He_06222020_ST_BC23209_C1_7x14",0.0242433773127662,0.0343511112052697,0.0159989765903224,0.28726392549877,0.112965674820267,0.0847504048473497,0.0661275032824023,0.00939742747824528,0.364901598964608,"Human_Breast_He_06222020_ST_BC23209_C1"
"Human_Breast_He_06222020_ST_BC23209_C1_7x15",0.0611036859486955,0.128091210579973,0.0131813657026719,0.0801634880713116,0.00851011351051014,0.0930436753839962,0.232647305449865,0.109083917049619,0.274175238303357,"Human_Breast_He_06222020_ST_BC23209_C1"
"Human_Breast_He_06222020_ST_BC23209_C1_7x12",0.00788123049974936,0.0884681587157954,0.00716189666622149,0.338554102107418,0.0102244655326598,0.00666104359174066,0.0436388075011304,0.450975640416413,0.0464346549688723,"Human_Breast_He_06222020_ST_BC23209_C1"
"Human_Breast_He_06222020_ST_BC23209_C1_7x13",0.0208560986851967,0.0886329897690783,0.0203934732425796,0.542194240304398,0.0252016425813485,0.0215174881081456,0.0742716806301269,0.121953473389007,0.0849789132901195,"Human_Breast_He_06222020_ST_BC23209_C1"
"Human_Breast_He_06222020_ST_BC23209_C1_7x18",0.0106497418516325,0.0547144360850944,0.000719132680477663,0.661776201552959,0.0769160265315165,0.00405668685840157,0.0357290091505267,0.0525215725188999,0.102917192770491,"Human_Breast_He_06222020_ST_BC23209_C1"
"Human_Breast_He_06222020_ST_BC23209_C1_7x19",0.12982461462054,0.0277920487265519,0.0144742776450598,0.0943767806179623,0.0312415433265369,0.143111671630969,0.186689915499201,0.101394561719045,0.271094586214134,"Human_Breast_He_06222020_ST_BC23209_C1"
"Human_Breast_He_06222020_ST_BC23209_C1_14x8",0.0239499559580969,0.00888256637013875,0.0114414825351567,0.289499414705465,0.0611024462196509,0.0724999588607357,0.179899250570174,0.0998402330434852,0.252884691737096,"Human_Breast_He_06222020_ST_BC23209_C1"
"Human_Breast_He_06222020_ST_BC23209_C1_21x17",0.00163156411843431,0.244931761430943,0.000904323754217056,0.0668389361658152,0.00738149102712692,0.323885143805717,0.042048821022383,0.0783920315875542,0.23398592708781,"Human_Breast_He_06222020_ST_BC23209_C1"
"Human_Breast_He_06222020_ST_BC23209_C1_21x16",0.0334807936451249,0.216260019691676,0.00734337650108875,0.338607796304378,0.00423295482930623,0.24040257021833,0.0249055647487771,0.0930487083966019,0.0417182156647175,"Human_Breast_He_06222020_ST_BC23209_C1"
"Human_Breast_He_06222020_ST_BC23209_C1_21x15",0.00505172696527099,0.146957424110231,0.0258249784836665,0.36868413532532,0.0434200925324725,0.243396596680306,0.0521065578385145,0.057025357184867,0.0575331308793525,"Human_Breast_He_06222020_ST_BC23209_C1"
"Human_Breast_He_06222020_ST_BC23209_C1_21x14",0.00826925765994146,0.354491858495729,0.0134588588281718,0.263701985304848,0.0373877783152412,0.288398960512283,0.00333041822771146,0.0077256458604913,0.0232352367955836,"Human_Breast_He_06222020_ST_BC23209_C1"
"Human_Breast_He_06222020_ST_BC23209_C1_21x13",0.0291293364499991,0.47586452485746,0.0218109936566664,0.0399288727509577,0.00892913761489682,0.3709353160074,0.00715690669898367,0.00334301104658915,0.0429019009170467,"Human_Breast_He_06222020_ST_BC23209_C1"
"Human_Breast_He_06222020_ST_BC23209_C1_21x12",0.0195849569921682,0.135341244346431,0.0105541476977031,0.448196305687305,0.0670188214381053,0.284502499090616,0.00573087944035154,0.0194533467189764,0.00961779858834347,"Human_Breast_He_06222020_ST_BC23209_C1"
"Human_Breast_He_06222020_ST_BC23209_C1_21x11",0.0188431916525364,0.155243591478037,0.00922880480060462,0.681559795839508,0.00656510744173785,0.0954282979486321,0.000661351114220551,0.0295289465778199,0.00294091314690327,"Human_Breast_He_06222020_ST_BC23209_C1"
"Human_Breast_He_06222020_ST_BC23209_C1_21x10",0.00156679844781164,0.281307210508779,0.0007372593232294,0.184653156752689,0.0107856046535395,0.0881836640663229,0.00393607604152182,0.425060168901605,0.00377006130450251,"Human_Breast_He_06222020_ST_BC23209_C1"
"Human_Breast_He_06222020_ST_BC23209_C1_21x19",0.0312982533919745,0.0391639187831468,0.015632915010202,0.383586108620664,0.103048063588607,0.0560339871993328,0.142546074019583,0.0596303129852176,0.169060366401272,"Human_Breast_He_06222020_ST_BC23209_C1"
"Human_Breast_He_06222020_ST_BC23209_C1_21x18",0.00854466473361267,0.154145487552036,0.00775703705855316,0.0975646850347249,0.0541221165730636,0.0435128638682433,0.244304031279846,0.00463168435718539,0.385417429542735,"Human_Breast_He_06222020_ST_BC23209_C1"
"Human_Breast_He_06222020_ST_BC23209_C1_9x25",0.0140784728021596,0.0507463221840763,0.0134601848360008,0.60530592605992,0.023737130866902,0.0562107947227692,0.0576415289709003,0.078776952317876,0.100042687239396,"Human_Breast_He_06222020_ST_BC23209_C1"
"Human_Breast_He_06222020_ST_BC23209_C1_9x24",0.100760088268854,0.109107486371725,0.0187300439443759,0.0111358744182902,0.000714493920885977,0.301495629159578,0.046863201858086,0.145032088117081,0.266161093941123,"Human_Breast_He_06222020_ST_BC23209_C1"
"Human_Breast_He_06222020_ST_BC23209_C1_9x26",0.0437299159587013,0.371413812341211,0.0585345462526549,0.224505816171361,0.0218574133835611,0.131550705773733,0.0607680911130697,0.0155358897035596,0.0721038093021482,"Human_Breast_He_06222020_ST_BC23209_C1"
"Human_Breast_He_06222020_ST_BC23209_C1_9x21",0.14489374437202,0.0713818330164014,0.0160347400634825,0.11016400362929,0.0454850515920078,0.121380461050473,0.18200254336589,0.0119938550607703,0.296663767849666,"Human_Breast_He_06222020_ST_BC23209_C1"
"Human_Breast_He_06222020_ST_BC23209_C1_9x23",0.0286546923066563,0.137975032142559,0.0392101966625587,0.133458564883202,0.0213888680113127,0.0520994410743529,0.2031143538317,0.066032066238826,0.318066784848833,"Human_Breast_He_06222020_ST_BC23209_C1"
"Human_Breast_He_06222020_ST_BC23209_C1_9x22",0.0566632210508922,0.185525411610802,0.00989997796246553,0.0369332437084349,0.00893706335870293,0.129492103608426,0.302060610399538,0.038981430478951,0.231506937821788,"Human_Breast_He_06222020_ST_BC23209_C1"
"Human_Breast_He_06222020_ST_BC23209_C1_13x23",0.0112341256434214,0.0948566817509519,0.00437933554350115,0.550775690395792,0.0801614553830268,0.00371118523540104,0.216975449582784,0.00145577154064991,0.0364503049244719,"Human_Breast_He_06222020_ST_BC23209_C1"
"Human_Breast_He_06222020_ST_BC23209_C1_13x21",0.0268126809769702,0.0642419327430479,0.013481150915798,0.446251279674222,0.0613196341834133,0.0309966045771175,0.0907165238408224,0.150218097757424,0.115962095331185,"Human_Breast_He_06222020_ST_BC23209_C1"
"Human_Breast_He_06222020_ST_BC23209_C1_13x20",0.016409238693639,0.0285045536113879,0.00426544556170564,0.783738329260509,0.0472870511936925,0.00305509867917802,0.0564646255173547,0.00344356671170452,0.0568320907708284,"Human_Breast_He_06222020_ST_BC23209_C1"
"Human_Breast_He_06222020_ST_BC23209_C1_12x21",0.00715933454918336,0.220903428878133,0.0114408768885077,0.305613784092017,0.0265118733333845,0.0537989256476966,0.0220932799361793,0.283945062720317,0.068533433954582,"Human_Breast_He_06222020_ST_BC23209_C1"
"Human_Breast_He_06222020_ST_BC23209_C1_12x22",0.0344496270808453,0.119500612422325,0.0384798779234882,0.248990168665771,0.0774264420949754,0.0353857537350655,0.176360972021805,0.127872286631572,0.141534259424152,"Human_Breast_He_06222020_ST_BC23209_C1"
"Human_Breast_He_06222020_ST_BC23209_C1_13x24",0.190963957834355,0.0276150685211383,0.017970914233712,0.0179841299599328,0.00468431876118181,0.306696954535685,0.200245634142483,0.00054496975513629,0.233294052256376,"Human_Breast_He_06222020_ST_BC23209_C1"
"Human_Breast_He_06222020_ST_BC23209_C1_5x22",0.0415446289128979,0.0139210790662777,0.0161450307458136,0.752451177550242,0.052355477894209,0.0415888979282251,0.00726648199887974,0.00435392789895482,0.0703732980044999,"Human_Breast_He_06222020_ST_BC23209_C1"
"Human_Breast_He_06222020_ST_BC23209_C1_8x19",0.0330301560107152,0.0160689243336113,0.031453269193036,0.465812449316012,0.0373166704895427,0.0473667724187595,0.28892079373332,0.0013197047841184,0.0787112597208856,"Human_Breast_He_06222020_ST_BC23209_C1"
"Human_Breast_He_06222020_ST_BC23209_C1_3x22",0.0734551336928617,0.0351816814358104,0.0174536615858852,0.28391656443113,0.0226562355087935,0.180059826481642,0.0805958292193672,0.0119203192344724,0.294760748410037,"Human_Breast_He_06222020_ST_BC23209_C1"
"Human_Breast_He_06222020_ST_BC23209_C1_3x21",0.00713536062415333,0.0870234389896343,0.00686160971521557,0.119238766038285,0.0176655337100419,0.232240359837911,0.249779419050658,0.0218432976410947,0.258212214393006,"Human_Breast_He_06222020_ST_BC23209_C1"
"Human_Breast_He_06222020_ST_BC23209_C1_3x20",0.00250158410987036,0.0373710703695734,0.0044052131264019,0.786966216310908,0.00912316848485025,0.0301300208701219,0.0249410793594589,0.0478403264950203,0.0567213208737945,"Human_Breast_He_06222020_ST_BC23209_C1"
"Human_Breast_He_06222020_ST_BC23209_C1_11x21",0.00336850316578901,0.0875850183834382,0.0027083987517199,0.652734939065083,0.00728801701752479,0.0730597289959951,0.00442763313370046,0.150671827557677,0.018155933929073,"Human_Breast_He_06222020_ST_BC23209_C1"
"Human_Breast_He_06222020_ST_BC23209_C1_11x22",0.00910322829333963,0.41794858925411,0.0335892786134059,0.097158852352559,0.0100680573238075,0.0560609641728348,0.271653692921204,0.0539564364278527,0.0504609006408866,"Human_Breast_He_06222020_ST_BC23209_C1"
"Human_Breast_He_06222020_ST_BC23209_C1_18x19",0.0391837877211135,0.160053658965376,0.0184786569140856,0.252208497378436,0.072051254841263,0.0531068681130394,0.086461437097597,0.00556313034987262,0.312892708619217,"Human_Breast_He_06222020_ST_BC23209_C1"
"Human_Breast_He_06222020_ST_BC23209_C1_18x17",0.00989593688982008,0.159793129599997,0.00338172177874508,0.287334806233796,0.0683013954396215,0.196667188651558,0.051397448987752,0.0118357161814573,0.211392656237253,"Human_Breast_He_06222020_ST_BC23209_C1"
"Human_Breast_He_06222020_ST_BC23209_C1_18x15",0.0891812566637389,0.271932654963845,0.023661083964653,0.00847854019620265,0.0110278306581095,0.521061229635892,0.00132119915848841,0.0604604171964612,0.0128757875626089,"Human_Breast_He_06222020_ST_BC23209_C1"
"Human_Breast_He_06222020_ST_BC23209_C1_17x20",0.0853832888670256,0.120186216336648,0.0347997749944138,0.250135923709615,0.0471720614279664,0.169954078872298,0.111265068277963,0.0322327169028942,0.148870870611175,"Human_Breast_He_06222020_ST_BC23209_C1"
"Human_Breast_He_06222020_ST_BC23209_C1_18x9",0.00138946038435693,0.253769746043108,0.00966386471140026,0.1928896737813,0.00520559807654958,0.285099789837305,0.00199372032940584,0.241571908378849,0.00841623845772543,"Human_Breast_He_06222020_ST_BC23209_C1"
"Human_Breast_He_06222020_ST_BC23209_C1_18x8",0.00490220107911783,0.161771934398841,0.00269541620405894,0.255396769327195,0.0045460375842623,0.166959771874355,0.00450068233253256,0.383070206727325,0.0161569804723125,"Human_Breast_He_06222020_ST_BC23209_C1"
"Human_Breast_He_06222020_ST_BC23209_C1_18x7",0.00160410338478463,0.0405853771029436,0.000573791891364368,0.608648603932939,0.0303106994586213,0.151416224346093,0.0115342617885242,0.110830462912382,0.0444964751823486,"Human_Breast_He_06222020_ST_BC23209_C1"
"Human_Breast_He_06222020_ST_BC23209_C1_18x6",0.000614178016079802,0.000382864614901839,4.96101143448215e-05,0.101897549535974,0.000138806923593157,0.353281985589387,0.212020299122496,0.323631015444468,0.00798369063875604,"Human_Breast_He_06222020_ST_BC23209_C1"
"Human_Breast_He_06222020_ST_BC23209_C1_6x12",0.00623262189212616,0.0417888370538446,0.00289200996753361,0.576283858659277,0.0221876743289476,0.00881026403200934,0.030814559148136,0.245189998321728,0.065800176596398,"Human_Breast_He_06222020_ST_BC23209_C1"
"Human_Breast_He_06222020_ST_BC23209_C1_6x15",0.000857537980535411,0.179716172203768,0.000678453129737424,0.442394878270056,0.034370927851517,0.000581365028126891,0.219741150239403,0.0713012281550828,0.0503582871417731,"Human_Breast_He_06222020_ST_BC23209_C1"
"Human_Breast_He_06222020_ST_BC23209_C1_2x20",0.0110018156504845,0.0124963000008837,0.0080153274645957,0.711971897731705,0.0100112915374261,0.046875858520925,0.0490641951135878,0.0169569180524352,0.133606395927958,"Human_Breast_He_06222020_ST_BC23209_C1"
"Human_Breast_He_06222020_ST_BC23209_C1_5x19",0.140989289292674,0.134747641686942,0.0216717696341912,0.073223272162277,0.011180736795106,0.329218743682133,0.180837429694211,0.000363679712051643,0.107767437340413,"Human_Breast_He_06222020_ST_BC23209_C1"
"Human_Breast_He_06222020_ST_BC23209_C1_11x16",0.00429169732981337,0.0468870382793084,0.00581417416070904,0.337320525235333,0.110421493825784,0.0254288250405441,0.0810754162833301,0.0187961545923014,0.369964675252876,"Human_Breast_He_06222020_ST_BC23209_C1"
"Human_Breast_He_06222020_ST_BC23209_C1_14x21",0.0021751494164652,0.182508498780889,0.00492951975166255,0.430169026164051,0.0592751989180345,0.0719219511932396,0.0685936463751978,0.12843988976823,0.0519871196322293,"Human_Breast_He_06222020_ST_BC23209_C1"
"Human_Breast_He_06222020_ST_BC23209_C1_14x9",0.0460105400142246,0.0793028025007099,0.0425823548921094,0.287312004091366,0.019649781201295,0.240896853542777,0.0226157852401146,0.00861900970888745,0.253010868808516,"Human_Breast_He_06222020_ST_BC23209_C1"
"Human_Breast_He_06222020_ST_BC23209_C1_14x17",0.0442849240655789,0.147361793017043,0.0317004543008515,0.350502839705069,0.116620891847451,0.142430673131696,0.0178314200150074,0.0207367570144285,0.128530246902875,"Human_Breast_He_06222020_ST_BC23209_C1"
"Human_Breast_He_06222020_ST_BC23209_C1_4x13",0.0200731754589654,0.0503105633868387,0.0320491955380593,0.226484921977609,0.0282027000232858,0.0543222697003452,0.127036423791473,0.318804374972706,0.142716375150717,"Human_Breast_He_06222020_ST_BC23209_C1"
"Human_Breast_He_06222020_ST_BC23209_C1_4x12",0.0585721233967518,0.0165621059025146,0.00549543556471931,0.17665613889188,0.0495186345711699,0.0604621936434129,0.331010961048523,0.0514334433735062,0.250288963607522,"Human_Breast_He_06222020_ST_BC23209_C1"
"Human_Breast_He_06222020_ST_BC23209_C1_4x17",0.0202893825671167,0.0182061982604726,0.00619588387873857,0.644328873510898,0.0369669177216593,0.0246013622892866,0.0622710388602021,0.10664668108521,0.0804936618264159,"Human_Breast_He_06222020_ST_BC23209_C1"
"Human_Breast_He_06222020_ST_BC23209_C1_4x16",0.100934363068618,0.0291690981443403,0.00897569627396922,0.2238506163923,0.0669420928892972,0.0898316632797521,0.12435449394053,0.0836521013648923,0.272289874646301,"Human_Breast_He_06222020_ST_BC23209_C1"
"Human_Breast_He_06222020_ST_BC23209_C1_4x15",0.109589226077272,0.0504750275719872,0.0155116567360921,0.107063252981701,0.0316599045706043,0.127983538151807,0.178587402322513,0.0744232109586678,0.304706780629355,"Human_Breast_He_06222020_ST_BC23209_C1"
"Human_Breast_He_06222020_ST_BC23209_C1_4x14",0.00441969647678326,0.155561680008163,0.00746795985370559,0.197625261724394,0.00643299212891737,0.0793904005310994,0.00742324752851044,0.520645052224633,0.0210337095237941,"Human_Breast_He_06222020_ST_BC23209_C1"
"Human_Breast_He_06222020_ST_BC23209_C1_4x19",0.0186343402665865,0.155191884134649,0.0181750127661031,0.541555710469608,0.0526579963829262,0.0965007743494715,0.0500374656934339,0.00477258650849694,0.0624742294287243,"Human_Breast_He_06222020_ST_BC23209_C1"
"Human_Breast_He_06222020_ST_BC23209_C1_4x18",0.00156286729055939,0.0789396690967264,0.00287706494452312,0.780712764313996,0.0176326226186262,0.0268182531184199,0.0282736677987403,0.00707361479981109,0.0561094760185976,"Human_Breast_He_06222020_ST_BC23209_C1"
"Human_Breast_He_06222020_ST_BC23209_C1_24x16",0.0508101992299433,0.134296040108462,0.0179699100894048,0.14743274851102,0.02698881331916,0.16634472781003,0.144909445611346,0.0648330230414277,0.246415092279206,"Human_Breast_He_06222020_ST_BC23209_C1"
"Human_Breast_He_06222020_ST_BC23209_C1_24x15",0.0100780808673244,0.0308901569793924,0.00164164510034755,0.680488570375846,0.0300975498084418,0.0135466533450597,0.035321938008228,0.0104246711149027,0.187510734400457,"Human_Breast_He_06222020_ST_BC23209_C1"
"Human_Breast_He_06222020_ST_BC23209_C1_14x14",0.148131163358832,0.0591833671379669,0.0202310395702503,0.0924776201338833,0.0130170829554689,0.0491496352048607,0.38809935011684,0.00401623820402927,0.225694503317868,"Human_Breast_He_06222020_ST_BC23209_C1"
"Human_Breast_He_06222020_ST_BC23209_C1_16x9",0.0119230251870356,0.0981962472684287,0.000801105121405895,0.525694696691622,0.0196948815999673,0.116883024490322,0.124570906907263,0.0214932486778029,0.0807428640561527,"Human_Breast_He_06222020_ST_BC23209_C1"
"Human_Breast_He_06222020_ST_BC23209_C1_16x8",0.00950576203143917,0.0949976183747278,0.0117919603864985,0.477234918423971,0.0497184559678686,0.0205320369828926,0.084852391771277,0.0583776121906673,0.192989243870658,"Human_Breast_He_06222020_ST_BC23209_C1"
"Human_Breast_He_06222020_ST_BC23209_C1_14x16",0.0171085207079432,0.136428948128718,0.00878532178970088,0.54547236394987,0.0473348647355345,0.101399254845392,0.064775131646304,0.00438398453654493,0.0743116096599917,"Human_Breast_He_06222020_ST_BC23209_C1"
"Human_Breast_He_06222020_ST_BC23209_C1_8x12",0.020514978860093,0.0627214898652802,0.0137891499408679,0.597873643696636,0.0488910314992096,0.020219751237244,0.126010018488271,0.00814270516200987,0.101837231250389,"Human_Breast_He_06222020_ST_BC23209_C1"
"Human_Breast_He_06222020_ST_BC23209_C1_8x11",0.0785283414720552,0.048816515620664,0.0185793394578896,0.19733752217638,0.0548338152857347,0.0204037627235203,0.280834039824337,0.121164384321419,0.179502279118,"Human_Breast_He_06222020_ST_BC23209_C1"
"Human_Breast_He_06222020_ST_BC23209_C1_22x12",0.0118290804945049,0.121576637047544,0.0279345752047978,0.43817248129803,0.025396024410212,0.255854552831323,0.0121357590772425,0.0708098592922853,0.0362910303440614,"Human_Breast_He_06222020_ST_BC23209_C1"
"Human_Breast_He_06222020_ST_BC23209_C1_12x14",0.00783093507070193,0.211611525680527,0.00846392379200392,0.249466169814432,0.0110472858124626,0.0314918631771046,0.0613568178860713,0.310046544671471,0.108684934095225,"Human_Breast_He_06222020_ST_BC23209_C1"
"Human_Breast_He_06222020_ST_BC23209_C1_12x17",0.0130913181019079,0.14947109772854,0.00297073409043834,0.533179815875462,0.0541340903878067,0.0452770795851744,0.0205498220817806,0.14093628995564,0.0403897521932498,"Human_Breast_He_06222020_ST_BC23209_C1"
"Human_Breast_He_06222020_ST_BC23209_C1_22x16",0.0256353795033066,0.18863511111965,0.0232007187004992,0.443850866334218,0.0223277449758693,0.138217517180802,0.0169489897327921,0.0509904285861461,0.0901932438667173,"Human_Breast_He_06222020_ST_BC23209_C1"
"Human_Breast_He_06222020_ST_BC23209_C1_12x10",0.0144227486705798,0.0871321631359712,0.0106683518327393,0.736241488172483,0.0129554308190119,0.0128618576637509,0.0268767776637028,0.0748234276341941,0.0240177544075666,"Human_Breast_He_06222020_ST_BC23209_C1"
"Human_Breast_He_06222020_ST_BC23209_C1_12x13",0.0171867073209482,0.141561373593163,0.0114899083020296,0.711480215466082,0.0174819302725246,0.0103691639775785,0.0107479837635891,0.0328812149176893,0.0468015023863959,"Human_Breast_He_06222020_ST_BC23209_C1"
"Human_Breast_He_06222020_ST_BC23209_C1_12x12",0.000749142571641862,0.137118839505825,0.00073861513775224,0.539478298833104,0.0127623564379272,0.0018630666093928,0.0154358704956254,0.256450285507756,0.0354035249009762,"Human_Breast_He_06222020_ST_BC23209_C1"
"Human_Breast_He_06222020_ST_BC23209_C1_22x18",0.0414377641548957,0.157917606845766,0.0528345218938214,0.321319134045609,0.037210361574882,0.207001189240654,0.0600143510606518,0.00204590378383471,0.120219167399885,"Human_Breast_He_06222020_ST_BC23209_C1"
"Human_Breast_He_06222020_ST_BC23209_C1_12x19",0.0142933584054582,0.284233923974505,0.0447237885974924,0.625804293648214,0.00976484804545014,0.00666512081116594,0.00306203452337839,0.00419785057777569,0.00725478141656034,"Human_Breast_He_06222020_ST_BC23209_C1"
"Human_Breast_He_06222020_ST_BC23209_C1_12x18",0.0523860857118779,0.346142836321413,0.156826081983134,0.173139758484057,0.00921773318052785,0.108073472718303,0.0130773400516813,0.114075735962459,0.0270609555865475,"Human_Breast_He_06222020_ST_BC23209_C1"
"Human_Breast_He_06222020_ST_BC23209_C1_9x18",0.051094900981554,0.0295788611811548,0.00929581895045785,0.307545037603903,0.0573246421063851,0.131794034126992,0.128759869015206,0.0501427346241107,0.234464101410236,"Human_Breast_He_06222020_ST_BC23209_C1"
"Human_Breast_He_06222020_ST_BC23209_C1_9x19",0.0623020344909971,0.0525228207715615,0.0172146708583158,0.0574806159446408,0.0131028786333118,0.161005550995359,0.494554269631612,0.0120329648469689,0.129784193827233,"Human_Breast_He_06222020_ST_BC23209_C1"
"Human_Breast_He_06222020_ST_BC23209_C1_9x14",0.043674982485095,0.0271473342649465,0.0174504889786059,0.614010868727518,0.065655819183748,0.0150954999485705,0.10285003071276,0.0142096891740562,0.0999052865247,"Human_Breast_He_06222020_ST_BC23209_C1"
"Human_Breast_He_06222020_ST_BC23209_C1_9x16",0.0472307043898045,0.0126039492384028,0.00899260879571144,0.521443096200173,0.0429541092389181,0.0322126220059857,0.103233746928656,0.0100543769285609,0.221274786273787,"Human_Breast_He_06222020_ST_BC23209_C1"
"Human_Breast_He_06222020_ST_BC23209_C1_9x17",0.00459952629228265,0.016832883778747,0.00132709865166918,0.359630027911067,0.0399700964472702,0.0271004361887057,0.342071198646826,0.00254433980457982,0.205924392278852,"Human_Breast_He_06222020_ST_BC23209_C1"
"Human_Breast_He_06222020_ST_BC23209_C1_9x10",0.00172029045431637,0.00256744576191719,0.000558010437981608,0.775526004541629,0.0285760591621615,0.00155127526861634,0.102895859772264,0.00114703384346494,0.0854580207576494,"Human_Breast_He_06222020_ST_BC23209_C1"
"Human_Breast_He_06222020_ST_BC23209_C1_9x12",0.016559296097586,0.037237656566175,0.00252802479090327,0.727769424073115,0.0297513922776908,0.0369761605480116,0.02430499956661,0.00138508850773414,0.123487957572174,"Human_Breast_He_06222020_ST_BC23209_C1"
"Human_Breast_He_06222020_ST_BC23209_C1_5x16",0.0348524683528553,0.157233115450482,0.0151137240412871,0.288297584887545,0.0266351538505396,0.0895810967512359,0.0617768118752038,0.112442564529657,0.214067480261194,"Human_Breast_He_06222020_ST_BC23209_C1"
"Human_Breast_He_06222020_ST_BC23209_C1_8x18",0.0155316214163781,0.0118489734889114,0.00623157696259536,0.664960126050096,0.0735769886268323,0.0158553031541548,0.0736691756740653,0.0035939334126895,0.134732301214278,"Human_Breast_He_06222020_ST_BC23209_C1"
"Human_Breast_He_06222020_ST_BC23209_C1_9x15",0.037777520723012,0.0236430589229972,0.00991527769615407,0.663386440730877,0.0601655054429349,0.0290988909045256,0.0243299822521663,0.00409299495629698,0.147590328371036,"Human_Breast_He_06222020_ST_BC23209_C1"
"Human_Breast_He_06222020_ST_BC23209_C1_15x18",0.0165376131406104,0.013363399425647,0.00319278126835657,0.604135037231333,0.117255254478188,0.00911664811822295,0.0585678021766469,0.0037474319601372,0.174084032200858,"Human_Breast_He_06222020_ST_BC23209_C1"
"Human_Breast_He_06222020_ST_BC23209_C1_15x19",0.0455461584389933,0.0402791930306014,0.0202010463082723,0.517078557931224,0.0480935030761557,0.019882181887235,0.137183348864039,0.00609410175336231,0.165641908710117,"Human_Breast_He_06222020_ST_BC23209_C1"
"Human_Breast_He_06222020_ST_BC23209_C1_15x10",0.0119291341575503,0.144240317853996,0.00792854363240244,0.588296178565408,0.0203338461227662,0.0878292791423403,0.0295217205055506,0.0312968466885414,0.0786241333314446,"Human_Breast_He_06222020_ST_BC23209_C1"
"Human_Breast_He_06222020_ST_BC23209_C1_15x11",0.0145730816741539,0.0974074476827271,0.0127148933021061,0.610490404941407,0.0704282197138151,0.00883470281352122,0.101763205062655,0.00794603227024491,0.0758420125393698,"Human_Breast_He_06222020_ST_BC23209_C1"
"Human_Breast_He_06222020_ST_BC23209_C1_15x12",0.0071087448411236,0.215696938870068,0.0141232978664226,0.483187893884356,0.0803452894002283,0.00741074541473433,0.030657992793623,0.00785707109684264,0.153612025832602,"Human_Breast_He_06222020_ST_BC23209_C1"
"Human_Breast_He_06222020_ST_BC23209_C1_15x13",0.024907604776697,0.327530099154705,0.0174282853392563,0.307369291962431,0.0498170123772512,0.0170495378178154,0.0810160008724696,0.0218373712830112,0.153044796416363,"Human_Breast_He_06222020_ST_BC23209_C1"
"Human_Breast_He_06222020_ST_BC23209_C1_15x14",0.0583304615697076,0.176778374284576,0.0386547516015692,0.0944729086310533,0.0430222668582175,0.213177788133725,0.0989878079766259,0.0649095956339688,0.211666045310556,"Human_Breast_He_06222020_ST_BC23209_C1"
"Human_Breast_He_06222020_ST_BC23209_C1_15x15",0.0310979699636576,0.190602930046331,0.0592582806559722,0.441877941208922,0.0417821719475878,0.0383572879766107,0.0751258823864626,0.00102794129042924,0.120869594524026,"Human_Breast_He_06222020_ST_BC23209_C1"
"Human_Breast_He_06222020_ST_BC23209_C1_15x17",0.031795274192034,0.0252766837774017,0.00515049971280078,0.170198658618656,0.0663315879980668,0.116133670701526,0.139773967130197,0.0053294258246301,0.440010232044688,"Human_Breast_He_06222020_ST_BC23209_C1"
"Human_Breast_He_06222020_ST_BC23209_C1_17x21",0.0313863075758988,0.211648047325007,0.0630951906390926,0.510687948554284,0.0253691404990511,0.0357395786345436,0.0160872347947043,0.0876707441211168,0.0183158078563025,"Human_Breast_He_06222020_ST_BC23209_C1"
"Human_Breast_He_06222020_ST_BC23209_C1_10x13",0.0608064779490636,0.097198045072071,0.017998319838858,0.492627373615954,0.0409134983359459,0.0251551062062806,0.0880850839127342,0.0339323128913555,0.143283782177737,"Human_Breast_He_06222020_ST_BC23209_C1"
"Human_Breast_He_06222020_ST_BC23209_C1_10x12",0.0481498020710185,0.0696121077321254,0.0108257900088086,0.545571655639459,0.0742223648441514,0.0473804040155504,0.0553028837262427,0.0206554093861957,0.128279582576448,"Human_Breast_He_06222020_ST_BC23209_C1"
