"","Endothelial","CAFs","PVL","B-cells","T-cells","Myeloid","Normal Epithelial","Plasmablasts","Cancer Epithelial","sid"
"Human_Breast_He_06222020_ST_BC23803_E2_23x20",0.0382696054502657,0.0823937917969392,0.0444712353599354,0.293551543464264,0.0483951468321599,0.160003339283525,0.174367569030099,0.00458763349648738,0.153960135286325,"Human_Breast_He_06222020_ST_BC23803_E2"
"Human_Breast_He_06222020_ST_BC23803_E2_23x21",0.0753679563731282,0.10032724861575,0.0736646203576918,0.112145095103076,0.0391582351307885,0.195166348411932,0.184324236954044,0.0203340825358606,0.199512176517729,"Human_Breast_He_06222020_ST_BC23803_E2"
"Human_Breast_He_06222020_ST_BC23803_E2_23x22",0.0430253270772566,0.0747616551793024,0.0781410815204826,0.328226138642241,0.0333465332311756,0.158710190632852,0.129350509296317,0.006782581029887,0.147655983390486,"Human_Breast_He_06222020_ST_BC23803_E2"
"Human_Breast_He_06222020_ST_BC23803_E2_23x23",0.107407468037945,0.142982963827156,0.0608262108306549,0.0514855004140896,0.0134360690009175,0.327943622974658,0.107677423128521,0.0404782052894441,0.147762536496614,"Human_Breast_He_06222020_ST_BC23803_E2"
"Human_Breast_He_06222020_ST_BC23803_E2_23x25",0.0173080483252196,0.483783903955719,0.0219721333751012,0.00184116145704747,0.00464143953926162,0.0429549965698204,0.39687732270322,4.8171912444175e-05,0.030572822162166,"Human_Breast_He_06222020_ST_BC23803_E2"
"Human_Breast_He_06222020_ST_BC23803_E2_23x27",0.028811783140856,0.047957498727376,0.0215881408322073,0.385375906357995,0.0633224006560628,0.144810174644752,0.162719241247439,0.00851266373438695,0.136902190658925,"Human_Breast_He_06222020_ST_BC23803_E2"
"Human_Breast_He_06222020_ST_BC23803_E2_23x28",0.0226814881677659,0.0535835236734647,0.0279049698296818,0.385377118267893,0.0782089298051512,0.0739591654186493,0.200907618905325,0.0414227703250503,0.115954415607019,"Human_Breast_He_06222020_ST_BC23803_E2"
"Human_Breast_He_06222020_ST_BC23803_E2_24x29",0.0221880481889617,0.0420056476686052,0.0179501159733062,0.369176558286395,0.0729880606095635,0.110406743453594,0.194248642991689,0.00819034127156906,0.162845841556316,"Human_Breast_He_06222020_ST_BC23803_E2"
"Human_Breast_He_06222020_ST_BC23803_E2_30x17",0.0163656448079773,0.0511105368845244,0.0488213357349005,0.124693083653708,0.0589294128096997,0.192784970063488,0.283348844209147,0.0384256037633546,0.185520568073199,"Human_Breast_He_06222020_ST_BC23803_E2"
"Human_Breast_He_06222020_ST_BC23803_E2_24x28",0.0361662884907171,0.0439763707932638,0.0180312449249878,0.459905603225493,0.0645931289677509,0.0817550246480384,0.170896313412464,0.00753097329038526,0.117145052246899,"Human_Breast_He_06222020_ST_BC23803_E2"
"Human_Breast_He_06222020_ST_BC23803_E2_18x28",0.0434285887731987,0.060897923594743,0.0370538411686918,0.392072620440772,0.0681142602967997,0.100677195851392,0.158489083062111,0.0137197719017437,0.125546714910548,"Human_Breast_He_06222020_ST_BC23803_E2"
"Human_Breast_He_06222020_ST_BC23803_E2_18x29",0.0565139298443939,0.0311867941928228,0.0366099578241154,0.309511334978536,0.0810030877908349,0.157027396001084,0.141628302218092,0.00592290363938055,0.18059629351074,"Human_Breast_He_06222020_ST_BC23803_E2"
"Human_Breast_He_06222020_ST_BC23803_E2_18x26",0.0507675088910103,0.148225538766221,0.0534363096247836,0.124739998919245,0.015759307335083,0.324053858409927,0.121821383205309,0.00194500589367441,0.159251088954746,"Human_Breast_He_06222020_ST_BC23803_E2"
"Human_Breast_He_06222020_ST_BC23803_E2_18x27",0.0294914711037829,0.107792315426638,0.0509179296224897,0.178676509102382,0.0441204959005767,0.205464733233781,0.169519901772648,0.0268331635267972,0.187183480310905,"Human_Breast_He_06222020_ST_BC23803_E2"
"Human_Breast_He_06222020_ST_BC23803_E2_18x24",0.00529877576541545,0.0459355358587798,0.0144681686459177,0.179174489487063,0.0651302886054056,0.319299480017283,0.131162946049095,0.127914089913638,0.111616225657402,"Human_Breast_He_06222020_ST_BC23803_E2"
"Human_Breast_He_06222020_ST_BC23803_E2_18x25",0.0565044988272623,0.245520109694559,0.0900954383567325,0.0390703553747851,0.0202686602923291,0.281894289469936,0.103864967861465,0.0145633354466659,0.148218344676265,"Human_Breast_He_06222020_ST_BC23803_E2"
"Human_Breast_He_06222020_ST_BC23803_E2_18x22",0.0416594798175231,0.17387989481586,0.0469279984504182,0.048139775225949,0.00828971480546008,0.318920551308063,0.238461249940892,0.0195689305983997,0.104152405037434,"Human_Breast_He_06222020_ST_BC23803_E2"
"Human_Breast_He_06222020_ST_BC23803_E2_18x23",0.508405057457361,0.141834198529025,0.109510999986452,0.0129808652624347,0.000740707074207466,0.139902365905272,0.0152353071077502,0.000498985407604437,0.0708915132698933,"Human_Breast_He_06222020_ST_BC23803_E2"
"Human_Breast_He_06222020_ST_BC23803_E2_18x20",0.0282845589149422,0.0548053222714279,0.0532242597083851,0.342116444294893,0.0654884346811815,0.149094967563915,0.124319368030824,0.0161776035077856,0.166489041026646,"Human_Breast_He_06222020_ST_BC23803_E2"
"Human_Breast_He_06222020_ST_BC23803_E2_18x21",0.0798622333258836,0.10678992160658,0.0300487648980029,0.00616238920441813,0.0137740131623114,0.256694665713645,0.21179009052799,0.015642415608481,0.279235505952687,"Human_Breast_He_06222020_ST_BC23803_E2"
"Human_Breast_He_06222020_ST_BC23803_E2_24x26",0.122173489790707,0.188654666730403,0.0467837301594166,0.000426895645494421,0.0026420787457179,0.28690772050961,0.0384151759753709,0.00030337727936793,0.313692865163912,"Human_Breast_He_06222020_ST_BC23803_E2"
"Human_Breast_He_06222020_ST_BC23803_E2_20x27",0.055074763258033,0.0751137437912958,0.0638351996036248,0.167672431767069,0.0959736311557915,0.152254302488982,0.203417350820866,0.00763853932046139,0.179020037793877,"Human_Breast_He_06222020_ST_BC23803_E2"
"Human_Breast_He_06222020_ST_BC23803_E2_24x21",0.0347389561235361,0.144473364243888,0.0539254803038758,0.0614399639876834,0.0243705678788051,0.259943320045039,0.263288821739519,0.016671824563236,0.141147701114417,"Human_Breast_He_06222020_ST_BC23803_E2"
"Human_Breast_He_06222020_ST_BC23803_E2_20x26",0.0463551266066939,0.106659735082387,0.0398424940248346,0.0822255591331144,0.00935567232878327,0.345987167491549,0.218493752518736,0.00666790494723943,0.144412587866663,"Human_Breast_He_06222020_ST_BC23803_E2"
"Human_Breast_He_06222020_ST_BC23803_E2_24x20",0.079097638958026,0.103556103413694,0.104132642548165,0.0391375004787442,0.018170590789343,0.152756259376719,0.312336600521965,0.00444128660280159,0.186371377310542,"Human_Breast_He_06222020_ST_BC23803_E2"
"Human_Breast_He_06222020_ST_BC23803_E2_23x24",0.0729249959112275,0.0598279866162541,0.109947225795636,0.126240178251071,0.19793880420083,0.0649678063952792,0.298174101808464,0.000532745346216237,0.0694461556750207,"Human_Breast_He_06222020_ST_BC23803_E2"
"Human_Breast_He_06222020_ST_BC23803_E2_23x29",0.0354925354847594,0.0329656380854385,0.0201156305437282,0.558485504582604,0.0337029815390207,0.0530105958235797,0.163620668056543,0.0050212561893124,0.0975851896950141,"Human_Breast_He_06222020_ST_BC23803_E2"
"Human_Breast_He_06222020_ST_BC23803_E2_30x23",0.0851573888046637,0.0481037775019705,0.0505779143797568,0.00752370466056771,0.0275541728539704,0.270046840360557,0.338152189924453,0.00110978992063329,0.171774221593427,"Human_Breast_He_06222020_ST_BC23803_E2"
"Human_Breast_He_06222020_ST_BC23803_E2_11x15",0.0436395193289817,0.0803218293634819,0.0439662381027133,0.191632836799153,0.0279936103532757,0.225123391492065,0.243040631272803,0.00989675621223499,0.134385187075291,"Human_Breast_He_06222020_ST_BC23803_E2"
"Human_Breast_He_06222020_ST_BC23803_E2_11x16",0.0275485234015393,0.16266518895346,0.0779341779705457,0.0102300976342861,0.00437865538540004,0.331612011660311,0.177481712894616,0.00381618388517222,0.20433344821467,"Human_Breast_He_06222020_ST_BC23803_E2"
"Human_Breast_He_06222020_ST_BC23803_E2_8x21",0.034000015290027,0.0489428724207063,0.0332936052273516,0.532948020934452,0.0666177138995502,0.0431638189977664,0.116833691913535,0.00309557690809681,0.121104684408514,"Human_Breast_He_06222020_ST_BC23803_E2"
"Human_Breast_He_06222020_ST_BC23803_E2_16x29",0.0219732757422136,0.0304700302536481,0.0295963387934693,0.523879414073647,0.0419193661242,0.104458098150056,0.154079435816845,0.00303297845913539,0.0905910625867859,"Human_Breast_He_06222020_ST_BC23803_E2"
"Human_Breast_He_06222020_ST_BC23803_E2_8x15",0.0413955083835686,0.0888676143375874,0.0618711814380271,0.153523053671026,0.0382241267946172,0.233483780537046,0.158228758671005,0.00859373870813222,0.215812237458991,"Human_Breast_He_06222020_ST_BC23803_E2"
"Human_Breast_He_06222020_ST_BC23803_E2_20x30",0.0580859892730334,0.0860156747643916,0.0445759176624056,0.158496748701051,0.0430507197248763,0.202715851801725,0.181053063813042,0.0916534751487633,0.134352559110713,"Human_Breast_He_06222020_ST_BC23803_E2"
"Human_Breast_He_06222020_ST_BC23803_E2_20x31",0.0316443548780545,0.125690726709212,0.0536997796026452,0.103994739842113,0.0261411292849634,0.241072211181518,0.280269758736533,0.0122142593678342,0.125273040397128,"Human_Breast_He_06222020_ST_BC23803_E2"
"Human_Breast_He_06222020_ST_BC23803_E2_26x14",0.0279403706788918,0.0419920826169443,0.038437307936179,0.0659461113925284,0.0577997520151731,0.142477223809,0.379321717017482,0.0353667056138022,0.210718728919999,"Human_Breast_He_06222020_ST_BC23803_E2"
"Human_Breast_He_06222020_ST_BC23803_E2_23x19",0.0322425029426887,0.0770933539576233,0.039451191988126,0.186991884892167,0.0550398924625375,0.171150390186355,0.264414221138023,0.00271495510673627,0.170901607325743,"Human_Breast_He_06222020_ST_BC23803_E2"
"Human_Breast_He_06222020_ST_BC23803_E2_23x18",0.0579248920883485,0.0851699092440841,0.0770878453704034,0.192594529600088,0.0300305293508271,0.203449778305999,0.13831811573522,0.0240462975527167,0.191378102752313,"Human_Breast_He_06222020_ST_BC23803_E2"
"Human_Breast_He_06222020_ST_BC23803_E2_23x15",0.0579225265626612,0.0513067687463583,0.0639670961589216,0.187508665194078,0.0716265214846963,0.194704293991428,0.187968964001553,0.0112108046442028,0.173784359216101,"Human_Breast_He_06222020_ST_BC23803_E2"
"Human_Breast_He_06222020_ST_BC23803_E2_23x14",0.0377846261970185,0.0648544827204373,0.0320166087257613,0.459931575958615,0.0512650831175788,0.126868788629884,0.111838086818684,0.00325312543650738,0.112187622395513,"Human_Breast_He_06222020_ST_BC23803_E2"
"Human_Breast_He_06222020_ST_BC23803_E2_23x17",0.0515586849443036,0.0635358103285881,0.076568279530556,0.407938822185508,0.0497969405848039,0.0637517559879295,0.169662652069026,0.00760095118242656,0.109586103186859,"Human_Breast_He_06222020_ST_BC23803_E2"
"Human_Breast_He_06222020_ST_BC23803_E2_23x16",0.0661412600692544,0.075002178673157,0.0628371735167976,0.145679119078546,0.0298799540314933,0.269169618496308,0.170640830880614,0.0109711262605479,0.169678738993282,"Human_Breast_He_06222020_ST_BC23803_E2"
"Human_Breast_He_06222020_ST_BC23803_E2_8x22",0.0282227550523344,0.0220555806808214,0.0226919670514682,0.62289403619624,0.0475089820267426,0.0587719000931664,0.106160384809391,0.00116455732587559,0.0905298367639608,"Human_Breast_He_06222020_ST_BC23803_E2"
"Human_Breast_He_06222020_ST_BC23803_E2_8x23",0.0353003966406584,0.0466497214569141,0.0442223700774517,0.372800173226937,0.0421103867745867,0.158741895647903,0.137588307470949,0.0041023396265352,0.158484409078065,"Human_Breast_He_06222020_ST_BC23803_E2"
"Human_Breast_He_06222020_ST_BC23803_E2_8x20",0.0295733729011245,0.0334651053240188,0.0205709236085661,0.456825630097307,0.0556062925699545,0.0948576526015276,0.131558873811754,0.010058818126674,0.167483330959074,"Human_Breast_He_06222020_ST_BC23803_E2"
"Human_Breast_He_06222020_ST_BC23803_E2_11x17",0.0550621764271146,0.0918748172860204,0.0878421606002626,0.201288241878602,0.0151975261510657,0.189251922294243,0.22428195824275,0.00689088522898472,0.128310311890958,"Human_Breast_He_06222020_ST_BC23803_E2"
"Human_Breast_He_06222020_ST_BC23803_E2_8x26",0.0181622063010657,0.0595224723627685,0.0434078174551365,0.286187472468562,0.0516092854327475,0.176478854926927,0.208597779750232,0.00574223537192821,0.150291875930632,"Human_Breast_He_06222020_ST_BC23803_E2"
"Human_Breast_He_06222020_ST_BC23803_E2_8x27",0.0219354799417948,0.0111099729117881,0.00980545561434258,0.523242894868494,0.112253189825454,0.0343431302783808,0.198977211794193,0.0072665862918734,0.0810660784736794,"Human_Breast_He_06222020_ST_BC23803_E2"
"Human_Breast_He_06222020_ST_BC23803_E2_8x24",0.0388313153515179,0.0325415234209868,0.0245910388744556,0.411456777041863,0.0279059009543515,0.146081096597351,0.180976155888102,0.00291871734339174,0.13469747452798,"Human_Breast_He_06222020_ST_BC23803_E2"
"Human_Breast_He_06222020_ST_BC23803_E2_8x25",0.0238630348211377,0.0491629197729694,0.0306083249814275,0.284655445787324,0.0755335122228343,0.130097634917799,0.205914638823807,0.00788850355831158,0.19227598511439,"Human_Breast_He_06222020_ST_BC23803_E2"
"Human_Breast_He_06222020_ST_BC23803_E2_11x18",0.017974029138926,0.0400239370348547,0.0497023156854762,0.456837048563734,0.0495404964491322,0.126457488926128,0.1055179440201,0.0120982861431939,0.141848454038455,"Human_Breast_He_06222020_ST_BC23803_E2"
"Human_Breast_He_06222020_ST_BC23803_E2_11x19",0.0467204726227142,0.0478534609730732,0.0539225979639128,0.426187087958455,0.0568044041837663,0.125106501502799,0.112313147003746,0.0164833238787251,0.114609003912809,"Human_Breast_He_06222020_ST_BC23803_E2"
"Human_Breast_He_06222020_ST_BC23803_E2_26x19",0.0555710159757624,0.0500180424879633,0.0763658471654761,0.208541426232531,0.0495137642663259,0.121025273426676,0.285078431631415,0.00711154835223367,0.146774650461617,"Human_Breast_He_06222020_ST_BC23803_E2"
"Human_Breast_He_06222020_ST_BC23803_E2_17x16",0.0276702932724277,0.0891774869760767,0.0489353091204968,0.031021518830159,0.0323059488549646,0.38143601762994,0.174428363069408,0.00306311142795662,0.211961950818571,"Human_Breast_He_06222020_ST_BC23803_E2"
"Human_Breast_He_06222020_ST_BC23803_E2_17x17",0.0606682018277719,0.111032233701482,0.0752811782494631,0.0306957770349674,0.0164785788318481,0.298275867669766,0.10668341975146,0.0132238441580275,0.287660898775214,"Human_Breast_He_06222020_ST_BC23803_E2"
"Human_Breast_He_06222020_ST_BC23803_E2_26x18",0.0676426767411928,0.0662234354988031,0.0896520164507407,0.155997448349365,0.0800687889908353,0.143140101911968,0.225994208934502,0.0097015062194791,0.161579816903114,"Human_Breast_He_06222020_ST_BC23803_E2"
"Human_Breast_He_06222020_ST_BC23803_E2_17x15",0.0515034624821287,0.0798400560739085,0.0456376186391734,0.243784057112263,0.0401073298476094,0.185816918411506,0.141633173463916,0.0365989767865324,0.175078407182963,"Human_Breast_He_06222020_ST_BC23803_E2"
"Human_Breast_He_06222020_ST_BC23803_E2_26x16",0.0616512474703382,0.113123076102195,0.166396836792873,0.0634179510989843,0.0228171435817807,0.195849429302849,0.170064174962529,0.0412906975476789,0.165389443140773,"Human_Breast_He_06222020_ST_BC23803_E2"
"Human_Breast_He_06222020_ST_BC23803_E2_26x17",0.0346262768508195,0.0662518688077723,0.0514058226890731,0.272315227477319,0.0409523194946989,0.128926377134761,0.199028197283401,0.0454390567361692,0.161054853525986,"Human_Breast_He_06222020_ST_BC23803_E2"
"Human_Breast_He_06222020_ST_BC23803_E2_17x18",0.043722025609647,0.07992685480005,0.0367137215452939,0.238589534587502,0.0657410957880917,0.201541266686604,0.152491768064222,0.013944066408335,0.167329666510255,"Human_Breast_He_06222020_ST_BC23803_E2"
"Human_Breast_He_06222020_ST_BC23803_E2_26x15",0.0670030258871017,0.087116684282389,0.0710335117408838,0.0432996698398186,0.0200752524708386,0.176201529197398,0.322509950326839,0.0137709226416533,0.198989453613078,"Human_Breast_He_06222020_ST_BC23803_E2"
"Human_Breast_He_06222020_ST_BC23803_E2_31x16",0.0312900415798475,0.0757828765917317,0.0432101784835111,0.370995784087691,0.048654006233905,0.135681552739696,0.138384446003031,0.0116421657000775,0.144358948580509,"Human_Breast_He_06222020_ST_BC23803_E2"
"Human_Breast_He_06222020_ST_BC23803_E2_31x17",0.0462432154330284,0.0591586388512073,0.0301268646906124,0.278606624428191,0.0839497330565908,0.120196679498405,0.207462599601349,0.00684951835752364,0.167406126083091,"Human_Breast_He_06222020_ST_BC23803_E2"
"Human_Breast_He_06222020_ST_BC23803_E2_31x14",0.0204862003934014,0.0760853064184985,0.0325692324541958,0.4726639458588,0.011414628103682,0.171862638602705,0.0881696521526503,0.00764951328305074,0.119098882733016,"Human_Breast_He_06222020_ST_BC23803_E2"
"Human_Breast_He_06222020_ST_BC23803_E2_31x15",0.0337508083959493,0.0608241708864011,0.0506628429501016,0.317023881183359,0.0779643089369068,0.149291966473373,0.166378775314745,0.0111102361907107,0.132993009668453,"Human_Breast_He_06222020_ST_BC23803_E2"
"Human_Breast_He_06222020_ST_BC23803_E2_31x18",0.0143596922429198,0.0584264186438058,0.0302341395246382,0.21171635298751,0.0496536462893853,0.163490595962734,0.298783522818669,0.00177304225177738,0.171562589278561,"Human_Breast_He_06222020_ST_BC23803_E2"
"Human_Breast_He_06222020_ST_BC23803_E2_31x19",0.0345850611894163,0.0554306069281134,0.034247920190277,0.351216193687072,0.0534507215661147,0.10562213116816,0.196941856201283,0.0139965156583031,0.15450899341126,"Human_Breast_He_06222020_ST_BC23803_E2"
"Human_Breast_He_06222020_ST_BC23803_E2_10x26",0.0244891452840795,0.0774267306520195,0.0416030835410227,0.275784251243033,0.0416698009468743,0.238928347952249,0.206179681820796,0.00373533134805088,0.0901836272118743,"Human_Breast_He_06222020_ST_BC23803_E2"
"Human_Breast_He_06222020_ST_BC23803_E2_10x27",0.0566612934650163,0.0907814382934181,0.0491842782019707,0.276833500362074,0.0309427933759327,0.15754813711711,0.158425311844057,0.0038133129651871,0.175809934375234,"Human_Breast_He_06222020_ST_BC23803_E2"
"Human_Breast_He_06222020_ST_BC23803_E2_10x24",0.031851306952295,0.0357489957992198,0.0407657166943513,0.472141027474751,0.0402579612971296,0.129029138480593,0.126558001414285,0.01432892056492,0.109318931322455,"Human_Breast_He_06222020_ST_BC23803_E2"
"Human_Breast_He_06222020_ST_BC23803_E2_10x25",0.0632373208925668,0.0676466396114244,0.0315209593960437,0.178015100725569,0.0951971506403307,0.198108460089903,0.156238270686915,0.0375140503958928,0.172522047561354,"Human_Breast_He_06222020_ST_BC23803_E2"
"Human_Breast_He_06222020_ST_BC23803_E2_10x22",0.0679007617431936,0.0601318609153888,0.0376803044772198,0.522894991498141,0.0655709908467283,0.0787423728833173,0.100168585661823,0.00208864478501776,0.0648214871891705,"Human_Breast_He_06222020_ST_BC23803_E2"
"Human_Breast_He_06222020_ST_BC23803_E2_10x23",0.0424462257841487,0.0303711776294022,0.036124192259198,0.4215296143356,0.0577115802556163,0.131013051394122,0.119836573801743,0.00956696986190883,0.151400614678261,"Human_Breast_He_06222020_ST_BC23803_E2"
"Human_Breast_He_06222020_ST_BC23803_E2_10x20",0.0867305506427194,0.0695763902608125,0.0581374047438373,0.175608854539633,0.0222087042621838,0.239174555193483,0.125646366971365,0.0111431753208001,0.211773998065166,"Human_Breast_He_06222020_ST_BC23803_E2"
"Human_Breast_He_06222020_ST_BC23803_E2_10x21",0.114268591134437,0.07499954181439,0.0173404738986059,0.167249390327346,0.0445536123958399,0.21872316205271,0.187992349314706,0.0143592511145334,0.160513627947432,"Human_Breast_He_06222020_ST_BC23803_E2"
"Human_Breast_He_06222020_ST_BC23803_E2_10x28",0.0392549281600063,0.0645402293352424,0.0340219335248983,0.290879604770792,0.0471860312626379,0.0967023917265548,0.311096212395526,0.0116992268603297,0.104619441964013,"Human_Breast_He_06222020_ST_BC23803_E2"
"Human_Breast_He_06222020_ST_BC23803_E2_10x29",0.034683897072464,0.0589046012218711,0.0283442480842748,0.160322476937974,0.0411298798414462,0.143049590239806,0.306274186971047,0.00719299200951948,0.220098127621598,"Human_Breast_He_06222020_ST_BC23803_E2"
"Human_Breast_He_06222020_ST_BC23803_E2_19x32",0.0188721872935628,0.0318626027426577,0.0517898010501017,0.58644055728557,0.0547774540970985,0.0427001317957907,0.145199707581148,0.00370533777125974,0.0646522203828111,"Human_Breast_He_06222020_ST_BC23803_E2"
"Human_Breast_He_06222020_ST_BC23803_E2_19x30",0.0371673435335437,0.0523674264279459,0.0221744939527577,0.274174477066138,0.0624298954124269,0.123975339615521,0.2569552234294,0.00478681152044629,0.16596898904182,"Human_Breast_He_06222020_ST_BC23803_E2"
"Human_Breast_He_06222020_ST_BC23803_E2_19x31",0.0529626357206476,0.0611598534532449,0.036693088977868,0.198371365577084,0.0593926082196062,0.16484147290003,0.226741580887572,0.0192337860861573,0.180603608177789,"Human_Breast_He_06222020_ST_BC23803_E2"
"Human_Breast_He_06222020_ST_BC23803_E2_30x31",0.0231192393317537,0.0353655618611762,0.0166901907510359,0.297478690461636,0.0775874278836355,0.0816552715383309,0.245189526595762,0.0216116865118744,0.201302405064796,"Human_Breast_He_06222020_ST_BC23803_E2"
"Human_Breast_He_06222020_ST_BC23803_E2_30x30",0.0180306699878003,0.0496821355156465,0.0180076759658757,0.502487456887905,0.0786520522088937,0.0596024838620451,0.151492301484455,0.00414216801728307,0.117903056070096,"Human_Breast_He_06222020_ST_BC23803_E2"
"Human_Breast_He_06222020_ST_BC23803_E2_21x17",0.053983618044936,0.0661940174474141,0.0778893870673777,0.305397399436037,0.053653265585384,0.12696717562703,0.240715847373247,0.000380481841050141,0.0748188075775244,"Human_Breast_He_06222020_ST_BC23803_E2"
"Human_Breast_He_06222020_ST_BC23803_E2_21x16",0.0261964292742316,0.049095120272328,0.0359931431919844,0.314896668778254,0.031591026056364,0.233342437153866,0.149877717117973,0.0164272633251105,0.142580194829889,"Human_Breast_He_06222020_ST_BC23803_E2"
"Human_Breast_He_06222020_ST_BC23803_E2_21x15",0.02895558398971,0.0567091585841325,0.0385548481977607,0.338718494514608,0.0576358107111419,0.157155022811536,0.138887652702891,0.00986974141071975,0.1735136870775,"Human_Breast_He_06222020_ST_BC23803_E2"
"Human_Breast_He_06222020_ST_BC23803_E2_21x14",0.0379105396694326,0.0488380075957076,0.0294357122976196,0.245046377794788,0.0272344392647338,0.171513583076473,0.279944445940501,0.0113681387776752,0.148708755583068,"Human_Breast_He_06222020_ST_BC23803_E2"
"Human_Breast_He_06222020_ST_BC23803_E2_21x19",0.0455458857248963,0.0738900915763972,0.0619110046925623,0.359720525328128,0.0302928516746858,0.157835092777958,0.160610355427656,0.0039855484512997,0.106208644346417,"Human_Breast_He_06222020_ST_BC23803_E2"
"Human_Breast_He_06222020_ST_BC23803_E2_21x18",0.016284384500757,0.0586882661704144,0.060273256981855,0.268244937101217,0.0318350874878207,0.166829333372887,0.165980400971693,0.0326013066735622,0.199263026739794,"Human_Breast_He_06222020_ST_BC23803_E2"
"Human_Breast_He_06222020_ST_BC23803_E2_9x25",0.0286032577891578,0.0500790304476407,0.0377935568668837,0.343907633203338,0.0266646528416116,0.125928914039536,0.183021785439811,0.00638476547889272,0.197616403893129,"Human_Breast_He_06222020_ST_BC23803_E2"
"Human_Breast_He_06222020_ST_BC23803_E2_9x24",0.0214143975679896,0.0440876659935874,0.0243274530388916,0.420494290189403,0.0325355411766026,0.129142725033215,0.131862306992374,0.0221099857440277,0.174025634263909,"Human_Breast_He_06222020_ST_BC23803_E2"
"Human_Breast_He_06222020_ST_BC23803_E2_13x29",0.0256474813805114,0.0394997186067933,0.0517847631176551,0.436815852077032,0.0570737156985615,0.108840758456208,0.177227825473729,0.00185286745300564,0.101257017736504,"Human_Breast_He_06222020_ST_BC23803_E2"
"Human_Breast_He_06222020_ST_BC23803_E2_9x26",0.0221719203684741,0.0538650880826726,0.0432940520666555,0.307985868296607,0.0309760352651594,0.176254007218378,0.199144170418522,0.0217737258322471,0.144535132451284,"Human_Breast_He_06222020_ST_BC23803_E2"
"Human_Breast_He_06222020_ST_BC23803_E2_9x21",0.0581991497516218,0.0669227401753659,0.0477473291451629,0.244701282593122,0.0347138312590076,0.224341362473716,0.142361986508378,0.00541416465953417,0.175598153434092,"Human_Breast_He_06222020_ST_BC23803_E2"
"Human_Breast_He_06222020_ST_BC23803_E2_9x20",0.0839276107216995,0.113382864654504,0.0611492781872237,0.135969799511626,0.0405320116071537,0.216632632671904,0.119143011842276,0.0164181652715043,0.212844625532108,"Human_Breast_He_06222020_ST_BC23803_E2"
"Human_Breast_He_06222020_ST_BC23803_E2_9x23",0.0552060524190565,0.0579745631666426,0.0875272163134993,0.268920733965711,0.0532417735456038,0.13541417635328,0.19005578612112,0.0147793710644039,0.136880327050683,"Human_Breast_He_06222020_ST_BC23803_E2"
"Human_Breast_He_06222020_ST_BC23803_E2_9x22",0.049358543567391,0.0522624108476038,0.0473165276703044,0.400453709462113,0.0720564261302656,0.116092868805756,0.147513405570691,0.00824114155663381,0.106704966389241,"Human_Breast_He_06222020_ST_BC23803_E2"
"Human_Breast_He_06222020_ST_BC23803_E2_13x23",0.0511890891022637,0.0818729699991612,0.0318951027271885,0.425568290983306,0.0398959800156012,0.164848647946463,0.0832233550757363,0.00467797806864664,0.116828586081634,"Human_Breast_He_06222020_ST_BC23803_E2"
"Human_Breast_He_06222020_ST_BC23803_E2_13x22",0.0512345044539515,0.119232953132537,0.0365534750038099,0.026406653686265,0.0121770445110739,0.347955987904281,0.181823895050252,0.0549050041809319,0.169710482076897,"Human_Breast_He_06222020_ST_BC23803_E2"
"Human_Breast_He_06222020_ST_BC23803_E2_12x26",0.0420884256257666,0.063373242520013,0.0355162736210647,0.385982681086433,0.0339809476487345,0.141942204621387,0.142857432527546,0.0104434006454408,0.143815391703615,"Human_Breast_He_06222020_ST_BC23803_E2"
"Human_Breast_He_06222020_ST_BC23803_E2_12x27",0.0863765217685211,0.124574684278457,0.0731110406840118,0.0637519383544349,0.0172707835279904,0.280529378344309,0.18952427122931,0.00368765716962904,0.161173724643336,"Human_Breast_He_06222020_ST_BC23803_E2"
"Human_Breast_He_06222020_ST_BC23803_E2_12x20",0.0404089984663327,0.0639332314898179,0.0887439961143766,0.330671718252863,0.0350906236534152,0.170162901242207,0.142779214384126,0.00519326661152338,0.123016049785338,"Human_Breast_He_06222020_ST_BC23803_E2"
"Human_Breast_He_06222020_ST_BC23803_E2_12x21",0.0495040774388365,0.105616342817209,0.0596098708035872,0.246370199736415,0.0126822238304911,0.213771035838914,0.143371235084314,0.0247908110037646,0.144284203446469,"Human_Breast_He_06222020_ST_BC23803_E2"
"Human_Breast_He_06222020_ST_BC23803_E2_13x25",0.0314180700781159,0.0868426089279018,0.0495978538263995,0.238153457411566,0.0469180983044872,0.228870484789054,0.189513634291809,0.0023001470855602,0.126385645285106,"Human_Breast_He_06222020_ST_BC23803_E2"
"Human_Breast_He_06222020_ST_BC23803_E2_12x23",0.0197138788451582,0.067523292250375,0.0610056976351026,0.289403866548419,0.036830100762069,0.22535826281766,0.168088934392116,0.0107842893250796,0.12129167742402,"Human_Breast_He_06222020_ST_BC23803_E2"
"Human_Breast_He_06222020_ST_BC23803_E2_14x25",0.072659697227608,0.0886222016944843,0.0987245760387527,0.0914424412051117,0.0323651099044899,0.30614690492713,0.110545610346523,0.012237022596742,0.187256436059159,"Human_Breast_He_06222020_ST_BC23803_E2"
"Human_Breast_He_06222020_ST_BC23803_E2_25x31",0.0162377918262914,0.0313951843544304,0.0204645438555938,0.499474601456478,0.0693168662969806,0.102991353624414,0.127281811912845,0.00250126311597779,0.130336583556989,"Human_Breast_He_06222020_ST_BC23803_E2"
"Human_Breast_He_06222020_ST_BC23803_E2_25x30",0.030004839140785,0.0463113428032667,0.0338008167479582,0.456672515303491,0.0654986887423054,0.0691893913535036,0.161358191298268,0.00332847778608944,0.133835736824333,"Human_Breast_He_06222020_ST_BC23803_E2"
"Human_Breast_He_06222020_ST_BC23803_E2_8x19",0.0166003070922032,0.0377809794865029,0.0343704561131464,0.473927477442031,0.0350653956520169,0.118976270176659,0.13908733415118,0.0262615453725245,0.117930234513737,"Human_Breast_He_06222020_ST_BC23803_E2"
"Human_Breast_He_06222020_ST_BC23803_E2_11x28",0.0310299798142611,0.0702181737487336,0.0636112497718825,0.242507209816327,0.0523768118786283,0.172268687452231,0.199225166483141,0.00700341568241754,0.161759305352378,"Human_Breast_He_06222020_ST_BC23803_E2"
"Human_Breast_He_06222020_ST_BC23803_E2_11x25",0.084205221284918,0.0871682115384018,0.0593987567329846,0.0792019485556283,0.0262853182186303,0.220239237335651,0.289189913619513,0.0127553755142715,0.141556017200001,"Human_Breast_He_06222020_ST_BC23803_E2"
"Human_Breast_He_06222020_ST_BC23803_E2_14x30",0.0460793781234818,0.0385118074074312,0.00812333240576128,0.308530637743801,0.0341836921213324,0.120431776893304,0.313678320508519,0.000737089280799731,0.129723965515569,"Human_Breast_He_06222020_ST_BC23803_E2"
"Human_Breast_He_06222020_ST_BC23803_E2_11x27",0.040448825519416,0.0858452228208657,0.0307221092077081,0.233174623606988,0.0481167823129557,0.122325383820689,0.215691213028939,0.0138925563487799,0.209783283333659,"Human_Breast_He_06222020_ST_BC23803_E2"
"Human_Breast_He_06222020_ST_BC23803_E2_11x26",0.0404039508107561,0.050802155425807,0.0279213502951318,0.413020805715727,0.0426815823369589,0.108573571419577,0.194977022203715,0.00542391496843269,0.116195646823894,"Human_Breast_He_06222020_ST_BC23803_E2"
"Human_Breast_He_06222020_ST_BC23803_E2_11x21",0.123052934492637,0.0883685564561644,0.167452162535294,0.142474606963623,0.0161909600420518,0.155003328222794,0.189184917028912,0.00322654014046562,0.115045994118059,"Human_Breast_He_06222020_ST_BC23803_E2"
"Human_Breast_He_06222020_ST_BC23803_E2_11x20",0.0479492296353159,0.0634577699517843,0.0569930702895689,0.264354453584079,0.0607840000890402,0.199147480300903,0.185142759968984,0.0083143955726858,0.11385684060764,"Human_Breast_He_06222020_ST_BC23803_E2"
"Human_Breast_He_06222020_ST_BC23803_E2_11x23",0.0445858588150141,0.0376179343883135,0.0549075131007308,0.503195654414484,0.0391090196229973,0.131981942871031,0.0806250893847835,0.00345250149342425,0.104524485909221,"Human_Breast_He_06222020_ST_BC23803_E2"
"Human_Breast_He_06222020_ST_BC23803_E2_11x22",0.0740964512595485,0.0592813683715972,0.047953350485589,0.238729510174893,0.0332831680471398,0.228682243588248,0.117447999587808,0.0187340444861646,0.181791863999012,"Human_Breast_He_06222020_ST_BC23803_E2"
"Human_Breast_He_06222020_ST_BC23803_E2_13x27",0.0725457235707269,0.166926526688141,0.100308809781048,0.00415823590288619,0.00230488631777412,0.288484820185873,0.134323707033799,0.0100993120849275,0.220847978434825,"Human_Breast_He_06222020_ST_BC23803_E2"
"Human_Breast_He_06222020_ST_BC23803_E2_25x16",0.0477685784761557,0.101544408793854,0.0880370925180955,0.0916770624836651,0.0160455396761391,0.190951040402881,0.296373583396559,0.0196398194317653,0.147962874820885,"Human_Breast_He_06222020_ST_BC23803_E2"
"Human_Breast_He_06222020_ST_BC23803_E2_18x19",0.0269078773175687,0.0605772654174177,0.0672537476691821,0.225639513958918,0.0498161937932252,0.141739607511317,0.257217338049412,0.00226143757179708,0.168587018711163,"Human_Breast_He_06222020_ST_BC23803_E2"
"Human_Breast_He_06222020_ST_BC23803_E2_18x17",0.0456350358315286,0.0824541541198827,0.0408812168062759,0.131019153579645,0.0615973237722359,0.225826917796953,0.201428035728216,0.02194888600983,0.189209276355432,"Human_Breast_He_06222020_ST_BC23803_E2"
"Human_Breast_He_06222020_ST_BC23803_E2_18x15",0.0190557830973972,0.0641005673092104,0.0301977667485632,0.433447855291237,0.0593712712411687,0.113652271832516,0.107842411238283,0.0110388562475106,0.161293216994114,"Human_Breast_He_06222020_ST_BC23803_E2"
"Human_Breast_He_06222020_ST_BC23803_E2_27x31",0.0136205046363584,0.0226000920956922,0.0133991748067682,0.481663715843682,0.094617483122272,0.0239394546760484,0.203489770154656,0.0268637913131906,0.119806013351332,"Human_Breast_He_06222020_ST_BC23803_E2"
"Human_Breast_He_06222020_ST_BC23803_E2_25x24",0.0109831959027299,0.0221319766375491,0.000773099484311593,0.674850744374038,0.050228490404733,0.0207071572847041,0.0800205713691807,0.0914028488352993,0.0489019157074541,"Human_Breast_He_06222020_ST_BC23803_E2"
"Human_Breast_He_06222020_ST_BC23803_E2_17x25",0.0734597644290719,0.16376420336699,0.117747839587839,0.0311454222662024,0.00745628290899262,0.307884849882936,0.168089956937032,0.012157665942615,0.118294014678321,"Human_Breast_He_06222020_ST_BC23803_E2"
"Human_Breast_He_06222020_ST_BC23803_E2_25x25",0.00549127093225239,0.0224387751948264,0.00847313465699364,0.13809046970995,0.0930325634161845,0.110659236555898,0.452665673993845,0.000355684440835658,0.168793191099214,"Human_Breast_He_06222020_ST_BC23803_E2"
"Human_Breast_He_06222020_ST_BC23803_E2_29x31",0.028799080634761,0.0210589617818423,0.0496844267882948,0.360451026207673,0.030993319292686,0.0671870054117109,0.246069014581,0.0226236048366578,0.173133560465375,"Human_Breast_He_06222020_ST_BC23803_E2"
"Human_Breast_He_06222020_ST_BC23803_E2_29x30",0.0328170578680152,0.0489062438117122,0.0146603695876204,0.480845379961561,0.060036138654064,0.0722277419771105,0.198091430587659,0.00243700375129639,0.0899786338009609,"Human_Breast_He_06222020_ST_BC23803_E2"
"Human_Breast_He_06222020_ST_BC23803_E2_16x32",0.0196246354173745,0.0463194030845024,0.0214532542810793,0.424129806685741,0.0290815546075824,0.114171732372734,0.209600639830181,0.00287209503917104,0.132746878681635,"Human_Breast_He_06222020_ST_BC23803_E2"
"Human_Breast_He_06222020_ST_BC23803_E2_16x31",0.0621642567871908,0.0363634762769397,0.0471063566199981,0.44406916092638,0.0397422145274471,0.0556064118370051,0.11687946169234,0.0039659404032203,0.194102720929479,"Human_Breast_He_06222020_ST_BC23803_E2"
"Human_Breast_He_06222020_ST_BC23803_E2_16x30",0.0166124121278372,0.0517936086773673,0.023466519408184,0.437033868023541,0.0349758968729568,0.11484452556712,0.143727352341238,0.00814760073998414,0.169398216241771,"Human_Breast_He_06222020_ST_BC23803_E2"
"Human_Breast_He_06222020_ST_BC23803_E2_23x26",0.0239638805809563,0.197322938679469,0.0444396560949883,0.00471261573598615,0.00700440927285534,0.429798606942013,0.128919320582145,0.000778992061150527,0.163059580050437,"Human_Breast_He_06222020_ST_BC23803_E2"
"Human_Breast_He_06222020_ST_BC23803_E2_15x32",0.0257610200461091,0.0666240511173442,0.0178774779496039,0.46507696918552,0.0371473127598544,0.0943944018082022,0.185011567556992,0.00624293209836135,0.101864267478013,"Human_Breast_He_06222020_ST_BC23803_E2"
"Human_Breast_He_06222020_ST_BC23803_E2_24x14",0.049171334572155,0.0459022759919238,0.0787448439340554,0.333273383786391,0.0542838510809228,0.0974770962149036,0.265668331821101,0.00936314144629417,0.0661157411522534,"Human_Breast_He_06222020_ST_BC23803_E2"
"Human_Breast_He_06222020_ST_BC23803_E2_24x15",0.0453627624987468,0.103801141319239,0.0545644305350178,0.111246809984033,0.0361325540208366,0.218250203852451,0.222039993928634,0.028804019944346,0.179798083916695,"Human_Breast_He_06222020_ST_BC23803_E2"
"Human_Breast_He_06222020_ST_BC23803_E2_24x16",0.0624537119287849,0.0721778560828398,0.117184887173245,0.203637706697955,0.034576452263801,0.13533857442684,0.213096346958107,0.0236658486836666,0.13786861578476,"Human_Breast_He_06222020_ST_BC23803_E2"
"Human_Breast_He_06222020_ST_BC23803_E2_24x18",0.063934043798969,0.0507521677495009,0.0673637316187595,0.220554845939482,0.0334725385029407,0.174161844313521,0.200835019130686,0.0188279093185288,0.170097899627612,"Human_Breast_He_06222020_ST_BC23803_E2"
"Human_Breast_He_06222020_ST_BC23803_E2_24x19",0.0576102903214054,0.0880643350067176,0.136552952045589,0.10540453669865,0.0356571434468447,0.207306087627773,0.218894248191249,0.0360430131916245,0.114467393470147,"Human_Breast_He_06222020_ST_BC23803_E2"
"Human_Breast_He_06222020_ST_BC23803_E2_28x14",0.0501516554883058,0.0857702618125067,0.0516649153467576,0.0959000965211164,0.0246311718440722,0.185539717905312,0.243810881265714,0.0561787033821111,0.206352596434104,"Human_Breast_He_06222020_ST_BC23803_E2"
"Human_Breast_He_06222020_ST_BC23803_E2_28x15",0.0270296073633659,0.0679176505155425,0.0385468622698982,0.276408356215544,0.0476818375188282,0.172185114612819,0.176330495681349,0.0177073744352896,0.176192701387363,"Human_Breast_He_06222020_ST_BC23803_E2"
"Human_Breast_He_06222020_ST_BC23803_E2_28x16",0.0355675194611574,0.0908728359161191,0.0334591458127568,0.203250478571641,0.0197480374380758,0.264556182134544,0.107229721379493,0.0515580190480284,0.193758060238184,"Human_Breast_He_06222020_ST_BC23803_E2"
"Human_Breast_He_06222020_ST_BC23803_E2_28x17",0.0455621516222414,0.112025779022386,0.050389890941272,0.162414611283709,0.0648656253750136,0.0836999409431996,0.251652824843951,0.0221956578847705,0.207193518083457,"Human_Breast_He_06222020_ST_BC23803_E2"
"Human_Breast_He_06222020_ST_BC23803_E2_28x18",0.0488476474888893,0.073058183488165,0.0606823630232185,0.199279921637325,0.0417393580967272,0.187810558695835,0.225878440579015,0.0124111085738217,0.150292418417004,"Human_Breast_He_06222020_ST_BC23803_E2"
"Human_Breast_He_06222020_ST_BC23803_E2_28x19",0.0921885101117892,0.0838051441298327,0.0902506338553384,0.0287683917426777,0.0591845003500478,0.184942128813505,0.242533157566947,0.00494104075607509,0.213386492673786,"Human_Breast_He_06222020_ST_BC23803_E2"
"Human_Breast_He_06222020_ST_BC23803_E2_12x16",0.0424043758077912,0.0597961782957414,0.0367353201318229,0.323439600448232,0.0521720300932944,0.163953252137465,0.138221720616306,0.0153289866294915,0.167948535839856,"Human_Breast_He_06222020_ST_BC23803_E2"
"Human_Breast_He_06222020_ST_BC23803_E2_22x16",0.0311771168055518,0.0427715200379624,0.0591592691431439,0.285209959653068,0.0347152182384894,0.180099247544759,0.141966009567082,0.0306292290724515,0.194272429937492,"Human_Breast_He_06222020_ST_BC23803_E2"
"Human_Breast_He_06222020_ST_BC23803_E2_22x17",0.0249414780726112,0.0556247326882353,0.0375057982619122,0.42312525542706,0.0519071325622888,0.124206035222316,0.137858432650167,0.0242726795034626,0.120558455611947,"Human_Breast_He_06222020_ST_BC23803_E2"
"Human_Breast_He_06222020_ST_BC23803_E2_22x14",0.064099678015249,0.060854779984454,0.0687155583052065,0.272877138616503,0.0484366919104011,0.224666162245958,0.139291963402426,0.0147538399875629,0.106304187532241,"Human_Breast_He_06222020_ST_BC23803_E2"
"Human_Breast_He_06222020_ST_BC23803_E2_22x15",0.0733847708556604,0.0916696942930925,0.0549730218326573,0.156862108200115,0.0285137424958305,0.169931401485751,0.299620390006363,0.00326597307980553,0.121778897750725,"Human_Breast_He_06222020_ST_BC23803_E2"
"Human_Breast_He_06222020_ST_BC23803_E2_22x18",0.0388018914318018,0.117600453116197,0.0773542800439396,0.0856590199627811,0.0406397132144646,0.1689988751919,0.221071869892782,0.00914542403426855,0.240728473111865,"Human_Breast_He_06222020_ST_BC23803_E2"
"Human_Breast_He_06222020_ST_BC23803_E2_22x19",0.0967282918368498,0.127963094975142,0.0724516330010482,0.0845099918048499,0.0105291821050486,0.1964262047246,0.285949186049777,0.0125824825189197,0.112859932983765,"Human_Breast_He_06222020_ST_BC23803_E2"
"Human_Breast_He_06222020_ST_BC23803_E2_12x19",0.0430141288261473,0.0419289139142667,0.0426658668561222,0.42438291598678,0.0461117691381977,0.133754800667672,0.12555130464865,0.040665459924325,0.10192484003784,"Human_Breast_He_06222020_ST_BC23803_E2"
"Human_Breast_He_06222020_ST_BC23803_E2_12x18",0.0509818271117666,0.0493096086254735,0.0542808753039852,0.456207280424663,0.0362552773628918,0.102533442957479,0.130787226685963,0.0100284597498313,0.109616001777946,"Human_Breast_He_06222020_ST_BC23803_E2"
"Human_Breast_He_06222020_ST_BC23803_E2_9x18",0.0316845982890553,0.0794644903090202,0.0480208134727479,0.264980299925636,0.0292751107896079,0.274869154608591,0.141164084785412,0.00991223618202927,0.1206292116379,"Human_Breast_He_06222020_ST_BC23803_E2"
"Human_Breast_He_06222020_ST_BC23803_E2_9x19",0.0254414070712215,0.124062223672136,0.0317506179118362,0.0810241248461552,0.0199885496809004,0.384948796634422,0.156465423307689,0.0106457651640656,0.165673091711574,"Human_Breast_He_06222020_ST_BC23803_E2"
"Human_Breast_He_06222020_ST_BC23803_E2_9x17",0.0124165790346052,0.166938923898853,0.0978388022867746,0.0271004282701189,0.00774945802178001,0.373377023214788,0.138713835880386,0.00353192419026539,0.172333025202428,"Human_Breast_He_06222020_ST_BC23803_E2"
