"","Endothelial","CAFs","PVL","B-cells","T-cells","Myeloid","Normal Epithelial","Plasmablasts","Cancer Epithelial","sid"
"Human_Breast_Andersson_10142021_ST_H3_10x10",0.11327333417892,0.0287617339735139,0.0353986538064071,0.143476447954355,0.068720634889292,0.0836593601379801,0.153127691066018,0.306080626850355,0.0675015171431592,"Human_Breast_Andersson_10142021_ST_H3"
"Human_Breast_Andersson_10142021_ST_H3_10x11",0.171530611185241,0.0313487543219941,0.0212146691975602,0.0472428524300132,0.174095246594281,0.0852021395490914,0.0267318940329144,0.356716761996055,0.0859170706928494,"Human_Breast_Andersson_10142021_ST_H3"
"Human_Breast_Andersson_10142021_ST_H3_10x12",0.125730667042868,0.126905235565032,0.104198777049006,0.0305697436847028,0.118029418186908,0.0596829183718586,0.052661628130536,0.215599330796498,0.16662228117259,"Human_Breast_Andersson_10142021_ST_H3"
"Human_Breast_Andersson_10142021_ST_H3_10x13",0.0241234512105956,0.0126041344736936,0.0301151580267014,0.0107139832096299,0.0106715735248464,0.00951275106650272,0.0240117528527726,0.812460103751345,0.0657870918839134,"Human_Breast_Andersson_10142021_ST_H3"
"Human_Breast_Andersson_10142021_ST_H3_10x14",0.0972204388786317,0.0408062708046762,0.0255140640543834,0.0225772895703028,0.148532242889287,0.0859400458289142,0.0410773511620901,0.464299068281195,0.074033228530519,"Human_Breast_Andersson_10142021_ST_H3"
"Human_Breast_Andersson_10142021_ST_H3_10x15",0.0954461836473516,0.0636116048331889,0.0515066659851857,0.168833810068774,0.0991263904393126,0.0739669876234528,0.123089215792368,0.242580848685792,0.0818382929245741,"Human_Breast_Andersson_10142021_ST_H3"
"Human_Breast_Andersson_10142021_ST_H3_10x16",0.199795295243786,0.107319404181086,0.0313794948754212,0.0249386120857514,0.181213449207449,0.0983514507829029,0.0684316837614477,0.163326372895782,0.125244236966373,"Human_Breast_Andersson_10142021_ST_H3"
"Human_Breast_Andersson_10142021_ST_H3_10x17",0.0935189165534113,0.0402815427511463,0.0214745921362386,0.0361010439505744,0.0795059820406411,0.120273519011228,0.0795506557552077,0.183841052225471,0.345452695576081,"Human_Breast_Andersson_10142021_ST_H3"
"Human_Breast_Andersson_10142021_ST_H3_10x18",0.0888737110905586,0.0596258533766159,0.0441525004135603,0.0101608647478521,0.0511724598072653,0.0622901706651986,0.15634096322859,0.193530268781565,0.333853207888794,"Human_Breast_Andersson_10142021_ST_H3"
"Human_Breast_Andersson_10142021_ST_H3_10x19",0.0516353719272759,0.0380236162141929,0.00853476245729077,0.0903029444381779,0.204187841172837,0.0290063386116176,0.0931255360716674,0.292080180804619,0.193103408302322,"Human_Breast_Andersson_10142021_ST_H3"
"Human_Breast_Andersson_10142021_ST_H3_10x20",0.101242192142586,0.0534808900571015,0.0279885048939075,0.0868050368309158,0.184923688472305,0.145971102096737,0.052330842007081,0.167462558384593,0.179795185114773,"Human_Breast_Andersson_10142021_ST_H3"
"Human_Breast_Andersson_10142021_ST_H3_10x21",0.118611066478595,0.0827891093653969,0.0281589617608713,0.17910609344912,0.312888427606207,0.130113112471543,0.0441805922461025,0.0552362152440469,0.0489164213781175,"Human_Breast_Andersson_10142021_ST_H3"
"Human_Breast_Andersson_10142021_ST_H3_10x22",0.129812236739093,0.0447474247596172,0.0662004561490908,0.272457253534509,0.181552074105904,0.090225400698721,0.0898805813365501,0.0697182176574736,0.055406355019042,"Human_Breast_Andersson_10142021_ST_H3"
"Human_Breast_Andersson_10142021_ST_H3_10x23",0.0580546728980984,0.0976826304888957,0.01839396090014,0.0415746092767494,0.0475468646115908,0.100896011241645,0.0420809412594976,0.5008667740611,0.0929035352622836,"Human_Breast_Andersson_10142021_ST_H3"
"Human_Breast_Andersson_10142021_ST_H3_10x26",0.263565230991879,0.0829243554958824,0.0474749883011793,0.0585777336923914,0.0796772381335979,0.126998186936155,0.122204737085576,0.037006793775591,0.181570735587748,"Human_Breast_Andersson_10142021_ST_H3"
"Human_Breast_Andersson_10142021_ST_H3_10x30",0.0375312086340981,0.0292832137365323,0.00749695155164069,0.0157815419040234,0.149160322352628,0.114911740924886,0.0930229841820191,0.259187655060797,0.293624381653376,"Human_Breast_Andersson_10142021_ST_H3"
"Human_Breast_Andersson_10142021_ST_H3_10x31",0.0452993796991549,0.0526397732202154,0.0215852349441525,0.0232287018484342,0.0465865514778345,0.0390546798359461,0.0869875422723029,0.242420896173277,0.442197240528683,"Human_Breast_Andersson_10142021_ST_H3"
"Human_Breast_Andersson_10142021_ST_H3_10x32",0.0561392892244864,0.0379889294653603,0.0118002420393791,0.161897885432048,0.170432260947395,0.0229180105164821,0.0485106616584566,0.365688768347416,0.124623952368977,"Human_Breast_Andersson_10142021_ST_H3"
"Human_Breast_Andersson_10142021_ST_H3_10x33",0.136658094825019,0.112111244371367,0.026437750134485,0.0205483504487858,0.085962147623234,0.190417016123497,0.0511190684080072,0.155718233358098,0.221028094707507,"Human_Breast_Andersson_10142021_ST_H3"
"Human_Breast_Andersson_10142021_ST_H3_10x34",0.0793213372617082,0.0306811104039641,0.0166222930935124,0.0246339840046975,0.170371764007316,0.0785071552424618,0.106524889245489,0.388339231275649,0.104998235465202,"Human_Breast_Andersson_10142021_ST_H3"
"Human_Breast_Andersson_10142021_ST_H3_11x10",0.0864390155639371,0.0605086421991056,0.0446863253521647,0.0319265363761733,0.0131076689173173,0.0817539843885042,0.188801441131012,0.354105630299296,0.13867075577249,"Human_Breast_Andersson_10142021_ST_H3"
"Human_Breast_Andersson_10142021_ST_H3_11x12",0.069451029338501,0.0247193678689692,0.0658534779618678,0.097560446455655,0.474290607240074,0.0579288299149546,0.0307669882166069,0.112901964907647,0.0665272880957244,"Human_Breast_Andersson_10142021_ST_H3"
"Human_Breast_Andersson_10142021_ST_H3_11x13",0.0199419347891265,0.0576029298886277,0.00893530098316345,0.00152163148203552,0.00232548260894317,0.00496406949391367,0.0949132798152031,0.771461087704648,0.0383342832343391,"Human_Breast_Andersson_10142021_ST_H3"
"Human_Breast_Andersson_10142021_ST_H3_11x14",0.141978174779461,0.097461626639274,0.0499058228914475,0.0939455561291384,0.0410683310123835,0.120674533613676,0.0977172071254238,0.280629543232355,0.0766192045768408,"Human_Breast_Andersson_10142021_ST_H3"
"Human_Breast_Andersson_10142021_ST_H3_11x15",0.0396943828512214,0.0725499000224292,0.151808290497616,0.019190462713437,0.120114645153334,0.0526636274478189,0.0606235007561118,0.409423676219307,0.0739315143387256,"Human_Breast_Andersson_10142021_ST_H3"
"Human_Breast_Andersson_10142021_ST_H3_11x16",0.0966412436483402,0.0469374355172329,0.0259771131431997,0.188141799810234,0.308644660663536,0.0742607564609145,0.0412976029765404,0.103470787125107,0.114628600654895,"Human_Breast_Andersson_10142021_ST_H3"
"Human_Breast_Andersson_10142021_ST_H3_11x17",0.0633416476302643,0.0571580670246776,0.0270850408868181,0.0957518316280173,0.160124078650067,0.0590532578102172,0.170184702982795,0.0446238078638323,0.322677565523311,"Human_Breast_Andersson_10142021_ST_H3"
"Human_Breast_Andersson_10142021_ST_H3_11x18",0.115966400789987,0.0433561147335735,0.0141834782259472,0.0993355460685288,0.0721414961632301,0.0560658420879087,0.108252085876999,0.10312934287494,0.387569693178885,"Human_Breast_Andersson_10142021_ST_H3"
"Human_Breast_Andersson_10142021_ST_H3_11x19",0.140893837752484,0.0609055202161446,0.0216843058571917,0.0295997921141442,0.0896958904991239,0.0712947026869493,0.123569995208252,0.267105793811683,0.195250161854028,"Human_Breast_Andersson_10142021_ST_H3"
"Human_Breast_Andersson_10142021_ST_H3_11x20",0.157094001666706,0.0603267661595604,0.0458885217831396,0.161567755385887,0.123785665062267,0.0677654304249478,0.0583186661971732,0.131352289329169,0.19390090399115,"Human_Breast_Andersson_10142021_ST_H3"
"Human_Breast_Andersson_10142021_ST_H3_11x21",0.109751276944389,0.0680599730486107,0.0519700468846384,0.122345706961871,0.351326259064245,0.116679459225437,0.0631465335050358,0.0528484475632203,0.0638722968025528,"Human_Breast_Andersson_10142021_ST_H3"
"Human_Breast_Andersson_10142021_ST_H3_11x22",0.0839726455385828,0.0427178361221362,0.035341533138489,0.105720781804491,0.251179350443057,0.0948700249315766,0.0920409035272362,0.267073872046576,0.0270830524478552,"Human_Breast_Andersson_10142021_ST_H3"
"Human_Breast_Andersson_10142021_ST_H3_11x23",0.170292699792117,0.0612455415403051,0.0340643214009442,0.0562108354428695,0.240080376764637,0.184580624573339,0.0348984745740741,0.163073586063457,0.0555535398482571,"Human_Breast_Andersson_10142021_ST_H3"
"Human_Breast_Andersson_10142021_ST_H3_11x26",0.0293816503534803,0.00589703697558255,0.00411026775707586,0.145623808625285,0.15241402981041,0.00890156364891517,0.218609797453868,0.161313848653079,0.273747996722304,"Human_Breast_Andersson_10142021_ST_H3"
"Human_Breast_Andersson_10142021_ST_H3_11x27",0.0470955621794247,0.106680146458519,0.0227315465555297,0.147474532296674,0.208737795928502,0.0733877832507783,0.127353427357126,0.116673772344979,0.149865433628468,"Human_Breast_Andersson_10142021_ST_H3"
"Human_Breast_Andersson_10142021_ST_H3_11x32",0.0574711665596769,0.0582710736832379,0.029025330477214,0.0644132622657216,0.224656350507934,0.111869334082104,0.0518753942589328,0.301833757611076,0.100584330554103,"Human_Breast_Andersson_10142021_ST_H3"
"Human_Breast_Andersson_10142021_ST_H3_11x33",0.0102057528039403,0.0218404684995952,0.0137307436136585,0.0701202831103786,0.163433789977464,0.0630988753064264,0.0299861885063231,0.588504482079011,0.039079416103203,"Human_Breast_Andersson_10142021_ST_H3"
"Human_Breast_Andersson_10142021_ST_H3_11x34",0.223400762157999,0.0443347760810212,0.0127340103881184,0.158406885717866,0.145532792613763,0.093888766778957,0.0253565842182399,0.198998471051527,0.0973469509925085,"Human_Breast_Andersson_10142021_ST_H3"
"Human_Breast_Andersson_10142021_ST_H3_12x10",0.0575406425561496,0.0396785825134672,0.0084587892947083,0.000205551025343256,0.00110014648407533,0.00230657465567821,0.197959493150626,0.633920191617388,0.0588300287025641,"Human_Breast_Andersson_10142021_ST_H3"
"Human_Breast_Andersson_10142021_ST_H3_12x11",0.0458792198198614,0.023105445421736,0.0354130682473435,0.15408248737402,0.185716110357909,0.0596961769397559,0.0449345939987101,0.402466037346269,0.0487068604943961,"Human_Breast_Andersson_10142021_ST_H3"
"Human_Breast_Andersson_10142021_ST_H3_12x12",0.0499579628853756,0.0327710428129313,0.0368198133782237,0.00367354030901218,0.0205583086644188,0.0459244687687539,0.0353311253154349,0.733748363393867,0.0412153744719826,"Human_Breast_Andersson_10142021_ST_H3"
"Human_Breast_Andersson_10142021_ST_H3_12x13",0.353611783899341,0.0293060015384743,0.0123963726708828,0.0356546858669836,0.0443123704963774,0.1898159966176,0.126888207153416,0.0317333634315082,0.176281218325417,"Human_Breast_Andersson_10142021_ST_H3"
"Human_Breast_Andersson_10142021_ST_H3_12x14",0.00650898866130875,0.0970598589500805,0.00287757036973717,0.395675977634623,0.113518289533121,0.01658604140902,0.103007152141998,0.0420204116123045,0.222745709687807,"Human_Breast_Andersson_10142021_ST_H3"
"Human_Breast_Andersson_10142021_ST_H3_12x15",0.104707992590797,0.0413237035641909,0.0153944071450786,0.19059859234334,0.196943325541431,0.0646121580431276,0.0798359615324522,0.234565813577861,0.0720180456617226,"Human_Breast_Andersson_10142021_ST_H3"
"Human_Breast_Andersson_10142021_ST_H3_12x16",0.18294486161793,0.0771357915779296,0.0301196391819665,0.106288887306951,0.19184098256338,0.143873175697376,0.0422546644985488,0.160015620386686,0.0655263771692329,"Human_Breast_Andersson_10142021_ST_H3"
"Human_Breast_Andersson_10142021_ST_H3_12x17",0.0960348320416291,0.0775159083313288,0.030772125215349,0.0620693107911946,0.0792482254406707,0.071883995395551,0.0898483944561594,0.319041110273838,0.173586098054279,"Human_Breast_Andersson_10142021_ST_H3"
"Human_Breast_Andersson_10142021_ST_H3_12x18",0.0186397429858742,0.0324901415055898,0.0113050710583421,0.0287934670980186,0.0584929033671212,0.048871043085121,0.196046020946352,0.183616764151761,0.42174484580182,"Human_Breast_Andersson_10142021_ST_H3"
"Human_Breast_Andersson_10142021_ST_H3_12x19",0.0373117299443869,0.0574286198804731,0.0562718106691046,0.0546133841277028,0.0906121594237479,0.0744761264255845,0.0708008950410118,0.182391630637788,0.376093643850201,"Human_Breast_Andersson_10142021_ST_H3"
"Human_Breast_Andersson_10142021_ST_H3_12x20",0.169450097783288,0.11022080817154,0.0400453142782066,0.0244132233251422,0.108310253277666,0.103583405017227,0.0696229370985805,0.060387524262448,0.313966436785902,"Human_Breast_Andersson_10142021_ST_H3"
"Human_Breast_Andersson_10142021_ST_H3_12x21",0.120107564810971,0.094395959858553,0.0636353502641316,0.0761379357537093,0.225917431682194,0.123347105206173,0.061031288950852,0.0918117579931743,0.143615605480241,"Human_Breast_Andersson_10142021_ST_H3"
"Human_Breast_Andersson_10142021_ST_H3_12x22",0.0842350989477631,0.0890998554974046,0.0252319509113085,0.0940545126273776,0.114925705460101,0.0898783409584039,0.116399327685254,0.212950884728146,0.173224323184242,"Human_Breast_Andersson_10142021_ST_H3"
"Human_Breast_Andersson_10142021_ST_H3_12x23",0.139423191019019,0.0717352214483252,0.0474566679895352,0.091712107407582,0.3859510474674,0.0880196580426724,0.0615354682281886,0.0708502256810317,0.0433164127162461,"Human_Breast_Andersson_10142021_ST_H3"
"Human_Breast_Andersson_10142021_ST_H3_12x24",0.0779688204052706,0.0718902144995693,0.0444393785045653,0.0828562459441746,0.0506521431598029,0.0962592743903816,0.04187881055188,0.452468302992769,0.0815868095515865,"Human_Breast_Andersson_10142021_ST_H3"
"Human_Breast_Andersson_10142021_ST_H3_12x25",0.0494487881910252,0.0782532026535987,0.0224754046275829,0.163788112455156,0.30916163467357,0.0761194414301282,0.0362250655041613,0.210654583899905,0.053873766564873,"Human_Breast_Andersson_10142021_ST_H3"
"Human_Breast_Andersson_10142021_ST_H3_12x26",0.0960041812183806,0.0213089704938418,0.00930889606620609,0.0988527332495176,0.0409912273606497,0.0845192941345275,0.141830786971392,0.0274258273581839,0.479758083147301,"Human_Breast_Andersson_10142021_ST_H3"
"Human_Breast_Andersson_10142021_ST_H3_12x27",0.0923812774744831,0.0595457749162263,0.056947797871409,0.0811105653001113,0.162766494559148,0.0858808508566536,0.0343791958704934,0.270977824012204,0.156010219139271,"Human_Breast_Andersson_10142021_ST_H3"
"Human_Breast_Andersson_10142021_ST_H3_12x28",0.241328733617748,0.0373723559313926,0.0357690736815758,0.0951996152568322,0.129637753371179,0.120475244716761,0.0513981871651657,0.0801386030204141,0.208680433238931,"Human_Breast_Andersson_10142021_ST_H3"
"Human_Breast_Andersson_10142021_ST_H3_12x31",0.0253915352597979,0.03471685222305,0.0166505424711935,0.0674227263186477,0.0587127913600373,0.0281942602658005,0.105417889494831,0.174426404303112,0.48906699830353,"Human_Breast_Andersson_10142021_ST_H3"
"Human_Breast_Andersson_10142021_ST_H3_12x32",0.156310767805811,0.0899140439921342,0.0482877874173125,0.0495148143781795,0.0884717049448641,0.0870844766694013,0.104047641558251,0.0760859618432178,0.300282801390829,"Human_Breast_Andersson_10142021_ST_H3"
"Human_Breast_Andersson_10142021_ST_H3_12x33",0.18733536539387,0.097611064997221,0.0227967323503634,0.0307753085966458,0.114460324980906,0.0947259896424428,0.0267506874251663,0.303701856838256,0.121842669775129,"Human_Breast_Andersson_10142021_ST_H3"
"Human_Breast_Andersson_10142021_ST_H3_12x34",0.0715404304982368,0.0674603531167893,0.0296552170643395,0.0843369990232227,0.177751955119444,0.133801970194109,0.0356087318190805,0.267896622042041,0.131947721122737,"Human_Breast_Andersson_10142021_ST_H3"
"Human_Breast_Andersson_10142021_ST_H3_13x10",0.0547137256268856,0.0244982051977038,0.0246833309932071,0.00357292967692712,0.0206201691850313,0.0153877623282254,0.26222113735742,0.562329465693787,0.0319732739408128,"Human_Breast_Andersson_10142021_ST_H3"
"Human_Breast_Andersson_10142021_ST_H3_13x11",0.076057260816107,0.0525125100295342,0.034833778884826,0.021559102370394,0.0615843556210477,0.0912532735079554,0.142805102991362,0.486904287035886,0.032490328742887,"Human_Breast_Andersson_10142021_ST_H3"
"Human_Breast_Andersson_10142021_ST_H3_13x12",0.0556459435619301,0.0278607955786573,0.127744049495274,0.0930983327341376,0.0384644566264942,0.0884790751682077,0.100433133112703,0.381500200806045,0.0867740129165505,"Human_Breast_Andersson_10142021_ST_H3"
"Human_Breast_Andersson_10142021_ST_H3_13x13",0.0839528820843958,0.063435481973829,0.0225965371453743,0.305625017798974,0.0824614373359455,0.0593545884289766,0.0404463018930438,0.280143097404469,0.0619846559349925,"Human_Breast_Andersson_10142021_ST_H3"
"Human_Breast_Andersson_10142021_ST_H3_13x14",0.0387869212792045,0.0244882327242395,0.0204098851512674,0.200115542664629,0.112244105983165,0.0860738702586282,0.0463977792681438,0.417813083902625,0.0536705787680978,"Human_Breast_Andersson_10142021_ST_H3"
"Human_Breast_Andersson_10142021_ST_H3_13x15",0.0866576131525763,0.0445230290567848,0.0259884903453366,0.0647755548351555,0.0320213764718578,0.0505307435374641,0.203298538282981,0.386639571550107,0.105565082767737,"Human_Breast_Andersson_10142021_ST_H3"
"Human_Breast_Andersson_10142021_ST_H3_13x16",0.072538612861534,0.0604504759923533,0.0173724111856848,0.258777476444231,0.180102997481614,0.16512743363083,0.0505465048673256,0.0810802711611787,0.114003816375249,"Human_Breast_Andersson_10142021_ST_H3"
"Human_Breast_Andersson_10142021_ST_H3_13x17",0.101662225916636,0.0284414491299373,0.0195564389073476,0.0912832470130158,0.386525145573107,0.0956607226137417,0.0925985547110987,0.0959003076916006,0.0883719084435153,"Human_Breast_Andersson_10142021_ST_H3"
"Human_Breast_Andersson_10142021_ST_H3_13x18",0.115591362014951,0.0810841216970473,0.0231300362164546,0.0905101548860013,0.191314382195306,0.0907732535164303,0.0639440140641124,0.176974771357989,0.166677904051708,"Human_Breast_Andersson_10142021_ST_H3"
"Human_Breast_Andersson_10142021_ST_H3_13x19",0.0803208492095997,0.0533729853068795,0.030067817551668,0.0998237826465015,0.292181515218825,0.107050664127623,0.055151575668527,0.161005338114714,0.121025472155663,"Human_Breast_Andersson_10142021_ST_H3"
"Human_Breast_Andersson_10142021_ST_H3_13x20",0.0961918633724693,0.054740336134931,0.0191308288220562,0.0376941326160521,0.460180330840886,0.0765526930146448,0.0131240936436384,0.197997924014817,0.0443877975405048,"Human_Breast_Andersson_10142021_ST_H3"
"Human_Breast_Andersson_10142021_ST_H3_13x21",0.255437324369587,0.0485158091026221,0.0557416411012982,0.0574503296553126,0.147107426525954,0.168868817819429,0.0242362416887436,0.142765382028508,0.099877027708545,"Human_Breast_Andersson_10142021_ST_H3"
"Human_Breast_Andersson_10142021_ST_H3_13x22",0.0981466655857708,0.109756643104369,0.0697448119851948,0.136021438441387,0.109310039456141,0.131311089499661,0.0445917497377119,0.171009376891492,0.130108185298272,"Human_Breast_Andersson_10142021_ST_H3"
"Human_Breast_Andersson_10142021_ST_H3_13x23",0.126524656458902,0.0465609036567463,0.0193760690008663,0.139915055163344,0.372848319828123,0.131376366281822,0.0237580020409479,0.0827302651861134,0.0569103623831353,"Human_Breast_Andersson_10142021_ST_H3"
"Human_Breast_Andersson_10142021_ST_H3_13x24",0.0705033689759179,0.0596526633756486,0.014308257263198,0.105615596632808,0.269218022245694,0.0648806048023668,0.0931943786782244,0.263660697604612,0.0589664104215309,"Human_Breast_Andersson_10142021_ST_H3"
"Human_Breast_Andersson_10142021_ST_H3_13x25",0.126205274751206,0.0585928787524861,0.0203947894372229,0.106062065105882,0.267243730219508,0.118201700936599,0.0388586423582789,0.217352150890057,0.0470887675487598,"Human_Breast_Andersson_10142021_ST_H3"
"Human_Breast_Andersson_10142021_ST_H3_13x26",0.0735517740006649,0.0870579983906051,0.0232478110689539,0.013921504205931,0.0261162348428433,0.187391971917118,0.106460447587605,0.0500036310352142,0.432248626951065,"Human_Breast_Andersson_10142021_ST_H3"
"Human_Breast_Andersson_10142021_ST_H3_13x27",0.3095541896042,0.056117625187194,0.0197067125355447,0.157904161708145,0.100594589807526,0.0775486298604688,0.0903629322915674,0.00851088085904581,0.179700278146308,"Human_Breast_Andersson_10142021_ST_H3"
"Human_Breast_Andersson_10142021_ST_H3_13x28",0.11096627527174,0.0687227091282021,0.0184973507701377,0.208288409864922,0.210749061616826,0.0976264143931056,0.0197725202485071,0.193866364791933,0.0715108939146253,"Human_Breast_Andersson_10142021_ST_H3"
"Human_Breast_Andersson_10142021_ST_H3_13x33",0.115590550741067,0.0129829273094776,0.0200887170397167,0.132003102321881,0.312982848090511,0.0985563713254611,0.0780651728722976,0.000729978721415015,0.229000331578172,"Human_Breast_Andersson_10142021_ST_H3"
"Human_Breast_Andersson_10142021_ST_H3_13x34",0.0501876009399132,0.0936474401617484,0.013161188098603,0.0567436259185053,0.32442050234228,0.095392159463488,0.255192411925278,0.0675543581988633,0.0437007129513203,"Human_Breast_Andersson_10142021_ST_H3"
"Human_Breast_Andersson_10142021_ST_H3_14x10",0.137215749092205,0.0475203386138402,0.179554314074031,0.0181404273737912,0.029005647554439,0.0426442430224917,0.0460072620053758,0.453750365540448,0.0461616527233793,"Human_Breast_Andersson_10142021_ST_H3"
"Human_Breast_Andersson_10142021_ST_H3_14x11",0.187620453255657,0.057708346717952,0.0164389371591307,0.0412812745809973,0.20750647541625,0.0578235285621671,0.107611009992383,0.29564932490917,0.0283606494062923,"Human_Breast_Andersson_10142021_ST_H3"
"Human_Breast_Andersson_10142021_ST_H3_14x12",0.0504190139374412,0.0748279544197595,0.148103894671402,0.0049045505487285,0.0077972433934164,0.00834593546891955,0.283702941261102,0.406362870450726,0.0155355958485045,"Human_Breast_Andersson_10142021_ST_H3"
"Human_Breast_Andersson_10142021_ST_H3_14x13",0.114969834060971,0.0568650429356204,0.0589975282867072,0.0798136003737735,0.129264184228742,0.082738177387411,0.274367703868796,0.160407632297068,0.042576296560911,"Human_Breast_Andersson_10142021_ST_H3"
"Human_Breast_Andersson_10142021_ST_H3_14x14",0.0982393638382471,0.0429881420468385,0.0808691347932689,0.0183133368141736,0.100941181898148,0.0318447706517512,0.0647114901309388,0.470983211522393,0.0911093683042412,"Human_Breast_Andersson_10142021_ST_H3"
"Human_Breast_Andersson_10142021_ST_H3_14x15",0.105889965528076,0.0429667975585478,0.0578425087247366,0.228404817513488,0.217589753649661,0.0699552666486129,0.0448820482499837,0.13110068070764,0.101368161419254,"Human_Breast_Andersson_10142021_ST_H3"
"Human_Breast_Andersson_10142021_ST_H3_14x16",0.0339319990432084,0.089143976084499,0.0799861275303392,0.0837140442874189,0.0606148098355024,0.0708587384027296,0.0298490403263753,0.475789981768132,0.0761112827217953,"Human_Breast_Andersson_10142021_ST_H3"
"Human_Breast_Andersson_10142021_ST_H3_14x17",0.0768530610767471,0.0330954767755223,0.0146003132016617,0.0924705460949278,0.34545455532821,0.108477921761612,0.0281872961621584,0.247960168613159,0.0529006609860028,"Human_Breast_Andersson_10142021_ST_H3"
"Human_Breast_Andersson_10142021_ST_H3_14x18",0.048892363271522,0.0287981155999105,0.0138164885976394,0.0564643140123326,0.0886660950099954,0.030233239275191,0.196972562769463,0.209648476692704,0.326508344771243,"Human_Breast_Andersson_10142021_ST_H3"
"Human_Breast_Andersson_10142021_ST_H3_14x19",0.0914092684343243,0.0257166451749951,0.0247475314171371,0.0320266091686336,0.150339050162262,0.0461787940172942,0.201370091526186,0.173355884279739,0.25485612581943,"Human_Breast_Andersson_10142021_ST_H3"
"Human_Breast_Andersson_10142021_ST_H3_14x20",0.158674899861188,0.0987547775921264,0.0250567888323533,0.066573294431722,0.203523742087081,0.115011911855724,0.0212027782326823,0.208735860648348,0.102465946458774,"Human_Breast_Andersson_10142021_ST_H3"
"Human_Breast_Andersson_10142021_ST_H3_14x21",0.103515077828154,0.0521925366736859,0.0281593577601713,0.183749890312464,0.299377376981649,0.10141186170555,0.0510549591644302,0.108716555622883,0.0718223839510129,"Human_Breast_Andersson_10142021_ST_H3"
"Human_Breast_Andersson_10142021_ST_H3_14x22",0.141054633051971,0.0568157595791865,0.0539608110054663,0.0256020583673195,0.0713046561793268,0.163657495099426,0.0700201031613934,0.162956903085271,0.25462758047064,"Human_Breast_Andersson_10142021_ST_H3"
"Human_Breast_Andersson_10142021_ST_H3_14x23",0.0889683573654868,0.0569008738095106,0.0477376385814784,0.0746719163957995,0.230837890608284,0.149794156518894,0.0849828458207066,0.191388119119066,0.0747182017807738,"Human_Breast_Andersson_10142021_ST_H3"
"Human_Breast_Andersson_10142021_ST_H3_14x24",0.111748839417696,0.044603055146685,0.0984407183835261,0.135051886559388,0.328020064552156,0.151522518348757,0.0529290405459948,0.0127359760380308,0.064947901007765,"Human_Breast_Andersson_10142021_ST_H3"
"Human_Breast_Andersson_10142021_ST_H3_14x25",0.215726545731335,0.0711929838287516,0.03316665058608,0.058465946546294,0.233497464979944,0.135077005621958,0.0194393485461864,0.18986912258266,0.0435649315767913,"Human_Breast_Andersson_10142021_ST_H3"
"Human_Breast_Andersson_10142021_ST_H3_14x26",0.112850489489686,0.0529102389810039,0.031306086400933,0.109530097265546,0.137326201771026,0.0847607146223741,0.0334285835181312,0.37993771393052,0.0579498740207787,"Human_Breast_Andersson_10142021_ST_H3"
"Human_Breast_Andersson_10142021_ST_H3_14x27",0.027737347936122,0.00916440385437554,0.00112176507051898,0.00805294261640041,0.0110741971857042,0.0184418607017126,0.0924063156480473,0.656498436209316,0.175502730777803,"Human_Breast_Andersson_10142021_ST_H3"
"Human_Breast_Andersson_10142021_ST_H3_14x28",0.149058803689043,0.0394453676523393,0.0462515585367179,0.0702791621500281,0.0766586690110399,0.0799845265003528,0.0728597835973439,0.26537149834771,0.200090630515425,"Human_Breast_Andersson_10142021_ST_H3"
"Human_Breast_Andersson_10142021_ST_H3_14x29",0.0657555177005099,0.0199515510657656,0.00506823675030993,0.211232192404847,0.0617637563274673,0.0941490855544206,0.0294632817817479,0.270872485460354,0.241743892954577,"Human_Breast_Andersson_10142021_ST_H3"
"Human_Breast_Andersson_10142021_ST_H3_14x30",0.0200511386690848,0.0246073291421508,0.0199377085975221,0.060625711169573,0.109360214154611,0.0880586213214644,0.222869490953397,0.0336213032615406,0.420868482730657,"Human_Breast_Andersson_10142021_ST_H3"
"Human_Breast_Andersson_10142021_ST_H3_14x34",0.0548999711029554,0.0311439911761874,0.0476714147890994,0.180724205508297,0.324399662512819,0.0972429948344145,0.0448896117207287,0.00868584228704995,0.210342306068449,"Human_Breast_Andersson_10142021_ST_H3"
"Human_Breast_Andersson_10142021_ST_H3_15x10",0.0850883842063024,0.0619677036076192,0.0297419447354772,0.00260193864617909,0.0115357919222114,0.028605724691018,0.211787283973428,0.539810440013866,0.0288607882038983,"Human_Breast_Andersson_10142021_ST_H3"
"Human_Breast_Andersson_10142021_ST_H3_15x11",0.0429637879832335,0.0371722860749586,0.0584972446770111,0.0125599077170452,0.00690005194228944,0.0723086709001965,0.261228900714269,0.464506731423489,0.0438624185675077,"Human_Breast_Andersson_10142021_ST_H3"
"Human_Breast_Andersson_10142021_ST_H3_15x12",0.0571770861782128,0.052046177608873,0.0255992379004403,0.00208721485218223,0.00317496880994109,0.0159489132012594,0.314134580511973,0.510301285803474,0.0195305351336446,"Human_Breast_Andersson_10142021_ST_H3"
"Human_Breast_Andersson_10142021_ST_H3_15x13",0.255157939454225,0.0931327270264826,0.0222302627872324,0.0391570870235008,0.0433147497043733,0.0381714524136868,0.0135146749291569,0.483787388289364,0.0115337183719782,"Human_Breast_Andersson_10142021_ST_H3"
"Human_Breast_Andersson_10142021_ST_H3_15x14",0.333441413970001,0.0297888664848888,0.0242481335256365,0.00389626904192971,0.0277232508797992,0.0301194074764915,0.0897416191425327,0.424358239868033,0.0366827996106877,"Human_Breast_Andersson_10142021_ST_H3"
"Human_Breast_Andersson_10142021_ST_H3_15x15",0.0851940603127272,0.0144950441152208,0.0677885825777769,0.158159656589129,0.11808554983828,0.049649246787599,0.160167247948091,0.235053943383517,0.111406668447658,"Human_Breast_Andersson_10142021_ST_H3"
"Human_Breast_Andersson_10142021_ST_H3_15x16",0.0205771283920448,0.0430614131543715,0.0315746126394118,0.0455631846195376,0.10783384653009,0.074678214189419,0.162658702720667,0.456567357737714,0.057485540016744,"Human_Breast_Andersson_10142021_ST_H3"
"Human_Breast_Andersson_10142021_ST_H3_15x17",0.0872776907041338,0.0889231217965878,0.075804657727519,0.150608481656616,0.233879107863467,0.0593027509909512,0.0344001349637804,0.234995061675793,0.034808992621153,"Human_Breast_Andersson_10142021_ST_H3"
"Human_Breast_Andersson_10142021_ST_H3_15x18",0.114153770120541,0.0507118028143907,0.0214579064821306,0.0612806085713495,0.0982141846338157,0.0654902547996524,0.154623655482193,0.225171571033474,0.208896246062454,"Human_Breast_Andersson_10142021_ST_H3"
"Human_Breast_Andersson_10142021_ST_H3_15x19",0.105594343219613,0.0300705758289382,0.033496266503625,0.0596385958968217,0.0660108085169482,0.0695777182768262,0.121903713418887,0.202647688711465,0.311060289626876,"Human_Breast_Andersson_10142021_ST_H3"
"Human_Breast_Andersson_10142021_ST_H3_15x20",0.21206138932664,0.0472381261213271,0.0450746368139702,0.025550956314019,0.155826973429176,0.161700161568921,0.0197055495988252,0.275280838544646,0.0575613682824753,"Human_Breast_Andersson_10142021_ST_H3"
"Human_Breast_Andersson_10142021_ST_H3_15x21",0.176999663188777,0.125820466280456,0.0403375365686045,0.0517600073157078,0.0423498202757566,0.165442407187923,0.0173623163524947,0.306704637069622,0.073223145760659,"Human_Breast_Andersson_10142021_ST_H3"
"Human_Breast_Andersson_10142021_ST_H3_15x22",0.0432851296037536,0.0534547259995417,0.0370822353288902,0.0728970981211489,0.0292161125240706,0.0745536907008352,0.0435312893539381,0.605657526560779,0.0403221918070429,"Human_Breast_Andersson_10142021_ST_H3"
"Human_Breast_Andersson_10142021_ST_H3_15x23",0.14613076685671,0.0684414515745993,0.0274642293953765,0.0813779164859136,0.0567439855935126,0.0920488665196974,0.0838525213263803,0.410092732883335,0.0338475293644752,"Human_Breast_Andersson_10142021_ST_H3"
"Human_Breast_Andersson_10142021_ST_H3_15x24",0.150448485561483,0.0615918864656207,0.056613815088165,0.109469826220534,0.219660507211769,0.0960145425755302,0.0534329794858189,0.194437667032502,0.0583302903585768,"Human_Breast_Andersson_10142021_ST_H3"
"Human_Breast_Andersson_10142021_ST_H3_15x25",0.125781878011536,0.0687528209180852,0.0275613347601132,0.217939433424186,0.364527852894256,0.112449828642599,0.0259037126843513,0.0180034515743866,0.0390796870904869,"Human_Breast_Andersson_10142021_ST_H3"
"Human_Breast_Andersson_10142021_ST_H3_15x26",0.148373210598596,0.0548001573087968,0.0595268617560457,0.120162612042032,0.230448436951777,0.15850142256216,0.0272834037181358,0.142948402001341,0.0579554930611165,"Human_Breast_Andersson_10142021_ST_H3"
"Human_Breast_Andersson_10142021_ST_H3_15x27",0.0625968197752615,0.0767737938439786,0.0230229652258743,0.0342510972727277,0.153425313554387,0.204799838215527,0.139001806171872,0.183506085103489,0.122622280836883,"Human_Breast_Andersson_10142021_ST_H3"
"Human_Breast_Andersson_10142021_ST_H3_15x28",0.0526026317785316,0.0616338758378189,0.0206107714474433,0.0938097531378265,0.228117468852513,0.172394106380386,0.131808309738366,0.0514754116600448,0.187547671167069,"Human_Breast_Andersson_10142021_ST_H3"
"Human_Breast_Andersson_10142021_ST_H3_15x29",0.122654844108357,0.06761213008945,0.0672032692019452,0.0287369366660149,0.0310085086491268,0.0903326000166773,0.0987626579517678,0.325726336964744,0.167962716351917,"Human_Breast_Andersson_10142021_ST_H3"
"Human_Breast_Andersson_10142021_ST_H3_15x30",0.159034885082236,0.0716844945315928,0.0643821810522011,0.100936267120365,0.0800353711276616,0.144861735329624,0.04164187636705,0.204571479198707,0.132851710190562,"Human_Breast_Andersson_10142021_ST_H3"
"Human_Breast_Andersson_10142021_ST_H3_15x31",0.144198231122728,0.0154514497442379,0.0284498291363436,0.202331561153518,0.164811980919883,0.0807499748492339,0.0572440313537636,0.130006396659785,0.176756545060507,"Human_Breast_Andersson_10142021_ST_H3"
"Human_Breast_Andersson_10142021_ST_H3_15x32",0.0251226077343355,0.0616446174332827,0.0514328679657337,0.0125131658732386,0.0824930226979693,0.071486431594605,0.0472392609409487,0.170821849809895,0.477246175949992,"Human_Breast_Andersson_10142021_ST_H3"
"Human_Breast_Andersson_10142021_ST_H3_15x33",0.0874923650100402,0.0498074301579108,0.0146626388106999,0.0656847608795066,0.0736140048623387,0.0406882747535877,0.0771164033357748,0.233669710297573,0.357264411892569,"Human_Breast_Andersson_10142021_ST_H3"
"Human_Breast_Andersson_10142021_ST_H3_15x34",0.0636116342763293,0.0699470350208881,0.0649022977901494,0.095552445784856,0.115372501379954,0.152711681769835,0.0615718613215063,0.2768373405546,0.0994932021018819,"Human_Breast_Andersson_10142021_ST_H3"
"Human_Breast_Andersson_10142021_ST_H3_15x9",0.0203564826314213,0.103130214715523,0.0149761116179722,0.00112182624320207,0.00095307239076905,0.0198224920832674,0.248580445929233,0.567578460963326,0.0234808934252863,"Human_Breast_Andersson_10142021_ST_H3"
"Human_Breast_Andersson_10142021_ST_H3_16x10",0.0394610948125549,0.105039448454974,0.0401193881882357,0.00407649358681295,0.00536202600126296,0.0395466797628651,0.256036711037161,0.504767515061433,0.00559064309470018,"Human_Breast_Andersson_10142021_ST_H3"
"Human_Breast_Andersson_10142021_ST_H3_16x11",0.0578649091430083,0.0737037124950099,0.0541356720507769,0.0200400609650778,0.0839314927738435,0.0328525194405309,0.208669970711016,0.430829900716662,0.037971761704075,"Human_Breast_Andersson_10142021_ST_H3"
"Human_Breast_Andersson_10142021_ST_H3_16x12",0.0625779754992432,0.0456102814838063,0.0162390391312135,0.00245410620951172,0.00273940200924604,0.0205898928719361,0.526069378845968,0.309695913014988,0.0140240109340865,"Human_Breast_Andersson_10142021_ST_H3"
"Human_Breast_Andersson_10142021_ST_H3_16x13",0.00263509646483021,0.0177495916699649,0.00322071033103846,8.72960685618378e-05,0.000140413572355411,0.000616559486083396,0.0348074115337181,0.911417919727817,0.0293250011456309,"Human_Breast_Andersson_10142021_ST_H3"
"Human_Breast_Andersson_10142021_ST_H3_16x14",0.00342039509150644,0.0833926447585992,0.000500748705107301,0.00756252123834997,0.0336048574453715,0.0152552375249164,0.0170635893948947,0.733383316453075,0.10581668938818,"Human_Breast_Andersson_10142021_ST_H3"
"Human_Breast_Andersson_10142021_ST_H3_16x15",0.0355851900719533,0.0816922371408592,0.0551842670034204,0.00887316863634804,0.167485431033326,0.0276436220253865,0.300247160163883,0.199290797229179,0.123998126695645,"Human_Breast_Andersson_10142021_ST_H3"
"Human_Breast_Andersson_10142021_ST_H3_16x16",0.023091744489934,0.00318834752752842,0.00508727903349543,0.0604309690575534,0.057419821803675,0.184601148212736,0.111137744729567,0.506240248048615,0.0488026970968962,"Human_Breast_Andersson_10142021_ST_H3"
"Human_Breast_Andersson_10142021_ST_H3_16x17",0.225551029617334,0.0212477547486937,0.0486675416186038,0.007054973795382,0.230784502323484,0.204495233543416,0.0935509714748373,0.107791180896781,0.060856811981469,"Human_Breast_Andersson_10142021_ST_H3"
"Human_Breast_Andersson_10142021_ST_H3_16x18",0.0675741753872426,0.0594740731063633,0.00899663195858873,0.0898107762546499,0.0960048328701186,0.0720279374400916,0.0478352434174656,0.407886409049118,0.150389920516362,"Human_Breast_Andersson_10142021_ST_H3"
"Human_Breast_Andersson_10142021_ST_H3_16x19",0.0778541107778171,0.0613908677175268,0.023566023102795,0.0840383507086825,0.0666073009315494,0.156818176138066,0.0535151172881241,0.382585469776529,0.0936245835589094,"Human_Breast_Andersson_10142021_ST_H3"
"Human_Breast_Andersson_10142021_ST_H3_16x20",0.276555393585573,0.0381165713377974,0.0150260163730565,0.145121369390672,0.308812932115748,0.144044503531257,0.00770026376110283,0.00782944462046428,0.0567935052843289,"Human_Breast_Andersson_10142021_ST_H3"
"Human_Breast_Andersson_10142021_ST_H3_16x21",0.202018505918503,0.0346680739507232,0.0146240254138451,0.108683252259638,0.19227673581802,0.0590042472224079,0.0125791334251632,0.351056181795638,0.0250898441960617,"Human_Breast_Andersson_10142021_ST_H3"
"Human_Breast_Andersson_10142021_ST_H3_16x22",0.305298879590947,0.072805901547233,0.0446368278788265,0.0415190580541491,0.086842447860027,0.154441975105037,0.0333112396465514,0.211618688784936,0.0495249815322925,"Human_Breast_Andersson_10142021_ST_H3"
"Human_Breast_Andersson_10142021_ST_H3_16x23",0.0462622126946877,0.0235282040105675,0.025908165491827,0.0173520910985441,0.266733860013443,0.0978274318342197,0.0687298787002873,0.411752155051344,0.0419060011050797,"Human_Breast_Andersson_10142021_ST_H3"
"Human_Breast_Andersson_10142021_ST_H3_16x24",0.184874139364434,0.0617826972078421,0.0624557820556718,0.165087787368214,0.30858166393565,0.0917043578897035,0.00298233030782108,0.106832021871298,0.0156992199993653,"Human_Breast_Andersson_10142021_ST_H3"
"Human_Breast_Andersson_10142021_ST_H3_16x25",0.147560171169748,0.0366765038697282,0.0477109643072034,0.166433211453179,0.357895768371254,0.0692011717120346,0.0105622803555146,0.123031630410388,0.0409282983509492,"Human_Breast_Andersson_10142021_ST_H3"
"Human_Breast_Andersson_10142021_ST_H3_16x26",0.276308557055924,0.061892207128001,0.0413717312994172,0.201953837472873,0.145502021753269,0.169522110719526,0.00265315775999745,0.0986411463029935,0.00215523050799904,"Human_Breast_Andersson_10142021_ST_H3"
"Human_Breast_Andersson_10142021_ST_H3_16x27",0.0943729274049175,0.0744206656934777,0.065315427677085,0.0777459491307442,0.372133518884298,0.0770597854889519,0.00730095284022521,0.18600841288406,0.0456423599962405,"Human_Breast_Andersson_10142021_ST_H3"
"Human_Breast_Andersson_10142021_ST_H3_16x28",0.0604517322337663,0.0445204056191334,0.0287008285749247,0.143900802834429,0.336907351408316,0.155332017514707,0.0316177089232557,0.120164986472147,0.0784041664193207,"Human_Breast_Andersson_10142021_ST_H3"
"Human_Breast_Andersson_10142021_ST_H3_16x29",0.130334765509735,0.0322039960091905,0.0174817429790255,0.0820201858811068,0.314190558600703,0.0879838178042814,0.0389086630115792,0.237229758193954,0.0596465120104243,"Human_Breast_Andersson_10142021_ST_H3"
"Human_Breast_Andersson_10142021_ST_H3_16x30",0.121317357536565,0.0477457729026458,0.0230042956366642,0.0242692487137364,0.0628562155731494,0.0808401965003621,0.149626639790166,0.335583529008125,0.154756744338587,"Human_Breast_Andersson_10142021_ST_H3"
"Human_Breast_Andersson_10142021_ST_H3_16x31",0.136186721206576,0.0848361492453654,0.026300414130125,0.0593282016965287,0.146134995789767,0.0599611463624877,0.177554475310875,0.0140897082071037,0.295608188051172,"Human_Breast_Andersson_10142021_ST_H3"
"Human_Breast_Andersson_10142021_ST_H3_16x32",0.128467035670352,0.0640211807196775,0.0248201152023662,0.0490487116477815,0.0428329981067142,0.061078576445321,0.103201054917309,0.152678693102801,0.373851634187677,"Human_Breast_Andersson_10142021_ST_H3"
"Human_Breast_Andersson_10142021_ST_H3_16x33",0.278230918785572,0.0566346489319445,0.0287847695826819,0.0566606639339698,0.247112674873977,0.0587258585983081,0.0576384203325122,0.0295123285444977,0.186699716416537,"Human_Breast_Andersson_10142021_ST_H3"
"Human_Breast_Andersson_10142021_ST_H3_16x34",0.175751852355968,0.0484314001817397,0.0370657419413275,0.02034661599742,0.0255727424029207,0.0319995596961943,0.313811109256127,0.245199740326669,0.101821237841633,"Human_Breast_Andersson_10142021_ST_H3"
"Human_Breast_Andersson_10142021_ST_H3_16x9",0.091685408030421,0.0151086413226676,0.0173330363504838,0.0153921290753889,0.023951999829742,0.0126911456496758,0.490145750925419,0.313262395869285,0.0204294929469173,"Human_Breast_Andersson_10142021_ST_H3"
"Human_Breast_Andersson_10142021_ST_H3_17x10",0.126794064137257,0.066043205737572,0.0538093596544044,0.0846756211274127,0.0216309814951097,0.0436613995602894,0.0680718886995267,0.513800781572238,0.0215126980161895,"Human_Breast_Andersson_10142021_ST_H3"
