"","Endothelial","CAFs","PVL","B-cells","T-cells","Myeloid","Normal Epithelial","Plasmablasts","Cancer Epithelial","sid"
"Human_Breast_He_06222020_ST_BC23567_E2_23x21",0.00103290257330799,0.0185472306230724,0.00282531885728773,0.000690705180428544,0.000295379812055037,0.0924755492213334,0.0030675665669882,0.873622303778857,0.00744304338666958,"Human_Breast_He_06222020_ST_BC23567_E2"
"Human_Breast_He_06222020_ST_BC23567_E2_23x22",0.00208959102291321,0.0192938913239506,0.00334126808402969,0.00258219498803382,0.00109277685176207,0.0969008435368851,0.00311770051011992,0.854896635587179,0.0166850980951271,"Human_Breast_He_06222020_ST_BC23567_E2"
"Human_Breast_He_06222020_ST_BC23567_E2_23x23",0.00412553318106191,0.0274274683285818,0.00812921376804741,0.00211793180834961,0.00196046422153983,0.0664611715083623,0.0139747637180506,0.779824621087972,0.0959788323780342,"Human_Breast_He_06222020_ST_BC23567_E2"
"Human_Breast_He_06222020_ST_BC23567_E2_16x29",0.00666422125045228,0.036630770895153,0.0102671971371002,0.00522678539976087,0.00285772844191574,0.198865176461335,0.0110724185323843,0.673808893941663,0.0546068079402359,"Human_Breast_He_06222020_ST_BC23567_E2"
"Human_Breast_He_06222020_ST_BC23567_E2_23x28",0.00430427259124135,0.0185684992171028,0.00260952698984829,0.000548826705227237,0.00157762091909154,0.0673174748329663,0.032108335094389,0.750484072903933,0.1224813707462,"Human_Breast_He_06222020_ST_BC23567_E2"
"Human_Breast_He_06222020_ST_BC23567_E2_23x29",0.00648857137667757,0.0175316539656846,0.00200879840480944,0.00130537818419714,0.00197464327266842,0.0448919714434389,0.0538084066029062,0.74612846406289,0.125862112686728,"Human_Breast_He_06222020_ST_BC23567_E2"
"Human_Breast_He_06222020_ST_BC23567_E2_30x21",0.000562498385020837,0.0140793981677532,0.00357408289205429,0.000444969269385531,0.000207235934241445,0.0587743627692055,0.000901915536348243,0.920286840935913,0.00116869611007839,"Human_Breast_He_06222020_ST_BC23567_E2"
"Human_Breast_He_06222020_ST_BC23567_E2_25x13",8.51580042578818e-05,0.002758568561572,7.83994705313989e-05,0.000117899736447452,5.89370687326685e-05,0.0120398968747813,0.000334917296214145,0.984230580077678,0.000295642909784738,"Human_Breast_He_06222020_ST_BC23567_E2"
"Human_Breast_He_06222020_ST_BC23567_E2_11x8",0.000826683892787791,0.0130829362226635,0.00163154542302483,0.000228549599500204,0.000200454416475374,0.034522434629172,0.00370937384015717,0.941996115860209,0.00380190611600988,"Human_Breast_He_06222020_ST_BC23567_E2"
"Human_Breast_He_06222020_ST_BC23567_E2_11x6",0.000353482761060205,0.00707694668721134,0.000684485187509993,0.000217612007536319,0.000102661011390516,0.0220057180697924,0.000393523947420513,0.968596768093039,0.00056880223503946,"Human_Breast_He_06222020_ST_BC23567_E2"
"Human_Breast_He_06222020_ST_BC23567_E2_11x7",0.00299782959126565,0.0247300312469591,0.0025908051723372,0.000741348004262036,0.000862785504835348,0.0823819051138286,0.00116575861372066,0.881554229086735,0.00297530766605598,"Human_Breast_He_06222020_ST_BC23567_E2"
"Human_Breast_He_06222020_ST_BC23567_E2_11x5",0.00193639359484378,0.011816377836622,0.00260010102467599,0.000969133619981576,0.00065492693443099,0.0274008378376101,0.0104115054297999,0.927208316538334,0.0170024071837019,"Human_Breast_He_06222020_ST_BC23567_E2"
"Human_Breast_He_06222020_ST_BC23567_E2_18x28",0.00581424584575367,0.0108678896622407,0.00233632671852434,0.00420523192153725,0.00100688060192442,0.188257255249179,0.010252073778479,0.737832921951126,0.0394271742712347,"Human_Breast_He_06222020_ST_BC23567_E2"
"Human_Breast_He_06222020_ST_BC23567_E2_18x29",0.0141201252707551,0.0231048661397507,0.00330174718802952,0.00307206511110342,0.00267178450332422,0.141030389675329,0.025875145204653,0.731370596700066,0.0554532802069887,"Human_Breast_He_06222020_ST_BC23567_E2"
"Human_Breast_He_06222020_ST_BC23567_E2_18x26",0.0047456112618323,0.00999202415328217,0.00189997351054519,0.00233012809306364,0.0014767747821988,0.0590965715564284,0.0181914185617773,0.851872679016684,0.0503948190641878,"Human_Breast_He_06222020_ST_BC23567_E2"
"Human_Breast_He_06222020_ST_BC23567_E2_18x27",0.00562979604172065,0.0145733558332352,0.00258557996832871,0.00183241169331337,0.00165398823517892,0.12809988994314,0.0190864337847152,0.778988018911786,0.0475505255885811,"Human_Breast_He_06222020_ST_BC23567_E2"
"Human_Breast_He_06222020_ST_BC23567_E2_18x25",0.00183927621305206,0.0213424684561314,0.0161387816567512,0.0007346252282129,0.000833866436869909,0.0995238524831456,0.00562068154599998,0.816625163461625,0.0373412845182118,"Human_Breast_He_06222020_ST_BC23567_E2"
"Human_Breast_He_06222020_ST_BC23567_E2_18x22",0.00309819883940228,0.0243828749823756,0.00999629961495354,0.00100143585886718,0.00115860628573575,0.0780098653818408,0.00849206749735874,0.852165844114233,0.0216948074252332,"Human_Breast_He_06222020_ST_BC23567_E2"
"Human_Breast_He_06222020_ST_BC23567_E2_18x23",0.0018348919525837,0.00673906370738076,0.00697368266180645,0.000131948067901515,9.92993624088362e-05,0.0456686621164012,0.00742105938922931,0.915790789656794,0.0153406030854939,"Human_Breast_He_06222020_ST_BC23567_E2"
"Human_Breast_He_06222020_ST_BC23567_E2_18x20",0.00169341880787075,0.0229857675645904,0.00529127836318127,0.000863257951732599,0.000556869428711424,0.109179811867887,0.00845966940678524,0.832016078926048,0.0189538476831935,"Human_Breast_He_06222020_ST_BC23567_E2"
"Human_Breast_He_06222020_ST_BC23567_E2_20x24",0.00214326162971973,0.00786206130366153,0.00240740340801048,0.000507565367717794,0.0010954478456808,0.109878623598786,0.00893963604716822,0.844303681038109,0.0228623197611467,"Human_Breast_He_06222020_ST_BC23567_E2"
"Human_Breast_He_06222020_ST_BC23567_E2_20x27",0.0104094916287383,0.00492845426760365,0.0015802626666216,0.00174974834582097,0.0030700106735229,0.0987675053965418,0.0149695583454477,0.816234098142495,0.0482908705332083,"Human_Breast_He_06222020_ST_BC23567_E2"
"Human_Breast_He_06222020_ST_BC23567_E2_24x21",0.00159980602530971,0.0110653901139299,0.00568621137216173,0.000416237764287806,0.000294501930378461,0.0582984407744382,0.00566050118694075,0.912221095749043,0.00475781508351062,"Human_Breast_He_06222020_ST_BC23567_E2"
"Human_Breast_He_06222020_ST_BC23567_E2_25x14",0.000102108127878904,0.000388181049607185,0.000360348515547666,3.39710856268147e-05,9.9621673106714e-06,0.0338949184218583,5.51045174858682e-05,0.964888666475419,0.000266739639265824,"Human_Breast_He_06222020_ST_BC23567_E2"
"Human_Breast_He_06222020_ST_BC23567_E2_30x29",0.00493651966239773,0.011183139090344,0.00858057422402978,0.00143558848625369,0.0011403301975592,0.0471955315642376,0.00922770962192999,0.885255655728276,0.0310449514249721,"Human_Breast_He_06222020_ST_BC23567_E2"
"Human_Breast_He_06222020_ST_BC23567_E2_18x21",0.000437282654480778,0.00994137780055193,0.0038883826340847,0.000547612223910513,0.000363518340175493,0.0533229988950072,0.00338622414654319,0.922312836465344,0.00579976683990267,"Human_Breast_He_06222020_ST_BC23567_E2"
"Human_Breast_He_06222020_ST_BC23567_E2_23x20",0.00279345546036219,0.0223837476305306,0.00722398147779439,0.000743593348181026,0.00046297315225239,0.0635179389143028,0.00493317786787054,0.880707793871315,0.0172333382773915,"Human_Breast_He_06222020_ST_BC23567_E2"
"Human_Breast_He_06222020_ST_BC23567_E2_23x24",0.00197906906680798,0.0144469471201959,0.00617979412923292,0.00217265585327563,0.00125079217336901,0.0665081123315249,0.00835204139487718,0.856207998606849,0.0429025893238673,"Human_Breast_He_06222020_ST_BC23567_E2"
"Human_Breast_He_06222020_ST_BC23567_E2_23x26",0.0033226252561476,0.0168308853815341,0.00401044230703707,0.00236470922600788,0.00105194583788252,0.0353889654688496,0.034049448500296,0.857573916226266,0.045407061795979,"Human_Breast_He_06222020_ST_BC23567_E2"
"Human_Breast_He_06222020_ST_BC23567_E2_30x23",0.0106949369085947,0.0251246260666674,0.0122244069594427,0.00442450090837363,0.002942450809924,0.143284251889031,0.0557167742630108,0.640114194039748,0.105473858155208,"Human_Breast_He_06222020_ST_BC23567_E2"
"Human_Breast_He_06222020_ST_BC23567_E2_22x13",0.000232163683286131,0.00908966282216866,0.000860177610954363,0.000190871735133136,9.91227927993239e-05,0.063306182718925,0.00197576258373589,0.918230133138732,0.00601592291426538,"Human_Breast_He_06222020_ST_BC23567_E2"
"Human_Breast_He_06222020_ST_BC23567_E2_8x20",0.00987434411064052,0.0240500444308226,0.0123448330958037,0.00145044455228189,0.00247326860833921,0.0740898811093814,0.0949539304339628,0.623595111567475,0.157168142091293,"Human_Breast_He_06222020_ST_BC23567_E2"
"Human_Breast_He_06222020_ST_BC23567_E2_8x21",0.000986366202706431,0.0324554338323107,0.00311034618446905,0.000610150040419711,0.000225959289617847,0.0218653307034608,0.00492621277783581,0.927668327068332,0.00815187390084783,"Human_Breast_He_06222020_ST_BC23567_E2"
"Human_Breast_He_06222020_ST_BC23567_E2_11x10",0.00139099978925692,0.0246179979241714,0.00351216744421949,0.000752552579214954,0.000947448376999456,0.0651013140391381,0.00296090191206899,0.896485260361642,0.00423135757328886,"Human_Breast_He_06222020_ST_BC23567_E2"
"Human_Breast_He_06222020_ST_BC23567_E2_8x16",0.00462232399434211,0.0412354752016694,0.0131871979409703,0.000902046957508903,0.000345739501132035,0.0317382202708352,0.00957005400273867,0.882917232374494,0.0154817097563097,"Human_Breast_He_06222020_ST_BC23567_E2"
"Human_Breast_He_06222020_ST_BC23567_E2_11x12",0.00157733756206894,0.0255556184959776,0.00754324863674404,0.000663511246136283,0.000722099491732229,0.0908438508439328,0.00351781332828067,0.860029175481146,0.00954734491398142,"Human_Breast_He_06222020_ST_BC23567_E2"
"Human_Breast_He_06222020_ST_BC23567_E2_11x13",0.00164111330008248,0.0316981628223509,0.00226681410854293,0.000801405852936592,0.00106954814922707,0.0621681840527938,0.00230647331927179,0.891488918914075,0.0065593794807198,"Human_Breast_He_06222020_ST_BC23567_E2"
"Human_Breast_He_06222020_ST_BC23567_E2_8x15",0.0073787087274221,0.0204846899173889,0.00746744277016992,0.00139313235749908,0.0017735983079285,0.0250310344281842,0.0791387493823931,0.710542207849932,0.146790436259082,"Human_Breast_He_06222020_ST_BC23567_E2"
"Human_Breast_He_06222020_ST_BC23567_E2_11x9",0.000625429815057098,0.0143835160062327,0.00123320114364114,0.000268145481836826,0.000190584010044224,0.0457829631316926,0.000268396101651716,0.936183514853253,0.00106424945659058,"Human_Breast_He_06222020_ST_BC23567_E2"
"Human_Breast_He_06222020_ST_BC23567_E2_20x32",0.00449623450136741,0.0219863921985805,0.00464788534662093,0.00413199481567467,0.00264683338120961,0.13691082090446,0.00769531029527524,0.781708954606798,0.0357755739500135,"Human_Breast_He_06222020_ST_BC23567_E2"
"Human_Breast_He_06222020_ST_BC23567_E2_20x33",0.00164688511545934,0.0209174355878008,0.00878109229037028,0.00153307021701541,0.000911031512732206,0.182813381686736,0.0303339159089895,0.660582326083408,0.0924808615974878,"Human_Breast_He_06222020_ST_BC23567_E2"
"Human_Breast_He_06222020_ST_BC23567_E2_20x30",0.00424912970530369,0.0081524727611823,0.0064986964278691,0.0022464407707144,0.00145203862168595,0.123931952026017,0.00907557815220457,0.819464796503146,0.024928895031877,"Human_Breast_He_06222020_ST_BC23567_E2"
"Human_Breast_He_06222020_ST_BC23567_E2_20x31",0.00370502586639391,0.0373175697508526,0.00836488538747464,0.00242557332995198,0.00166857500912196,0.129544825729714,0.0100676961746366,0.784339062947145,0.0225667858047089,"Human_Breast_He_06222020_ST_BC23567_E2"
"Human_Breast_He_06222020_ST_BC23567_E2_26x17",0.000417517805898172,0.00733084683100855,0.00090092091559346,0.000342634027956917,0.000116224114092807,0.0160583679666785,0.000618296598506207,0.973141393925048,0.00107379781521733,"Human_Breast_He_06222020_ST_BC23567_E2"
"Human_Breast_He_06222020_ST_BC23567_E2_12x5",0.00119848870732292,0.0172218463612976,0.0028587666550373,0.000344448472996093,0.000256581427821073,0.0374209013963355,0.00092824458871177,0.937744803072113,0.00202591931836443,"Human_Breast_He_06222020_ST_BC23567_E2"
"Human_Breast_He_06222020_ST_BC23567_E2_20x9",0.00195379962061542,0.014355452208791,0.00651689449934848,0.00141765616271909,0.000531717368200225,0.0682102231214731,0.00963585718844554,0.867744646752507,0.0296337530779005,"Human_Breast_He_06222020_ST_BC23567_E2"
"Human_Breast_He_06222020_ST_BC23567_E2_12x8",0.0020420383710168,0.0406539716800349,0.0108052679412072,0.00296105641751367,0.00182422832954354,0.0630455401878026,0.00356885233071503,0.871012647945734,0.00408639679643272,"Human_Breast_He_06222020_ST_BC23567_E2"
"Human_Breast_He_06222020_ST_BC23567_E2_22x15",0.000106108980722421,0.0101400907766912,0.00181845128700996,0.000158057325445918,8.72454515493443e-05,0.0491431223092257,0.000424837336889323,0.93725774646515,0.000864340067315913,"Human_Breast_He_06222020_ST_BC23567_E2"
"Human_Breast_He_06222020_ST_BC23567_E2_18x24",0.00411909785156368,0.0184834485178042,0.00657290552751617,0.00150944745025212,0.000659408821591564,0.0486066812097714,0.0128980332967686,0.884790127191628,0.0223608501331039,"Human_Breast_He_06222020_ST_BC23567_E2"
"Human_Breast_He_06222020_ST_BC23567_E2_23x19",0.00389208908619105,0.015591410250615,0.00839311169666683,0.00146688355890541,0.000952301735935047,0.0672727293914282,0.00557027805141247,0.876714959543816,0.0201462366850303,"Human_Breast_He_06222020_ST_BC23567_E2"
"Human_Breast_He_06222020_ST_BC23567_E2_23x18",0.00351023468185087,0.0132001633094329,0.014963165885274,0.00166181333924145,0.00159528386788856,0.0916933994434082,0.00358286168079193,0.858597749703835,0.0111953280882775,"Human_Breast_He_06222020_ST_BC23567_E2"
"Human_Breast_He_06222020_ST_BC23567_E2_23x13",0.000358070357131067,0.00934694081309068,0.00128863508175217,0.000141193938216276,9.81285042768195e-05,0.0608424767069304,0.000502518282876176,0.926253757678579,0.00116827863714743,"Human_Breast_He_06222020_ST_BC23567_E2"
"Human_Breast_He_06222020_ST_BC23567_E2_23x12",0.000914452176646672,0.018004759810411,0.00579877615038675,0.00059484853042631,0.000364742148468534,0.0681600341740753,0.00164818541186131,0.898738902000795,0.0057752995969287,"Human_Breast_He_06222020_ST_BC23567_E2"
"Human_Breast_He_06222020_ST_BC23567_E2_23x15",0.00040566197673606,0.010724988970185,0.00191882962757805,0.000349500861890703,0.000343777798837829,0.0837735253347491,0.000395159477850106,0.900031127839562,0.00205742811261156,"Human_Breast_He_06222020_ST_BC23567_E2"
"Human_Breast_He_06222020_ST_BC23567_E2_23x14",0.000254484326350679,0.0046563302533817,0.00109733098821818,0.000123074678703285,5.12397897015893e-05,0.0224645253767077,0.00013206329032869,0.97078978894956,0.000431162347048581,"Human_Breast_He_06222020_ST_BC23567_E2"
"Human_Breast_He_06222020_ST_BC23567_E2_23x17",0.00130908514324976,0.0237451042782578,0.00540324650423686,0.000550320487282283,0.00207765862054912,0.0820477556483137,0.00838181462578771,0.848566294916697,0.0279187197756256,"Human_Breast_He_06222020_ST_BC23567_E2"
"Human_Breast_He_06222020_ST_BC23567_E2_23x16",0.00131417815064782,0.0116814496372267,0.00269767861807386,0.000962391721176703,0.000463797932996805,0.103689532142359,0.00107731488441676,0.874652965553316,0.00346069135978666,"Human_Breast_He_06222020_ST_BC23567_E2"
"Human_Breast_He_06222020_ST_BC23567_E2_11x14",0.00346080035829944,0.0187170643687491,0.00487332495706065,0.000389126363345254,0.000254197605255553,0.0346927643286102,0.00404728852215053,0.925236196104388,0.00832923739214149,"Human_Breast_He_06222020_ST_BC23567_E2"
"Human_Breast_He_06222020_ST_BC23567_E2_11x15",0.00151239045910092,0.0184278496796772,0.00293415380710809,0.000552251522590602,0.000305772388459242,0.0572373362089466,0.00102214119573792,0.915722282991004,0.00228582174737493,"Human_Breast_He_06222020_ST_BC23567_E2"
"Human_Breast_He_06222020_ST_BC23567_E2_11x16",0.00301533586911112,0.0311021381277656,0.00848340729236864,0.0015585647707899,0.00136562632352374,0.0816075497829748,0.00837864312042078,0.841170606252685,0.0233181284603605,"Human_Breast_He_06222020_ST_BC23567_E2"
"Human_Breast_He_06222020_ST_BC23567_E2_11x17",0.00286142469270715,0.012395210074324,0.00450415155370773,0.000843664084315396,0.000914319136717816,0.0492462246660481,0.0237099464013049,0.771681907827111,0.133843151563763,"Human_Breast_He_06222020_ST_BC23567_E2"
"Human_Breast_He_06222020_ST_BC23567_E2_11x18",0.00322159685751973,0.0161127939195757,0.00763006820684374,0.00122019627159242,0.00134328643103938,0.0462979788882682,0.0502852385532025,0.738527053360421,0.135361787511537,"Human_Breast_He_06222020_ST_BC23567_E2"
"Human_Breast_He_06222020_ST_BC23567_E2_11x19",0.001760836606148,0.0249761626900978,0.00533335213269698,0.000791743029680412,0.000614788573230333,0.101338066146694,0.00403487306756384,0.854133207226961,0.0070169705269273,"Human_Breast_He_06222020_ST_BC23567_E2"
"Human_Breast_He_06222020_ST_BC23567_E2_2x15",0.00860731159809618,0.0489670118745989,0.010403928188906,0.00320368449571308,0.00112939912501859,0.0593272681455818,0.00607137833708711,0.830809186452656,0.0314808317823424,"Human_Breast_He_06222020_ST_BC23567_E2"
"Human_Breast_He_06222020_ST_BC23567_E2_2x14",0.0128257409028646,0.049129604840189,0.0286888529961855,0.00649857963974291,0.0126087742451377,0.101508012559098,0.0676423005081238,0.520734608760345,0.200363525548314,"Human_Breast_He_06222020_ST_BC23567_E2"
"Human_Breast_He_06222020_ST_BC23567_E2_2x16",0.00487442565618152,0.0139103623829437,0.00504962198109139,0.00226091039360365,0.00239858807745607,0.0429651189985128,0.181743900544427,0.451781720177801,0.295015351787982,"Human_Breast_He_06222020_ST_BC23567_E2"
"Human_Breast_He_06222020_ST_BC23567_E2_17x15",0.000418901061270011,0.00381160392701654,0.00072067857857486,0.000221906885727136,0.000133347803894307,0.0280053355627859,0.00253866262519802,0.959459598112215,0.00468996544331796,"Human_Breast_He_06222020_ST_BC23567_E2"
"Human_Breast_He_06222020_ST_BC23567_E2_17x12",0.00138828966025573,0.0147690681462226,0.00640207137160593,0.00061710069863266,0.000436066104207206,0.0572462620748225,0.00441524195360304,0.90540069043822,0.0093252095524305,"Human_Breast_He_06222020_ST_BC23567_E2"
"Human_Breast_He_06222020_ST_BC23567_E2_17x13",0.00201182942631106,0.0188375563798496,0.00283889312026222,0.000941385125206639,0.000514508525632227,0.0233100671382933,0.0114281719662197,0.910303184636519,0.0298144036817059,"Human_Breast_He_06222020_ST_BC23567_E2"
"Human_Breast_He_06222020_ST_BC23567_E2_17x10",0.00281161680774135,0.0151591100080054,0.00486411635352274,0.00085318868039797,0.000620481514109596,0.064385531350103,0.016010885877483,0.845865079855162,0.0494299895534745,"Human_Breast_He_06222020_ST_BC23567_E2"
"Human_Breast_He_06222020_ST_BC23567_E2_17x11",0.00109987156786375,0.00537051882036552,0.00235652516619314,0.000492577703649964,0.000642876800598139,0.0353377988562959,0.00425319381364146,0.941491413884595,0.00895522338679737,"Human_Breast_He_06222020_ST_BC23567_E2"
"Human_Breast_He_06222020_ST_BC23567_E2_17x16",0.000745448789372642,0.0187401016109012,0.00176891691870032,9.82402300856242e-05,0.00021227576729091,0.0334272210707883,0.0014076797094727,0.940727734508366,0.00287238139502234,"Human_Breast_He_06222020_ST_BC23567_E2"
"Human_Breast_He_06222020_ST_BC23567_E2_17x17",0.000773457096781827,0.00957143906607183,0.0019926995608063,0.000261689619987347,0.000116235172089772,0.0231137972807944,0.000879646158050701,0.961255203700615,0.00203583234480321,"Human_Breast_He_06222020_ST_BC23567_E2"
"Human_Breast_He_06222020_ST_BC23567_E2_26x18",0.00478292557662174,0.0310051171801509,0.0090857106490903,0.00282912918807832,0.000768484410513257,0.0946503172839158,0.00116463648098987,0.849123552527958,0.00659012670268154,"Human_Breast_He_06222020_ST_BC23567_E2"
"Human_Breast_He_06222020_ST_BC23567_E2_26x19",0.00130090292720032,0.0194550699383097,0.00210080513067475,0.000551057559028781,0.00062786311326434,0.0856244972571435,0.000713299956112625,0.886175633482754,0.00345087063551248,"Human_Breast_He_06222020_ST_BC23567_E2"
"Human_Breast_He_06222020_ST_BC23567_E2_26x16",0.000439479267319224,0.00573886599781282,0.000758482552561125,0.000138927575294516,8.25567424004835e-05,0.0259253907804125,0.000130363092716866,0.966565062349886,0.000220871641596476,"Human_Breast_He_06222020_ST_BC23567_E2"
"Human_Breast_He_06222020_ST_BC23567_E2_17x18",0.000257722826516447,0.00827825721791438,0.000698132378276079,0.000194181990707151,0.000165253623617434,0.0284675669601642,0.000665243667956189,0.958243227054636,0.00303041428021189,"Human_Breast_He_06222020_ST_BC23567_E2"
"Human_Breast_He_06222020_ST_BC23567_E2_26x15",3.46731556251871e-05,0.00165805069298673,0.000147600494273132,2.28772256900198e-05,1.142883944942e-05,0.00242889608664802,1.25235715183786e-05,0.995655607681467,2.83422523419093e-05,"Human_Breast_He_06222020_ST_BC23567_E2"
"Human_Breast_He_06222020_ST_BC23567_E2_26x14",8.45250394842955e-05,0.000324191564292311,7.76551473611492e-05,0.000106588532807099,1.8720848687679e-05,0.00996813499437512,1.72310563606755e-05,0.989364913923662,3.80388929693297e-05,"Human_Breast_He_06222020_ST_BC23567_E2"
"Human_Breast_He_06222020_ST_BC23567_E2_31x18",0.00455916806735659,0.0374532727896849,0.00874285324097188,0.00134207448490729,0.000701983113145778,0.164163130164692,0.00161276448015835,0.778376635051613,0.00304811860747081,"Human_Breast_He_06222020_ST_BC23567_E2"
"Human_Breast_He_06222020_ST_BC23567_E2_31x19",0.00190006815050468,0.0247963329645339,0.0027477712275953,0.00248351426962081,0.00154608693226319,0.118275967051678,0.00246209947354388,0.843280537123159,0.00250762280710094,"Human_Breast_He_06222020_ST_BC23567_E2"
"Human_Breast_He_06222020_ST_BC23567_E2_10x24",0.0026096832733996,0.00913323227476842,0.00334146454715018,0.000302006210852013,0.000765589343745366,0.0534884074699391,0.0151507730731965,0.886710372863701,0.0284984709432476,"Human_Breast_He_06222020_ST_BC23567_E2"
"Human_Breast_He_06222020_ST_BC23567_E2_10x25",0.00576404380052024,0.00644355931962709,0.00162648691887884,0.000351070416266045,0.00084446505781785,0.0406835631074632,0.012983314562442,0.896582184335532,0.0347213124814529,"Human_Breast_He_06222020_ST_BC23567_E2"
"Human_Breast_He_06222020_ST_BC23567_E2_10x22",0.000836591911195162,0.0107250121689739,0.00335435678981896,0.000603642862379518,0.00016306885679008,0.0634903771564353,0.00310057590096211,0.907642136384436,0.0100842379690085,"Human_Breast_He_06222020_ST_BC23567_E2"
"Human_Breast_He_06222020_ST_BC23567_E2_10x23",0.00477670386900007,0.0211468742565927,0.010231390894569,0.00139215582952352,0.00176540647068184,0.103068558051747,0.00452833605455794,0.835550188528945,0.0175403860443825,"Human_Breast_He_06222020_ST_BC23567_E2"
"Human_Breast_He_06222020_ST_BC23567_E2_10x20",0.00447167332923278,0.0457134060927793,0.0126047189470001,0.00134476392336102,0.000747255624279115,0.0683778049632124,0.0109887600105782,0.843779650919914,0.0119719661896433,"Human_Breast_He_06222020_ST_BC23567_E2"
"Human_Breast_He_06222020_ST_BC23567_E2_10x21",0.00181143803632169,0.0179030808735266,0.00389949623292972,0.00254511486551409,0.00127214020300642,0.0758979496656289,0.00708213679431331,0.8727289683149,0.0168596750138591,"Human_Breast_He_06222020_ST_BC23567_E2"
"Human_Breast_He_06222020_ST_BC23567_E2_22x20",0.00206168106662571,0.022668662987399,0.00905322957313233,0.00156471826659268,0.000552391727698662,0.0912257840667501,0.0172244722839992,0.809022995301837,0.0466260647259651,"Human_Breast_He_06222020_ST_BC23567_E2"
"Human_Breast_He_06222020_ST_BC23567_E2_7x16",0.0109817157764363,0.119045742868802,0.0331086332589441,0.00226701862318126,0.00101267507237379,0.0920101366249201,0.0235210835611049,0.620371248919449,0.0976817452947883,"Human_Breast_He_06222020_ST_BC23567_E2"
"Human_Breast_He_06222020_ST_BC23567_E2_7x17",0.00647766426023906,0.0151423595444567,0.00456939552161044,0.00153265606580397,0.00196761795745944,0.071246362939818,0.0943426923873654,0.584279996198308,0.220441255124939,"Human_Breast_He_06222020_ST_BC23567_E2"
"Human_Breast_He_06222020_ST_BC23567_E2_7x14",0.00963558929623254,0.0286510457342309,0.0135261943326923,0.00292636396361135,0.00731778374719437,0.0506569957358607,0.0664501153693228,0.553489279401738,0.267346632419117,"Human_Breast_He_06222020_ST_BC23567_E2"
"Human_Breast_He_06222020_ST_BC23567_E2_7x15",0.012629864577434,0.0267244649107441,0.0185270203044556,0.00160640447951061,0.00192379140383395,0.0607267218436369,0.0732828603261777,0.616278345274719,0.188300526879488,"Human_Breast_He_06222020_ST_BC23567_E2"
"Human_Breast_He_06222020_ST_BC23567_E2_7x12",0.00279262414155848,0.0355643684544198,0.00422817059873159,0.0029047444971228,0.00235807212155395,0.0674730846777935,0.0032063875978956,0.873122514994821,0.00835003291610335,"Human_Breast_He_06222020_ST_BC23567_E2"
"Human_Breast_He_06222020_ST_BC23567_E2_7x13",0.00840749461595608,0.0306318524562235,0.00851119775595156,0.00262964754824024,0.00470187290207327,0.046774442754482,0.0558707656228119,0.68551276934499,0.156959956999272,"Human_Breast_He_06222020_ST_BC23567_E2"
"Human_Breast_He_06222020_ST_BC23567_E2_7x10",0.00143816270804758,0.0223237653326617,0.00178662572327358,0.000133289319066362,8.7235369068483e-05,0.013710712884752,0.000241805423274707,0.960036785561925,0.000241617677930545,"Human_Breast_He_06222020_ST_BC23567_E2"
"Human_Breast_He_06222020_ST_BC23567_E2_7x11",0.000486147071048222,0.0211524160927404,0.00127728894062003,0.000119113066416004,0.000112316361422453,0.0147453874119429,0.00021858106277265,0.961527198994018,0.000361550999019329,"Human_Breast_He_06222020_ST_BC23567_E2"
"Human_Breast_He_06222020_ST_BC23567_E2_12x13",0.00118395208730276,0.0236137348066735,0.00222410782994076,0.00164957100880551,0.000980057060747723,0.0736487889110977,0.00116966972889165,0.891393350490981,0.00413676807555983,"Human_Breast_He_06222020_ST_BC23567_E2"
"Human_Breast_He_06222020_ST_BC23567_E2_7x18",0.0104640338206618,0.0203086985075613,0.00508287461953356,0.00799992372227317,0.0125025326320561,0.0675150890158059,0.0785158225116311,0.554597769599868,0.243013255570609,"Human_Breast_He_06222020_ST_BC23567_E2"
"Human_Breast_He_06222020_ST_BC23567_E2_7x19",0.00672378327269038,0.0149704574007129,0.0125181552439617,0.00248044189077934,0.00245732920341048,0.0592640479941037,0.11385578317418,0.598176174547017,0.189553827273145,"Human_Breast_He_06222020_ST_BC23567_E2"
"Human_Breast_He_06222020_ST_BC23567_E2_14x7",0.00678189448609675,0.0318479460098004,0.0115155248524499,0.00168333051488102,0.00130489142914403,0.108794264296495,0.0116868381477341,0.800556659623972,0.0258286506394272,"Human_Breast_He_06222020_ST_BC23567_E2"
"Human_Breast_He_06222020_ST_BC23567_E2_14x5",0.00332011788212803,0.0186969719736634,0.00803686922851594,0.00223153909059517,0.00171343884426466,0.0551234165484956,0.0153161727188285,0.859924714943147,0.0356367587703618,"Human_Breast_He_06222020_ST_BC23567_E2"
"Human_Breast_He_06222020_ST_BC23567_E2_19x31",0.00424645630093323,0.0253318964293761,0.00531106089532697,0.000735896558955451,0.000402118869376696,0.0817575173756711,0.0101835864819506,0.849633093547327,0.0223983735410831,"Human_Breast_He_06222020_ST_BC23567_E2"
"Human_Breast_He_06222020_ST_BC23567_E2_30x32",0.0088126718831465,0.0178782934589607,0.00786491226520636,0.0024279861046115,0.00441462807980549,0.0979788711201337,0.0510179509398953,0.709061969139798,0.100542717008443,"Human_Breast_He_06222020_ST_BC23567_E2"
"Human_Breast_He_06222020_ST_BC23567_E2_30x31",0.00133387329713428,0.0170821072948184,0.00439991206212334,0.000769109966406902,0.0014949426245831,0.0208665830774853,0.00648941928631682,0.932551790024297,0.0150122623668352,"Human_Breast_He_06222020_ST_BC23567_E2"
"Human_Breast_He_06222020_ST_BC23567_E2_14x8",0.000486695843269307,0.0148484494206869,0.00261874674027142,0.0002384112054289,0.000141858466111274,0.01186152811641,0.00109276740397078,0.967303318027096,0.00140822477675538,"Human_Breast_He_06222020_ST_BC23567_E2"
"Human_Breast_He_06222020_ST_BC23567_E2_13x9",0.00098602777544326,0.0116656191539686,0.00307161287710265,0.000544085829648026,0.000473801938843461,0.038596325447282,0.0150157700179476,0.901284981262294,0.0283617756974708,"Human_Breast_He_06222020_ST_BC23567_E2"
"Human_Breast_He_06222020_ST_BC23567_E2_21x17",0.000309329494207316,0.0150972263186093,0.00897118656562831,0.000342981501224795,0.000216391468489293,0.0360843933614185,0.0011964874960984,0.935355768120436,0.00242623567388833,"Human_Breast_He_06222020_ST_BC23567_E2"
"Human_Breast_He_06222020_ST_BC23567_E2_21x16",0.00288870694126322,0.0193659416940255,0.00814337459211353,0.00219224426203466,0.000710556948157865,0.0850476597819168,0.00263636907045495,0.874115485820626,0.00489966088940719,"Human_Breast_He_06222020_ST_BC23567_E2"
"Human_Breast_He_06222020_ST_BC23567_E2_21x15",0.000513333177161519,0.00931813639582938,0.00202841147821387,0.000321318535460474,0.000381160335855007,0.099651244809896,0.00174155330536892,0.882591506114439,0.0034533358477758,"Human_Breast_He_06222020_ST_BC23567_E2"
"Human_Breast_He_06222020_ST_BC23567_E2_21x14",0.000107486124335861,0.00671262023021933,0.000575735327114283,7.36432247183239e-05,8.28474590659982e-05,0.0406856090066163,0.000799684203740349,0.948517304845035,0.00244506957915411,"Human_Breast_He_06222020_ST_BC23567_E2"
"Human_Breast_He_06222020_ST_BC23567_E2_21x13",0.000976493928078275,0.0254918748376428,0.00286320906808654,0.00147765764049879,0.000837803056435981,0.0612643128260804,0.0071036836676413,0.886673232268089,0.0133117327074473,"Human_Breast_He_06222020_ST_BC23567_E2"
"Human_Breast_He_06222020_ST_BC23567_E2_21x12",0.00376869934846797,0.0181390841598433,0.00395921861858865,0.00296913526645397,0.00105412683424017,0.0727408861859231,0.0224767113470728,0.840068532748443,0.0348236054909672,"Human_Breast_He_06222020_ST_BC23567_E2"
"Human_Breast_He_06222020_ST_BC23567_E2_21x11",0.0024276853926581,0.0144417634139388,0.00865756779209513,0.00148493531307135,0.00109178299272918,0.110633822551916,0.0174829150342205,0.801391185898274,0.0423883416110967,"Human_Breast_He_06222020_ST_BC23567_E2"
"Human_Breast_He_06222020_ST_BC23567_E2_21x10",0.00476834964407244,0.0216772408487335,0.0061899873366834,0.00102793289006061,0.000629001649326,0.110453068774993,0.0162337795439603,0.80771428420684,0.0313063551053314,"Human_Breast_He_06222020_ST_BC23567_E2"
"Human_Breast_He_06222020_ST_BC23567_E2_21x19",0.000881788612981845,0.028147929177297,0.00570841669137009,0.000876218706745861,0.000635654030278947,0.0689987307314858,0.0157123779907859,0.828738648277434,0.0503002357816207,"Human_Breast_He_06222020_ST_BC23567_E2"
"Human_Breast_He_06222020_ST_BC23567_E2_21x18",0.00459725344811035,0.00496346494467045,0.00793261306501332,0.0008488850060724,0.000473988023654334,0.17634440663254,0.00785219838084994,0.767028655827839,0.0299585346712507,"Human_Breast_He_06222020_ST_BC23567_E2"
"Human_Breast_He_06222020_ST_BC23567_E2_24x19",0.0016496578801054,0.00801746539671812,0.00116219927576587,0.000385866224271007,0.000238703965665896,0.0867919489700834,0.00692100871968173,0.877174708105805,0.0176584414619034,"Human_Breast_He_06222020_ST_BC23567_E2"
"Human_Breast_He_06222020_ST_BC23567_E2_13x28",0.00501786547963494,0.0297122762774716,0.00749738321840979,0.0014129837109044,0.00270597087497755,0.062505146203617,0.0111783691547386,0.801041692373064,0.0789283127071824,"Human_Breast_He_06222020_ST_BC23567_E2"
"Human_Breast_He_06222020_ST_BC23567_E2_12x28",0.00198068082811558,0.0314214664691024,0.00425490210334076,0.000289182476729951,0.000427440781749755,0.130765583150006,0.0161980593100002,0.772535960498074,0.0421267243828813,"Human_Breast_He_06222020_ST_BC23567_E2"
"Human_Breast_He_06222020_ST_BC23567_E2_9x22",0.00163421877724609,0.0117433596701474,0.0120920205165736,0.00213945662250089,0.00138612267639517,0.0859229412395849,0.0108056867043626,0.848951294092486,0.0253248997007032,"Human_Breast_He_06222020_ST_BC23567_E2"
"Human_Breast_He_06222020_ST_BC23567_E2_13x23",0.000953693685498571,0.0106626562276066,0.00134480796211174,0.000395336677552786,0.000842260244365652,0.138460642389215,0.0295664154267688,0.780271630583679,0.0375025568032021,"Human_Breast_He_06222020_ST_BC23567_E2"
"Human_Breast_He_06222020_ST_BC23567_E2_12x25",0.00829181965475101,0.0371457378392532,0.0168765887941065,0.000698108140225454,0.000544976538758255,0.176105891393272,0.00359563401753869,0.723423318067662,0.0333179255544335,"Human_Breast_He_06222020_ST_BC23567_E2"
"Human_Breast_He_06222020_ST_BC23567_E2_12x26",0.00400096372773319,0.0224992270779623,0.0194995638344599,0.00176660205824868,0.00220327073411599,0.0929006958074972,0.0198354385741556,0.779459969515012,0.057834268670815,"Human_Breast_He_06222020_ST_BC23567_E2"
"Human_Breast_He_06222020_ST_BC23567_E2_13x20",0.000686555609341062,0.021636321436074,0.00380639034058668,0.000433201754680359,0.000149600165514425,0.0474377008806239,0.000608910407276491,0.922013280829666,0.0032280385762371,"Human_Breast_He_06222020_ST_BC23567_E2"
"Human_Breast_He_06222020_ST_BC23567_E2_12x20",0.000430423865867137,0.0150841657776071,0.00257718700134918,0.000135249906210555,5.99491509554457e-05,0.0202715722763559,0.00255704482122412,0.955427621924399,0.00345678527603198,"Human_Breast_He_06222020_ST_BC23567_E2"
"Human_Breast_He_06222020_ST_BC23567_E2_12x21",0.00200488472183176,0.0286224446116904,0.00736086399529564,0.000377116278577756,0.000505888764460237,0.0508804361154736,0.00520529009419821,0.897328023243514,0.0077150521749589,"Human_Breast_He_06222020_ST_BC23567_E2"
"Human_Breast_He_06222020_ST_BC23567_E2_12x22",0.00527561880217363,0.0597076096403713,0.0179104910458694,0.000444737471169098,0.000533340110859504,0.0918938740635136,0.0123925156219347,0.759364642849587,0.0524771703945215,"Human_Breast_He_06222020_ST_BC23567_E2"
"Human_Breast_He_06222020_ST_BC23567_E2_12x23",0.00508560142339578,0.0428336456631144,0.0246271456071439,0.00186787419858115,0.00195630019100213,0.129200455191503,0.0184724170754643,0.744494186031814,0.0314623746179809,"Human_Breast_He_06222020_ST_BC23567_E2"
"Human_Breast_He_06222020_ST_BC23567_E2_13x21",0.00316504349347947,0.00934350252324586,0.00257465321965066,0.000242879193673466,0.000150867146597075,0.0532394317087759,0.0106524983368006,0.896301072697395,0.0243300516803824,"Human_Breast_He_06222020_ST_BC23567_E2"
"Human_Breast_He_06222020_ST_BC23567_E2_25x34",0.00750854020954022,0.0437956866784815,0.0191946635399847,0.00854211780927559,0.00385324066752464,0.128353056682963,0.0254436414620985,0.612122475734886,0.151186577215246,"Human_Breast_He_06222020_ST_BC23567_E2"
"Human_Breast_He_06222020_ST_BC23567_E2_25x31",0.014681998146068,0.0230887561836321,0.0166242964925267,0.00224483560938726,0.00267048636822208,0.111099429551967,0.00736230748280343,0.788867590883596,0.0333602992817966,"Human_Breast_He_06222020_ST_BC23567_E2"
"Human_Breast_He_06222020_ST_BC23567_E2_25x30",0.0117696337659312,0.0174281410187037,0.006469705371316,0.00447119392105229,0.00317451193847259,0.105322628408592,0.0179627943894777,0.762309920773267,0.0710914704131872,"Human_Breast_He_06222020_ST_BC23567_E2"
"Human_Breast_He_06222020_ST_BC23567_E2_25x33",0.00956495310578132,0.0249663579577721,0.0060934036203699,0.00400333914870678,0.00196657106838064,0.111748966065979,0.0125196526066222,0.764282032189684,0.0648547242367045,"Human_Breast_He_06222020_ST_BC23567_E2"
"Human_Breast_He_06222020_ST_BC23567_E2_25x32",0.0044381834541673,0.025658638109302,0.0119440155279842,0.00139147894061292,0.00220327231657822,0.0532453128569559,0.0102393537944504,0.87584140243426,0.0150383425656889,"Human_Breast_He_06222020_ST_BC23567_E2"
"Human_Breast_He_06222020_ST_BC23567_E2_24x17",0.000211993947568174,0.0122511150832748,0.00130899628836926,6.02524512025014e-05,4.77533138329129e-05,0.0278544353810565,0.000383096424265682,0.956900421944982,0.000981935165447649,"Human_Breast_He_06222020_ST_BC23567_E2"
"Human_Breast_He_06222020_ST_BC23567_E2_8x19",0.00510675281107344,0.0274173607357795,0.00888219064132995,0.00291653886740052,0.00262127412502801,0.0708634245986069,0.0706729220122667,0.632362673547404,0.179156862661111,"Human_Breast_He_06222020_ST_BC23567_E2"
"Human_Breast_He_06222020_ST_BC23567_E2_11x24",0.00152451492791847,0.00658214633536722,0.00181208245139119,0.00110386129390448,0.000707552734874408,0.0563441209463828,0.0274225486918275,0.846364343740737,0.0581388288775969,"Human_Breast_He_06222020_ST_BC23567_E2"
"Human_Breast_He_06222020_ST_BC23567_E2_11x26",0.00288161851563958,0.0173894510260282,0.00185217990792892,0.000629804955054656,0.000848487168138419,0.10660535689877,0.0101007840784374,0.838592896718517,0.0210994207314859,"Human_Breast_He_06222020_ST_BC23567_E2"
"Human_Breast_He_06222020_ST_BC23567_E2_11x21",0.00137972803152181,0.030505928120659,0.00302869478412976,0.000545810329855409,0.000318118540626394,0.0398359162071109,0.00199267026567301,0.917543064478571,0.00485006924185275,"Human_Breast_He_06222020_ST_BC23567_E2"
"Human_Breast_He_06222020_ST_BC23567_E2_11x20",0.000725117172082666,0.0178625342641157,0.00271854308085678,0.000230761213720151,0.000202050124805076,0.0127466321131629,0.00305054508980561,0.957725602849099,0.00473821409235226,"Human_Breast_He_06222020_ST_BC23567_E2"
"Human_Breast_He_06222020_ST_BC23567_E2_11x23",0.00375809620560953,0.0519428371323087,0.0107073967816121,0.00168166870364404,0.000814010555171007,0.0986069376979882,0.00780300528481018,0.775994413919304,0.0486916337195523,"Human_Breast_He_06222020_ST_BC23567_E2"
"Human_Breast_He_06222020_ST_BC23567_E2_11x22",0.00255659955378188,0.0290137409302942,0.00397842080185563,0.00297271217296025,0.00219692370798052,0.0900745893521754,0.00843980391309151,0.845447038552949,0.0153201710149114,"Human_Breast_He_06222020_ST_BC23567_E2"
"Human_Breast_He_06222020_ST_BC23567_E2_13x27",0.00668147137435986,0.0212169031473713,0.00999884151313934,0.00468361907449392,0.00373819979232274,0.147415211795365,0.0108146648214474,0.740826566239932,0.054624522241568,"Human_Breast_He_06222020_ST_BC23567_E2"
"Human_Breast_He_06222020_ST_BC23567_E2_25x16",0.000161459529504615,0.00322784447110791,0.00126737685440082,0.000115825059757783,5.73954625759616e-05,0.0231414136344141,0.000661652041821963,0.97044814249134,0.000918890455077088,"Human_Breast_He_06222020_ST_BC23567_E2"
"Human_Breast_He_06222020_ST_BC23567_E2_18x19",0.000913196097295214,0.0164341491595793,0.0045342048089929,0.00071621533312923,0.000522886485577771,0.08795864493905,0.00607429493735736,0.855349441785495,0.0274969664535231,"Human_Breast_He_06222020_ST_BC23567_E2"
"Human_Breast_He_06222020_ST_BC23567_E2_18x12",0.000313710520831445,0.0143376007503901,0.00188253495613256,0.000486123282729394,0.000168134606016922,0.0526758016920552,0.00137225625347528,0.923474598140641,0.00528923979772825,"Human_Breast_He_06222020_ST_BC23567_E2"
"Human_Breast_He_06222020_ST_BC23567_E2_18x11",0.000964640520439655,0.00981968843910904,0.00283809562772358,0.000603982034823861,0.000353832950802354,0.0414871381422071,0.000590749679708548,0.942406863286734,0.000935009318451827,"Human_Breast_He_06222020_ST_BC23567_E2"
"Human_Breast_He_06222020_ST_BC23567_E2_18x10",0.00033589541708841,0.00807206353108073,0.00228502648587243,0.000773520923459146,0.00049899912900671,0.0577145808700877,0.00141386730652959,0.925071260498999,0.00383478583787625,"Human_Breast_He_06222020_ST_BC23567_E2"
"Human_Breast_He_06222020_ST_BC23567_E2_32x31",0.00528822033020566,0.0342796409486224,0.00480573391694996,0.00244286654628043,0.00135768676680669,0.0630140062244093,0.0372084247766631,0.752337668688567,0.099265751801495,"Human_Breast_He_06222020_ST_BC23567_E2"
"Human_Breast_He_06222020_ST_BC23567_E2_32x30",0.00812627580305455,0.0285448495044819,0.00754836972022719,0.0045000901348243,0.00535024608001746,0.0725283451109045,0.0265465135223572,0.725007545434965,0.121847764689168,"Human_Breast_He_06222020_ST_BC23567_E2"
"Human_Breast_He_06222020_ST_BC23567_E2_18x14",0.000738381927344987,0.00947425570223031,0.00171383391067712,0.000430403989055637,0.000212965347592302,0.0431306925605544,0.00499796894286486,0.924481680793689,0.0148198168259911,"Human_Breast_He_06222020_ST_BC23567_E2"
