"","Endothelial","CAFs","PVL","B-cells","T-cells","Myeloid","Normal Epithelial","Plasmablasts","Cancer Epithelial","sid"
"Human_Breast_Andersson_10142021_ST_E3_10x10",0.029153462531866,0.0617010177038246,0.00582632942921823,0.00840286470773104,0.00688842125094957,0.134197490906819,0.0099787187808385,0.704062948014345,0.0397887466744082,"Human_Breast_Andersson_10142021_ST_E3"
"Human_Breast_Andersson_10142021_ST_E3_10x11",0.0110540636152675,0.0548025350810454,0.00802985463351856,0.0010421394219569,0.00397523556391249,0.134967661127903,0.00176403036612049,0.776982125574852,0.00738235461542427,"Human_Breast_Andersson_10142021_ST_E3"
"Human_Breast_Andersson_10142021_ST_E3_10x12",0.0347304772893279,0.0532852609745125,0.010396253308638,0.00179838596217392,0.0038083300664464,0.0789949912772145,0.00242910612541427,0.804975265069367,0.00958192992690613,"Human_Breast_Andersson_10142021_ST_E3"
"Human_Breast_Andersson_10142021_ST_E3_10x13",0.00688836883162004,0.0526184981022441,0.00203951518106216,0.00235167062162893,0.00505070525823358,0.0519790810388959,0.00147343511359679,0.858556280278336,0.0190424455743827,"Human_Breast_Andersson_10142021_ST_E3"
"Human_Breast_Andersson_10142021_ST_E3_10x14",0.0105186705682024,0.0165708304166509,0.000867310678107265,0.000401171826797458,0.00246822686572584,0.0438759658948358,0.0136071383104843,0.75586733764562,0.155823347793576,"Human_Breast_Andersson_10142021_ST_E3"
"Human_Breast_Andersson_10142021_ST_E3_10x15",0.0258370515848925,0.0409236877671294,0.0117334226929248,0.00307413042726533,0.00609462019465477,0.0448605765484049,0.012120789848924,0.721283779188374,0.13407194174743,"Human_Breast_Andersson_10142021_ST_E3"
"Human_Breast_Andersson_10142021_ST_E3_10x16",0.00507714201559431,0.067345268744529,0.00216900210296433,0.00127045677030678,0.0037668098489065,0.118652777427203,0.0268744040794151,0.609419144645681,0.1654249943654,"Human_Breast_Andersson_10142021_ST_E3"
"Human_Breast_Andersson_10142021_ST_E3_10x17",0.0116387084501411,0.0317112149899858,0.00299758877730399,0.00249363610720902,0.00359584797634683,0.0591334978241847,0.0169640672290769,0.620337117154148,0.251128321491603,"Human_Breast_Andersson_10142021_ST_E3"
"Human_Breast_Andersson_10142021_ST_E3_10x18",0.105062223607505,0.0658714024574365,0.0187910104229398,0.00254853300985103,0.00595719843360562,0.137682141700634,0.0161536938766355,0.557049704125692,0.0908840923657006,"Human_Breast_Andersson_10142021_ST_E3"
"Human_Breast_Andersson_10142021_ST_E3_10x19",0.267397284907045,0.0758109512507216,0.0691237205267559,0.00168787644432706,0.00403486615134432,0.077144493028577,0.00435852025122103,0.475495662956693,0.0249466244833152,"Human_Breast_Andersson_10142021_ST_E3"
"Human_Breast_Andersson_10142021_ST_E3_10x20",0.0285545308418739,0.0643348481697394,0.00498401136031907,0.000943515895673738,0.00202340655134179,0.0873678704339935,0.00539400011284556,0.761089184748242,0.0453086318859705,"Human_Breast_Andersson_10142021_ST_E3"
"Human_Breast_Andersson_10142021_ST_E3_10x21",0.0231799842436289,0.0505509846799979,0.00580266491964911,0.00731210058150716,0.01062334796204,0.118764313450964,0.00984267275787131,0.714081890681244,0.0598420407230977,"Human_Breast_Andersson_10142021_ST_E3"
"Human_Breast_Andersson_10142021_ST_E3_10x22",0.0172196393977877,0.0316294057586551,0.0138471359113105,0.00342232905656827,0.00197093551229559,0.0893021045707396,0.0136292768114997,0.790009766744491,0.0389694062366524,"Human_Breast_Andersson_10142021_ST_E3"
"Human_Breast_Andersson_10142021_ST_E3_10x23",0.0622915993797481,0.0534257289208541,0.0176531375055957,0.00701737058983397,0.0100320017160706,0.11899207649205,0.0107031073656224,0.637713107543074,0.0821718704871516,"Human_Breast_Andersson_10142021_ST_E3"
"Human_Breast_Andersson_10142021_ST_E3_10x24",0.0163187188514025,0.0139515212138518,0.00178781302554555,0.000648812344179269,0.000989507742337786,0.0406196764247718,0.0115085245343895,0.821925224668587,0.0922502011949348,"Human_Breast_Andersson_10142021_ST_E3"
"Human_Breast_Andersson_10142021_ST_E3_10x25",0.0428839885238134,0.010547691240207,0.00109099567013667,0.00328813546416579,0.00672108363419002,0.0303684678029438,0.0109096775747945,0.829914765046223,0.064275195043526,"Human_Breast_Andersson_10142021_ST_E3"
"Human_Breast_Andersson_10142021_ST_E3_10x6",0.0189846643806218,0.0368478828472018,0.00642853315225959,0.00230760060194761,0.00357363580218977,0.0932471324766181,0.0206039572365515,0.70682261507801,0.1111839784246,"Human_Breast_Andersson_10142021_ST_E3"
"Human_Breast_Andersson_10142021_ST_E3_10x7",0.017901896976625,0.0583942199079203,0.0184084819192571,0.00917719879356419,0.00880780767739424,0.132730127031736,0.00792787618161503,0.718901443482372,0.0277509480295164,"Human_Breast_Andersson_10142021_ST_E3"
"Human_Breast_Andersson_10142021_ST_E3_10x8",0.0240599775917906,0.0472623453388401,0.0135642033726972,0.00325609005390873,0.00672974961272238,0.0954258622175548,0.0054830504010819,0.791076407319043,0.0131423140923614,"Human_Breast_Andersson_10142021_ST_E3"
"Human_Breast_Andersson_10142021_ST_E3_10x9",0.0458273411275422,0.0490899207454034,0.00910951180216072,0.0166289836982348,0.0459141543871744,0.124930262448742,0.0177651963029722,0.658911943513074,0.0318226859746964,"Human_Breast_Andersson_10142021_ST_E3"
"Human_Breast_Andersson_10142021_ST_E3_11x10",0.028903911501116,0.0596713834861855,0.00789858466487936,0.0181768395333459,0.0291125592063051,0.146531703434808,0.00656653748169547,0.674615628087763,0.0285228526039016,"Human_Breast_Andersson_10142021_ST_E3"
"Human_Breast_Andersson_10142021_ST_E3_11x12",0.0175631399755535,0.0567498319492284,0.0134541807580974,0.00247765043186436,0.0112263300412843,0.143447028791345,0.00723261841402083,0.700066718610776,0.0477825010278304,"Human_Breast_Andersson_10142021_ST_E3"
"Human_Breast_Andersson_10142021_ST_E3_11x13",0.0232545796112511,0.0491577278852845,0.0025908352873576,0.0042282268494654,0.0190135017480962,0.0923633543702555,0.00942746204487135,0.777704378078848,0.0222599341245705,"Human_Breast_Andersson_10142021_ST_E3"
"Human_Breast_Andersson_10142021_ST_E3_11x14",0.0490611154905838,0.0443777604409534,0.00813840749653147,0.0073066643378172,0.00733434674528196,0.0573596752548562,0.00544742627196438,0.761847189916915,0.0591274140450966,"Human_Breast_Andersson_10142021_ST_E3"
"Human_Breast_Andersson_10142021_ST_E3_11x15",0.0106039903146156,0.0432766586568972,0.0036410604571766,0.00529453535458234,0.00446993615502727,0.0763629541426886,0.00289961708137893,0.834682637217003,0.0187686106206308,"Human_Breast_Andersson_10142021_ST_E3"
"Human_Breast_Andersson_10142021_ST_E3_11x16",0.00899681302354894,0.0456866336646265,0.00694413469143336,0.00315304414212095,0.00664807778905406,0.108079633692913,0.00625207118335056,0.722945463025922,0.0912941287870309,"Human_Breast_Andersson_10142021_ST_E3"
"Human_Breast_Andersson_10142021_ST_E3_11x17",0.00822570328600124,0.0260304717595734,0.00244473000802535,0.00246442207605024,0.00234053060161941,0.0325631037732109,0.0266849037831598,0.688655417374299,0.210590717338061,"Human_Breast_Andersson_10142021_ST_E3"
"Human_Breast_Andersson_10142021_ST_E3_11x18",0.00532862341986687,0.0243266758554948,0.00316017672719332,0.00313020303955625,0.0041540466801992,0.0450747518887488,0.0221155846728828,0.69211198367047,0.200597954045589,"Human_Breast_Andersson_10142021_ST_E3"
"Human_Breast_Andersson_10142021_ST_E3_11x19",0.016425691750514,0.0478114155358167,0.00792668138797581,0.00304085923437963,0.00446110836320923,0.120283320468648,0.012431940297521,0.757461953763729,0.0301570291982059,"Human_Breast_Andersson_10142021_ST_E3"
"Human_Breast_Andersson_10142021_ST_E3_11x20",0.0169478237868412,0.0314317016413497,0.0083362078287625,0.000684244251697634,0.00255404638503006,0.0401955135305178,0.0126274220037359,0.851831647205427,0.0353913933666384,"Human_Breast_Andersson_10142021_ST_E3"
"Human_Breast_Andersson_10142021_ST_E3_11x21",0.00998923319714043,0.0565099299246307,0.00779939407301968,0.0032907695201965,0.00597809536416828,0.0792246549672031,0.00781191221840125,0.793579518606801,0.0358164921284392,"Human_Breast_Andersson_10142021_ST_E3"
"Human_Breast_Andersson_10142021_ST_E3_11x22",0.0176863987609071,0.0383190817931422,0.00336569582918097,0.00201336547176932,0.00528841924647638,0.0942595495134153,0.0168845094045703,0.789140848493392,0.0330421314871463,"Human_Breast_Andersson_10142021_ST_E3"
"Human_Breast_Andersson_10142021_ST_E3_11x23",0.0281921924831629,0.061037642589065,0.0109465702596171,0.00589922165665418,0.0118848740580156,0.132909604264896,0.0114468944717072,0.646445626617838,0.0912373735990445,"Human_Breast_Andersson_10142021_ST_E3"
"Human_Breast_Andersson_10142021_ST_E3_11x24",0.00462792420098888,0.0249668288157377,0.00161908404993336,0.00267651565677082,0.00561121047157823,0.0651788975921889,0.0176639133880231,0.758255407115375,0.119400218709404,"Human_Breast_Andersson_10142021_ST_E3"
"Human_Breast_Andersson_10142021_ST_E3_11x25",0.0368861559188661,0.0454382436908339,0.00800843673575363,0.0104576377317083,0.0118095791224542,0.144675514049667,0.0900446993707855,0.552946772731352,0.0997329606485794,"Human_Breast_Andersson_10142021_ST_E3"
"Human_Breast_Andersson_10142021_ST_E3_11x26",0.0141704941917327,0.036406123579379,0.000935075511977431,0.000374319199541761,0.000786096622964393,0.12424021339614,0.00525581600635474,0.74081405183085,0.077017809661061,"Human_Breast_Andersson_10142021_ST_E3"
"Human_Breast_Andersson_10142021_ST_E3_11x5",0.00282050020365018,0.0228657688538062,0.00199292979506721,0.00164319750315369,0.00169476278497181,0.0238463379079928,0.00481403194731678,0.855514020779951,0.0848084502240903,"Human_Breast_Andersson_10142021_ST_E3"
"Human_Breast_Andersson_10142021_ST_E3_11x6",0.0111912611348678,0.0416345593656021,0.00641774171155657,0.00247644581942133,0.00332624002037959,0.111844891011283,0.0072875956732775,0.792679946615128,0.0231413186484842,"Human_Breast_Andersson_10142021_ST_E3"
"Human_Breast_Andersson_10142021_ST_E3_11x7",0.0268917162346767,0.0405810955927365,0.00991374164092293,0.00363892238056716,0.0118741870191634,0.159526165544684,0.00309062714218637,0.712208901575143,0.0322746428699196,"Human_Breast_Andersson_10142021_ST_E3"
"Human_Breast_Andersson_10142021_ST_E3_11x8",0.0288399763743182,0.0367719244535667,0.00229664562152202,0.00895614747075085,0.0154703102463972,0.0928132920621795,0.00605595145084722,0.760318290449346,0.0484774618710723,"Human_Breast_Andersson_10142021_ST_E3"
"Human_Breast_Andersson_10142021_ST_E3_11x9",0.026351448994335,0.0644216779722889,0.00587730041736577,0.00575462957587883,0.00517613283263638,0.122201303321452,0.00344211328302672,0.739672925572989,0.0271024680300271,"Human_Breast_Andersson_10142021_ST_E3"
"Human_Breast_Andersson_10142021_ST_E3_12x10",0.016546737189167,0.0370035475274205,0.00577906240721402,0.00120566093746942,0.00201799513288805,0.0814452658554073,0.00512248693873214,0.809664244070849,0.0412149999408523,"Human_Breast_Andersson_10142021_ST_E3"
"Human_Breast_Andersson_10142021_ST_E3_12x11",0.0125124956318165,0.0464080071332115,0.00562199715919047,0.00665563774603756,0.0058761832237538,0.105871775795182,0.0101168090274948,0.76678922412028,0.0401478701630332,"Human_Breast_Andersson_10142021_ST_E3"
"Human_Breast_Andersson_10142021_ST_E3_12x12",0.0197984054404088,0.0386176530540291,0.0146218811701223,0.00385308735090212,0.0121586187736571,0.100550571577066,0.0290984997065495,0.736925868604656,0.0443754143226094,"Human_Breast_Andersson_10142021_ST_E3"
"Human_Breast_Andersson_10142021_ST_E3_12x13",0.0427802086817451,0.0489470815238128,0.00753729579530969,0.00992791015372663,0.0146485871096836,0.115512824054831,0.00366254177624186,0.729762147361204,0.0272214035434461,"Human_Breast_Andersson_10142021_ST_E3"
"Human_Breast_Andersson_10142021_ST_E3_12x14",0.032102133435349,0.0663169445412835,0.0063989105514337,0.00956177244000484,0.00788235328384358,0.0967122295580454,0.00689094525070211,0.750451201485737,0.0236835094536012,"Human_Breast_Andersson_10142021_ST_E3"
"Human_Breast_Andersson_10142021_ST_E3_12x15",0.00505307885613635,0.0546147515409864,0.00212111331697476,0.00141178066036882,0.0012389768958093,0.0718284332125155,0.0039720965655124,0.842309436335856,0.0174503326158401,"Human_Breast_Andersson_10142021_ST_E3"
"Human_Breast_Andersson_10142021_ST_E3_12x16",0.0236757705155618,0.0643657502772858,0.0162273036568264,0.00423105610169979,0.00878343059009397,0.0823928750336305,0.017135313061706,0.69495836043891,0.0882301403242859,"Human_Breast_Andersson_10142021_ST_E3"
"Human_Breast_Andersson_10142021_ST_E3_12x17",0.0135104313424532,0.0262010347589041,0.00465241965734634,0.0014486403500835,0.00506592511925703,0.0561871225199689,0.028789551494819,0.600316388755149,0.263828486002019,"Human_Breast_Andersson_10142021_ST_E3"
"Human_Breast_Andersson_10142021_ST_E3_12x18",0.0119341744905308,0.0574658402855116,0.00497315164601552,0.000718377958816678,0.00132559442335771,0.0504160706059983,0.0100570787468617,0.825650588531593,0.0374591233113143,"Human_Breast_Andersson_10142021_ST_E3"
"Human_Breast_Andersson_10142021_ST_E3_12x19",0.00292582372538017,0.0392058509061523,0.00203510527801004,0.000563950844305017,0.00054350220349898,0.0381740997645635,0.00342387201696874,0.905799001151012,0.00732879411010935,"Human_Breast_Andersson_10142021_ST_E3"
"Human_Breast_Andersson_10142021_ST_E3_12x20",0.0114027443153791,0.048306847162472,0.0150729773274374,0.00020287085844872,0.00193951808431554,0.04090921285328,0.012310740868016,0.843722290900535,0.026132797630116,"Human_Breast_Andersson_10142021_ST_E3"
"Human_Breast_Andersson_10142021_ST_E3_12x21",0.0170421841923428,0.0566295153484436,0.0174338854512873,0.000489243864218969,0.00112875661383101,0.0665510763208512,0.00572829641651242,0.794362003921808,0.040635037870705,"Human_Breast_Andersson_10142021_ST_E3"
"Human_Breast_Andersson_10142021_ST_E3_12x22",0.0364483630935178,0.0873799786441934,0.0168351450541343,0.00689634300663332,0.0171894602692128,0.105590671447076,0.00935154559512892,0.62520024760813,0.0951082452819733,"Human_Breast_Andersson_10142021_ST_E3"
"Human_Breast_Andersson_10142021_ST_E3_12x23",0.0385693061027096,0.0590603929297219,0.0476487124114683,0.0188952500759506,0.0157380759192518,0.12284113072157,0.00835214459627656,0.57911521649462,0.109779770748432,"Human_Breast_Andersson_10142021_ST_E3"
"Human_Breast_Andersson_10142021_ST_E3_12x24",0.0328153323007853,0.0418484736749199,0.0101892580442121,0.00268722951627583,0.0179643352295005,0.112605681031135,0.00751954644342317,0.666041781795455,0.108328361964293,"Human_Breast_Andersson_10142021_ST_E3"
"Human_Breast_Andersson_10142021_ST_E3_12x25",0.0673744696772091,0.0576301335146107,0.0388235784600093,0.00583815687430539,0.00820111068668888,0.162658489197182,0.00728244710417343,0.556025738917068,0.0961658755687534,"Human_Breast_Andersson_10142021_ST_E3"
"Human_Breast_Andersson_10142021_ST_E3_12x26",0.010241211530312,0.0211337915437322,0.0184559799540177,0.00334786855977345,0.00557562506342339,0.0751648310365006,0.00635209020934855,0.756305097078135,0.103423505024758,"Human_Breast_Andersson_10142021_ST_E3"
"Human_Breast_Andersson_10142021_ST_E3_12x27",0.0257054471191476,0.0246680112722942,0.00653948713649498,0.000195569404850054,0.0013028179651914,0.147728086678706,0.00128125336629784,0.710261943649798,0.0823173834072196,"Human_Breast_Andersson_10142021_ST_E3"
"Human_Breast_Andersson_10142021_ST_E3_12x28",0.0243221133617747,0.0926392465918053,0.0109731151108115,0.00256235501120105,0.0176441063545915,0.147902595912456,0.0147772002109547,0.577299769277697,0.111879498168708,"Human_Breast_Andersson_10142021_ST_E3"
"Human_Breast_Andersson_10142021_ST_E3_12x5",0.0183985240901337,0.0558641867198694,0.0124382603430593,0.00343574982224209,0.00728975534889709,0.0762688937987772,0.00196215809978782,0.780183529800547,0.0441589419766863,"Human_Breast_Andersson_10142021_ST_E3"
"Human_Breast_Andersson_10142021_ST_E3_12x6",0.0109038436330603,0.0625128013010847,0.0108086924612263,0.00400144809138957,0.00885001737052349,0.100477635503986,0.0158049738212294,0.737817137321396,0.0488234504961038,"Human_Breast_Andersson_10142021_ST_E3"
"Human_Breast_Andersson_10142021_ST_E3_12x7",0.0230389776356115,0.0600949607053138,0.01411154143071,0.00328533823219535,0.00704230560027613,0.149773184340717,0.00768601981224743,0.675346302024998,0.059621370217931,"Human_Breast_Andersson_10142021_ST_E3"
"Human_Breast_Andersson_10142021_ST_E3_12x8",0.0231147573597679,0.073867138506941,0.013553159452666,0.0176145855247662,0.0141014927003579,0.124662710590599,0.0030104920599645,0.694186933298993,0.0358887305059444,"Human_Breast_Andersson_10142021_ST_E3"
"Human_Breast_Andersson_10142021_ST_E3_12x9",0.00846643668529362,0.050193878254302,0.00763696004673849,0.00384304128026907,0.00529993637018256,0.103330944565137,0.00396895263535849,0.743823868484199,0.0734359816785198,"Human_Breast_Andersson_10142021_ST_E3"
"Human_Breast_Andersson_10142021_ST_E3_13x10",0.0173663203244567,0.0229273325498395,0.00444720245003978,0.0132082415559713,0.0139040962041562,0.0918464745357655,0.042328910140518,0.610068415438233,0.18390300680102,"Human_Breast_Andersson_10142021_ST_E3"
"Human_Breast_Andersson_10142021_ST_E3_13x11",0.0311571310858665,0.0538622066189629,0.011775305284465,0.00622875897329207,0.0105176451289699,0.102333346760699,0.0116712289111208,0.706957662395042,0.0654967148415814,"Human_Breast_Andersson_10142021_ST_E3"
"Human_Breast_Andersson_10142021_ST_E3_13x12",0.00811136343666739,0.0599920622407738,0.0299802949683278,0.00211656645938465,0.00749472590037451,0.100860338567755,0.0123747100111384,0.725571145190587,0.053498793224991,"Human_Breast_Andersson_10142021_ST_E3"
"Human_Breast_Andersson_10142021_ST_E3_13x13",0.0453495145660458,0.0354943271965386,0.00799890607673386,0.00605569129289783,0.0167077244402282,0.0595434626773473,0.00736171546562053,0.801076713567161,0.0204119447174266,"Human_Breast_Andersson_10142021_ST_E3"
"Human_Breast_Andersson_10142021_ST_E3_13x14",0.0312854095315511,0.0560327820298333,0.0186466433359078,0.00795446812300432,0.0305353547965716,0.0773601178654708,0.00628159002220373,0.7480501174552,0.0238535168402573,"Human_Breast_Andersson_10142021_ST_E3"
"Human_Breast_Andersson_10142021_ST_E3_13x15",0.0246701900353925,0.0447762908518511,0.0117236754310682,0.00310913910717045,0.0200894619280087,0.0884500637140979,0.00774877166456764,0.774314963305944,0.0251174439618995,"Human_Breast_Andersson_10142021_ST_E3"
"Human_Breast_Andersson_10142021_ST_E3_13x16",0.0475242556751318,0.0448162711498588,0.00496967363411439,0.0074049265325518,0.0285625205138148,0.0776098723225885,0.00875994542250069,0.760918413366216,0.0194341213832228,"Human_Breast_Andersson_10142021_ST_E3"
"Human_Breast_Andersson_10142021_ST_E3_13x17",0.0369977500196874,0.0492574946579504,0.0177997357171706,0.00067365102681193,0.00244766339210379,0.0795640100775089,0.00736860795198105,0.756906648987712,0.048984438169074,"Human_Breast_Andersson_10142021_ST_E3"
"Human_Breast_Andersson_10142021_ST_E3_13x18",0.0054924250723819,0.0347995111920282,0.00183316528057391,0.00173034444122981,0.00264556487929252,0.0696688433660263,0.00175875322088888,0.866568792831455,0.0155025997161236,"Human_Breast_Andersson_10142021_ST_E3"
"Human_Breast_Andersson_10142021_ST_E3_13x19",0.00702081857856124,0.0438205696537069,0.00240891299707447,0.0001961074868121,0.000627329533699478,0.0214791954142161,0.00291044789862905,0.91219436168349,0.00934225675381079,"Human_Breast_Andersson_10142021_ST_E3"
"Human_Breast_Andersson_10142021_ST_E3_13x20",0.0188116927022911,0.0539810948129285,0.0100265542865675,0.00113377867094266,0.0035104748036553,0.0916442786902848,0.00294653761587785,0.797882665257944,0.0200629231595086,"Human_Breast_Andersson_10142021_ST_E3"
"Human_Breast_Andersson_10142021_ST_E3_13x21",0.03019769686193,0.0251587648214946,0.00305022748876551,0.00200124157274707,0.00913614980365876,0.089309016839783,0.0144062236815361,0.742736322517101,0.0840043564129839,"Human_Breast_Andersson_10142021_ST_E3"
"Human_Breast_Andersson_10142021_ST_E3_13x22",0.0193774552224173,0.027259660557351,0.0163401229586407,0.0012289902095649,0.00693637049037209,0.0238563104562608,0.00729076996402854,0.827634388596564,0.0700759315448011,"Human_Breast_Andersson_10142021_ST_E3"
"Human_Breast_Andersson_10142021_ST_E3_13x23",0.00898831526659043,0.0539979179159117,0.00293179086459255,0.000807090138241007,0.00464829821421512,0.105097295507755,0.0164262365469425,0.676828401143254,0.130274654402498,"Human_Breast_Andersson_10142021_ST_E3"
"Human_Breast_Andersson_10142021_ST_E3_13x24",0.0311561173976421,0.0425930348758599,0.00342417590068331,0.00958398455054234,0.0100183980659598,0.167914709115704,0.0301896706576513,0.586811913686287,0.11830799574967,"Human_Breast_Andersson_10142021_ST_E3"
"Human_Breast_Andersson_10142021_ST_E3_13x25",0.0273456944676597,0.0286277756648839,0.0136349320765264,0.00986269461233158,0.0404030873394625,0.104304673636436,0.020490781694885,0.674869561156938,0.0804607993508767,"Human_Breast_Andersson_10142021_ST_E3"
"Human_Breast_Andersson_10142021_ST_E3_13x26",0.0803566498137882,0.0476542497133712,0.0359869099657436,0.00599639298633862,0.0193638411408012,0.0876271518794304,0.00962652676297065,0.663234910714989,0.0501533670225673,"Human_Breast_Andersson_10142021_ST_E3"
"Human_Breast_Andersson_10142021_ST_E3_13x27",0.0285057711333504,0.0270239993386299,0.0130045282208696,0.0120145487428834,0.0123999395494855,0.140206009227254,0.0109433656485533,0.641687802170886,0.114214035968088,"Human_Breast_Andersson_10142021_ST_E3"
"Human_Breast_Andersson_10142021_ST_E3_13x28",0.0392589266254903,0.0528859611935322,0.00981337643946609,0.00449794348972346,0.0134422963470028,0.104490585849939,0.00894598795993926,0.634818217072386,0.131846705022521,"Human_Breast_Andersson_10142021_ST_E3"
"Human_Breast_Andersson_10142021_ST_E3_13x5",0.0290232353850068,0.0488308403561931,0.00902386213154922,0.00410262870413171,0.0167370489182548,0.117946773728719,0.0090221109828036,0.71409603624606,0.0512174635472826,"Human_Breast_Andersson_10142021_ST_E3"
"Human_Breast_Andersson_10142021_ST_E3_13x6",0.0391115039598531,0.0437456116292389,0.012754931526215,0.0257656261195045,0.0122273683338301,0.158809828013151,0.0112523096483449,0.603530880422082,0.0928019403477812,"Human_Breast_Andersson_10142021_ST_E3"
"Human_Breast_Andersson_10142021_ST_E3_13x7",0.00751986153351519,0.0401032042049088,0.00363127117035761,0.00608255026598525,0.00515252828368276,0.124602820779829,0.00979968551892101,0.659413318504158,0.143694759738643,"Human_Breast_Andersson_10142021_ST_E3"
"Human_Breast_Andersson_10142021_ST_E3_13x8",0.00647778316316053,0.0459534298511961,0.00589988974304345,0.00487682554701037,0.00732903810004264,0.10833862658105,0.0278822240782483,0.652103032065848,0.141139150870401,"Human_Breast_Andersson_10142021_ST_E3"
"Human_Breast_Andersson_10142021_ST_E3_13x9",0.00193749166812665,0.0236869356355726,0.00680505189675263,0.00276067041838738,0.00185844443197338,0.064338211797213,0.0111961243879971,0.786178831852578,0.101238237911399,"Human_Breast_Andersson_10142021_ST_E3"
"Human_Breast_Andersson_10142021_ST_E3_14x10",0.00937741735051929,0.0334950402499827,0.00210493376294951,0.00445518388494073,0.00325374151018197,0.0826205827924138,0.0128115601924344,0.768957108636062,0.0829244316205156,"Human_Breast_Andersson_10142021_ST_E3"
"Human_Breast_Andersson_10142021_ST_E3_14x11",0.00884268233331148,0.0417897827632645,0.00882856719225254,0.00193401470126719,0.00286707742111991,0.06119413232214,0.00308974463090897,0.810084361091214,0.0613696375445215,"Human_Breast_Andersson_10142021_ST_E3"
"Human_Breast_Andersson_10142021_ST_E3_14x12",0.0207036728709329,0.0727619968538861,0.00707496484832835,0.00855707562734207,0.00755211524130266,0.228106230548986,0.0265310911183423,0.470135296553089,0.15857755633779,"Human_Breast_Andersson_10142021_ST_E3"
"Human_Breast_Andersson_10142021_ST_E3_14x13",0.00661638565277952,0.0391547174384947,0.00290492241717496,0.00273592196420356,0.00498303512825961,0.113691066293368,0.00882612286105978,0.759565941589745,0.0615218866549149,"Human_Breast_Andersson_10142021_ST_E3"
"Human_Breast_Andersson_10142021_ST_E3_14x14",0.0317764380317354,0.0480311279116647,0.00949637546256937,0.0069871303669467,0.00931094918148098,0.115942770691012,0.00589372866251586,0.741182133820385,0.0313793458716906,"Human_Breast_Andersson_10142021_ST_E3"
"Human_Breast_Andersson_10142021_ST_E3_14x15",0.0397897841894698,0.0475756075543784,0.00731637622580714,0.00779551176261816,0.0127144426603019,0.10141817724525,0.0202129428221022,0.72706111431467,0.0361160432254016,"Human_Breast_Andersson_10142021_ST_E3"
"Human_Breast_Andersson_10142021_ST_E3_14x16",0.0211954340083086,0.0708696636601983,0.0188684082640177,0.00241019596901293,0.0103470078024567,0.117835904789319,0.00730404610198136,0.71672524303779,0.0344440963669153,"Human_Breast_Andersson_10142021_ST_E3"
"Human_Breast_Andersson_10142021_ST_E3_14x17",0.0105132284992853,0.0467747398239179,0.0022987442181072,0.00203141865016838,0.00247034178607576,0.0251631431770374,0.00493362317184634,0.902001482355388,0.00381327831817378,"Human_Breast_Andersson_10142021_ST_E3"
"Human_Breast_Andersson_10142021_ST_E3_14x18",0.012093235672563,0.0441547688390691,0.00161804890182142,0.00110911148709126,0.00407031564541462,0.0578224905516817,0.00310426406922315,0.855442027683089,0.0205857371500471,"Human_Breast_Andersson_10142021_ST_E3"
"Human_Breast_Andersson_10142021_ST_E3_14x19",0.00614578781210695,0.0454227947909309,0.00169646766983072,0.000329338930075892,0.000520500889628921,0.0254289044723871,0.00322314133381717,0.903795533145425,0.0134375309557971,"Human_Breast_Andersson_10142021_ST_E3"
"Human_Breast_Andersson_10142021_ST_E3_14x20",0.0161864181774412,0.0308524380002388,0.00335691632774812,0.00457480683998436,0.00569929253746483,0.0837696066798753,0.00870702113535628,0.81251191256917,0.0343415877327212,"Human_Breast_Andersson_10142021_ST_E3"
"Human_Breast_Andersson_10142021_ST_E3_14x21",0.0145842990007515,0.0450140660204576,0.00537264599714237,0.00440591280872923,0.00754981292380682,0.0727206099292942,0.0242546583646898,0.740286722767991,0.0858112721871373,"Human_Breast_Andersson_10142021_ST_E3"
"Human_Breast_Andersson_10142021_ST_E3_14x22",0.0094688223053374,0.0503547718797667,0.00931763499102994,0.0107017540786818,0.0104164283029967,0.117968923203771,0.0130702311276705,0.698314219712909,0.0803872143978373,"Human_Breast_Andersson_10142021_ST_E3"
"Human_Breast_Andersson_10142021_ST_E3_14x23",0.0121634346190909,0.0490726217901082,0.013258376721523,0.00077946596903281,0.00435340306675047,0.077409112435323,0.0284040269010725,0.693321080958668,0.121238477538432,"Human_Breast_Andersson_10142021_ST_E3"
"Human_Breast_Andersson_10142021_ST_E3_14x24",0.019831442512609,0.0372621584569251,0.00682714992193735,0.00109065169506132,0.0157550872598567,0.110869889741341,0.0385843700707855,0.668200008632351,0.101579241709133,"Human_Breast_Andersson_10142021_ST_E3"
"Human_Breast_Andersson_10142021_ST_E3_14x25",0.019759273462615,0.0320769680702623,0.00408777427108643,0.0055501645587461,0.00407372983976119,0.101569348149147,0.00646755923474214,0.721465506784504,0.104949675629135,"Human_Breast_Andersson_10142021_ST_E3"
"Human_Breast_Andersson_10142021_ST_E3_14x26",0.0130814281042794,0.0488485365516025,0.00160389062170577,0.00184116561227734,0.00670550337917291,0.107889582208447,0.0213792545867832,0.700419599867564,0.0982310390681672,"Human_Breast_Andersson_10142021_ST_E3"
"Human_Breast_Andersson_10142021_ST_E3_14x27",0.00838571156505316,0.0284118560427929,0.00322477959661823,0.000151330151089869,0.000703080299376088,0.0740911988255615,0.0139414786131262,0.754563904317927,0.116526660588455,"Human_Breast_Andersson_10142021_ST_E3"
"Human_Breast_Andersson_10142021_ST_E3_14x28",0.0254007448685556,0.0357104495768867,0.00455931714994148,0.00488522902578797,0.0127044706465216,0.0763814500854191,0.00594316574501152,0.748019618575672,0.0863955543262044,"Human_Breast_Andersson_10142021_ST_E3"
"Human_Breast_Andersson_10142021_ST_E3_14x29",0.00761482756144896,0.0249777374562657,0.00986995601154788,0.00416443295281383,0.022134187534394,0.0577370322307564,0.0232182203159651,0.751450518654933,0.0988330872818755,"Human_Breast_Andersson_10142021_ST_E3"
"Human_Breast_Andersson_10142021_ST_E3_14x5",0.0127575612406915,0.0399273873875203,0.0045842127155734,0.00376793127090478,0.0153241999599857,0.0828925357887398,0.00788421798116683,0.704427637256657,0.128434316398761,"Human_Breast_Andersson_10142021_ST_E3"
"Human_Breast_Andersson_10142021_ST_E3_14x6",0.0536867977763062,0.0539942785749054,0.0115734516524246,0.00731111572988638,0.018267557347032,0.126761353363266,0.0169720550091105,0.642603807053476,0.0688295834935932,"Human_Breast_Andersson_10142021_ST_E3"
"Human_Breast_Andersson_10142021_ST_E3_14x7",0.0406037167301486,0.06064834408746,0.0140063146935234,0.0203489593860278,0.0197573829498824,0.180084771065572,0.0138727932962926,0.56172306634223,0.0889546514488634,"Human_Breast_Andersson_10142021_ST_E3"
"Human_Breast_Andersson_10142021_ST_E3_14x8",0.0111912639961674,0.0548806625148423,0.00802758947616188,0.00104008165323588,0.00309304238983902,0.0564614190960561,0.00841523817769967,0.837405765171311,0.0194849375246863,"Human_Breast_Andersson_10142021_ST_E3"
"Human_Breast_Andersson_10142021_ST_E3_14x9",0.0134627321354461,0.0512776133920166,0.0142674767415524,0.00495406676494632,0.00514541462346915,0.175504858500327,0.0097632291357425,0.594538620789137,0.131085987917363,"Human_Breast_Andersson_10142021_ST_E3"
"Human_Breast_Andersson_10142021_ST_E3_15x10",0.0163289102540895,0.0454445565641097,0.0139056852618381,0.00529872974739475,0.0153899770563075,0.100716602313981,0.0101472702435931,0.661267737383512,0.131500531175175,"Human_Breast_Andersson_10142021_ST_E3"
"Human_Breast_Andersson_10142021_ST_E3_15x11",0.00886314444550831,0.0297251402789896,0.00427120608286094,0.000248302374127236,0.00101868435494946,0.0442971901929968,0.0116963977773426,0.728438042819817,0.171441891673408,"Human_Breast_Andersson_10142021_ST_E3"
"Human_Breast_Andersson_10142021_ST_E3_15x12",0.00498575378865872,0.018834544691542,0.000883370206784602,0.00222993227880691,0.00238202023688601,0.0604009198306339,0.0110389326516118,0.743807271036087,0.155437255278989,"Human_Breast_Andersson_10142021_ST_E3"
"Human_Breast_Andersson_10142021_ST_E3_15x13",0.0113153105734419,0.0498392069303868,0.0050047002465838,0.00424058170939592,0.00554029968163746,0.0821681240274699,0.00334008118092085,0.712539507507445,0.126012188142719,"Human_Breast_Andersson_10142021_ST_E3"
"Human_Breast_Andersson_10142021_ST_E3_15x14",0.0388000780036672,0.0521845591931841,0.00900149290949409,0.00325014088107398,0.011396323552949,0.101936929865474,0.00850463979761426,0.73162360115847,0.0433022346380734,"Human_Breast_Andersson_10142021_ST_E3"
"Human_Breast_Andersson_10142021_ST_E3_15x15",0.0115759055295333,0.0369299060546523,0.00326197936551356,0.000877272442859528,0.00116205788644572,0.0243208142971881,0.00895113387294114,0.877829066950101,0.0350918636007655,"Human_Breast_Andersson_10142021_ST_E3"
"Human_Breast_Andersson_10142021_ST_E3_15x16",0.0179725487331073,0.0386788112915057,0.00301552249656175,0.000444901799856724,0.00155733590748409,0.0852568665731771,0.00344195028723195,0.814834682442401,0.0347973804686746,"Human_Breast_Andersson_10142021_ST_E3"
"Human_Breast_Andersson_10142021_ST_E3_15x17",0.0124452865737539,0.0359425029276643,0.00278548880679338,0.000608611032868051,0.00169278600090448,0.0519075812853643,0.00470701955754867,0.874126909091933,0.0157838147231702,"Human_Breast_Andersson_10142021_ST_E3"
"Human_Breast_Andersson_10142021_ST_E3_15x18",0.00309727696060127,0.0447413235062698,0.00377701983504222,0.000822492908933397,0.00209491394137698,0.0845037413783818,0.0036269963787455,0.83415871542142,0.0231775196692286,"Human_Breast_Andersson_10142021_ST_E3"
"Human_Breast_Andersson_10142021_ST_E3_15x19",0.00310060485815284,0.0386744722937443,0.00228568465168352,0.00329907687335928,0.00152877151921486,0.0514545606958061,0.00474570514726502,0.852056124299892,0.0428549996608817,"Human_Breast_Andersson_10142021_ST_E3"
"Human_Breast_Andersson_10142021_ST_E3_15x20",0.0209095048395959,0.0408221872381104,0.0128435592052432,0.0184252321163189,0.0124268511866503,0.108703071819016,0.00898453193180507,0.702884937544496,0.0740001241187637,"Human_Breast_Andersson_10142021_ST_E3"
"Human_Breast_Andersson_10142021_ST_E3_15x21",0.0154757024602448,0.0441586618840419,0.0161215019480932,0.0122870207578376,0.00559342886604713,0.0813849459683151,0.00935691086189121,0.758944095260588,0.0566777319929406,"Human_Breast_Andersson_10142021_ST_E3"
"Human_Breast_Andersson_10142021_ST_E3_15x22",0.0108794605635973,0.0252363039443095,0.0029064352064251,0.000359576106822475,0.000520163191301358,0.066903815627705,0.00684861926490171,0.701264540399307,0.185081085695631,"Human_Breast_Andersson_10142021_ST_E3"
"Human_Breast_Andersson_10142021_ST_E3_15x23",0.0447715245840866,0.0342412778978905,0.00495415800401918,0.01349565729439,0.00492148897261535,0.115219177863376,0.0310397642097001,0.679560386035636,0.0717965651382867,"Human_Breast_Andersson_10142021_ST_E3"
"Human_Breast_Andersson_10142021_ST_E3_15x24",0.0201575968935801,0.0307293607103412,0.00435898810591984,0.00323164114846293,0.00333874224477249,0.0815434233628729,0.0279715750164356,0.758087257541392,0.0705814149762224,"Human_Breast_Andersson_10142021_ST_E3"
"Human_Breast_Andersson_10142021_ST_E3_15x25",0.00437928064389484,0.0263631225965056,0.00274847996361729,9.80135734363507e-05,0.000655329136627566,0.0536069284673884,0.00804201948103796,0.816154973828621,0.0879518523088712,"Human_Breast_Andersson_10142021_ST_E3"
"Human_Breast_Andersson_10142021_ST_E3_15x26",0.0224127442532985,0.0226130829450026,0.0190975530262969,0.0112354840946764,0.0148945088261267,0.132541212769081,0.0217732765154858,0.655781188410812,0.0996509491592196,"Human_Breast_Andersson_10142021_ST_E3"
"Human_Breast_Andersson_10142021_ST_E3_15x27",0.0282774634847511,0.0568703535882631,0.00292158197770971,0.00442204292221665,0.00810794802828528,0.0782100251824835,0.0142597556055713,0.699190576281233,0.107740252929487,"Human_Breast_Andersson_10142021_ST_E3"
"Human_Breast_Andersson_10142021_ST_E3_15x28",0.00862946588101151,0.0175882896222067,0.00281698579056635,0.000184729461501976,0.00117950013692822,0.0647503546214005,0.00255323958552354,0.831484865658764,0.0708125692420974,"Human_Breast_Andersson_10142021_ST_E3"
"Human_Breast_Andersson_10142021_ST_E3_15x29",0.0255135523277362,0.0547642277760662,0.0257211920553252,0.00189709150501313,0.0103273951464149,0.152905719481905,0.035614945100253,0.564640000085714,0.128615876521573,"Human_Breast_Andersson_10142021_ST_E3"
"Human_Breast_Andersson_10142021_ST_E3_15x30",0.0138474880291464,0.0504548355120879,0.0029732229885748,0.00130413058578691,0.00390241292985158,0.152044848008053,0.0240020628257311,0.668499395431708,0.0829716036890606,"Human_Breast_Andersson_10142021_ST_E3"
"Human_Breast_Andersson_10142021_ST_E3_15x5",0.00389310128567964,0.0245741877630112,0.00299912425963547,0.00242373199669464,0.0035845764744163,0.0753620301915805,0.0119444421143115,0.639262516574453,0.235956289340218,"Human_Breast_Andersson_10142021_ST_E3"
"Human_Breast_Andersson_10142021_ST_E3_15x6",0.0161458310170122,0.0527816671487495,0.0135182400972121,0.0224244661610206,0.0129365563897542,0.150963016392785,0.0304755721777809,0.588232092220584,0.112522558395102,"Human_Breast_Andersson_10142021_ST_E3"
"Human_Breast_Andersson_10142021_ST_E3_15x7",0.0380591659029522,0.0489009646880376,0.0077494349146606,0.00301642364929339,0.0249873726209004,0.0998328805266192,0.00999821286326126,0.661684067894232,0.105771476940043,"Human_Breast_Andersson_10142021_ST_E3"
"Human_Breast_Andersson_10142021_ST_E3_15x9",0.0153353784552253,0.035775877732026,0.00664891657877362,0.00374945749617079,0.00855142587130137,0.0809740354477453,0.00601063905296776,0.78939465929162,0.0535596100741697,"Human_Breast_Andersson_10142021_ST_E3"
"Human_Breast_Andersson_10142021_ST_E3_16x10",0.00631953399593266,0.0488161889961761,0.00597130072255434,0.0094670673389997,0.0130489655670379,0.131932966970771,0.00854972923765404,0.715751804995372,0.060142442175502,"Human_Breast_Andersson_10142021_ST_E3"
"Human_Breast_Andersson_10142021_ST_E3_16x11",0.0292597007177581,0.0311432022133749,0.00928618717058039,0.00322238662164814,0.0068585314237608,0.0672848907995434,0.00947841000792498,0.78048789549381,0.062978795551599,"Human_Breast_Andersson_10142021_ST_E3"
"Human_Breast_Andersson_10142021_ST_E3_16x12",0.0156775288537886,0.0455427084266189,0.00877029604539496,0.00437041649269613,0.00597757229970721,0.102190079919105,0.00692189053746918,0.735193206464757,0.0753563009604627,"Human_Breast_Andersson_10142021_ST_E3"
"Human_Breast_Andersson_10142021_ST_E3_16x13",0.0302747825240067,0.0514089573134369,0.0216437694236728,0.0118745045465127,0.00530836839065091,0.0854932733808534,0.0165915091101945,0.715664298852208,0.0617405364584635,"Human_Breast_Andersson_10142021_ST_E3"
"Human_Breast_Andersson_10142021_ST_E3_16x14",0.0443278409541288,0.0382857417894734,0.00635997321843726,0.00313281660146915,0.0186608565009309,0.0755297288110679,0.0269665858321523,0.682229668404775,0.104506787887566,"Human_Breast_Andersson_10142021_ST_E3"
"Human_Breast_Andersson_10142021_ST_E3_16x15",0.00727643068131748,0.0394335509116432,0.00335343861852097,0.00506825134738744,0.0114585309498388,0.103060424177297,0.0036096966437672,0.798786070097287,0.0279536065729415,"Human_Breast_Andersson_10142021_ST_E3"
"Human_Breast_Andersson_10142021_ST_E3_16x16",0.00686860496964903,0.0616733183951057,0.00345830000199133,0.00186057328874022,0.00275421088729342,0.115540890231241,0.00453148348168407,0.77475927994009,0.0285533388042047,"Human_Breast_Andersson_10142021_ST_E3"
"Human_Breast_Andersson_10142021_ST_E3_16x17",0.00811909699262157,0.0320258922496892,0.000626718824858043,0.000187010879161127,0.000465853698765516,0.0242180560774103,0.00202068010851164,0.910715833234589,0.0216208579343933,"Human_Breast_Andersson_10142021_ST_E3"
"Human_Breast_Andersson_10142021_ST_E3_16x18",0.00356904020397502,0.0452345607473716,0.00213606424727105,0.000527088963705156,0.00104270758013156,0.045155648251877,0.00445300457931499,0.878848487496668,0.0190333979296862,"Human_Breast_Andersson_10142021_ST_E3"
"Human_Breast_Andersson_10142021_ST_E3_16x19",0.00522926214407369,0.0498117148725929,0.00415555196784176,0.000389087035772266,0.0011084926060578,0.0458086090045435,0.00659862981303437,0.865040821296788,0.0218578312592952,"Human_Breast_Andersson_10142021_ST_E3"
"Human_Breast_Andersson_10142021_ST_E3_16x20",0.0258604460370063,0.0712220180825546,0.00662842689028965,0.000236988777021632,0.00434847919742692,0.120310714904116,0.00813413886960426,0.72885137491291,0.0344074123290704,"Human_Breast_Andersson_10142021_ST_E3"
"Human_Breast_Andersson_10142021_ST_E3_16x21",0.00814089952334025,0.0371870134898785,0.00386823576552687,0.000739816921788155,0.00106484853923758,0.0914015383281061,0.0101908519728825,0.746210130465503,0.101196664993737,"Human_Breast_Andersson_10142021_ST_E3"
"Human_Breast_Andersson_10142021_ST_E3_16x22",0.0100925907896606,0.0242735247288368,0.00701533851020719,0.0014557108766601,0.002571630003783,0.0676272206167096,0.0245231565485796,0.791727550459822,0.0707132774657412,"Human_Breast_Andersson_10142021_ST_E3"
"Human_Breast_Andersson_10142021_ST_E3_16x23",0.0346284513262596,0.0456323973126349,0.0363034384767429,0.00307926933548462,0.00893917662714163,0.0640036491677488,0.0153472654749578,0.749973113409521,0.0420932388695089,"Human_Breast_Andersson_10142021_ST_E3"
"Human_Breast_Andersson_10142021_ST_E3_16x24",0.0158058719042894,0.0647278794082997,0.0163760686714467,0.00541896098670445,0.0172346570701282,0.14236792401926,0.0166596509153168,0.615318728879413,0.106090258145141,"Human_Breast_Andersson_10142021_ST_E3"
