"","Endothelial","CAFs","PVL","B-cells","T-cells","Myeloid","Normal Epithelial","Plasmablasts","Cancer Epithelial","sid"
"Human_Breast_He_06222020_ST_BC23450_E2_23x20",0.0491715167169567,0.0985177401811862,0.0293759055076697,0.0402041605056312,0.00623150385144589,0.183954987112281,0.061902264685021,0.184705300614425,0.345936620825383,"Human_Breast_He_06222020_ST_BC23450_E2"
"Human_Breast_He_06222020_ST_BC23450_E2_23x21",0.0324806330894731,0.0670396158742313,0.107663886346886,0.0294231959308788,0.00717104443221627,0.201677807700692,0.0321616117074653,0.256053903183802,0.266328301734356,"Human_Breast_He_06222020_ST_BC23450_E2"
"Human_Breast_He_06222020_ST_BC23450_E2_23x22",0.0254241616111604,0.0652951069047636,0.0421495620270078,0.0555724021819072,0.00721723291532337,0.118250610162165,0.0530299553767821,0.299941932442674,0.333119036378216,"Human_Breast_He_06222020_ST_BC23450_E2"
"Human_Breast_He_06222020_ST_BC23450_E2_23x23",0.0222787061175864,0.0969982280418395,0.0116774503167471,0.127805072929859,0.0115875407690055,0.205497688615191,0.0374743984766739,0.15596613274944,0.330714781983657,"Human_Breast_He_06222020_ST_BC23450_E2"
"Human_Breast_He_06222020_ST_BC23450_E2_20x21",0.0266187248078765,0.0644198070985081,0.0226956374760183,0.00351965996782156,0.00422355941289045,0.0906526451354639,0.033876740487818,0.424158090007856,0.329835135605747,"Human_Breast_He_06222020_ST_BC23450_E2"
"Human_Breast_He_06222020_ST_BC23450_E2_8x25",0.0499164565054005,0.0743149110294254,0.018661048745982,0.0738701408589505,0.00855085042187907,0.0600482008681317,0.0494238540170246,0.392811135469148,0.272403402084058,"Human_Breast_He_06222020_ST_BC23450_E2"
"Human_Breast_He_06222020_ST_BC23450_E2_11x8",0.0446557434505675,0.0575481336034296,0.0370806556380269,0.0478530843282625,0.00876873118377835,0.136752993902047,0.0536040076915499,0.271454015397707,0.342282634804632,"Human_Breast_He_06222020_ST_BC23450_E2"
"Human_Breast_He_06222020_ST_BC23450_E2_11x9",0.0518866690857981,0.0827695474377531,0.140677965788774,0.00876379771896555,0.00206412913924711,0.0875707453934205,0.051089571675032,0.192187678232563,0.382989895528447,"Human_Breast_He_06222020_ST_BC23450_E2"
"Human_Breast_He_06222020_ST_BC23450_E2_18x28",0.0284846594417432,0.101903954315988,0.0573004540777634,0.245578399209392,0.0450672431251298,0.103775523474928,0.0635819076594013,0.142681011393552,0.211626847302102,"Human_Breast_He_06222020_ST_BC23450_E2"
"Human_Breast_He_06222020_ST_BC23450_E2_18x29",0.099680028510277,0.076444816863867,0.0561891829715879,0.19511117608654,0.0241851210420464,0.0388682211965354,0.0398222863897908,0.0947192230420817,0.374979943897273,"Human_Breast_He_06222020_ST_BC23450_E2"
"Human_Breast_He_06222020_ST_BC23450_E2_18x26",0.0444479641624991,0.105070523592112,0.0392019729053024,0.000909118781107073,0.000725143410641472,0.0188009868634334,0.0303370890235871,0.521919229855097,0.238587971406221,"Human_Breast_He_06222020_ST_BC23450_E2"
"Human_Breast_He_06222020_ST_BC23450_E2_25x17",0.0166107610041889,0.00226295498849503,0.00481209645263718,0.332039401598276,0.0321507592658012,0.0145866254759681,0.0618088615711393,0.150582990563014,0.385145549080481,"Human_Breast_He_06222020_ST_BC23450_E2"
"Human_Breast_He_06222020_ST_BC23450_E2_18x24",0.0134879754276913,0.0353370813138409,0.0125417244788746,0.00682075197008897,0.00279538848229749,0.0438024702914826,0.057364208446627,0.49662088431396,0.331229515275137,"Human_Breast_He_06222020_ST_BC23450_E2"
"Human_Breast_He_06222020_ST_BC23450_E2_18x25",0.0473235747271533,0.0468142248301969,0.0342439094643222,0.0335562881244086,0.0035973956961026,0.0952074106876765,0.107769898496469,0.3441006869657,0.287386611007971,"Human_Breast_He_06222020_ST_BC23450_E2"
"Human_Breast_He_06222020_ST_BC23450_E2_18x22",0.024547507874966,0.0629052465667099,0.00910542679601044,0.0140684557026465,0.00751823387118066,0.0451672765253662,0.054935198708604,0.376251763697674,0.405500890256842,"Human_Breast_He_06222020_ST_BC23450_E2"
"Human_Breast_He_06222020_ST_BC23450_E2_18x23",0.0090428013327272,0.116442989923503,0.00302643081706744,0.0107193106563998,0.00563653653373226,0.0480350720343169,0.183836799750533,0.186841516779654,0.436418542172067,"Human_Breast_He_06222020_ST_BC23450_E2"
"Human_Breast_He_06222020_ST_BC23450_E2_18x20",0.0493733002444552,0.0600882548799895,0.0720109884940753,0.00990147660998765,0.00391306713815865,0.0510296854162102,0.0517749859526851,0.372222970432314,0.329685270832124,"Human_Breast_He_06222020_ST_BC23450_E2"
"Human_Breast_He_06222020_ST_BC23450_E2_25x16",0.031071858084609,0.0764132838775818,0.0236441963004453,0.00590477042015095,0.00151899900795233,0.0994225686937502,0.087338371184046,0.421641708230253,0.253044244201211,"Human_Breast_He_06222020_ST_BC23450_E2"
"Human_Breast_He_06222020_ST_BC23450_E2_20x27",0.0546006698002725,0.0616115321332718,0.0373623231280818,0.00371735897699788,0.000602545013125176,0.0964624695162188,0.0639939496167347,0.265553669589429,0.416095482225869,"Human_Breast_He_06222020_ST_BC23450_E2"
"Human_Breast_He_06222020_ST_BC23450_E2_24x21",0.0461599287972737,0.0155052322388376,0.0256456621897767,0.139881571281603,0.0191258614325541,0.00865936389700614,0.170294224916151,0.203311869763631,0.371416285483167,"Human_Breast_He_06222020_ST_BC23450_E2"
"Human_Breast_He_06222020_ST_BC23450_E2_8x17",0.0616975816503285,0.0878816261977248,0.0608509428867194,0.0002061348293679,0.000283064926687907,0.166515364283002,0.0195305476567879,0.342534623057655,0.260500114511727,"Human_Breast_He_06222020_ST_BC23450_E2"
"Human_Breast_He_06222020_ST_BC23450_E2_8x22",0.0245315963882741,0.0536048709087956,0.0155936632944722,0.216886229039601,0.0645012399125322,0.0364836490289559,0.100054046300346,0.17226476340369,0.316079941723334,"Human_Breast_He_06222020_ST_BC23450_E2"
"Human_Breast_He_06222020_ST_BC23450_E2_8x23",0.0490250649096626,0.0418628587765356,0.0492608263199896,0.0071738794339083,0.00436350320495276,0.104683093684047,0.0397893523570977,0.360388401593278,0.343453019720528,"Human_Breast_He_06222020_ST_BC23450_E2"
"Human_Breast_He_06222020_ST_BC23450_E2_8x20",0.0231464054887382,0.0402201768582816,0.0443940810890844,0.132320202668808,0.00446186931738171,0.0645414732364529,0.0623017653841933,0.443132153949186,0.185481872007874,"Human_Breast_He_06222020_ST_BC23450_E2"
"Human_Breast_He_06222020_ST_BC23450_E2_11x17",0.0363306518548603,0.0751887439186188,0.0128937242300758,0.059748136574799,0.00777347007895162,0.179607403188272,0.0312999557859812,0.421924330951418,0.175233583417023,"Human_Breast_He_06222020_ST_BC23450_E2"
"Human_Breast_He_06222020_ST_BC23450_E2_11x10",0.0966605357535809,0.0689401214048048,0.0668474716638694,0.019047564357495,0.00475441854395108,0.108767850729425,0.113649547639319,0.178545656780608,0.342786833126946,"Human_Breast_He_06222020_ST_BC23450_E2"
"Human_Breast_He_06222020_ST_BC23450_E2_11x13",0.0306186912328387,0.095929222815646,0.0780081188221984,0.0440742676013631,0.00371579250522756,0.13327003403021,0.0585770884494743,0.257897246549546,0.297909537993495,"Human_Breast_He_06222020_ST_BC23450_E2"
"Human_Breast_He_06222020_ST_BC23450_E2_8x14",0.0341572859976614,0.0705287656758117,0.0373065634666866,0.00231995449629935,0.000388656402933188,0.124574700458199,0.0317913719430284,0.471553029461917,0.227379672097463,"Human_Breast_He_06222020_ST_BC23450_E2"
"Human_Breast_He_06222020_ST_BC23450_E2_12x7",0.0806206849092786,0.0589602213512139,0.0542484703775177,0.0242125738234282,0.00354975144978031,0.109205287273413,0.0906624863430595,0.17583695844465,0.402703566027659,"Human_Breast_He_06222020_ST_BC23450_E2"
"Human_Breast_He_06222020_ST_BC23450_E2_18x21",0.067368467219198,0.0512658295229545,0.0274128199225287,0.00743266100942717,0.00166830365764879,0.029702463671819,0.0877571622339271,0.387358019259043,0.340034273503453,"Human_Breast_He_06222020_ST_BC23450_E2"
"Human_Breast_He_06222020_ST_BC23450_E2_12x9",0.0904278001935129,0.0797804210949165,0.0579337831601385,0.00441572126274147,0.0019305889595511,0.114247362729096,0.0424810107588915,0.170892429555318,0.437890882285834,"Human_Breast_He_06222020_ST_BC23450_E2"
"Human_Breast_He_06222020_ST_BC23450_E2_12x8",0.0842644722298765,0.0870329012231325,0.0635767799624321,0.00478965637398586,0.00463040584089576,0.119768583153845,0.0880307842090494,0.0630047205368227,0.484901696469961,"Human_Breast_He_06222020_ST_BC23450_E2"
"Human_Breast_He_06222020_ST_BC23450_E2_18x27",0.0492537679642616,0.0776749757756459,0.0596979597089447,0.00138802885084902,0.000837298703254794,0.127067161854559,0.0610343935337419,0.166885088655932,0.456161324952811,"Human_Breast_He_06222020_ST_BC23450_E2"
"Human_Breast_He_06222020_ST_BC23450_E2_23x19",0.0291416507838281,0.0354105330583262,0.0523741373929096,0.00169028586211744,0.00049654694786852,0.0684663659449484,0.0172514823325986,0.518506253454956,0.276662744222447,"Human_Breast_He_06222020_ST_BC23450_E2"
"Human_Breast_He_06222020_ST_BC23450_E2_23x18",0.024324991511301,0.0523228155421588,0.0129245928166267,0.0379852654621695,0.00534365732620574,0.10422524839812,0.0474626626762159,0.379346262561947,0.336064503705256,"Human_Breast_He_06222020_ST_BC23450_E2"
"Human_Breast_He_06222020_ST_BC23450_E2_23x15",0.0371382876727564,0.0226534357260604,0.0288110687242689,0.0498363896079563,0.0148421603236098,0.128947950579149,0.0828447212143397,0.154868463438524,0.480057522713335,"Human_Breast_He_06222020_ST_BC23450_E2"
"Human_Breast_He_06222020_ST_BC23450_E2_23x14",0.0156406249833041,0.0579956026016071,0.0947706895437445,0.00212686061312142,0.00566740033110606,0.0855410955584601,0.0323153001817909,0.270234532465091,0.435707893721775,"Human_Breast_He_06222020_ST_BC23450_E2"
"Human_Breast_He_06222020_ST_BC23450_E2_23x17",0.0234035083415342,0.0584834492954932,0.00493157065859993,0.00396343434398521,0.0013579625607617,0.0630838422027229,0.158198707066204,0.36335933526226,0.32321819026844,"Human_Breast_He_06222020_ST_BC23450_E2"
"Human_Breast_He_06222020_ST_BC23450_E2_23x16",0.0424325252452778,0.0411410812472707,0.0557301476931228,0.0275235987632891,0.0172781011306247,0.045992789655578,0.0118913310765374,0.36591446258495,0.392095962603349,"Human_Breast_He_06222020_ST_BC23450_E2"
"Human_Breast_He_06222020_ST_BC23450_E2_11x14",0.0235605880242351,0.0825967629116841,0.0165403130966441,0.123073683723685,0.00847686161373,0.132288643214671,0.0681651753100326,0.230963602795068,0.314334369310249,"Human_Breast_He_06222020_ST_BC23450_E2"
"Human_Breast_He_06222020_ST_BC23450_E2_11x15",0.0380490492283556,0.118924641866513,0.0669674039248024,0.00505476444787559,0.001050231739409,0.0918286396791997,0.0385381392959347,0.397398091880031,0.242189037937879,"Human_Breast_He_06222020_ST_BC23450_E2"
"Human_Breast_He_06222020_ST_BC23450_E2_11x16",0.033050885582263,0.0883156953604183,0.0574829606502811,0.00784156549310457,0.00124918360881874,0.15970018884629,0.0710843831770397,0.344613648811291,0.236661488470494,"Human_Breast_He_06222020_ST_BC23450_E2"
"Human_Breast_He_06222020_ST_BC23450_E2_11x12",0.0377603873376178,0.0509504274994988,0.0607031514901157,0.0431119929285377,0.00497283448474743,0.123063743440932,0.095904896620866,0.414406604260813,0.169125961936872,"Human_Breast_He_06222020_ST_BC23450_E2"
"Human_Breast_He_06222020_ST_BC23450_E2_11x18",0.0285334904296338,0.0937379413252003,0.0565363939138068,0.0148411563356783,0.00144176033331858,0.163807130155569,0.0489352399795209,0.397060085692215,0.195106801835058,"Human_Breast_He_06222020_ST_BC23450_E2"
"Human_Breast_He_06222020_ST_BC23450_E2_11x19",0.0209089630161932,0.0807247210962853,0.0424534112003804,0.028271272084302,0.00426040337471489,0.118316389332462,0.0528855952608432,0.431302009268918,0.220877235365902,"Human_Breast_He_06222020_ST_BC23450_E2"
"Human_Breast_He_06222020_ST_BC23450_E2_17x14",0.0174681955816722,0.0951002789858364,0.0319967273098091,0.00380249095609773,0.000683787896964723,0.140772875875104,0.020428366076985,0.583638242193612,0.106109035123919,"Human_Breast_He_06222020_ST_BC23450_E2"
"Human_Breast_He_06222020_ST_BC23450_E2_17x15",0.0222356848295521,0.170963711593939,0.0251678613896312,0.000847050685110571,0.000680452528770007,0.138466050318219,0.0249142936896863,0.453316357309219,0.163408537655874,"Human_Breast_He_06222020_ST_BC23450_E2"
"Human_Breast_He_06222020_ST_BC23450_E2_17x12",0.0526976120898019,0.11408198416633,0.0518338765921015,0.000625314500121118,0.000197986632018345,0.12607081547214,0.0200848392593754,0.526657694159759,0.107749877128352,"Human_Breast_He_06222020_ST_BC23450_E2"
"Human_Breast_He_06222020_ST_BC23450_E2_17x13",0.0485402956757726,0.100264789731428,0.058394269583376,0.0200471884640704,0.0022297975405981,0.153527157508686,0.0819289525734792,0.364331448198433,0.170736100724156,"Human_Breast_He_06222020_ST_BC23450_E2"
"Human_Breast_He_06222020_ST_BC23450_E2_17x10",0.0457072252302027,0.0473601309000086,0.0988242410715473,0.00243858559205082,0.000763205888234035,0.170507542159354,0.0509828930609895,0.37156648598619,0.211849690111423,"Human_Breast_He_06222020_ST_BC23450_E2"
"Human_Breast_He_06222020_ST_BC23450_E2_17x11",0.0531258046619764,0.09421595113595,0.104951486682556,0.00629474884630457,0.000654856811046357,0.127659763288856,0.0770852962214648,0.408828531920981,0.127183560430865,"Human_Breast_He_06222020_ST_BC23450_E2"
"Human_Breast_He_06222020_ST_BC23450_E2_17x16",0.0414470344662024,0.102141653958994,0.0281348777632429,0.0875532187694053,0.013231097518045,0.083070404319704,0.110939411207332,0.305324149245242,0.228158152751833,"Human_Breast_He_06222020_ST_BC23450_E2"
"Human_Breast_He_06222020_ST_BC23450_E2_17x17",0.0662465708967549,0.113869321631574,0.0442948072755942,0.0463865049471472,0.00922700748466559,0.0517087551567612,0.0396634266831908,0.279178377588269,0.349425228336042,"Human_Breast_He_06222020_ST_BC23450_E2"
"Human_Breast_He_06222020_ST_BC23450_E2_26x17",0.0079491819453808,0.0318865411019328,0.0202664986133955,0.216667735503616,0.0400791929104004,0.0687846451795031,0.0798232270731168,0.2043450073803,0.330197970292354,"Human_Breast_He_06222020_ST_BC23450_E2"
"Human_Breast_He_06222020_ST_BC23450_E2_26x16",0.0315677855125716,0.0772972202656461,0.0403647711533639,0.00885570836981537,0.00369879351167028,0.096064587317093,0.0665830189393631,0.17955057433955,0.496017540590927,"Human_Breast_He_06222020_ST_BC23450_E2"
"Human_Breast_He_06222020_ST_BC23450_E2_17x18",0.0878122748374109,0.106475831967143,0.0255774296518664,0.00404948591157363,0.0041796621213308,0.0410983675360709,0.0309332619041127,0.294396472810217,0.405477213260274,"Human_Breast_He_06222020_ST_BC23450_E2"
"Human_Breast_He_06222020_ST_BC23450_E2_26x15",0.0288571010543065,0.0523343932907047,0.0178900314575889,0.00593707794073242,0.00301492898514778,0.0165608179724724,0.0597665549306563,0.482746110327755,0.332892984040636,"Human_Breast_He_06222020_ST_BC23450_E2"
"Human_Breast_He_06222020_ST_BC23450_E2_10x26",0.0115098066069403,0.0598743607486853,0.0510802536552644,0.332153162505494,0.0300623211459912,0.0586669559802597,0.0851655335884327,0.122671687926461,0.248815917842472,"Human_Breast_He_06222020_ST_BC23450_E2"
"Human_Breast_He_06222020_ST_BC23450_E2_10x24",0.0448292425797545,0.0650755279625793,0.0786167863146415,0.0242107260338964,0.00610716919214796,0.152787060394606,0.0362618171398936,0.36164464163252,0.23046702874996,"Human_Breast_He_06222020_ST_BC23450_E2"
"Human_Breast_He_06222020_ST_BC23450_E2_10x25",0.018668042627097,0.0798503519151923,0.0218087419803271,0.0316421445642168,0.00425911620618803,0.211318909202172,0.0345952296136368,0.359867520617395,0.237989943273776,"Human_Breast_He_06222020_ST_BC23450_E2"
"Human_Breast_He_06222020_ST_BC23450_E2_10x22",0.0549041128144632,0.060848712599408,0.126518543417547,0.0868745374872932,0.00790205476741727,0.0885877539345193,0.0138689858590401,0.290026567114003,0.270468732006308,"Human_Breast_He_06222020_ST_BC23450_E2"
"Human_Breast_He_06222020_ST_BC23450_E2_10x23",0.0297811172881061,0.0986665762519666,0.0417690580958486,0.00138808270558828,0.00039048940922082,0.131708077220156,0.0196746004677441,0.391690698291964,0.284931300269405,"Human_Breast_He_06222020_ST_BC23450_E2"
"Human_Breast_He_06222020_ST_BC23450_E2_10x20",0.0210090875790996,0.0958128938625778,0.0589070496060013,0.0215228141067495,0.00560070378496819,0.104456196754698,0.0459670802650669,0.397929190521216,0.248794983519623,"Human_Breast_He_06222020_ST_BC23450_E2"
"Human_Breast_He_06222020_ST_BC23450_E2_10x21",0.035361848535178,0.0597513233428395,0.0953278953735713,0.0404097194791473,0.00368949172476866,0.0692457453711878,0.0305666147097997,0.332049001423487,0.333598360040021,"Human_Breast_He_06222020_ST_BC23450_E2"
"Human_Breast_He_06222020_ST_BC23450_E2_7x16",0.0230119918616661,0.130646427071275,0.0414312262682174,0.0216130189103544,0.00324495223465366,0.159563633616554,0.0786749273762176,0.314281742057067,0.227532080603995,"Human_Breast_He_06222020_ST_BC23450_E2"
"Human_Breast_He_06222020_ST_BC23450_E2_7x17",0.0110983597614697,0.0704450916939288,0.0660274096069412,0.00180701006203679,0.000980647051112437,0.101747062420904,0.0622609823255682,0.396119359703696,0.289514077374343,"Human_Breast_He_06222020_ST_BC23450_E2"
"Human_Breast_He_06222020_ST_BC23450_E2_7x15",0.0328173040212186,0.0883716037731625,0.121531127115197,0.0540864915033412,0.00541162138852547,0.174748456451736,0.0559690664713709,0.153048733828791,0.314015595446658,"Human_Breast_He_06222020_ST_BC23450_E2"
"Human_Breast_He_06222020_ST_BC23450_E2_22x19",0.0173953500647284,0.0493421480524276,0.0157591430761821,0.0174465254151302,0.00653452161761879,0.0509183972842308,0.0952396477185058,0.351259261035031,0.396105005736145,"Human_Breast_He_06222020_ST_BC23450_E2"
"Human_Breast_He_06222020_ST_BC23450_E2_7x18",0.0141172959657418,0.0906349795701888,0.0349877536341287,0.0012585433494695,0.000690788357941691,0.0727262842434332,0.0275649436344265,0.514655925145678,0.243363486098992,"Human_Breast_He_06222020_ST_BC23450_E2"
"Human_Breast_He_06222020_ST_BC23450_E2_7x19",0.0135346244679853,0.0331406393385986,0.0215184487597776,0.316241972631841,0.0480006611217419,0.1069048764404,0.048083366036263,0.176400839134074,0.236174572069318,"Human_Breast_He_06222020_ST_BC23450_E2"
"Human_Breast_He_06222020_ST_BC23450_E2_14x7",0.0788405634626491,0.0753095923837833,0.0452773694063175,0.0633197459720612,0.0169329355719332,0.147771097862048,0.131151847520725,0.0863704242996899,0.355026423520793,"Human_Breast_He_06222020_ST_BC23450_E2"
"Human_Breast_He_06222020_ST_BC23450_E2_14x9",0.0962763629403995,0.127552222254012,0.039266554124715,0.00843856904882277,0.00325777276582032,0.031241520826927,0.0530790707402739,0.22197791123402,0.41891001606501,"Human_Breast_He_06222020_ST_BC23450_E2"
"Human_Breast_He_06222020_ST_BC23450_E2_14x8",0.0815476519264402,0.0315096505358838,0.023410251362541,0.0212385263561418,0.00414764049866562,0.0785949711224585,0.112712132076441,0.214169094169138,0.43267008195229,"Human_Breast_He_06222020_ST_BC23450_E2"
"Human_Breast_He_06222020_ST_BC23450_E2_13x9",0.110180782330414,0.0302596143940622,0.0192832505854539,0.0028487134127252,0.000423755847842654,0.0559434184270174,0.0414411706105359,0.208708366300974,0.530910928090974,"Human_Breast_He_06222020_ST_BC23450_E2"
"Human_Breast_He_06222020_ST_BC23450_E2_21x17",0.0712758040480736,0.0594763161572122,0.0589568058162679,0.272307901521422,0.0298412631484047,0.0793858047843574,0.0576681789049143,0.137356234433859,0.233731691185489,"Human_Breast_He_06222020_ST_BC23450_E2"
"Human_Breast_He_06222020_ST_BC23450_E2_21x16",0.0240995320070671,0.0751337718841926,0.0396118547350484,0.00653689275130681,0.00180853206262061,0.0750623490626601,0.032544062530832,0.437880001553524,0.307323003412748,"Human_Breast_He_06222020_ST_BC23450_E2"
"Human_Breast_He_06222020_ST_BC23450_E2_21x15",0.0288501835768827,0.102097240612011,0.0819342279580236,0.00209133608949471,0.0010090730442129,0.141242897138738,0.0112377755907462,0.394602318586962,0.236934947402929,"Human_Breast_He_06222020_ST_BC23450_E2"
"Human_Breast_He_06222020_ST_BC23450_E2_21x14",0.0670850165885512,0.0446476919143634,0.093940070504543,0.0455363557848605,0.00571196355957477,0.0851054030918633,0.154305579428946,0.316490809919131,0.187177109208167,"Human_Breast_He_06222020_ST_BC23450_E2"
"Human_Breast_He_06222020_ST_BC23450_E2_21x19",0.0538398767000311,0.0829351082496812,0.0585230952103908,0.133799173115097,0.0185917599274978,0.0840879523650884,0.0396758245714727,0.216768421627615,0.311778788233126,"Human_Breast_He_06222020_ST_BC23450_E2"
"Human_Breast_He_06222020_ST_BC23450_E2_21x18",0.0216692820153363,0.0547194167371379,0.0181068410355392,0.000136766133841104,0.000113548700164335,0.172292409890011,0.0266001301320405,0.38451355800991,0.32184804734602,"Human_Breast_He_06222020_ST_BC23450_E2"
"Human_Breast_He_06222020_ST_BC23450_E2_9x25",0.0430767670172891,0.0709338277725104,0.0322944386605009,0.0163313992854861,0.0073027640276751,0.0357302541935612,0.0707976371453633,0.520862062211933,0.202670849685681,"Human_Breast_He_06222020_ST_BC23450_E2"
"Human_Breast_He_06222020_ST_BC23450_E2_9x24",0.0253671934795233,0.0427671144039292,0.0607688806156031,0.00224526733183156,0.000647546362715282,0.177215901354424,0.149909015579338,0.24185625401892,0.299222826853716,"Human_Breast_He_06222020_ST_BC23450_E2"
"Human_Breast_He_06222020_ST_BC23450_E2_9x26",0.0138064812694073,0.0938643176571235,0.0306050495359846,0.00294249685600956,0.00166991259834268,0.113260618144516,0.0224369968935155,0.445631310864762,0.275782816180339,"Human_Breast_He_06222020_ST_BC23450_E2"
"Human_Breast_He_06222020_ST_BC23450_E2_9x21",0.0281701184338778,0.0813852186844448,0.0424080696702986,0.00276398805251836,0.000744035085478408,0.114988247593185,0.0771254460478727,0.359920220481115,0.29249465595121,"Human_Breast_He_06222020_ST_BC23450_E2"
"Human_Breast_He_06222020_ST_BC23450_E2_9x20",0.00585835714867625,0.0792524783394941,0.0289145421375584,0.00375168166849736,0.00117954508069729,0.0940638729561836,0.0515990454074834,0.512597460278427,0.222783016982982,"Human_Breast_He_06222020_ST_BC23450_E2"
"Human_Breast_He_06222020_ST_BC23450_E2_9x23",0.0406806485178207,0.119971456534831,0.0874663002241226,0.0128542388791313,0.00208525842140765,0.165716594148278,0.104813969904004,0.224327417696679,0.242084115673725,"Human_Breast_He_06222020_ST_BC23450_E2"
"Human_Breast_He_06222020_ST_BC23450_E2_9x22",0.0478374756825114,0.0629312492968114,0.0438098412898864,0.0292541606983111,0.00251916940869926,0.137137130635088,0.0819199451987901,0.362905513775692,0.231685514014211,"Human_Breast_He_06222020_ST_BC23450_E2"
"Human_Breast_He_06222020_ST_BC23450_E2_13x23",0.0298924744489944,0.108647745053337,0.0481853622697258,0.000520689484481979,0.000122988453375532,0.182761412702094,0.0404401478602492,0.395027597170776,0.194401582556966,"Human_Breast_He_06222020_ST_BC23450_E2"
"Human_Breast_He_06222020_ST_BC23450_E2_13x22",0.0429497686896261,0.15885169250873,0.0667380373509515,0.00102708839429724,0.000481250812980267,0.108059286527637,0.060010594451614,0.265191929436548,0.296690351827615,"Human_Breast_He_06222020_ST_BC23450_E2"
"Human_Breast_He_06222020_ST_BC23450_E2_13x21",0.0399768867237552,0.0484973536959963,0.0503956361868522,0.0121503365383539,0.00275298214213037,0.10024976271316,0.0392629549082667,0.453801691056053,0.252912396035432,"Human_Breast_He_06222020_ST_BC23450_E2"
"Human_Breast_He_06222020_ST_BC23450_E2_12x27",0.0204171933701673,0.0208025485486612,0.010149840438034,0.085963991872324,0.0145031255820832,0.055454724424327,0.18527364587588,0.217140319988652,0.390294609899871,"Human_Breast_He_06222020_ST_BC23450_E2"
"Human_Breast_He_06222020_ST_BC23450_E2_13x27",0.0598511086285507,0.0795942118224512,0.0452111107657619,0.0848405443905533,0.0172065889081971,0.0490720330061868,0.0370671488013507,0.25232965843322,0.374827595243729,"Human_Breast_He_06222020_ST_BC23450_E2"
"Human_Breast_He_06222020_ST_BC23450_E2_12x22",0.0392008693668202,0.0636910727002717,0.0408393147144157,0.0339305610057422,0.00372705413464742,0.0997788156164964,0.0291545183122505,0.34962684003437,0.340050954114986,"Human_Breast_He_06222020_ST_BC23450_E2"
"Human_Breast_He_06222020_ST_BC23450_E2_13x24",0.0370758255080787,0.0836117637971836,0.0107272059817097,0.0065786662225187,0.00236735070152152,0.206950467864705,0.0904367195571835,0.158740607386409,0.40351139298069,"Human_Breast_He_06222020_ST_BC23450_E2"
"Human_Breast_He_06222020_ST_BC23450_E2_11x25",0.0269345797273081,0.0972525653092253,0.111384834272292,0.00666817042543359,0.0025941059241539,0.14841086707263,0.0265040505219224,0.258332767150416,0.321918059596619,"Human_Breast_He_06222020_ST_BC23450_E2"
"Human_Breast_He_06222020_ST_BC23450_E2_11x24",0.0545218871474276,0.0593962990180605,0.152141498915748,0.0850609859221351,0.0160043961886352,0.158859564262125,0.0605536819593405,0.128680972467318,0.284780714119209,"Human_Breast_He_06222020_ST_BC23450_E2"
"Human_Breast_He_06222020_ST_BC23450_E2_11x26",0.0143395834843181,0.113096709952707,0.0308981527126299,0.037801297177929,0.00447579207077263,0.204989700691689,0.0757251217832958,0.0335486571866918,0.485124984939967,"Human_Breast_He_06222020_ST_BC23450_E2"
"Human_Breast_He_06222020_ST_BC23450_E2_11x21",0.0591021899652433,0.0762213494296347,0.0262344152509245,0.0943226572892776,0.0178520917996038,0.153301819715849,0.0868853875177691,0.153365311427859,0.332714777603839,"Human_Breast_He_06222020_ST_BC23450_E2"
"Human_Breast_He_06222020_ST_BC23450_E2_11x20",0.0329475584897579,0.0949372605769564,0.057875074239853,0.00346387740788681,0.00109415229524246,0.167930693870804,0.0732769421893031,0.374565283058637,0.193909157871559,"Human_Breast_He_06222020_ST_BC23450_E2"
"Human_Breast_He_06222020_ST_BC23450_E2_11x23",0.0431831497885375,0.056629656557556,0.0318399181582389,0.00984276144907574,0.00381428164228761,0.0630179493166693,0.0322144960331409,0.480726692489123,0.278731094565371,"Human_Breast_He_06222020_ST_BC23450_E2"
"Human_Breast_He_06222020_ST_BC23450_E2_11x22",0.0574234547341171,0.0830179159873055,0.0484276761764717,0.00345551545676128,0.00120149976825671,0.14318933048638,0.0533600742605457,0.349507339919321,0.260417193210841,"Human_Breast_He_06222020_ST_BC23450_E2"
"Human_Breast_He_06222020_ST_BC23450_E2_8x18",0.0182061658302128,0.116644589943836,0.0463854745488248,0.0204866177616114,0.00203919924682978,0.144759592260182,0.0507723547701022,0.279015101040775,0.321690904597626,"Human_Breast_He_06222020_ST_BC23450_E2"
"Human_Breast_He_06222020_ST_BC23450_E2_18x19",0.0564489081958177,0.0682334345806337,0.113557705573953,0.00778406253923787,0.00197519406841722,0.0788473566327876,0.0936230418571151,0.225570531055121,0.353959765496917,"Human_Breast_He_06222020_ST_BC23450_E2"
"Human_Breast_He_06222020_ST_BC23450_E2_18x13",0.0305521589832772,0.125874459899624,0.0771429244686792,0.00802046866683564,0.00222476180145289,0.177496344657576,0.0319727825666067,0.38886915151164,0.157846947444308,"Human_Breast_He_06222020_ST_BC23450_E2"
"Human_Breast_He_06222020_ST_BC23450_E2_18x12",0.0592036389016616,0.100017248147127,0.0744950770827719,0.00241587951914764,0.000606532383862671,0.156306286558814,0.0511190475841514,0.309704051996121,0.246132237826344,"Human_Breast_He_06222020_ST_BC23450_E2"
"Human_Breast_He_06222020_ST_BC23450_E2_18x11",0.0612113439841407,0.0753843265815877,0.0463155907445786,0.0125497393289786,0.000832568685795442,0.148508651906754,0.00983101079731616,0.463233500538085,0.182133267432764,"Human_Breast_He_06222020_ST_BC23450_E2"
"Human_Breast_He_06222020_ST_BC23450_E2_18x17",0.0599616970352082,0.0740636468987481,0.0263549642845149,0.00701329524796363,0.000617330080796644,0.0705719027172372,0.0425202398374657,0.463625669279574,0.255271254618492,"Human_Breast_He_06222020_ST_BC23450_E2"
"Human_Breast_He_06222020_ST_BC23450_E2_18x16",0.0397456060117809,0.0666914919750119,0.0828334222835792,0.277395459208604,0.0106974602913758,0.0345835530043294,0.0356569762948422,0.22897247430773,0.223423556622746,"Human_Breast_He_06222020_ST_BC23450_E2"
"Human_Breast_He_06222020_ST_BC23450_E2_18x15",0.0293452737076586,0.0740682667128307,0.131185088669098,0.00506267071410126,0.00345670750207286,0.172914895009692,0.0679124127346509,0.233630703235941,0.282423981713955,"Human_Breast_He_06222020_ST_BC23450_E2"
"Human_Breast_He_06222020_ST_BC23450_E2_17x23",0.0396717723904836,0.0788441367898964,0.0227301946937476,0.00939018734925363,0.00763515927477607,0.120741888019129,0.083430637233338,0.387695672867835,0.249860351381541,"Human_Breast_He_06222020_ST_BC23450_E2"
"Human_Breast_He_06222020_ST_BC23450_E2_14x17",0.0941874916386603,0.080581030573532,0.0526983566642078,0.0179724412901987,0.0147322891532521,0.0600521591378969,0.0895871187397448,0.2431964566498,0.346992656152708,"Human_Breast_He_06222020_ST_BC23450_E2"
"Human_Breast_He_06222020_ST_BC23450_E2_14x15",0.020153586625573,0.0928692768104147,0.0188530799109289,0.0037168093172519,0.00187644905553293,0.0503741981168697,0.0753946469311625,0.396527370028704,0.340234583203562,"Human_Breast_He_06222020_ST_BC23450_E2"
"Human_Breast_He_06222020_ST_BC23450_E2_24x14",0.0163482176848046,0.125100653805788,0.038401543199766,0.104140866161882,0.0195858305917771,0.0662943206195383,0.0958867766321155,0.222150479640096,0.312091311664233,"Human_Breast_He_06222020_ST_BC23450_E2"
"Human_Breast_He_06222020_ST_BC23450_E2_24x15",0.0332987467603902,0.0212528303678482,0.0309054977334838,0.0912264843395005,0.0136103852310197,0.0768193910566967,0.0526027476895106,0.259662270534057,0.420621646287494,"Human_Breast_He_06222020_ST_BC23450_E2"
"Human_Breast_He_06222020_ST_BC23450_E2_24x16",0.0362893620871304,0.0363096589940464,0.0110395645282964,0.0613779243213426,0.011705465664605,0.104016468721151,0.0993447590176284,0.280466515407932,0.359450281257868,"Human_Breast_He_06222020_ST_BC23450_E2"
"Human_Breast_He_06222020_ST_BC23450_E2_24x17",0.0516358140092003,0.0302760779598737,0.0173693689749994,0.0820556631974013,0.00665517560792864,0.13061155645271,0.0891540809153869,0.313437676807103,0.278804586075397,"Human_Breast_He_06222020_ST_BC23450_E2"
"Human_Breast_He_06222020_ST_BC23450_E2_24x18",0.0192039179015618,0.0572265503350718,0.0433903236290988,0.00249757525152858,0.00122982821286383,0.0932103619195437,0.0252750214903965,0.340785687862813,0.417180733397122,"Human_Breast_He_06222020_ST_BC23450_E2"
"Human_Breast_He_06222020_ST_BC23450_E2_14x16",0.0909680953571362,0.051934129528652,0.0964500471300154,0.0183578271410663,0.00166168465080779,0.104555375819341,0.0308109116031819,0.307460221449025,0.297801707320774,"Human_Breast_He_06222020_ST_BC23450_E2"
"Human_Breast_He_06222020_ST_BC23450_E2_13x26",0.0301682210864566,0.078340746745199,0.0261057295324945,0.107473917807813,0.00889478572021941,0.0595078833675168,0.0301519757384181,0.366999596145188,0.292357143856694,"Human_Breast_He_06222020_ST_BC23450_E2"
"Human_Breast_He_06222020_ST_BC23450_E2_17x20",0.0105792926032828,0.0553876160003544,0.0160203587284473,0.00256093151119206,0.000943644342691903,0.0335162492678544,0.0544844023135465,0.434823112620483,0.391684392612148,"Human_Breast_He_06222020_ST_BC23450_E2"
"Human_Breast_He_06222020_ST_BC23450_E2_12x16",0.0465887576042847,0.0949298992241124,0.0571354672979838,0.00541193715361987,0.0036420026912822,0.224027468719729,0.0382863060110538,0.36859925182682,0.161378909471115,"Human_Breast_He_06222020_ST_BC23450_E2"
"Human_Breast_He_06222020_ST_BC23450_E2_12x11",0.0338685548453996,0.155586927948378,0.033631139051627,0.00141921949732917,0.00073457635838424,0.18308418891251,0.0791854414353361,0.270383025476314,0.242106926474721,"Human_Breast_He_06222020_ST_BC23450_E2"
"Human_Breast_He_06222020_ST_BC23450_E2_22x17",0.0573099052283941,0.0633963950160318,0.139795810091242,0.0104844610904552,0.00216430320348854,0.0923668835106112,0.104487067324294,0.242224031640523,0.28777114289496,"Human_Breast_He_06222020_ST_BC23450_E2"
"Human_Breast_He_06222020_ST_BC23450_E2_22x14",0.0576111580348919,0.0558640083053316,0.0281602883641544,0.368305147609849,0.0106296201331751,0.058969293149298,0.0808822683744459,0.0815825146224059,0.257995701406448,"Human_Breast_He_06222020_ST_BC23450_E2"
"Human_Breast_He_06222020_ST_BC23450_E2_22x15",0.00890576688569845,0.043778285231109,0.117055986669026,0.0289728285023225,0.00181084745330489,0.219344241466423,0.0866157928622187,0.289846952742675,0.203669298187223,"Human_Breast_He_06222020_ST_BC23450_E2"
"Human_Breast_He_06222020_ST_BC23450_E2_22x18",0.0610024524600163,0.0641892433802768,0.018266895702328,0.0398756335965461,0.0126168236475604,0.0364465833089182,0.0921375073654067,0.484098948681081,0.191365911857866,"Human_Breast_He_06222020_ST_BC23450_E2"
"Human_Breast_He_06222020_ST_BC23450_E2_14x25",0.0660345517808529,0.0729869025083969,0.0601084203661317,0.0075949224518322,0.00260877212661835,0.0770515432492045,0.0388067291195389,0.438576988185044,0.236231170212381,"Human_Breast_He_06222020_ST_BC23450_E2"
"Human_Breast_He_06222020_ST_BC23450_E2_12x19",0.0424571359012034,0.0843249656492497,0.0101150665147471,0.0114533402598419,0.00252451743288935,0.135636745780007,0.074277225106889,0.382176576768079,0.257034426587093,"Human_Breast_He_06222020_ST_BC23450_E2"
"Human_Breast_He_06222020_ST_BC23450_E2_12x18",0.0313941619103697,0.110376117989613,0.0311144569299425,0.00203449315972974,0.000281689040992081,0.139066086563561,0.0350291694569719,0.455438545199351,0.195265279749469,"Human_Breast_He_06222020_ST_BC23450_E2"
"Human_Breast_He_06222020_ST_BC23450_E2_19x27",0.0660846537543106,0.0644652060800729,0.20645391415068,0.033151329710875,0.00851854245339934,0.111365633779853,0.02242495473685,0.114215070118563,0.373320695215396,"Human_Breast_He_06222020_ST_BC23450_E2"
"Human_Breast_He_06222020_ST_BC23450_E2_9x18",0.050400334478826,0.13167205862989,0.0418389323972417,0.00101566422414651,0.00109291609602922,0.185333324808377,0.0454638632019567,0.22436076973428,0.318822136429254,"Human_Breast_He_06222020_ST_BC23450_E2"
"Human_Breast_He_06222020_ST_BC23450_E2_9x19",0.0141471763463176,0.0810294188735881,0.0517890791303708,0.0911337164488558,0.0133930193069025,0.0978193557440688,0.0630281241883334,0.339650091103079,0.248010018858484,"Human_Breast_He_06222020_ST_BC23450_E2"
"Human_Breast_He_06222020_ST_BC23450_E2_9x16",0.0321657217496363,0.124425498375925,0.0313680299823442,0.00112091405210953,0.000287058802824389,0.156966400844523,0.0120083030536758,0.376806944802767,0.264851128336195,"Human_Breast_He_06222020_ST_BC23450_E2"
"Human_Breast_He_06222020_ST_BC23450_E2_9x17",0.0277076106961328,0.0898008844223307,0.0998629179312967,0.00380452661775963,0.00143412157882171,0.143473818071532,0.0573946833271268,0.262253273922753,0.314268163432247,"Human_Breast_He_06222020_ST_BC23450_E2"
"Human_Breast_He_06222020_ST_BC23450_E2_9x12",0.0464085673146011,0.0972977337148948,0.0590384232104903,0.0149636832849773,0.00217075232977416,0.13778797584851,0.088576915387591,0.30516289635706,0.248593052552101,"Human_Breast_He_06222020_ST_BC23450_E2"
"Human_Breast_He_06222020_ST_BC23450_E2_24x19",0.0126883547870156,0.0936696292636579,0.118220961606263,0.0183755866127243,0.00670242453118125,0.0796247056109568,0.0552495701495186,0.317802129270015,0.297666638168668,"Human_Breast_He_06222020_ST_BC23450_E2"
"Human_Breast_He_06222020_ST_BC23450_E2_14x19",0.062308022169396,0.137700721934429,0.0308992738316712,0.0106111296962456,0.00280094751952041,0.116540184268604,0.0410913349641844,0.205986094317278,0.392062291298671,"Human_Breast_He_06222020_ST_BC23450_E2"
"Human_Breast_He_06222020_ST_BC23450_E2_14x14",0.0174649755115023,0.0887241634076853,0.0502809713386646,0.0128246103931676,0.00127838242860374,0.242727745468215,0.0328791980561741,0.33132077814278,0.222499175253207,"Human_Breast_He_06222020_ST_BC23450_E2"
"Human_Breast_He_06222020_ST_BC23450_E2_14x13",0.0322536278187446,0.0635301023681796,0.0567221198684396,0.0140996721357274,0.00156864528224417,0.157023514198562,0.0821364150147926,0.283275977793731,0.309389925519579,"Human_Breast_He_06222020_ST_BC23450_E2"
"Human_Breast_He_06222020_ST_BC23450_E2_9x15",0.0310393576479078,0.158119759388609,0.106570867727429,0.010482350799385,0.00253907084461536,0.112528387534499,0.14186706802423,0.0852490641288586,0.351604073904466,"Human_Breast_He_06222020_ST_BC23450_E2"
"Human_Breast_He_06222020_ST_BC23450_E2_15x18",0.0481886449212694,0.0932011736594852,0.0354521541041872,0.0630575150097328,0.0025385891023268,0.18471532591438,0.0463511395998246,0.212008987429692,0.314486470259102,"Human_Breast_He_06222020_ST_BC23450_E2"
"Human_Breast_He_06222020_ST_BC23450_E2_15x19",0.0320337216786927,0.0890489209064646,0.0860910435070813,0.0907022471514559,0.00803257082016458,0.0952858970108201,0.046363105329669,0.283000345949103,0.269442147646549,"Human_Breast_He_06222020_ST_BC23450_E2"
"Human_Breast_He_06222020_ST_BC23450_E2_15x10",0.0950954375098485,0.0859704574971976,0.0968383637328634,0.0131328448148046,0.00544671074967352,0.153514256906998,0.0402152947034053,0.192940265383648,0.31684636870156,"Human_Breast_He_06222020_ST_BC23450_E2"
"Human_Breast_He_06222020_ST_BC23450_E2_15x12",0.0313016478496798,0.119668087842101,0.0817106073238636,0.0615149224330513,0.0126318826595759,0.0831927355815095,0.153943569169968,0.278327894327867,0.177708652812385,"Human_Breast_He_06222020_ST_BC23450_E2"
"Human_Breast_He_06222020_ST_BC23450_E2_15x13",0.016671813510277,0.121538113970394,0.0221126520714639,0.0026554158704816,0.00183308026159879,0.149170163086015,0.0318316342611653,0.455845520677851,0.198341606290754,"Human_Breast_He_06222020_ST_BC23450_E2"
"Human_Breast_He_06222020_ST_BC23450_E2_15x14",0.0285794789325743,0.0584389170818152,0.0233838948583764,0.0173817096990303,0.00145479087019499,0.149796245483913,0.0228399128309369,0.527525257941076,0.170599792302082,"Human_Breast_He_06222020_ST_BC23450_E2"
"Human_Breast_He_06222020_ST_BC23450_E2_15x15",0.0346201348038826,0.0580061620816371,0.0399469005125469,0.00455512702920878,0.00078803138126299,0.0580306181555549,0.0325488990037424,0.488808999183205,0.28269512784896,"Human_Breast_He_06222020_ST_BC23450_E2"
"Human_Breast_He_06222020_ST_BC23450_E2_15x16",0.0805697775032912,0.0319572405103354,0.0503648793299784,0.043907129039879,0.0063717818045031,0.03732535523971,0.0471036953436205,0.378924880003909,0.323475261224773,"Human_Breast_He_06222020_ST_BC23450_E2"
"Human_Breast_He_06222020_ST_BC23450_E2_17x29",0.0186487594738628,0.0333250689649852,0.0380643337501963,0.47803380220758,0.0274907237742602,0.0259170952603687,0.092360493753776,0.135590066546912,0.150569656268058,"Human_Breast_He_06222020_ST_BC23450_E2"
"Human_Breast_He_06222020_ST_BC23450_E2_17x28",0.0117696702953672,0.0416866245650933,0.0133874253545861,0.0132563857969474,0.00603825288142482,0.145024112868901,0.0358595328272569,0.346829210561041,0.386148784849382,"Human_Breast_He_06222020_ST_BC23450_E2"
"Human_Breast_He_06222020_ST_BC23450_E2_17x26",0.0268149988417866,0.132584614203247,0.0424784874634565,0.00160925796993614,0.00195215279401069,0.0960432704436098,0.0802365993592496,0.380539699950985,0.237740918973719,"Human_Breast_He_06222020_ST_BC23450_E2"
"Human_Breast_He_06222020_ST_BC23450_E2_17x21",0.0393117521929804,0.0284596267812402,0.0067828699605113,0.282036987352586,0.023812667471163,0.0281637953197174,0.0713093706529897,0.302659270224006,0.217463660044805,"Human_Breast_He_06222020_ST_BC23450_E2"
"Human_Breast_He_06222020_ST_BC23450_E2_12x15",0.0231203840090414,0.0712382860372012,0.0232633446388398,0.00313070047430441,0.00049808632746779,0.0746317909130847,0.0709684530570202,0.417632814443641,0.3155161400994,"Human_Breast_He_06222020_ST_BC23450_E2"
"Human_Breast_He_06222020_ST_BC23450_E2_12x17",0.0275891158411465,0.102316875649084,0.0245010064078232,0.000675531291637573,0.000303280947456889,0.222900575417671,0.0253835175299943,0.465911426860543,0.130418670054643,"Human_Breast_He_06222020_ST_BC23450_E2"
"Human_Breast_He_06222020_ST_BC23450_E2_10x13",0.0178833052975798,0.0789444368698,0.0376307023946447,0.00160872195496877,0.000595912045145627,0.190616883016114,0.0482151165594821,0.389761837993825,0.23474308386844,"Human_Breast_He_06222020_ST_BC23450_E2"
