"","Endothelial","CAFs","PVL","B-cells","T-cells","Myeloid","Normal Epithelial","Plasmablasts","Cancer Epithelial","sid"
"Human_Breast_Andersson_10142021_ST_E2_10x10",0.0448507613203146,0.0344762284120899,0.0023059966441528,3.89745765203876e-05,8.83173369604542e-06,0.096668756240724,0.0171956813456318,0.629945470441653,0.174509299285218,"Human_Breast_Andersson_10142021_ST_E2"
"Human_Breast_Andersson_10142021_ST_E2_10x11",0.0166976655201983,0.022920832421303,0.00133860117161942,0.000138064251784216,2.42978658372436e-05,0.124904035077347,0.0325868371006623,0.689172414376021,0.112217252215227,"Human_Breast_Andersson_10142021_ST_E2"
"Human_Breast_Andersson_10142021_ST_E2_10x12",0.00228267946031455,0.0138971558087489,0.00460685402536988,0.000580262800953823,1.75524297552899e-05,0.1756542122201,0.00357063871649102,0.751765968538033,0.0476246760002336,"Human_Breast_Andersson_10142021_ST_E2"
"Human_Breast_Andersson_10142021_ST_E2_10x13",0.0147393197963902,0.0338458472020751,0.00466500764220523,0.000108305590474852,3.37577042136133e-05,0.0762525750246553,0.0028629965492863,0.815402758445346,0.0520894320453534,"Human_Breast_Andersson_10142021_ST_E2"
"Human_Breast_Andersson_10142021_ST_E2_10x14",0.0165077894949903,0.0285700988566398,0.0049780757637772,5.11921637395395e-05,2.77353277450619e-05,0.120314722507208,0.00245009235024267,0.803444393322311,0.0236559002133467,"Human_Breast_Andersson_10142021_ST_E2"
"Human_Breast_Andersson_10142021_ST_E2_10x15",0.00285576369099382,0.057258590761382,0.00439984697190375,0.00279508009529864,0.000753359174248497,0.178726779684115,0.0159375113987752,0.689526430336218,0.0477466378870652,"Human_Breast_Andersson_10142021_ST_E2"
"Human_Breast_Andersson_10142021_ST_E2_10x16",0.00444287891098403,0.0404598888253829,0.00327252379866425,2.56341281526841e-05,2.94280591769642e-05,0.0871935385678268,0.00870291427743066,0.831143428759494,0.0247297646728875,"Human_Breast_Andersson_10142021_ST_E2"
"Human_Breast_Andersson_10142021_ST_E2_10x17",0.00337923162320807,0.0286064210671271,0.0022161136871721,3.11665255006509e-05,4.26588686775355e-05,0.0648307832030527,0.0430021013598869,0.732885013719888,0.125006509945487,"Human_Breast_Andersson_10142021_ST_E2"
"Human_Breast_Andersson_10142021_ST_E2_10x18",0.00110855297428031,0.0253219426130209,0.0015511389906744,2.78474492221129e-05,1.28221766672186e-05,0.103151209609091,0.0379144024963361,0.666318773586737,0.164593310103971,"Human_Breast_Andersson_10142021_ST_E2"
"Human_Breast_Andersson_10142021_ST_E2_10x19",0.0141035695224996,0.0301088816714124,0.00232571259616976,0.000121520471788998,3.64251650197059e-05,0.0943559368150697,0.0441484831689675,0.666456114559111,0.148343356029961,"Human_Breast_Andersson_10142021_ST_E2"
"Human_Breast_Andersson_10142021_ST_E2_10x20",0.0100948244645624,0.0545412546459627,0.00179810622859507,4.69598764118258e-05,3.26682504009985e-05,0.0964292412590498,0.00459296019120123,0.777835360935593,0.0546286241482226,"Human_Breast_Andersson_10142021_ST_E2"
"Human_Breast_Andersson_10142021_ST_E2_10x21",0.00595274338220106,0.0553809162817133,0.00666646514179178,5.66671527071726e-05,1.69570907537253e-05,0.0908812731997437,0.00657648732551462,0.749434582122469,0.085033908303106,"Human_Breast_Andersson_10142021_ST_E2"
"Human_Breast_Andersson_10142021_ST_E2_10x22",0.0439984441075833,0.0438456035368583,0.0022778659322661,5.03579862556816e-05,2.59818527802543e-06,0.0384829244944682,0.00697279954649193,0.801109601813301,0.0632598043974972,"Human_Breast_Andersson_10142021_ST_E2"
"Human_Breast_Andersson_10142021_ST_E2_10x23",0.0015032731413981,0.0437016620697659,0.00325982439581227,0.000215340070582847,3.74687479490264e-05,0.0599029174635216,0.0236604925211856,0.814117469329933,0.0536015522598519,"Human_Breast_Andersson_10142021_ST_E2"
"Human_Breast_Andersson_10142021_ST_E2_10x24",0.0238269841067887,0.0969243523509389,0.00213818318730333,0.000517656851465006,0.000171338722150065,0.136703979792243,0.00911781609262179,0.604041393589303,0.126558295307186,"Human_Breast_Andersson_10142021_ST_E2"
"Human_Breast_Andersson_10142021_ST_E2_10x25",0.0126462439417337,0.0218743760254662,0.000575159080030931,0.000116976613009615,6.9537912676698e-05,0.0849751891637172,0.011910568438485,0.769295606659228,0.0985363421656528,"Human_Breast_Andersson_10142021_ST_E2"
"Human_Breast_Andersson_10142021_ST_E2_10x26",0.0161707854099404,0.0527644754285264,0.00341349004462457,0.000150442740075062,9.40331666563402e-05,0.135111687033072,0.0386444768753727,0.57225328801265,0.181397321289082,"Human_Breast_Andersson_10142021_ST_E2"
"Human_Breast_Andersson_10142021_ST_E2_10x27",0.0713696399352352,0.0356164199837176,0.0102228337755545,0.000144894440569415,0.000103667072537675,0.201272282524852,0.00879392021822697,0.56319046785286,0.109285874196447,"Human_Breast_Andersson_10142021_ST_E2"
"Human_Breast_Andersson_10142021_ST_E2_10x28",0.0334612339101203,0.0218141057158954,0.0015356269646585,3.25637437588083e-05,4.83908203328035e-05,0.0870084990413877,0.0475725465350639,0.664593719829295,0.143933313439487,"Human_Breast_Andersson_10142021_ST_E2"
"Human_Breast_Andersson_10142021_ST_E2_10x5",0.03973154327161,0.0425959807121105,0.0018698758762216,0.000233801099109182,1.95423419260597e-05,0.0859844642155911,0.0426288579432021,0.622171525471946,0.164764409068283,"Human_Breast_Andersson_10142021_ST_E2"
"Human_Breast_Andersson_10142021_ST_E2_10x6",0.0259773047809574,0.054853589669238,0.00643664112934122,0.000756195510523626,5.13792440986556e-05,0.111697652563263,0.00357336068351066,0.753976463924329,0.0426774124947379,"Human_Breast_Andersson_10142021_ST_E2"
"Human_Breast_Andersson_10142021_ST_E2_10x7",0.0326753972454705,0.0419477939289274,0.00267372214993064,0.000116140635006636,2.4925984903844e-05,0.136439498154799,0.00606703276543347,0.740509194247241,0.0395462948882865,"Human_Breast_Andersson_10142021_ST_E2"
"Human_Breast_Andersson_10142021_ST_E2_10x8",0.0202228690264138,0.0404576686545848,0.00311600221761907,0.000123106972090318,7.6701405177293e-05,0.103029307770158,0.0477662938315647,0.604119001143685,0.181089048978707,"Human_Breast_Andersson_10142021_ST_E2"
"Human_Breast_Andersson_10142021_ST_E2_10x9",0.0202758063531902,0.0605908422264809,0.0222328334649185,0.000657805764330282,8.78962636854348e-05,0.0708942870864094,0.00986060802958059,0.731068874002851,0.0843310468085534,"Human_Breast_Andersson_10142021_ST_E2"
"Human_Breast_Andersson_10142021_ST_E2_11x10",0.0295166280801074,0.0368972748872545,0.0103367238023583,7.30708797398755e-05,2.48112975937603e-05,0.0988194145629931,0.00801725324726711,0.779445237522845,0.0368695857198405,"Human_Breast_Andersson_10142021_ST_E2"
"Human_Breast_Andersson_10142021_ST_E2_11x12",0.00584544747551464,0.0222442464731155,0.00214516002629391,0.000304116783086385,0.000109435246714646,0.0735082671903351,0.00672914013872766,0.836556758092642,0.0525574285735698,"Human_Breast_Andersson_10142021_ST_E2"
"Human_Breast_Andersson_10142021_ST_E2_11x13",0.00944639537745435,0.0251608060615553,0.00156103970670933,0.000189321396051767,5.34025533170997e-05,0.107325280309471,0.00227148501211081,0.833758216264294,0.0202340533190356,"Human_Breast_Andersson_10142021_ST_E2"
"Human_Breast_Andersson_10142021_ST_E2_11x14",0.0210532079640199,0.0264584893206535,0.00295271590526104,8.12841595714672e-05,3.32230585607511e-06,0.0979476620165133,0.00593339543742626,0.830424901480679,0.015145021410019,"Human_Breast_Andersson_10142021_ST_E2"
"Human_Breast_Andersson_10142021_ST_E2_11x15",0.0183262915391664,0.0587905119045714,0.00511103941260675,7.56661873723504e-05,2.37309903423605e-05,0.13378713701037,0.0101559831222424,0.714423236305518,0.0593064035278101,"Human_Breast_Andersson_10142021_ST_E2"
"Human_Breast_Andersson_10142021_ST_E2_11x16",0.00459058910283583,0.0306643003580367,0.00161482380971551,0.000151317941657353,2.19399789600522e-05,0.0618112613176742,0.00160114670464153,0.886887284734462,0.0126573360520168,"Human_Breast_Andersson_10142021_ST_E2"
"Human_Breast_Andersson_10142021_ST_E2_11x17",0.00592400077006538,0.0231524695595761,0.00152004173251659,0.000118250640790151,4.85363156873909e-05,0.0477714926045479,0.00271256005333354,0.886633261018315,0.0321193873051679,"Human_Breast_Andersson_10142021_ST_E2"
"Human_Breast_Andersson_10142021_ST_E2_11x18",0.0271916274716171,0.0378133140480304,0.00420985192407012,6.32047939499605e-05,1.14875894647347e-05,0.0806442452375958,0.00572213470820896,0.753781106244295,0.0905630279827678,"Human_Breast_Andersson_10142021_ST_E2"
"Human_Breast_Andersson_10142021_ST_E2_11x19",0.00623801984331815,0.0318475042378658,0.000519555497572875,1.35893859351472e-05,6.98243352293684e-06,0.0432922935785849,0.00609641479752116,0.880387264485553,0.0315983757401254,"Human_Breast_Andersson_10142021_ST_E2"
"Human_Breast_Andersson_10142021_ST_E2_11x20",0.00383990056900592,0.0235200152562713,0.00117112082916404,3.10443678289538e-05,1.60379275431265e-05,0.0660149283397827,0.0100090840887512,0.848136506749772,0.0472613618718811,"Human_Breast_Andersson_10142021_ST_E2"
"Human_Breast_Andersson_10142021_ST_E2_11x21",0.00679877186131557,0.0420565054989833,0.00306239883312053,0.000354111995617523,5.85397144659468e-05,0.105184229498953,0.00551273849241469,0.79789169884912,0.0390810052560086,"Human_Breast_Andersson_10142021_ST_E2"
"Human_Breast_Andersson_10142021_ST_E2_11x22",0.0238497078187171,0.0624605406675288,0.00332032032008068,5.24028777138449e-05,1.9961529604747e-05,0.0839102057021903,0.0048137709861556,0.753582341328508,0.0679907487695006,"Human_Breast_Andersson_10142021_ST_E2"
"Human_Breast_Andersson_10142021_ST_E2_11x23",0.00530087569669638,0.0525251357526956,0.00522208405855501,1.38157743156093e-05,3.4269752720071e-06,0.0834773659945942,0.0127553465055197,0.764551355531774,0.076150593710578,"Human_Breast_Andersson_10142021_ST_E2"
"Human_Breast_Andersson_10142021_ST_E2_11x24",0.0246859073070573,0.029751177914917,0.00438678974033968,8.8927299631862e-05,0.000168735950384636,0.0581146528654932,0.0308441386763185,0.743956243359684,0.108003426886174,"Human_Breast_Andersson_10142021_ST_E2"
"Human_Breast_Andersson_10142021_ST_E2_11x25",0.00917514233339547,0.0507160756074818,0.00193138517161445,0.000127119186618351,3.32093996570043e-05,0.166506663884953,0.0144662543674613,0.6236687101467,0.133375439902119,"Human_Breast_Andersson_10142021_ST_E2"
"Human_Breast_Andersson_10142021_ST_E2_11x26",0.0452308512900205,0.0223946476306938,0.00126927974889755,0.000210437533981124,0.000604429686068955,0.11290697212039,0.0257844521539948,0.602840026122398,0.188758903713555,"Human_Breast_Andersson_10142021_ST_E2"
"Human_Breast_Andersson_10142021_ST_E2_11x27",0.0289540239009048,0.0565699383130144,0.00811577903423918,7.42039586859424e-05,1.42201786482979e-05,0.118635074556546,0.0195510869354521,0.632073739777375,0.136011933345135,"Human_Breast_Andersson_10142021_ST_E2"
"Human_Breast_Andersson_10142021_ST_E2_11x28",0.0525542151866983,0.030325212508472,0.00208226778580535,0.000561292009637963,0.000438974127591513,0.0998109830614218,0.0171703553943734,0.6597362271785,0.1373204727475,"Human_Breast_Andersson_10142021_ST_E2"
"Human_Breast_Andersson_10142021_ST_E2_11x5",0.124154045114315,0.0422954092813143,0.00336605326864141,0.000780417499799581,4.92742557144584e-05,0.0623683066179005,0.0168445285003173,0.628370006672683,0.121771958789315,"Human_Breast_Andersson_10142021_ST_E2"
"Human_Breast_Andersson_10142021_ST_E2_11x6",0.00512408179705047,0.0296078202457897,0.00372067029429991,0.000132953662446037,2.86697525455545e-05,0.10055192000708,0.0198509152733953,0.598465569937935,0.242517399029458,"Human_Breast_Andersson_10142021_ST_E2"
"Human_Breast_Andersson_10142021_ST_E2_11x7",0.0520569066164507,0.0595288156835641,0.00537402491244018,0.00262448343655315,0.000361635842975154,0.0985042823101083,0.0164214360437292,0.666727582687464,0.0984008324667155,"Human_Breast_Andersson_10142021_ST_E2"
"Human_Breast_Andersson_10142021_ST_E2_11x8",0.0271537848993238,0.0403024884974014,0.00353195168269899,0.000202979200757233,8.95528272757571e-06,0.125622563920639,0.019582715907267,0.696601731879572,0.0869928287296131,"Human_Breast_Andersson_10142021_ST_E2"
"Human_Breast_Andersson_10142021_ST_E2_11x9",0.000700302835081535,0.0237250423940906,0.00148112554511112,0.000385150458029394,7.82315749915508e-05,0.0533814019763778,0.00231379449685085,0.910096992652044,0.0078379580674232,"Human_Breast_Andersson_10142021_ST_E2"
"Human_Breast_Andersson_10142021_ST_E2_12x10",0.0301646410115208,0.0546267791717643,0.00839417874382576,0.000819640500841715,0.000161201952177462,0.0968404661946864,0.00635504145880071,0.726833936552322,0.0758041144140605,"Human_Breast_Andersson_10142021_ST_E2"
"Human_Breast_Andersson_10142021_ST_E2_12x11",0.0863274280087499,0.0459813846512874,0.00112859519391777,0.00052751541402037,3.25061716527994e-05,0.150823206355323,0.00493235586674961,0.635442556672568,0.0748044516657315,"Human_Breast_Andersson_10142021_ST_E2"
"Human_Breast_Andersson_10142021_ST_E2_12x12",0.0256129945494158,0.0291695046862022,0.00706725149139671,0.000178102966389425,4.88715114708681e-05,0.111365478091039,0.0207797091461181,0.656525158690368,0.1492529288676,"Human_Breast_Andersson_10142021_ST_E2"
"Human_Breast_Andersson_10142021_ST_E2_12x13",0.0496625945169669,0.0260538516138049,0.00442444521959007,0.000120937967092358,7.59837142800838e-05,0.0710192735167558,0.0166995274149424,0.700415476473581,0.131527909562986,"Human_Breast_Andersson_10142021_ST_E2"
"Human_Breast_Andersson_10142021_ST_E2_12x14",0.0235873363789954,0.0334380810730655,0.00292813609900907,9.0980661050886e-05,0.00026318842716636,0.108778929090002,0.0130872495196976,0.746953138078233,0.0708729606727806,"Human_Breast_Andersson_10142021_ST_E2"
"Human_Breast_Andersson_10142021_ST_E2_12x15",0.000417204119062204,0.0284991857940379,0.00657950366773623,0.000391626936108979,7.1409858305926e-05,0.119861359528714,0.00815197980116095,0.758078641587583,0.0779490887072908,"Human_Breast_Andersson_10142021_ST_E2"
"Human_Breast_Andersson_10142021_ST_E2_12x16",0.000930183578227787,0.0387402226742116,0.00379252205934969,2.05022087901293e-05,2.11610047119598e-05,0.0829256859178948,0.00264821915432316,0.840551364497826,0.0303701389046652,"Human_Breast_Andersson_10142021_ST_E2"
"Human_Breast_Andersson_10142021_ST_E2_12x17",0.00332471134624842,0.0320917653995671,0.00146483639548912,7.75466601141185e-06,1.69370034688291e-06,0.0884227444123895,0.00192764585182272,0.849416472862661,0.0233423753654642,"Human_Breast_Andersson_10142021_ST_E2"
"Human_Breast_Andersson_10142021_ST_E2_12x18",0.000657282917538628,0.0519832766439987,0.00936952575025058,1.09548823500734e-05,9.71869539743912e-06,0.103267295388904,0.00236180957515824,0.802902199919085,0.0294379362273179,"Human_Breast_Andersson_10142021_ST_E2"
"Human_Breast_Andersson_10142021_ST_E2_12x19",0.00565253152481628,0.0286228804886859,0.00101867265494882,1.97905839350588e-05,3.80739059555699e-06,0.0890356812661304,0.00327683427738569,0.836446397446121,0.0359234043673815,"Human_Breast_Andersson_10142021_ST_E2"
"Human_Breast_Andersson_10142021_ST_E2_12x20",0.00305165655006562,0.0339277683613338,0.00937618430545527,0.000111462744116151,2.73822564708361e-05,0.0652602208281481,0.009587890238514,0.818682136584412,0.0599752981314846,"Human_Breast_Andersson_10142021_ST_E2"
"Human_Breast_Andersson_10142021_ST_E2_12x21",0.00449425367636539,0.00929749208242073,0.000383401419269447,3.57639286045015e-05,1.0381135059988e-05,0.059307076568118,0.0156172154824485,0.83581053355427,0.075043882153443,"Human_Breast_Andersson_10142021_ST_E2"
"Human_Breast_Andersson_10142021_ST_E2_12x22",0.0307618841768556,0.0590859261929396,0.000906415561640743,1.71601394083238e-05,5.98616742243878e-05,0.0774869935495132,0.0146640297981598,0.707279373625995,0.109738355281264,"Human_Breast_Andersson_10142021_ST_E2"
"Human_Breast_Andersson_10142021_ST_E2_12x23",0.0386591339273919,0.0174775358073414,0.00160856309097307,7.83706537780255e-05,2.07830680250939e-05,0.0889454846345355,0.00526990373167165,0.74799550257412,0.0999447225121632,"Human_Breast_Andersson_10142021_ST_E2"
"Human_Breast_Andersson_10142021_ST_E2_12x24",0.00998716767178989,0.0204108870000888,0.000917032510127677,0.000282063879705188,4.50823290499549e-05,0.0850411841602739,0.0454068622192761,0.717907991518251,0.120001728711438,"Human_Breast_Andersson_10142021_ST_E2"
"Human_Breast_Andersson_10142021_ST_E2_12x26",0.0245156929531582,0.071802316416532,0.00599129602554411,0.000316627762453797,2.76507127606402e-05,0.148208789779935,0.0246451580124181,0.631412638632967,0.0930798297042314,"Human_Breast_Andersson_10142021_ST_E2"
"Human_Breast_Andersson_10142021_ST_E2_12x27",0.0418806368236515,0.0361752698548742,0.000797847292349654,0.00019526223579288,4.60671688590067e-05,0.161704226375474,0.0100765372087482,0.579838033801138,0.169286119239112,"Human_Breast_Andersson_10142021_ST_E2"
"Human_Breast_Andersson_10142021_ST_E2_12x28",0.0541626046974889,0.0347895098381321,0.00335714791399243,0.000112957934372,0.000212024171342454,0.128210543316886,0.0251404056658401,0.625794233638317,0.128220572823629,"Human_Breast_Andersson_10142021_ST_E2"
"Human_Breast_Andersson_10142021_ST_E2_12x29",0.018060193491012,0.0853075313070078,0.0157576389278525,4.29682537047735e-05,7.10622923893247e-05,0.153158136112556,0.0276224898023993,0.526550884863019,0.173429094950059,"Human_Breast_Andersson_10142021_ST_E2"
"Human_Breast_Andersson_10142021_ST_E2_12x6",0.0346560124164302,0.0720054326916546,0.00532898606764849,0.000334959902813397,7.54521901974991e-05,0.100723110474728,0.0265529368801902,0.621843360509722,0.138479748866616,"Human_Breast_Andersson_10142021_ST_E2"
"Human_Breast_Andersson_10142021_ST_E2_12x7",0.00390839904048278,0.0395476354476266,0.00505093904681392,0.000621027138380731,7.23386014298932e-05,0.162287157503213,0.024701727139963,0.656491510177887,0.107319265904203,"Human_Breast_Andersson_10142021_ST_E2"
"Human_Breast_Andersson_10142021_ST_E2_12x8",0.0252568573822422,0.0506667519541323,0.0154671991462912,0.000373679995288998,3.14672407983186e-05,0.138181113201637,0.0144210963330038,0.627341390452916,0.12826044429369,"Human_Breast_Andersson_10142021_ST_E2"
"Human_Breast_Andersson_10142021_ST_E2_12x9",0.0543423503041503,0.0362432244624776,0.0066352218534784,0.000561284643769242,1.71445223037669e-05,0.0485779020092975,0.000975306261200826,0.841949665565632,0.0106979003776899,"Human_Breast_Andersson_10142021_ST_E2"
"Human_Breast_Andersson_10142021_ST_E2_13x10",0.0291703182065938,0.0794401044944207,0.00570149249745869,0.000412677178409546,0.000167072769042552,0.205662500277579,0.00766724699564296,0.593411916576875,0.0783666710039772,"Human_Breast_Andersson_10142021_ST_E2"
"Human_Breast_Andersson_10142021_ST_E2_13x11",0.0216920077067128,0.0324432774023105,0.00137214410776293,0.000430252709715309,0.000339492250225122,0.0609569535470124,0.0270855084956731,0.719764378000297,0.135915985780291,"Human_Breast_Andersson_10142021_ST_E2"
"Human_Breast_Andersson_10142021_ST_E2_13x12",0.00732071948253107,0.0252997712958467,0.00698705875775415,0.000255754460777055,8.75817329158756e-05,0.148391912905132,0.027415958634281,0.494993060455569,0.289248182275193,"Human_Breast_Andersson_10142021_ST_E2"
"Human_Breast_Andersson_10142021_ST_E2_13x13",0.0207732808020023,0.040864580347252,0.000706108365234175,0.000309460010876728,1.61431146579676e-05,0.0611423481415207,0.00860255451927076,0.777346585800692,0.0902389388984932,"Human_Breast_Andersson_10142021_ST_E2"
"Human_Breast_Andersson_10142021_ST_E2_13x14",0.0299601241503706,0.0245103539289456,0.00571321465185848,0.000130245970972772,4.65921767636654e-05,0.0520929809193422,0.0114573440271237,0.777651786804552,0.0984373573700709,"Human_Breast_Andersson_10142021_ST_E2"
"Human_Breast_Andersson_10142021_ST_E2_13x15",0.00767974907999485,0.0439870367242647,0.00815943898071657,0.000178640295024463,5.35919642408776e-05,0.0855632070915521,0.00251860514358219,0.831321738240594,0.0205379924800299,"Human_Breast_Andersson_10142021_ST_E2"
"Human_Breast_Andersson_10142021_ST_E2_13x16",0.0192409401403925,0.012655895397288,0.00061611764765315,6.01007235976534e-05,2.26408845124461e-05,0.10385075101617,0.00603020914440531,0.817497309628988,0.0400260354169925,"Human_Breast_Andersson_10142021_ST_E2"
"Human_Breast_Andersson_10142021_ST_E2_13x17",0.00101272992602152,0.0225372766320221,0.00107408420736039,5.88381570620634e-05,1.43996384517316e-05,0.102265056839949,0.00215741222492992,0.839892494754353,0.0309877076198505,"Human_Breast_Andersson_10142021_ST_E2"
"Human_Breast_Andersson_10142021_ST_E2_13x18",0.0061023802512517,0.0323769069074171,0.00168985687734911,0.000424519589024399,0.000212742604245144,0.101076450711023,0.00536864782030221,0.821519855281534,0.0312286399578536,"Human_Breast_Andersson_10142021_ST_E2"
"Human_Breast_Andersson_10142021_ST_E2_13x19",0.0149357616683115,0.0301758935298353,0.0010002095527299,6.68353513710416e-06,6.9021567329363e-06,0.0641358917225603,0.0109142330493794,0.850997458040156,0.0278269667451576,"Human_Breast_Andersson_10142021_ST_E2"
"Human_Breast_Andersson_10142021_ST_E2_13x20",0.0208693132923534,0.0310729203344195,0.00246896094658079,7.03247200093316e-05,2.96085110172179e-05,0.128731737600256,0.0316253534359306,0.693240969211475,0.091890811947958,"Human_Breast_Andersson_10142021_ST_E2"
"Human_Breast_Andersson_10142021_ST_E2_13x21",0.0581576973832951,0.0420257222154848,0.00378739851315797,9.65295710362636e-05,7.20701227541758e-05,0.103355688629235,0.00201803735227188,0.763924806650171,0.0265620495625929,"Human_Breast_Andersson_10142021_ST_E2"
"Human_Breast_Andersson_10142021_ST_E2_13x22",0.0544287531129038,0.0534171000259871,0.00584984050387128,0.000206032985153306,3.7970926568546e-05,0.100057504403864,0.00419897943763194,0.658722004117675,0.123081814486345,"Human_Breast_Andersson_10142021_ST_E2"
"Human_Breast_Andersson_10142021_ST_E2_13x23",0.0148444755325205,0.00971767103747533,0.00571795202689911,0.00030456634550726,3.86296949926198e-05,0.182720709726377,0.0159283871834244,0.59747046436431,0.173257144088493,"Human_Breast_Andersson_10142021_ST_E2"
"Human_Breast_Andersson_10142021_ST_E2_13x24",0.00890314368690702,0.0248248739711479,0.000848363327820113,9.05610380942995e-05,0.000159516530014983,0.0768307047913128,0.01926969680512,0.781824188948691,0.0872489509008918,"Human_Breast_Andersson_10142021_ST_E2"
"Human_Breast_Andersson_10142021_ST_E2_13x25",0.00537053215854988,0.0289091834444195,0.00506764468950124,0.000520287345465563,6.01039393377157e-05,0.115002049076801,0.073927686218447,0.603022378014205,0.168120135113274,"Human_Breast_Andersson_10142021_ST_E2"
"Human_Breast_Andersson_10142021_ST_E2_13x26",0.00534352643785428,0.0210189247889139,0.000566571824244559,0.000207167388032601,3.55425744129644e-05,0.0512450088947735,0.0253147437637359,0.800207022699033,0.0960614916289988,"Human_Breast_Andersson_10142021_ST_E2"
"Human_Breast_Andersson_10142021_ST_E2_13x27",0.0143284192469769,0.0589399453909764,0.00584794636060829,0.000149592878631225,0.00039525776253784,0.0793463567111559,0.014594829096049,0.705893533846276,0.120504118706788,"Human_Breast_Andersson_10142021_ST_E2"
"Human_Breast_Andersson_10142021_ST_E2_13x28",0.00951034885275765,0.0230037947459107,0.00680025581950648,0.000125327992024754,3.29265007111678e-05,0.0887540333229945,0.0161526132358886,0.704217673548417,0.151403025981789,"Human_Breast_Andersson_10142021_ST_E2"
"Human_Breast_Andersson_10142021_ST_E2_13x29",0.0157118234330666,0.0224498354451354,0.0039463162492399,2.55551723975273e-05,9.94969187003124e-06,0.124413354298235,0.00273624957470354,0.762470159596646,0.0682367565387054,"Human_Breast_Andersson_10142021_ST_E2"
"Human_Breast_Andersson_10142021_ST_E2_13x30",0.0050780099535094,0.0129160748003353,0.00154157725058652,0.000908278701724341,0.000360476842026871,0.153132936686902,0.0127672192476426,0.654364451147412,0.158930975369861,"Human_Breast_Andersson_10142021_ST_E2"
"Human_Breast_Andersson_10142021_ST_E2_13x7",0.0272834560130512,0.108422621827125,0.00395441241936521,0.000772768115042212,0.000355615727846783,0.0753674471117623,0.019376817015927,0.674765572958338,0.0897012888115426,"Human_Breast_Andersson_10142021_ST_E2"
"Human_Breast_Andersson_10142021_ST_E2_13x8",0.00565724142134015,0.0165720486294021,0.000374673366087166,0.000117010501622659,6.47698796651505e-05,0.0286873355697928,0.0309487265968002,0.655767869507314,0.261810324527975,"Human_Breast_Andersson_10142021_ST_E2"
"Human_Breast_Andersson_10142021_ST_E2_13x9",0.0764547821540158,0.0237827820891153,0.00180237189024018,0.000145549478713721,5.01209472538723e-05,0.0593870436306703,0.0330457070920849,0.556654635415926,0.24867700730198,"Human_Breast_Andersson_10142021_ST_E2"
"Human_Breast_Andersson_10142021_ST_E2_14x10",0.011799831432387,0.0150680169614709,0.00267783929723575,0.000168745323569785,4.95131670978552e-05,0.0980752353847531,0.0199068412741756,0.719284280972122,0.132969696187188,"Human_Breast_Andersson_10142021_ST_E2"
"Human_Breast_Andersson_10142021_ST_E2_14x11",0.00382156939062011,0.0214057638965737,0.00113225574012295,0.00115488372106239,0.000136705325018473,0.0863180273753831,0.0459835565573178,0.70305988597496,0.136987352018941,"Human_Breast_Andersson_10142021_ST_E2"
"Human_Breast_Andersson_10142021_ST_E2_14x12",0.00532996312599311,0.0349658293912223,0.00159277090795622,0.000258980540933589,0.000570531746548842,0.0589587175978905,0.00468652566201961,0.824193925034734,0.0694427559927022,"Human_Breast_Andersson_10142021_ST_E2"
"Human_Breast_Andersson_10142021_ST_E2_14x13",0.064299399932099,0.0363697143284438,0.00163976473952173,0.000586033678931046,0.000180380771429428,0.174189437418223,0.0349386001949507,0.440324461018864,0.247472207917538,"Human_Breast_Andersson_10142021_ST_E2"
"Human_Breast_Andersson_10142021_ST_E2_14x14",0.0181634740924934,0.0599186255374999,0.00109236153503588,0.000216874367940943,1.78924974754875e-05,0.0734408004919431,0.0105546243456161,0.766591210990272,0.0700041361417231,"Human_Breast_Andersson_10142021_ST_E2"
"Human_Breast_Andersson_10142021_ST_E2_14x15",0.0098040761861935,0.0400601703443237,0.00494806439105868,0.000626044567915955,0.000181858512379981,0.0863922936462585,0.0102585573068128,0.693559505455637,0.15416942958942,"Human_Breast_Andersson_10142021_ST_E2"
"Human_Breast_Andersson_10142021_ST_E2_14x16",0.00369740541649191,0.0393210034737135,0.0182442012107703,0.000566353537326311,0.000317758557843506,0.0943961193336228,0.0176486219569266,0.764469931618958,0.061338604894347,"Human_Breast_Andersson_10142021_ST_E2"
"Human_Breast_Andersson_10142021_ST_E2_14x17",0.0113325070884776,0.0267357245643865,0.000963635736441595,0.000278153771681138,1.22969791037739e-05,0.120344992445535,0.00116834213658777,0.807934568303888,0.0312297789738984,"Human_Breast_Andersson_10142021_ST_E2"
"Human_Breast_Andersson_10142021_ST_E2_14x18",0.00637712719854258,0.0520931310549441,0.000317536109326309,3.05355246541408e-05,8.1889906226463e-06,0.0331938969952309,0.00680726504005209,0.879956620661659,0.0212156984249686,"Human_Breast_Andersson_10142021_ST_E2"
"Human_Breast_Andersson_10142021_ST_E2_14x19",0.00840503042031009,0.0257358977008646,0.000642214441472609,5.22167516093758e-05,1.54420154728733e-05,0.0529804807701002,0.00672819208774794,0.876670981485407,0.0287695443270152,"Human_Breast_Andersson_10142021_ST_E2"
"Human_Breast_Andersson_10142021_ST_E2_14x20",0.00557697907856437,0.0256980974165169,0.00166684045394288,2.54869136077889e-05,5.66561804088727e-06,0.0659966013630618,0.0122265337529609,0.804580868959031,0.0842229264442735,"Human_Breast_Andersson_10142021_ST_E2"
"Human_Breast_Andersson_10142021_ST_E2_14x21",0.0480428491001886,0.0237305843257828,0.00113740514825652,4.24708522860011e-05,1.3266218465338e-05,0.0800931541422772,0.0599590770811134,0.663445530524064,0.123535662607566,"Human_Breast_Andersson_10142021_ST_E2"
"Human_Breast_Andersson_10142021_ST_E2_14x22",0.00411869536377592,0.0521325995602238,0.00213831228213109,0.000134994401062363,0.000120361246241571,0.107111788424745,0.0238961852244079,0.670137601194689,0.140209462302723,"Human_Breast_Andersson_10142021_ST_E2"
"Human_Breast_Andersson_10142021_ST_E2_14x23",0.0104253703091431,0.0714817227155917,0.00223173016620776,0.000200594213687541,0.00035549277618086,0.0754520743366993,0.0250287370110145,0.681876934163033,0.132947344308443,"Human_Breast_Andersson_10142021_ST_E2"
"Human_Breast_Andersson_10142021_ST_E2_14x24",0.0218534146731057,0.0500107203555553,0.00422823574694958,0.000171694310721955,6.4069829810338e-05,0.1040801227809,0.00562121501207532,0.708511308806744,0.105459218484138,"Human_Breast_Andersson_10142021_ST_E2"
"Human_Breast_Andersson_10142021_ST_E2_14x25",0.0102120329823859,0.0698349126723884,0.00167189129078214,0.000150635360411436,8.50166977382058e-05,0.161740792970134,0.0694672417319141,0.598502351404276,0.0883351248899696,"Human_Breast_Andersson_10142021_ST_E2"
"Human_Breast_Andersson_10142021_ST_E2_14x26",0.0561947920032485,0.0437956903537998,0.000515092869259911,4.28345798632605e-05,2.99123625240828e-05,0.101178847208077,0.0134918421826847,0.635610970284269,0.149140018156274,"Human_Breast_Andersson_10142021_ST_E2"
"Human_Breast_Andersson_10142021_ST_E2_14x27",0.0431962807250557,0.050345855773609,0.00714574569104319,0.000474487063729256,5.69786418199244e-05,0.196893807076607,0.0161031041283801,0.488094573071105,0.19768916782865,"Human_Breast_Andersson_10142021_ST_E2"
"Human_Breast_Andersson_10142021_ST_E2_14x28",0.0147232699122679,0.0401295883903089,0.00583208291742169,0.000192776820995605,0.00023983754308506,0.16618887330854,0.0197146149190825,0.67833385890862,0.0746450972796785,"Human_Breast_Andersson_10142021_ST_E2"
"Human_Breast_Andersson_10142021_ST_E2_14x29",0.0094464861921458,0.0363595590561509,0.00474869110128287,0.000121642102527912,2.78940151254354e-05,0.118443979083199,0.0224750255262571,0.673314127984779,0.135062594938531,"Human_Breast_Andersson_10142021_ST_E2"
"Human_Breast_Andersson_10142021_ST_E2_14x30",0.0386093307924588,0.0432518771864315,0.00261101441514299,9.64976510436935e-05,7.96719240918105e-05,0.0787709015743543,0.0142476340809923,0.776221129374458,0.0461119430010266,"Human_Breast_Andersson_10142021_ST_E2"
"Human_Breast_Andersson_10142021_ST_E2_14x8",0.0116603638297356,0.0116501842252268,0.00056101837395561,3.5987168819358e-05,1.62263826997858e-05,0.0633651276674771,0.0533032740695782,0.583183134056574,0.276224684225934,"Human_Breast_Andersson_10142021_ST_E2"
"Human_Breast_Andersson_10142021_ST_E2_14x9",0.0205570482799817,0.0235305725679563,0.000501821791039836,0.00116339691946095,0.000101462664660566,0.0892005000226268,0.0801630445344223,0.557139774069886,0.227642379149966,"Human_Breast_Andersson_10142021_ST_E2"
"Human_Breast_Andersson_10142021_ST_E2_15x10",0.0459550321097726,0.0276137973735085,0.0020068965364255,0.000263159508466481,4.46306018210501e-05,0.0686746037984099,0.0128340556503116,0.618225186321279,0.224382638100005,"Human_Breast_Andersson_10142021_ST_E2"
"Human_Breast_Andersson_10142021_ST_E2_15x11",0.0022542680827014,0.0303093323475623,0.00190134257773264,0.00090607983953903,0.000119357003701375,0.193675461080669,0.00846773362753129,0.686231820154818,0.0761346052857453,"Human_Breast_Andersson_10142021_ST_E2"
"Human_Breast_Andersson_10142021_ST_E2_15x12",0.00185833763214719,0.0481010044151794,0.00294642498725627,0.00089199056553579,7.26549491493737e-05,0.143466180514923,0.0117130622901257,0.735957806707104,0.0549925379385798,"Human_Breast_Andersson_10142021_ST_E2"
"Human_Breast_Andersson_10142021_ST_E2_15x13",0.00410458108404808,0.0315147822867844,0.00373573782981629,0.00019053995284938,0.000384116254610499,0.139340055690258,0.023070221105884,0.684602237643299,0.113057728152451,"Human_Breast_Andersson_10142021_ST_E2"
"Human_Breast_Andersson_10142021_ST_E2_15x14",0.0882778521505684,0.0170803348093033,0.00154221441560911,2.73275901438864e-06,1.39009318742504e-06,0.00658887384395749,0.00324074622787691,0.813324410033368,0.0699414456671153,"Human_Breast_Andersson_10142021_ST_E2"
"Human_Breast_Andersson_10142021_ST_E2_15x15",0.00168958280743971,0.0442530781927442,0.000578732799258164,0.000156655276712285,3.54572527974508e-05,0.0625650417107224,0.0506849242151915,0.716305235678265,0.123731292066869,"Human_Breast_Andersson_10142021_ST_E2"
"Human_Breast_Andersson_10142021_ST_E2_15x16",0.00548083657129863,0.0301931184775432,0.00192910950156695,0.000306190724253664,1.72866931643442e-05,0.162797047189634,0.00225907185231808,0.739219972308377,0.0577973666818443,"Human_Breast_Andersson_10142021_ST_E2"
"Human_Breast_Andersson_10142021_ST_E2_15x17",0.00106792619432842,0.0158648883888019,0.00111726236603098,0.000269271911203053,1.06609371631981e-05,0.110149698768664,0.0184511005858444,0.78955338048943,0.0635158103585347,"Human_Breast_Andersson_10142021_ST_E2"
"Human_Breast_Andersson_10142021_ST_E2_15x18",0.0132575233572571,0.0336158538374942,0.00382707194014603,1.25746914407395e-05,1.8598358720999e-05,0.0327352690472977,0.0039117123828411,0.875071763256972,0.0375496331278306,"Human_Breast_Andersson_10142021_ST_E2"
"Human_Breast_Andersson_10142021_ST_E2_15x19",0.00260126159014642,0.0323234941035131,0.00104615604158438,7.70859576759692e-05,2.08855126281591e-06,0.15918451335432,0.00658608936046215,0.741944211651782,0.0562350993892526,"Human_Breast_Andersson_10142021_ST_E2"
"Human_Breast_Andersson_10142021_ST_E2_15x20",0.00521035900245197,0.0572910594166466,0.00116461725240504,5.72724761701681e-05,8.53267684810271e-06,0.096920231395033,0.00781239990815266,0.786541915847462,0.0449936120248303,"Human_Breast_Andersson_10142021_ST_E2"
"Human_Breast_Andersson_10142021_ST_E2_15x21",0.00631090071806268,0.0473283125405297,0.00339238303951797,0.00103336884911601,3.79048543628907e-05,0.144812624481363,0.0338311202340103,0.693532427131458,0.0697209581515796,"Human_Breast_Andersson_10142021_ST_E2"
"Human_Breast_Andersson_10142021_ST_E2_15x22",0.0643949929390734,0.0782558804194721,0.0146650955767689,0.000163953160671945,2.52402995362587e-05,0.105344397084397,0.00200562350652274,0.566441205644204,0.168703611369354,"Human_Breast_Andersson_10142021_ST_E2"
"Human_Breast_Andersson_10142021_ST_E2_15x23",0.052169900038754,0.0418477800655123,0.00405195132954725,5.72901532124519e-06,4.52671340382141e-06,0.0826658532571006,0.0154028844614457,0.656812922860052,0.147038452258863,"Human_Breast_Andersson_10142021_ST_E2"
"Human_Breast_Andersson_10142021_ST_E2_15x24",0.0259859270444836,0.0517638830837814,0.0137910235987022,4.61854768744597e-05,1.30978044195928e-05,0.108708720621596,0.0151684771204256,0.675162038626693,0.109360646623024,"Human_Breast_Andersson_10142021_ST_E2"
"Human_Breast_Andersson_10142021_ST_E2_15x25",0.0317789265782032,0.0421738922653782,0.00172214906235375,0.000187701550520199,6.19794724655302e-05,0.0734767688713235,0.00856209359233558,0.716533002031792,0.125503486575628,"Human_Breast_Andersson_10142021_ST_E2"
"Human_Breast_Andersson_10142021_ST_E2_15x26",0.0900039940257956,0.0729025357274062,0.00168786255672378,8.02903902230565e-05,0.000132253943883742,0.149906710670213,0.027092604005715,0.451265954296605,0.206927794383434,"Human_Breast_Andersson_10142021_ST_E2"
"Human_Breast_Andersson_10142021_ST_E2_15x27",0.00106665361690602,0.0196982251481078,0.00202078140076948,4.31837128791319e-05,8.80823824568918e-06,0.171331161521457,0.0198762866548388,0.65142675040233,0.134528149304466,"Human_Breast_Andersson_10142021_ST_E2"
"Human_Breast_Andersson_10142021_ST_E2_15x28",0.0591324074595418,0.0408632518350954,0.0037575686428575,7.66381332387679e-05,2.05967366085436e-05,0.0929523402434106,0.015355402360176,0.711308173546252,0.0765336210428192,"Human_Breast_Andersson_10142021_ST_E2"
"Human_Breast_Andersson_10142021_ST_E2_15x29",0.051329872649675,0.0374033851929434,0.0122402009749467,0.000273114216109426,5.39060939558666e-05,0.114446088134027,0.017103522442625,0.659004484462508,0.108145425833209,"Human_Breast_Andersson_10142021_ST_E2"
"Human_Breast_Andersson_10142021_ST_E2_15x30",0.00687715208239735,0.0355420101874786,0.00278642244873899,4.77113150858336e-05,0.000188485967403699,0.176515708936164,0.0324028074536035,0.605402493227867,0.140237208381262,"Human_Breast_Andersson_10142021_ST_E2"
"Human_Breast_Andersson_10142021_ST_E2_15x31",0.0421819671195482,0.0477962492664031,0.00217415643303596,0.000715814981011684,0.000202941602780936,0.0947319697151139,0.0337014577538853,0.55903074203686,0.219464701091361,"Human_Breast_Andersson_10142021_ST_E2"
"Human_Breast_Andersson_10142021_ST_E2_15x9",0.0126517058028383,0.104107430542045,0.0130834899562757,6.31241934387873e-05,2.56331683095214e-05,0.0217856431272356,0.00180777630688073,0.842904586591222,0.00357061031175389,"Human_Breast_Andersson_10142021_ST_E2"
"Human_Breast_Andersson_10142021_ST_E2_16x10",0.00559183697172855,0.0136604749705753,0.00156531665991228,0.000433229423650038,7.40114473792559e-05,0.0648164865868838,0.0117610318475571,0.676216965153137,0.225880646939177,"Human_Breast_Andersson_10142021_ST_E2"
"Human_Breast_Andersson_10142021_ST_E2_16x11",0.0344956560294618,0.0532653517993805,0.00211343587305641,0.000346261923729758,0.000194100151822714,0.133580998091388,0.0064178195352718,0.695457427299092,0.0741289492967976,"Human_Breast_Andersson_10142021_ST_E2"
"Human_Breast_Andersson_10142021_ST_E2_16x12",0.013267134094299,0.0403414215558468,0.00105824248689339,0.000102587347120873,3.76912489720604e-05,0.0978136654479488,0.00465945676274687,0.816180361228906,0.0265394398272657,"Human_Breast_Andersson_10142021_ST_E2"
"Human_Breast_Andersson_10142021_ST_E2_16x13",0.0146697376270917,0.0255451306067635,0.00333762920583032,0.000303895679483952,0.000976485324352024,0.172348984170061,0.00650566132962758,0.708343774908257,0.0679687011485332,"Human_Breast_Andersson_10142021_ST_E2"
"Human_Breast_Andersson_10142021_ST_E2_16x14",0.0338703227321665,0.0465494087606816,0.000401785851553177,0.000600696210877217,0.000198961659351993,0.126463648229369,0.0170819816128809,0.700285437271753,0.0745477576713675,"Human_Breast_Andersson_10142021_ST_E2"
"Human_Breast_Andersson_10142021_ST_E2_16x15",0.0095764392856479,0.0314560534149352,0.000578062104417131,1.93777560602143e-05,5.6448782521956e-06,0.0364809192578607,0.0147989374155364,0.798083473510772,0.109001092376518,"Human_Breast_Andersson_10142021_ST_E2"
"Human_Breast_Andersson_10142021_ST_E2_16x16",0.0624110828344056,0.0229508693317473,0.00117447269593916,9.80683450988994e-05,2.56356741599338e-05,0.109229888741086,0.00114210888724058,0.723121347856651,0.0798465256336713,"Human_Breast_Andersson_10142021_ST_E2"
"Human_Breast_Andersson_10142021_ST_E2_16x17",0.0792791447934957,0.0630979076430046,0.00559443866440954,0.000247988068031957,4.761171835942e-05,0.0969499251720777,0.00555725987652402,0.59164978530488,0.157575938759217,"Human_Breast_Andersson_10142021_ST_E2"
"Human_Breast_Andersson_10142021_ST_E2_16x18",0.0110666732809802,0.0311685379614505,0.00219579016552426,2.96872569248254e-05,3.42295089662127e-06,0.117675193847549,0.00778487001162511,0.764070953106694,0.0660048714183558,"Human_Breast_Andersson_10142021_ST_E2"
"Human_Breast_Andersson_10142021_ST_E2_16x19",0.00312232108502205,0.0442721441827544,0.00180334859886053,0.00014936331082653,1.21202108088871e-05,0.189607603883639,0.0122866178379262,0.682922813299658,0.0658236675905038,"Human_Breast_Andersson_10142021_ST_E2"
"Human_Breast_Andersson_10142021_ST_E2_16x20",0.0250461656686392,0.017250711869511,0.00262713689528201,7.25850295799507e-05,6.32865138109291e-06,0.124816980197083,0.00451817780798985,0.773851088136365,0.0518108257441693,"Human_Breast_Andersson_10142021_ST_E2"
"Human_Breast_Andersson_10142021_ST_E2_16x21",0.0352346385449021,0.0341909537561846,0.00160664498900599,2.46321629034805e-05,4.06545275160518e-06,0.118462622694277,0.0195932986846504,0.710698473427236,0.0801846702880893,"Human_Breast_Andersson_10142021_ST_E2"
"Human_Breast_Andersson_10142021_ST_E2_16x22",0.0119749164804765,0.0399426978250472,0.00105365889183766,3.02693107440861e-05,5.53350560443849e-06,0.0730632208963172,0.00278524420960856,0.815173304284615,0.0559711545957494,"Human_Breast_Andersson_10142021_ST_E2"
