"","Endothelial","CAFs","PVL","B-cells","T-cells","Myeloid","Normal Epithelial","Plasmablasts","Cancer Epithelial","sid"
"GSE210616_GSM6433599_AAACAAGTATCTCCCA-1",0.0800668240662131,0.0736416904269235,0.0202536127300245,0.198495691428635,0.151235564670436,0.128322539963073,0.223953094404408,0.00120036898008621,0.122830613330201,"GSE210616_GSM6433599"
"GSE210616_GSM6433599_AAACACCAATAACTGC-1",0.111025368181126,0.112651665113577,0.0345165611353933,0.124809840426846,0.0978062147467207,0.179700013674618,0.196958650032854,0.00682616440919882,0.135705522279665,"GSE210616_GSM6433599"
"GSE210616_GSM6433599_AAACATTTCCCGGATT-1",0.0616549268516538,0.0631643294619379,0.0123086176433427,0.107753024982557,0.128704926085568,0.167290680433351,0.356063558779742,0.000336909358766254,0.102723026403082,"GSE210616_GSM6433599"
"GSE210616_GSM6433599_AAACCCGAACGAAATC-1",0.0707262034556291,0.080420647552507,0.0107488357759036,0.196296646004292,0.112604403460987,0.1512466252284,0.270817383928419,0.0016713874640212,0.105467867129841,"GSE210616_GSM6433599"
"GSE210616_GSM6433599_AAACCGTTCGTCCAGG-1",0.0791843274050345,0.190267367887783,0.01134426255452,0.0324707907912303,0.112816106962245,0.216191122103568,0.27071557042292,0.000339608285992969,0.0866708435867054,"GSE210616_GSM6433599"
"GSE210616_GSM6433599_AAACCTAAGCAGCCGG-1",0.0890607230404655,0.0864583465749283,0.00974276479830293,0.148574254250821,0.111529427829717,0.150664920396251,0.320699400371666,0.000692124875162644,0.0825780378626863,"GSE210616_GSM6433599"
"GSE210616_GSM6433599_AAACGAGACGGTTGAT-1",0.0585663904970666,0.104121071659585,0.0154851009851793,0.130916227547668,0.152944301443635,0.179262200619911,0.260898727077728,0.00168357603096695,0.0961224041382606,"GSE210616_GSM6433599"
"GSE210616_GSM6433599_AAACGGGCGTACGGGT-1",0.0530923030761963,0.0649314183800695,0.00409279277772521,0.107482252446899,0.0907187522471124,0.151484575417699,0.467964322567788,0.000536009901955517,0.0596975731845544,"GSE210616_GSM6433599"
"GSE210616_GSM6433599_AAACGGTTGCGAACTG-1",0.00926917132647826,0.308410092006646,0.0348693012975672,0.00022423559115618,0.000204633262139946,0.529551276510047,0.0895980630302512,0.000325777171211768,0.0275474498045018,"GSE210616_GSM6433599"
"GSE210616_GSM6433599_AAACTCGGTTCGCAAT-1",0.0519741947935518,0.311866702357343,0.0261648338759441,0.0270433220260805,0.0590474772291088,0.2376023138159,0.209607217978013,0.0108145864603883,0.0658793514636698,"GSE210616_GSM6433599"
"GSE210616_GSM6433599_AAACTCGTGATATAAG-1",0.088119464410836,0.254250318097304,0.0298941785068011,0.0226499315889028,0.056995957774824,0.2152897777113,0.227012459760328,0.00463355359683817,0.101154358552866,"GSE210616_GSM6433599"
"GSE210616_GSM6433599_AAACTGCTGGCTCCAA-1",0.0632438019787223,0.0516978087818289,0.00477934561673203,0.0687409435866332,0.120430008533494,0.175125141011718,0.452589682575426,0.000700616452273313,0.0626926514631733,"GSE210616_GSM6433599"
"GSE210616_GSM6433599_AAAGGCCCTATAATAC-1",0.0618708346453208,0.069222349714802,0.0090412605019702,0.194934479535459,0.083356995526556,0.144815624365736,0.363463984222743,0.00210946128446004,0.0711850102029538,"GSE210616_GSM6433599"
"GSE210616_GSM6433599_AAAGGCTACGGACCAT-1",0.0862813585044938,0.105253444172903,0.020650720838449,0.179507157270424,0.109996790955734,0.153976296509302,0.288710031961695,0.00484089414481936,0.0507833056421792,"GSE210616_GSM6433599"
"GSE210616_GSM6433599_AAAGGCTCTCGCGCCG-1",0.128503448213123,0.132716677329962,0.0286613688614393,0.0488397733320094,0.0823800091425646,0.19076156845301,0.309932063402715,0.00398212694672286,0.0742229643184541,"GSE210616_GSM6433599"
"GSE210616_GSM6433599_AAAGTAGCATTGCTCA-1",0.0790283803292304,0.0728503570655929,0.00822039362400121,0.13213821347631,0.143313193924236,0.144769516167215,0.347156446544478,0.000545833610681326,0.071977665258255,"GSE210616_GSM6433599"
"GSE210616_GSM6433599_AAAGTGTGATTTATCT-1",0.122645171659873,0.0867380994751542,0.0230352529171278,0.0657220967975362,0.0982934566321758,0.197939506136186,0.30063593639367,0.001352832520078,0.103637647468199,"GSE210616_GSM6433599"
"GSE210616_GSM6433599_AAAGTTGACTCCCGTA-1",0.11960416961657,0.0928355984215356,0.0273547029759726,0.10670633372231,0.0990555159258308,0.16222354003817,0.293356968302589,0.00217639770410068,0.0966867732929214,"GSE210616_GSM6433599"
"GSE210616_GSM6433599_AAATAAGGTAGTGCCC-1",0.0799135166719058,0.1075015474909,0.0252287444260237,0.0943123234980964,0.124019484602695,0.180275527977654,0.290162269349641,0.00108225239620784,0.0975043335868758,"GSE210616_GSM6433599"
"GSE210616_GSM6433599_AAATACCTATAAGCAT-1",0.0666563187775978,0.0687866501669004,0.00831975258626233,0.124792317969877,0.12761868887156,0.150216386301089,0.386988148433841,0.000556878105837072,0.0660648587870356,"GSE210616_GSM6433599"
"GSE210616_GSM6433599_AAATAGCTTAGACTTT-1",0.0743679891830882,0.0699503863658352,0.00810521745094662,0.147159416038386,0.139361076190419,0.134400917446819,0.345253497760603,0.00121560420306114,0.080185895360842,"GSE210616_GSM6433599"
"GSE210616_GSM6433599_AAATAGGGTGCTATTG-1",0.0602805595993883,0.0864918565438536,0.00847492321809556,0.0681794388056319,0.157812963803497,0.161404370796506,0.380647822040503,0.00174794510383809,0.0749601200886864,"GSE210616_GSM6433599"
"GSE210616_GSM6433599_AAATCCGATACACGCC-1",0.0788226177452427,0.0775881286308187,0.0116238264844756,0.0909159198251148,0.105318338233839,0.16827480708023,0.389210513554709,0.000770904075043205,0.0774749443705261,"GSE210616_GSM6433599"
"GSE210616_GSM6433599_AAATCGTGTACCACAA-1",0.0705992827609909,0.0782985557147456,0.0168715003092346,0.254725467135527,0.107942237834874,0.0945462569904804,0.282519147357891,0.000695184470459537,0.0938023674257969,"GSE210616_GSM6433599"
"GSE210616_GSM6433599_AAATCTAGCCCTGCTA-1",0.066507761185079,0.082361926164543,0.0164467361179944,0.0771861726167383,0.109452482567432,0.184076372762248,0.369570221822696,0.00179823482382523,0.0926000919394439,"GSE210616_GSM6433599"
"GSE210616_GSM6433599_AAATGATTCGATCAGC-1",0.116401784224572,0.166212905430451,0.0259668046919807,0.00707878052812394,0.0342245836236444,0.251406834459297,0.311555755468378,0.00064734382678648,0.086505207746767,"GSE210616_GSM6433599"
"GSE210616_GSM6433599_AAATGGCCCGTGCCCT-1",0.0703036341722745,0.0821590613119475,0.0260858288487701,0.226009557637169,0.148257982846617,0.149305841963498,0.144020061756234,0.000611839274954186,0.153246192188536,"GSE210616_GSM6433599"
"GSE210616_GSM6433599_AAATTAACGGGTAGCT-1",0.0951705030242014,0.0724857056738159,0.014303463849459,0.210741274676972,0.106821045754889,0.0949916012935716,0.295960052976391,0.000869631817704986,0.108656720932994,"GSE210616_GSM6433599"
"GSE210616_GSM6433599_AAATTACCTATCGATG-1",0.04123011640479,0.270202653888301,0.0729431151478514,0.0666102882895182,0.0814395445110478,0.149693103871578,0.262849949162362,0.00330894258647213,0.0517222861380791,"GSE210616_GSM6433599"
"GSE210616_GSM6433599_AAATTCCAGGTCCAAA-1",0.0539295970245156,0.0833957437626434,0.0170815420166134,0.148295409356521,0.0975158528771464,0.160817702377938,0.362720899747328,0.00078595261666547,0.0754573002206282,"GSE210616_GSM6433599"
"GSE210616_GSM6433599_AAATTTGCGGGTGTGG-1",0.113135784699391,0.0693617353964254,0.0120646189621037,0.0761301532751194,0.110178183973148,0.208475757935492,0.284836500721881,0.00108102101072787,0.124736244025712,"GSE210616_GSM6433599"
"GSE210616_GSM6433599_AACAATACATTGTCGA-1",0.0747698840083534,0.0771693585600146,0.0378566317269934,0.12038888239424,0.154788410627627,0.137601895743142,0.333923942820291,0.00199723114194085,0.0615037629773972,"GSE210616_GSM6433599"
"GSE210616_GSM6433599_AACACACGCTCGCCGC-1",0.0575065161523351,0.0775705852616432,0.00956236441040497,0.143360489378402,0.143740490588511,0.156580026025284,0.294393209920768,0.00101157434546701,0.116274743917185,"GSE210616_GSM6433599"
"GSE210616_GSM6433599_AACAGCTGTGTGGCAA-1",0.108073959449356,0.096878620561462,0.0145776399689064,0.062830762212279,0.126183731872656,0.133938520019007,0.417049750708286,0.00173972658761038,0.0387272886204366,"GSE210616_GSM6433599"
"GSE210616_GSM6433599_AACAGGTAGTATGGAT-1",0.0719402789352628,0.178415005906547,0.0655987201724393,0.0446015820612778,0.0675095634237616,0.191263815219794,0.292032709516858,0.000714507002282774,0.0879238177617774,"GSE210616_GSM6433599"
"GSE210616_GSM6433599_AACATATCAACTGGTG-1",0.0298190135565402,0.384335845883145,0.0888756678746811,0.0193925596415289,0.0488906596053472,0.153182869378518,0.230243652442115,0.00224101242494738,0.0430187191931769,"GSE210616_GSM6433599"
"GSE210616_GSM6433599_AACATTGAAGTTGATC-1",0.055580528376171,0.0494551348599917,0.0110988781961016,0.21219422528004,0.186506452694698,0.1205795510916,0.287812396914464,0.000311339793371763,0.0764614927935618,"GSE210616_GSM6433599"
"GSE210616_GSM6433599_AACATTGTGACTCGAG-1",0.0389119783490678,0.260072425217193,0.0251720002892849,0.0991681571836392,0.0652035315124319,0.185672943599161,0.225866959136233,0.0338388039622406,0.0660932007507494,"GSE210616_GSM6433599"
"GSE210616_GSM6433599_AACCCATCCCATGATC-1",0.0653996952219076,0.0946665098774927,0.0254495337817446,0.17624964328733,0.147473683155741,0.178765315502752,0.167892111854913,0.0142487425276875,0.129854764790431,"GSE210616_GSM6433599"
"GSE210616_GSM6433599_AACCCGACAACCCGTG-1",0.0800767284142881,0.105577138845458,0.0159763190024125,0.0907941188444857,0.142496059812756,0.151137693159425,0.307848878114489,0.00113452065579867,0.104958543150887,"GSE210616_GSM6433599"
"GSE210616_GSM6433599_AACCCTACTGTCAATA-1",0.108136710663778,0.0955355047097271,0.0238290134258677,0.0273077737872099,0.0468749945189647,0.224267160855643,0.35601032056313,0.000378067362218341,0.117660454113461,"GSE210616_GSM6433599"
"GSE210616_GSM6433599_AACCGCTAAGGGATGC-1",0.128665481612796,0.106984385848432,0.0164759583941758,0.0254574189878976,0.0432833339067737,0.192336066096507,0.399222070886261,0.000634579876712105,0.0869407043904452,"GSE210616_GSM6433599"
"GSE210616_GSM6433599_AACCTCGCTTTAGCCC-1",0.0559606114052357,0.0822648486055361,0.00747650694473839,0.114854094438314,0.104099039524693,0.154455224595121,0.41850141488526,0.0015801800223439,0.0608080795787579,"GSE210616_GSM6433599"
"GSE210616_GSM6433599_AACCTTTAAATACGGT-1",0.0986042324200288,0.170003318256796,0.103914783853523,0.0875658551509824,0.0699961751705713,0.17509217640016,0.192900578141553,0.00520584291771738,0.0967170376886679,"GSE210616_GSM6433599"
"GSE210616_GSM6433599_AACGAAAGTCGTCCCA-1",0.0896819804291384,0.191167854952619,0.0373441688827529,0.0242558024078019,0.0613977900454962,0.206110456792581,0.294784298292585,0.000729555055481391,0.0945280931415441,"GSE210616_GSM6433599"
"GSE210616_GSM6433599_AACGATAATGCCGTAG-1",0.0722935779561083,0.0753518628832716,0.0156314671789684,0.206524397595848,0.116310731726511,0.109743099176473,0.324784219226197,0.00105737287311628,0.0783032713835069,"GSE210616_GSM6433599"
"GSE210616_GSM6433599_AACGCATGATCTGGGT-1",0.0539281805239952,0.255920588285228,0.0504112334201602,0.0349346765076018,0.0352557122398124,0.244414350928071,0.242031611570213,0.00121834153506056,0.0818853049898575,"GSE210616_GSM6433599"
"GSE210616_GSM6433599_AACGCGACCTTGGGCG-1",0.058318713992104,0.181233590477484,0.031125233234912,0.13259484334816,0.143749197669595,0.178402644574019,0.190311576533013,0.00142740202459369,0.0828367981461196,"GSE210616_GSM6433599"
"GSE210616_GSM6433599_AACGCTGTTGCTGAAA-1",0.0856851522804101,0.0910286506524564,0.0254651086360705,0.136770873710159,0.101784977915206,0.172620775539196,0.289268537906386,0.00169791580681604,0.0956780075532995,"GSE210616_GSM6433599"
"GSE210616_GSM6433599_AACGGACGTACGTATA-1",0.0853929458877989,0.0806296765000391,0.0148635667921126,0.110101687555978,0.121690763401607,0.161930333479848,0.329717449272376,0.00110131113848673,0.0945722659717537,"GSE210616_GSM6433599"
"GSE210616_GSM6433599_AACGGCCATCTCCGGT-1",0.0644098150635959,0.0633420605188389,0.0104210625123793,0.116305728263471,0.119171527731845,0.146598837749381,0.403405048472828,0.000667702302239812,0.075678217385421,"GSE210616_GSM6433599"
"GSE210616_GSM6433599_AACGTACTGTGGGTAC-1",0.0779472880925643,0.0918676216150852,0.0155687728354315,0.0900128998729194,0.127573364392003,0.160393817923349,0.363961227194303,0.00149611380626161,0.0711788942680835,"GSE210616_GSM6433599"
"GSE210616_GSM6433599_AACGTCATCCGGCTTG-1",0.0691707635902376,0.063870620721668,0.0113645235869615,0.221516642775172,0.14262351054347,0.106142746870122,0.30074600222943,0.000908205268614897,0.0836569844143244,"GSE210616_GSM6433599"
"GSE210616_GSM6433599_AACGTGCGAAAGTCTC-1",0.0605808830058021,0.0774574077471198,0.0100216447777019,0.10061134562057,0.134256311607393,0.149764048114912,0.380418160527363,0.000835702068623509,0.0860544965305142,"GSE210616_GSM6433599"
"GSE210616_GSM6433599_AACTACCCGTTTGTCA-1",0.0870925890805843,0.0920757531420868,0.0105226926093107,0.061337301850618,0.0670631084475513,0.201683131505412,0.389367240189289,0.00223107362655492,0.0886271095485939,"GSE210616_GSM6433599"
"GSE210616_GSM6433599_AACTAGGCTTGGGTGT-1",0.0795877060016661,0.209762249513331,0.0566219712266159,0.0277396346050915,0.0710461250682013,0.208084333786025,0.25996319432499,0.00174731562424351,0.0854474698498353,"GSE210616_GSM6433599"
"GSE210616_GSM6433599_AACTCAAGTTAATTGC-1",0.061192890697294,0.0484273359976024,0.00821002566119616,0.252395326879929,0.145088346524567,0.126507880245448,0.290390235024433,0.000829336813953655,0.0669586221555766,"GSE210616_GSM6433599"
"GSE210616_GSM6433599_AACTCCAGAGCGTGTT-1",0.0779051614068305,0.0590827914274365,0.0121124522228315,0.220257956750591,0.153589777799837,0.112745122454356,0.266874566952343,0.00119077844418027,0.0962413925415935,"GSE210616_GSM6433599"
"GSE210616_GSM6433599_AACTCTCAATAGAGCG-1",0.0914892431024192,0.122948763509977,0.0272614858649896,0.0532895285622817,0.0987050778772702,0.213711107415568,0.250412663713759,0.00515573118440958,0.137026398769326,"GSE210616_GSM6433599"
"GSE210616_GSM6433599_AACTCTCAGTGTGCTC-1",0.063055307594409,0.123964745632882,0.0281981339361126,0.0426987406490844,0.10855017116414,0.23486058775665,0.317677185951757,0.00244783452048264,0.0785472927944831,"GSE210616_GSM6433599"
"GSE210616_GSM6433599_AAGACCAAATAACTCA-1",0.122252903180198,0.0873412646373567,0.0143549177813359,0.0573919716069355,0.0963436619922996,0.189026778990453,0.334100923687468,0.000638864108109678,0.0985487140158436,"GSE210616_GSM6433599"
"GSE210616_GSM6433599_AAGACCCAACTGAACA-1",0.0894666558043027,0.108848444549457,0.0305490721948466,0.135726397079103,0.0859779635630337,0.168079430431304,0.320146307108775,0.00384618783785926,0.0573595414313181,"GSE210616_GSM6433599"
"GSE210616_GSM6433599_AAGACTGCAAGCTACT-1",0.0935151981921052,0.0907025174936579,0.0117423113609271,0.0813236712333516,0.110226106383898,0.147967233831015,0.379876910324838,0.0021639212690388,0.082482129911169,"GSE210616_GSM6433599"
"GSE210616_GSM6433599_AAGAGCTCTTTATCGG-1",0.0679063530065291,0.0839190686449415,0.0129717494099746,0.267497344569616,0.11102065986255,0.119445287714163,0.211546080146776,0.00202499702072525,0.123668459624725,"GSE210616_GSM6433599"
"GSE210616_GSM6433599_AAGAGGCATGGATCGC-1",0.0948538471686682,0.0831301370723627,0.016341820837311,0.115631489734892,0.124911017487516,0.15449590786123,0.272793723086124,0.00248302609369105,0.135359030658205,"GSE210616_GSM6433599"
"GSE210616_GSM6433599_AAGAGGCCCTTTGGAA-1",0.0516719700831354,0.0717573915753628,0.0129085505211758,0.184741706009319,0.129941633098363,0.128267896696701,0.359005954393359,0.00100127593018365,0.0607036216923998,"GSE210616_GSM6433599"
"GSE210616_GSM6433599_AAGATGGCACCGGACC-1",0.0732277067902881,0.0654634571460661,0.0209593548838258,0.1633207149843,0.142352654248165,0.15931781444599,0.292747752434498,0.000229683330564004,0.0823808617363021,"GSE210616_GSM6433599"
"GSE210616_GSM6433599_AAGATTGGCGGAACGT-1",0.0609065619654088,0.183295864945852,0.0466819496033339,0.0448973484675182,0.0839880761177184,0.187234992572299,0.309835845929363,0.000607644309485931,0.0825517160890212,"GSE210616_GSM6433599"
"GSE210616_GSM6433599_AAGCACCCTGCGTATC-1",0.0829808388657586,0.0833092909391985,0.016464782072819,0.150218517953946,0.106411328812108,0.156007349543329,0.316174627156999,0.000650264772475704,0.0877829998833659,"GSE210616_GSM6433599"
"GSE210616_GSM6433599_AAGCATACTCTCCTGA-1",0.0862797571663752,0.0912818344185955,0.014055088528794,0.105112197926262,0.100986842155288,0.145813844132842,0.366057045722466,0.00201889425770183,0.0883944956916754,"GSE210616_GSM6433599"
"GSE210616_GSM6433599_AAGCCGAAGCGGTTTA-1",0.142620794232034,0.183319832237819,0.161860962810184,0.0376657774858137,0.0762450663556516,0.189164260354628,0.146075895510024,0.00440773213192111,0.0586396788819252,"GSE210616_GSM6433599"
"GSE210616_GSM6433599_AAGCCGCCGTGAAATC-1",0.0576871784774392,0.0622265298778153,0.00880461193885907,0.138670456756478,0.164509586333404,0.137592514385538,0.345662313286569,0.00131081253797809,0.0835359964059201,"GSE210616_GSM6433599"
"GSE210616_GSM6433599_AAGCGCAGGGCTTTGA-1",0.0839802315159204,0.18613193211044,0.0405312824061643,0.0889603221638064,0.0740739394444121,0.189215765037797,0.270003974659121,0.000430244575153774,0.0666723080871847,"GSE210616_GSM6433599"
"GSE210616_GSM6433599_AAGCGTCCCTCATCGA-1",0.10354700670812,0.0893260601172302,0.00370104718449568,0.0157970037783041,0.0193858770968203,0.16418530068708,0.525570834829617,0.00048499674795828,0.0780018728503745,"GSE210616_GSM6433599"
"GSE210616_GSM6433599_AAGCTAGATCGAGTAA-1",0.0578748762075451,0.0758242200950898,0.0059081386306702,0.114697279895405,0.127062963589669,0.161690366060473,0.372049210182782,0.000775852079507342,0.0841170932588591,"GSE210616_GSM6433599"
"GSE210616_GSM6433599_AAGCTCGTGCCAAGTC-1",0.095362333594057,0.110737934389842,0.0397263500766806,0.0815085112925673,0.098419194861753,0.170864312250558,0.334213610763538,0.00307247055763723,0.0660952822133674,"GSE210616_GSM6433599"
"GSE210616_GSM6433599_AAGCTCTTTCATGGTG-1",0.0584642488094527,0.110812757083558,0.0196984983106123,0.0775615801429142,0.132135027898187,0.176210684692127,0.304574250003608,0.009441494411092,0.111101458648449,"GSE210616_GSM6433599"
"GSE210616_GSM6433599_AAGGATCGATCGCTTG-1",0.0862624524706582,0.0769945617820848,0.0154671889699555,0.105567535599993,0.11644477179856,0.145857196474103,0.359020125350218,0.000988036774207423,0.0933981307802193,"GSE210616_GSM6433599"
"GSE210616_GSM6433599_AAGGATGAGGGACCTC-1",0.0711980627629369,0.128583471253693,0.0237140739095144,0.130752743700887,0.133708618502864,0.144683029768058,0.283774050010327,0.00249042492317674,0.0810955251685419,"GSE210616_GSM6433599"
"GSE210616_GSM6433599_AAGGGAACGACTGGCT-1",0.106103982302098,0.0980753539835704,0.00807455127771392,0.0121151108606767,0.0213443718973949,0.180507060844835,0.506406373597319,0.00109606279660361,0.0662771324397886,"GSE210616_GSM6433599"
"GSE210616_GSM6433599_AAGGGACAGATTCTGT-1",0.0983760945231617,0.212083448663347,0.0998692094300728,0.0607208474727469,0.0770223838038005,0.150237392468528,0.210340324861111,0.0172361346347989,0.0741141641424332,"GSE210616_GSM6433599"
"GSE210616_GSM6433599_AAGGGACTATGCATTC-1",0.0756167785575149,0.110016547764828,0.00613278520215858,0.0758343199120123,0.0874729536880816,0.185954106086887,0.399081096746847,0.00302931434621585,0.0568620976954542,"GSE210616_GSM6433599"
"GSE210616_GSM6433599_AAGGTGATAAACCAGC-1",0.111775012858274,0.104765988857927,0.0195969212278269,0.0717295130397555,0.0856359279666374,0.170682224594009,0.341046525979859,0.00217041162213041,0.092597473853581,"GSE210616_GSM6433599"
"GSE210616_GSM6433599_AAGTCAATTGTCGTCA-1",0.0853407770438141,0.0748279315107251,0.0109260836448151,0.155380255423889,0.100182582013474,0.148260788543233,0.332910508444921,0.000723403840924933,0.0914476695342041,"GSE210616_GSM6433599"
"GSE210616_GSM6433599_AAGTGAGTCGGGTTTA-1",0.0672216698467313,0.13973296640534,0.0185482833428393,0.155363601654876,0.118621126019757,0.160666902459756,0.260126748376958,0.00438925137131501,0.0753294505224272,"GSE210616_GSM6433599"
"GSE210616_GSM6433599_AAGTGCCTTGACTGTA-1",0.085462876748307,0.0918833096366446,0.0253885900008429,0.12559119711577,0.120364684405394,0.145328648078068,0.332380644650677,0.000563121669944871,0.0730369276943515,"GSE210616_GSM6433599"
"GSE210616_GSM6433599_AAGTGCGTTAGAATCT-1",0.100039796400912,0.0882525668617663,0.0152705201698976,0.120404963652074,0.10432809013701,0.152378725645968,0.335421398158931,0.00027551535843728,0.0836284236150034,"GSE210616_GSM6433599"
"GSE210616_GSM6433599_AAGTGCTTCTCTATTG-1",0.0880453550006046,0.0763403329163294,0.0376566213420368,0.128603294222242,0.117819128269823,0.161496522700668,0.30524200202785,0.000791708327269158,0.0840050351931763,"GSE210616_GSM6433599"
"GSE210616_GSM6433599_AAGTGTTTGGAGACGG-1",0.0688321637835623,0.0836666284498011,0.013486034062388,0.0907594727388157,0.0724223016468352,0.208779217587074,0.344161696243224,0.00187778060277842,0.116014704885522,"GSE210616_GSM6433599"
"GSE210616_GSM6433599_AAGTTCACTCCAAGCT-1",0.0796955364343344,0.119202036667168,0.0165950076975286,0.155098957504604,0.108355902318121,0.165636463984323,0.261739667129531,0.00244155414583541,0.0912348741185548,"GSE210616_GSM6433599"
"GSE210616_GSM6433599_AAGTTCGGCCAACAGG-1",0.0906581422587037,0.0651702331120766,0.00904789796132674,0.075245067350868,0.147209217184392,0.130273078412133,0.378697338986394,0.000425993920087339,0.103273030814019,"GSE210616_GSM6433599"
"GSE210616_GSM6433599_AAGTTTATGGGCCCAA-1",0.111480968596674,0.178639172562542,0.0483263209966169,0.0278370471047284,0.0584943980517172,0.182401078135346,0.325360545729437,0.00890671743392019,0.0585537513890176,"GSE210616_GSM6433599"
"GSE210616_GSM6433599_AATAACACTAGAACAA-1",0.093698575147301,0.111966424317075,0.0125599248191762,0.0377931435168738,0.111473490809133,0.198830439522234,0.342472663212561,0.00210313468625321,0.0891022039693938,"GSE210616_GSM6433599"
"GSE210616_GSM6433599_AATAGAACAGAGTGGC-1",0.0760592753536463,0.0923170313119615,0.004662084250507,0.117316789225557,0.102023898780835,0.130858798134982,0.404558338566002,0.00119552704069639,0.0710082573358121,"GSE210616_GSM6433599"
"GSE210616_GSM6433599_AATAGAATCTGTTTCA-1",0.0808758539369327,0.0980116383422899,0.0292749374103261,0.117610989761774,0.107433003024046,0.191772612083831,0.30634632688485,0.00146328669743456,0.0672113518585155,"GSE210616_GSM6433599"
"GSE210616_GSM6433599_AATAGCTACCGCGTGC-1",0.158609506886491,0.233811227287354,0.138808872612401,0.0258281440244819,0.05171418036693,0.177437725988369,0.147373777718781,0.00466202855027845,0.0617545365649139,"GSE210616_GSM6433599"
"GSE210616_GSM6433599_AATAGTCCGTCCCGAC-1",0.134150607679905,0.26165481553453,0.220324760450307,0.060144848513629,0.0470443101166445,0.120133311378445,0.103597443291021,0.00339208609777368,0.0495578169377451,"GSE210616_GSM6433599"
"GSE210616_GSM6433599_AATATCGAATCAATGC-1",0.0787741895232623,0.145773985535696,0.0184525237141244,0.0865057997122616,0.113777174540244,0.182135369801067,0.272998968261452,0.00274681994366701,0.0988351689682255,"GSE210616_GSM6433599"
"GSE210616_GSM6433599_AATATCGAGGGTTCTC-1",0.0325701323715011,0.409980920306095,0.0838832212800815,0.0404124447679663,0.0607747910082787,0.134146090969992,0.195149196747015,0.0033756177784409,0.0397075847706288,"GSE210616_GSM6433599"
"GSE210616_GSM6433599_AATCAGGTTTCATTTA-1",0.0655422223402808,0.0856079547583791,0.00869791277375057,0.154240401496433,0.127731282217115,0.122205420645873,0.359097943732392,0.00098959093948078,0.0758872710962961,"GSE210616_GSM6433599"
"GSE210616_GSM6433599_AATCATGTAAAGACTC-1",0.057135606942283,0.0705638847248952,0.0118746118120916,0.145442586548324,0.126135926661905,0.143835732241347,0.368413778029627,0.000591862784821479,0.0760060102547059,"GSE210616_GSM6433599"
"GSE210616_GSM6433599_AATCGCCTCAGCGCCA-1",0.0761445186514584,0.0711511028266491,0.0128119441246534,0.18213158609355,0.11176236777321,0.144242137242637,0.285711655319874,0.00196977383053096,0.114074914137437,"GSE210616_GSM6433599"
"GSE210616_GSM6433599_AATCGCGCAGAGGACT-1",0.0653923819586538,0.064459354075834,0.00793576953635637,0.181497205167768,0.113521113895294,0.128493605962872,0.390543245634731,0.00166310638625937,0.0464942173822308,"GSE210616_GSM6433599"
"GSE210616_GSM6433599_AATCGTGAGCCGAGCA-1",0.106520979578779,0.0905053915766797,0.0192168246080273,0.0525019175961318,0.110770441817033,0.181488098685727,0.366940237419483,0.00115742043668781,0.0708986882814516,"GSE210616_GSM6433599"
"GSE210616_GSM6433599_AATCTAGGTTTACTTG-1",0.0623371330412288,0.0661914600828522,0.0138202763885718,0.293306799570776,0.119519385303425,0.118565678757091,0.253904745990735,0.000783079755280797,0.0715714411100395,"GSE210616_GSM6433599"
"GSE210616_GSM6433599_AATCTATGCCGGAGCC-1",0.0528371391882343,0.28025709808728,0.0601383318658314,0.013549282161232,0.0303590013547634,0.212817614578227,0.287391276157553,0.00056403621870729,0.0620862203881718,"GSE210616_GSM6433599"
"GSE210616_GSM6433599_AATCTGCGTTGGGACG-1",0.0562433069801214,0.279095359869761,0.0505947663411677,0.0609163732193382,0.0516139708359528,0.203175531688537,0.233896671629889,0.0104226088027142,0.0540414106325185,"GSE210616_GSM6433599"
"GSE210616_GSM6433599_AATCTGGCTTTCTAGT-1",0.114207458709961,0.102921291357605,0.0185366776609363,0.167957203704523,0.14761669130071,0.146720677160007,0.223415490809332,0.00589150255584713,0.0727330067410777,"GSE210616_GSM6433599"
"GSE210616_GSM6433599_AATGACAGCAATGTCT-1",0.0647421683370398,0.0610528092668696,0.0141759345387832,0.189067772272662,0.132329860466664,0.165771547708953,0.269386439129946,0.00140138563342216,0.10207208264566,"GSE210616_GSM6433599"
"GSE210616_GSM6433599_AATGACGTAGGATGTC-1",0.0719701429164104,0.0814641044984551,0.0121956400061157,0.0857777717899815,0.111986998229731,0.169271156838686,0.390149962736511,0.00270186281191897,0.074482360172191,"GSE210616_GSM6433599"
"GSE210616_GSM6433599_AATGATGATACGCTAT-1",0.0735389896656992,0.0764857361646024,0.00957807882127193,0.13836645695696,0.110976476687865,0.15239125597292,0.338916298528855,0.00125729211745105,0.098489415084376,"GSE210616_GSM6433599"
"GSE210616_GSM6433599_AATGATGCGACTCCTG-1",0.0398391728903926,0.37792297041021,0.0326674419320024,0.0268276925566584,0.0188224504049099,0.226661146270217,0.218908078825051,0.00158915831395054,0.0567618883966083,"GSE210616_GSM6433599"
"GSE210616_GSM6433599_AATGTGCCCGAGGTGT-1",0.0713847326124317,0.0964461172418439,0.00927500177038549,0.101206332787548,0.0937861545559573,0.1911471133024,0.348605253200893,0.000752840460697908,0.0873964540678433,"GSE210616_GSM6433599"
"GSE210616_GSM6433599_AATGTGCTAATCTGAG-1",0.110054539876468,0.129791796390489,0.037044067962814,0.170414936120851,0.0684317346395649,0.131608198337431,0.218474252087491,0.000637121637332536,0.133543352947558,"GSE210616_GSM6433599"
"GSE210616_GSM6433599_AATTAAAGGTCGGCGT-1",0.0753826674446056,0.087749933925906,0.0118162154507065,0.0951092712211404,0.100201084421969,0.162933593186344,0.374125002339878,0.00745609808600424,0.0852261339234462,"GSE210616_GSM6433599"
"GSE210616_GSM6433599_AATTAACGGATTTCCA-1",0.0723936896339843,0.0856456841291758,0.0137013478215986,0.0714642694391946,0.0994767822035837,0.18199331938909,0.389704875910188,0.000607239148470556,0.0850127923247137,"GSE210616_GSM6433599"
"GSE210616_GSM6433599_AATTAGCGCTGCAGCG-1",0.0397697051072116,0.0592428633225544,0.00276807469930278,0.0573680271353616,0.114090636444678,0.189371745095685,0.471930744386125,0.000595586354720115,0.064862617454362,"GSE210616_GSM6433599"
"GSE210616_GSM6433599_AATTCATAAGGGATCT-1",0.080709852331263,0.069474932661696,0.0137377247578395,0.139503863901999,0.100729710955454,0.162353006625429,0.281447868718615,0.000320545953843015,0.151722494093861,"GSE210616_GSM6433599"
"GSE210616_GSM6433599_AATTCCAAGCATGTAC-1",0.0584738991030671,0.246758695093988,0.0481087406187448,0.0233324060998022,0.0335555515727255,0.277971595645096,0.234957789178585,0.00548319774401905,0.0713581249439724,"GSE210616_GSM6433599"
"GSE210616_GSM6433599_AATTCGATTCGAGGAT-1",0.0703569688467525,0.197592377709247,0.0648415415979334,0.0784256126302746,0.0933261238122645,0.160859980117044,0.247286572759943,0.00275432312608852,0.0845564994004525,"GSE210616_GSM6433599"
"GSE210616_GSM6433599_AATTCTAGAGTTAGGC-1",0.0574863854899623,0.0542995864823648,0.00315850163152428,0.140524275951042,0.161812169786663,0.122832993094921,0.398246981992701,0.000579091076633146,0.0610600144941885,"GSE210616_GSM6433599"
"GSE210616_GSM6433599_AATTGAACGCTCTGGT-1",0.0781049879331305,0.0781656364721863,0.0141522099127416,0.126503070864595,0.137125892471532,0.145989376050954,0.321361339727839,0.000798206765495591,0.0977992798015257,"GSE210616_GSM6433599"
"GSE210616_GSM6433599_AATTGCAGCAATCGAC-1",0.0498851222950818,0.0614876336372045,0.00446299756819391,0.0642536899634783,0.101839243552365,0.19621993438396,0.44914232648013,0.000198877028879193,0.0725101750907069,"GSE210616_GSM6433599"
"GSE210616_GSM6433599_ACAAACCATGCGTCCT-1",0.0584176039005281,0.0562993733214137,0.00838680327195782,0.213210310414991,0.112107263992678,0.147497164516208,0.318334958649867,0.00075566713576548,0.0849908547965901,"GSE210616_GSM6433599"
"GSE210616_GSM6433599_ACAAAGCATGACCTAG-1",0.0559583495446091,0.0526309687397582,0.00365769689372562,0.0332937162579608,0.0723850597001823,0.218717961436346,0.469083668472567,0.000338287820440224,0.0939342911344109,"GSE210616_GSM6433599"
"GSE210616_GSM6433599_ACAAATCGCACCGAAT-1",0.0666693722635489,0.0707723773163849,0.00890582206224308,0.172360483435419,0.128073627608447,0.140103529774716,0.341614854167901,0.00103289644636577,0.0704670369249732,"GSE210616_GSM6433599"
"GSE210616_GSM6433599_ACAAATGGTAGTGTTT-1",0.0812878145692675,0.0902991080270809,0.0170796513251744,0.0792094362507999,0.0926423683866549,0.169068979729023,0.369977721905265,0.00143050961014803,0.0990044101965862,"GSE210616_GSM6433599"
"GSE210616_GSM6433599_ACAACAGCATGAGCTA-1",0.10869491909112,0.0910625835135975,0.0133757765970849,0.073734536438856,0.0842413463818714,0.16123144283611,0.373368397874223,0.00186120129742145,0.0924297959697157,"GSE210616_GSM6433599"
"GSE210616_GSM6433599_ACAAGGAAATCCGCCC-1",0.0789127022547748,0.079583889504489,0.011845229913837,0.0907156114670842,0.0704408847037726,0.181859683069381,0.398836388428779,0.00149435518487721,0.0863112554730055,"GSE210616_GSM6433599"
"GSE210616_GSM6433599_ACAAGGATGCTTTAGG-1",0.0928571792588082,0.0854298079783125,0.0293790674409533,0.178401489531127,0.0886957095743151,0.144045256389121,0.275825762021429,0.000606488962989976,0.104759238842944,"GSE210616_GSM6433599"
"GSE210616_GSM6433599_ACAAGGGCAGGCTCTG-1",0.0639797580141074,0.0750747328818758,0.00747260010643441,0.0767965143107929,0.107770292755809,0.153842671261262,0.433964608342789,0.00105905368700161,0.0800397686399279,"GSE210616_GSM6433599"
"GSE210616_GSM6433599_ACAATGAATACGGAGA-1",0.126502095145672,0.0968248274838836,0.00965666019815935,0.00638774711222002,0.0138565960741564,0.198479486897145,0.470328764580294,0.000817403721887676,0.0771464187865817,"GSE210616_GSM6433599"
"GSE210616_GSM6433599_ACAATTGTGTCTCTTT-1",0.0777192172520915,0.0840555608667884,0.00662551912715974,0.0671907650928729,0.0765983793549969,0.187304619644942,0.393888989236548,0.00113307015889046,0.10548387926571,"GSE210616_GSM6433599"
"GSE210616_GSM6433599_ACAATTTGAGCAGTGG-1",0.0587381518863352,0.0801843658831088,0.0204688125478767,0.174028125231309,0.171066422639193,0.130095821089359,0.281753245004696,0.00099469977738788,0.0826703559407341,"GSE210616_GSM6433599"
"GSE210616_GSM6433599_ACACACCAGGACCAGT-1",0.0815355018734571,0.08900692939613,0.0124710866264613,0.0782764617396072,0.11122796451115,0.173287841934981,0.373405918395733,0.00137267990400752,0.079415615618473,"GSE210616_GSM6433599"
"GSE210616_GSM6433599_ACACATGATCAAATCT-1",0.0943224242482745,0.128343397506985,0.0373913055697813,0.149708367518978,0.121967240380252,0.126326324271134,0.230911012920647,0.00839044472041793,0.102639482863532,"GSE210616_GSM6433599"
"GSE210616_GSM6433599_ACACATTTCCGTAGAC-1",0.0741089937230815,0.0994019670781984,0.0286138715094707,0.159628368904815,0.136863047643676,0.142645987180431,0.291261997297707,0.00109106359182291,0.0663847030707974,"GSE210616_GSM6433599"
"GSE210616_GSM6433599_ACACCACATAATTAGC-1",0.112117887037271,0.121910700027819,0.0849789172140893,0.0531989793868431,0.100583512500614,0.172753756471453,0.285217836879435,0.000614868920966571,0.0686235415615086,"GSE210616_GSM6433599"
"GSE210616_GSM6433599_ACACCGGTCTGACCGC-1",0.0636205599191299,0.0679105187495368,0.0091859245469333,0.2236019982616,0.105693893213563,0.148564839816924,0.293473736879771,0.000803979214979963,0.087144549397562,"GSE210616_GSM6433599"
"GSE210616_GSM6433599_ACACCTTACTACTTGC-1",0.0561589683159738,0.100362579763138,0.0166829376626388,0.122603500601459,0.115942781426644,0.168774307126929,0.343282893734867,0.000914581873257468,0.0752774494950939,"GSE210616_GSM6433599"
"GSE210616_GSM6433599_ACACGAGACTCCTTCT-1",0.0979333077273622,0.0934242664399681,0.012301185947545,0.128501687534701,0.0827671295488561,0.14699972666685,0.329517016789123,0.00159191283076565,0.106963766514829,"GSE210616_GSM6433599"
"GSE210616_GSM6433599_ACACGTAGGCCACAAG-1",0.0579003472491961,0.0751744643525525,0.00765379811699065,0.144375571233847,0.127461507394343,0.142482083303387,0.377606449493249,0.00131323879099249,0.0660325400654418,"GSE210616_GSM6433599"
"GSE210616_GSM6433599_ACACTGATCAAGGTGT-1",0.0611169977865991,0.105992728649631,0.00795848401308968,0.0700028179201526,0.0947814004591806,0.170919017312897,0.418537908040077,0.000392962962600672,0.0702976828557726,"GSE210616_GSM6433599"
"GSE210616_GSM6433599_ACAGAACTGAGAACAA-1",0.0880162227074392,0.0773162724656005,0.00772789428357967,0.124999405836249,0.113993552173245,0.13099877724805,0.416368919154171,0.000379584975763769,0.0401993711559017,"GSE210616_GSM6433599"
"GSE210616_GSM6433599_ACAGCGACATTCTCAT-1",0.065429450170929,0.0750143931586551,0.0139583894361429,0.169590501610479,0.16669748702546,0.125772923569591,0.277732451449501,0.00104173687600763,0.104762666703234,"GSE210616_GSM6433599"
"GSE210616_GSM6433599_ACAGGCTTGCCCGACT-1",0.142244904490327,0.0923212987285933,0.032578553588709,0.093062532982568,0.0832653547272095,0.169147869682502,0.269396573029139,0.00105774999047533,0.116925162780476,"GSE210616_GSM6433599"
"GSE210616_GSM6433599_ACAGGTGGAGGTGAGG-1",0.079109734456279,0.0891995110457627,0.0205012525981988,0.118398876067363,0.150627589772115,0.15313401686097,0.306901649698843,0.00112087876920371,0.0810064907312644,"GSE210616_GSM6433599"
"GSE210616_GSM6433599_ACATAAGTCGTGGTGA-1",0.0728929660377935,0.0806849438699535,0.0170913939083216,0.17487046114171,0.112020534266239,0.152201899337362,0.291691019692534,0.00322849366195498,0.095318288084131,"GSE210616_GSM6433599"
"GSE210616_GSM6433599_ACATCCCGGCCATACG-1",0.087598290175357,0.139873194895191,0.0165301150934398,0.0628791640417629,0.0893880868691802,0.176653151577601,0.343681759610783,0.000613309283884816,0.0827829284528007,"GSE210616_GSM6433599"
"GSE210616_GSM6433599_ACATCCTGGTAACTGT-1",0.0783393205607766,0.0848026787914907,0.0193772243152733,0.0711167234628448,0.108808045727335,0.196587570222441,0.345542479190946,0.00190546165509745,0.0935204960737942,"GSE210616_GSM6433599"
"GSE210616_GSM6433599_ACATCGATCGTTTACC-1",0.0595251991484178,0.090632615146408,0.00572413261582209,0.0320812736646238,0.101195811116351,0.201073314861242,0.426817101864816,0.000917158380941707,0.0820333932013774,"GSE210616_GSM6433599"
"GSE210616_GSM6433599_ACATCGTATGCAATGG-1",0.0807068425533611,0.0958511556472823,0.0143925312325877,0.0700144989137672,0.103334432178687,0.165357069019956,0.386510511997581,0.00128411404217937,0.0825488444145983,"GSE210616_GSM6433599"
"GSE210616_GSM6433599_ACATGGCGCCAAAGTA-1",0.0789630540687031,0.0963889347058919,0.0184198212427597,0.121094597975872,0.0999284232438755,0.193279980048937,0.279265381511239,0.000856128891933166,0.111803678310789,"GSE210616_GSM6433599"
"GSE210616_GSM6433599_ACATTAGTTTATATCC-1",0.0716225401914824,0.0880252209342772,0.00529726324116408,0.0537747496077015,0.0922758115622613,0.174962776050362,0.43873077790268,0.00147265909666839,0.0738382014134029,"GSE210616_GSM6433599"
"GSE210616_GSM6433599_ACCAACACCACACACT-1",0.029996227087548,0.456195928659834,0.0641856277560222,0.0085059021915932,0.0132283927326934,0.265674490534675,0.132320085881182,0.00154531714945067,0.0283480280070014,"GSE210616_GSM6433599"
"GSE210616_GSM6433599_ACCAACCGCACTCCAC-1",0.0627096469848429,0.0755017721922636,0.0137096719816582,0.14493397003099,0.11710493862746,0.149068172416696,0.360301572286325,0.00046837946652238,0.0762018760132423,"GSE210616_GSM6433599"
"GSE210616_GSM6433599_ACCAACGCTTATTTAT-1",0.0562760286165279,0.105603094460306,0.00901116450093088,0.148646006434717,0.101374746578017,0.140143132669383,0.374371322497601,0.00151419438838439,0.0630603098541329,"GSE210616_GSM6433599"
"GSE210616_GSM6433599_ACCAATATGCAAGTTA-1",0.0774058260686871,0.116539030648116,0.031547462081252,0.112365710599205,0.139493587444467,0.181743780694727,0.20907026076006,0.00295087697175061,0.128883464731735,"GSE210616_GSM6433599"
"GSE210616_GSM6433599_ACCACCAATGTAACAA-1",0.0748397677511651,0.0846621456569569,0.0179447062060846,0.118236707253427,0.109882166567643,0.184425004001374,0.318180455205093,0.00111653300584105,0.0907125143524151,"GSE210616_GSM6433599"
"GSE210616_GSM6433599_ACCACGTGCAGCTATA-1",0.0688991845366353,0.0889120058010465,0.0142165302768501,0.0916563418657784,0.107112459199837,0.177565556285347,0.350717830423407,0.000849052392725643,0.100071039218373,"GSE210616_GSM6433599"
"GSE210616_GSM6433599_ACCAGTGCGGGAGACG-1",0.0684214227906108,0.157123797375951,0.0292529680921034,0.0621650144460968,0.0712345460343544,0.234167712738574,0.271042243179613,0.00151579990832695,0.10507649543437,"GSE210616_GSM6433599"
"GSE210616_GSM6433599_ACCATATCCGCAATAA-1",0.09253207572329,0.0897890527918924,0.0158433250469103,0.109891411054197,0.107803255949562,0.151623355576523,0.329452605072406,0.00236335537686139,0.100701563408358,"GSE210616_GSM6433599"
"GSE210616_GSM6433599_ACCATCGTATATGGTA-1",0.0838189181509214,0.0656390433593136,0.0165828507062,0.132035535484633,0.123732450474352,0.167806098320443,0.306548839416592,0.0048578786419128,0.0989783854456325,"GSE210616_GSM6433599"
"GSE210616_GSM6433599_ACCCAACGCCCGTGGC-1",0.0470163925982489,0.345936466351386,0.0261102307594799,0.049882168392398,0.0334868511268045,0.18133483747352,0.241950975673371,0.00480222710828308,0.0694798505165087,"GSE210616_GSM6433599"
"GSE210616_GSM6433599_ACCCATTTGTCCCTCT-1",0.0504861877101851,0.0572040007394887,0.00728616964898446,0.253482790984589,0.137529067092549,0.113934797801972,0.294325578734119,0.000387361479725058,0.0853640458083883,"GSE210616_GSM6433599"
"GSE210616_GSM6433599_ACCCGAGCGAAATTAC-1",0.0788698153628337,0.102569929797272,0.00641582014736405,0.0292041101062224,0.072976996895985,0.164889094568547,0.450199138935432,0.00231919179147482,0.0925559023948695,"GSE210616_GSM6433599"
"GSE210616_GSM6433599_ACCCGATTGGTTCCGA-1",0.065029448067796,0.0852795764033043,0.0128878715970261,0.134670056055757,0.161415068496458,0.131056564952805,0.319571521406838,0.00247503096638034,0.0876148620536358,"GSE210616_GSM6433599"
"GSE210616_GSM6433599_ACCCGGAAACTCCCAG-1",0.0975375957131859,0.118534304470058,0.0363869864203432,0.084928604318454,0.12859568734946,0.183883394260817,0.239380217354563,0.0029573635689717,0.107795846544148,"GSE210616_GSM6433599"
"GSE210616_GSM6433599_ACCCGGATGACGCATC-1",0.0744548484556505,0.0656269890572639,0.0126120984499511,0.150966007153287,0.121587807391378,0.138104594567961,0.344131693354259,0.000948241871549338,0.0915677196987005,"GSE210616_GSM6433599"
"GSE210616_GSM6433599_ACCCGGTTACACTTCC-1",0.0923638038567528,0.11991356912537,0.0240234810006067,0.0678643621858106,0.0488357696506721,0.192617977441591,0.350172489076905,0.00309481185297475,0.101113735809316,"GSE210616_GSM6433599"
"GSE210616_GSM6433599_ACCCGTGTCATCAGTA-1",0.0355174673505641,0.35833572510523,0.0570739283478599,0.0231988231675611,0.0400157805296909,0.206044524888757,0.228280835062973,0.00329382794237277,0.0482390876049905,"GSE210616_GSM6433599"
