"","Endothelial","CAFs","PVL","B-cells","T-cells","Myeloid","Normal Epithelial","Plasmablasts","Cancer Epithelial","sid"
"GSE203612_GSM6177601_AAACAAGTATCTCCCA-1",0.0021755749468179,0.350305515792805,0.00726642575849237,0.000368208705428423,0.00205731626421924,0.0250995455716428,0.0453867146028117,0.218841072075093,0.34849962628269,"GSE203612_GSM6177601"
"GSE203612_GSM6177601_AAACCCGAACGAAATC-1",0.0980459362647103,0.116490090634491,0.107722216156841,0.0232750052786874,0.0328333319054923,0.195160371075268,0.0738040456414679,0.0401893933354091,0.312479609707633,"GSE203612_GSM6177601"
"GSE203612_GSM6177601_AAACGAGACGGTTGAT-1",0.0542888428757913,0.00579473066325798,0.000979772225297193,0.388143996650551,0.109078302412883,0.0206499625913699,0.157999823197527,0.00986114898615859,0.253203420397165,"GSE203612_GSM6177601"
"GSE203612_GSM6177601_AAACTGCTGGCTCCAA-1",8.52287144400167e-05,0.0788309777158075,2.09725930456477e-05,0.0823962276410537,0.0236947519830554,0.00105169893716215,0.315236245815587,0.418977738091603,0.0797061585082452,"GSE203612_GSM6177601"
"GSE203612_GSM6177601_AAAGCTTGCCTACATA-1",0.0323569690903075,0.0170316526141971,0.00825553639821921,0.00096765815518376,0.00181181605959066,0.00162522957413481,0.0705754692579051,0.429287755712323,0.438087913138139,"GSE203612_GSM6177601"
"GSE203612_GSM6177601_AAAGGGATGTAGCAAG-1",0.000779043972711457,0.227821723723835,0.000216008898283319,0.000503999035555054,0.00104946919389011,0.156675992754203,0.0204566125072598,0.000197975624277556,0.592299174289985,"GSE203612_GSM6177601"
"GSE203612_GSM6177601_AAAGTGTGATTTATCT-1",0.0565620077224674,0.00520043745392462,0.194565373799978,0.00264340558526303,0.012038477216487,0.0104637890589827,0.145108763678108,0.00133838512036346,0.572079360364425,"GSE203612_GSM6177601"
"GSE203612_GSM6177601_AAAGTTGACTCCCGTA-1",0.00793342560272624,0.00239642835116916,0.000824111224685208,0.0040761282333299,0.00311350624177361,0.0148860822361438,0.395790025265255,0.257087479015559,0.313892813829359,"GSE203612_GSM6177601"
"GSE203612_GSM6177601_AAATAACCATACGGGA-1",0.025295894149741,0.00875144330589643,0.130193040751724,0.00181007279397813,0.0157475437115917,0.165099883787012,0.286012051704862,0.0340567898287593,0.333033279966435,"GSE203612_GSM6177601"
"GSE203612_GSM6177601_AAATAAGGTAGTGCCC-1",0.00188751099400659,0.312617294257633,0.0169876938212863,0.000166580325628168,0.000204517574028802,0.0419952988821127,0.119327345763438,0.0202798864291471,0.486533871952719,"GSE203612_GSM6177601"
"GSE203612_GSM6177601_AAATACCTATAAGCAT-1",0.0231815955359735,0.157689677885398,0.111036838278823,0.00756204940282234,0.0874252095116164,0.0533063756717893,0.00280073698621201,0.00383471339797191,0.553162803329393,"GSE203612_GSM6177601"
"GSE203612_GSM6177601_AAATAGCTTAGACTTT-1",0.0260945742845869,0.00781597490621525,0.00377080532616729,0.150601445501356,0.0695370656787726,0.0597423734163397,0.258441826530135,0.0880454007926587,0.335950533563769,"GSE203612_GSM6177601"
"GSE203612_GSM6177601_AAATAGGGTGCTATTG-1",0.0458790942474968,0.238206744263595,0.00237822530206784,0.0391897311777915,0.0021785155580899,0.103687286600044,0.125533194088335,0.00015695155481084,0.442790257207769,"GSE203612_GSM6177601"
"GSE203612_GSM6177601_AAATCTAGCCCTGCTA-1",0.112188067960517,0.101463681497731,0.157237538966463,0.0135245856172026,0.016544924047285,0.0725824508113095,0.167581475449717,0.0112228368889619,0.347654438760813,"GSE203612_GSM6177601"
"GSE203612_GSM6177601_AAATGATTCGATCAGC-1",0.000833849641345407,0.185145552215486,0.000216686415446573,0.000466516703677739,0.000985942882047631,0.0132987502250897,0.21716546430811,0.0740860016517499,0.507801235957046,"GSE203612_GSM6177601"
"GSE203612_GSM6177601_AAATGGCATGTCTTGT-1",0.0257010326637086,0.0065819407340316,0.0233231330503591,0.0339848648596407,0.0452946906071154,0.0520884157348716,0.180596780663166,0.098091685925651,0.534337455761456,"GSE203612_GSM6177601"
"GSE203612_GSM6177601_AAATGGTCAATGTGCC-1",0.0308662345494968,0.0860915413455506,0.108251146087003,0.0449356812208087,0.0657434639661384,0.131205090048394,0.0724344885847458,0.105681181581037,0.354791172616826,"GSE203612_GSM6177601"
"GSE203612_GSM6177601_AAATTAACGGGTAGCT-1",0.0249238285239025,0.224201011923045,0.00102062479000306,8.05741043223705e-05,0.000246703149948316,0.239516511495797,0.25603285956514,3.61255066794868e-05,0.253941760941162,"GSE203612_GSM6177601"
"GSE203612_GSM6177601_AAATTACACGACTCTG-1",0.0313305847529196,0.00985818958261263,0.0634145373714958,0.0291947765568029,0.0205499117442175,0.114026077612969,0.149295827165489,0.0781330849282034,0.504197010285291,"GSE203612_GSM6177601"
"GSE203612_GSM6177601_AAATTCCAGGTCCAAA-1",0.0356813434743098,0.033483695922171,0.0474819696866614,0.000157073868350462,0.00175548297435597,0.00201480838658842,0.116018139025189,0.189799433630319,0.573608053032054,"GSE203612_GSM6177601"
"GSE203612_GSM6177601_AACAACTGGTAGTTGC-1",0.0099671095129868,0.346560611928506,0.000533355047994148,0.00217346357978774,0.0208576287155091,0.0539131974613049,0.106900667786122,0.44144667040665,0.0176472955611384,"GSE203612_GSM6177601"
"GSE203612_GSM6177601_AACACACGCTCGCCGC-1",0.50139490353849,0.0437063266720587,0.226983392204848,0.0109588288562813,0.0613122895939188,0.0442432803697075,0.0430194123934533,0.0615215647981365,0.00686000157310637,"GSE203612_GSM6177601"
"GSE203612_GSM6177601_AACACGACTGTACTGA-1",0.0302980922038213,0.00457440820173562,0.0284925094637946,0.0361465878432848,0.0523133613300434,0.012243797741395,0.135196768008768,0.131365251198012,0.569369224009145,"GSE203612_GSM6177601"
"GSE203612_GSM6177601_AACAGGAAATCGAATA-1",0.0951115396742099,0.0126582158060052,0.0905730813756006,0.0317881136611168,0.0356820164331465,0.221120377617931,0.111078068536999,0.0784949004382417,0.32349368645675,"GSE203612_GSM6177601"
"GSE203612_GSM6177601_AACAGGTAGTATGGAT-1",0.0446554019515937,0.719344628750282,0.0991758572152265,0.0102580256462546,0.00892587968195351,0.0217470972205249,0.00926589305805039,0.00775446668125649,0.0788727497948576,"GSE203612_GSM6177601"
"GSE203612_GSM6177601_AACATATCAACTGGTG-1",0.0481531778410909,0.15658480567047,0.0286816897918189,0.147331296130174,0.0894173721121555,0.0880502656248027,0.108706599300753,0.00243178962192251,0.330643003906813,"GSE203612_GSM6177601"
"GSE203612_GSM6177601_AACATCGATACGTCTA-1",0.0474556781147408,0.063323441346622,0.0824605071079832,0.0214435935218941,0.0202480673219819,0.0999295984422526,0.160145825564745,0.166077005157359,0.338916283422422,"GSE203612_GSM6177601"
"GSE203612_GSM6177601_AACCCAGAGACGGAGA-1",0.00298135244126798,0.000342176155915295,0.000708690627788564,0.047317059715939,0.0427034917950932,0.24364197737229,0.0131313880568223,0.0274348386766576,0.621739025158227,"GSE203612_GSM6177601"
"GSE203612_GSM6177601_AACCCTACTGTCAATA-1",0.0151027959956363,0.0359763227656818,0.111830600987295,0.00955876466912794,0.0105693852266189,0.11205810140089,0.167733896062671,0.151464508338998,0.385705624553081,"GSE203612_GSM6177601"
"GSE203612_GSM6177601_AACCGAGCTTGGTCAT-1",0.00454651361904739,0.389870369133269,0.022622999915734,0.0249526043694433,0.0161539644482346,0.284380104718844,0.0875872042903283,0.0309619839986077,0.138924255506492,"GSE203612_GSM6177601"
"GSE203612_GSM6177601_AACCGCTAAGGGATGC-1",0.0377402091057853,0.0666576944600274,0.0311882214960777,0.0038254733304969,0.0268457290003445,0.000994184037003675,0.088879630403208,0.144646750370501,0.599222107796555,"GSE203612_GSM6177601"
"GSE203612_GSM6177601_AACCGTTGTGTTTGCT-1",0.0370310865964365,0.00646001155649846,0.0277764966135518,0.0307172486506702,0.035510313162856,0.0601972633720476,0.0633304829756623,0.0844067433455152,0.654570353726762,"GSE203612_GSM6177601"
"GSE203612_GSM6177601_AACCTGTCACGGAATT-1",0.215505209841886,0.00637278292579014,0.00112102842790857,3.49324860528992e-05,0.00142200101403687,0.0721341354586949,0.00712493485877072,0.00207155753373358,0.694213417453126,"GSE203612_GSM6177601"
"GSE203612_GSM6177601_AACCTTTACGACGTCT-1",0.00709900365244586,0.323553125114827,0.00172881582104745,0.0103511508437078,0.0886139603996217,0.320576314375777,0.112769458937006,4.58740868919726e-05,0.135262296768676,"GSE203612_GSM6177601"
"GSE203612_GSM6177601_AACGATAATGCCGTAG-1",0.0141309484580295,0.556218037222101,0.0361177145473159,0.000616518269937679,0.00271977555689547,0.0102545424613521,0.0384031331875486,0.249895365726596,0.0916439645702239,"GSE203612_GSM6177601"
"GSE203612_GSM6177601_AACGATAGAAGGGCCG-1",0.00348649511151325,0.000890426424386211,0.00532461707293449,0.00617075918352178,0.0103330568928103,0.0157891151502492,0.127964863873424,0.106122093851931,0.723918572439229,"GSE203612_GSM6177601"
"GSE203612_GSM6177601_AACGATATGTCAACTG-1",0.00195415263535995,0.0497523631474962,0.129935787939762,0.000873888002065347,0.00163728100603908,0.0104782902138521,0.396087049621462,0.219386995860554,0.189894191573409,"GSE203612_GSM6177601"
"GSE203612_GSM6177601_AACGCGGTCTCCAGCC-1",0.00333857020948259,0.0023465642261139,0.000505733923557075,8.17829957030857e-05,0.000520700635414463,0.00603101928816743,0.0870823279696314,6.80702990037154e-05,0.900025230452926,"GSE203612_GSM6177601"
"GSE203612_GSM6177601_AACGCTGTTGCTGAAA-1",0.0183545749022291,0.638736433906481,0.0424723147581516,0.0128051988447077,0.00502231087256046,0.122550681706616,0.0681336349662984,0.00814636899698376,0.083778481045972,"GSE203612_GSM6177601"
"GSE203612_GSM6177601_AACGGACGTACGTATA-1",0.0128390030956489,0.0395183276758753,0.00810930603434402,0.168485903470338,0.110254839342867,0.00232613460535711,0.359495094778927,0.116556428123965,0.182414962872679,"GSE203612_GSM6177601"
"GSE203612_GSM6177601_AACGTACTGTGGGTAC-1",6.69434821869889e-05,0.00102844028228297,0.000189987707600832,1.32541389080174e-05,0.000117337792663341,0.0707917532229914,0.507717059889108,0.253700858939309,0.166374364544949,"GSE203612_GSM6177601"
"GSE203612_GSM6177601_AACGTCAGACTAGTGG-1",0.119750381278481,0.388357686140158,0.030797990790307,0.0151178628862591,0.018396640523863,0.119227019721471,0.173031777150462,0.00993812689390925,0.125382514615089,"GSE203612_GSM6177601"
"GSE203612_GSM6177601_AACGTGCGAAAGTCTC-1",0.000311296703601785,0.000424107231197474,0.000491650419391148,0.0506222554929367,0.0458801153241574,0.0552479947060356,0.482711372597007,0.132917900576496,0.231393306949176,"GSE203612_GSM6177601"
"GSE203612_GSM6177601_AACTACCCGTTTGTCA-1",0.00480987045866972,0.618068299680493,0.0155044036107499,0.00794931163611676,0.0122468521944062,0.0303144537056554,0.196507530901978,0.0648379861187321,0.0497612916931985,"GSE203612_GSM6177601"
"GSE203612_GSM6177601_AACTCAAGTTAATTGC-1",0.103010032173786,0.0222484500581692,0.0542182349357944,0.0478647747130702,0.0511434566639146,0.0499090712041846,0.0409215329378751,0.251042073704424,0.379642373608782,"GSE203612_GSM6177601"
"GSE203612_GSM6177601_AACTCTCAATAGAGCG-1",0.0433794080979007,0.0143345214614248,0.160720577112084,0.00573214875496059,0.0105208982106983,0.0750074894661959,0.124307328714088,0.268061068914856,0.297936559267791,"GSE203612_GSM6177601"
"GSE203612_GSM6177601_AACTGAGTTATACTGA-1",0.0471561594575523,0.11383939957029,0.0322505917973318,0.00170289159380888,0.00787195492274721,0.0760614455697456,0.0404970299829787,0.307571870726077,0.373048656379468,"GSE203612_GSM6177601"
"GSE203612_GSM6177601_AACTGATATTAGGCCT-1",0.013750904532904,0.00757370084977736,0.0314214426239637,0.0947031610779435,0.0554542264499389,0.187286998840198,0.194783581302102,0.0571249454854341,0.357901038837738,"GSE203612_GSM6177601"
"GSE203612_GSM6177601_AACTGGGTCCCGACGT-1",0.267636099730626,0.0225411553428103,0.00392017226916979,0.00200596235125386,0.00693609030135182,0.047358504101033,0.116229301725039,0.00279517123945902,0.530577542939257,"GSE203612_GSM6177601"
"GSE203612_GSM6177601_AACTTTCTCGATCATG-1",0.00197354133289057,0.000382056689309321,0.000938312413509049,0.0245408254280923,0.00221650421073795,0.0268635463115093,0.634107188637544,0.000380074536179601,0.308597950440228,"GSE203612_GSM6177601"
"GSE203612_GSM6177601_AAGAAATCACCAGATT-1",0.0126170625421726,0.867826835089069,0.0324089508902899,1.0983583285887e-06,6.21774727297797e-06,6.97650313724922e-05,0.0110544460651524,0.00578469547557283,0.0702309288007687,"GSE203612_GSM6177601"
"GSE203612_GSM6177601_AAGACTGCAAGCTACT-1",0.00283287719591927,0.00189756011327123,0.000558378518990417,0.0925053310362112,0.0449759870899674,0.0612725600041911,0.0398575419129604,0.00024611935641346,0.755853644772075,"GSE203612_GSM6177601"
"GSE203612_GSM6177601_AAGAGCTCTTTATCGG-1",0.157569654732442,0.0622224560100549,0.061248723650386,0.059962995449614,0.0170976608922934,0.299746978598327,0.112747163192405,0.0118790017520041,0.217525365722474,"GSE203612_GSM6177601"
"GSE203612_GSM6177601_AAGAGGCATGGATCGC-1",0.029681517571586,0.00372759054056545,0.040009469710342,0.00759574400381405,0.0110693046938931,0.202900309669113,0.0742393540334579,0.171672606584704,0.459104103192525,"GSE203612_GSM6177601"
"GSE203612_GSM6177601_AAGCCGAAGCGGTTTA-1",0.0468926986470497,0.127740646526499,0.0276420820571886,0.0656666618216578,0.0312205263889486,0.346692822822238,0.0511727677815165,0.0624754520224251,0.240496341932476,"GSE203612_GSM6177601"
"GSE203612_GSM6177601_AAGCCGCTTTACCTTG-1",0.00313607720362401,0.275482814825229,1.95514382625264e-05,0.125001547351241,0.027167967612001,0.00977317861765343,0.219785284954206,0.000126617667037545,0.339506960330745,"GSE203612_GSM6177601"
"GSE203612_GSM6177601_AAGCTAGATCGAGTAA-1",0.141466421766674,0.156232421687992,0.00766706989409397,0.39867526961099,0.106419766877115,0.00606824918794777,0.131555821153861,0.00042081521224553,0.0514941646090803,"GSE203612_GSM6177601"
"GSE203612_GSM6177601_AAGCTCGTGCCAAGTC-1",0.00996839441804191,0.248198466436877,0.00750413349458383,0.00672530486412263,0.148850789145473,0.00464133208877611,0.160727896456834,0.151361761833475,0.262021921261817,"GSE203612_GSM6177601"
"GSE203612_GSM6177601_AAGGAGCGGTTGGTGC-1",0.00489592856145903,0.116636346401423,0.092791160734572,0.00251682138627099,0.0404656225747333,0.122862139024841,0.0414312514195527,8.8831160436602e-05,0.578311898736711,"GSE203612_GSM6177601"
"GSE203612_GSM6177601_AAGGATCGATCGCTTG-1",0.411284765020304,0.0838039235587471,0.315658180229545,0.00047137554630442,0.0014540390499377,0.0141856516017137,0.0175979053024949,0.0759793679813884,0.079564791709565,"GSE203612_GSM6177601"
"GSE203612_GSM6177601_AAGGATGAGGGACCTC-1",0.0285814193180294,0.00438898384578919,0.00476926054219903,0.178620651169754,0.103768514678544,0.469080286753413,0.021618660173222,0.00113115805125979,0.188041065467789,"GSE203612_GSM6177601"
"GSE203612_GSM6177601_AAGGCAGGCTGTCTCC-1",0.0636808030824962,0.0122916590226918,0.0387505626427258,0.0176954916099133,0.0354460379425318,0.0227934417677511,0.141567604268764,0.170181489950921,0.497592909712205,"GSE203612_GSM6177601"
"GSE203612_GSM6177601_AAGGCTGTGCTCATCG-1",0.230948996593891,0.206638879703096,0.000894312181773971,0.0665432108216644,0.00694649654068289,0.0115275609107349,0.0689128379198694,0.352660964867167,0.0549267404611209,"GSE203612_GSM6177601"
"GSE203612_GSM6177601_AAGGTGATAAACCAGC-1",0.0280792393820566,0.0705244064465525,0.00622563371652864,0.0596719806426662,0.0147696036680139,0.0653984776190996,0.183327783120473,0.00587461829390827,0.566128257110701,"GSE203612_GSM6177601"
"GSE203612_GSM6177601_AAGTCAATTGTCGTCA-1",0.0912662524652842,0.0112083689314291,0.171751083454052,0.00345021190305873,0.00461696480542138,0.000636830096592357,0.327529966166191,0.00164455178307258,0.387895770394898,"GSE203612_GSM6177601"
"GSE203612_GSM6177601_AAGTCTAGTAGCTGCC-1",0.00196330402201997,0.0925681720412247,0.00319392049752272,0.000156116969564148,6.83100855163844e-05,9.23963627856902e-06,0.0298922332615099,0.316281934743231,0.555866768743133,"GSE203612_GSM6177601"
"GSE203612_GSM6177601_AAGTGCCTTGACTGTA-1",0.009631035134217,0.0967690682468304,0.0936136585975033,0.103034561941349,0.0546797269362689,0.082601410542764,0.174960052424923,0.00386346064536457,0.38084702553078,"GSE203612_GSM6177601"
"GSE203612_GSM6177601_AAGTGTTTGGAGACGG-1",0.013219057450244,0.0550167648504824,0.00700799207704144,0.240419478248619,0.135499364809198,0.000727467702056328,0.237959871024222,0.00254053178525044,0.307609472052887,"GSE203612_GSM6177601"
"GSE203612_GSM6177601_AAGTTCAGTCTGCGTA-1",0.000503206293531675,0.394667898841551,0.00754101681204144,0.0131291560881711,0.00218438321635287,0.0649568055828965,0.0119191688429728,0.0936233834839205,0.411474980838562,"GSE203612_GSM6177601"
"GSE203612_GSM6177601_AATAGAATCTGTTTCA-1",0.12370716724765,0.0836049923919509,0.104322251087879,0.0407847135912679,0.0361549625792349,0.0295931518109606,0.0249464070054227,0.232622953695878,0.324263400589756,"GSE203612_GSM6177601"
"GSE203612_GSM6177601_AATAGCTACCGCGTGC-1",0.00668499546693853,0.00364630566002235,0.02686322016338,0.000518010781729267,0.00336840680375059,0.00151697712193998,0.494491889853697,0.200242831069084,0.262667363079458,"GSE203612_GSM6177601"
"GSE203612_GSM6177601_AATATCAAGGTCGGAT-1",0.0802893743705323,0.0386298750280162,0.0445078815790859,0.0499996384520724,0.111892819595109,0.053593985624212,0.112675439938609,0.0467198854354164,0.461691099976947,"GSE203612_GSM6177601"
"GSE203612_GSM6177601_AATATCGAATCAATGC-1",0.0181559449712971,0.0550938614653122,0.0461254096178228,0.148408155682304,0.0583020312825158,0.0766418600789024,0.215946777492264,0.0841694713433357,0.297156488066246,"GSE203612_GSM6177601"
"GSE203612_GSM6177601_AATATCGAGGGTTCTC-1",0.241106695196652,0.0679754754402304,0.150852808792091,0.00518627799519935,0.0406395491185258,0.0448770625319853,0.0867476335270024,0.0226100893193674,0.340004408078946,"GSE203612_GSM6177601"
"GSE203612_GSM6177601_AATCATGTAAAGACTC-1",0.0783847031967394,0.0330638149832406,0.0869345861993851,0.00540261109816005,0.0183999278721577,0.107980059923929,0.23650371272667,0.0127514331332963,0.420579150866422,"GSE203612_GSM6177601"
"GSE203612_GSM6177601_AATCCAAGGGCCTGAG-1",0.00441465623514478,0.00121061675659665,0.00320486875023165,0.00122872687083799,0.00501195974401011,0.0109462018671053,0.0485209828506526,0.0249028949152616,0.900559092010159,"GSE203612_GSM6177601"
"GSE203612_GSM6177601_AATCGCCTCAGCGCCA-1",0.0263383453641148,0.00579006075331621,0.0146149542992065,0.0162842703221641,0.0273497865507989,0.0412775494047639,0.142548818110087,0.106628450974632,0.619167764220917,"GSE203612_GSM6177601"
"GSE203612_GSM6177601_AATCGCGCAGAGGACT-1",0.0545360320177469,0.170008916410649,0.0358726335020355,0.0339937389330159,0.0266078772783187,0.108188207836809,0.107782190856639,0.105861357314579,0.357149045850206,"GSE203612_GSM6177601"
"GSE203612_GSM6177601_AATCTATGCCGGAGCC-1",0.013466890587333,0.0156364694779576,0.00924948051923863,1.15080360721337e-05,0.000180972007641432,0.153354608394825,0.124026552145327,0.219497716150478,0.464575802681128,"GSE203612_GSM6177601"
"GSE203612_GSM6177601_AATCTGCGTTGGGACG-1",0.111917702694944,0.043319646546834,0.0591890840121352,0.0232670207454456,0.00562840306596181,0.347306703266804,0.0486392247488704,0.237220143103449,0.123512071815556,"GSE203612_GSM6177601"
"GSE203612_GSM6177601_AATGACGTAGGATGTC-1",0.0500536370423231,0.023311918227847,0.0278996515982338,0.00939029344404978,0.0160604555054098,0.0438568674301244,0.298480089460109,0.0869817446916348,0.443965342600268,"GSE203612_GSM6177601"
"GSE203612_GSM6177601_AATGCAACCGGGTACC-1",0.023603486617423,0.090604544272074,0.069594099742029,0.0276571603600203,0.0192947695257278,0.0109412712131707,0.122457662992789,0.0290176838742788,0.606829321402487,"GSE203612_GSM6177601"
"GSE203612_GSM6177601_AATTAAAGGTCGGCGT-1",0.143698382997006,0.0386334466885387,0.32916887506647,0.00123772605318718,0.00469890069045433,0.000202055730218176,0.199635929199293,0.260380439004733,0.0223442445700991,"GSE203612_GSM6177601"
"GSE203612_GSM6177601_AATTAGCGCTGCAGCG-1",0.197226328495056,0.207055551392044,0.0488760724280231,0.134833140245245,0.037025707746067,0.334314480934785,0.00792348985157311,0.00146077066363249,0.0312844582435739,"GSE203612_GSM6177601"
"GSE203612_GSM6177601_AATTCTAGAGTTAGGC-1",0.151636346695482,0.0940785391137309,0.220086506334827,0.00467896451216221,0.00511276593260998,0.381231076666475,0.0153431220476572,0.0125432103523622,0.115289468344693,"GSE203612_GSM6177601"
"GSE203612_GSM6177601_AATTGAACGCTCTGGT-1",0.083696399472369,0.0805668132200082,0.111202139644357,0.000813044505604626,0.00443402527798253,0.157496000994692,0.0199563549558471,0.149566911980106,0.392268309949033,"GSE203612_GSM6177601"
"GSE203612_GSM6177601_AATTTGGTTCCAAAGA-1",0.015760662741022,0.002492395162881,0.0123708052745449,0.0243535140624339,0.0299263334366954,0.0120330616455568,0.174986053581745,0.110510351535295,0.617566822559827,"GSE203612_GSM6177601"
"GSE203612_GSM6177601_ACAAATCGCACCGAAT-1",0.00771240269747833,0.000573303225702309,0.0606394993718112,0.0394479671751382,0.00203765299080513,0.0111182628489696,0.258983395287968,6.66570478294296e-05,0.619420859354298,"GSE203612_GSM6177601"
"GSE203612_GSM6177601_ACAAATGGTAGTGTTT-1",0.00990587407177811,0.0396337849747404,0.0472204682306156,0.0327473640888053,0.00622561453089858,0.0695214499129763,0.0827856738452798,0.00862086065788074,0.703338909687025,"GSE203612_GSM6177601"
"GSE203612_GSM6177601_ACAACAGCATGAGCTA-1",0.0169021448969195,0.0182850630220693,0.0281664651747253,0.00073074782153275,0.000467370381209708,0.00270158312128362,0.00876057898395026,0.507041424523008,0.416944622075302,"GSE203612_GSM6177601"
"GSE203612_GSM6177601_ACAAGGAAATCCGCCC-1",0.00687861362968196,0.00175584811973651,0.0443941767423012,0.108256870852358,0.0188284098447917,0.00415167974091401,0.250078632953501,0.325032377067332,0.240623391049384,"GSE203612_GSM6177601"
"GSE203612_GSM6177601_ACAAGGGCAGGCTCTG-1",0.0496353017333453,0.010023022694638,0.0839927513567266,0.0534103083771873,0.0368031844716364,0.0160135030521665,0.253472611833955,0.116234180124326,0.380415136356019,"GSE203612_GSM6177601"
"GSE203612_GSM6177601_ACAATTGTGTCTCTTT-1",0.0107455272634422,0.319298570813002,0.00492077807951197,0.00876667478424287,0.00783941014535678,0.0299136357967738,0.0768748359557976,0.194556310749085,0.347084256412788,"GSE203612_GSM6177601"
"GSE203612_GSM6177601_ACAATTTGGCCATATT-1",0.00933985921076981,0.334007953659545,0.0180887792747873,0.000446834037302033,0.00310386046798354,0.00885016868971059,0.0532579883521435,0.000680353384660509,0.572224202923098,"GSE203612_GSM6177601"
"GSE203612_GSM6177601_ACACAAAGACGGGTGG-1",0.113484003230311,0.139253881485816,0.0546817984095614,0.286961644847902,0.0898090481031612,0.0693955602894561,0.132811254117811,0.0274522326677762,0.086150576848206,"GSE203612_GSM6177601"
"GSE203612_GSM6177601_ACACACCAGGACCAGT-1",0.00934863071747548,0.0186581702620507,0.0898476304723924,0.0210853139049476,0.0179473829017889,0.057073950377431,0.00549166259481096,0.470116164152297,0.310431094616806,"GSE203612_GSM6177601"
"GSE203612_GSM6177601_ACACACTTTCTACACG-1",0.0215774757746763,0.0308680735783962,0.00675414583166028,0.0116408590072844,0.0248523201517536,0.0147387748597293,0.0810761596873421,0.17552395922935,0.632968231879808,"GSE203612_GSM6177601"
"GSE203612_GSM6177601_ACACCACATAATTAGC-1",0.0197566871471457,0.00540354806390208,0.00224775055035523,0.00360672446850767,0.00612871530042491,0.00302648227691893,0.162623254351523,0.168002813187829,0.629204024653393,"GSE203612_GSM6177601"
"GSE203612_GSM6177601_ACACCTTACTACTTGC-1",0.0275952347217252,0.0981506038539636,0.019405987107141,0.0200560645629924,0.0221706550858358,0.00196567648879952,0.225588833866685,0.084653296112412,0.500413648200446,"GSE203612_GSM6177601"
"GSE203612_GSM6177601_ACACGAGACTCCTTCT-1",0.0901324866261384,0.13450274562132,0.020324300235628,0.196160510630264,0.0536934193194243,0.124414747213419,0.277836503037435,0.00293124970742963,0.100004037608941,"GSE203612_GSM6177601"
"GSE203612_GSM6177601_ACACGGGAACTTAGGG-1",0.0090924900213985,0.0053083745176706,0.0425803794426068,0.321780552302441,0.139646943143552,0.00904170648092774,0.0595408896232431,3.87316952711423e-05,0.412969932772888,"GSE203612_GSM6177601"
"GSE203612_GSM6177601_ACAGCATAGAGCCAGT-1",0.0236140031235421,0.00558986415502201,0.022565304686156,0.0136035464439497,0.0087371985629123,0.0393739422324439,0.197189057153281,0.106478833139634,0.58284825050306,"GSE203612_GSM6177601"
"GSE203612_GSM6177601_ACAGGCTTGCCCGACT-1",0.620506385295426,0.115501525719952,0.00844365939531256,0.0277969538926087,0.00526352714399676,0.00224449105462997,0.018969697485085,0.000927730725006058,0.200346029287984,"GSE203612_GSM6177601"
"GSE203612_GSM6177601_ACAGTATACCGTGGGA-1",0.00798105419154633,0.140005407798046,0.0202600718226584,0.0249334077376644,0.0282214537545649,0.0143802412177509,0.37738117298077,0.000143317049900122,0.3866938734471,"GSE203612_GSM6177601"
"GSE203612_GSM6177601_ACATAATAAGGCGGTG-1",0.175919102037582,0.0477804212851416,0.205882224439012,0.000278070053934297,0.00923934927497873,0.0804679843744469,0.0814114785679655,0.000306071650157655,0.398715298316781,"GSE203612_GSM6177601"
"GSE203612_GSM6177601_ACATCCTGGTAACTGT-1",0.0215457076385151,0.047566063947429,0.0938994743401768,0.191853860841337,0.071038479434919,0.0342956397859021,0.169530868696107,0.00216422500582769,0.368105680309787,"GSE203612_GSM6177601"
"GSE203612_GSM6177601_ACATCGATCGTTTACC-1",1.15648196607363e-05,0.000540489775627178,3.67401375096626e-05,6.50320899716661e-08,1.26089602397548e-05,1.48527971562035e-07,1.95722255668384e-07,1.43254507090149e-05,0.999383861573936,"GSE203612_GSM6177601"
"GSE203612_GSM6177601_ACATCGGTCAGCCGCG-1",0.122539791071158,0.0286104260230838,0.101428727511627,0.0504783151064454,0.0350998700130665,0.262124675817552,0.108050186983096,4.08552652470578e-05,0.291627152208724,"GSE203612_GSM6177601"
"GSE203612_GSM6177601_ACATCGTATGCAATGG-1",0.0128593098319454,0.00598968152381071,0.0198163807454697,0.0234076564238287,0.0359325883952218,0.0269097657176488,0.0958016064280833,0.129930881605279,0.649352129328712,"GSE203612_GSM6177601"
"GSE203612_GSM6177601_ACATGGCGCCAAAGTA-1",0.0504293764945703,0.114943386067362,0.0511904837101164,0.0131866147646539,0.0206784823921843,0.20107933675582,0.239713443991121,0.050354318933598,0.258424556890574,"GSE203612_GSM6177601"
"GSE203612_GSM6177601_ACATTAGTTTATATCC-1",0.00428599798743523,0.170672549728252,0.0641826152314725,9.90985836110654e-07,0.000234866643274375,0.00368647415969961,0.0932019173593017,0.303742858810737,0.359991729093991,"GSE203612_GSM6177601"
"GSE203612_GSM6177601_ACCAACACCACACACT-1",0.0202612069836687,0.0248772709518303,0.0375783156680704,0.000520921262784473,0.00171927635599568,0.103344086783697,0.379864839406124,0.0899038799700926,0.341930202617738,"GSE203612_GSM6177601"
"GSE203612_GSM6177601_ACCAAGAACGCGTGTC-1",0.0118140412986666,0.0569470434054388,0.00735096461766678,0.288908109662299,0.090362865057202,0.0475508154211172,0.103433267823345,0.0023448874792072,0.391288005235058,"GSE203612_GSM6177601"
"GSE203612_GSM6177601_ACCACAAGTTTCTATC-1",0.0156042486145901,0.34510095189872,0.118355192582007,0.0112946363127509,0.00596117926570709,0.0988550542718521,0.167011889541675,0.01230777054523,0.225509076967469,"GSE203612_GSM6177601"
"GSE203612_GSM6177601_ACCACCAATGTAACAA-1",0.0033295582839019,0.0842965251084037,0.0386128027599066,1.49521365157384e-05,0.000355633314348167,0.139879454311292,0.267006000699455,0.000192968791903352,0.466312104594274,"GSE203612_GSM6177601"
"GSE203612_GSM6177601_ACCACCCTCTCTTCTA-1",0.347970714323462,0.0929139903920966,0.11224330474333,0.107351444619446,0.0508358301028376,0.0197265954606599,0.0439794966789562,0.00190048217827544,0.223078141500936,"GSE203612_GSM6177601"
"GSE203612_GSM6177601_ACCACGTGCAGCTATA-1",0.173938178930417,0.02033224802658,0.242954704516188,0.0528705942570454,0.0192544818699261,0.0135235550661839,0.148169810592236,0.0319693622244954,0.296987064516928,"GSE203612_GSM6177601"
"GSE203612_GSM6177601_ACCAGTGCGGGAGACG-1",0.00508148431080093,0.0158953556181922,0.0422544381424521,0.0231714696578763,0.0178861872836664,0.349583787903064,0.197943775700275,0.00462645878272963,0.343557042600942,"GSE203612_GSM6177601"
"GSE203612_GSM6177601_ACCATATCCGCAATAA-1",0.0185597318792388,0.00550889115024884,0.00177583200789123,0.00324414501185852,0.00423169863136087,0.0684540944493273,0.414809003340005,2.97481022909995e-05,0.483386855427779,"GSE203612_GSM6177601"
"GSE203612_GSM6177601_ACCATCGTATATGGTA-1",0.013048999263285,0.00403129473057796,0.0418924918554326,0.203116213881763,0.303612618209518,0.0839496747496901,0.0316583638777618,0.000447708616799094,0.318242634815172,"GSE203612_GSM6177601"
"GSE203612_GSM6177601_ACCCAACGCCCGTGGC-1",0.00871973494007572,0.00560265807436734,0.0886512036217474,0.0114942045019653,0.00247504159853859,0.00633519665840994,0.0306145133950213,0.428348495598204,0.41775895161167,"GSE203612_GSM6177601"
"GSE203612_GSM6177601_ACCCATCTTGAGGGTA-1",0.194088798458561,0.116578757085948,0.0251305168802604,0.00406267416670012,0.00993330300401664,0.401218896117555,0.0185382795228979,0.00716300380545013,0.223285770958611,"GSE203612_GSM6177601"
"GSE203612_GSM6177601_ACCCGGATGACGCATC-1",0.00124537040401682,0.0312322271571333,0.173478352484214,0.000951697410576816,0.0058002212309181,0.0164898160906345,0.270900603823544,0.0809639645395487,0.418937746859414,"GSE203612_GSM6177601"
"GSE203612_GSM6177601_ACCCTCCCTTGCTATT-1",0.0744952846391496,0.00356447652792777,0.0928361334828806,0.000218227601212017,0.00210677514998793,0.000607520823823808,0.208060648172658,0.00121651121085822,0.616894422391502,"GSE203612_GSM6177601"
"GSE203612_GSM6177601_ACCCTTCATCTGCGAA-1",0.00727331415645853,0.00230392919176307,0.00672182965434021,0.0535600071298264,0.0307884328250385,0.059858194731576,0.180582040885721,0.16550624576055,0.493406005664726,"GSE203612_GSM6177601"
"GSE203612_GSM6177601_ACCGACTGAGTCCCAC-1",0.027762757936005,0.196594875056481,0.0369172168267113,0.0291824038113467,0.0092609916665596,0.174023056122082,0.0673961675756011,0.252429364444536,0.206433166560678,"GSE203612_GSM6177601"
"GSE203612_GSM6177601_ACCGATGGTAGCATCG-1",0.019202069794306,0.0869100195245899,0.018021265026711,0.000811731536009919,0.00144783853440215,0.58666360490202,0.0568316873054406,0.00932891314904791,0.220782870227472,"GSE203612_GSM6177601"
"GSE203612_GSM6177601_ACCGCAATAACTGCCT-1",0.00587987965706189,0.0243012067292972,0.000386213952136591,0.0478575441852575,0.00559101787641951,0.467540672194891,0.176569654307974,0.00302158161244311,0.268852229484518,"GSE203612_GSM6177601"
"GSE203612_GSM6177601_ACCGCGGTGGAAGTCG-1",0.0795528902242545,0.0791121852895533,0.187254906109259,0.00024162536822549,0.000266077260744978,0.195831833507424,0.0322022677963359,0.270164783325025,0.155373431119179,"GSE203612_GSM6177601"
"GSE203612_GSM6177601_ACCGGGCCTTTGTTGA-1",0.0035889089022368,0.00640454210420574,0.000768843480756072,0.000320527421159468,0.0017439324885626,0.0255695991600944,0.171823572415388,0.00252438968894227,0.787255684338654,"GSE203612_GSM6177601"
"GSE203612_GSM6177601_ACCTACAGTATGTGGT-1",0.0134189704335397,0.0190653105992978,0.00935671180901446,0.0153122333251582,0.010792082595288,0.0259012730736555,0.150411961185942,0.258629727848036,0.497111729130068,"GSE203612_GSM6177601"
"GSE203612_GSM6177601_ACCTCCGTTATTCACC-1",0.00764586341749584,0.0120872289059391,0.000308930763538239,0.0198078809044623,0.0182402581459862,0.00390182342711285,0.0529327920692262,0.639939574270552,0.245135648095688,"GSE203612_GSM6177601"
"GSE203612_GSM6177601_ACGAGAACCCATCACG-1",0.116195738595139,0.328175893805481,0.0487306036369072,0.000227085075331169,0.00228073779960855,0.0689639683244665,0.0616992842014161,0.159889566739216,0.213837121822434,"GSE203612_GSM6177601"
"GSE203612_GSM6177601_ACGAGTACGGATGCCC-1",0.0195029513874149,0.0198701273188218,0.0283990618579022,0.0433068060413616,0.0436119143195924,0.0704415670913494,0.321886028047934,0.154205027235445,0.298776516700179,"GSE203612_GSM6177601"
"GSE203612_GSM6177601_ACGATCATACATAGAG-1",0.0832224678097234,0.0317302752223234,0.0107696307692493,0.000489491858169382,0.0217598082460006,0.125310461264643,0.0176948869745396,0.00171809683800778,0.707304881017343,"GSE203612_GSM6177601"
"GSE203612_GSM6177601_ACGATCATCTTGTAAA-1",0.0245210373587586,0.00741659266927632,0.0359732519353128,0.0375384024657065,0.0339285265804271,0.0105300663003597,0.189511707820311,0.169058402002439,0.491522012867409,"GSE203612_GSM6177601"
"GSE203612_GSM6177601_ACGATGCATATGTTAT-1",0.0618203385809842,0.107633502999563,0.0390392238185538,0.0795992683331005,0.0684941077392471,0.0564309920894524,0.109540351348456,0.215716115678378,0.261726099412266,"GSE203612_GSM6177601"
"GSE203612_GSM6177601_ACGATGGATCCGATGC-1",0.0646240056704969,0.00971719135567115,0.0420035343843847,0.0147312658290413,0.0284289299396791,0.0265763211428528,0.110275524763877,0.127164234994587,0.57647899191941,"GSE203612_GSM6177601"
"GSE203612_GSM6177601_ACGCCAGATGATTTCT-1",0.0587760445934239,0.00800514959729439,0.0117351340855337,0.058520892421743,0.0371561811036923,0.107054574279513,0.0658015915776676,0.0082782262025199,0.644672206138612,"GSE203612_GSM6177601"
"GSE203612_GSM6177601_ACGCCGCTAGACGACC-1",0.0273960859087934,0.0135946043517365,0.0268672097954805,0.0164487978232649,0.0241163434301826,0.051196568185465,0.0910988130012037,0.0945971946735307,0.654684382830343,"GSE203612_GSM6177601"
"GSE203612_GSM6177601_ACGCTAGTGATACACT-1",0.0489840921921552,0.0289228088885667,0.0626578052129133,0.00687766084557723,0.00933188322596627,0.0719460826705981,0.330663914699767,0.0262411235610337,0.414374628703423,"GSE203612_GSM6177601"
"GSE203612_GSM6177601_ACGGAGCGCAAATTAC-1",0.0449266169399951,0.488145558492235,0.00469522840522152,0.0284228042909607,0.0158123250791674,0.0266629039319763,0.0347638398374379,0.00613726927181719,0.350433453751189,"GSE203612_GSM6177601"
"GSE203612_GSM6177601_ACGGCGACGATGGGAA-1",0.0262482556568856,0.0432411617177357,0.229485969537234,0.152718900113602,0.0690243860375967,0.00226695977055482,0.0773804611337628,0.0227335599283799,0.376900346104249,"GSE203612_GSM6177601"
"GSE203612_GSM6177601_ACGGGCGTATGCGACA-1",0.119565771259954,0.050857036491297,0.316910643296429,0.0172048258309015,0.01906376459795,0.00512032802361623,0.018058915351821,0.0034165197146168,0.449802195433414,"GSE203612_GSM6177601"
"GSE203612_GSM6177601_ACGTACAGATTTCTCT-1",0.0669633981059602,0.0102864035685798,0.0366376477180551,0.0297552778500617,0.0355700842482425,0.0657292744734804,0.106535117728664,0.0781444677798821,0.570378328527074,"GSE203612_GSM6177601"
"GSE203612_GSM6177601_ACGTAGATTGCTGATG-1",0.36305301167029,0.0899022161483693,0.477077855097823,0.00129226863454845,0.0142080770202094,1.47179958684394e-05,0.00554513136711839,7.06522689852106e-05,0.0488360697967885,"GSE203612_GSM6177601"
"GSE203612_GSM6177601_ACGTATTACTCCGATC-1",0.0209196786658851,0.00280121567923105,0.0287625028977976,0.00193645369907183,0.0287437528722728,0.0137462010563062,0.413393692433043,0.040371555618195,0.449324947078198,"GSE203612_GSM6177601"
"GSE203612_GSM6177601_ACGTGCGCCTCGTGCA-1",0.0122409608140443,0.000841482419097159,0.0114701976064257,0.00791605742320148,0.00850784484064262,0.00360749192189533,0.0512793548460993,0.00727796231614169,0.896858647812452,"GSE203612_GSM6177601"
"GSE203612_GSM6177601_ACGTTAATGTCGAAGA-1",0.0562883829368334,0.0427217675103657,0.0856115123470272,0.0672475761146035,0.0759698650223092,0.141995365150299,0.348339200177095,0.152548410578285,0.0292779201631814,"GSE203612_GSM6177601"
"GSE203612_GSM6177601_ACGTTAGATTTGCCCG-1",0.0682564797014036,0.011300524232344,0.0042217301349682,0.0409367821545123,0.0878798438142055,0.0803983053653998,0.312980469425964,0.0317785404605271,0.362247324710676,"GSE203612_GSM6177601"
"GSE203612_GSM6177601_ACGTTCGCAATCAATT-1",0.0491750449545813,0.00634631555580271,0.0487838260234961,0.15145929948315,0.0924632181741433,0.126704502333766,0.271426478031708,0.117270298960271,0.136371016483082,"GSE203612_GSM6177601"
"GSE203612_GSM6177601_ACGTTTAGTTGTGATC-1",0.0149266356977498,0.00462801846205003,0.0140475775908477,0.00548072962543919,0.0176104738847214,0.0109026181357255,0.168783565459423,0.167151993296735,0.596468387847308,"GSE203612_GSM6177601"
"GSE203612_GSM6177601_ACTAGTTGCGATCGTC-1",0.0179131392415973,0.528856432201234,0.047889353797849,0.00615557922716842,0.0019787795586017,0.0936251052317776,0.0534057340183051,0.0517816090904402,0.198394267633027,"GSE203612_GSM6177601"
"GSE203612_GSM6177601_ACTATCCAGGGCATGG-1",0.283064987410025,0.173610702172969,0.159280534221615,0.0166318512420774,0.00968664143783685,0.0843050535924137,0.0881647274303707,0.0635841244982921,0.121671377994401,"GSE203612_GSM6177601"
"GSE203612_GSM6177601_ACTATTCGTCCGTGGT-1",0.0383939867913204,0.00540270411114851,0.027144165593369,0.0462910705669177,0.0459930381291108,0.0371106784764539,0.124389458387028,0.238280155717097,0.436994742227555,"GSE203612_GSM6177601"
"GSE203612_GSM6177601_ACTCAATAAAGGCACG-1",0.00522851884835503,0.250838217708207,0.0211609230178538,0.000211598261665942,0.000911822933507812,0.000104459725967734,0.00166613168432616,0.265716098621119,0.454162229198997,"GSE203612_GSM6177601"
"GSE203612_GSM6177601_ACTCAGACCTGCTTCT-1",0.0446321590436944,0.0075855442198673,0.0558863587084285,0.0334004275751168,0.0262670983969691,0.017795030675502,0.112309064954178,0.124729799077262,0.577394517348982,"GSE203612_GSM6177601"
"GSE203612_GSM6177601_ACTCCCGAATTCGTTT-1",0.0467238300696822,0.0158493142415927,0.0370775159954704,0.0388732313189529,0.058794677886303,0.00685651022846719,0.0674935767314329,0.0357187163205752,0.692612627207523,"GSE203612_GSM6177601"
"GSE203612_GSM6177601_ACTCCCGTAGACTAGG-1",0.00954348044740361,0.000356653910346196,0.103596936924686,0.400978836261979,0.0149170692865883,0.0219204126858537,0.0830577286043844,0.00358097166228629,0.362047910216472,"GSE203612_GSM6177601"
"GSE203612_GSM6177601_ACTCCCTAGAATAGTA-1",0.00961208515549978,0.0210182502369042,0.0134055277947553,0.00139752716644878,0.00214271269572909,0.0338957397771995,0.00464772111942586,0.38069666639914,0.533183769654897,"GSE203612_GSM6177601"
"GSE203612_GSM6177601_ACTCGCGATCTGACGC-1",0.0327595535866564,0.00917634854244954,0.0184281419337545,0.0306937013119845,0.0304457620455541,0.0143369690201151,0.285973334447358,0.209286532876825,0.368899656235302,"GSE203612_GSM6177601"
"GSE203612_GSM6177601_ACTCGTCAGTAATCCC-1",0.184503212909422,0.0816234179376683,0.12483812672874,0.0150813864075403,0.0275639306243077,0.158545927600217,0.0785934481487235,0.00559736316177203,0.323653186481609,"GSE203612_GSM6177601"
"GSE203612_GSM6177601_ACTCTCTGACTTAGGT-1",0.0710147461460626,0.0295676671322844,0.0483855553911292,0.0659684123132062,0.0424376695538762,0.0158335178695884,0.121427066306529,0.0765163501126199,0.528849015174704,"GSE203612_GSM6177601"
"GSE203612_GSM6177601_ACTCTTCAGCTCCCGC-1",0.00359411923141568,0.0185019806561051,0.000155313879853719,0.134299626726513,0.225901416719875,0.017595942514691,0.331711130508909,0.028240551776139,0.239999917986498,"GSE203612_GSM6177601"
"GSE203612_GSM6177601_ACTGAATGGCGAAAGT-1",0.00358692604576838,0.000201848755063066,0.00127867191311392,0.000183523975191142,0.00106626279161271,0.0214358123333151,0.171906995275498,0.349070320127436,0.451269638783001,"GSE203612_GSM6177601"
"GSE203612_GSM6177601_ACTGCCGTCGTAACTC-1",0.100897471586747,0.0106354066745323,0.0568230741099462,0.0056146619841918,0.00829689198508956,0.0419908642600902,0.248592056425292,0.0192812316748294,0.507868341299282,"GSE203612_GSM6177601"
"GSE203612_GSM6177601_ACTGCGGACACACCGT-1",0.000254522763804787,0.000755336245657103,0.000331683445520966,1.90733146057201e-06,5.29009632052827e-05,0.00918381749172653,0.172618557352821,0.72296961213319,0.0938316622726135,"GSE203612_GSM6177601"
"GSE203612_GSM6177601_ACTGTACGATACACAT-1",0.0155252452848014,0.00612340914599195,0.0164271560418779,0.0446195524833663,0.0542094594983773,0.0373956899431796,0.222711644617706,0.224530815592432,0.378457027392268,"GSE203612_GSM6177601"
"GSE203612_GSM6177601_ACTGTATACGCGAGCA-1",0.0527987482958899,0.304061149437938,0.075075509715478,0.0744448574964756,0.117145468942805,0.0762843906636279,0.067057957407169,0.135477863675088,0.0976540543655282,"GSE203612_GSM6177601"
