"","Endothelial","CAFs","PVL","B-cells","T-cells","Myeloid","Normal Epithelial","Plasmablasts","Cancer Epithelial","sid"
"GSE210616_GSM6433595_AAACAAGTATCTCCCA-1",0.0521304538694218,0.0326171047632472,0.0461438406494098,0.206267832032774,0.180443418727637,0.0243986009937133,0.0765154364982425,0.0865944993524872,0.294888813113067,"GSE210616_GSM6433595"
"GSE210616_GSM6433595_AAACCCGAACGAAATC-1",0.0419479638803291,0.0891235176723153,0.0245470712594886,0.133222710766844,0.157660308062404,0.0408918018661387,0.13924299754523,0.0880497865176657,0.285313842429584,"GSE210616_GSM6433595"
"GSE210616_GSM6433595_AAACCGTTCGTCCAGG-1",0.0708299820987933,0.058341530678443,0.0702694632912153,0.157069384243158,0.149330063502633,0.0626708248491163,0.0828293833415223,0.0793036158703524,0.269355752124766,"GSE210616_GSM6433595"
"GSE210616_GSM6433595_AAACGAGACGGTTGAT-1",0.0866145645676363,0.0588521106212709,0.0734155598760906,0.0925907161608719,0.111856902506936,0.0642363021980703,0.0907160566237776,0.133406979234187,0.28831080821116,"GSE210616_GSM6433595"
"GSE210616_GSM6433595_AAACTCGGTTCGCAAT-1",0.0597510588594971,0.0566026511428745,0.0290119744272553,0.100501606363263,0.188278406357599,0.0934245940599899,0.113286616754738,0.0797542480686668,0.279388843966115,"GSE210616_GSM6433595"
"GSE210616_GSM6433595_AAACTGCTGGCTCCAA-1",0.0519734410596185,0.0691289195474008,0.0225402844439623,0.217242109403041,0.153345049808971,0.0844930844344269,0.158838482771132,0.0297256897495258,0.212712938781922,"GSE210616_GSM6433595"
"GSE210616_GSM6433595_AAAGGCTACGGACCAT-1",0.0338550998917716,0.0661439250773248,0.0283100096826658,0.137662908567333,0.271906973299666,0.0375081505187161,0.133493084357561,0.0520237910991682,0.239096057505793,"GSE210616_GSM6433595"
"GSE210616_GSM6433595_AAAGGCTCTCGCGCCG-1",0.052547157219893,0.0490396241943871,0.0334352435255807,0.132775346103289,0.168715263819029,0.0976829118749636,0.135533518967646,0.0622239590341251,0.268046975261086,"GSE210616_GSM6433595"
"GSE210616_GSM6433595_AAAGTGTGATTTATCT-1",0.0381365594126305,0.0255903025717824,0.0540354795539148,0.156874080109056,0.23448811738514,0.024000495856858,0.149360550274502,0.0731894096461926,0.244325005189924,"GSE210616_GSM6433595"
"GSE210616_GSM6433595_AAAGTTGACTCCCGTA-1",0.057525239040136,0.0331001969746522,0.0312953881512771,0.181940454557948,0.236992879987273,0.0241538709323718,0.0919949131191139,0.0667631177111399,0.276233939526088,"GSE210616_GSM6433595"
"GSE210616_GSM6433595_AAATACCTATAAGCAT-1",0.0518060471405454,0.083048553435522,0.0274544573456836,0.117143929914724,0.164764142732389,0.0393313864157326,0.136368108847621,0.12414111400713,0.255942260160652,"GSE210616_GSM6433595"
"GSE210616_GSM6433595_AAATAGCTTAGACTTT-1",0.0698855241527052,0.0425347635425276,0.0510609549603018,0.144581795110806,0.182152945341766,0.0622150140169862,0.13494443930003,0.0815789948186529,0.231045568756224,"GSE210616_GSM6433595"
"GSE210616_GSM6433595_AAATAGGGTGCTATTG-1",0.0501340750150016,0.0475113668309588,0.0464980779381828,0.196065804881634,0.126114344202128,0.0381660074262752,0.133826032403917,0.0784056410643173,0.283278650237585,"GSE210616_GSM6433595"
"GSE210616_GSM6433595_AAATCGTGTACCACAA-1",0.0539791672043945,0.117553107927376,0.0210034852253793,0.192626101224092,0.133055502947626,0.106625249088835,0.117179696320423,0.0667181231689969,0.191259566892878,"GSE210616_GSM6433595"
"GSE210616_GSM6433595_AAATCTAGCCCTGCTA-1",0.0528724795999214,0.0403118957849452,0.0360273172315676,0.235048105579021,0.157140121317324,0.0377402348020755,0.137685342595043,0.073930619437146,0.229243883652957,"GSE210616_GSM6433595"
"GSE210616_GSM6433595_AAATTACCTATCGATG-1",0.13100520864215,0.0777045210013852,0.0806976938266526,0.0965369109919618,0.132830114750707,0.0704024890149385,0.12047101928228,0.0796665825992251,0.2106854598907,"GSE210616_GSM6433595"
"GSE210616_GSM6433595_AACACACGCTCGCCGC-1",0.0314194429078656,0.0536121597801102,0.0467947219817194,0.0741202759280056,0.120624661725097,0.0261956259726241,0.147108640280185,0.192489863153991,0.307634608270401,"GSE210616_GSM6433595"
"GSE210616_GSM6433595_AACAGGTAGTATGGAT-1",0.0329452424363789,0.0310087856993209,0.0348863008273913,0.133765603331436,0.169115946461762,0.0390785394206316,0.179918922998334,0.0915180275517556,0.28776263127299,"GSE210616_GSM6433595"
"GSE210616_GSM6433595_AACATATCAACTGGTG-1",0.151710368462965,0.062592661246437,0.197053419991355,0.0559232470734181,0.0867529703881639,0.0741558687196254,0.078448943413101,0.144218606622124,0.14914391408281,"GSE210616_GSM6433595"
"GSE210616_GSM6433595_AACCCTACTGTCAATA-1",0.0462707764201221,0.0198241816534187,0.0303728934548636,0.208673591185237,0.237539900515239,0.0352269883319762,0.107299336280667,0.0551257138507956,0.25966661830768,"GSE210616_GSM6433595"
"GSE210616_GSM6433595_AACCGCTAAGGGATGC-1",0.036284695822918,0.0257915354240253,0.0190470036478886,0.0793928780805916,0.147429039952236,0.0473736062897467,0.192275783565611,0.15700241245248,0.295403044764503,"GSE210616_GSM6433595"
"GSE210616_GSM6433595_AACCTCGCTTTAGCCC-1",0.0828819323578635,0.146916576806688,0.0404592234759299,0.0448960634904129,0.118650586973943,0.0803637123669727,0.145948298572432,0.0847708497502648,0.255112756205493,"GSE210616_GSM6433595"
"GSE210616_GSM6433595_AACCTTTAAATACGGT-1",0.10270894914801,0.0918703237680238,0.0604124652736583,0.0841890240561277,0.121626169926314,0.127076108780628,0.14717110625535,0.0517613667535895,0.213184486038299,"GSE210616_GSM6433595"
"GSE210616_GSM6433595_AACGATAATGCCGTAG-1",0.0632473081039653,0.0590376562710562,0.0553759950989741,0.16777880224565,0.114992780037416,0.062443081104606,0.119576630853699,0.0926638305775218,0.264883915707112,"GSE210616_GSM6433595"
"GSE210616_GSM6433595_AACGATATGTCAACTG-1",0.128295683062548,0.227109506382964,0.111692422363609,0.0421267557347506,0.0375212514671382,0.146073632024269,0.136591900690054,0.0447089343490427,0.125879913925624,"GSE210616_GSM6433595"
"GSE210616_GSM6433595_AACGCTGTTGCTGAAA-1",0.0555387148205944,0.0834428563378499,0.0519782719520801,0.100521864625573,0.179444244963575,0.0444451049111828,0.144028382732322,0.0662895794728357,0.274310980183987,"GSE210616_GSM6433595"
"GSE210616_GSM6433595_AACGGACGTACGTATA-1",0.0343468293352983,0.0494324094707953,0.0354168098123115,0.114515597348852,0.124600610117937,0.0270059406321618,0.178079707524796,0.121039734002304,0.315562361755544,"GSE210616_GSM6433595"
"GSE210616_GSM6433595_AACGGCCATCTCCGGT-1",0.0633439096497634,0.12817122014592,0.0885843133010974,0.25097697222967,0.117781420358696,0.0237747289714274,0.0855060871988824,0.0342135645182828,0.207647783626261,"GSE210616_GSM6433595"
"GSE210616_GSM6433595_AACGTACTGTGGGTAC-1",0.0608103170694141,0.0298080145796769,0.0512726184833977,0.187134717635424,0.18429369680836,0.0598217690107586,0.107128773573872,0.0854799679824922,0.234250124856604,"GSE210616_GSM6433595"
"GSE210616_GSM6433595_AACGTGCGAAAGTCTC-1",0.0485030047222201,0.0391757056024648,0.0449269493904587,0.200596880090996,0.141200332490712,0.0678670758683233,0.158436743995855,0.0534432241469888,0.245850083691982,"GSE210616_GSM6433595"
"GSE210616_GSM6433595_AACTACCCGTTTGTCA-1",0.0347428753782934,0.0320007900494383,0.0378671367280753,0.150300057081294,0.211224680257658,0.0279987263466965,0.17794128021933,0.0753091105082212,0.252615343430994,"GSE210616_GSM6433595"
"GSE210616_GSM6433595_AACTAGGCTTGGGTGT-1",0.0442634345009721,0.0415437766880907,0.0224782587092639,0.361298981053535,0.382138542111302,0.0533256596951562,0.0329505332632282,0.0165623599501863,0.0454384540282652,"GSE210616_GSM6433595"
"GSE210616_GSM6433595_AACTCTCAATAGAGCG-1",0.066941444540444,0.0506266555864446,0.0440773766140825,0.11865806223529,0.151653112205457,0.0607331038923176,0.136210295189239,0.0802076485579626,0.290892301178763,"GSE210616_GSM6433595"
"GSE210616_GSM6433595_AAGACCCAACTGAACA-1",0.0458553973570863,0.0214927193994616,0.0347257469878475,0.104098126522784,0.255019612265294,0.050190334572308,0.134663155506911,0.0585248315783355,0.295430075809972,"GSE210616_GSM6433595"
"GSE210616_GSM6433595_AAGACTGCAAGCTACT-1",0.0470340817794938,0.0672206349830885,0.0294701540195752,0.193486442018984,0.180170847002911,0.041871270622284,0.153087914881729,0.03848237548936,0.249176279202574,"GSE210616_GSM6433595"
"GSE210616_GSM6433595_AAGAGCTCTTTATCGG-1",0.0480806511678143,0.0518050723736609,0.0462060561385007,0.111330607126114,0.182335834880683,0.0494463398664191,0.141402744157622,0.0833870916509557,0.286005602638231,"GSE210616_GSM6433595"
"GSE210616_GSM6433595_AAGAGGCATGGATCGC-1",0.0395970485443221,0.0336722753597796,0.0364752941238459,0.143667074839574,0.18145866604816,0.0612984012266641,0.109531184066867,0.111419150829923,0.282880904960864,"GSE210616_GSM6433595"
"GSE210616_GSM6433595_AAGATTGGCGGAACGT-1",0.077074570654954,0.0434336143890373,0.0446195405279131,0.0863862990803028,0.0982726425588393,0.0567700027983278,0.203422467231612,0.0882143847969075,0.301806477962106,"GSE210616_GSM6433595"
"GSE210616_GSM6433595_AAGCACCCTGCGTATC-1",0.0741925429033075,0.112191508172531,0.0471221796264951,0.096577777208821,0.17900771284082,0.0991990796657432,0.0701583728368495,0.0422755458741666,0.279275280871267,"GSE210616_GSM6433595"
"GSE210616_GSM6433595_AAGCATACTCTCCTGA-1",0.0550283467808598,0.07015359451711,0.0268223777985959,0.15213790660942,0.172104396369032,0.0385516827614958,0.112403463337328,0.0901631075735975,0.28263512425256,"GSE210616_GSM6433595"
"GSE210616_GSM6433595_AAGCCGAAGCGGTTTA-1",0.0515930923374448,0.0400175846063185,0.0457951449099385,0.157515850539113,0.138860244873291,0.044673863745145,0.120408239831952,0.0662468980215999,0.334889081135196,"GSE210616_GSM6433595"
"GSE210616_GSM6433595_AAGCTAGATCGAGTAA-1",0.056509487919983,0.0541345511567844,0.0325445490396678,0.120130620491054,0.149609564748344,0.0646885905093786,0.163771822791096,0.0841152654818915,0.2744955478618,"GSE210616_GSM6433595"
"GSE210616_GSM6433595_AAGCTCGTGCCAAGTC-1",0.0504310554223809,0.045086526742896,0.0297204999279718,0.162810509400354,0.163491836955449,0.057279381905969,0.180832586929618,0.0570433116037091,0.253304291111652,"GSE210616_GSM6433595"
"GSE210616_GSM6433595_AAGCTCTTTCATGGTG-1",0.0320187222893515,0.105792245972905,0.0712067266746707,0.185469756908405,0.131938683515699,0.0338603370492257,0.106887884418226,0.0770878339055446,0.255737809265972,"GSE210616_GSM6433595"
"GSE210616_GSM6433595_AAGGATCGATCGCTTG-1",0.0600158855034043,0.0422945331636885,0.035070881947184,0.149832320601974,0.172904669784598,0.0476243543564997,0.11476930507276,0.0759078875663458,0.301580162003545,"GSE210616_GSM6433595"
"GSE210616_GSM6433595_AAGGATGAGGGACCTC-1",0.105315959163786,0.0990872003877636,0.110286280899501,0.0934264815776503,0.0725324861226827,0.0468818775597731,0.153496662385631,0.144355441686087,0.174617610217125,"GSE210616_GSM6433595"
"GSE210616_GSM6433595_AAGGCAGGCTGTCTCC-1",0.0256270456095619,0.0274035215267487,0.027705229566083,0.231809587604533,0.197303492121669,0.0384982869039618,0.154801259890411,0.0401355874400276,0.256715989337004,"GSE210616_GSM6433595"
"GSE210616_GSM6433595_AAGGGACAGATTCTGT-1",0.0533976735394069,0.0714782981636697,0.0811094878024282,0.0939680091557497,0.118181292038073,0.0530217871918889,0.159676370481879,0.105474903565535,0.26369217806137,"GSE210616_GSM6433595"
"GSE210616_GSM6433595_AAGGTATCCTAATATA-1",0.0910982735046656,0.104341586496618,0.0843063662200809,0.0901022071379066,0.0820298892810605,0.119262740989531,0.191935339971697,0.0338937646096079,0.203029831788832,"GSE210616_GSM6433595"
"GSE210616_GSM6433595_AAGGTGATAAACCAGC-1",0.040082899601398,0.0198350081794759,0.0405141601876507,0.193282802983922,0.238622680635772,0.0195607137463466,0.141906890757751,0.0495835514442739,0.256611292463409,"GSE210616_GSM6433595"
"GSE210616_GSM6433595_AAGTCAATTGTCGTCA-1",0.0261941852506452,0.0315086553230101,0.0272021152238524,0.154949750789432,0.136435539576069,0.0283175777663689,0.219800989055187,0.105779793657825,0.269811393357611,"GSE210616_GSM6433595"
"GSE210616_GSM6433595_AAGTGCCTTGACTGTA-1",0.0578536043469252,0.0896744935397282,0.0391137746878665,0.0836867184702243,0.141221723263953,0.0511355180858357,0.112303210180598,0.248043447482301,0.176967509942568,"GSE210616_GSM6433595"
"GSE210616_GSM6433595_AAGTGTTTGGAGACGG-1",0.0386970296947537,0.0280449098689382,0.0383265688312193,0.154176852053325,0.155924655130929,0.0374338952628167,0.156473931171291,0.131285915604324,0.259636242382403,"GSE210616_GSM6433595"
"GSE210616_GSM6433595_AAGTTCACTCCAAGCT-1",0.0469372310392125,0.131436687545396,0.068016029832757,0.0933470176285625,0.153807206404319,0.0459077505291542,0.116130052848659,0.105966613200489,0.238451410971452,"GSE210616_GSM6433595"
"GSE210616_GSM6433595_AATAGAACAGAGTGGC-1",0.0540241548513976,0.032401501423549,0.0473124170959812,0.165327492825338,0.157220615339738,0.0537631109476868,0.0879770354931343,0.0990383430816911,0.302935328941484,"GSE210616_GSM6433595"
"GSE210616_GSM6433595_AATAGAATCTGTTTCA-1",0.0353397512149387,0.0310656293633319,0.0389783497929486,0.052814649646205,0.187143789349222,0.0348594345010173,0.190077703917499,0.130476285210353,0.299244407004484,"GSE210616_GSM6433595"
"GSE210616_GSM6433595_AATAGTCCGTCCCGAC-1",0.0596376486828058,0.0839276605603848,0.0308170480449312,0.192105005565978,0.162113530132262,0.144291762159657,0.0718072193341916,0.100902102242459,0.154398023277331,"GSE210616_GSM6433595"
"GSE210616_GSM6433595_AATATCGAATCAATGC-1",0.0400908427393496,0.0211773991906675,0.0411478657427988,0.149177938684537,0.162031973362663,0.0371752726995923,0.156645726333313,0.100649571977964,0.291903409269115,"GSE210616_GSM6433595"
"GSE210616_GSM6433595_AATATCGAGGGTTCTC-1",0.192030975808544,0.12174668252058,0.130329395362447,0.0414433098930379,0.0405239809780133,0.131931701593999,0.0744038029145821,0.157383108149869,0.110207042778926,"GSE210616_GSM6433595"
"GSE210616_GSM6433595_AATCATGTAAAGACTC-1",0.0616795978008691,0.0747462349313139,0.0298504190866885,0.116258500615541,0.198457392728173,0.0280728296378392,0.134080071937908,0.0848849694944298,0.271969983767237,"GSE210616_GSM6433595"
"GSE210616_GSM6433595_AATCGCCTCAGCGCCA-1",0.060987455135084,0.122643042329654,0.0501812954554195,0.0755376258038751,0.102540308865158,0.0785243079603828,0.109412252192744,0.121267507685972,0.27890620457171,"GSE210616_GSM6433595"
"GSE210616_GSM6433595_AATCGCGCAGAGGACT-1",0.0594667922383592,0.0594227890828822,0.0324731482898393,0.206609964899652,0.165071017298638,0.0334252622641062,0.166119091435146,0.0256569038289519,0.251755030662425,"GSE210616_GSM6433595"
"GSE210616_GSM6433595_AATCTGCGTTGGGACG-1",0.0590309830846126,0.0751466624929486,0.0580722368598497,0.136855117460878,0.170432816053732,0.0503807695763639,0.124225198685755,0.0747570743087485,0.251099141477112,"GSE210616_GSM6433595"
"GSE210616_GSM6433595_AATGACGTAGGATGTC-1",0.0420719063242842,0.0335863019716001,0.0333207189716493,0.181967355000521,0.111763359509854,0.0278696158570494,0.127763110414864,0.122662630244575,0.318995001705603,"GSE210616_GSM6433595"
"GSE210616_GSM6433595_AATGATGATACGCTAT-1",0.0278202862337305,0.0317739635543377,0.027994350093592,0.155709348565275,0.175549470452269,0.0255267266558237,0.15479705844264,0.118719171309175,0.282109624693157,"GSE210616_GSM6433595"
"GSE210616_GSM6433595_AATGATGCGACTCCTG-1",0.0480980872181926,0.0301445015454621,0.0373992057030113,0.156431095757907,0.174405462927843,0.0398707631764944,0.22936250070896,0.0475672753172427,0.236721107644887,"GSE210616_GSM6433595"
"GSE210616_GSM6433595_AATTAAAGGTCGGCGT-1",0.0503703906253568,0.0446735928995187,0.0300124380890371,0.201262189221335,0.169981220275435,0.0927618282613513,0.104504755064843,0.0348285195968051,0.271605065966318,"GSE210616_GSM6433595"
"GSE210616_GSM6433595_AATTAACGGATTTCCA-1",0.0416869982435685,0.0864390093477262,0.0362832006539614,0.150948389481735,0.17873630302077,0.0994596854112515,0.121801686793048,0.0492027776155263,0.235441949432413,"GSE210616_GSM6433595"
"GSE210616_GSM6433595_AATTAGCGCTGCAGCG-1",0.0535161107679043,0.101464249863049,0.0373777178500014,0.272412637316471,0.128768773841525,0.0929567223784686,0.098283710335225,0.0765447254988832,0.138675352148473,"GSE210616_GSM6433595"
"GSE210616_GSM6433595_AATTCATAAGGGATCT-1",0.0316858326970424,0.0195565921483972,0.0245689212180455,0.120413878815366,0.155613462507711,0.0318982840477252,0.28438017761454,0.0799958106128859,0.251887040338286,"GSE210616_GSM6433595"
"GSE210616_GSM6433595_AATTCGATTCGAGGAT-1",0.0395189662209123,0.0277238159678147,0.0288828200561636,0.0965855552062884,0.262409033610173,0.0254770272516669,0.150333626534701,0.0805245173737279,0.288544637778552,"GSE210616_GSM6433595"
"GSE210616_GSM6433595_AATTCTAGAGTTAGGC-1",0.0706970616082074,0.12675508414992,0.0379815681492415,0.0760944063172068,0.139252921749912,0.109915962039077,0.14867849635252,0.105915521796339,0.184708977837576,"GSE210616_GSM6433595"
"GSE210616_GSM6433595_AATTGAACGCTCTGGT-1",0.0499127411356203,0.0668181592165202,0.0364857077957874,0.101782566706881,0.106567695293031,0.0485687409010643,0.182781706192509,0.146390337070771,0.260692345687815,"GSE210616_GSM6433595"
"GSE210616_GSM6433595_ACAAATCGCACCGAAT-1",0.0525263455096991,0.050269911811862,0.0358008857436355,0.125695565893206,0.092482024628058,0.0461765057156477,0.132855980473712,0.123404538071189,0.340788242152991,"GSE210616_GSM6433595"
"GSE210616_GSM6433595_ACAAATGGTAGTGTTT-1",0.0449438653661928,0.0365881408140197,0.021449744300227,0.120811948166155,0.177632489435538,0.0304956883712872,0.20568265308513,0.104217045126323,0.258178425335127,"GSE210616_GSM6433595"
"GSE210616_GSM6433595_ACAACAGCATGAGCTA-1",0.0547744398316473,0.0430607192894771,0.0407486227798734,0.150261450734229,0.189821953093851,0.0537278998658194,0.189421638046739,0.0543674591010748,0.223815817257288,"GSE210616_GSM6433595"
"GSE210616_GSM6433595_ACAAGGAAATCCGCCC-1",0.0454715752094177,0.0503318288690459,0.0378703995020873,0.080307859700192,0.159467421043587,0.0397809247312027,0.156416501691091,0.12085686481051,0.309496624442866,"GSE210616_GSM6433595"
"GSE210616_GSM6433595_ACAAGGATGCTTTAGG-1",0.056628575510624,0.0792861238565449,0.0626152120085765,0.131918917272561,0.190164500123086,0.0493555334530676,0.0920612604594433,0.123068240198824,0.214901637117273,"GSE210616_GSM6433595"
"GSE210616_GSM6433595_ACAAGGGCAGGCTCTG-1",0.0386994414667721,0.0322622366870132,0.0300951083883581,0.107719464626643,0.14954221293217,0.0455731056189646,0.197441089300573,0.0973732359282941,0.301294105051212,"GSE210616_GSM6433595"
"GSE210616_GSM6433595_ACAATTGTGTCTCTTT-1",0.0472174357081666,0.0425740391761877,0.0496440309929389,0.120096770548003,0.150027531942518,0.0390539580312129,0.141785242313539,0.122286985707275,0.28731400558016,"GSE210616_GSM6433595"
"GSE210616_GSM6433595_ACAATTTGAGCAGTGG-1",0.048390251536899,0.0232243154850779,0.0508522677012562,0.108677229030922,0.188484616238535,0.0222011745506723,0.150910844921401,0.122411850353793,0.284847450181443,"GSE210616_GSM6433595"
"GSE210616_GSM6433595_ACACACCAGGACCAGT-1",0.0376797795194454,0.0303950489749372,0.0403790635131259,0.141222921610987,0.225004647507601,0.0186755847972655,0.148526703152473,0.094262597621227,0.263853653302938,"GSE210616_GSM6433595"
"GSE210616_GSM6433595_ACACCTTACTACTTGC-1",0.0478868875272756,0.0645181738226307,0.024371903203721,0.135506568192007,0.243023815620965,0.120156347047505,0.11459842442169,0.0447085458831285,0.205229334281077,"GSE210616_GSM6433595"
"GSE210616_GSM6433595_ACACGAGACTCCTTCT-1",0.0768248019197844,0.0517660287790951,0.0589545257629919,0.179759513263869,0.123901208066719,0.0653779811389297,0.131492155262222,0.0561414245870521,0.255782361219337,"GSE210616_GSM6433595"
"GSE210616_GSM6433595_ACACGGGAACTTAGGG-1",0.0648315240510294,0.0325010398153246,0.0333983743326045,0.132954927315655,0.186019206488949,0.0488774433603385,0.20055901591621,0.0232550187992136,0.277603449920675,"GSE210616_GSM6433595"
"GSE210616_GSM6433595_ACACTGATCAAGGTGT-1",0.0434271228673367,0.0223757296786457,0.0426416135344555,0.19914967382321,0.203960750779302,0.0340036897436318,0.137217604534171,0.0680219061718178,0.24920190886743,"GSE210616_GSM6433595"
"GSE210616_GSM6433595_ACAGGCTTGCCCGACT-1",0.0447649744302004,0.0668424609610903,0.0357921051435385,0.15330025172997,0.109629121855868,0.0393291051017498,0.167582130830504,0.0838563635734687,0.298903486373611,"GSE210616_GSM6433595"
"GSE210616_GSM6433595_ACAGGTGGAGGTGAGG-1",0.0598552275534862,0.0569905050717911,0.062234903961266,0.103835292942298,0.0918094090207596,0.269440841231642,0.0724560763631135,0.069554330642264,0.21382341321338,"GSE210616_GSM6433595"
"GSE210616_GSM6433595_ACATCCCGGCCATACG-1",0.024124635101503,0.118581082282185,0.0290428883648833,0.186067341304185,0.114894219575369,0.128948817297529,0.0801380459197037,0.0913526711064559,0.226850299048186,"GSE210616_GSM6433595"
"GSE210616_GSM6433595_ACATCCTGGTAACTGT-1",0.0471193397583733,0.0254326528452622,0.0338751364883062,0.229699975663355,0.212309453556851,0.0300749473242764,0.103514320827521,0.0705796967492141,0.24739447678684,"GSE210616_GSM6433595"
"GSE210616_GSM6433595_ACATCGATCGTTTACC-1",0.0388909600965203,0.0245060229955712,0.0252233975669828,0.207710056380873,0.240441531114779,0.0401421914310318,0.104349949192903,0.063643902374008,0.255091988847331,"GSE210616_GSM6433595"
"GSE210616_GSM6433595_ACATCGTATGCAATGG-1",0.0472080900883918,0.0390093596972481,0.0396760690610777,0.127081947682646,0.1205508450957,0.0432109954563724,0.18943699736402,0.113422466064102,0.280403229490443,"GSE210616_GSM6433595"
"GSE210616_GSM6433595_ACATGGCGCCAAAGTA-1",0.0727547633197461,0.0313809166625201,0.0460655016676914,0.186147902912095,0.199491559964385,0.054976312710465,0.112201461001212,0.0445681783089735,0.252413403452912,"GSE210616_GSM6433595"
"GSE210616_GSM6433595_ACATTAGTTTATATCC-1",0.0568315970446068,0.0860035940289821,0.0404597424067778,0.22830482506653,0.160276785544768,0.101884164877793,0.142625873192074,0.0193719647864754,0.164241453051994,"GSE210616_GSM6433595"
"GSE210616_GSM6433595_ACCAACGCTTATTTAT-1",0.0426731868962254,0.0398154855583347,0.0368147083437136,0.176007617276159,0.164742165286271,0.06229830085589,0.130142104810637,0.0815418731369126,0.265964557835857,"GSE210616_GSM6433595"
"GSE210616_GSM6433595_ACCAATATGCAAGTTA-1",0.043878914988489,0.0629707311393637,0.0527862119853554,0.13520911418578,0.235775795111896,0.0364793653836254,0.0660994435509265,0.0418118284517132,0.324988595202851,"GSE210616_GSM6433595"
"GSE210616_GSM6433595_ACCACCAATGTAACAA-1",0.041852084334317,0.0713943038546357,0.0284547035963552,0.162722474846487,0.18370294312609,0.073774248604407,0.129274668273706,0.0736484553332567,0.235176118030745,"GSE210616_GSM6433595"
"GSE210616_GSM6433595_ACCACGTGCAGCTATA-1",0.0496142782081014,0.0384331846632215,0.0239154042700786,0.134175690778928,0.186615669089064,0.034905909850961,0.132408721830541,0.0887216816872332,0.311209459621871,"GSE210616_GSM6433595"
"GSE210616_GSM6433595_ACCAGTGCGGGAGACG-1",0.0467593219175644,0.0401400736006454,0.0303291682187078,0.108944960992741,0.127343210610258,0.0295402084655318,0.181526866995245,0.143103628400838,0.292312560798467,"GSE210616_GSM6433595"
"GSE210616_GSM6433595_ACCATATCCGCAATAA-1",0.0346613772867056,0.03857817936039,0.0225671753012011,0.250487399069676,0.192159809633983,0.0218030612387507,0.213452159803,0.023533959898867,0.202756878407427,"GSE210616_GSM6433595"
"GSE210616_GSM6433595_ACCCAACGCCCGTGGC-1",0.0536021187224745,0.0284477910258588,0.055635755261786,0.142467546361576,0.172529512440818,0.0226532602727739,0.137787077604695,0.111104906015917,0.275772032294102,"GSE210616_GSM6433595"
"GSE210616_GSM6433595_ACCCGGAAACTCCCAG-1",0.0477949754566363,0.0647322162022936,0.0212448096700254,0.317881259769124,0.242633371495433,0.0622804029611486,0.0608426439672768,0.0261952910029151,0.156395029475148,"GSE210616_GSM6433595"
"GSE210616_GSM6433595_ACCCGGATGACGCATC-1",0.0553939490113789,0.0205343422090322,0.0364535474041613,0.243311308539264,0.214472515196191,0.0252850703930608,0.118510715190327,0.040737012068302,0.245301539988283,"GSE210616_GSM6433595"
"GSE210616_GSM6433595_ACCCGGTTACACTTCC-1",0.0394511571412934,0.0420945327174378,0.0219477959929584,0.167288202614974,0.250899517462354,0.0483409343959952,0.175386938043906,0.0281765878054076,0.226414333825673,"GSE210616_GSM6433595"
"GSE210616_GSM6433595_ACCCGTGTCATCAGTA-1",0.0501286177241626,0.129835155654657,0.0268203180425044,0.119703370653542,0.170068765579741,0.0862156773748022,0.10473138732994,0.128253972552078,0.184242735088571,"GSE210616_GSM6433595"
"GSE210616_GSM6433595_ACCCTCCCTTGCTATT-1",0.0365620679844524,0.0391803363854652,0.0301591430864309,0.0796374045840666,0.137764119691227,0.0557166099668024,0.199020936022598,0.143866352360623,0.278093029918335,"GSE210616_GSM6433595"
"GSE210616_GSM6433595_ACCGACACATCTCCCA-1",0.0422075236772519,0.0934817856138755,0.0435354100060547,0.136906918260425,0.131124392882846,0.0787762262492233,0.0994970334672587,0.112513917506404,0.261956792336661,"GSE210616_GSM6433595"
"GSE210616_GSM6433595_ACCGATGGTAGCATCG-1",0.0601061962843021,0.0303072859914129,0.0545734421345702,0.187330327793705,0.2001660793127,0.0511226482944958,0.129166362048956,0.0538638843903684,0.233363773749489,"GSE210616_GSM6433595"
"GSE210616_GSM6433595_ACCGCAATAACTGCCT-1",0.031297023703072,0.108318187706203,0.0411147312967964,0.0824729117155788,0.118490699811914,0.0551162744296264,0.209601738706214,0.0921705403019152,0.26141789232868,"GSE210616_GSM6433595"
"GSE210616_GSM6433595_ACCGCGGTGGAAGTCG-1",0.0367987779120934,0.0733402914502949,0.0204762477958114,0.153397797131649,0.21420063078439,0.0559505334884659,0.176637541346835,0.0962155977671433,0.172982582323318,"GSE210616_GSM6433595"
"GSE210616_GSM6433595_ACCGGGCCTTTGTTGA-1",0.034361533880026,0.0163728404407947,0.020043532250465,0.13289546274694,0.160819419000096,0.0188668666183701,0.262747243662644,0.0928064944366539,0.26108660696401,"GSE210616_GSM6433595"
"GSE210616_GSM6433595_ACCTACAGTATGTGGT-1",0.0463606767940482,0.0558752865346941,0.0278798090262759,0.225750109732665,0.172677427457851,0.0540517255027614,0.180353532213426,0.0209326156627913,0.216118817075487,"GSE210616_GSM6433595"
"GSE210616_GSM6433595_ACCTCCGTTATTCACC-1",0.0579896790304411,0.0648377929253093,0.0290353108469528,0.155336818188595,0.177725320651861,0.0394636807398176,0.13372244617334,0.0473532059264419,0.294535745517241,"GSE210616_GSM6433595"
"GSE210616_GSM6433595_ACGAGTACGGATGCCC-1",0.0574651015435182,0.046896595898542,0.0415021429653246,0.145310065583873,0.150784795123126,0.059426959835268,0.186160365552268,0.0773588964779169,0.235095077020163,"GSE210616_GSM6433595"
"GSE210616_GSM6433595_ACGATACATAGAACTA-1",0.0681650372103065,0.0603271364935163,0.041585643805324,0.0730169292846809,0.141793785243621,0.0486379472323141,0.238844819026705,0.0698794859976496,0.257749215705883,"GSE210616_GSM6433595"
"GSE210616_GSM6433595_ACGATCATCTTGTAAA-1",0.0644220976097962,0.0464576792641622,0.0621203341163866,0.173004393466968,0.171829875567664,0.0585210166768318,0.108997206697013,0.0542879852099146,0.260359411391263,"GSE210616_GSM6433595"
"GSE210616_GSM6433595_ACGCATACGTTTACTA-1",0.0484704952123557,0.0630857244291565,0.0400829593508941,0.123718860873174,0.154322753318586,0.0247601631055619,0.179124462183787,0.0843011948409406,0.282133386685544,"GSE210616_GSM6433595"
"GSE210616_GSM6433595_ACGCATTCGTGAGTAC-1",0.0995839260603299,0.0473210664844624,0.0372431446578534,0.158162656000753,0.158630335683286,0.039192741355577,0.146550609207731,0.0266955577462225,0.286619962803784,"GSE210616_GSM6433595"
"GSE210616_GSM6433595_ACGCCGCTAGACGACC-1",0.0643604490447775,0.0555379293437853,0.0436774991898567,0.142540956093117,0.15062190394118,0.0670444314159451,0.137948308777994,0.0336598316818339,0.304608690511511,"GSE210616_GSM6433595"
"GSE210616_GSM6433595_ACGCGAAGTCAGACGA-1",0.0685458774848418,0.105457722181632,0.0502828355714503,0.103322008978713,0.115605380392367,0.123544824045115,0.148117581000784,0.0395128071636604,0.245610963181436,"GSE210616_GSM6433595"
"GSE210616_GSM6433595_ACGCGGGCCAAGGACA-1",0.0634837154142662,0.133776138767993,0.0141553838380761,0.139084792463452,0.2313298469945,0.0475892221312421,0.147926797447486,0.0229230242931568,0.199731078649828,"GSE210616_GSM6433595"
"GSE210616_GSM6433595_ACGCTAGTGATACACT-1",0.0763927165587069,0.133367675513523,0.0417445828787172,0.0487564067762679,0.0396113890311347,0.277266212730347,0.106199052143007,0.0907802561195404,0.185881708248755,"GSE210616_GSM6433595"
"GSE210616_GSM6433595_ACGGACTCTCAAAGCG-1",0.0549819056214932,0.116979155661144,0.0457396852972871,0.0682639425639727,0.11380770959513,0.0685862686160573,0.155028030170332,0.120479801386159,0.256133501088425,"GSE210616_GSM6433595"
"GSE210616_GSM6433595_ACGGATGGTGCGGATA-1",0.0397105263619927,0.184063431357379,0.051440571304461,0.0484614092176148,0.0616385137971561,0.0913005185213141,0.0927964560254241,0.160919928883929,0.269668644530729,"GSE210616_GSM6433595"
"GSE210616_GSM6433595_ACGGCACTTGCTTGGG-1",0.05218444578103,0.042645114396091,0.0368127849054899,0.290635396948684,0.200411159987425,0.0459680281621257,0.115891097617089,0.04851667558146,0.166935296620606,"GSE210616_GSM6433595"
"GSE210616_GSM6433595_ACGGCCAACATGGACT-1",0.0561115190204829,0.0353144376278528,0.0318611705529832,0.137137285932932,0.192316997537595,0.0499992492954534,0.130791849348396,0.107256834843043,0.259210655841262,"GSE210616_GSM6433595"
"GSE210616_GSM6433595_ACGGCGACGATGGGAA-1",0.0386712981375899,0.0402379140061807,0.0348770976734117,0.100386575839678,0.120121475477469,0.0449140809456641,0.158690009946507,0.11969341213437,0.342408135839131,"GSE210616_GSM6433595"
"GSE210616_GSM6433595_ACGTAGATTGCTGATG-1",0.0556554412204283,0.0359035590059462,0.035211658533296,0.176033147714105,0.16716553839328,0.0640333200997155,0.175059266476682,0.0913280627879937,0.199610005768554,"GSE210616_GSM6433595"
"GSE210616_GSM6433595_ACGTATTACTCCGATC-1",0.0651185291956017,0.0235265652323386,0.0474445688279119,0.259034641943117,0.15739837656451,0.0291839913434444,0.0886475642131877,0.0542091852051111,0.275436577474778,"GSE210616_GSM6433595"
"GSE210616_GSM6433595_ACGTTAATGTCGAAGA-1",0.0500898014986397,0.0696711584720337,0.0438039670656091,0.197266819072559,0.123855390745159,0.109289809108181,0.131760935804153,0.0419522629728363,0.23230985526083,"GSE210616_GSM6433595"
"GSE210616_GSM6433595_ACTACGCGTTAGAATT-1",0.05140642676776,0.0250256633964113,0.0331612950493369,0.24319827446971,0.186982494303182,0.0378775460859435,0.0932334555227254,0.059867385684062,0.269247458720869,"GSE210616_GSM6433595"
"GSE210616_GSM6433595_ACTAGTTGCGATCGTC-1",0.0588740870154384,0.0549720156281311,0.0408343786400911,0.166425382992002,0.196083176388971,0.0356870926057571,0.081980562432031,0.080157440954385,0.284985863343193,"GSE210616_GSM6433595"
"GSE210616_GSM6433595_ACTATCCAGGGCATGG-1",0.0415889326598272,0.0330733238775045,0.0328206810075411,0.188194386120854,0.185108974922573,0.0478917515293577,0.106172248018694,0.0368871428346369,0.328262559029012,"GSE210616_GSM6433595"
"GSE210616_GSM6433595_ACTCAAGTGCAAGGCT-1",0.0420290491497984,0.114808085723706,0.045356581212879,0.100652783920224,0.145283564648031,0.0537293622687521,0.137851220391985,0.134214910153377,0.226074442531248,"GSE210616_GSM6433595"
"GSE210616_GSM6433595_ACTCCCGAATTCGTTT-1",0.0460741077924387,0.0283631227207182,0.036127711189377,0.131138152877684,0.193857141682061,0.0302483317575333,0.151148327817376,0.0972612244514816,0.28578187971133,"GSE210616_GSM6433595"
"GSE210616_GSM6433595_ACTCCCTAATGCTAAA-1",0.0431562353305728,0.134601750479007,0.0611198773649318,0.102538356263628,0.125405162103234,0.0898236476625227,0.138942562441023,0.0637742148364329,0.240638193518649,"GSE210616_GSM6433595"
"GSE210616_GSM6433595_ACTCCCTAGAATAGTA-1",0.0732741938491568,0.0744315299356111,0.0463547680542674,0.153044057876154,0.148250722655354,0.0642668060715304,0.140909115066406,0.0460638766804031,0.253404929811118,"GSE210616_GSM6433595"
"GSE210616_GSM6433595_ACTCGTCAGTAATCCC-1",0.0585650907028105,0.0352397593736823,0.0437874317908834,0.145281524710107,0.228942879913129,0.0456543287469916,0.127773523691698,0.0768079025518434,0.237947558518855,"GSE210616_GSM6433595"
"GSE210616_GSM6433595_ACTCTCTGACTTAGGT-1",0.0783052111435593,0.0830628131901599,0.0424006645428852,0.0795507560258657,0.0991300706519124,0.0439180562143614,0.18054365267915,0.127328296841298,0.265760478710808,"GSE210616_GSM6433595"
"GSE210616_GSM6433595_ACTCTTGTATAGTAAC-1",0.081847195640761,0.0642382779456445,0.0751912211739677,0.130642369649265,0.120151325549477,0.0624197014516676,0.197365663779486,0.0290929977492142,0.239051247060518,"GSE210616_GSM6433595"
"GSE210616_GSM6433595_ACTGAAACGCCGTTAG-1",0.0444468606396933,0.0395081198665002,0.0321830501793881,0.327153922765646,0.138762178587186,0.0225803851395632,0.0898036495840677,0.0580572031470625,0.247504630090892,"GSE210616_GSM6433595"
"GSE210616_GSM6433595_ACTGAATGGCGAAAGT-1",0.0958105389743917,0.0752284388661528,0.0562218182180537,0.0997927427694429,0.101463634841392,0.0919597748038594,0.131558668564023,0.115916983405625,0.23204739955706,"GSE210616_GSM6433595"
"GSE210616_GSM6433595_ACTGTACGATACACAT-1",0.0519728453049475,0.0307915600313765,0.0481195652133439,0.145717972235613,0.197592500446706,0.032310211523344,0.106661028909655,0.115257406056173,0.271576910278842,"GSE210616_GSM6433595"
"GSE210616_GSM6433595_ACTTACGCATCCACGC-1",0.079253165861233,0.0866666790707288,0.0509046225506097,0.125030643764928,0.182325323228657,0.0673998496013682,0.122834904539266,0.0416125360378624,0.243972275345346,"GSE210616_GSM6433595"
"GSE210616_GSM6433595_ACTTATACTTACCCGG-1",0.0670591330008178,0.0605516755562556,0.046642815107365,0.125104039549772,0.168718034523959,0.0611311714927064,0.109997387560219,0.071244629243903,0.289551113965002,"GSE210616_GSM6433595"
"GSE210616_GSM6433595_ACTTATTTATGTGCCA-1",0.0235061237248525,0.0273383602150964,0.0368708580671387,0.134869852291869,0.126957737256921,0.0538155085703984,0.205328371811134,0.107086691358342,0.284226496704247,"GSE210616_GSM6433595"
"GSE210616_GSM6433595_ACTTCAGGCTGATCCC-1",0.0379938521608366,0.035121510951013,0.0308037861478388,0.14595569104015,0.222046838368052,0.0332962579485453,0.143265356006343,0.0825132027246948,0.269003504652528,"GSE210616_GSM6433595"
"GSE210616_GSM6433595_ACTTCCATGCGGGACA-1",0.0651434360811483,0.10949766486161,0.0705137587758201,0.0702772128341603,0.113396543782855,0.0569941037209121,0.122937967318222,0.131637887374144,0.259601425251128,"GSE210616_GSM6433595"
"GSE210616_GSM6433595_ACTTCGCCATACGCAC-1",0.0509909324648077,0.0682332666194386,0.0397518728035987,0.122800886888402,0.133266370718394,0.0883900213261437,0.173580654097778,0.07521204728205,0.247773947799387,"GSE210616_GSM6433595"
"GSE210616_GSM6433595_ACTTGACTCCCTCTTT-1",0.0524572562696471,0.0607364083262792,0.040067517481686,0.153542511672956,0.185689356760081,0.0499522880618488,0.116514442427233,0.0552164061566443,0.285823812843625,"GSE210616_GSM6433595"
"GSE210616_GSM6433595_ACTTGTGGATGGAACG-1",0.0470329793419286,0.0419089092262805,0.0395741867576892,0.168444612691795,0.166437836612758,0.0431475185921483,0.131292204043603,0.0489170960459528,0.313244656687845,"GSE210616_GSM6433595"
"GSE210616_GSM6433595_ACTTTACCCTCATGAA-1",0.0585991282497188,0.0359195342847083,0.0487969644048842,0.15771307482327,0.15914564377206,0.0844905634556112,0.14018307752646,0.0738803833678535,0.241271630115434,"GSE210616_GSM6433595"
"GSE210616_GSM6433595_AGAACGTGGTACATTC-1",0.0655862323788641,0.0666525125235754,0.0478788882723638,0.197671956234909,0.133899456198127,0.0759091746363546,0.151930091421124,0.039140343918803,0.22133134441588,"GSE210616_GSM6433595"
"GSE210616_GSM6433595_AGAAGAGCGCCGTTCC-1",0.0920104616645369,0.0406324086310714,0.0743699634190502,0.214148203123418,0.116945505612097,0.0146743550576382,0.133464320379892,0.0733267269461585,0.240428055166137,"GSE210616_GSM6433595"
"GSE210616_GSM6433595_AGAAGGTTGTAGGTCG-1",0.0503182706085219,0.0270528794908195,0.030234992733603,0.197780136090522,0.218786545170583,0.0326181978363071,0.136875578921148,0.0499783332802846,0.25635506586821,"GSE210616_GSM6433595"
"GSE210616_GSM6433595_AGAATTATGGATTCGA-1",0.0453886409509495,0.0212804513241313,0.0426711090435723,0.190030775942237,0.195636896686857,0.0267231398872737,0.139655985669672,0.0896901331192924,0.248922867376015,"GSE210616_GSM6433595"
"GSE210616_GSM6433595_AGACCCACCGCTGATC-1",0.0594154632216002,0.0717182138385182,0.0338741888088245,0.200845333018861,0.140759496725617,0.0538519485507969,0.116056947045468,0.0593964594645598,0.264081949325754,"GSE210616_GSM6433595"
"GSE210616_GSM6433595_AGACCGCTCCGCGGTT-1",0.0631368991611271,0.0369903080144541,0.0479209801412165,0.127180585368652,0.181534703356301,0.0323482106443081,0.134276833059793,0.056544755157207,0.320066725096941,"GSE210616_GSM6433595"
"GSE210616_GSM6433595_AGACGAAGTGCCGGTC-1",0.0384841071853567,0.0288334940997253,0.0594711214359961,0.0603994569070575,0.126290415121019,0.038695132931168,0.147891105197711,0.192451316183569,0.307483850938397,"GSE210616_GSM6433595"
"GSE210616_GSM6433595_AGAGAACCGTCTAGGA-1",0.0751408647966526,0.0752143168091247,0.0646006859146502,0.107411944469219,0.131174381386455,0.0384885387038729,0.148694849666099,0.0903756735725898,0.268898744681337,"GSE210616_GSM6433595"
"GSE210616_GSM6433595_AGAGGCTTCGGAAACC-1",0.0422818259031093,0.030753635971314,0.0360132332678449,0.280635898483621,0.183609334725763,0.016961693575874,0.0618241634846107,0.0663848511427531,0.28153536344511,"GSE210616_GSM6433595"
"GSE210616_GSM6433595_AGAGTAAACTTCACTA-1",0.0655910586651272,0.0885298424860879,0.0480733659391187,0.0952009192154696,0.103433392208084,0.0772655519508596,0.106424666067196,0.0942577265108628,0.321223476957194,"GSE210616_GSM6433595"
"GSE210616_GSM6433595_AGATACTCAAGATCGA-1",0.05513790001736,0.0729760336687778,0.0429920759551284,0.0807467571326444,0.114332293085841,0.0480879471111628,0.17522588307852,0.131794458197504,0.278706651753062,"GSE210616_GSM6433595"
"GSE210616_GSM6433595_AGATATAATACGACTA-1",0.0527575038517286,0.0413678852453954,0.0263894174722181,0.207922925311563,0.180328054762576,0.0380138245084332,0.108471212474109,0.117920050779804,0.226829125594172,"GSE210616_GSM6433595"
"GSE210616_GSM6433595_AGATCTCAGGTGTGAT-1",0.0584317618577527,0.0324952303556152,0.0410005802816565,0.18216782611642,0.148175484001193,0.0343782143944524,0.146530970993118,0.0841812920965349,0.272638639903258,"GSE210616_GSM6433595"
"GSE210616_GSM6433595_AGATGATGGAGTCTGG-1",0.0661274206219246,0.032231860315349,0.0421861739412732,0.141333229283137,0.220454296603561,0.0369256768438843,0.106399318639076,0.0622189529824877,0.292123070769307,"GSE210616_GSM6433595"
"GSE210616_GSM6433595_AGCAAAGGCCGCTAGT-1",0.057046566705826,0.0929938418882421,0.0571203947923848,0.102696171555746,0.137359194614946,0.0776027639323259,0.12912834108528,0.0764907009790656,0.269562024446183,"GSE210616_GSM6433595"
"GSE210616_GSM6433595_AGCAACATATCTTATT-1",0.0377575433039251,0.0210275847605709,0.0417604045353918,0.139472524131479,0.256886672025467,0.0194829502664692,0.116920304906232,0.0940825746400629,0.272609441430402,"GSE210616_GSM6433595"
"GSE210616_GSM6433595_AGCACTACCTCACCAG-1",0.0388325075867566,0.0442576333227595,0.0355176631138721,0.163231395370296,0.182835552977655,0.0308977088436438,0.164176051061786,0.0834642972337418,0.256787190489489,"GSE210616_GSM6433595"
"GSE210616_GSM6433595_AGCAGAAGGAGAAAGA-1",0.0710878294709905,0.0417012214850985,0.0435874126144701,0.125577384028874,0.171968337713083,0.0506208629008108,0.167978341341615,0.0610315497980081,0.266447060647051,"GSE210616_GSM6433595"
"GSE210616_GSM6433595_AGCAGCCAGATGAATA-1",0.0507347454607168,0.155718623127653,0.03094301069143,0.166086658590752,0.200220624720407,0.133655528120428,0.0650644176241533,0.0762377741551981,0.121338617509263,"GSE210616_GSM6433595"
"GSE210616_GSM6433595_AGCATATCAATATGCT-1",0.0314553146591331,0.0428539272296462,0.0456651464614035,0.0868853639558057,0.129083488199546,0.0306995098684274,0.174095652020186,0.140928537333303,0.31833306027255,"GSE210616_GSM6433595"
