"","Endothelial","CAFs","PVL","B-cells","T-cells","Myeloid","Normal Epithelial","Plasmablasts","Cancer Epithelial","sid"
"Human_Breast_Andersson_10142021_ST_A5_10x17",0.0315027827604626,0.0286892365910421,0.0544385487441092,0.0860918776233528,0.0641635447295967,0.00471933460240445,0.106808859526893,0.0626737652660016,0.560912050156138,"Human_Breast_Andersson_10142021_ST_A5"
"Human_Breast_Andersson_10142021_ST_A5_10x18",0.0195907932578124,0.0308076531687808,0.0137767269937421,0.024649591123088,0.0492446424058393,0.0198528056108511,0.081047238587432,0.185645968327557,0.575384580524897,"Human_Breast_Andersson_10142021_ST_A5"
"Human_Breast_Andersson_10142021_ST_A5_10x19",0.028346217613471,0.127247452624149,0.0174229243151222,0.0188088703257913,0.0257762818390061,0.084303438353589,0.071349151700479,0.0679093477171425,0.55883631551125,"Human_Breast_Andersson_10142021_ST_A5"
"Human_Breast_Andersson_10142021_ST_A5_10x20",0.0326565828789539,0.0712539951543751,0.0172198723057443,0.0156964070887781,0.026449176906543,0.0852775523148627,0.0782245219878916,0.0270508699459009,0.646171021416951,"Human_Breast_Andersson_10142021_ST_A5"
"Human_Breast_Andersson_10142021_ST_A5_10x21",0.0343560267821175,0.0388061608496105,0.0137667300071103,0.00694906983791532,0.0294906323865111,0.0397295300980917,0.0959696463369947,0.164760638810084,0.576171564891565,"Human_Breast_Andersson_10142021_ST_A5"
"Human_Breast_Andersson_10142021_ST_A5_10x22",0.0511867283948491,0.0230235651330286,0.0156942249787045,0.0130355217585811,0.0227732827499478,0.0147307385662503,0.0894588625064093,0.221951515224598,0.548145560687631,"Human_Breast_Andersson_10142021_ST_A5"
"Human_Breast_Andersson_10142021_ST_A5_10x24",0.0747582907348835,0.108690086524131,0.0370856944376918,0.00714420953745049,0.0266481373458257,0.0410530632631585,0.0635165326763128,0.297286008888437,0.343817976592109,"Human_Breast_Andersson_10142021_ST_A5"
"Human_Breast_Andersson_10142021_ST_A5_10x25",0.0905573327565438,0.0684407121617379,0.0346902612787251,0.0401727735533337,0.068721634932026,0.0208897453076757,0.103667536836077,0.0870410847434608,0.48581891843042,"Human_Breast_Andersson_10142021_ST_A5"
"Human_Breast_Andersson_10142021_ST_A5_10x26",0.0373320763754591,0.0348628104003265,0.0211919363133242,0.0192362012950375,0.0372247320995788,0.0223512145196428,0.102487447274518,0.139181533408083,0.58613204831403,"Human_Breast_Andersson_10142021_ST_A5"
"Human_Breast_Andersson_10142021_ST_A5_10x27",0.102587823955239,0.132710018085919,0.0173492073806988,0.0240356770809383,0.0473583639206324,0.068954499218905,0.0538521173441085,0.04464534835229,0.508506944661269,"Human_Breast_Andersson_10142021_ST_A5"
"Human_Breast_Andersson_10142021_ST_A5_10x28",0.0783642474786356,0.069082116402887,0.0340561286332197,0.00905223577327797,0.0385931496356171,0.12766247532399,0.0713814668430843,0.0830571588866644,0.488751021022624,"Human_Breast_Andersson_10142021_ST_A5"
"Human_Breast_Andersson_10142021_ST_A5_10x29",0.0396044687600833,0.0590475619260344,0.0201212864073827,0.0327745593430519,0.0376523876934117,0.0846590321968053,0.0647993902619286,0.240728127965898,0.420613185445404,"Human_Breast_Andersson_10142021_ST_A5"
"Human_Breast_Andersson_10142021_ST_A5_10x30",0.0348509631640423,0.0905705844321025,0.0287189424982089,0.0125716610859824,0.0104132307952384,0.131782948862799,0.0943890940931458,0.211647164526695,0.385055410541786,"Human_Breast_Andersson_10142021_ST_A5"
"Human_Breast_Andersson_10142021_ST_A5_10x31",0.0355258922689288,0.100507796529851,0.0218746062643203,0.0178101494777564,0.0197174428922633,0.0330352582791423,0.0903716804354982,0.307095393393676,0.374061780458564,"Human_Breast_Andersson_10142021_ST_A5"
"Human_Breast_Andersson_10142021_ST_A5_11x19",0.040886655063988,0.0309353422474811,0.0106357149394629,0.0176153227832719,0.0262960647501046,0.0511575251977688,0.105239227061363,0.130176646315958,0.587057501640601,"Human_Breast_Andersson_10142021_ST_A5"
"Human_Breast_Andersson_10142021_ST_A5_11x21",0.0465224985713886,0.0462103303924359,0.0128325453905901,0.0228850996341004,0.0768953774455141,0.0104003528680727,0.175801954100348,0.210708100846287,0.397743740751262,"Human_Breast_Andersson_10142021_ST_A5"
"Human_Breast_Andersson_10142021_ST_A5_11x22",0.0350789285669692,0.0357094457546797,0.0172730451552457,0.00628147616075988,0.0161284563740807,0.128078983340748,0.0956092604780404,0.132527067921481,0.533313336247996,"Human_Breast_Andersson_10142021_ST_A5"
"Human_Breast_Andersson_10142021_ST_A5_11x23",0.0433639335540856,0.0896695613189975,0.0222292723497854,0.0237786344638723,0.0411175470920678,0.0652872002602023,0.0954628335118409,0.154102138360662,0.464988879088486,"Human_Breast_Andersson_10142021_ST_A5"
"Human_Breast_Andersson_10142021_ST_A5_11x24",0.0442620396438144,0.0276889573558666,0.0241067939978643,0.0250913841559705,0.0620732144168933,0.0396963875602591,0.0921213588802235,0.125737514710324,0.559222349278784,"Human_Breast_Andersson_10142021_ST_A5"
"Human_Breast_Andersson_10142021_ST_A5_11x25",0.0274204284089733,0.00915432971320949,0.011222997238289,0.0177135120505926,0.0491502234057363,0.00885028754812588,0.168193404255398,0.191572731380177,0.516722085999498,"Human_Breast_Andersson_10142021_ST_A5"
"Human_Breast_Andersson_10142021_ST_A5_11x26",0.0527063284340429,0.0233240308267571,0.0191190438801296,0.0389169936911217,0.0977606693961244,0.0129568411038862,0.106314744688707,0.0775043437161691,0.571397004263062,"Human_Breast_Andersson_10142021_ST_A5"
"Human_Breast_Andersson_10142021_ST_A5_11x27",0.0716970062211544,0.0347302874836916,0.0365292687019313,0.0103616930136246,0.0546155414757705,0.0897162909477333,0.0724409312521317,0.0866878129532408,0.543221167950722,"Human_Breast_Andersson_10142021_ST_A5"
"Human_Breast_Andersson_10142021_ST_A5_11x28",0.0642995941706078,0.026305427130587,0.0191976215544194,0.0169293234471334,0.0789614636796064,0.0270391482365717,0.0956115423546282,0.175962842627215,0.495693036799231,"Human_Breast_Andersson_10142021_ST_A5"
"Human_Breast_Andersson_10142021_ST_A5_11x29",0.0685885918705911,0.0462182695662937,0.0303192048295553,0.0237819326784111,0.0297796378162667,0.0735429075434918,0.0741321005050357,0.0966482275771118,0.556989127613243,"Human_Breast_Andersson_10142021_ST_A5"
"Human_Breast_Andersson_10142021_ST_A5_11x30",0.0429346090906901,0.142154261917026,0.0300101322850661,0.0582163974433624,0.0620770828074136,0.198144128380275,0.0493411028362775,0.0604063510197714,0.356715934220117,"Human_Breast_Andersson_10142021_ST_A5"
"Human_Breast_Andersson_10142021_ST_A5_11x31",0.0463755396038375,0.0966694859777897,0.0112176470423444,0.0167613397424672,0.0273838970956172,0.193435891189735,0.101276360087853,0.177247449560259,0.329632389700097,"Human_Breast_Andersson_10142021_ST_A5"
"Human_Breast_Andersson_10142021_ST_A5_12x16",0.029327217512735,0.012346263353831,0.011787181979798,0.0464483369370626,0.0737632117348292,0.0159060089717935,0.0646795201214834,0.18018546078751,0.565556798600958,"Human_Breast_Andersson_10142021_ST_A5"
"Human_Breast_Andersson_10142021_ST_A5_12x17",0.0435749431694464,0.046355354149658,0.0263097686489629,0.0211427186539565,0.0190569079843158,0.0373406640908495,0.10719526998012,0.279994086399712,0.419030286922979,"Human_Breast_Andersson_10142021_ST_A5"
"Human_Breast_Andersson_10142021_ST_A5_12x18",0.0398945601041338,0.0404383409125006,0.0203229284755902,0.0169479435390521,0.0337158644031383,0.00901831794659412,0.129807303007162,0.187799843106599,0.522054898505231,"Human_Breast_Andersson_10142021_ST_A5"
"Human_Breast_Andersson_10142021_ST_A5_12x19",0.0251375112830709,0.0431368316583469,0.021254249820367,0.00880662847652646,0.00736126849686206,0.00393903619780125,0.121503310016619,0.341490309436019,0.427370854614387,"Human_Breast_Andersson_10142021_ST_A5"
"Human_Breast_Andersson_10142021_ST_A5_12x20",0.0213301027114565,0.021343927191573,0.0137142253764963,0.0116005786005473,0.0144960102657183,0.0146356014639063,0.089356098869568,0.28667696677087,0.526846488749865,"Human_Breast_Andersson_10142021_ST_A5"
"Human_Breast_Andersson_10142021_ST_A5_12x21",0.0403922969743932,0.0134424761831082,0.0191132942628132,0.0493279475364805,0.0647925760141862,0.016285538377606,0.124317074216881,0.167982868668793,0.504345927765738,"Human_Breast_Andersson_10142021_ST_A5"
"Human_Breast_Andersson_10142021_ST_A5_12x22",0.0825348253497204,0.150526779821837,0.0208788042148822,0.0342502494500946,0.0370378893349837,0.0646956537759041,0.085718991269723,0.162205534911372,0.362151271871484,"Human_Breast_Andersson_10142021_ST_A5"
"Human_Breast_Andersson_10142021_ST_A5_12x23",0.0647395908402098,0.0231082170801938,0.0160673751853652,0.00717287058371527,0.0229400378083427,0.022293713186326,0.118925225506753,0.248790119312613,0.475962850496481,"Human_Breast_Andersson_10142021_ST_A5"
"Human_Breast_Andersson_10142021_ST_A5_12x24",0.0565779190021206,0.06215000450222,0.0338305032567516,0.0587264241337761,0.0688190024141613,0.0600134479269196,0.0689379877623847,0.0890001223211129,0.501944588680553,"Human_Breast_Andersson_10142021_ST_A5"
"Human_Breast_Andersson_10142021_ST_A5_12x25",0.0241884069197279,0.0636855875339528,0.0122637709995073,0.014221636230938,0.0488877044351099,0.0446135599753114,0.0856338134244257,0.197357345372885,0.509148175108142,"Human_Breast_Andersson_10142021_ST_A5"
"Human_Breast_Andersson_10142021_ST_A5_12x26",0.0336893739510622,0.0257043713892908,0.0377658143028088,0.0297848229722989,0.0844655913635342,0.0247498774255204,0.109102602286717,0.139280040590354,0.515457505718413,"Human_Breast_Andersson_10142021_ST_A5"
"Human_Breast_Andersson_10142021_ST_A5_12x27",0.0558585624062263,0.0761652892523868,0.0196914609028412,0.0367224091859289,0.0522465122704936,0.0312150778017771,0.0757457828920183,0.115924414169531,0.536430491118797,"Human_Breast_Andersson_10142021_ST_A5"
"Human_Breast_Andersson_10142021_ST_A5_12x28",0.030403195930372,0.0553628892717671,0.0228575552576518,0.0273413424729127,0.0508175562168267,0.0557384822075803,0.0677087182851015,0.231612417551421,0.458157842806367,"Human_Breast_Andersson_10142021_ST_A5"
"Human_Breast_Andersson_10142021_ST_A5_12x29",0.131123151831288,0.0755675539823289,0.0235817172915111,0.030096065664195,0.0399668504439331,0.148337444029766,0.0593366103438704,0.178000387645581,0.313990218767527,"Human_Breast_Andersson_10142021_ST_A5"
"Human_Breast_Andersson_10142021_ST_A5_12x30",0.0524579822090675,0.0762191641072757,0.0430780504779767,0.0385496517720234,0.0220623679196834,0.145981065101964,0.0998794988804398,0.0435018675817458,0.478270351949824,"Human_Breast_Andersson_10142021_ST_A5"
"Human_Breast_Andersson_10142021_ST_A5_12x31",0.0872156291804284,0.0649278862236315,0.0360365404141084,0.0309175536789451,0.0415239803710036,0.095267150117134,0.0990098532662417,0.151956572156482,0.393144834592025,"Human_Breast_Andersson_10142021_ST_A5"
"Human_Breast_Andersson_10142021_ST_A5_13x16",0.0350030685341408,0.0248491498676976,0.0173811666273846,0.0285712866003151,0.0443595789777495,0.00893608874060167,0.114086344356366,0.256647318411725,0.47016599788402,"Human_Breast_Andersson_10142021_ST_A5"
"Human_Breast_Andersson_10142021_ST_A5_13x17",0.018602186547752,0.01048999088687,0.0193561539426076,0.0374599317597443,0.0311994292231683,0.0283784481105386,0.161591300522856,0.0750434549392303,0.617879104067233,"Human_Breast_Andersson_10142021_ST_A5"
"Human_Breast_Andersson_10142021_ST_A5_13x18",0.101808409751799,0.0897749153778452,0.0328756122093191,0.022511402329208,0.0260020416544671,0.113557137987674,0.0713583488754198,0.151772019481164,0.390340112333104,"Human_Breast_Andersson_10142021_ST_A5"
"Human_Breast_Andersson_10142021_ST_A5_13x19",0.022277757113058,0.0377664012483611,0.00671408687194172,0.0336768541753545,0.0192481842225342,0.0329473733087848,0.122734429222437,0.259540618484397,0.465094295353132,"Human_Breast_Andersson_10142021_ST_A5"
"Human_Breast_Andersson_10142021_ST_A5_13x20",0.0291429141210659,0.0611832863570229,0.0260165000298228,0.0480282458441815,0.0297974748256086,0.0607405268450848,0.135332374890548,0.108463664304036,0.501295012782629,"Human_Breast_Andersson_10142021_ST_A5"
"Human_Breast_Andersson_10142021_ST_A5_13x22",0.0362838329092759,0.0781524456132123,0.0523621631059492,0.0288604148287757,0.0473850230281242,0.0751836586716107,0.122462263174162,0.144802875487616,0.414507323181274,"Human_Breast_Andersson_10142021_ST_A5"
"Human_Breast_Andersson_10142021_ST_A5_13x23",0.0498701539410295,0.0441661731331773,0.0482693440430267,0.0266925778154181,0.0521101691709458,0.0487465317305498,0.0399065484380892,0.14118816375251,0.549050337975253,"Human_Breast_Andersson_10142021_ST_A5"
"Human_Breast_Andersson_10142021_ST_A5_13x24",0.0562602955100021,0.028106276126753,0.0327410617196088,0.0326417278999696,0.0616077617258546,0.00811322331597391,0.0617089571129285,0.26499357013393,0.45382712645498,"Human_Breast_Andersson_10142021_ST_A5"
"Human_Breast_Andersson_10142021_ST_A5_13x25",0.0334565547763323,0.0147054152034024,0.0134737427422187,0.0334678309882995,0.0457286440124426,0.0251156984406812,0.108133803599934,0.102377098270403,0.623541211966286,"Human_Breast_Andersson_10142021_ST_A5"
"Human_Breast_Andersson_10142021_ST_A5_13x26",0.0489775380699677,0.0491915696350531,0.013621429944514,0.0498662957553572,0.0678688626921523,0.0486451675176628,0.086070589017409,0.122856606203567,0.512901941164317,"Human_Breast_Andersson_10142021_ST_A5"
"Human_Breast_Andersson_10142021_ST_A5_13x27",0.0320900183103929,0.0186720188101744,0.017494120162104,0.0307944828223296,0.050578668392975,0.0149903775595708,0.0976968954278496,0.18359588037903,0.554087538135574,"Human_Breast_Andersson_10142021_ST_A5"
"Human_Breast_Andersson_10142021_ST_A5_13x28",0.0521238788729093,0.0415372195783547,0.02340455694337,0.0148330147286462,0.0382842818842655,0.0569225338530988,0.0635148845271316,0.28284392122292,0.426535708389304,"Human_Breast_Andersson_10142021_ST_A5"
"Human_Breast_Andersson_10142021_ST_A5_13x29",0.054338164167728,0.0175280515743186,0.0279989543836176,0.0127912928482413,0.0321676848818328,0.0995600331257764,0.0477638332010226,0.168439707937979,0.539412277879484,"Human_Breast_Andersson_10142021_ST_A5"
"Human_Breast_Andersson_10142021_ST_A5_13x30",0.0210921781976871,0.0325997805206031,0.0143589414727652,0.00846011198985918,0.0609539583075889,0.0295799194695573,0.0529319028443712,0.21399624285598,0.566026964341588,"Human_Breast_Andersson_10142021_ST_A5"
"Human_Breast_Andersson_10142021_ST_A5_13x31",0.0719533864540094,0.056092739845896,0.0228396393075572,0.06749124517427,0.0657415890809558,0.122289797825113,0.0687330714166928,0.0541532964874546,0.470705234408051,"Human_Breast_Andersson_10142021_ST_A5"
"Human_Breast_Andersson_10142021_ST_A5_14x16",0.0253673517559821,0.0227655942880246,0.0147695443379676,0.017626804586325,0.0275811081779475,0.0193590024073012,0.111522502415864,0.375043657595273,0.385964434435314,"Human_Breast_Andersson_10142021_ST_A5"
"Human_Breast_Andersson_10142021_ST_A5_14x17",0.0271322811355872,0.0751458928443882,0.0227175423290071,0.00798102470596673,0.00652429575365378,0.0514678608099452,0.064880096931031,0.353011124638808,0.391139880851613,"Human_Breast_Andersson_10142021_ST_A5"
"Human_Breast_Andersson_10142021_ST_A5_14x18",0.123900365371177,0.0854900851909756,0.0258768554405933,0.0123248024258378,0.0186029740317531,0.0561209586729126,0.0839007718028452,0.137548413816693,0.456234773247212,"Human_Breast_Andersson_10142021_ST_A5"
"Human_Breast_Andersson_10142021_ST_A5_14x19",0.081925674030487,0.0742786270945506,0.0271271718307938,0.0150718646952088,0.0243761562702534,0.042763280833966,0.0951023241802899,0.0565840007172599,0.58277090034719,"Human_Breast_Andersson_10142021_ST_A5"
"Human_Breast_Andersson_10142021_ST_A5_14x20",0.040289308268057,0.116071209862666,0.0309151446834739,0.0234056438000241,0.0202545728245434,0.198274030234399,0.0475845945937547,0.0795387360282684,0.443666759704813,"Human_Breast_Andersson_10142021_ST_A5"
"Human_Breast_Andersson_10142021_ST_A5_14x21",0.127217187305555,0.0596712656632317,0.024033017133784,0.0449663475804357,0.0558305353600518,0.0452597857364448,0.096589662136868,0.0880072887617812,0.458424910321848,"Human_Breast_Andersson_10142021_ST_A5"
"Human_Breast_Andersson_10142021_ST_A5_14x22",0.0462271636782172,0.0146600446318863,0.0140935638291793,0.035187531071015,0.0223529603089596,0.0105224192200662,0.094602375403264,0.256608287978006,0.505745653879406,"Human_Breast_Andersson_10142021_ST_A5"
"Human_Breast_Andersson_10142021_ST_A5_14x23",0.0227906442920216,0.0413642931019899,0.0261561315210816,0.0234112482263131,0.0622839520640329,0.0217628979106223,0.0714483650123443,0.220891204057929,0.509891263813665,"Human_Breast_Andersson_10142021_ST_A5"
"Human_Breast_Andersson_10142021_ST_A5_14x24",0.0297627711108549,0.0635437793786322,0.0560496313490589,0.0127879587467835,0.0338396674578325,0.0456946746481277,0.117362547677235,0.125567710760547,0.515391258870929,"Human_Breast_Andersson_10142021_ST_A5"
"Human_Breast_Andersson_10142021_ST_A5_14x25",0.0629792411650492,0.0723800782191849,0.0395944159239534,0.0271205518122441,0.0321858969145008,0.0574676102635673,0.0800183760986721,0.109709884937317,0.518543944665511,"Human_Breast_Andersson_10142021_ST_A5"
"Human_Breast_Andersson_10142021_ST_A5_14x26",0.0423451390788215,0.0450783073261499,0.040727074934216,0.0164794912741608,0.0385728402202124,0.053074732609166,0.0946539993200091,0.156908716492584,0.51215969874468,"Human_Breast_Andersson_10142021_ST_A5"
"Human_Breast_Andersson_10142021_ST_A5_14x27",0.0457374896748618,0.046079956863142,0.0326938373061509,0.0250367907506156,0.0362852484131009,0.0301601206512959,0.0616924598462536,0.272383897564417,0.449930198930162,"Human_Breast_Andersson_10142021_ST_A5"
"Human_Breast_Andersson_10142021_ST_A5_14x28",0.0193598278936965,0.00563811458864322,0.0069969693207305,0.041147620097882,0.0714593117096139,0.0109366582358754,0.0666144947902192,0.235385521485997,0.542461481877343,"Human_Breast_Andersson_10142021_ST_A5"
"Human_Breast_Andersson_10142021_ST_A5_14x29",0.13129877325702,0.143519557906781,0.0655278826988799,0.0174319665294165,0.0375649723296792,0.0645758936769157,0.146928233138001,0.0745324660736763,0.31862025438963,"Human_Breast_Andersson_10142021_ST_A5"
"Human_Breast_Andersson_10142021_ST_A5_14x30",0.0530974107639219,0.0192318745893619,0.00776640337860381,0.0165398678595953,0.0520522607805981,0.0105562254929057,0.0924752139646175,0.206706750029676,0.54157399314072,"Human_Breast_Andersson_10142021_ST_A5"
"Human_Breast_Andersson_10142021_ST_A5_14x31",0.0488543222030607,0.0509083257267524,0.0192506388702526,0.023112786054284,0.0380786584447631,0.0161873728415162,0.0587973601951162,0.345224115405391,0.399586420258864,"Human_Breast_Andersson_10142021_ST_A5"
"Human_Breast_Andersson_10142021_ST_A5_15x16",0.0219110633899878,0.0141276674160993,0.0113648993128218,0.0772376583694765,0.0532493443566181,0.0221147946343116,0.0853297979968235,0.0854951790146221,0.62916959550924,"Human_Breast_Andersson_10142021_ST_A5"
"Human_Breast_Andersson_10142021_ST_A5_15x17",0.0389339750403854,0.117000384150867,0.0300888172587459,0.0114147477996074,0.0267966123263952,0.00798097919922936,0.0554627399525481,0.311375745971461,0.400945998300761,"Human_Breast_Andersson_10142021_ST_A5"
"Human_Breast_Andersson_10142021_ST_A5_15x18",0.0364332699682122,0.0337923865836704,0.0197529672358882,0.0226620922485297,0.0419130620763804,0.02283706990952,0.198626550370667,0.184335809907852,0.43964679169928,"Human_Breast_Andersson_10142021_ST_A5"
"Human_Breast_Andersson_10142021_ST_A5_15x19",0.0328367097290145,0.0843353228468987,0.0408935795762053,0.00938919065138217,0.0342550174280223,0.0130358484006364,0.0705901672359055,0.123241780890906,0.591422383241029,"Human_Breast_Andersson_10142021_ST_A5"
"Human_Breast_Andersson_10142021_ST_A5_15x20",0.0287356789894292,0.0653771345608691,0.0262269848964598,0.0137158495955814,0.0215018381809783,0.0991497722335341,0.0709317581834472,0.123830327083982,0.550530656275718,"Human_Breast_Andersson_10142021_ST_A5"
"Human_Breast_Andersson_10142021_ST_A5_15x21",0.110362335555765,0.0383869019985333,0.0229711459940135,0.024530053071271,0.0386130621960467,0.0689106020622794,0.0671377935375397,0.190968492026295,0.438119613558256,"Human_Breast_Andersson_10142021_ST_A5"
"Human_Breast_Andersson_10142021_ST_A5_15x22",0.027124440521805,0.00695542407592668,0.0112703669161792,0.0300130795354828,0.0575646270561556,0.0127864621640281,0.0981920529756629,0.346025157590139,0.410068389164621,"Human_Breast_Andersson_10142021_ST_A5"
"Human_Breast_Andersson_10142021_ST_A5_15x23",0.0163996764841999,0.0359494554201365,0.0121744967848883,0.0185850340130195,0.0509621375081167,0.0349416817477321,0.0925930768334144,0.263153944273928,0.475240496934564,"Human_Breast_Andersson_10142021_ST_A5"
"Human_Breast_Andersson_10142021_ST_A5_15x24",0.0597380130292244,0.0555804658283663,0.044728599861384,0.0314931308600487,0.0844255812013486,0.0507992184411817,0.0857231629970898,0.144659836083109,0.442851991698248,"Human_Breast_Andersson_10142021_ST_A5"
"Human_Breast_Andersson_10142021_ST_A5_15x25",0.0690328172440676,0.0652838227607042,0.0537758897467066,0.0137945782571698,0.0358927765530856,0.0642530264009576,0.0691401061708745,0.131846291376913,0.496980691489521,"Human_Breast_Andersson_10142021_ST_A5"
"Human_Breast_Andersson_10142021_ST_A5_15x26",0.0549998360951699,0.0703375731396402,0.0191599064379603,0.0270860069530295,0.0179638238795176,0.032527939097666,0.081514769949984,0.303136743287225,0.393273401159808,"Human_Breast_Andersson_10142021_ST_A5"
"Human_Breast_Andersson_10142021_ST_A5_15x27",0.0633506031356701,0.0229618647256049,0.0186650620782573,0.0301248244372887,0.0829252129233772,0.0449713473966652,0.079704605365496,0.160875758662108,0.496420721275533,"Human_Breast_Andersson_10142021_ST_A5"
"Human_Breast_Andersson_10142021_ST_A5_15x28",0.0824638697358203,0.0504747959154989,0.0327050309055385,0.0230390464734793,0.0410507120345017,0.0242591883085293,0.0823407401266417,0.199128521724082,0.464538094775908,"Human_Breast_Andersson_10142021_ST_A5"
"Human_Breast_Andersson_10142021_ST_A5_15x29",0.0751183851629708,0.0849695912159184,0.0368603060319095,0.032525932233124,0.0379599860857847,0.0466670196294426,0.128099966344649,0.14700292220777,0.410795891088431,"Human_Breast_Andersson_10142021_ST_A5"
"Human_Breast_Andersson_10142021_ST_A5_15x30",0.0256721876703471,0.0212555117885594,0.0170645090762641,0.0244841417889341,0.0478455055279888,0.0186899960394901,0.0798528399195941,0.0511662583734327,0.71396904981539,"Human_Breast_Andersson_10142021_ST_A5"
"Human_Breast_Andersson_10142021_ST_A5_15x31",0.0287045270889435,0.0351854089496033,0.0177081010853543,0.0338824228235216,0.0292069951515729,0.0278176139402914,0.0770535283531098,0.0625256262456612,0.687915776361942,"Human_Breast_Andersson_10142021_ST_A5"
"Human_Breast_Andersson_10142021_ST_A5_16x16",0.0348434377823672,0.062099980272388,0.0194705685525348,0.0120257882738466,0.0230785647069244,0.0506008892301839,0.0582937022015355,0.152611098874639,0.58697597010558,"Human_Breast_Andersson_10142021_ST_A5"
"Human_Breast_Andersson_10142021_ST_A5_16x17",0.0217760602043484,0.0356738382529189,0.0280357650755887,0.0139270627734918,0.0253513278942626,0.0109161259110816,0.0360573560524988,0.407926793224781,0.420335670611028,"Human_Breast_Andersson_10142021_ST_A5"
"Human_Breast_Andersson_10142021_ST_A5_16x18",0.0647213113524263,0.0296670098121211,0.0389957628026802,0.0281059876441301,0.0207162541832693,0.0161674109586161,0.142064631841012,0.176862267688133,0.482699363717612,"Human_Breast_Andersson_10142021_ST_A5"
"Human_Breast_Andersson_10142021_ST_A5_16x19",0.0220231574796031,0.0143256039565155,0.00828109540265698,0.0304340674491016,0.0368068168626716,0.0335429492978378,0.0781434120741414,0.140073056694455,0.636369840783017,"Human_Breast_Andersson_10142021_ST_A5"
"Human_Breast_Andersson_10142021_ST_A5_16x20",0.0211132705960944,0.0325797046806457,0.0119896732586841,0.0193502827113921,0.0337713512022248,0.0229782001684724,0.0604636148880381,0.322655505334589,0.47509839715986,"Human_Breast_Andersson_10142021_ST_A5"
"Human_Breast_Andersson_10142021_ST_A5_16x21",0.0524624099456956,0.048959096661681,0.0412111955869386,0.0193796404606591,0.0454052121657317,0.0124393077348936,0.10076634323466,0.252589776499378,0.426787017710362,"Human_Breast_Andersson_10142021_ST_A5"
"Human_Breast_Andersson_10142021_ST_A5_16x22",0.0324558136282786,0.0140568748553175,0.0123447105073898,0.0145568767584481,0.0314003506310111,0.0234176660103697,0.0637824590628303,0.270793658241865,0.53719159030449,"Human_Breast_Andersson_10142021_ST_A5"
"Human_Breast_Andersson_10142021_ST_A5_16x23",0.0226032718933751,0.0196123851343254,0.00883852985962042,0.0188535081052176,0.0474147416628301,0.00929767075147808,0.0980891772614891,0.302185706104059,0.473105009227606,"Human_Breast_Andersson_10142021_ST_A5"
"Human_Breast_Andersson_10142021_ST_A5_16x24",0.0131768538180729,0.0229539270289459,0.00969052359964549,0.014151310647957,0.0482688636769099,0.0456499578454476,0.0910108057961797,0.225139280967551,0.529958476619291,"Human_Breast_Andersson_10142021_ST_A5"
"Human_Breast_Andersson_10142021_ST_A5_16x25",0.0699490247501564,0.0334083503514194,0.0158265461035084,0.0373663525597366,0.038305203781294,0.028188318584025,0.101407386217007,0.161836202648337,0.513712615004517,"Human_Breast_Andersson_10142021_ST_A5"
"Human_Breast_Andersson_10142021_ST_A5_16x26",0.0427270768094642,0.0450732579974968,0.0110199178863791,0.034457331377587,0.0601977862812652,0.0471525698115224,0.0918258432427686,0.123244526427911,0.544301690165606,"Human_Breast_Andersson_10142021_ST_A5"
"Human_Breast_Andersson_10142021_ST_A5_16x27",0.085831356009047,0.150594418271737,0.0640746010679203,0.0195441924273836,0.0217490822492308,0.0535171574470973,0.0600786257715788,0.135258968519631,0.409351598236374,"Human_Breast_Andersson_10142021_ST_A5"
"Human_Breast_Andersson_10142021_ST_A5_16x28",0.0830488999900635,0.0987798136881939,0.0653650998871381,0.0413460858247262,0.0315776899723846,0.0233957341245889,0.0512957980969292,0.0773067882805338,0.527884090135442,"Human_Breast_Andersson_10142021_ST_A5"
"Human_Breast_Andersson_10142021_ST_A5_16x29",0.0151524859749991,0.00955785878662769,0.00631545205683381,0.0107269014080688,0.0147184385189091,0.0272209581120688,0.147840080068578,0.11431769392266,0.654150131151255,"Human_Breast_Andersson_10142021_ST_A5"
"Human_Breast_Andersson_10142021_ST_A5_16x30",0.0297276016571768,0.028971177886911,0.0198304362272978,0.0323767861631039,0.0662638104600703,0.0184428586256981,0.0922200987441789,0.0915806027397594,0.620586627495804,"Human_Breast_Andersson_10142021_ST_A5"
"Human_Breast_Andersson_10142021_ST_A5_16x31",0.0402281742755642,0.0151484799715027,0.015271192234615,0.0237744501831353,0.074560464283619,0.0176122319271646,0.108428830319001,0.221720488565154,0.483255688240244,"Human_Breast_Andersson_10142021_ST_A5"
"Human_Breast_Andersson_10142021_ST_A5_17x16",0.0272200347505553,0.0156170569526001,0.0181906474121654,0.0434436112831849,0.0959021378004152,0.007068686904831,0.0589454215301945,0.212137953753227,0.521474449612827,"Human_Breast_Andersson_10142021_ST_A5"
"Human_Breast_Andersson_10142021_ST_A5_17x17",0.0229109534961155,0.0464093623201268,0.0251960495243943,0.0185554701007172,0.03471634853257,0.011789802134182,0.0699244933906236,0.271240372469828,0.499257148031443,"Human_Breast_Andersson_10142021_ST_A5"
"Human_Breast_Andersson_10142021_ST_A5_17x18",0.0258434079394705,0.0173914386702336,0.0158520905440917,0.0178522493008415,0.0152990199756821,0.00641190389011022,0.141535742138603,0.244801905700473,0.515012241840494,"Human_Breast_Andersson_10142021_ST_A5"
"Human_Breast_Andersson_10142021_ST_A5_17x19",0.0308710618252791,0.0141277550669706,0.0153626532030546,0.0418277034499382,0.0866918321022858,0.0118575612790573,0.119443143090935,0.0356090564138889,0.64420923356859,"Human_Breast_Andersson_10142021_ST_A5"
"Human_Breast_Andersson_10142021_ST_A5_17x20",0.0540913662380861,0.0280050764172485,0.0309261238617109,0.0431736262764646,0.0631057144946464,0.0264104698242853,0.113873604064575,0.194565090646668,0.445848928176315,"Human_Breast_Andersson_10142021_ST_A5"
"Human_Breast_Andersson_10142021_ST_A5_17x21",0.0738513361944514,0.0527182375185261,0.0215401694462094,0.01975999871699,0.0380620165160774,0.0169639660856631,0.08482801871805,0.177612795808154,0.514663460995879,"Human_Breast_Andersson_10142021_ST_A5"
"Human_Breast_Andersson_10142021_ST_A5_17x22",0.0871036980658587,0.0814895218643647,0.0212330896803142,0.0191783386160884,0.023031431430572,0.0230890192886423,0.0752581930909664,0.278747846114376,0.390868861848818,"Human_Breast_Andersson_10142021_ST_A5"
"Human_Breast_Andersson_10142021_ST_A5_17x23",0.0432948306723673,0.0190321563065654,0.0100327571770777,0.0137462958907934,0.0375616609913352,0.00593440054644307,0.118776219979565,0.293567732293729,0.458053946142124,"Human_Breast_Andersson_10142021_ST_A5"
"Human_Breast_Andersson_10142021_ST_A5_17x24",0.047235188419023,0.0167532044602518,0.00997557124359699,0.0379785647482135,0.0218501914089323,0.0139879062324954,0.0762148369376494,0.265359718477548,0.510644818072289,"Human_Breast_Andersson_10142021_ST_A5"
"Human_Breast_Andersson_10142021_ST_A5_17x25",0.0357315588203128,0.0166989411584036,0.0289624041728491,0.0287869826380291,0.0608558039745559,0.0197744507011675,0.0890774985554439,0.165776285972445,0.554336074006793,"Human_Breast_Andersson_10142021_ST_A5"
"Human_Breast_Andersson_10142021_ST_A5_17x26",0.0477916023856931,0.0231663512889789,0.0183642086964727,0.0103597348827161,0.0267561919670114,0.0282793784484495,0.0724117070195976,0.255310878551376,0.517559946759705,"Human_Breast_Andersson_10142021_ST_A5"
"Human_Breast_Andersson_10142021_ST_A5_17x27",0.0593827258372183,0.0358603079413582,0.0152295513128738,0.0335405742707194,0.0285840291090805,0.0264005725185634,0.101365762709088,0.0846459006592529,0.614990575641845,"Human_Breast_Andersson_10142021_ST_A5"
"Human_Breast_Andersson_10142021_ST_A5_17x28",0.0291325929623405,0.0220244743962822,0.00754668152538844,0.00800823144762251,0.0160043967044693,0.0156519001817693,0.0975850648127509,0.090439421550964,0.713607236418413,"Human_Breast_Andersson_10142021_ST_A5"
"Human_Breast_Andersson_10142021_ST_A5_17x29",0.0567363311621783,0.0169203355400908,0.0191451823130365,0.0207991593185147,0.0220089652933904,0.0171986015713388,0.0938419706303834,0.181788890907184,0.571560563263883,"Human_Breast_Andersson_10142021_ST_A5"
"Human_Breast_Andersson_10142021_ST_A5_17x30",0.037680595470289,0.0210970946642395,0.042043221244888,0.0527754629926827,0.0866821888488475,0.0176046294046341,0.0978894246748121,0.0630162964294894,0.581211086270118,"Human_Breast_Andersson_10142021_ST_A5"
"Human_Breast_Andersson_10142021_ST_A5_18x16",0.0438095008975825,0.011778327586487,0.00884223307484626,0.0137247459540534,0.0542777353342721,0.0125564670164703,0.0611774048367227,0.38045118181751,0.413382403482055,"Human_Breast_Andersson_10142021_ST_A5"
"Human_Breast_Andersson_10142021_ST_A5_18x17",0.0365262574902636,0.00870565681073658,0.00725490889638751,0.0203721474366337,0.0382295570129862,0.0103671988884014,0.109371320109595,0.201267160727751,0.567905792627246,"Human_Breast_Andersson_10142021_ST_A5"
"Human_Breast_Andersson_10142021_ST_A5_18x18",0.0186297163007789,0.0231589713233818,0.0145475099112804,0.0101665648248188,0.0301788105738111,0.0152425356402482,0.140170806819748,0.110320963901638,0.637584120704295,"Human_Breast_Andersson_10142021_ST_A5"
"Human_Breast_Andersson_10142021_ST_A5_18x19",0.0582767120584168,0.0580964202121154,0.0419923520991101,0.00683977363461513,0.0152863540208296,0.0915659890051492,0.0897313405445634,0.0158287038746635,0.622382354550537,"Human_Breast_Andersson_10142021_ST_A5"
"Human_Breast_Andersson_10142021_ST_A5_18x21",0.023641924297094,0.035052518068306,0.015383457165788,0.0297449152481213,0.0267949032774653,0.0155702848959281,0.0952184112582744,0.222935857859992,0.535657727929031,"Human_Breast_Andersson_10142021_ST_A5"
"Human_Breast_Andersson_10142021_ST_A5_18x22",0.0325769445365986,0.0282965684165405,0.0146072242709585,0.0288626069654812,0.0545015439551254,0.00667419254909546,0.141929899539544,0.118164587310417,0.574386432456239,"Human_Breast_Andersson_10142021_ST_A5"
"Human_Breast_Andersson_10142021_ST_A5_18x23",0.0131637352652981,0.00650149931748291,0.0073267842526294,0.00507801247343661,0.00682238720171742,0.00314944360801323,0.178860163607914,0.18201944778735,0.597078526486158,"Human_Breast_Andersson_10142021_ST_A5"
"Human_Breast_Andersson_10142021_ST_A5_18x24",0.0254662737416324,0.028764367095256,0.0116115117648816,0.011807726308941,0.0279993947670047,0.0115628509276821,0.0935037885096018,0.145438494397724,0.643845592487276,"Human_Breast_Andersson_10142021_ST_A5"
"Human_Breast_Andersson_10142021_ST_A5_18x25",0.0537156934100043,0.0522358265493958,0.0185482651892827,0.0187052651965593,0.01335455914472,0.0328351880220253,0.0682959599027789,0.255848552242354,0.486460690342879,"Human_Breast_Andersson_10142021_ST_A5"
"Human_Breast_Andersson_10142021_ST_A5_18x26",0.0595707093951591,0.0702363579607143,0.029495486469599,0.0157705710361101,0.0177469439403343,0.016561997510919,0.0412467007610458,0.262922272267651,0.486448960658467,"Human_Breast_Andersson_10142021_ST_A5"
"Human_Breast_Andersson_10142021_ST_A5_18x27",0.0320762041072672,0.0186989282441845,0.0150275923413191,0.0110178144088445,0.0166298416440705,0.00810842726086692,0.0510929186727982,0.364457335504038,0.482890937816611,"Human_Breast_Andersson_10142021_ST_A5"
"Human_Breast_Andersson_10142021_ST_A5_18x28",0.015122080904432,0.0147072821989316,0.00672579535435758,0.00559782534777164,0.00932666925686646,0.0243120459203837,0.0600858133302333,0.466071631727803,0.398050855959221,"Human_Breast_Andersson_10142021_ST_A5"
"Human_Breast_Andersson_10142021_ST_A5_18x29",0.066770072889094,0.0262641623865367,0.0111851241577477,0.0570377141429096,0.0654535992623811,0.0199033132312504,0.0951556513460132,0.0457572824796558,0.612473080104412,"Human_Breast_Andersson_10142021_ST_A5"
"Human_Breast_Andersson_10142021_ST_A5_18x30",0.0429571018861989,0.0107934596377527,0.0157262555600818,0.0443362382041513,0.0786124365564452,0.0156437683582092,0.103877087054677,0.164457828920641,0.523595823821843,"Human_Breast_Andersson_10142021_ST_A5"
"Human_Breast_Andersson_10142021_ST_A5_18x31",0.0507155938666787,0.0195799863524723,0.0225133323744552,0.0201414490316295,0.0545440192901132,0.00667989192142553,0.096123564056514,0.224705119643288,0.504997043463424,"Human_Breast_Andersson_10142021_ST_A5"
"Human_Breast_Andersson_10142021_ST_A5_19x16",0.0462008285033624,0.0441265173801979,0.0230630507083075,0.00418407470680397,0.0135848670655557,0.0804986705492002,0.12264296092909,0.0567894652322502,0.608909564925232,"Human_Breast_Andersson_10142021_ST_A5"
"Human_Breast_Andersson_10142021_ST_A5_19x17",0.0628533508379457,0.0114894162555572,0.0148095725692375,0.0406644285051602,0.0590590736426671,0.0272239440380719,0.0663058482138132,0.204286580784215,0.513307785153332,"Human_Breast_Andersson_10142021_ST_A5"
"Human_Breast_Andersson_10142021_ST_A5_19x18",0.0295896845267352,0.021150274408738,0.0171373835361698,0.0219252059357353,0.0462117177818376,0.0116830287009451,0.10381869325954,0.196481991650779,0.55200202019952,"Human_Breast_Andersson_10142021_ST_A5"
"Human_Breast_Andersson_10142021_ST_A5_19x19",0.0287603365200743,0.0155086463887695,0.00691007104777837,0.0186188549452623,0.016274297809594,0.020414197094439,0.181004331393996,0.127117978361648,0.585391286438438,"Human_Breast_Andersson_10142021_ST_A5"
"Human_Breast_Andersson_10142021_ST_A5_19x20",0.022747181296716,0.0207196627019424,0.0217410503026819,0.0426331936002504,0.0596075544056831,0.0183378007322443,0.0990297298212532,0.172821312812088,0.54236251432714,"Human_Breast_Andersson_10142021_ST_A5"
"Human_Breast_Andersson_10142021_ST_A5_19x21",0.0273047360891679,0.0497840188856599,0.0460736114258267,0.0393365335923182,0.0380987826017106,0.00978537941342252,0.0750293788296184,0.171073858168256,0.54351370099402,"Human_Breast_Andersson_10142021_ST_A5"
"Human_Breast_Andersson_10142021_ST_A5_19x22",0.0249567181804255,0.0194881745728598,0.00882703406401191,0.0320883378556879,0.0513038477253566,0.00746339225745079,0.104880724274492,0.105109958073516,0.645881812996199,"Human_Breast_Andersson_10142021_ST_A5"
"Human_Breast_Andersson_10142021_ST_A5_19x23",0.0491820731151008,0.0405640282993524,0.010862801894995,0.0163411543741326,0.0303654043227786,0.0492994424236233,0.0852117168445003,0.231494594550588,0.486678784174929,"Human_Breast_Andersson_10142021_ST_A5"
"Human_Breast_Andersson_10142021_ST_A5_19x24",0.0295742524785141,0.0151814547683433,0.00808116632835153,0.0121314262839505,0.0312950440600797,0.0116814849840771,0.0936726573894567,0.368156394305643,0.430226119401584,"Human_Breast_Andersson_10142021_ST_A5"
"Human_Breast_Andersson_10142021_ST_A5_19x25",0.0400268337664215,0.0141219750765012,0.00858247384286874,0.0137712613584928,0.0422656589804356,0.0181712963067411,0.0594116677639374,0.192210126655996,0.611438706248606,"Human_Breast_Andersson_10142021_ST_A5"
"Human_Breast_Andersson_10142021_ST_A5_19x26",0.0227957644606188,0.0197154611448276,0.0159671535270199,0.0102174408259086,0.0137711295745797,0.0161756260546355,0.0658191846002532,0.320366695029625,0.515171544782532,"Human_Breast_Andersson_10142021_ST_A5"
"Human_Breast_Andersson_10142021_ST_A5_19x27",0.0421608422787538,0.0212336316007781,0.0213549671890424,0.00930968257947954,0.0309334087925753,0.0138313576502972,0.107694157242362,0.218860190239555,0.534621762427156,"Human_Breast_Andersson_10142021_ST_A5"
"Human_Breast_Andersson_10142021_ST_A5_19x28",0.0316550979586144,0.0363652886606003,0.0228384615124156,0.0223549794122416,0.0469495697955065,0.0222368946348755,0.108517778804751,0.105519332831348,0.603562596389647,"Human_Breast_Andersson_10142021_ST_A5"
"Human_Breast_Andersson_10142021_ST_A5_19x29",0.0238065391401867,0.027979166166395,0.0169281008121286,0.0221615309728768,0.0279954276969152,0.0117396223747244,0.0961096650492938,0.107711940784091,0.665568007003388,"Human_Breast_Andersson_10142021_ST_A5"
"Human_Breast_Andersson_10142021_ST_A5_19x30",0.0464528038647223,0.0219318515120558,0.0120814174998889,0.0448571733596321,0.0666082927837691,0.0188890910241881,0.0393273874022029,0.0880522390393967,0.661799743514144,"Human_Breast_Andersson_10142021_ST_A5"
"Human_Breast_Andersson_10142021_ST_A5_19x31",0.0532156497420807,0.0368856380239388,0.0152785097641169,0.0305134348516692,0.0360266259596148,0.0177525482621161,0.082115949072749,0.115492718719799,0.612718925603916,"Human_Breast_Andersson_10142021_ST_A5"
"Human_Breast_Andersson_10142021_ST_A5_20x17",0.0528466305462614,0.0536860306264215,0.0328554134881425,0.0459453844677459,0.0772183784641653,0.00655521743881917,0.110466807259354,0.129034348032663,0.491391789676427,"Human_Breast_Andersson_10142021_ST_A5"
"Human_Breast_Andersson_10142021_ST_A5_20x18",0.0395924121332149,0.0142759028876326,0.0231295853430335,0.0530072297742819,0.0533853277662395,0.00836990987361313,0.100823244629789,0.158661283585074,0.548755104007122,"Human_Breast_Andersson_10142021_ST_A5"
"Human_Breast_Andersson_10142021_ST_A5_20x19",0.0369629011328604,0.0178639126976963,0.0139089069159571,0.0140637683611561,0.0289930038639566,0.00955878826078295,0.0664515795557311,0.329301207489566,0.482895931722293,"Human_Breast_Andersson_10142021_ST_A5"
"Human_Breast_Andersson_10142021_ST_A5_20x20",0.0261293944040405,0.0283360119736814,0.0122238506442585,0.0263273369694763,0.056591297941912,0.0155319595906217,0.0924949785735875,0.236357957646002,0.50600721225642,"Human_Breast_Andersson_10142021_ST_A5"
"Human_Breast_Andersson_10142021_ST_A5_20x21",0.0573811754988924,0.0449898623575141,0.0506973370252226,0.0243304487723993,0.0460135923612242,0.0309746862675944,0.107147674768167,0.19087975438973,0.447585468559256,"Human_Breast_Andersson_10142021_ST_A5"
