"","Endothelial","CAFs","PVL","B-cells","T-cells","Myeloid","Normal Epithelial","Plasmablasts","Cancer Epithelial","sid"
"Human_Breast_Andersson_10142021_ST_B2_10x17",0.088740115581284,0.000271459722707308,0.0158068880883276,0.00269979573972353,0.0549607507392333,0.168214594428451,0.00265312532914633,0.615137820470696,0.0515154499004301,"Human_Breast_Andersson_10142021_ST_B2"
"Human_Breast_Andersson_10142021_ST_B2_10x18",0.0441295171416757,0.0418416113644271,0.019040993190338,0.021951967265534,0.00489156066905278,0.0882704135164314,0.156808744201347,0.510746762388586,0.112318430262608,"Human_Breast_Andersson_10142021_ST_B2"
"Human_Breast_Andersson_10142021_ST_B2_10x19",0.00140717314660554,0.117585418596463,0.00141612549155001,0.511269658111375,0.175053634613781,0.00167388713336558,0.00917644143120979,0.000544544981694633,0.181873116493956,"Human_Breast_Andersson_10142021_ST_B2"
"Human_Breast_Andersson_10142021_ST_B2_10x20",0.013302573161032,0.0365998591742393,0.0351206299343915,0.0122863516168949,0.0112365456548931,0.00130474103546413,0.368920783987705,0.351612764926137,0.169615750509243,"Human_Breast_Andersson_10142021_ST_B2"
"Human_Breast_Andersson_10142021_ST_B2_10x21",0.0503185506272735,0.110244499566398,0.00995500642532478,0.00381127027508721,0.00501232649450491,0.0559147526353703,0.210232410038664,0.241279346507381,0.313231837429996,"Human_Breast_Andersson_10142021_ST_B2"
"Human_Breast_Andersson_10142021_ST_B2_10x22",0.0510113341568451,0.0656021023770167,0.0238495582226986,0.0363676367368431,0.00832866267391404,0.117002381252705,0.05875305056202,0.512346464419709,0.126738809598249,"Human_Breast_Andersson_10142021_ST_B2"
"Human_Breast_Andersson_10142021_ST_B2_10x23",0.189440426827073,0.0569210906304604,0.0320293048824233,0.00283842360805755,0.013149849919528,0.202986224865078,0.0377369763678369,0.183458653253867,0.281439049645677,"Human_Breast_Andersson_10142021_ST_B2"
"Human_Breast_Andersson_10142021_ST_B2_10x24",0.0169933345494063,0.121273343384773,0.0295593723622706,0.189528321790636,0.00690794094105503,0.273637212011837,0.0775693045451213,0.171832373690108,0.112698796724794,"Human_Breast_Andersson_10142021_ST_B2"
"Human_Breast_Andersson_10142021_ST_B2_10x25",0.0203438808142254,0.0473744242605091,0.00897734992255548,0.0349443397684084,0.0902087374688258,0.121226865980699,0.0246423296041942,0.348073789434253,0.30420828274633,"Human_Breast_Andersson_10142021_ST_B2"
"Human_Breast_Andersson_10142021_ST_B2_10x26",0.0576032194654624,0.0812770316116222,0.0376816448480277,0.0089868549169342,0.0817578254471945,0.0915644107922677,0.00466285831496238,0.456220985461317,0.180245169142212,"Human_Breast_Andersson_10142021_ST_B2"
"Human_Breast_Andersson_10142021_ST_B2_10x27",0.121021998899183,0.0748828854115206,0.0386768764753652,0.0722746825084553,0.000960011667446816,0.0619943243707877,0.00660406222250605,0.544095222094602,0.0794899363501328,"Human_Breast_Andersson_10142021_ST_B2"
"Human_Breast_Andersson_10142021_ST_B2_10x28",0.0806481208916204,0.149692291106689,0.0224866210448477,0.124651195507354,0.00901390803025165,0.038703021261589,0.0194009254833987,0.476653912014423,0.0787500046598264,"Human_Breast_Andersson_10142021_ST_B2"
"Human_Breast_Andersson_10142021_ST_B2_10x29",0.0770838822779746,0.102172878893263,0.0369692410293987,0.342345784617858,0.00742124829106798,0.0840360313220953,0.0772057423400585,0.258100989026544,0.014664202201739,"Human_Breast_Andersson_10142021_ST_B2"
"Human_Breast_Andersson_10142021_ST_B2_10x30",0.0627705318559797,0.0780436133310382,0.0548333372919048,0.17773738639547,0.0160257691171517,0.0303075516809885,0.314970059297881,0.230612612129985,0.0346991388996005,"Human_Breast_Andersson_10142021_ST_B2"
"Human_Breast_Andersson_10142021_ST_B2_10x31",0.00429441519377801,0.0445100837030879,0.0354636720516731,0.129511774241494,0.0602507653863907,0.0713575884095672,0.238096418146225,0.294315811668036,0.122199471199748,"Human_Breast_Andersson_10142021_ST_B2"
"Human_Breast_Andersson_10142021_ST_B2_10x32",0.0563734797136279,0.0454515617047389,0.0576742258455257,0.0419646150730898,0.0150899089562049,0.151155759366014,0.151042673251824,0.432274402263436,0.0489733738255391,"Human_Breast_Andersson_10142021_ST_B2"
"Human_Breast_Andersson_10142021_ST_B2_11x18",0.0122896934081842,0.0843155252639769,0.014244115876289,0.00053165710641896,0.000129037113194162,0.243999729237335,0.0446933872265747,0.38776279277021,0.212034061997817,"Human_Breast_Andersson_10142021_ST_B2"
"Human_Breast_Andersson_10142021_ST_B2_11x19",0.0777900397566553,0.0373028280653679,0.0161781800766739,0.14904828347832,0.0278217523546511,0.0855535575859594,0.0932445676196198,0.279085693865384,0.233975097197369,"Human_Breast_Andersson_10142021_ST_B2"
"Human_Breast_Andersson_10142021_ST_B2_11x20",0.200967148300243,0.153794855062625,0.0928831854632432,0.000320464232679875,0.000513163004356233,0.0824953192945658,0.00736232469685375,0.358487886680239,0.103175653265194,"Human_Breast_Andersson_10142021_ST_B2"
"Human_Breast_Andersson_10142021_ST_B2_11x21",0.0991389044879518,0.0174706346131721,0.000782300894028646,0.000760946976803578,0.00116354318909389,0.00586336822818572,0.0646980949449626,0.734391819709488,0.0757303869563141,"Human_Breast_Andersson_10142021_ST_B2"
"Human_Breast_Andersson_10142021_ST_B2_11x22",0.065044967567498,0.0329536511675778,0.00545964476827396,0.00146011798662003,0.0012542841742872,0.1238757484491,0.0121000091617179,0.663982177257947,0.0938693994669782,"Human_Breast_Andersson_10142021_ST_B2"
"Human_Breast_Andersson_10142021_ST_B2_11x23",0.0394748740706563,0.196926514888855,0.0165865433468388,0.0674624605730029,0.0190749931095729,0.178032063969841,0.057433768577859,0.343533508748652,0.0814752727147228,"Human_Breast_Andersson_10142021_ST_B2"
"Human_Breast_Andersson_10142021_ST_B2_11x25",0.115572971148858,0.113669592473207,0.0328362103510827,0.00159757348656514,0.178651790989586,0.180855100310854,0.0866612613719917,0.164072544162735,0.126082955705121,"Human_Breast_Andersson_10142021_ST_B2"
"Human_Breast_Andersson_10142021_ST_B2_11x26",0.0294968642606651,0.0626316604057469,0.0376055119356853,0.354170347991872,0.0349403048093626,0.138916493626676,0.033424362444011,0.158761965521796,0.150052489004185,"Human_Breast_Andersson_10142021_ST_B2"
"Human_Breast_Andersson_10142021_ST_B2_11x27",0.0493487354513923,0.22102163634213,0.0990508393982494,0.086132968127415,0.00374670992675364,0.132194061663437,0.0325364192693756,0.295200699290356,0.0807679305308906,"Human_Breast_Andersson_10142021_ST_B2"
"Human_Breast_Andersson_10142021_ST_B2_11x28",0.0358790363733763,0.251669004093571,0.0433987362985914,0.0026949163572148,0.0115640438330653,0.0992039307350597,0.0262538091806642,0.518569376549204,0.0107671465792534,"Human_Breast_Andersson_10142021_ST_B2"
"Human_Breast_Andersson_10142021_ST_B2_11x29",0.0469016784035661,0.135857567584208,0.0259949481447288,0.0497713625305704,0.114569596538752,0.0898444204142533,0.302803129099349,0.222334079305318,0.0119232179792542,"Human_Breast_Andersson_10142021_ST_B2"
"Human_Breast_Andersson_10142021_ST_B2_11x30",0.0229628132837624,0.0906280440445075,0.00900226762873237,0.0192386430385252,0.169383613677774,0.0772592697438784,0.468000428013282,0.127569305869016,0.0159556147005222,"Human_Breast_Andersson_10142021_ST_B2"
"Human_Breast_Andersson_10142021_ST_B2_11x31",0.150865977407983,0.132540970328715,0.00563873238827443,0.0122213752287346,0.00252910405995677,0.11637790213407,0.138612228059449,0.422621901024945,0.0185918093678715,"Human_Breast_Andersson_10142021_ST_B2"
"Human_Breast_Andersson_10142021_ST_B2_11x32",0.400213369356771,0.0725834274923818,0.0197921651473282,0.0461009812354468,0.00339944117680707,0.131666664258676,0.106807648249994,0.0281158831934532,0.191320419889142,"Human_Breast_Andersson_10142021_ST_B2"
"Human_Breast_Andersson_10142021_ST_B2_12x18",0.0714492830707098,0.0330221400887669,0.153356392492421,0.104158852645596,0.00442538953402675,0.0226819173800417,0.174054602675779,0.321302244551488,0.11554917756117,"Human_Breast_Andersson_10142021_ST_B2"
"Human_Breast_Andersson_10142021_ST_B2_12x19",0.00152816528445739,0.0464866804596885,0.00132381054147316,0.000489730652181011,0.000525121278541069,0.00949784774487491,0.0821435206572545,0.773980562056033,0.0840245613254962,"Human_Breast_Andersson_10142021_ST_B2"
"Human_Breast_Andersson_10142021_ST_B2_12x20",0.00155849552184023,0.0103704139026269,0.127200869409884,0.350006915029621,0.305271875984413,0.0483258935856807,0.00873255573499454,0.000223312096845414,0.148309668734094,"Human_Breast_Andersson_10142021_ST_B2"
"Human_Breast_Andersson_10142021_ST_B2_12x22",0.0029775456680098,0.0179964797741138,0.00157912962606825,0.000441952932309213,0.00145855954804709,0.000215065786653346,0.11970232199485,0.821450454853689,0.0341784898162596,"Human_Breast_Andersson_10142021_ST_B2"
"Human_Breast_Andersson_10142021_ST_B2_12x23",0.048394775486699,0.162250797268042,0.00936531239083719,0.0226930806177945,0.160298307255409,0.206023853014306,0.107802124457056,0.145072723436797,0.138099026073059,"Human_Breast_Andersson_10142021_ST_B2"
"Human_Breast_Andersson_10142021_ST_B2_12x24",0.0221339752474148,0.0999661128552683,0.033965287380619,0.36267881843895,0.130148900233476,0.194558213652607,0.0222225816689268,0.0434094481431818,0.0909166623795566,"Human_Breast_Andersson_10142021_ST_B2"
"Human_Breast_Andersson_10142021_ST_B2_12x25",0.00578849816450948,0.110250718623652,0.00110946823171113,0.259720835983283,0.282955499421532,0.149654224719533,0.00313288814563292,0.174910262470534,0.0124776042396124,"Human_Breast_Andersson_10142021_ST_B2"
"Human_Breast_Andersson_10142021_ST_B2_12x26",0.0115739900732161,0.19030741800885,0.00495862815259136,0.010363617216796,0.0223270468678611,0.0696991828989117,0.0259175411354935,0.652877816088036,0.011974759558245,"Human_Breast_Andersson_10142021_ST_B2"
"Human_Breast_Andersson_10142021_ST_B2_12x27",0.122132455197564,0.135545867586072,0.00931644022750319,0.0355953406908775,0.0451181208050999,0.0757862731314547,0.150813576732868,0.407906034212498,0.0177858914160631,"Human_Breast_Andersson_10142021_ST_B2"
"Human_Breast_Andersson_10142021_ST_B2_12x28",0.0307912541299226,0.0107634857540771,0.012774915999943,0.0120470222798269,0.0126790942821846,0.0519452095667359,0.697370095865299,0.163702973861503,0.00792594826050882,"Human_Breast_Andersson_10142021_ST_B2"
"Human_Breast_Andersson_10142021_ST_B2_12x29",0.0164453186879414,0.0726516414500379,0.00697297286159276,0.00554661864387737,0.0145858745299357,0.0408288684137793,0.343450462511722,0.465804285069343,0.0337139578317705,"Human_Breast_Andersson_10142021_ST_B2"
"Human_Breast_Andersson_10142021_ST_B2_12x30",0.0665697398644975,0.140730126703126,0.028571167643874,0.00481361278727347,0.00514811712900401,0.157797162579728,0.219805855353287,0.332884713749873,0.043679504189337,"Human_Breast_Andersson_10142021_ST_B2"
"Human_Breast_Andersson_10142021_ST_B2_12x31",0.0404303557265697,0.170500452332686,0.00942220280470618,0.066209856124908,0.0228912456672065,0.167169108113368,0.103335478400908,0.313754922367082,0.106286378462566,"Human_Breast_Andersson_10142021_ST_B2"
"Human_Breast_Andersson_10142021_ST_B2_13x19",0.0306124377256631,0.000543933676354493,0.000113302321117369,0.0528822048130459,0.00499810726662964,0.0463947455963669,0.512289058402451,0.294950460253176,0.0572157499451961,"Human_Breast_Andersson_10142021_ST_B2"
"Human_Breast_Andersson_10142021_ST_B2_13x22",0.0768004300259851,0.00519702984317005,0.000223103861357893,0.000138240719730449,0.14236315228313,0.0045461635920343,0.144586599817236,0.489003756795308,0.137141523062048,"Human_Breast_Andersson_10142021_ST_B2"
"Human_Breast_Andersson_10142021_ST_B2_13x23",0.0894704446371228,0.0548334654069575,0.000998615120790342,0.18552921280439,0.0259694333472254,0.221029562577472,0.21861599548784,0.00939424044514198,0.19415903017306,"Human_Breast_Andersson_10142021_ST_B2"
"Human_Breast_Andersson_10142021_ST_B2_13x24",0.0232170143168138,0.0947630908451521,0.0609818580150708,0.170899089067103,0.033487802769627,0.075585272327648,0.0116107682986979,0.514344400989331,0.0151107033705567,"Human_Breast_Andersson_10142021_ST_B2"
"Human_Breast_Andersson_10142021_ST_B2_13x25",0.0989537338854509,0.102790039030045,0.00437569874796325,0.0342811366376494,0.0199223925402121,0.505487835269103,0.00855934688040044,0.0716211194245365,0.15400869758464,"Human_Breast_Andersson_10142021_ST_B2"
"Human_Breast_Andersson_10142021_ST_B2_13x26",0.011119165122414,0.0491821895459762,0.00394110768872128,0.0297465223188268,0.00245997728508602,0.103911514576473,0.202811276342919,0.523376636823328,0.0734516102962568,"Human_Breast_Andersson_10142021_ST_B2"
"Human_Breast_Andersson_10142021_ST_B2_13x27",0.0565624009278456,0.122274627133844,0.0348667362076343,0.00949138093179634,0.00764433391503737,0.0800807007996951,0.253096585257064,0.432096311238627,0.00388692358845651,"Human_Breast_Andersson_10142021_ST_B2"
"Human_Breast_Andersson_10142021_ST_B2_13x28",0.239998878491944,0.329239877589027,0.00838222169508462,0.0285053438652421,0.0099328599442772,0.042630918800848,0.115334890398479,0.194980627570471,0.0309943816446276,"Human_Breast_Andersson_10142021_ST_B2"
"Human_Breast_Andersson_10142021_ST_B2_13x29",0.0472019949896087,0.045623295818167,0.0794063577799544,0.00593708106020912,0.0226805146633726,0.121171815506227,0.0182692969979231,0.536113370347105,0.123596272837433,"Human_Breast_Andersson_10142021_ST_B2"
"Human_Breast_Andersson_10142021_ST_B2_13x30",0.0139922057173057,0.105005198365316,0.0018120660786796,0.0370852824424584,0.15727338689917,0.170300128264861,0.0120867182192987,8.9113463621705e-05,0.50235590054929,"Human_Breast_Andersson_10142021_ST_B2"
"Human_Breast_Andersson_10142021_ST_B2_13x31",0.0792927708603396,0.114475451610994,0.148173288573541,0.000259192039802336,0.00113077928277679,0.146370937479242,0.224904491542082,0.000340317591716274,0.285052771019505,"Human_Breast_Andersson_10142021_ST_B2"
"Human_Breast_Andersson_10142021_ST_B2_14x19",0.215488208755718,0.212208788622609,0.000228503572457077,0.00083713029341839,0.000667624839418059,0.00725428889814966,0.00165073043199023,0.536451648504046,0.0252130760821939,"Human_Breast_Andersson_10142021_ST_B2"
"Human_Breast_Andersson_10142021_ST_B2_14x20",0.000620345498573634,0.116261835521676,0.00424732758859686,0.000584362191957775,0.615030553569762,0.000168721821414901,0.0494634900606938,0.000396231747549616,0.213227131999776,"Human_Breast_Andersson_10142021_ST_B2"
"Human_Breast_Andersson_10142021_ST_B2_14x21",0.0292244297180064,0.0770951491118606,0.084766902116997,0.0750597919916012,0.126100720704649,0.00241842054362782,0.205391584389494,0.365675337609354,0.0342676638144108,"Human_Breast_Andersson_10142021_ST_B2"
"Human_Breast_Andersson_10142021_ST_B2_14x22",0.0523156387805676,0.00639520054678046,0.129669267037963,0.0126083688666115,0.374205419591007,0.00029682123064523,0.199821154539384,0.199848863957751,0.0248392654492898,"Human_Breast_Andersson_10142021_ST_B2"
"Human_Breast_Andersson_10142021_ST_B2_14x23",0.00381807657454617,0.116465498235985,0.00141818683578352,0.00708651391704166,0.358552475095732,0.128122141829334,0.22070308527763,0.00867999723005113,0.155154025003897,"Human_Breast_Andersson_10142021_ST_B2"
"Human_Breast_Andersson_10142021_ST_B2_14x25",0.00844949256950768,0.0694838058853773,0.0123606342385335,5.43489680877809e-05,0.777299638097423,0.0244772068476105,0.0395290234475893,0.000127005988422388,0.068218843957448,"Human_Breast_Andersson_10142021_ST_B2"
"Human_Breast_Andersson_10142021_ST_B2_14x26",0.137198704481249,0.282050959385524,0.00309941029709941,0.00510718152032201,0.00579633855371592,0.0449414526194703,0.128177129261341,0.217585393253434,0.176043430627844,"Human_Breast_Andersson_10142021_ST_B2"
"Human_Breast_Andersson_10142021_ST_B2_14x27",0.00733199050214096,0.0696385101225032,0.000639877855277028,0.012152924636366,0.00496685817318434,0.0583643868871759,0.1513506329657,0.0504232516148626,0.64513156724279,"Human_Breast_Andersson_10142021_ST_B2"
"Human_Breast_Andersson_10142021_ST_B2_14x28",0.0105685507623769,0.0174396759594053,0.152735571357108,0.00531892629203923,0.15419581491801,0.00021941284977875,0.00306336833268933,0.473846739275555,0.182611940253038,"Human_Breast_Andersson_10142021_ST_B2"
"Human_Breast_Andersson_10142021_ST_B2_14x29",0.0132022718660563,0.0464900085052971,0.0215181441453939,0.469217729948517,0.121503138957725,0.08647592471979,0.0162822406301571,0.154835343858764,0.0704751973682995,"Human_Breast_Andersson_10142021_ST_B2"
"Human_Breast_Andersson_10142021_ST_B2_14x30",0.00446874821904594,0.0866069080059962,0.0689019349762372,2.54467325596638e-05,9.80869346803133e-05,0.0434624870416114,0.00148457726639874,0.738372823890017,0.0565789869334539,"Human_Breast_Andersson_10142021_ST_B2"
"Human_Breast_Andersson_10142021_ST_B2_14x31",0.00701881222597365,0.157312511290916,0.0239565223853554,0.0202884619073331,0.0189716292109546,0.141151778525089,0.0175067170692452,0.529726212066568,0.0840673553185654,"Human_Breast_Andersson_10142021_ST_B2"
"Human_Breast_Andersson_10142021_ST_B2_15x20",0.145879275869529,0.0012504657115213,4.00887958089045e-05,0.0534392644337063,6.33059915905449e-05,0.357848605398855,0.111371242239615,0.26983768834675,0.0602700632126239,"Human_Breast_Andersson_10142021_ST_B2"
"Human_Breast_Andersson_10142021_ST_B2_15x21",0.0122204074395154,0.0744277786453484,0.0332185467812728,0.357657797834102,0.168234263765287,0.0104916957029875,0.0243783579936252,0.105330329412384,0.214040822425478,"Human_Breast_Andersson_10142021_ST_B2"
"Human_Breast_Andersson_10142021_ST_B2_15x22",0.030330309530171,0.0778396116801845,0.140006109496536,0.305668705884194,0.0281670358336306,0.167316690830013,0.208043472920579,0.0201956394538057,0.0224324243708858,"Human_Breast_Andersson_10142021_ST_B2"
"Human_Breast_Andersson_10142021_ST_B2_15x23",0.00632238067271727,0.00600131503164847,0.154447548086331,0.0836909705503145,0.0120478818157165,0.155932874908814,0.0500283222208032,7.18657105807381e-05,0.531456841003074,"Human_Breast_Andersson_10142021_ST_B2"
"Human_Breast_Andersson_10142021_ST_B2_15x24",0.0133768458460739,0.122458082047366,0.00323998165512853,0.0377723023635411,0.0693814840652415,0.0819985766141514,0.123129847406193,0.195112054622986,0.353530825379318,"Human_Breast_Andersson_10142021_ST_B2"
"Human_Breast_Andersson_10142021_ST_B2_15x25",0.13166042858058,0.0133948134064833,0.0161407320937906,0.137539512097806,0.0541323596803794,0.00475647038944844,0.12186476028095,0.484197439363588,0.0363134841069748,"Human_Breast_Andersson_10142021_ST_B2"
"Human_Breast_Andersson_10142021_ST_B2_15x27",0.0437179270641737,0.0583658694295464,2.49028166132381e-05,4.18892995605626e-05,0.000160903506972089,3.38657980976567e-05,0.116978428855534,0.520306020728844,0.260370192500658,"Human_Breast_Andersson_10142021_ST_B2"
"Human_Breast_Andersson_10142021_ST_B2_15x28",0.000354176272890981,0.116910679212785,0.00594570237763067,0.207299554709451,0.00291993199728281,0.066644300854832,0.144139738282878,5.80929409366952e-05,0.455727823351312,"Human_Breast_Andersson_10142021_ST_B2"
"Human_Breast_Andersson_10142021_ST_B2_15x29",0.128595193812833,0.0182525933365497,0.00484093131075543,0.00128567266770358,0.389087661376324,0.0196372977689477,0.0233037322259529,0.340547721309751,0.0744491961911822,"Human_Breast_Andersson_10142021_ST_B2"
"Human_Breast_Andersson_10142021_ST_B2_15x30",0.000538435559972885,0.0120638429091529,0.00135456194800705,0.019051987539301,0.0642647282635986,8.76661884677956e-06,0.19253879932519,0.619492044047701,0.0906868337882302,"Human_Breast_Andersson_10142021_ST_B2"
"Human_Breast_Andersson_10142021_ST_B2_15x31",0.102307778612477,0.0310559159683652,0.0579842746371305,0.0462270640785217,0.325139439423721,0.0314223384189081,0.146233239568155,0.077944839864611,0.181685109428111,"Human_Breast_Andersson_10142021_ST_B2"
"Human_Breast_Andersson_10142021_ST_B2_16x22",0.00915419725252095,0.0842693819025575,0.0423642361130032,0.00053389950879513,0.000416738930454856,0.224672340778735,0.0462798380069354,0.229759893078928,0.36254947442807,"Human_Breast_Andersson_10142021_ST_B2"
"Human_Breast_Andersson_10142021_ST_B2_16x24",7.5775564757485e-05,0.00050578708527368,8.967157382029e-05,4.14114744546778e-06,1.05899871110735e-05,4.64859583553077e-07,0.0732641202204059,0.854368620687556,0.0716808288740461,"Human_Breast_Andersson_10142021_ST_B2"
"Human_Breast_Andersson_10142021_ST_B2_16x25",0.262425128968033,0.120966050312507,0.161182761133314,0.0240234698203973,0.079426254062461,0.149859040973299,0.0297245037315439,0.00626225705511866,0.166130533943326,"Human_Breast_Andersson_10142021_ST_B2"
"Human_Breast_Andersson_10142021_ST_B2_16x26",0.0144169501450703,0.0397013058369979,0.05627640244038,0.134904290827903,0.0109935678771316,0.110527546617788,0.0603419395926304,0.522023799225626,0.0508141974364724,"Human_Breast_Andersson_10142021_ST_B2"
"Human_Breast_Andersson_10142021_ST_B2_16x28",0.00092074070005744,0.0046913539457075,0.0559474177430473,0.456834340916951,0.01974237408537,0.06580523978769,0.111566660247597,0.0726978204980325,0.211794052075548,"Human_Breast_Andersson_10142021_ST_B2"
"Human_Breast_Andersson_10142021_ST_B2_16x29",0.0125099131099672,0.0464674164959468,0.0583725593957521,3.97162940509034e-05,0.476848809144916,0.286446087049144,0.0289059992126689,0.000473767578395236,0.0899357317191592,"Human_Breast_Andersson_10142021_ST_B2"
"Human_Breast_Andersson_10142021_ST_B2_16x30",0.0488915314246585,0.0484641594768015,0.00175090848900979,0.191076485842233,0.00108676168157808,0.179461822997664,0.116656981799685,0.365191058332815,0.0474202899555548,"Human_Breast_Andersson_10142021_ST_B2"
"Human_Breast_Andersson_10142021_ST_B2_16x31",0.101270023718059,0.0336194518379525,0.0208097717076163,0.403705617371314,0.0221890586205266,0.0912901109200573,0.0387717094981343,0.00243208514352806,0.285912171182811,"Human_Breast_Andersson_10142021_ST_B2"
"Human_Breast_Andersson_10142021_ST_B2_17x21",0.0441299302841915,0.0541780582556686,0.0144276356033182,0.501380497065922,0.0197524694879486,0.0580351985731106,0.152777329254696,3.8979239242116e-05,0.155279902235902,"Human_Breast_Andersson_10142021_ST_B2"
"Human_Breast_Andersson_10142021_ST_B2_17x26",0.0906944340334222,0.252870296021679,0.0264955351518753,0.0307167976194167,0.0388443128975795,0.137615142238665,0.172909573686921,0.0015501309929268,0.248303777357514,"Human_Breast_Andersson_10142021_ST_B2"
"Human_Breast_Andersson_10142021_ST_B2_17x27",0.00605548701068052,0.0352271670909714,0.0258190007677247,0.140210699021359,0.0231851455916242,0.288109528739574,0.123027644857892,0.0013821417594053,0.356983185160769,"Human_Breast_Andersson_10142021_ST_B2"
"Human_Breast_Andersson_10142021_ST_B2_17x28",0.0152218119830408,0.00498535797434877,0.0710416122610912,0.316692235253794,0.106521945270247,0.00155264998287741,0.216756811042815,0.0321861348205816,0.235041441411205,"Human_Breast_Andersson_10142021_ST_B2"
"Human_Breast_Andersson_10142021_ST_B2_17x29",0.0125317646004478,0.207646203240001,0.00952961216130218,0.0932280147882794,0.0209006990277141,0.109097698133472,0.0871359613098375,0.000775812277701586,0.459154234461244,"Human_Breast_Andersson_10142021_ST_B2"
"Human_Breast_Andersson_10142021_ST_B2_17x30",0.00238363628859336,0.019430050673147,0.000114596480153415,0.00131882868044825,0.00081433129457503,0.0465711567654463,0.225302267981743,0.582235330055857,0.121829801780036,"Human_Breast_Andersson_10142021_ST_B2"
"Human_Breast_Andersson_10142021_ST_B2_18x22",0.00169511091177917,0.222008473859039,0.0968864962545115,0.0332122762428348,0.00027996590421284,0.32368281232355,0.0536301066945866,0.0598362281791655,0.208768529630321,"Human_Breast_Andersson_10142021_ST_B2"
"Human_Breast_Andersson_10142021_ST_B2_18x25",0.167467068477213,0.0489580973601864,0.182137220919381,0.0003116648401641,0.00262585737311322,0.157934538063395,0.0908094772425588,0.0354372229873658,0.314318852736623,"Human_Breast_Andersson_10142021_ST_B2"
"Human_Breast_Andersson_10142021_ST_B2_18x26",0.13873352563532,0.245713147385769,0.0340824292955374,0.00459824336046229,0.00631333378457601,0.0813318595731096,0.194235586087818,0.000468855421792192,0.294523019455615,"Human_Breast_Andersson_10142021_ST_B2"
"Human_Breast_Andersson_10142021_ST_B2_18x27",0.133763439907349,0.137484442528435,0.00184903736033526,0.000360668725355663,0.51060222889928,0.00864101700877376,0.0340629933217813,0.000845426611105531,0.172390745637585,"Human_Breast_Andersson_10142021_ST_B2"
"Human_Breast_Andersson_10142021_ST_B2_18x28",0.119766542126295,0.00427333674691072,0.019995770993701,0.0571158423207654,0.00280215552541886,0.0230867035445422,0.0393838563057998,0.234291425483688,0.499284366952879,"Human_Breast_Andersson_10142021_ST_B2"
"Human_Breast_Andersson_10142021_ST_B2_18x29",0.00215089203511671,0.00356603893191974,6.75590109977849e-05,3.53712178311046e-06,1.95634521766184e-06,0.000119800610355793,0.114809027586237,0.659003654645377,0.220277533712995,"Human_Breast_Andersson_10142021_ST_B2"
"Human_Breast_Andersson_10142021_ST_B2_18x30",0.0936161045372471,0.103021742880781,0.000171988915783856,0.00379561858404914,0.0312731590925941,0.0658979821443491,0.149137328243114,0.0030016437518211,0.55008443185026,"Human_Breast_Andersson_10142021_ST_B2"
"Human_Breast_Andersson_10142021_ST_B2_18x31",0.00247049245428931,0.157297396099833,0.000154166966314026,0.000257359239554526,0.0277667534171262,0.000901098730450314,0.0875070247600857,0.536575587524991,0.187070120807357,"Human_Breast_Andersson_10142021_ST_B2"
"Human_Breast_Andersson_10142021_ST_B2_19x23",0.0803608883115583,0.0181994008951239,0.00893185318018884,0.0495073102739436,0.00328718523114243,0.13087676865579,0.00811834192648506,0.468643572999545,0.232074678526223,"Human_Breast_Andersson_10142021_ST_B2"
"Human_Breast_Andersson_10142021_ST_B2_19x25",0.0313848477662544,0.153016829914803,0.0426205665990577,0.0340154624846168,0.160305370601927,0.0229827985399099,0.055146073796295,0.0226994729102407,0.477828577386895,"Human_Breast_Andersson_10142021_ST_B2"
"Human_Breast_Andersson_10142021_ST_B2_19x26",0.00582224973703638,0.0333792611622517,0.0381909161365736,0.00167350732787714,0.00601233540122144,0.0321835090480799,0.20766133348306,0.337281634888509,0.337795252815391,"Human_Breast_Andersson_10142021_ST_B2"
"Human_Breast_Andersson_10142021_ST_B2_19x27",0.0351419159176942,0.00696492818950572,0.0527728524631893,0.0211730303480178,0.0333015449077243,0.000164346851741048,0.110114577174857,0.457197569011153,0.283169235136118,"Human_Breast_Andersson_10142021_ST_B2"
"Human_Breast_Andersson_10142021_ST_B2_19x29",0.0400394106630157,0.143422072420497,0.0156884535302168,0.0140471934831325,0.115632962620748,0.197006492442916,0.080125586494033,0.110384318066704,0.283653510278738,"Human_Breast_Andersson_10142021_ST_B2"
"Human_Breast_Andersson_10142021_ST_B2_19x30",0.29374992551118,0.0763425939537865,0.00319564600913648,0.0341953019907068,0.0495682881675223,0.245584443002592,0.255822450540804,0.00169186233194176,0.03984948849233,"Human_Breast_Andersson_10142021_ST_B2"
"Human_Breast_Andersson_10142021_ST_B2_19x31",0.034322987051068,0.159924062845254,0.127653640192376,0.256121900616277,0.0185661899671144,0.0294990971279384,0.0751396613024894,0.112591043707215,0.186181417190268,"Human_Breast_Andersson_10142021_ST_B2"
"Human_Breast_Andersson_10142021_ST_B2_20x23",0.317816537141728,0.2232563776229,0.109589373033933,0.0409693413410877,0.0417316416648332,0.00967487326351364,0.0144920456050482,0.000224085340353835,0.242245724986603,"Human_Breast_Andersson_10142021_ST_B2"
"Human_Breast_Andersson_10142021_ST_B2_20x24",0.00797989589771948,0.00985066340946873,0.000877119827642284,0.331128680278324,0.021139735385607,0.0312105136548755,0.082068666669842,0.388606926261966,0.127137798614556,"Human_Breast_Andersson_10142021_ST_B2"
"Human_Breast_Andersson_10142021_ST_B2_20x27",0.00624578963136061,0.0863535368037077,0.0811190208019437,0.151340758583461,0.119813011508937,0.0672932449305505,0.0327450245258646,0.000714008673739267,0.454375604540435,"Human_Breast_Andersson_10142021_ST_B2"
"Human_Breast_Andersson_10142021_ST_B2_20x28",4.26310294804434e-05,0.0386047590989001,0.0368884906177862,0.133175032962036,0.022157412354321,0.00434429367234725,0.0380356311473944,0.477953434289047,0.248798314828688,"Human_Breast_Andersson_10142021_ST_B2"
"Human_Breast_Andersson_10142021_ST_B2_20x29",0.22304688112863,0.00981652769380735,0.00334644384100569,0.000131229658140485,0.001577880712733,0.036487855395579,0.106434873333328,0.504083992321191,0.115074315915586,"Human_Breast_Andersson_10142021_ST_B2"
"Human_Breast_Andersson_10142021_ST_B2_20x30",0.0167679663482726,0.217880453646163,0.0023704647294574,0.0267759201217897,0.000670770971641942,0.221500646781839,0.00803222226963021,0.41882755070461,0.0871740044265972,"Human_Breast_Andersson_10142021_ST_B2"
"Human_Breast_Andersson_10142021_ST_B2_20x31",0.317030302054421,0.0832631287931441,0.104887522161533,0.00478039164182166,0.115715157126937,0.00020137482154827,0.124272708498906,0.157642719139456,0.0922066957622331,"Human_Breast_Andersson_10142021_ST_B2"
"Human_Breast_Andersson_10142021_ST_B2_21x24",0.618580393058555,0.186218617632466,0.0340527734790764,0.0111089979548178,0.0134561217990743,0.0712722816834819,0.0144587988403242,0.0023152450864485,0.0485367704657563,"Human_Breast_Andersson_10142021_ST_B2"
"Human_Breast_Andersson_10142021_ST_B2_21x28",0.0537254455582617,0.426223349766052,0.00368578408314443,0.145496271190639,0.0374471265965838,0.0944678615651821,0.102260176658627,0.00222774743722601,0.134466237144284,"Human_Breast_Andersson_10142021_ST_B2"
"Human_Breast_Andersson_10142021_ST_B2_21x29",0.474443649726863,0.0385556463208616,0.0472392890105655,0.00164005418712405,0.00657569844613113,0.227314514868666,0.0177927233270818,0.00174432853906068,0.184694095573647,"Human_Breast_Andersson_10142021_ST_B2"
"Human_Breast_Andersson_10142021_ST_B2_21x30",0.00357766886937679,0.0592744903610723,0.198722927488964,0.0064255432088506,0.238314847980633,0.0348471726336135,0.203814722809657,0.00301773873979162,0.252004887908041,"Human_Breast_Andersson_10142021_ST_B2"
"Human_Breast_Andersson_10142021_ST_B2_21x31",0.0138069230278021,0.146715687766552,0.00445020087350261,0.123441650613908,0.0448358537270505,0.0254364061754218,0.0396378848453223,0.24497121873458,0.356704174235861,"Human_Breast_Andersson_10142021_ST_B2"
"Human_Breast_Andersson_10142021_ST_B2_22x24",0.25729125101144,0.15244740541869,0.000428235184614668,0.0182571291905283,0.00889456153873471,0.0077228891621867,0.149154464814645,0.302208558236375,0.103595505442786,"Human_Breast_Andersson_10142021_ST_B2"
"Human_Breast_Andersson_10142021_ST_B2_22x26",0.010416467264582,0.0557094243718476,0.0667809198693869,0.00363197468754336,4.41386637417044e-05,0.258251218745561,0.00100445561619001,0.375172012668488,0.22898938811266,"Human_Breast_Andersson_10142021_ST_B2"
"Human_Breast_Andersson_10142021_ST_B2_22x28",0.247243463823175,0.137446699512633,0.137270442929263,0.00426428854050674,0.000421592979082401,0.00243667818922553,0.0172066171529669,0.439699013444382,0.0140112034287664,"Human_Breast_Andersson_10142021_ST_B2"
"Human_Breast_Andersson_10142021_ST_B2_22x29",0.216732968780275,0.0124610866045078,0.00348833267207377,0.00813888428985692,0.164581028784872,0.0295703560034124,0.00534624239941067,0.373279320031088,0.186401780434504,"Human_Breast_Andersson_10142021_ST_B2"
"Human_Breast_Andersson_10142021_ST_B2_22x30",0.201099798446285,0.0125011616184394,0.0295011617985722,0.00290542888583679,0.00472286493643221,0.0311278273276907,0.410291910366954,0.228997369895932,0.0788524767238573,"Human_Breast_Andersson_10142021_ST_B2"
"Human_Breast_Andersson_10142021_ST_B2_22x31",0.0926897353402423,0.184189725974059,0.0490401042931845,0.242939267043157,0.00127087704740711,0.130265476574831,0.238888330702598,0.00019111747005162,0.0605253655544688,"Human_Breast_Andersson_10142021_ST_B2"
"Human_Breast_Andersson_10142021_ST_B2_23x29",0.207606647750176,0.142806066386278,0.0175943692835293,0.150115880247651,0.000887320715831723,0.295695760249999,0.0583652635419025,0.0120469589686581,0.114881732855974,"Human_Breast_Andersson_10142021_ST_B2"
"Human_Breast_Andersson_10142021_ST_B2_23x30",0.104265746362831,0.138814050259978,0.0631252273170702,0.0134822404482317,0.15872345454216,0.0226729850926111,0.36938772806817,0.0182053643502146,0.111323203558733,"Human_Breast_Andersson_10142021_ST_B2"
"Human_Breast_Andersson_10142021_ST_B2_24x30",0.123193956263387,0.059650631521175,0.000828189343635613,0.183036077061489,0.007686507206513,0.117882574393827,0.23497187443758,0.201952304624154,0.0707978851482401,"Human_Breast_Andersson_10142021_ST_B2"
"Human_Breast_Andersson_10142021_ST_B2_24x31",0.0504325166499431,0.00294218354369886,0.0114863612588485,0.443748555004218,0.0131105842045955,0.00138460701236394,0.191124897438716,0.0214297264262254,0.26434056846139,"Human_Breast_Andersson_10142021_ST_B2"
"Human_Breast_Andersson_10142021_ST_B2_25x31",0.000748380861519487,0.00803763148180553,0.00301003011554842,0.000235677197905658,0.000511372838255357,0.0250901603967973,0.00809874329709667,0.296200864645177,0.658067139165894,"Human_Breast_Andersson_10142021_ST_B2"
"Human_Breast_Andersson_10142021_ST_B2_2x18",0.227260515403432,0.0699694597033875,0.114658627047174,0.036888687723737,0.00551905984175418,0.15308649327776,0.119477260221855,0.0417859018100834,0.231353994970816,"Human_Breast_Andersson_10142021_ST_B2"
"Human_Breast_Andersson_10142021_ST_B2_2x19",0.12829173292384,0.0515880045546453,0.0956884178085485,0.0066724831388286,0.00213896359800756,0.113841606461751,0.117949048519558,0.393702286912457,0.0901274560823645,"Human_Breast_Andersson_10142021_ST_B2"
"Human_Breast_Andersson_10142021_ST_B2_2x20",0.0996241717103888,0.120373040234954,0.0134919353596227,0.00199026306084626,0.0108666347305226,0.0421068946137448,0.0695275791560525,0.526536882619703,0.115482598514166,"Human_Breast_Andersson_10142021_ST_B2"
"Human_Breast_Andersson_10142021_ST_B2_2x21",0.0343517544057749,0.0931541967265011,0.0759851387713151,0.0866529889056186,0.0233216040338185,0.140194807573112,0.0952570792402236,0.24943697868617,0.201645451657466,"Human_Breast_Andersson_10142021_ST_B2"
"Human_Breast_Andersson_10142021_ST_B2_2x22",0.0341499836970509,0.0399940606977791,0.042779655128827,0.0177382500250869,0.0324761172822762,0.133082228219445,0.0755471013887294,0.221074996723284,0.403157606837521,"Human_Breast_Andersson_10142021_ST_B2"
"Human_Breast_Andersson_10142021_ST_B2_2x23",0.0157155953940989,0.0142099017341362,0.0146221120943231,0.0117947743298652,0.020071602507972,0.107365993222613,0.11849691539131,0.246813550747656,0.450909554578026,"Human_Breast_Andersson_10142021_ST_B2"
"Human_Breast_Andersson_10142021_ST_B2_2x24",0.00235029741853048,0.00165579470311099,0.00439759437784268,0.00328237745448894,0.00594198637662118,0.00120047719243818,0.071719060609357,0.279523689228037,0.629928722639574,"Human_Breast_Andersson_10142021_ST_B2"
"Human_Breast_Andersson_10142021_ST_B2_2x25",0.0120259943948841,0.011181612901374,0.0156905794242536,0.0175994660411445,0.0374396445342253,0.016518605577698,0.0817534452465545,0.305795753710135,0.50199489816973,"Human_Breast_Andersson_10142021_ST_B2"
"Human_Breast_Andersson_10142021_ST_B2_2x26",0.0115029086424659,0.00987619310252616,0.0132269738177444,0.00798155424108639,0.0221994968719606,0.106368788885594,0.104485646862396,0.19137904773382,0.532979389842407,"Human_Breast_Andersson_10142021_ST_B2"
"Human_Breast_Andersson_10142021_ST_B2_2x27",0.0198943769395412,0.0174017549669273,0.0217806766466123,0.0167013305847294,0.0317875259032,0.0122087752623071,0.0654012098617247,0.149079187958538,0.66574516187642,"Human_Breast_Andersson_10142021_ST_B2"
"Human_Breast_Andersson_10142021_ST_B2_2x28",0.0118106573011512,0.0498613990607206,0.0278377631202513,0.0232709772594204,0.0331725638282279,0.0299753240710307,0.0892263874438158,0.228781892936907,0.506063034978475,"Human_Breast_Andersson_10142021_ST_B2"
"Human_Breast_Andersson_10142021_ST_B2_2x29",0.0104925557338813,0.0100103706145976,0.0158647873015522,0.0303382283896294,0.0160464633594154,0.0192892730678144,0.0511755781214671,0.232198875118332,0.61458386829331,"Human_Breast_Andersson_10142021_ST_B2"
"Human_Breast_Andersson_10142021_ST_B2_2x30",0.0234224933660554,0.0533965356595337,0.0294794442771508,0.0279027238721289,0.0739054266098959,0.124681960432193,0.0507881968084267,0.204304296505392,0.412118922469224,"Human_Breast_Andersson_10142021_ST_B2"
"Human_Breast_Andersson_10142021_ST_B2_2x31",0.0207700538734516,0.0302318488411075,0.0127361107093492,0.0299966282686714,0.0171219729559947,0.275413337241486,0.0738754408238856,0.182589275269123,0.357265332016931,"Human_Breast_Andersson_10142021_ST_B2"
"Human_Breast_Andersson_10142021_ST_B2_2x32",0.0474797317323773,0.0635452700968817,0.0394626782923962,0.0414776575382007,0.0159860856285656,0.324057783885461,0.0660607702245778,0.134703595129837,0.267226427471703,"Human_Breast_Andersson_10142021_ST_B2"
"Human_Breast_Andersson_10142021_ST_B2_3x15",0.042731835954805,0.0598074941562961,0.00981100383797185,0.00765967327824688,0.00294116125572765,0.0189527123019446,0.0486566303065018,0.636690875314357,0.172748613594149,"Human_Breast_Andersson_10142021_ST_B2"
"Human_Breast_Andersson_10142021_ST_B2_3x16",0.00356294182311646,0.0820030872256063,0.099594507034499,0.00286747083813598,0.00470528189421072,0.081938006506352,0.153798046897182,0.35492235195737,0.216608305823528,"Human_Breast_Andersson_10142021_ST_B2"
"Human_Breast_Andersson_10142021_ST_B2_3x17",0.00676091245719416,0.0514908786619766,0.0104777195370468,0.00535855684233323,0.0050865090622116,0.065067303149129,0.0237446182615138,0.706662685779395,0.1253508162492,"Human_Breast_Andersson_10142021_ST_B2"
"Human_Breast_Andersson_10142021_ST_B2_3x18",0.00291055090457154,0.00314168016831319,0.00170552208051734,0.00126168430781828,0.00102151203950925,0.0354117157979406,0.0650350011717776,0.555981969628498,0.333530363901054,"Human_Breast_Andersson_10142021_ST_B2"
"Human_Breast_Andersson_10142021_ST_B2_3x19",0.0770051533940918,0.0695059209455921,0.0906696275494047,0.00557100266522549,0.00449236191982866,0.0781561906383938,0.110513264503393,0.489467520209784,0.0746189581742864,"Human_Breast_Andersson_10142021_ST_B2"
"Human_Breast_Andersson_10142021_ST_B2_3x20",0.040922634819435,0.0273285631646328,0.0952706556630852,0.0449436653228447,0.115365178161001,0.12438206191315,0.0938641989629245,0.281206583339749,0.176716458653178,"Human_Breast_Andersson_10142021_ST_B2"
"Human_Breast_Andersson_10142021_ST_B2_3x21",0.105457876615894,0.052375226654689,0.107919393706505,0.023586467439517,0.0085645402660339,0.175696972857143,0.295303507885857,0.141796335821744,0.0892996787526159,"Human_Breast_Andersson_10142021_ST_B2"
"Human_Breast_Andersson_10142021_ST_B2_3x22",0.0295989789470788,0.0789940128285978,0.0132742201854387,0.0223383658241415,0.00936457865439622,0.153320967786828,0.0645121982503106,0.364990363747443,0.263606313775765,"Human_Breast_Andersson_10142021_ST_B2"
"Human_Breast_Andersson_10142021_ST_B2_3x23",0.0328130026120008,0.0700943323924512,0.0216644349563595,0.0702164792130751,0.0721792644857399,0.157371540668348,0.0537379048403705,0.266798849333829,0.255124191497826,"Human_Breast_Andersson_10142021_ST_B2"
"Human_Breast_Andersson_10142021_ST_B2_3x24",0.0547140822233405,0.0338343265340253,0.0202246073525087,0.0388488159651986,0.0555694237288152,0.183548440833181,0.058360023159011,0.171151040238351,0.383749239965569,"Human_Breast_Andersson_10142021_ST_B2"
"Human_Breast_Andersson_10142021_ST_B2_3x25",0.00500186117815223,0.00458927937562,0.00583030377573334,0.00659544376293779,0.0263784615328733,0.00191268269546333,0.0920021762125822,0.263804158558326,0.593885632908312,"Human_Breast_Andersson_10142021_ST_B2"
"Human_Breast_Andersson_10142021_ST_B2_3x26",0.0177599055477523,0.0395071200975619,0.0307442367788808,0.0234399604835139,0.0255785234724061,0.0478573423542357,0.0786679398580107,0.251238205388771,0.485206766018867,"Human_Breast_Andersson_10142021_ST_B2"
