"","Endothelial","CAFs","PVL","B-cells","T-cells","Myeloid","Normal Epithelial","Plasmablasts","Cancer Epithelial","sid"
"Human_Breast_He_06222020_ST_BC23287_C1_3x30",0.00382820312086126,0.114466697422715,0.0102176202987701,7.65322343213506e-05,8.36430209981787e-05,0.002910735208862,0.0121549924652593,0.304743865255948,0.551517710972265,"Human_Breast_He_06222020_ST_BC23287_C1"
"Human_Breast_He_06222020_ST_BC23287_C1_3x31",0.0150271085052279,0.153173711835926,0.00055231170420439,0.000286835932672714,0.000195047329223092,0.00346932985730165,0.0102514455512818,0.000726322052281329,0.816317887231881,"Human_Breast_He_06222020_ST_BC23287_C1"
"Human_Breast_He_06222020_ST_BC23287_C1_7x30",0.0048865229975595,0.119544260503636,0.0489548665117366,2.24705761300751e-06,5.219910042718e-05,0.000230199703704661,0.00304834667643937,0.163232375115417,0.660048982333467,"Human_Breast_He_06222020_ST_BC23287_C1"
"Human_Breast_He_06222020_ST_BC23287_C1_8x21",0.000780482980436224,0.108010075811005,0.00160107154010673,0.000222820707612709,0.000291940989229348,0.00153969851421091,0.0291653170654211,0.0343042638456335,0.824084328546344,"Human_Breast_He_06222020_ST_BC23287_C1"
"Human_Breast_He_06222020_ST_BC23287_C1_16x29",0.00684486629413372,0.063118687309104,0.0648909748674748,9.43777944009023e-08,6.3138428507528e-05,1.31824588922456e-06,0.0331220119247969,0.532644076490377,0.299314832061922,"Human_Breast_He_06222020_ST_BC23287_C1"
"Human_Breast_He_06222020_ST_BC23287_C1_8x26",0.042441168704981,0.0204777222028632,0.339964424943394,3.34116964231616e-05,6.3700355673494e-06,0.00493551413917137,0.0176255765115501,0.343332262781275,0.231183548984775,"Human_Breast_He_06222020_ST_BC23287_C1"
"Human_Breast_He_06222020_ST_BC23287_C1_14x29",0.0328299861582894,0.0481387961031877,0.0798771005570544,0.030195609262995,0.003267764280601,0.00305512909973834,0.209305311847723,0.00200000685482791,0.591330295835583,"Human_Breast_He_06222020_ST_BC23287_C1"
"Human_Breast_He_06222020_ST_BC23287_C1_8x24",0.0340745347783571,0.197104874900427,0.101140623152739,2.97581878625072e-05,0.000230625813810507,0.000149390999902799,0.1608849541973,0.213546418927676,0.292838819041925,"Human_Breast_He_06222020_ST_BC23287_C1"
"Human_Breast_He_06222020_ST_BC23287_C1_8x29",0.00491557655507272,0.0158850431942353,0.0094839444009356,4.67600565214951e-07,1.60935932387891e-05,4.5475665473999e-08,0.118208109728471,0.128970931104217,0.722519788347599,"Human_Breast_He_06222020_ST_BC23287_C1"
"Human_Breast_He_06222020_ST_BC23287_C1_6x32",0.000280989457811341,0.148657004815189,0.000473467438265128,9.25724360919482e-07,1.28159281054212e-06,0.00186508791657637,0.00521353720687566,0.0257922695595882,0.817715436288523,"Human_Breast_He_06222020_ST_BC23287_C1"
"Human_Breast_He_06222020_ST_BC23287_C1_6x31",0.00563731882596829,0.0570280550334235,0.0147886725454466,0.000105354105069128,0.000172089369085104,0.00309699718207094,0.0225015111502344,0.0286201747004711,0.868049827088231,"Human_Breast_He_06222020_ST_BC23287_C1"
"Human_Breast_He_06222020_ST_BC23287_C1_6x30",0.0177459400443697,0.170344678327465,0.0127270993598888,0.0673166213758121,0.00960384557623634,0.0143778207168127,0.0514801002473115,0.000407377603685663,0.655996516748418,"Human_Breast_He_06222020_ST_BC23287_C1"
"Human_Breast_He_06222020_ST_BC23287_C1_8x22",0.00029253761127574,0.00827463300103962,0.00112406628050755,4.32512654290383e-05,2.45639385001029e-05,2.38485605978232e-05,0.0320684186496551,0.0806121971287242,0.877536483564271,"Human_Breast_He_06222020_ST_BC23287_C1"
"Human_Breast_He_06222020_ST_BC23287_C1_8x23",0.00038854127395218,0.0812726405777015,0.00108201807181407,1.6496812771263e-05,1.39290539374281e-05,0.000747802094882872,0.0196157477071124,0.126143733528018,0.770719090879811,"Human_Breast_He_06222020_ST_BC23287_C1"
"Human_Breast_He_06222020_ST_BC23287_C1_8x20",0.000274308529637387,0.043782570157267,0.000314491016047028,0.000154605757061874,0.000468498358648304,0.000391952047760537,0.00678485230248685,0.074300923768686,0.873527798062405,"Human_Breast_He_06222020_ST_BC23287_C1"
"Human_Breast_He_06222020_ST_BC23287_C1_11x17",0.000128863536315941,0.00595843964696582,0.000534985615744196,6.49090927961232e-05,0.000104603223308341,1.47866541436556e-05,0.00927778831097507,0.0587218936354838,0.925193730284267,"Human_Breast_He_06222020_ST_BC23287_C1"
"Human_Breast_He_06222020_ST_BC23287_C1_8x27",0.00778589868015189,0.0134661349734595,0.0134219993536979,0.385550554495866,0.0343382073384526,0.0161132763009364,0.0443917637996327,0.00538280250232524,0.479549362555478,"Human_Breast_He_06222020_ST_BC23287_C1"
"Human_Breast_He_06222020_ST_BC23287_C1_8x25",0.000957811868764123,0.0833155354925888,0.0180822348311139,0.000567427471992819,0.000108701274254756,0.0027135502509643,0.0450877643715465,0.0440545250951175,0.805112449343657,"Human_Breast_He_06222020_ST_BC23287_C1"
"Human_Breast_He_06222020_ST_BC23287_C1_8x28",0.211093322464708,0.00470753999196628,0.0616375046072419,0.0695872148018943,0.00192209068622631,0.000458045709374457,0.338942067585266,0.00502779170966475,0.306624422443658,"Human_Breast_He_06222020_ST_BC23287_C1"
"Human_Breast_He_06222020_ST_BC23287_C1_11x18",0.000209194706824222,0.00482856906835564,0.000214560814810785,3.51036324551102e-05,3.40513615079612e-05,4.3253935643204e-05,0.0239764785904535,0.0368904558183943,0.933768332071555,"Human_Breast_He_06222020_ST_BC23287_C1"
"Human_Breast_He_06222020_ST_BC23287_C1_11x19",0.000154195275425201,0.00233080729064037,0.000101553712439488,9.10800891299797e-05,0.000174732884388783,5.24705942600501e-05,0.00880869434964406,0.0743561960592094,0.913930269744863,"Human_Breast_He_06222020_ST_BC23287_C1"
"Human_Breast_He_06222020_ST_BC23287_C1_2x19",0.00088038377259466,0.0470332697076692,0.00149957736089891,9.35824805059043e-05,0.000893018935512959,0.000157194407554314,0.0420691805360105,0.0220787941661493,0.885294998633104,"Human_Breast_He_06222020_ST_BC23287_C1"
"Human_Breast_He_06222020_ST_BC23287_C1_13x30",0.00116401060985343,0.0542401550833547,0.00264651639569084,1.81729122208827e-05,1.53966169017723e-05,0.000172475023635361,0.00141861503878677,0.351755881093343,0.588568777226213,"Human_Breast_He_06222020_ST_BC23287_C1"
"Human_Breast_He_06222020_ST_BC23287_C1_17x19",0.0343173955803377,0.00395764092050322,0.00642954654958627,0.00568357043998474,0.000421877244402558,0.0105317257199713,0.000884913865129466,0.0668233824348192,0.870949947245266,"Human_Breast_He_06222020_ST_BC23287_C1"
"Human_Breast_He_06222020_ST_BC23287_C1_10x26",0.0155787409564458,0.0953542016416832,0.125905058295098,0.000757780181226847,9.75008188876384e-05,0.00224325414008922,0.0137729518410586,0.0676256883235998,0.678664823801911,"Human_Breast_He_06222020_ST_BC23287_C1"
"Human_Breast_He_06222020_ST_BC23287_C1_10x27",0.000294000138454212,0.0602391275741472,0.000302524871650213,1.80879051995823e-06,3.27574868563107e-06,0.000194940864238366,0.0540776470941306,0.3456314099989,0.539255264919274,"Human_Breast_He_06222020_ST_BC23287_C1"
"Human_Breast_He_06222020_ST_BC23287_C1_10x24",0.00258337951358978,0.146367456461677,0.00213087390039122,0.000431037026487696,0.000409990463783213,0.014990409990274,0.0432119275042895,0.0266194897653243,0.763255435374183,"Human_Breast_He_06222020_ST_BC23287_C1"
"Human_Breast_He_06222020_ST_BC23287_C1_10x25",0.00722024838418561,0.201803510952943,0.0253287035367876,0.0103946210202091,0.00101864765359984,0.000596024246867192,0.0323454693281684,0.0610850905037355,0.660207684373504,"Human_Breast_He_06222020_ST_BC23287_C1"
"Human_Breast_He_06222020_ST_BC23287_C1_10x22",0.00211215517777798,0.0271447651498323,0.00335604094419757,0.000987722654792286,0.0012075525658244,0.000822154260907975,0.0168196670481176,0.124175606857849,0.8233743353407,"Human_Breast_He_06222020_ST_BC23287_C1"
"Human_Breast_He_06222020_ST_BC23287_C1_10x23",0.000390326215713388,0.00874229780833224,0.00336001084773563,0.000216046663349314,5.12170448191954e-05,0.000462434545295347,0.0275524724536678,0.0720013372818494,0.887223857139238,"Human_Breast_He_06222020_ST_BC23287_C1"
"Human_Breast_He_06222020_ST_BC23287_C1_10x20",0.000674729956953658,0.0246089591151126,0.000992928810167795,1.66397281131248e-05,8.87752553599636e-05,0.000337148309735496,0.0122022657595929,0.00677340980688345,0.954305143258081,"Human_Breast_He_06222020_ST_BC23287_C1"
"Human_Breast_He_06222020_ST_BC23287_C1_10x21",0.00225486375004951,0.091076145736923,0.00328061762140731,1.93758524956169e-05,4.79621790447925e-05,0.000157284978226145,0.0022258018259559,0.107233169141265,0.793704778914633,"Human_Breast_He_06222020_ST_BC23287_C1"
"Human_Breast_He_06222020_ST_BC23287_C1_10x28",0.00611018689422297,0.207042792129179,0.144856319903986,5.03043761477748e-06,1.230756761269e-06,0.158413168751676,0.00508353538836102,0.00311472304630772,0.475373012691892,"Human_Breast_He_06222020_ST_BC23287_C1"
"Human_Breast_He_06222020_ST_BC23287_C1_10x29",0.00122466542978205,0.11504410423662,0.00116345281236218,4.14968407668839e-05,0.000688065412506345,0.000106832589632145,0.0264496030357525,0.166281152571058,0.68900062707152,"Human_Breast_He_06222020_ST_BC23287_C1"
"Human_Breast_He_06222020_ST_BC23287_C1_7x18",0.000379031631501075,0.163932590885362,0.000288576771248756,0.00335159531905984,0.000991281816398773,8.42696040723599e-05,0.0207562765621103,0.258640364226383,0.551576013183864,"Human_Breast_He_06222020_ST_BC23287_C1"
"Human_Breast_He_06222020_ST_BC23287_C1_7x19",0.000183555242392485,0.00988846184849481,0.00035119648122613,8.53606918624287e-05,0.000164991630027966,1.58919828733637e-05,0.0162585466232016,0.0539892175582688,0.919062777941652,"Human_Breast_He_06222020_ST_BC23287_C1"
"Human_Breast_He_06222020_ST_BC23287_C1_9x25",0.00750691769827983,0.0902411990818258,0.0635864214661089,3.96654578071261e-05,4.15616610337557e-05,0.0231202150097343,0.0172331096844119,0.116990412238444,0.681240497702355,"Human_Breast_He_06222020_ST_BC23287_C1"
"Human_Breast_He_06222020_ST_BC23287_C1_9x24",0.00201710635892294,0.0565802627717622,0.000155744718866721,0.000885973640815574,0.000437434962605508,8.54777661218432e-05,0.00762025825537819,0.0239432019998008,0.908274539525726,"Human_Breast_He_06222020_ST_BC23287_C1"
"Human_Breast_He_06222020_ST_BC23287_C1_9x27",0.000268618714994963,0.276401939880369,0.206034682182045,9.31687874033891e-08,3.61867965586723e-06,0.00402249513445412,4.64169441091213e-05,3.57821797717421e-06,0.513218557077607,"Human_Breast_He_06222020_ST_BC23287_C1"
"Human_Breast_He_06222020_ST_BC23287_C1_13x28",0.000682603812005731,0.182268181026898,0.0929010082917858,2.26611210932932e-05,7.57515797437704e-05,0.0111277801736896,0.029697213525193,0.151376063393278,0.531848737076313,"Human_Breast_He_06222020_ST_BC23287_C1"
"Human_Breast_He_06222020_ST_BC23287_C1_9x21",0.000165996131098049,0.00624810916347248,0.000790287528993988,2.01882788946894e-06,4.14372123230174e-06,2.74571022113363e-05,0.00201022343919948,0.00624104999709641,0.984510714088807,"Human_Breast_He_06222020_ST_BC23287_C1"
"Human_Breast_He_06222020_ST_BC23287_C1_9x20",0.00291123951253641,0.0249033122841147,0.00502509277554488,4.03915707677552e-05,0.000100936065471873,6.92820949463783e-05,0.00650686341766323,0.0335355896011558,0.926907292677799,"Human_Breast_He_06222020_ST_BC23287_C1"
"Human_Breast_He_06222020_ST_BC23287_C1_9x23",0.00632364318445022,0.0915697722691263,0.00545778696737978,0.346441453311334,0.0066148134267698,0.00197621272160472,0.0487272867954307,0.126369574624872,0.366519456699033,"Human_Breast_He_06222020_ST_BC23287_C1"
"Human_Breast_He_06222020_ST_BC23287_C1_9x22",1.31350617807157e-05,0.034434816161433,5.24133212163422e-05,1.04690224326989e-06,4.79055916222864e-06,0.000141938442317679,0.013069668250382,0.209237500887012,0.743044690414453,"Human_Breast_He_06222020_ST_BC23287_C1"
"Human_Breast_He_06222020_ST_BC23287_C1_13x23",0.0101195022626314,0.154297024884534,0.00234993944261928,0.479472099635091,0.0933944875663843,0.000162213183986289,0.00719543958360935,0.0506565358966496,0.202352757544495,"Human_Breast_He_06222020_ST_BC23287_C1"
"Human_Breast_He_06222020_ST_BC23287_C1_13x22",0.0205005929473438,0.117520360666321,0.0727637063473367,0.409439289858417,0.0226081078791182,0.170646489641424,0.0106131202311937,0.00304845229011974,0.172859880138726,"Human_Breast_He_06222020_ST_BC23287_C1"
"Human_Breast_He_06222020_ST_BC23287_C1_12x26",0.00387448728188355,0.0681696132884619,0.0105281440242658,0.00031503082216859,0.000395975264382766,0.021523946787033,0.00288450407456245,0.04270993736548,0.849598361091762,"Human_Breast_He_06222020_ST_BC23287_C1"
"Human_Breast_He_06222020_ST_BC23287_C1_13x20",0.0217579355349548,0.0242980471623525,0.075969824012305,2.07210353490483e-05,2.3137886154261e-05,0.0222729738183596,0.00457015718579464,0.396732941369616,0.454354261995115,"Human_Breast_He_06222020_ST_BC23287_C1"
"Human_Breast_He_06222020_ST_BC23287_C1_13x27",0.00105356901677418,0.009485176061714,0.153963154277968,7.99259799021335e-06,1.44300359491696e-06,0.000100754279701047,0.000407524486563975,0.271464600950601,0.563515785325092,"Human_Breast_He_06222020_ST_BC23287_C1"
"Human_Breast_He_06222020_ST_BC23287_C1_12x21",0.00135229615193443,0.211450179718365,0.000973242779599986,0.00437206502556175,0.00202907410195153,9.49123997695616e-05,0.033486989107565,0.14448904352439,0.601752197190863,"Human_Breast_He_06222020_ST_BC23287_C1"
"Human_Breast_He_06222020_ST_BC23287_C1_13x25",0.0507056736064629,0.141549875337766,0.0123438398117852,0.0950630382794137,0.0540210944650822,0.00712430425707824,0.0138986808465195,0.0546350995115434,0.570658393884349,"Human_Breast_He_06222020_ST_BC23287_C1"
"Human_Breast_He_06222020_ST_BC23287_C1_12x23",0.00368210691320673,0.179360233644824,0.00522599569590519,0.234240068545468,0.0554626159516949,0.0453740985072124,0.000655274993546186,0.219609578730718,0.256390027017424,"Human_Breast_He_06222020_ST_BC23287_C1"
"Human_Breast_He_06222020_ST_BC23287_C1_13x21",0.00584146061018229,0.287613829392592,0.00994906415280079,0.0249572628909628,0.00917027416076664,0.110095657876894,0.0225335763013223,0.217460786883461,0.312378087731018,"Human_Breast_He_06222020_ST_BC23287_C1"
"Human_Breast_He_06222020_ST_BC23287_C1_3x27",0.000303451332653033,0.00547686371453504,0.000820171300158347,2.21844561848792e-06,3.2623835872455e-05,8.15153545315363e-05,0.0105410092753223,0.00210957026501317,0.980632576476296,"Human_Breast_He_06222020_ST_BC23287_C1"
"Human_Breast_He_06222020_ST_BC23287_C1_3x26",0.00421933274588578,0.0671093857740926,0.00171560707218271,2.08751054217564e-05,2.82143038071981e-05,0.000312509182995044,0.230549521705672,9.13370794956593e-05,0.695953217030447,"Human_Breast_He_06222020_ST_BC23287_C1"
"Human_Breast_He_06222020_ST_BC23287_C1_3x25",0.000125363480753881,0.00050921006009,0.000113182725603291,1.08080443680502e-06,3.15982030438933e-05,2.73273414858705e-05,0.00104583392831726,0.00409717425248944,0.99404922920378,"Human_Breast_He_06222020_ST_BC23287_C1"
"Human_Breast_He_06222020_ST_BC23287_C1_3x24",8.59353961917879e-05,0.000544254379977211,0.000878269759319789,3.55341960156643e-07,1.78191627409103e-06,3.29629864554755e-06,0.0772061904701454,0.0299974227629769,0.891282493674509,"Human_Breast_He_06222020_ST_BC23287_C1"
"Human_Breast_He_06222020_ST_BC23287_C1_3x23",0.000498369097017753,0.013853530426271,0.00402603354775502,2.01926896700179e-05,3.08977515476294e-05,7.87014067579244e-06,0.0101515845036488,0.0947134400650242,0.87669808177839,"Human_Breast_He_06222020_ST_BC23287_C1"
"Human_Breast_He_06222020_ST_BC23287_C1_3x22",0.00106135615887009,0.0182494831582049,0.00307082864436246,0.00026097407731306,9.34142530349768e-05,9.49297551353243e-05,0.0204945845310236,0.208038087083144,0.748636342338912,"Human_Breast_He_06222020_ST_BC23287_C1"
"Human_Breast_He_06222020_ST_BC23287_C1_3x21",0.000260706969354595,0.00175857389383105,0.000715094975905079,0.000124149947231799,0.000213409232680103,2.45276926310462e-05,0.0444226583721957,0.0144890959978507,0.93799178291832,"Human_Breast_He_06222020_ST_BC23287_C1"
"Human_Breast_He_06222020_ST_BC23287_C1_3x20",7.09104562869104e-05,9.7394882791032e-05,0.000707833289675803,2.56911259707389e-06,1.49071482602971e-05,3.94421072118093e-06,0.0349921888707345,0.0999858584668052,0.864124393562128,"Human_Breast_He_06222020_ST_BC23287_C1"
"Human_Breast_He_06222020_ST_BC23287_C1_14x31",0.00083391220941333,0.138078240506641,0.000453789586687274,0.00034164960427394,0.00035464804368447,0.056529553602152,0.00334825958047411,0.140828707472368,0.659231239394307,"Human_Breast_He_06222020_ST_BC23287_C1"
"Human_Breast_He_06222020_ST_BC23287_C1_11x24",0.0090638140668614,0.285274720897559,0.00196660636126256,0.00532144682964827,0.021270293266241,0.00728464028939163,0.0431463387635733,0.108808311318107,0.517863828207357,"Human_Breast_He_06222020_ST_BC23287_C1"
"Human_Breast_He_06222020_ST_BC23287_C1_14x33",0.000122641193210911,0.13302500239164,0.0270193321174786,1.43234447660699e-05,7.40790304273828e-06,0.000952744873994467,0.00583021949525882,0.00250679480176075,0.830521533778848,"Human_Breast_He_06222020_ST_BC23287_C1"
"Human_Breast_He_06222020_ST_BC23287_C1_11x26",0.0063727070032707,0.0945979690779883,0.123315466654411,0.00124814632955036,0.000274431687186424,0.0386456339680026,0.0026728764274277,5.27806218931251e-05,0.73281998823027,"Human_Breast_He_06222020_ST_BC23287_C1"
"Human_Breast_He_06222020_ST_BC23287_C1_11x21",3.53210198021589e-05,0.000436420636082501,0.000210714006096839,1.52615613019843e-06,1.49869935053621e-05,5.28859395480721e-05,0.000805452747577278,0.0788275558183282,0.919615136682929,"Human_Breast_He_06222020_ST_BC23287_C1"
"Human_Breast_He_06222020_ST_BC23287_C1_11x20",0.000113507202241399,0.00351150072431004,0.000162904966011775,0.000581534642496143,0.000131691335883642,1.1786293935468e-05,0.00536606609144167,0.0831067323747102,0.90701427636897,"Human_Breast_He_06222020_ST_BC23287_C1"
"Human_Breast_He_06222020_ST_BC23287_C1_3x29",0.00329406810834662,0.169185118716236,0.0285891133304342,2.76368116270032e-05,4.62328318128138e-05,0.00215484973760125,0.0523790027927188,0.0358815458399613,0.708442431831262,"Human_Breast_He_06222020_ST_BC23287_C1"
"Human_Breast_He_06222020_ST_BC23287_C1_11x22",0.000260200564605984,0.00263955941152938,0.00119472375819762,4.73847264242122e-05,0.000290340690311647,0.00025886018203583,0.00823162107286976,0.0939704730502273,0.893106836543798,"Human_Breast_He_06222020_ST_BC23287_C1"
"Human_Breast_He_06222020_ST_BC23287_C1_9x32",0.0168792770894028,0.00241915017053928,0.176039010475597,0.00265076030364902,0.000183259289866414,0.0683773125192567,0.00970100057873599,0.343346069424074,0.380404160148879,"Human_Breast_He_06222020_ST_BC23287_C1"
"Human_Breast_He_06222020_ST_BC23287_C1_2x28",0.00134590612917961,0.00605541108387036,0.000966251795317695,9.68355466641785e-06,6.99215425152205e-05,4.03326715479142e-05,0.00638678237509028,0.00503006398582735,0.980095646861985,"Human_Breast_He_06222020_ST_BC23287_C1"
"Human_Breast_He_06222020_ST_BC23287_C1_2x29",0.00342264046445225,0.2575279953075,0.0223383026930309,0.003481675330947,0.000539681005445353,0.0954298032167717,0.0437231991063877,0.146500557320874,0.427036145554591,"Human_Breast_He_06222020_ST_BC23287_C1"
"Human_Breast_He_06222020_ST_BC23287_C1_2x24",0.00138207260194792,0.0197715205808763,0.00261956703915024,1.26574323766808e-05,0.000123972994258254,0.000242259875001023,0.0392882845191059,0.123805203627011,0.812754461330273,"Human_Breast_He_06222020_ST_BC23287_C1"
"Human_Breast_He_06222020_ST_BC23287_C1_2x25",0.000187010778547483,0.000677393316585561,0.00197193614261674,6.88248765517252e-07,1.33744490018889e-06,1.46311991217556e-05,0.0034570030118979,0.00734608892571038,0.986343910931854,"Human_Breast_He_06222020_ST_BC23287_C1"
"Human_Breast_He_06222020_ST_BC23287_C1_2x26",0.00431366947513012,0.0310644321667962,0.00383492814253008,6.17998475817515e-05,0.000142245928837718,0.00120756979172799,0.0527101955310623,0.124386275075264,0.78227888404107,"Human_Breast_He_06222020_ST_BC23287_C1"
"Human_Breast_He_06222020_ST_BC23287_C1_2x27",0.00235654170231656,0.00604644793911258,0.00352450341767439,4.996221901122e-06,3.33235810380944e-05,1.0824081760741e-05,0.00731966587741115,0.00685330901126722,0.973850388167518,"Human_Breast_He_06222020_ST_BC23287_C1"
"Human_Breast_He_06222020_ST_BC23287_C1_2x20",2.16267048505087e-05,0.000201241821419811,7.40691953895589e-05,1.52265512973119e-06,2.77658995968212e-05,2.29947235969824e-05,0.0197657521298667,0.094036235408266,0.885848791461884,"Human_Breast_He_06222020_ST_BC23287_C1"
"Human_Breast_He_06222020_ST_BC23287_C1_2x21",0.000489536038005673,0.031261029498246,0.0033030814667266,2.09992305037282e-05,0.000133014358121085,3.49087449581266e-05,0.103203146104667,0.187249295757008,0.674304988801764,"Human_Breast_He_06222020_ST_BC23287_C1"
"Human_Breast_He_06222020_ST_BC23287_C1_2x22",0.000371618491962285,0.00352107447179284,0.00301261886426042,7.72372153110674e-05,0.000182294089444034,2.99110271246671e-05,0.0101486235669791,0.236701346850795,0.745955275422331,"Human_Breast_He_06222020_ST_BC23287_C1"
"Human_Breast_He_06222020_ST_BC23287_C1_2x23",0.00566830788320906,0.0152885322397846,0.00617522176797221,4.50216391473734e-05,6.27487955002562e-05,0.000314915892698695,0.0655115283907181,0.0411827088320579,0.865751014558912,"Human_Breast_He_06222020_ST_BC23287_C1"
"Human_Breast_He_06222020_ST_BC23287_C1_17x23",0.109173810393476,0.191969001669051,0.00828392906570847,0.0186108506979303,0.00216502333603654,0.104045162336129,0.0781231860099933,0.0218293963435729,0.465799640148103,"Human_Breast_He_06222020_ST_BC23287_C1"
"Human_Breast_He_06222020_ST_BC23287_C1_19x31",0.00280100218886186,0.314336693459824,0.00293196308486753,4.56040046277533e-05,1.54163816672702e-05,0.00015244787764318,0.000400453940730045,6.16268837285795e-06,0.679310256373405,"Human_Breast_He_06222020_ST_BC23287_C1"
"Human_Breast_He_06222020_ST_BC23287_C1_16x34",0.00015098337229274,0.0189092724284171,0.0046601042464119,7.18002906688415e-05,0.000163606490176629,0.001790329409157,0.00125583134416002,0.000736032183316882,0.972262040235399,"Human_Breast_He_06222020_ST_BC23287_C1"
"Human_Breast_He_06222020_ST_BC23287_C1_16x33",0.000362255740906463,0.00458479320031038,0.00522017499661962,8.76942692290404e-07,1.07891625294699e-07,0.000344054022924567,0.00848332672302447,0.251914021616557,0.72909038886534,"Human_Breast_He_06222020_ST_BC23287_C1"
"Human_Breast_He_06222020_ST_BC23287_C1_16x32",0.014621036395755,0.00721628286758879,0.00182166375223455,1.08928453364429e-06,1.18217313008363e-05,7.30726014724815e-06,0.000786851695486233,0.373591724654331,0.601942222358622,"Human_Breast_He_06222020_ST_BC23287_C1"
"Human_Breast_He_06222020_ST_BC23287_C1_16x31",0.0186508708941392,0.0596783707625453,0.0262000442349322,0.0163449953189806,0.090963878299795,0.0113652968377123,0.0184633371417084,0.0364986763366134,0.721834530173573,"Human_Breast_He_06222020_ST_BC23287_C1"
"Human_Breast_He_06222020_ST_BC23287_C1_16x30",4.87453714809497e-05,0.0114085928396762,8.81662873014057e-06,2.65684489247737e-09,3.8741358118279e-08,1.20163677356934e-05,0.000595434843446498,6.92384754099339e-06,0.987919428703187,"Human_Breast_He_06222020_ST_BC23287_C1"
"Human_Breast_He_06222020_ST_BC23287_C1_14x17",0.09493068808501,0.198699432125586,0.054860110268642,0.00021684942037172,0.000232518541000696,0.0813145942307293,0.00243040552420542,0.0379808469108756,0.52933455489358,"Human_Breast_He_06222020_ST_BC23287_C1"
"Human_Breast_He_06222020_ST_BC23287_C1_17x21",0.000241782561789238,0.00271611508270347,0.000773095067506522,1.36110891608093e-06,7.69494890301738e-06,0.230177616312174,7.16556549601719e-05,1.66710864218487e-06,0.766009012154405,"Human_Breast_He_06222020_ST_BC23287_C1"
"Human_Breast_He_06222020_ST_BC23287_C1_14x20",0.0267757221558515,0.204525237441483,0.00621231265486051,9.02920876299488e-07,1.81610484853809e-05,3.50303866252662e-05,0.00755293061974029,0.166177053299738,0.58870264947234,"Human_Breast_He_06222020_ST_BC23287_C1"
"Human_Breast_He_06222020_ST_BC23287_C1_13x26",0.0284776196055279,0.0203340828046393,0.227504583685199,2.75283236229352e-06,1.17823560367022e-05,0.00631266219905747,0.370247984001791,0.00176534388543935,0.345343188629946,"Human_Breast_He_06222020_ST_BC23287_C1"
"Human_Breast_He_06222020_ST_BC23287_C1_11x32",0.0407262454970357,0.17841660117676,0.264382090032074,0.000295510018487095,7.91276136418184e-05,0.000572404070083511,0.068898548979411,0.0333383728989178,0.413291099713589,"Human_Breast_He_06222020_ST_BC23287_C1"
"Human_Breast_He_06222020_ST_BC23287_C1_14x27",0.00018027735965507,0.361211672182804,2.93125863097301e-06,0.000362137860537681,0.000157145635590211,0.00489441873633004,0.0292337609413536,0.0941382225318332,0.509819433493266,"Human_Breast_He_06222020_ST_BC23287_C1"
"Human_Breast_He_06222020_ST_BC23287_C1_12x17",0.000573078751635423,0.271393966333834,0.0186092577100313,8.84662102877585e-06,4.81572957825874e-05,0.0129573578034334,0.0045591460029861,0.1604959181955,0.531354271285769,"Human_Breast_He_06222020_ST_BC23287_C1"
"Human_Breast_He_06222020_ST_BC23287_C1_14x25",0.0194490705467508,0.0078870713314646,0.00569512205697945,0.000201416559405091,6.34491830152464e-05,0.0141379784302284,0.00438701855655752,0.141887883107481,0.806290990228118,"Human_Breast_He_06222020_ST_BC23287_C1"
"Human_Breast_He_06222020_ST_BC23287_C1_12x19",0.00652355037697078,0.117611447994548,0.0142580065788646,0.000194071259640801,0.000426941416301169,0.00122796742150881,0.011560499898568,0.233839329558059,0.614358185495539,"Human_Breast_He_06222020_ST_BC23287_C1"
"Human_Breast_He_06222020_ST_BC23287_C1_12x18",0.000241632977474833,0.095419174620432,0.000497334042190004,1.75046156900879e-05,1.56376880207395e-05,0.00018965277119665,0.020359410030103,0.13818021822528,0.745079435029612,"Human_Breast_He_06222020_ST_BC23287_C1"
"Human_Breast_He_06222020_ST_BC23287_C1_9x18",2.15796996672273e-05,0.000257308175720536,5.42879574905563e-05,1.1786130767551e-06,1.4810495793279e-05,1.24702998141671e-06,0.00802796339665514,0.137987548650716,0.853634075980899,"Human_Breast_He_06222020_ST_BC23287_C1"
"Human_Breast_He_06222020_ST_BC23287_C1_9x19",0.000514683994985777,0.000763959058656637,0.000456752461692227,1.17772733659171e-05,4.04935156120142e-05,8.1356973677032e-05,0.0284347276655835,0.121926736079458,0.847769512976969,"Human_Breast_He_06222020_ST_BC23287_C1"
"Human_Breast_He_06222020_ST_BC23287_C1_8x19",0.000154606754658838,0.000439581268561913,0.000130076848227658,0.000465820289530501,0.000562815761986955,9.94276402269147e-05,0.0114684827173133,0.117644323467216,0.869034865252277,"Human_Breast_He_06222020_ST_BC23287_C1"
"Human_Breast_He_06222020_ST_BC23287_C1_8x18",0.00667189352778229,0.0552258507876973,0.0140545090981759,5.365438340371e-05,0.000206857670068403,0.000470563214548714,0.00720870148586975,0.162900603065745,0.753207366766709,"Human_Breast_He_06222020_ST_BC23287_C1"
"Human_Breast_He_06222020_ST_BC23287_C1_5x32",0.00368145649784337,0.0729191131305838,0.0389331569928672,0.000682609112255696,0.000415069982856224,0.00165875469924634,0.00675790834566034,0.328488976120659,0.546462955118028,"Human_Breast_He_06222020_ST_BC23287_C1"
"Human_Breast_He_06222020_ST_BC23287_C1_5x33",2.60404366935465e-05,0.000376028894798939,0.000162131089511532,4.07860267440336e-05,1.09665656338149e-05,7.60589201312055e-06,0.0092966527263498,0.0021766045254136,0.987903183842842,"Human_Breast_He_06222020_ST_BC23287_C1"
"Human_Breast_He_06222020_ST_BC23287_C1_5x30",0.0373773671955804,0.224070154825617,0.0939842284461418,0.00046095432622243,0.00178732607819568,7.29076322197516e-05,0.0352418916941237,0.00114001015576635,0.605865159646132,"Human_Breast_He_06222020_ST_BC23287_C1"
"Human_Breast_He_06222020_ST_BC23287_C1_5x31",0.00162500166524776,0.0917327246173889,0.0262025307973121,9.38082447264105e-06,4.32803580186185e-05,0.000458545925620066,0.115869439698932,0.317119006595523,0.446940089517485,"Human_Breast_He_06222020_ST_BC23287_C1"
"Human_Breast_He_06222020_ST_BC23287_C1_15x18",0.000553611545426639,0.11317500897712,0.00066672496281593,1.41291368567724e-05,6.16355390138042e-05,0.000640944258196161,0.018465054981544,0.324748180684793,0.541674709914234,"Human_Breast_He_06222020_ST_BC23287_C1"
"Human_Breast_He_06222020_ST_BC23287_C1_15x19",0.00011471405595955,0.163939646798358,1.22136186805149e-05,3.3813111995157e-07,3.96417955597448e-06,8.78720803849045e-05,0.00105534956828836,0.0242534275614702,0.810532474006182,"Human_Breast_He_06222020_ST_BC23287_C1"
"Human_Breast_He_06222020_ST_BC23287_C1_8x31",0.0973446459901195,0.12894859089452,0.284066214627594,0.00014123086170054,0.000150551576642554,0.000281578618820578,0.0492816902721715,0.04968738792176,0.390098109236672,"Human_Breast_He_06222020_ST_BC23287_C1"
"Human_Breast_He_06222020_ST_BC23287_C1_8x30",0.0278169880050602,0.23132095680726,0.0215173182976248,6.3543636818818e-07,7.22864597648649e-06,0.000106842955773005,0.00625512810144746,0.3652153114083,0.34775959034219,"Human_Breast_He_06222020_ST_BC23287_C1"
"Human_Breast_He_06222020_ST_BC23287_C1_8x32",0.0356959247436685,0.0831704919721366,0.000228387776022889,0.000168215441444802,0.0188745195944081,0.199216576091415,0.0127408384773606,0.139856138034808,0.510048907868735,"Human_Breast_He_06222020_ST_BC23287_C1"
"Human_Breast_He_06222020_ST_BC23287_C1_17x20",0.00339925860703721,0.120108481551001,0.00113176369467264,9.5229043156381e-07,1.06843161781004e-05,1.07391203138623e-05,0.000904595195530199,0.000369076211769201,0.874064449013066,"Human_Breast_He_06222020_ST_BC23287_C1"
"Human_Breast_He_06222020_ST_BC23287_C1_17x29",2.02103479166912e-05,0.0850613848627439,1.32834257134533e-05,7.18970178440173e-08,2.97373373817538e-06,6.98982199574393e-05,5.80259926517275e-05,4.39507135221237e-06,0.914769756448909,"Human_Breast_He_06222020_ST_BC23287_C1"
"Human_Breast_He_06222020_ST_BC23287_C1_17x28",0.00227693572589967,0.0233249834400233,0.0101686890074432,6.36954457501157e-06,1.76779486954719e-05,0.000606744918040422,0.010241033115015,0.196268765776566,0.757088800523742,"Human_Breast_He_06222020_ST_BC23287_C1"
"Human_Breast_He_06222020_ST_BC23287_C1_17x25",0.0682040022239191,0.00556440439669691,0.0123403050593285,0.359470839069083,0.0138038215210084,0.00110458320831234,0.00800287961063184,0.000669103429598597,0.530840061481421,"Human_Breast_He_06222020_ST_BC23287_C1"
"Human_Breast_He_06222020_ST_BC23287_C1_10x17",6.44751281583517e-05,0.000936782180337875,0.000233744609993136,6.60794840418295e-06,4.35786361726231e-05,1.57360054142147e-05,0.00292249905322459,0.044438297514746,0.951338278923549,"Human_Breast_He_06222020_ST_BC23287_C1"
"Human_Breast_He_06222020_ST_BC23287_C1_10x19",0.000677693779261452,0.0570175260614251,0.00475329571468751,5.86803267853048e-06,2.2511069760091e-05,0.000732086592426332,0.0141996821879549,0.0251740933475711,0.897417243214235,"Human_Breast_He_06222020_ST_BC23287_C1"
"Human_Breast_He_06222020_ST_BC23287_C1_10x18",0.000320305207569721,0.00204898333123429,0.000153618812058029,2.80121014035455e-05,3.52795478602686e-05,0.000128928059864046,0.00608651451955231,0.0692997185849085,0.921898639835549,"Human_Breast_He_06222020_ST_BC23287_C1"
"Human_Breast_He_06222020_ST_BC23287_C1_13x34",0.107319767600069,0.135075940848337,0.0523306209953967,0.0888176092509242,0.0017411410952525,0.0213017156843406,0.0359709026413643,0.0561334257027363,0.501308876181579,"Human_Breast_He_06222020_ST_BC23287_C1"
"Human_Breast_He_06222020_ST_BC23287_C1_13x31",0.006343286690543,0.0697114101001646,0.00685939072693301,2.633824682288e-06,4.29420292498557e-06,0.000153766112728351,0.00207382191053431,0.239670258626469,0.67518113780502,"Human_Breast_He_06222020_ST_BC23287_C1"
"Human_Breast_He_06222020_ST_BC23287_C1_13x32",0.0038405769243936,0.13095489744982,0.00582914674512007,0.00285016759330079,0.00289687083888575,0.000489826738974881,0.00972651933939545,0.00983248690791843,0.833579507462191,"Human_Breast_He_06222020_ST_BC23287_C1"
"Human_Breast_He_06222020_ST_BC23287_C1_13x33",0.015315592768795,0.0964242886540917,0.223411915592882,0.000143999374333245,9.04664435702833e-05,0.000855722865342817,0.119169927777327,0.380815250379909,0.163772836143749,"Human_Breast_He_06222020_ST_BC23287_C1"
"Human_Breast_He_06222020_ST_BC23287_C1_13x29",0.00190128809314214,0.0152078895541263,0.0011481360743673,0.000303494399839889,0.00287878112889438,0.0779380434299292,0.0254132567278252,0.196166589810805,0.67904252078107,"Human_Breast_He_06222020_ST_BC23287_C1"
"Human_Breast_He_06222020_ST_BC23287_C1_12x28",0.00417183481599242,0.17593781675399,0.00141575193863314,5.19376048727746e-09,7.84138234187326e-08,2.77373592012207e-07,0.00869739877428353,7.58333166862618e-06,0.809769253404257,"Human_Breast_He_06222020_ST_BC23287_C1"
"Human_Breast_He_06222020_ST_BC23287_C1_12x29",0.00300790613638607,0.0420652337692973,0.00945120304173635,0.33685241865402,0.0122127025729233,0.00119185145737791,0.0668517544444982,0.227403171487477,0.300963758436284,"Human_Breast_He_06222020_ST_BC23287_C1"
"Human_Breast_He_06222020_ST_BC23287_C1_14x28",0.0117177427215438,0.0995634839803917,0.086894063762312,0.000342272310220195,0.000533420937375124,0.00810172948188674,0.00912886001033664,0.0356290158135095,0.748089410982424,"Human_Breast_He_06222020_ST_BC23287_C1"
"Human_Breast_He_06222020_ST_BC23287_C1_14x22",0.00606182834818468,0.3124372024949,0.000143000570824321,0.0976206053015943,0.0169391088961704,0.00166939693299727,0.0974454813156842,0.0446196223017074,0.423063753837937,"Human_Breast_He_06222020_ST_BC23287_C1"
"Human_Breast_He_06222020_ST_BC23287_C1_14x23",0.119137311609062,0.0529210670490349,0.218563196912862,1.75989745963096e-05,1.12673859544816e-06,0.000843963680384168,0.00139111198497457,0.148161791953229,0.458962831097262,"Human_Breast_He_06222020_ST_BC23287_C1"
"Human_Breast_He_06222020_ST_BC23287_C1_14x21",0.00418366662784753,0.168268072083115,0.0134896146172341,0.143423854904225,0.103814638713747,0.00107366057734983,0.0291891234286571,0.0514332619945025,0.485124107053322,"Human_Breast_He_06222020_ST_BC23287_C1"
"Human_Breast_He_06222020_ST_BC23287_C1_14x26",0.0110028732919722,0.165282617045459,0.000223752418624527,6.38283392129461e-08,4.2568009694387e-08,6.15953479763313e-05,0.332539486599645,0.447853503819933,0.043036065080041,"Human_Breast_He_06222020_ST_BC23287_C1"
"Human_Breast_He_06222020_ST_BC23287_C1_11x33",0.00674317054178302,0.0639914935911089,0.353891756463441,0.159262947829306,0.000242507814787655,0.0417307529256895,0.0156577202868008,0.225611277272293,0.132868373274791,"Human_Breast_He_06222020_ST_BC23287_C1"
"Human_Breast_He_06222020_ST_BC23287_C1_11x30",0.00402150698113105,0.0475686096488374,0.0499292263993362,8.80119491489137e-06,0.000123731904456431,0.0218961879591261,0.0248195143642907,0.000553269852456609,0.851079151695451,"Human_Breast_He_06222020_ST_BC23287_C1"
"Human_Breast_He_06222020_ST_BC23287_C1_11x31",0.00222383442818637,0.0195142534098755,0.00539894825973995,3.29843089705905e-06,2.16953824385907e-05,6.55249282904614e-06,0.00905733500551716,9.36727957071653e-06,0.963764715310946,"Human_Breast_He_06222020_ST_BC23287_C1"
"Human_Breast_He_06222020_ST_BC23287_C1_12x25",0.0402782884070661,0.199349109386138,0.373806400089247,3.49004068966679e-05,2.88080179784029e-05,0.000461886743412889,0.0354765699269586,0.0393445083973902,0.311219528624912,"Human_Breast_He_06222020_ST_BC23287_C1"
"Human_Breast_He_06222020_ST_BC23287_C1_12x27",0.175078230091371,0.207648307406186,0.0128824486836474,2.76888500520099e-05,9.08434005050776e-06,0.00635469236090855,0.127954051182403,0.289463930027573,0.180581567057807,"Human_Breast_He_06222020_ST_BC23287_C1"
"Human_Breast_He_06222020_ST_BC23287_C1_12x20",0.000950923210771814,0.0371174869764857,0.00235073455754935,3.93441736767072e-05,4.49421588215288e-05,0.00123487052371133,0.00506482555194834,0.00816169914243793,0.945035173704597,"Human_Breast_He_06222020_ST_BC23287_C1"
"Human_Breast_He_06222020_ST_BC23287_C1_9x28",0.00558283748433448,0.0701134240790208,0.000279433987748711,0.00154161235071762,0.000926329757516581,0.000848241275425557,0.0458060788161834,0.352124590019281,0.522777452229772,"Human_Breast_He_06222020_ST_BC23287_C1"
"Human_Breast_He_06222020_ST_BC23287_C1_12x22",0.0354027257959376,0.119564900785336,0.0188117178595217,0.0830565716336517,0.00938666878171463,0.011075263824588,0.0315069002751,0.30125734501723,0.389937906026921,"Human_Breast_He_06222020_ST_BC23287_C1"
"Human_Breast_He_06222020_ST_BC23287_C1_13x24",0.00255942585512205,0.329715816080941,0.00597505546480741,0.00113859461727886,0.00367193332584266,0.00579321679978951,0.0113624490422066,0.000140302198706499,0.639643206615305,"Human_Breast_He_06222020_ST_BC23287_C1"
"Human_Breast_He_06222020_ST_BC23287_C1_10x32",0.0259250879958276,0.213602459249415,0.0157252095711316,1.97574612013985e-06,4.94220226179968e-05,0.000337123406350541,0.0455941798663173,0.0167347786318332,0.682029763510386,"Human_Breast_He_06222020_ST_BC23287_C1"
"Human_Breast_He_06222020_ST_BC23287_C1_9x26",0.000473793531464966,0.108564912588886,0.00694705999023853,0.000260548208108441,0.00087359827062945,0.154697973427071,0.0911269598011289,0.00763522090871988,0.629419933273753,"Human_Breast_He_06222020_ST_BC23287_C1"
"Human_Breast_He_06222020_ST_BC23287_C1_14x24",0.00139656983614384,0.408536214862002,0.000159813504207219,0.000576668595831526,0.000221169882536768,0.0203028070006581,0.0441604091158089,7.98774134317215e-05,0.52456646978938,"Human_Breast_He_06222020_ST_BC23287_C1"
"Human_Breast_He_06222020_ST_BC23287_C1_15x21",0.0505126713269298,0.041958762087403,0.35834528982984,0.0080753436381211,0.000802140987941325,0.00704656591002134,0.00242212082077097,0.144363592124923,0.38647351327405,"Human_Breast_He_06222020_ST_BC23287_C1"
"Human_Breast_He_06222020_ST_BC23287_C1_15x20",0.00125620912568778,0.338327427171809,0.000104038994898569,0.00094898847116817,0.000493574911608468,0.000134871983381285,0.000602344918384861,0.00521117490321457,0.652921369519847,"Human_Breast_He_06222020_ST_BC23287_C1"
"Human_Breast_He_06222020_ST_BC23287_C1_15x23",0.00285921963395664,0.160271771889552,0.00014092072646521,5.80207644313464e-05,0.000169026199923087,8.66896990424197e-05,0.0345646817246389,0.114847531559951,0.687002137802038,"Human_Breast_He_06222020_ST_BC23287_C1"
"Human_Breast_He_06222020_ST_BC23287_C1_15x22",0.00201594954399192,0.0420358905286835,0.00132281069548105,0.0350176649724381,0.00110574561670753,0.0916595955644867,0.198981017018927,0.0702372602050747,0.55762406585421,"Human_Breast_He_06222020_ST_BC23287_C1"
"Human_Breast_He_06222020_ST_BC23287_C1_15x25",0.00638274152945678,0.0996811087998428,0.022098226641376,0.00353017464180154,0.00127575432186433,0.0011417799576903,0.0730227923793884,0.0508442450036593,0.742023176724921,"Human_Breast_He_06222020_ST_BC23287_C1"
"Human_Breast_He_06222020_ST_BC23287_C1_15x24",0.0833535781699521,0.0240340294260057,0.0300493613731522,7.83738928698753e-06,0.000539814504959996,0.0100021060034255,0.0142477141455396,8.81664367028768e-05,0.837677392550975,"Human_Breast_He_06222020_ST_BC23287_C1"
"Human_Breast_He_06222020_ST_BC23287_C1_15x27",0.000246091488022089,0.00194006385697453,0.000126904709550642,3.57379434630601e-06,5.0870058930527e-05,4.57739438916157e-06,7.25965590498431e-05,6.45805943973989e-05,0.99749074154434,"Human_Breast_He_06222020_ST_BC23287_C1"
"Human_Breast_He_06222020_ST_BC23287_C1_15x26",0.0532214156852966,0.0208330360633203,0.00201121126172057,0.00336375109423257,0.000422665909226214,5.71959189106378e-05,0.00603246093763816,0.00304467047335896,0.911013592656296,"Human_Breast_He_06222020_ST_BC23287_C1"
"Human_Breast_He_06222020_ST_BC23287_C1_15x29",0.00184018267588498,0.072499073858161,0.000833953616828123,0.000666102740104408,0.000141983404114505,0.00368805415842719,0.0530050958183526,0.254024242098381,0.613301311629746,"Human_Breast_He_06222020_ST_BC23287_C1"
"Human_Breast_He_06222020_ST_BC23287_C1_15x28",0.000306824035749369,0.246051053707766,6.4245931198323e-05,3.1214581711065e-06,0.000934529947240355,6.46331162179464e-07,0.0918222891803782,1.6176291508771e-06,0.660815671779184,"Human_Breast_He_06222020_ST_BC23287_C1"
