"","Endothelial","CAFs","PVL","B-cells","T-cells","Myeloid","Normal Epithelial","Plasmablasts","Cancer Epithelial","sid"
"Human_Breast_He_06222020_ST_BC23277_E2_12x16",0.0121455742253007,0.00165832924789026,0.00173369323944549,0.0101749370982393,0.00521966788443697,0.185179140780464,0.483411638797798,0.0374076027711465,0.263069415955278,"Human_Breast_He_06222020_ST_BC23277_E2"
"Human_Breast_He_06222020_ST_BC23277_E2_16x28",0.00866118106803712,0.0104980027294222,0.0120374862470736,0.046496984778531,0.0119419096540013,0.145150870757163,0.379468049662879,0.156430876074394,0.229314639028498,"Human_Breast_He_06222020_ST_BC23277_E2"
"Human_Breast_He_06222020_ST_BC23277_E2_23x22",0.00224290275828884,0.00017164763942668,0.000208923252336515,0.000117779717450786,0.000130098669043452,0.225835420347504,0.421087882127177,0.0247336963968714,0.325471649091901,"Human_Breast_He_06222020_ST_BC23277_E2"
"Human_Breast_He_06222020_ST_BC23277_E2_23x23",0.00272149238542398,0.00178861284781217,0.000464298435017634,0.00422251587462041,0.00169240096928127,0.11633130238569,0.533271887038567,0.0584597340263788,0.281047756037209,"Human_Breast_He_06222020_ST_BC23277_E2"
"Human_Breast_He_06222020_ST_BC23277_E2_23x24",0.00211071706437092,0.000520868231507585,0.00291305768701242,5.80831513495382e-05,0.000225464486954075,0.0943829392572089,0.354707629292337,0.283873446722937,0.261207794106323,"Human_Breast_He_06222020_ST_BC23277_E2"
"Human_Breast_He_06222020_ST_BC23277_E2_23x28",0.0144609842052513,0.00592333330619606,0.000787335623885782,0.0002841293308383,0.000888011815553239,0.180163026879291,0.399207500258615,0.16072933142379,0.23755634715658,"Human_Breast_He_06222020_ST_BC23277_E2"
"Human_Breast_He_06222020_ST_BC23277_E2_24x29",0.0103135178042859,0.0138101948690826,0.0463345860158604,0.000731022348508622,0.00246006416452683,0.184584018006094,0.344207293971378,0.283969399930541,0.113589902889722,"Human_Breast_He_06222020_ST_BC23277_E2"
"Human_Breast_He_06222020_ST_BC23277_E2_21x9",0.029415470289606,0.00635655583478339,0.00275677052567366,0.000301139829205258,0.00167056922946649,0.0450701111458811,0.348601779846599,0.279526236900751,0.286301366398034,"Human_Breast_He_06222020_ST_BC23277_E2"
"Human_Breast_He_06222020_ST_BC23277_E2_30x17",0.00243115157566779,0.00197829224687206,0.00482066399028917,0.00369308698819825,0.00288275472529137,0.0391004289987592,0.513862801642191,0.229138138064604,0.202092681768127,"Human_Breast_He_06222020_ST_BC23277_E2"
"Human_Breast_He_06222020_ST_BC23277_E2_30x21",0.00718439962436427,0.00324206743944825,0.00152790976855151,0.000536425553534069,0.00113564008025419,0.0574620946945486,0.486845515688028,0.166691775689485,0.275374171461785,"Human_Breast_He_06222020_ST_BC23277_E2"
"Human_Breast_He_06222020_ST_BC23277_E2_20x21",0.0233073261285003,0.00143098788410104,0.00211061911797934,0.00700442536784417,0.00420684172548653,0.17955786849101,0.458770739235196,0.0944236564370691,0.229187535612814,"Human_Breast_He_06222020_ST_BC23277_E2"
"Human_Breast_He_06222020_ST_BC23277_E2_8x25",0.0164892247007102,0.00957920201860439,0.00743568321148219,0.0202494154575903,0.00231612087834495,0.136917718730054,0.365412789290363,0.177456264741311,0.26414358097154,"Human_Breast_He_06222020_ST_BC23277_E2"
"Human_Breast_He_06222020_ST_BC23277_E2_20x23",0.00143206268343364,0.00190779809821794,0.00486140701136928,0.000641727433853293,0.000132121275017823,0.056653825672521,0.352522366383873,0.202963456389044,0.37888523505267,"Human_Breast_He_06222020_ST_BC23277_E2"
"Human_Breast_He_06222020_ST_BC23277_E2_3x22",0.00178663522748956,0.00264718434380762,0.000998850874538458,0.0121888187055617,0.00182592264945129,0.153017558954793,0.329920583922679,0.209741131264474,0.287873314057206,"Human_Breast_He_06222020_ST_BC23277_E2"
"Human_Breast_He_06222020_ST_BC23277_E2_25x10",0.0033790981974296,0.00120937770354724,0.00116547911410021,0.00128386003478142,0.000804104005107598,0.10040412816191,0.506431795675657,0.00217071381875198,0.383151443288715,"Human_Breast_He_06222020_ST_BC23277_E2"
"Human_Breast_He_06222020_ST_BC23277_E2_18x28",0.00634994045496392,0.0064490152829022,0.00395284339387474,0.00043987349240166,0.000933520474128577,0.218499401745444,0.290254583007806,0.0607018449956912,0.412418977152787,"Human_Breast_He_06222020_ST_BC23277_E2"
"Human_Breast_He_06222020_ST_BC23277_E2_18x29",0.00240473586479743,0.00574760400049692,0.000286265053644344,0.00482943181510886,0.00125124003803042,0.186747856598011,0.240077800296187,0.325832842800493,0.232822223533232,"Human_Breast_He_06222020_ST_BC23277_E2"
"Human_Breast_He_06222020_ST_BC23277_E2_18x26",0.0040854644360655,0.00221506925133374,0.00306990110886787,0.00116059492504344,0.000761992117696801,0.157260328811849,0.323476416723401,0.197709197297284,0.310261035328459,"Human_Breast_He_06222020_ST_BC23277_E2"
"Human_Breast_He_06222020_ST_BC23277_E2_18x27",0.00437844979575408,0.00218058575040629,0.00568872901979227,0.000176970488773485,0.000489443543847407,0.0995900487256232,0.418317309458373,0.0566995527812875,0.412478910436143,"Human_Breast_He_06222020_ST_BC23277_E2"
"Human_Breast_He_06222020_ST_BC23277_E2_18x25",0.00509510614775835,0.0023901160075573,0.00405313835404739,0.00375949750122635,0.0015859101956631,0.176114867363269,0.422981046967096,0.150160661320392,0.23385965614299,"Human_Breast_He_06222020_ST_BC23277_E2"
"Human_Breast_He_06222020_ST_BC23277_E2_18x22",0.00504048605347552,0.0115838536640015,0.00476549218999535,0.00150312671965491,0.00196568159054445,0.0353390991221172,0.36303580729413,0.121479814547094,0.455286638818988,"Human_Breast_He_06222020_ST_BC23277_E2"
"Human_Breast_He_06222020_ST_BC23277_E2_18x23",0.00057174046998006,0.000669921966034609,0.00052802824196462,6.89393637455976e-05,0.000298931976525462,0.0305844383770045,0.49769541151992,0.0516978362006571,0.417884751884168,"Human_Breast_He_06222020_ST_BC23277_E2"
"Human_Breast_He_06222020_ST_BC23277_E2_18x20",0.00758271276605621,0.00556090704921973,0.00180783339212304,0.00340761973686616,0.00428231180994318,0.117421358087833,0.325530928786178,0.344584201887712,0.189822126484069,"Human_Breast_He_06222020_ST_BC23277_E2"
"Human_Breast_He_06222020_ST_BC23277_E2_18x21",0.00676449680067101,0.0018796715165638,0.0258478904216517,0.000240911091497106,0.000440901330340426,0.146112500502875,0.445954103474435,0.0744717213648231,0.298287803497142,"Human_Breast_He_06222020_ST_BC23277_E2"
"Human_Breast_He_06222020_ST_BC23277_E2_24x26",0.00660306402273921,0.0046099095088747,0.00243233775377057,0.0379681858413922,0.00820913350815256,0.136667389339503,0.412646078734772,0.171112839178219,0.219751062112577,"Human_Breast_He_06222020_ST_BC23277_E2"
"Human_Breast_He_06222020_ST_BC23277_E2_20x27",0.0151084167952258,0.0115044359374855,0.00563087282565148,0.00709461092780984,0.00737711946714465,0.253124917826335,0.322541619991493,0.110396278216892,0.267221728011962,"Human_Breast_He_06222020_ST_BC23277_E2"
"Human_Breast_He_06222020_ST_BC23277_E2_25x14",0.00350042304623462,0.00211624913613474,0.000714730231549622,0.00172243913095041,0.000944475466828711,0.202729548020211,0.348017621783809,0.0110120752189136,0.429242437965369,"Human_Breast_He_06222020_ST_BC23277_E2"
"Human_Breast_He_06222020_ST_BC23277_E2_24x20",0.00353057605685229,0.0018887996299625,0.000447687650406102,0.00123365753061197,0.000620746532695646,0.0635987623635623,0.446965578971283,0.175807005975592,0.305907185289035,"Human_Breast_He_06222020_ST_BC23277_E2"
"Human_Breast_He_06222020_ST_BC23277_E2_23x20",0.00402115200461613,0.00170126496161855,0.00217839641121498,0.00283792445911091,0.00465445318974029,0.0348581182238935,0.490860421586422,0.230267712503937,0.228620556659446,"Human_Breast_He_06222020_ST_BC23277_E2"
"Human_Breast_He_06222020_ST_BC23277_E2_26x8",0.00593099164570108,0.00250732492284639,0.002198456420169,0.00272100358053651,0.00124439754194686,0.135203437555608,0.523745103729178,0.0700946452473416,0.256354639356672,"Human_Breast_He_06222020_ST_BC23277_E2"
"Human_Breast_He_06222020_ST_BC23277_E2_26x9",0.00248417822983134,0.000544223107878698,0.000489410344182658,0.00504560596526437,0.00298967319333348,0.0438682121372151,0.626379508751261,0.00994927003213621,0.308249918238897,"Human_Breast_He_06222020_ST_BC23277_E2"
"Human_Breast_He_06222020_ST_BC23277_E2_26x7",0.00353729607373967,0.00207659961463404,0.000550229312122818,0.00101624912674413,0.00164566000651618,0.081835238709447,0.582603771526738,0.0341008918099373,0.29263406382012,"Human_Breast_He_06222020_ST_BC23277_E2"
"Human_Breast_He_06222020_ST_BC23277_E2_22x12",0.00523904947515333,0.00149372272532283,0.00306741573213558,0.00470032681760606,0.00243294931449094,0.0629256062129636,0.617707525476728,0.0680731051549393,0.234360299090661,"Human_Breast_He_06222020_ST_BC23277_E2"
"Human_Breast_He_06222020_ST_BC23277_E2_23x26",0.00429629761595858,0.00109586377538859,0.00172464587172943,0.0002039192496454,0.000547059972603172,0.109753640725009,0.42484446035774,0.16927876910897,0.288255343322957,"Human_Breast_He_06222020_ST_BC23277_E2"
"Human_Breast_He_06222020_ST_BC23277_E2_17x26",0.00671770435118561,0.00239679150766538,0.0021743922566152,0.00656286131426103,0.00278398898414475,0.016338938711837,0.516004825893221,0.0964505511167296,0.35056994586434,"Human_Breast_He_06222020_ST_BC23277_E2"
"Human_Breast_He_06222020_ST_BC23277_E2_30x23",0.0266779345144236,0.00319996075900099,0.00588794202866063,0.10523502277988,0.0193137501553969,0.0166791296572806,0.595869286183509,0.0211968847810184,0.20594008914083,"Human_Breast_He_06222020_ST_BC23277_E2"
"Human_Breast_He_06222020_ST_BC23277_E2_22x13",0.00433463433858208,0.000859034948585368,0.00116153202145418,3.50491097062181e-05,0.000243725262834257,0.15681055985941,0.48628867951268,0.096812484725576,0.253454300221171,"Human_Breast_He_06222020_ST_BC23277_E2"
"Human_Breast_He_06222020_ST_BC23277_E2_11x14",0.00842694352192152,0.002305351078043,0.00333243983226243,0.0045005072169796,0.00363675988749581,0.207294501448246,0.451760625237242,0.0396490645266533,0.279093807251157,"Human_Breast_He_06222020_ST_BC23277_E2"
"Human_Breast_He_06222020_ST_BC23277_E2_11x15",0.00228348677282069,0.00109625958984342,0.00102375955991188,0.000538593168288901,0.00119380640686187,0.146793206598999,0.380759775793429,0.187943193555193,0.278367918554652,"Human_Breast_He_06222020_ST_BC23277_E2"
"Human_Breast_He_06222020_ST_BC23277_E2_8x20",0.010177805259884,0.00250739772606502,0.00246185240207859,0.0484012736099329,0.0079903432073665,0.162750492016548,0.356797244395055,0.143545504168179,0.26536808721489,"Human_Breast_He_06222020_ST_BC23277_E2"
"Human_Breast_He_06222020_ST_BC23277_E2_8x21",0.00453021221219863,0.00358801900792833,0.00351355360615979,0.0434670231853101,0.00760882560607115,0.129970190526886,0.348286968043336,0.109279885045846,0.349755322766265,"Human_Breast_He_06222020_ST_BC23277_E2"
"Human_Breast_He_06222020_ST_BC23277_E2_8x26",0.0480242156447769,0.012786111861036,0.0244008668252186,0.0225535699463604,0.00719904922831519,0.125381571398301,0.260478163971913,0.278817845888708,0.22035860523537,"Human_Breast_He_06222020_ST_BC23277_E2"
"Human_Breast_He_06222020_ST_BC23277_E2_8x16",0.00438650039671838,0.0098457237089538,0.0139658731069221,0.0585324276893543,0.00779003364209999,0.0958070928685129,0.432980946170538,0.0895857571850383,0.287105645231862,"Human_Breast_He_06222020_ST_BC23277_E2"
"Human_Breast_He_06222020_ST_BC23277_E2_11x12",0.0136273180560958,0.00772315768597893,0.00229650120180876,0.000385426883965084,0.0011208924050556,0.225738260592188,0.388463564285688,0.0550333242381647,0.305611554651056,"Human_Breast_He_06222020_ST_BC23277_E2"
"Human_Breast_He_06222020_ST_BC23277_E2_11x13",0.00492107106959229,0.00120499442228959,0.00400577574266219,0.00874226281556729,0.00249351082250053,0.136092474889505,0.506009827718122,0.0238173721853514,0.31271271033441,"Human_Breast_He_06222020_ST_BC23277_E2"
"Human_Breast_He_06222020_ST_BC23277_E2_8x15",0.00189199024589898,0.00210274243045977,0.00333274023824858,0.00491604595466699,0.000579400312207304,0.202509931074507,0.316888096196879,0.0954812614412873,0.372297792105845,"Human_Breast_He_06222020_ST_BC23277_E2"
"Human_Breast_He_06222020_ST_BC23277_E2_30x28",0.00102618542460517,0.00122893511282705,0.000312437123257789,0.000178928213871088,0.000715965673797148,0.176771745176405,0.359837648883168,0.0416119907083588,0.41831616368371,"Human_Breast_He_06222020_ST_BC23277_E2"
"Human_Breast_He_06222020_ST_BC23277_E2_20x30",0.00368590744075818,0.0169029696421146,0.00349065509789558,0.00371696084346682,0.00116179708435412,0.169041522268721,0.243298837661955,0.321080057754724,0.237621292206011,"Human_Breast_He_06222020_ST_BC23277_E2"
"Human_Breast_He_06222020_ST_BC23277_E2_20x31",0.00398840528623506,0.00249585845698366,0.00092271665747183,0.000540914507216228,0.000378997853370603,0.171012609978262,0.306402695032739,0.298814837323721,0.215442964904,"Human_Breast_He_06222020_ST_BC23277_E2"
"Human_Breast_He_06222020_ST_BC23277_E2_8x14",0.0252900518500722,0.00452458004387493,0.00240760370036806,0.0104086731453671,0.00295326365643407,0.1936857435868,0.487248925162517,0.0451245233249343,0.228356635529632,"Human_Breast_He_06222020_ST_BC23277_E2"
"Human_Breast_He_06222020_ST_BC23277_E2_20x17",0.0183710935252667,0.00215438792813329,0.00458825552264958,0.0161093779034832,0.00986202353449916,0.138175421987084,0.510062218239226,0.0246198396777112,0.276057381681947,"Human_Breast_He_06222020_ST_BC23277_E2"
"Human_Breast_He_06222020_ST_BC23277_E2_14x11",0.0163078267590632,0.00249146992852739,0.00989792693458439,0.117626796223663,0.0709288777220228,0.0210126070091366,0.38081501156141,0.0632277447512205,0.317691739110373,"Human_Breast_He_06222020_ST_BC23277_E2"
"Human_Breast_He_06222020_ST_BC23277_E2_26x14",0.00633419476861574,0.00106047833846318,0.00169015535055175,0.00265035087528095,0.00141661976242958,0.119487785000749,0.485362807753882,0.000950268235135122,0.381047339914892,"Human_Breast_He_06222020_ST_BC23277_E2"
"Human_Breast_He_06222020_ST_BC23277_E2_22x14",0.00267362552689716,0.00631173756646464,0.0140262268142087,0.00181946427365624,0.00163414094011536,0.0742656557471533,0.42163627534526,0.0797459409572102,0.397886932829034,"Human_Breast_He_06222020_ST_BC23277_E2"
"Human_Breast_He_06222020_ST_BC23277_E2_6x17",0.00279963639498041,0.000297526833114794,0.00403960413965993,0.0012818665721827,0.000562093884067314,0.107092386767928,0.32642514943026,0.333649103484864,0.223852632492942,"Human_Breast_He_06222020_ST_BC23277_E2"
"Human_Breast_He_06222020_ST_BC23277_E2_18x24",0.00722621333154513,0.00167327898799965,0.00798004716945915,0.000613846739992045,0.00489234642276307,0.048928566212186,0.485756569175194,0.0130877988627441,0.429841333098117,"Human_Breast_He_06222020_ST_BC23277_E2"
"Human_Breast_He_06222020_ST_BC23277_E2_23x19",0.020595946137162,0.0085268699726766,0.0244922429831453,0.000842542095660812,0.00097325760221075,0.119538601382368,0.463160536727654,0.040091093557924,0.321778909541198,"Human_Breast_He_06222020_ST_BC23277_E2"
"Human_Breast_He_06222020_ST_BC23277_E2_23x18",0.00383318730231251,0.000742125662901044,0.00150795820115109,0.0005174501575423,0.000982143103044089,0.157005495061611,0.449317298450596,0.0667022112577814,0.319392130803061,"Human_Breast_He_06222020_ST_BC23277_E2"
"Human_Breast_He_06222020_ST_BC23277_E2_23x11",0.00428331837637923,0.000680097683994392,0.00208119141620093,0.00517407658794568,0.00426416301449014,0.0181954731502918,0.580432582597454,0.00655483053141885,0.378334266641825,"Human_Breast_He_06222020_ST_BC23277_E2"
"Human_Breast_He_06222020_ST_BC23277_E2_23x10",0.0141849719821336,0.00211992418055738,0.000289678437034807,0.0108037469286158,0.00731964237272014,0.0598503812901266,0.454883550784251,0.18616493913776,0.2643831648868,"Human_Breast_He_06222020_ST_BC23277_E2"
"Human_Breast_He_06222020_ST_BC23277_E2_23x13",0.00462105575050275,0.0031547474785523,0.0020743750451126,0.000715762484177056,0.00048984534708848,0.188428811688029,0.536277724670455,0.0568847131469095,0.207352964389174,"Human_Breast_He_06222020_ST_BC23277_E2"
"Human_Breast_He_06222020_ST_BC23277_E2_23x12",0.00898766208803796,0.0056020113646796,0.0034856646946051,0.0218004565635463,0.0054771735752467,0.104132693045325,0.558612323306352,0.0106865777376805,0.281215437624526,"Human_Breast_He_06222020_ST_BC23277_E2"
"Human_Breast_He_06222020_ST_BC23277_E2_23x15",0.0179193473565161,0.00377620077060798,0.00297282455523306,0.00101521900632234,0.00191011683751543,0.179365430027036,0.424293876774859,0.111224956160915,0.257522028510996,"Human_Breast_He_06222020_ST_BC23277_E2"
"Human_Breast_He_06222020_ST_BC23277_E2_23x14",0.007974092292775,0.000956864035699373,0.00302153598810111,0.0118095589827397,0.00399260073114462,0.0872755539320421,0.442779726387789,0.0332087781329514,0.408981289516758,"Human_Breast_He_06222020_ST_BC23277_E2"
"Human_Breast_He_06222020_ST_BC23277_E2_23x17",0.0161328357337483,0.0168456649744755,0.0184931191165304,0.00334014552406835,0.00350893550004597,0.1538384712895,0.449460903019418,0.0302867972244172,0.308093127617795,"Human_Breast_He_06222020_ST_BC23277_E2"
"Human_Breast_He_06222020_ST_BC23277_E2_23x16",0.00974982981768671,0.00332918138411699,0.00222893719250058,0.0124034046657409,0.00569392619971082,0.157556444198321,0.487701743505495,0.0415793366713526,0.279757196365075,"Human_Breast_He_06222020_ST_BC23277_E2"
"Human_Breast_He_06222020_ST_BC23277_E2_8x22",0.00375123631139526,0.00470783829709598,0.00177551846988829,0.0195312744283971,0.00230320264466743,0.0755867435275085,0.302509643109314,0.435145102568114,0.154689440643619,"Human_Breast_He_06222020_ST_BC23277_E2"
"Human_Breast_He_06222020_ST_BC23277_E2_8x23",0.00159065914001668,0.00647180769622298,0.00289301321683565,0.000169883871629379,0.000182297486279961,0.171415027839992,0.335594309641967,0.258761897589495,0.222921103517562,"Human_Breast_He_06222020_ST_BC23277_E2"
"Human_Breast_He_06222020_ST_BC23277_E2_11x17",0.00475464056451396,0.000446240731053509,0.000809743261063721,0.000858461748466321,0.00113926546852446,0.138772638019903,0.461727703483069,0.100198015875879,0.291293290847527,"Human_Breast_He_06222020_ST_BC23277_E2"
"Human_Breast_He_06222020_ST_BC23277_E2_8x27",0.0223271347140151,0.0733363002437406,0.0101474691554806,0.192175174343942,0.0198379016791997,0.174785973998834,0.199124181886969,0.0906419168691552,0.217623947108664,"Human_Breast_He_06222020_ST_BC23277_E2"
"Human_Breast_He_06222020_ST_BC23277_E2_8x24",0.00531039449405118,0.00219667010029602,0.00207869414397698,0.0291153508338533,0.00916965110001831,0.135916770397487,0.380906958071374,0.199424834045432,0.235880676813511,"Human_Breast_He_06222020_ST_BC23277_E2"
"Human_Breast_He_06222020_ST_BC23277_E2_23x9",0.00542753471970998,0.00217644135423664,0.00289373897197285,0.0015782381451987,0.00441837004653704,0.118364958140071,0.570170165470523,0.0292669541153609,0.265703599036389,"Human_Breast_He_06222020_ST_BC23277_E2"
"Human_Breast_He_06222020_ST_BC23277_E2_23x8",0.00831643146065248,0.00452858839913098,0.00384058677696148,0.00366601245379901,0.00156748619325665,0.13575336762759,0.452563702899661,0.0459741896732016,0.343789634515747,"Human_Breast_He_06222020_ST_BC23277_E2"
"Human_Breast_He_06222020_ST_BC23277_E2_8x28",0.0099426469760196,0.0169095213217019,0.0102303552565633,0.017375383816197,0.00402679386726867,0.20543923038542,0.151259360131124,0.282143326824479,0.302673381421227,"Human_Breast_He_06222020_ST_BC23277_E2"
"Human_Breast_He_06222020_ST_BC23277_E2_8x29",0.0156343842690053,0.0318065920098717,0.0233943602721061,0.00517244365067708,0.00247407411917719,0.1962559905176,0.187830246073373,0.389275897957966,0.148156011130225,"Human_Breast_He_06222020_ST_BC23277_E2"
"Human_Breast_He_06222020_ST_BC23277_E2_11x18",0.0102828215515808,0.00128348024188194,0.00108770064844229,0.000303913414264322,0.00107704678501695,0.133681629509031,0.481366612885911,0.034587121254151,0.336329673709721,"Human_Breast_He_06222020_ST_BC23277_E2"
"Human_Breast_He_06222020_ST_BC23277_E2_11x19",0.00378284955536501,0.00608505384851402,0.00155933605673841,0.000296633835322502,0.000775424326359122,0.106417696940159,0.386015427634873,0.120672709926254,0.374394867876416,"Human_Breast_He_06222020_ST_BC23277_E2"
"Human_Breast_He_06222020_ST_BC23277_E2_2x17",0.00087634357203721,7.63819057391785e-05,3.72139866355252e-05,0.126642857641884,0.0106043055791837,0.059949134248997,0.492274696407766,0.0357896112584079,0.27374945539935,"Human_Breast_He_06222020_ST_BC23277_E2"
"Human_Breast_He_06222020_ST_BC23277_E2_26x19",0.00774197855537762,0.00382245068175168,0.005412094754872,0.00122364538372423,0.00152968462670113,0.0367829387892439,0.580330329107247,0.059963169399411,0.303193708701671,"Human_Breast_He_06222020_ST_BC23277_E2"
"Human_Breast_He_06222020_ST_BC23277_E2_2x19",0.00393095608918473,0.00114132348836803,0.000774455093023527,0.0179094956034682,0.0031177344526371,0.174144763795231,0.355867176238315,0.204252820930684,0.238861274309089,"Human_Breast_He_06222020_ST_BC23277_E2"
"Human_Breast_He_06222020_ST_BC23277_E2_2x18",0.000472984554952459,0.00056962861057517,0.000518531886755731,0.00168028298688542,0.000976545586610491,0.168018963167404,0.497196357439918,0.10037195005946,0.230194755707439,"Human_Breast_He_06222020_ST_BC23277_E2"
"Human_Breast_He_06222020_ST_BC23277_E2_17x12",0.000358746640126023,0.00074520154170174,9.0819569665328e-05,5.55994449869246e-05,0.000381138064774402,0.164276746243382,0.530624960628544,0.107112352118819,0.196354435747999,"Human_Breast_He_06222020_ST_BC23277_E2"
"Human_Breast_He_06222020_ST_BC23277_E2_17x13",0.0041325423785821,0.000905701300668085,0.0028591381971054,0.00108715556562259,0.00360535063801177,0.0479807513550547,0.602049125107683,0.00487232391393725,0.332507911543335,"Human_Breast_He_06222020_ST_BC23277_E2"
"Human_Breast_He_06222020_ST_BC23277_E2_17x10",0.00130405349812425,0.000930261622101134,0.00087574961403433,0.000241568683997176,0.000205510227943425,0.207513275536616,0.494473379230381,0.0306999203647884,0.263756281222014,"Human_Breast_He_06222020_ST_BC23277_E2"
"Human_Breast_He_06222020_ST_BC23277_E2_17x11",0.011650220296619,0.00428032497906212,0.0103338643809898,0.00112621948442441,0.00168624225295458,0.115599200946128,0.477701900375778,0.111353900405424,0.26626812687862,"Human_Breast_He_06222020_ST_BC23277_E2"
"Human_Breast_He_06222020_ST_BC23277_E2_17x16",0.00659139596563893,0.000976883036474266,0.00309112687447167,0.0448507111906388,0.0062524596719194,0.0467241102120596,0.473786773449556,0.205468655122218,0.212257884477024,"Human_Breast_He_06222020_ST_BC23277_E2"
"Human_Breast_He_06222020_ST_BC23277_E2_17x17",0.0112352747045189,0.00306727655764326,0.00243434470610746,0.00883183315809465,0.00464767337326058,0.0647288263778259,0.513070547517855,0.0319719115663187,0.360012312038376,"Human_Breast_He_06222020_ST_BC23277_E2"
"Human_Breast_He_06222020_ST_BC23277_E2_26x18",0.00745719891733073,0.00647003847985053,0.00329841248085908,0.0117949575971059,0.00279609733589868,0.167609820848806,0.48346127204659,0.0371483332001955,0.279963869093363,"Human_Breast_He_06222020_ST_BC23277_E2"
"Human_Breast_He_06222020_ST_BC23277_E2_17x15",0.000804255255245119,0.0015476458945745,0.00343855171082186,0.000408246997734844,0.000207804662950928,0.178749393956355,0.422712238712782,0.0217106237852301,0.370421239024306,"Human_Breast_He_06222020_ST_BC23277_E2"
"Human_Breast_He_06222020_ST_BC23277_E2_26x16",0.00585429521324992,0.00110863828284706,0.00109053260512833,3.21347902723055e-05,0.000235990241793914,0.121592790202353,0.524779064868358,0.0225989240342585,0.322707629761739,"Human_Breast_He_06222020_ST_BC23277_E2"
"Human_Breast_He_06222020_ST_BC23277_E2_26x17",0.00353211665622837,0.00103806932033745,0.00118791191428253,0.000105935791966754,0.000632432862975846,0.099442287835204,0.662981314874526,0.00630328660028227,0.224776644144197,"Human_Breast_He_06222020_ST_BC23277_E2"
"Human_Breast_He_06222020_ST_BC23277_E2_17x18",0.0204661746113134,0.0039553416305098,0.00752487972470073,0.0121568035013926,0.00305409217514624,0.153098041881938,0.475876309062629,0.0794072967904972,0.244461060621873,"Human_Breast_He_06222020_ST_BC23277_E2"
"Human_Breast_He_06222020_ST_BC23277_E2_26x15",0.00719019348908222,0.00835625069970003,0.00362492357563955,0.0582940949749439,0.0137825471609173,0.118391905183744,0.497299444317068,0.062261410395306,0.230799230203599,"Human_Breast_He_06222020_ST_BC23277_E2"
"Human_Breast_He_06222020_ST_BC23277_E2_26x12",0.00284476655360462,0.00151171385372299,0.000558317104110205,0.000684020006022431,0.00191388302228191,0.0403567319047879,0.453201389631737,0.312702045711527,0.186227132212206,"Human_Breast_He_06222020_ST_BC23277_E2"
"Human_Breast_He_06222020_ST_BC23277_E2_26x13",0.00361658634621692,0.00220061062370261,0.00406991370038268,0.0207331742293706,0.00530273022123473,0.153717331574054,0.513603544649098,0.00830765403245697,0.288448454623483,"Human_Breast_He_06222020_ST_BC23277_E2"
"Human_Breast_He_06222020_ST_BC23277_E2_26x10",0.00157229261844267,0.00231348912283025,0.00239949919315047,0.00653139288370414,0.00379501035425294,0.106111303637812,0.525534589812633,0.00118320988292041,0.350559212494254,"Human_Breast_He_06222020_ST_BC23277_E2"
"Human_Breast_He_06222020_ST_BC23277_E2_26x11",0.00391439544183294,0.00451068537667763,0.00125627947417339,0.0297511696635899,0.00703657705373469,0.164778527101654,0.372944212009612,0.106464560570769,0.309343593307957,"Human_Breast_He_06222020_ST_BC23277_E2"
"Human_Breast_He_06222020_ST_BC23277_E2_31x16",0.00428132368413354,0.00278824785277077,0.000739408166154279,0.00372483923899923,0.00381944187219188,0.0402746165830936,0.551448253512074,0.107128760192679,0.285795108897904,"Human_Breast_He_06222020_ST_BC23277_E2"
"Human_Breast_He_06222020_ST_BC23277_E2_31x17",0.00942195879744028,0.00267247803653015,0.00118234104551303,0.00224342261535904,0.00241340288836558,0.0508326521458857,0.651263778592074,0.0304174878842367,0.249552477994595,"Human_Breast_He_06222020_ST_BC23277_E2"
"Human_Breast_He_06222020_ST_BC23277_E2_13x33",0.0135077349104166,0.00314879012358169,0.00233064670720046,0.00437716570507831,0.000425171592908906,0.152330213778589,0.184946914771615,0.443019015417576,0.195914346993034,"Human_Breast_He_06222020_ST_BC23277_E2"
"Human_Breast_He_06222020_ST_BC23277_E2_31x18",0.00914385021154343,0.000921573632250255,0.00194070918535224,0.0116731902665934,0.00578120357355471,0.0282738852279308,0.557138077999187,0.110143036040461,0.274984473863127,"Human_Breast_He_06222020_ST_BC23277_E2"
"Human_Breast_He_06222020_ST_BC23277_E2_31x19",0.00414888883360989,0.00265477971959526,0.000802912554626222,0.0253054588699559,0.00570936486428962,0.062813961948101,0.482001904647898,0.18931655377826,0.227246174783664,"Human_Breast_He_06222020_ST_BC23277_E2"
"Human_Breast_He_06222020_ST_BC23277_E2_10x26",0.00232701427687413,0.0042158459597998,0.00158637952021862,0.00698309821090612,0.00112027223592181,0.0683921434257512,0.254676667402579,0.503503327430335,0.157195251537614,"Human_Breast_He_06222020_ST_BC23277_E2"
"Human_Breast_He_06222020_ST_BC23277_E2_10x27",0.0105302314238107,0.00313428335870816,0.00483358751401946,9.52664481807269e-05,0.00037090208759347,0.100366141681404,0.36737547717866,0.254991742145589,0.258302368162034,"Human_Breast_He_06222020_ST_BC23277_E2"
"Human_Breast_He_06222020_ST_BC23277_E2_10x24",0.011638589283645,0.00552279266502657,0.00609284690211227,0.00103341890805722,0.00143026480929638,0.130498495917434,0.362159973452324,0.216863135153183,0.264760482908922,"Human_Breast_He_06222020_ST_BC23277_E2"
"Human_Breast_He_06222020_ST_BC23277_E2_10x25",0.00257429061822981,0.00381964351082972,0.000641206538275543,0.000655894550959514,0.000902828003166477,0.0925675842851511,0.305949075252191,0.419693060644357,0.17319641659684,"Human_Breast_He_06222020_ST_BC23277_E2"
"Human_Breast_He_06222020_ST_BC23277_E2_10x22",0.00339635644466028,0.00122045196844457,0.00144334062383364,0.00575312110332256,0.00125520876510021,0.143151020518163,0.329895241632177,0.223906297094177,0.289978961850122,"Human_Breast_He_06222020_ST_BC23277_E2"
"Human_Breast_He_06222020_ST_BC23277_E2_10x23",0.00654994309533332,0.0015214179193496,0.00218858001252513,0.0235957223765372,0.0044146230918729,0.0525084391360847,0.346297633223474,0.412701676244081,0.150221964900742,"Human_Breast_He_06222020_ST_BC23277_E2"
"Human_Breast_He_06222020_ST_BC23277_E2_10x20",0.00412390704569864,0.00390410185937668,0.00119791558073735,0.0181203508094668,0.00395066484501794,0.113947791502033,0.263662261457396,0.447360439598458,0.143732567301815,"Human_Breast_He_06222020_ST_BC23277_E2"
"Human_Breast_He_06222020_ST_BC23277_E2_10x21",0.0153849776914292,0.00375356079184916,0.00734071737115794,0.0156049529051444,0.00672203672438394,0.150624908245813,0.424520016652091,0.0821807152009582,0.293868114417173,"Human_Breast_He_06222020_ST_BC23277_E2"
"Human_Breast_He_06222020_ST_BC23277_E2_10x28",0.00380344310346183,0.00351880630829929,0.000579413092750455,0.000583095550313805,0.000379569131758693,0.186235876141343,0.289309276094906,0.295941746313706,0.219648774263461,"Human_Breast_He_06222020_ST_BC23277_E2"
"Human_Breast_He_06222020_ST_BC23277_E2_10x29",0.00867183000937737,0.0174545255484037,0.00286615942089543,0.0222190157205827,0.00501653362824725,0.129325631526825,0.40472257772145,0.17274218230775,0.236981544116469,"Human_Breast_He_06222020_ST_BC23277_E2"
"Human_Breast_He_06222020_ST_BC23277_E2_7x16",0.00872237521461994,0.00251148216862088,0.00354292833685414,0.0115782915479226,0.00299701839767997,0.159936124013219,0.487988683535638,0.0676410274641209,0.255082069321325,"Human_Breast_He_06222020_ST_BC23277_E2"
"Human_Breast_He_06222020_ST_BC23277_E2_7x17",0.00244739692127247,0.00115276425545112,0.000667865679802851,0.00471785325206583,0.00178767199620238,0.174546445873735,0.408878777742841,0.0759765488787757,0.329824675399854,"Human_Breast_He_06222020_ST_BC23277_E2"
"Human_Breast_He_06222020_ST_BC23277_E2_22x19",0.0134279849213326,0.00640166722034136,0.00526294031199511,0.0028659217207706,0.00167034124739405,0.19236061880034,0.349332996312362,0.140397769753558,0.288279759711907,"Human_Breast_He_06222020_ST_BC23277_E2"
"Human_Breast_He_06222020_ST_BC23277_E2_7x18",0.00917255579827964,0.000280136869019234,0.000482300636741264,0.0012613863732263,0.000685149409673254,0.117633591991169,0.431293291848792,0.140929212153283,0.298262374919815,"Human_Breast_He_06222020_ST_BC23277_E2"
"Human_Breast_He_06222020_ST_BC23277_E2_7x19",0.00261501025550247,0.00857481660068279,0.00403641220606613,0.0398605573241536,0.00471869914789047,0.128528058881008,0.408340382928481,0.160634281359457,0.242691781296758,"Human_Breast_He_06222020_ST_BC23277_E2"
"Human_Breast_He_06222020_ST_BC23277_E2_9x33",0.0117407979718469,0.00892446064538014,0.00998160724763385,0.0681170715947227,0.0104223865454662,0.170592896588094,0.148796575924418,0.298455008615771,0.272969194866668,"Human_Breast_He_06222020_ST_BC23277_E2"
"Human_Breast_He_06222020_ST_BC23277_E2_19x30",0.0139757633427751,0.00672426068753034,0.0119704789961562,0.00210344408355186,0.000503201067539835,0.114626858853526,0.223302261153268,0.41740521413366,0.209388517681993,"Human_Breast_He_06222020_ST_BC23277_E2"
"Human_Breast_He_06222020_ST_BC23277_E2_21x17",0.0040545929956161,0.00189670399123542,0.00625284700964241,0.00100230016811089,0.000507146294535158,0.159147635558871,0.483449654458769,0.0215890693852898,0.32210005013793,"Human_Breast_He_06222020_ST_BC23277_E2"
"Human_Breast_He_06222020_ST_BC23277_E2_21x16",0.0103985973422656,0.0028434343857035,0.00238757451215071,0.00784572723672049,0.00459900804923681,0.205038469769807,0.471735712083171,0.0190873393346497,0.276064137286295,"Human_Breast_He_06222020_ST_BC23277_E2"
"Human_Breast_He_06222020_ST_BC23277_E2_21x15",0.000771803326956556,0.00102502229170407,0.000216753947406067,5.3425241860513e-05,9.66842611685466e-05,0.169551971847398,0.441602365041204,0.232674191876536,0.154007782165766,"Human_Breast_He_06222020_ST_BC23277_E2"
"Human_Breast_He_06222020_ST_BC23277_E2_21x14",0.00273561188647411,0.00429865472573615,0.00570134087522053,0.0117298966148881,0.00656461036463171,0.167085796831622,0.510441205294203,0.0505633728090803,0.240879510598144,"Human_Breast_He_06222020_ST_BC23277_E2"
"Human_Breast_He_06222020_ST_BC23277_E2_21x13",0.00643689275581847,0.00298501778563493,0.000978057687248639,0.000115658358035295,0.000706865836728149,0.163180684374927,0.516774998290996,0.00735558029051834,0.301466244620093,"Human_Breast_He_06222020_ST_BC23277_E2"
"Human_Breast_He_06222020_ST_BC23277_E2_21x12",0.007372198239571,0.00108224077141637,0.00190293232292031,0.0128385023810129,0.00442131401634528,0.0696538089220216,0.52733475612944,0.00933107447339897,0.366063172743873,"Human_Breast_He_06222020_ST_BC23277_E2"
"Human_Breast_He_06222020_ST_BC23277_E2_21x11",0.00255318886004725,0.00157245546195541,0.000560021202373592,0.00782226530974655,0.00510019362711194,0.089804011250955,0.684043249228206,0.0112839413086232,0.197260673750981,"Human_Breast_He_06222020_ST_BC23277_E2"
"Human_Breast_He_06222020_ST_BC23277_E2_21x10",0.00288152657037871,0.00212447780808909,0.00159586294456395,0.00265390997277695,0.00149847519016002,0.158288843999525,0.458230325800655,0.0291849321550208,0.34354164555883,"Human_Breast_He_06222020_ST_BC23277_E2"
"Human_Breast_He_06222020_ST_BC23277_E2_21x19",0.0205080976807711,0.0068979193712638,0.00436432828333164,0.00113359714114603,0.000685560010009182,0.142827759605899,0.356527191400759,0.224673226657369,0.242382319849451,"Human_Breast_He_06222020_ST_BC23277_E2"
"Human_Breast_He_06222020_ST_BC23277_E2_21x18",0.0210173591280082,0.0104510907303926,0.0111938122178319,0.01376219715385,0.00461450477045248,0.126951228391486,0.490495387605124,0.117513140396036,0.204001279606819,"Human_Breast_He_06222020_ST_BC23277_E2"
"Human_Breast_He_06222020_ST_BC23277_E2_24x19",0.000314721664648734,0.00025344018949977,0.000563317321960767,2.10378142435121e-05,2.16080305985867e-05,0.0436653975130951,0.430094451690254,0.0514564036821941,0.473609622093505,"Human_Breast_He_06222020_ST_BC23277_E2"
"Human_Breast_He_06222020_ST_BC23277_E2_9x24",0.0106768280541559,0.0132225637938582,0.00284852537896468,0.00899973360601683,0.00197850113059969,0.0932649536223754,0.280221490377901,0.333971055273346,0.254816348762782,"Human_Breast_He_06222020_ST_BC23277_E2"
"Human_Breast_He_06222020_ST_BC23277_E2_13x29",0.00284692669881236,0.000762597733147603,0.00048047321867694,0.0821761472914718,0.00514805834188612,0.0889608909031347,0.297961155365605,0.234161183075542,0.287502567371723,"Human_Breast_He_06222020_ST_BC23277_E2"
"Human_Breast_He_06222020_ST_BC23277_E2_13x28",0.00356722048398363,0.00509406806066295,0.00298043164392728,0.00583536563271355,0.00173893674453277,0.136349017769018,0.445961152664721,0.179175390232772,0.219298416767669,"Human_Breast_He_06222020_ST_BC23277_E2"
"Human_Breast_He_06222020_ST_BC23277_E2_9x21",0.00349612793474119,0.00230215638691697,0.00440050883483585,0.000716660283673775,0.000813642121866904,0.167745083641936,0.314536570433217,0.215402922050512,0.290586328312299,"Human_Breast_He_06222020_ST_BC23277_E2"
"Human_Breast_He_06222020_ST_BC23277_E2_12x29",0.0292287355952354,0.00325046321446712,0.00255662021817057,0.0144389917715314,0.00665992336115655,0.0874685163657148,0.299454409710062,0.167974397757929,0.388967942005732,"Human_Breast_He_06222020_ST_BC23277_E2"
"Human_Breast_He_06222020_ST_BC23277_E2_9x23",0.00380058468103989,0.000770121273926514,0.00348567030054812,0.0046953898408635,0.00132830929564735,0.1721880195028,0.279538674534059,0.341805148114257,0.192388082456859,"Human_Breast_He_06222020_ST_BC23277_E2"
"Human_Breast_He_06222020_ST_BC23277_E2_9x22",0.00354266689896387,0.000962228581740585,0.00036118457927669,0.00132014494629745,0.000160764306607806,0.0927673769767504,0.347906149478174,0.313952739176063,0.239026745056126,"Human_Breast_He_06222020_ST_BC23277_E2"
"Human_Breast_He_06222020_ST_BC23277_E2_13x23",0.0021552990262135,0.00187486580363202,0.00402954300095662,0.000147149743934904,0.000990219322849575,0.0514318775048028,0.486085593415203,0.338037206672763,0.115248245509645,"Human_Breast_He_06222020_ST_BC23277_E2"
"Human_Breast_He_06222020_ST_BC23277_E2_13x22",0.00159998537251949,0.000760802163561595,0.000750491689425374,0.000419458000477586,0.0006472057427417,0.102407230277488,0.364130139246878,0.259187595086072,0.270097092420837,"Human_Breast_He_06222020_ST_BC23277_E2"
"Human_Breast_He_06222020_ST_BC23277_E2_12x26",0.00479057947673291,0.00115954729509158,0.000996371759035118,0.0965637090075439,0.00531943697877545,0.111126499188169,0.418033905520308,0.154802983892643,0.207206966881701,"Human_Breast_He_06222020_ST_BC23277_E2"
"Human_Breast_He_06222020_ST_BC23277_E2_12x27",0.00773427632335308,0.00251172120131927,0.00542554936290276,0.000928074626517111,0.000518514216342974,0.0762258106630839,0.392409398048984,0.205549087532936,0.308697568024561,"Human_Breast_He_06222020_ST_BC23277_E2"
"Human_Breast_He_06222020_ST_BC23277_E2_9x29",0.011458798539163,0.0515960226072478,0.0244704986161416,0.00108125947255753,0.00488392804374629,0.168568265608419,0.324786738714701,0.13703715025918,0.276117338138844,"Human_Breast_He_06222020_ST_BC23277_E2"
"Human_Breast_He_06222020_ST_BC23277_E2_13x25",0.0017939304087808,0.00223499060214216,0.00104291789992721,0.00435144287912819,0.000886879145495312,0.131746692314322,0.288988520836081,0.287268302068087,0.281686323846037,"Human_Breast_He_06222020_ST_BC23277_E2"
"Human_Breast_He_06222020_ST_BC23277_E2_12x23",0.00595358478674707,0.00653730737053334,0.00493350130810714,0.000628698343949951,0.00193962169704465,0.195240173016818,0.395125153399122,0.129211370041639,0.260430590036038,"Human_Breast_He_06222020_ST_BC23277_E2"
"Human_Breast_He_06222020_ST_BC23277_E2_14x25",0.00274245634205911,0.0130125244783512,0.00132780836579492,0.00123621434634174,0.00112137928204648,0.138973297564585,0.195501955515495,0.402937028023979,0.243147336081347,"Human_Breast_He_06222020_ST_BC23277_E2"
"Human_Breast_He_06222020_ST_BC23277_E2_5x22",0.00145053841302973,0.0172106184414003,0.00142666083833561,0.000699514186153527,0.000140730009043452,0.127167614923616,0.207549343375342,0.488500975526264,0.155854004286816,"Human_Breast_He_06222020_ST_BC23277_E2"
"Human_Breast_He_06222020_ST_BC23277_E2_10x32",0.00424312414449186,0.00276976509379256,0.00511797685112451,0.0127430087713424,0.00460944111409448,0.231981258991766,0.236234683403289,0.360049838620242,0.142250903009857,"Human_Breast_He_06222020_ST_BC23277_E2"
"Human_Breast_He_06222020_ST_BC23277_E2_24x17",0.00374875222304984,0.00364306067093129,0.00212961912456762,3.70150695461474e-05,0.000468023672790527,0.0909914918083042,0.54755552131745,0.00406141644035173,0.347365099673009,"Human_Breast_He_06222020_ST_BC23277_E2"
"Human_Breast_He_06222020_ST_BC23277_E2_8x19",0.00112781582385467,0.00138372468626947,0.000377261928137062,0.0741083520319419,0.00567195528663414,0.187453299887274,0.403639488344799,0.0636987036908375,0.262539398320251,"Human_Breast_He_06222020_ST_BC23277_E2"
"Human_Breast_He_06222020_ST_BC23277_E2_11x29",0.0047628168373342,0.00669718428467984,0.00265993194479537,0.0552675764520764,0.0102065391754337,0.199675551314166,0.407963284382931,0.0741450807685401,0.238622034840043,"Human_Breast_He_06222020_ST_BC23277_E2"
"Human_Breast_He_06222020_ST_BC23277_E2_11x28",0.00652181678017212,0.00343190846068468,0.00231102106520803,0.00873598232212591,0.00215362882881715,0.0906037901229741,0.303479234959837,0.358361372447946,0.224401245012235,"Human_Breast_He_06222020_ST_BC23277_E2"
"Human_Breast_He_06222020_ST_BC23277_E2_3x21",0.00237306708794309,0.00263441507358453,0.00119717064610585,0.00677123297370247,0.00171844071229826,0.180765046241077,0.452509494452032,0.164959406588754,0.187071726224503,"Human_Breast_He_06222020_ST_BC23277_E2"
"Human_Breast_He_06222020_ST_BC23277_E2_3x20",0.0352560374371154,0.0138817660570935,0.0179186336782526,0.0234937048608883,0.0054396304078602,0.165401316838043,0.276225859703984,0.274744150788424,0.187638900228339,"Human_Breast_He_06222020_ST_BC23277_E2"
