"","Endothelial","CAFs","PVL","Plasmablasts","T-cells","Myeloid","Cancer Epithelial","Normal Epithelial","B-cells"
"7x5",0.0216409456673443,0.0196974746061691,0.00517343114811398,0.225806724049366,0.00801743998805329,0.0247334583347082,0.67369986283682,0.0084854750742573,0.0127451882951677
"6x5",0.0124716663615468,0.0234806251582574,0.00316158253679062,0.190538143033569,0.0038032315971179,0.0336462827388947,0.725276310209525,0.00356662422725139,0.00405553413704777
"9x6",0.00981460545538616,0.00926081102253243,0.00465558873465016,0.16656149791156,0.00532876010456527,0.0144276867545108,0.777739672778541,0.00467146764226174,0.00753990959599264
"5x6",0.0233988483284316,0.0252788196438924,0.0045355325660184,0.227694953562331,0.00383221478120875,0.0381839738930257,0.66528484208903,0.00441027407742044,0.00738054105864249
"8x6",0.0261022384681518,0.013165497979689,0.00354463278501805,0.177900854722938,0.00674157128345432,0.0333145315477055,0.731495607364482,0.00189346149660556,0.00584160435195591
"7x6",0.0149416637517089,0.0107320144157129,0.00159944676823234,0.247496141072962,0.00281511839653323,0.0201468077591174,0.694460995062458,0.00364464768641696,0.00416316508685819
"3x6",0.0237588511223374,0.0417913620611243,0.00599924682889492,0.151496509413778,0.00824363281915654,0.0470964427376282,0.706381795209969,0.00969569042789259,0.0055364693792187
"6x6",0.0239507661667621,0.0257301528208566,0.00423298425958704,0.22266343651712,0.00590731138062298,0.037599063149509,0.667711968599153,0.00734452311975788,0.00485979398663089
"4x6",0.0170452935301334,0.0290589822234312,0.00544150460279959,0.0722289560531485,0.00356630336032278,0.0438263078123437,0.81303861829297,0.00958314162420911,0.00621089250064191
"2x6",0.0243084832522197,0.0215412193865849,0.00328163249808398,0.163213861179277,0.00769231611921428,0.0172731598114986,0.741805690879059,0.0126615515604755,0.00822208531358724
"9x7",0.0227414802459568,0.0198194839603293,0.00449399984222444,0.224075676890238,0.00879636705145141,0.0298254855268864,0.674394369387824,0.00695975851231249,0.00889337858277778
"10x7",0.0164500622763755,0.00883975270176617,0.00493629332902158,0.187526364318525,0.00406188052022018,0.0211329716972787,0.750145955992169,0.00328830817640984,0.00361841098823475
"7x7",0.0128429672942555,0.0216380922557306,0.00512904773965972,0.195745081805625,0.00206492669991641,0.0329253630645357,0.72114932538791,0.00305385632515094,0.00545133942721535
"11x7",0.0181725040278915,0.0199654650787757,0.00556263835277272,0.140912247190231,0.0034947136999603,0.0330581540881763,0.767913632641386,0.00476082306317195,0.00615982185763474
"8x7",0.0129786484937696,0.0211677148409014,0.00211462309157283,0.232355785554973,0.00360818101068873,0.0347145285514411,0.684541366578992,0.00332444517563639,0.00519470670202555
"4x7",0.018158235687206,0.0228450182380978,0.00316759063317082,0.221021882351965,0.00619448789447166,0.0264456327159328,0.690255758035309,0.00724009967718292,0.0046712947666643
"5x7",0.011566795138405,0.0254774780719851,0.00365186128429066,0.244810828047823,0.00243405975464962,0.0411301904330328,0.659857910390657,0.0064298425381537,0.00464103434100277
"3x7",0.0142522163163038,0.0239960196151645,0.0031834473811771,0.224598884967688,0.00324260029825037,0.037872321919453,0.682886826465751,0.00667476677853845,0.00329291625767374
"6x7",0.0201046186546866,0.0321418886247422,0.0103809748770543,0.296217044002565,0.00539835986497442,0.037600541050686,0.58512886543729,0.006892219224151,0.00613548826385004
"2x7",0.0183521420655613,0.0135725124473,0.00183329520702029,0.25661271022495,0.00138487062418757,0.0237197238395766,0.681017913165501,0.00241614468834079,0.00109068773756248
"11x8",0.0109038702515061,0.0108250889536063,0.00144789506524976,0.230842894574314,0.00410736567593225,0.0166158734653789,0.714253424991601,0.00512478169326443,0.00587880532914675
"5x8",0.00349815828639358,0.0172770864597836,0.00241707777332275,0.188413613621888,0.000946312360883566,0.0246440957553738,0.761436805509357,0.000775355269135327,0.000591494963862309
"10x8",0.010860962731958,0.0200492202233199,0.00336188880929577,0.197188151691941,0.00336319180604401,0.0260867352551551,0.733093717352862,0.00224654125310514,0.00374959087631898
"8x8",0.00784080015005989,0.011816707393665,0.0037969287046605,0.28896783666188,0.00273777867029579,0.0183279010478475,0.657644086084127,0.00256807771636162,0.00629988357110283
"9x8",0.00800339431168921,0.0180544642275106,0.00401677199329907,0.271268705759784,0.0031108085681893,0.0244131140030014,0.66351538144284,0.00390649480629251,0.00371086488739327
"6x8",0.0131534575732048,0.0225063046416296,0.00255991639837999,0.138726611410774,0.00491511532107259,0.0302045861034079,0.778613025715778,0.00390195494728978,0.00541902788846271
"3x8",0.0157139997338697,0.0158223831175701,0.00194740890736882,0.180891499240649,0.00149825456530614,0.0284864298482101,0.751202491277889,0.00241618193417261,0.00202135137496485
"12x8",0.00890215364809725,0.0200959538835943,0.00290077792522183,0.22033264336775,0.00214567825107623,0.0318427941922579,0.706200684713234,0.00332898668140235,0.00425032733736644
"4x8",0.0167434026375183,0.02740270165408,0.00385431486677625,0.231386644188738,0.00304772244284787,0.0313329987281178,0.679209797599464,0.00483994999846822,0.0021824678839897
"7x8",0.0118306454732653,0.012840164139646,0.00680493034294311,0.287344749954091,0.00206675746437734,0.0265429928114473,0.644241728469605,0.00427572557882698,0.00405230576579741
"2x8",0.00874015389883477,0.0225128548103421,0.00225546736227899,0.181204148180174,0.00296729686052243,0.0317372296044106,0.745158145880227,0.0024043561503075,0.00302034725290312
"10x9",0.00930307965106306,0.00576163968239534,0.00202448129061022,0.332110927346586,0.00144523756008439,0.0103724793462034,0.635521252866806,0.00175422770834321,0.00170667454790907
"11x9",0.00776004442027801,0.0103035343705202,0.00141956511578969,0.179481360412573,0.000768359131599645,0.0299426556902966,0.768359044388769,0.000778882542542684,0.00118655392763139
"9x9",0.0191849364293081,0.0219232023891846,0.00501457052393402,0.237834272166823,0.00879445137821387,0.0295919751738124,0.662130335817237,0.00734790859453608,0.00817834752695055
"8x9",0.00727688819044098,0.0147467408660142,0.00261973615446674,0.224868148077995,0.00216352605576347,0.0191476867008087,0.723148986405203,0.00237976678218053,0.00364852076712736
"5x9",0.00800336109571636,0.0349678776842773,0.00373559897508319,0.202062895291058,0.00232421028172211,0.0735038445221925,0.67174467431952,0.00168621583701304,0.00197132199341714
"6x9",0.00707469672301449,0.0196267318245396,0.00402055363541586,0.195023243837065,0.00387233108817396,0.029069443838635,0.733773028858841,0.00334169169795587,0.00419827849635903
"7x9",0.0158887216848336,0.0228567362445974,0.00382576721753924,0.260860233310872,0.00360724969293061,0.0374479234833031,0.643503713295253,0.00557160700454907,0.00643804806612245
"12x9",0.00668864903685448,0.0130466177923608,0.00319767280822184,0.332259629174265,0.0028304358765638,0.0189149149422535,0.61984959954893,0.0010244282190384,0.00218805260151222
"3x9",0.0204563146766336,0.0274682278264768,0.00278546113576715,0.167464687971305,0.00343790137925165,0.0333195720533589,0.736766943372205,0.00481710320540816,0.0034837883795938
"13x9",0.0161202281247278,0.0192421143353892,0.00623140793900663,0.237855511826511,0.00320750227006564,0.0281837130790117,0.676474787188607,0.00438792197482606,0.00829681326185532
"4x9",0.0150262221104446,0.0172639966305406,0.00245807075461657,0.224942711544079,0.00230264194142521,0.0277665512473321,0.704168002410037,0.00332684321304965,0.00274496014847542
"2x9",0.0228322718108223,0.0266876005287679,0.00651617509164328,0.206574530812265,0.0066598353083414,0.0442729557198707,0.670001294571469,0.0103348857716359,0.00612045038518545
"11x10",0.00643749256515706,0.0124720540986961,0.00540986991896748,0.328011804571399,0.00177390172355093,0.0238706589030978,0.617611344870806,0.00196257960642549,0.00245029374190007
"14x10",0.0181654716735251,0.0138988686005461,0.00365157504080584,0.221093985876261,0.0029264606970457,0.0249054708412091,0.707681974888366,0.00447707401704037,0.00319911836520029
"10x10",0.00322135726436863,0.00746043692549374,0.00186218865548526,0.326910396075464,0.00131678227101341,0.0117155773617426,0.643340875515753,0.00200046950349681,0.00217191642718214
"6x10",0.00507209859736856,0.0116913458125498,0.0029014026166527,0.27948518155195,0.00326548137041557,0.0135343483897281,0.67467211988788,0.00558744080965659,0.00379058096379884
"7x10",0.00639732040951644,0.013322246162534,0.00446401642667327,0.177939478064306,0.00569775804966476,0.0301332159319038,0.745464236606823,0.00610612780157767,0.0104756005470017
"8x10",0.00522966840608432,0.0079640955236934,0.00162659449190065,0.310419181145273,0.00171012724476017,0.0227567197241838,0.646882323976057,0.00113811723549423,0.00227317225255326
"9x10",0.00498796019279144,0.00837215985959907,0.00160238530041461,0.349348910338568,0.00139240038537571,0.0166020432499462,0.61450528384734,0.00148895139663473,0.00169990542933094
"5x10",0.00844745019032942,0.0134390217842247,0.00309619334781002,0.233542576834447,0.00124398007313023,0.0212910437002872,0.713891193652933,0.00251370497882052,0.00253483543801838
"3x10",0.0340390658996843,0.0254215177716653,0.00663108484492699,0.190221477117558,0.00517941995904151,0.0400722212989486,0.687115148321219,0.00751283032919048,0.0038072344577661
"12x10",0.00668674704454378,0.0095378947586791,0.0029205809376574,0.481759339251428,0.00274587961728181,0.0125195135301873,0.478051630936834,0.00212562638966668,0.00365278753372208
"13x10",0.00588064706160612,0.0215101885510378,0.00352970890310187,0.259859396163467,0.00237178162764135,0.0251284575516465,0.677879127248327,0.00148938551934057,0.00235130737383159
"4x10",0.0218366258206183,0.0203547488707243,0.00540204682359858,0.225877545719136,0.00409183831356655,0.0296291347962117,0.676974859273756,0.00652949664233945,0.00930370374004869
"2x10",0.0358317784723317,0.0253292917022741,0.0066742071917165,0.114897106505011,0.0111910416860616,0.0423746075611322,0.738860735240458,0.0167217026212729,0.00811952901974228
"9x11",0.0112160910093822,0.0173276938943928,0.00289838455789879,0.296066617500183,0.00160431906289298,0.0233468612598691,0.642441355891495,0.00311030627169696,0.00198837055218873
"10x11",0.00359987980721792,0.00992793296573344,0.00223452202436157,0.484910671303663,0.00139673632935919,0.00879071204210856,0.484815833388091,0.00176583095257259,0.00255788118689291
"5x11",0.00944416196565609,0.00951263182451202,0.00167759918785527,0.238736745292472,0.0013878251123327,0.0243259110066494,0.712449545499759,0.00127821861785897,0.00118736149290448
"8x11",0.0110909534849426,0.010762279316219,0.00127006635556389,0.194672104197838,0.00383132958811284,0.0200534176513254,0.751451270423852,0.0031255277768241,0.00374305120532207
"15x11",0.0183957381363946,0.0246816168749797,0.0108487811512415,0.204162787751169,0.0073752419604951,0.0236750042305204,0.688109855079714,0.010587211015532,0.0121637637999537
"7x11",0.00367874346456268,0.011299991492209,0.00217161440392133,0.236995306360634,0.000722973306755578,0.0211570391381625,0.721819603911981,0.00109376058233916,0.00106096733943486
"4x11",0.0116745007726771,0.0178847325734866,0.00188197213308938,0.15990663217404,0.00146690293226949,0.0405419980858389,0.761821191295662,0.0034141038279943,0.001407966204942
"3x11",0.0175123190530844,0.0219588356659359,0.00297464334671135,0.249654295861611,0.0031651215571846,0.0253884520535854,0.662036861941997,0.0100219183750311,0.00728755214485937
"6x11",0.00712295858261974,0.0245776542319374,0.0052912533643042,0.218870444607845,0.00302359803526232,0.036303133894373,0.701001606410884,0.00212115021881022,0.0016882006539633
"13x11",0.00554664303305309,0.0121292246604286,0.0036614820713863,0.340371771591586,0.00239788386554751,0.0178332466774402,0.615679261218553,0.000875958630057554,0.00150452825194705
"14x11",0.00931290172603329,0.0194705164550922,0.00344557794025749,0.250936775449155,0.000974865898953764,0.0365586322166452,0.676028793522785,0.00178876973221069,0.00148316705886825
"12x11",0.00423228003997703,0.00935114612158038,0.0029261760735743,0.430754187634392,0.00391810695798171,0.0114883857776183,0.532047137699475,0.00139173828104075,0.00389084141435993
"2x11",0.0196644189005005,0.0186590496660859,0.00315332835316708,0.134254976433515,0.00236069487989973,0.0440827684003401,0.772125176738722,0.00310969141510963,0.00258989521266005
"11x12",0.00277363380649355,0.00627207616136894,0.00113232055935896,0.536430333154924,0.000734067715566517,0.0103425665193331,0.440905138156961,0.000700382271462274,0.000709481654531444
"6x12",0.0101081803486578,0.0296358633157524,0.00457396395207684,0.19210376155656,0.00281193134785482,0.0412290495107425,0.716622775857166,0.00150316538935786,0.00141130872183162
"9x12",0.0047942235779047,0.00998968267155371,0.0013474298876649,0.281110889677303,0.00114608231332038,0.0134561144471433,0.686116576943362,0.00114931798305102,0.000889682498697336
"10x12",0.00506430475982233,0.00811513489657168,0.00138790261270589,0.343285684174012,0.000547679631255192,0.0166571732010894,0.624030544724532,0.000413994313002371,0.000497581687009664
"12x12",0.00580048197486271,0.0103663774833989,0.00212222558002475,0.53782453274892,0.00146132093009896,0.0106548300942446,0.424068647361258,0.00184244665315823,0.00585913717403405
"15x12",0.0132126683974209,0.0208123578008399,0.00331998608950225,0.142915821437047,0.00440823588684452,0.0336696487191733,0.771870569003411,0.00398289356271746,0.00580781910304313
"5x12",0.0041059923358682,0.00740186554065651,0.00163583286930981,0.241589576450905,0.00096952798780579,0.00737160416580239,0.735444955536381,0.00115898846817636,0.000321656645094531
"7x12",0.00821964372349049,0.0172409196030223,0.00441778645198135,0.237069956741528,0.00282979500912156,0.0260997853615526,0.697741054546457,0.00235549332630243,0.00402556523654341
"14x12",0.00668182694636333,0.0198368179772263,0.00343921323203901,0.261268603519087,0.00179527289336699,0.0281475799278742,0.675208387911491,0.00220380810859858,0.00141848948395344
"4x12",0.0218298408430222,0.0145134747128463,0.00404467773658963,0.256090723979674,0.00655293186975621,0.0266221742814582,0.662293194629191,0.00260774080181649,0.00544524114564605
"8x12",0.010506635715113,0.011925394260119,0.00213307477080998,0.14940178604467,0.00111232029125055,0.0267800423655269,0.794539558477396,0.00192527493556614,0.00167591313954897
"13x12",0.0103106684594676,0.0227603418944567,0.00360493236776523,0.222204643695299,0.00309695711028109,0.0391171773981438,0.694059312577291,0.00298459104217526,0.00186137545512086
"3x12",0.00724638100777689,0.0132449609771061,0.00124786593206306,0.224831621670457,0.00185019124011072,0.0301793929029117,0.718717301980993,0.00148444208989922,0.0011978421986819
"2x12",0.0174005503354463,0.0219030673329377,0.00392335589785809,0.16503966736,0.00365328732975472,0.038276524107685,0.743559735298106,0.00349084121292347,0.00275297112528818
"11x13",0.00507183352561161,0.0119229078644237,0.00213804266056475,0.300091774132772,0.00101742979364698,0.0200875525928673,0.657514794209023,0.001246263591286,0.000909401629805006
"10x13",0.00835763460138637,0.00883390458356882,0.00229295786648626,0.272247941732253,0.00257081170343224,0.0256291773944663,0.675181351683707,0.0024371160976391,0.00244910433706146
"9x13",0.00645580997701485,0.01208844394249,0.00279616498818251,0.219899369835916,0.000921654926135501,0.0322545080484874,0.72413549731332,0.000725128952248992,0.000723422016205337
"17x13",0.0115310148445582,0.0191204887564601,0.00246275582076588,0.190585540483523,0.00191923208670332,0.0255175765479961,0.743625105637639,0.00143666606214749,0.00380161976020709
"16x13",0.00901764878419388,0.0175118333197665,0.00444369906376144,0.187923088624358,0.00110975683946407,0.02518037973738,0.74885877139849,0.00305678843416945,0.00289803379841668
"6x13",0.00425576234244552,0.0232992027983169,0.00259489293957246,0.258762770598173,0.00105857546089993,0.0305604658972639,0.669221905376286,0.00426689074742574,0.0059795338396169
"8x13",0.00561668461890974,0.0119834207621495,0.001334649615495,0.154475660172181,0.00113884045965077,0.0186512283176211,0.803027158736904,0.0019814972041034,0.00179086011298543
"15x13",0.0111041968164048,0.0186680074437556,0.0043247702648649,0.196258780718855,0.00397941078506885,0.0243746638249521,0.734054342488876,0.00441991797403912,0.00281590968318401
"7x13",0.0109552070432294,0.0107290657798702,0.00456857626864952,0.234063338585177,0.00185789520501477,0.0229201550891795,0.709502791315185,0.00283609728674095,0.00256687342695356
"14x13",0.00624783809419764,0.0167347319239334,0.00192301118105228,0.293408713879615,0.00110936059974967,0.0272637389967795,0.651188238532892,0.000828344713558473,0.00129602207822138
"12x13",0.00923883241581511,0.0195572015581857,0.00298035489378844,0.227859170823561,0.00584229064449379,0.0261487044039308,0.69765456101191,0.00320831533473438,0.00751056891358103
"13x13",0.00446068577070331,0.00958234116817284,0.00223139714804417,0.252905938576053,0.00106686351624033,0.0262335792207213,0.701964898783998,0.000824465458885025,0.00072983035718183
"2x13",0.0126444285886427,0.0203497949895656,0.00310052610982663,0.227081696511167,0.0045093177283081,0.0306491470114824,0.697796290294083,0.00158277556857581,0.00228602319834879
"3x13",0.0113810220091747,0.0169538678164899,0.00264068372646739,0.244360331021167,0.00387531599272066,0.0236737754130112,0.688779021280971,0.00309359836745786,0.0052423843725396
"5x13",0.00927903360740139,0.0153315551090985,0.00165547434488171,0.138805364271464,0.00324651562331227,0.0279100072450251,0.799373587026462,0.00224449060845028,0.00215397216390438
"4x13",0.0078608137262494,0.0212646452182522,0.00118812062391347,0.256476597181675,0.00128886407875141,0.0305170054407364,0.678351851963764,0.00197478003092287,0.00107732173573495
"5x14",0.00893990303929014,0.0169969028443766,0.00492293425398668,0.154075519809939,0.0033056373051355,0.0290805903177307,0.776852149741282,0.00206669847671228,0.00375966421154679
"11x14",0.00827622335531905,0.00966221004239417,0.00254698187417321,0.190562001217127,0.000998608290187834,0.0190536324167077,0.766646926832916,0.000861746347455132,0.00139166962371979
"4x14",0.00924849266135306,0.0205930030714539,0.00314208451624506,0.266316389125012,0.00200530715052067,0.0291400711803302,0.661159515039613,0.00452455342614408,0.00387058382932737
"18x14",0.0149160470578823,0.0125956097674983,0.00344528180527706,0.181582104639976,0.00206344020185937,0.0246592241863797,0.755074006648086,0.00332327333811882,0.00234101235492214
"9x14",0.00708015235879734,0.01691355560655,0.00643529667733276,0.22794467696492,0.00288766594382985,0.0288173953335902,0.706435886579239,0.000827318817059004,0.00265805171868198
"8x14",0.00565118965359797,0.011921735974415,0.00364359322326156,0.258705452742195,0.00145405613796152,0.0204065993479948,0.696133222836101,0.000950945525591803,0.00113320455888124
"10x14",0.00514496806515415,0.0171267630082996,0.00265170520315422,0.235502514200683,0.00197590493207772,0.0256482096712054,0.708400919756944,0.00140687448413687,0.00214214067834448
"16x14",0.00328817740029186,0.00995556616680918,0.000888302162143699,0.130947471663426,0.000671642548428479,0.0104532157727441,0.842388279175372,0.000965716997962055,0.000441628112822443
"17x14",0.00648309179057614,0.0118459799780767,0.00241379379254666,0.11101398249984,0.00104652952361964,0.0217835373188142,0.843154769698976,0.00124727315533928,0.00101104224221078
"6x14",0.00251163069710475,0.0085604591731702,0.00133514612718701,0.24888503416998,0.00125628628449782,0.0108759217671967,0.724997848055072,0.000650421283374317,0.000927252442417562
"15x14",0.00503840448488313,0.0155316921047987,0.00262871681413004,0.177515973347685,0.00159654389140925,0.0206020850528364,0.773419526619326,0.00202205987269552,0.00164499781223553
"12x14",0.00533676985159191,0.0137326373765293,0.00146434241441652,0.21475401363041,0.000871528207333444,0.0192094202056148,0.741951860909415,0.00129979526148321,0.00137963214320534
"7x14",0.00766934493028693,0.0140459400503741,0.00314399415448533,0.186059676905431,0.000980102302371662,0.0184203015163456,0.767559088084751,0.0010010461336804,0.00112050592227439
"14x14",0.00357016058505211,0.00711574761291698,0.00112284774264481,0.271426709854883,0.000971638426469126,0.0133300497019688,0.700400434668947,0.00105578864589994,0.0010066227612187
"3x14",0.0178151249060835,0.0120940802133138,0.00767189880780708,0.148034074279105,0.00262446018829689,0.0214236770087119,0.781972280175005,0.00430304180308211,0.00406136261859493
"13x14",0.00557025040646699,0.0257181295839964,0.00401845981936913,0.250646443337316,0.000897352240754426,0.0320440310088335,0.678254343282575,0.00158689703028201,0.00126409329040602
"2x14",0.0124193806069489,0.0092455267988922,0.00254923388343792,0.0979688009143005,0.00127333650687482,0.0383578027015766,0.835405798162108,0.00135871198343126,0.00142140844243034
"11x15",0.00377104883814232,0.0169133711695941,0.00224174396541386,0.207711992258895,0.000703125215140059,0.0285210568757702,0.737095229628816,0.00123203378796638,0.00181039826026282
"19x15",0.0236988985648889,0.0145698081922387,0.00706236436454651,0.132586404208968,0.00421031334214257,0.0161351487892467,0.779871299631896,0.00718898988739219,0.0146767730186804
"17x15",0.00774994227411607,0.0143247326228347,0.00227017273379726,0.0498971169092816,0.000997733472407465,0.0399341329890134,0.881811237830415,0.00110484585300419,0.00191008531512998
"8x15",0.00478093740056017,0.0135822038383729,0.00433271895254332,0.200110101175988,0.00138310252865965,0.0279377983243795,0.744777482762558,0.00161343566128409,0.00148221935565459
"9x15",0.00820808039785196,0.0140676791083832,0.00159427505751242,0.149247145811277,0.00335803831959809,0.0232026413591202,0.796333988700602,0.00142409374930116,0.00256405749635336
"16x15",0.00872101887287167,0.0193786310632214,0.00348407017894233,0.176096632650266,0.00158987884778854,0.0336286744081321,0.753306632630167,0.0017975762961347,0.00199688505247563
"18x15",0.00203276313941161,0.00769151484668668,0.00106891086583329,0.0959131694580973,0.00041024631671241,0.0173741870016904,0.874513301555124,0.000464943006430457,0.000530963810014223
"6x15",0.00685267615675591,0.00770835848390837,0.0014491477383921,0.153089465872559,0.00139284106730485,0.0189116024368834,0.805454014385351,0.00199303248599981,0.00314886137284597
"15x15",0.00722440912974538,0.00662633621792078,0.00220402083372442,0.375922326766835,0.00104717880133033,0.00915201491445484,0.595218491760319,0.00132973043025379,0.00127549114541605
"7x15",0.0045597951330302,0.0136840487058044,0.00115903510322697,0.303961009097025,0.00156641073343798,0.0255580887021504,0.647774041925982,0.000997452688326004,0.000740117911017687
"10x15",0.00554662855496098,0.00854368303084415,0.00211666939778223,0.273262480645103,0.00112222023225862,0.0144821534741661,0.688973721941324,0.00211311385926241,0.00383932886429826
"14x15",0.0119570529188007,0.0240876407852198,0.00259373944764634,0.207653326638516,0.00202371052300005,0.0383458055110747,0.707073431648378,0.00410654849149037,0.00215874403587427
"12x15",0.0039429158869939,0.0164164419592913,0.00255852414591022,0.199068545553023,0.000471198970386901,0.0243749255198607,0.749479126936645,0.00155814705476482,0.00213017397312491
"13x15",0.00617904373825748,0.0226143463066344,0.00380516908835588,0.322459703254363,0.000817640575410778,0.0310809171617218,0.609811373084697,0.000934121380586737,0.0022976854099728
"5x15",0.00804286150579415,0.0137652570709547,0.00247314506520828,0.158657263607286,0.0013097907964206,0.038865731752927,0.772572453488105,0.00226626363776464,0.00204723307553918
"4x15",0.0101560057889269,0.0126009782993102,0.00417273649624384,0.317618783423635,0.00324432567931237,0.0240049623863224,0.620514233468891,0.0030699461601295,0.00461802829722886
"2x15",0.0131996599718276,0.0312846481766314,0.00271877289908772,0.165138104361672,0.00155049784453898,0.052388921655367,0.728114027293056,0.00267272796699347,0.00293263983082501
"3x15",0.0169310651598435,0.0155801688276654,0.00256783794469374,0.157267741888933,0.00266591789682578,0.0297760666488885,0.771305110818685,0.00222524095600079,0.0016808498584642
"19x16",0.00727954850037915,0.0310654422691554,0.00339295642878715,0.214552884458183,0.001130602586232,0.0396812018333143,0.699832567508833,0.00188017442238973,0.00118462199272653
"11x16",0.00261982931806402,0.00444478395477704,0.00100434881303996,0.220867093258639,0.000371424145893804,0.0138474085436472,0.755509218299954,0.00074684453418323,0.000589049131801362
"20x16",0.00863414847135886,0.00697611034139868,0.0026134509798797,0.182968845814407,0.00207804714604029,0.0156009694372425,0.775326801910842,0.00277121919900796,0.00303040669982317
"9x16",0.00623541771474102,0.0141400505742377,0.00225398217663669,0.0543531412040873,0.00136160374396986,0.0220850825002753,0.897206969318589,0.00131776614629507,0.00104598662116779
"16x16",0.00683695604720959,0.00774501598169383,0.00122470838170928,0.219985889240073,0.00111138802286617,0.00785996687483669,0.751342658425668,0.00141296247231155,0.00248045455363167
"18x16",0.00368931338819201,0.0127837787352401,0.00204679563345637,0.130691127156889,0.00104002624456926,0.0161777759110608,0.83110047185264,0.00129654685549837,0.00117416422245372
"10x16",0.00808038605676004,0.0159094966120758,0.00418155690680024,0.168494076013219,0.00113137893565408,0.0177098479684791,0.777858617834006,0.0032591587918233,0.00337548088118328
"8x16",0.0113458943048947,0.0138102727625316,0.00336583327838649,0.215492752561484,0.00528094553326142,0.0136217700443265,0.730455873620753,0.0024295176426664,0.00419714025169516
"17x16",0.00640373868231489,0.0185119617421769,0.00426644122961212,0.188788687478671,0.00114568786613011,0.0226657528671695,0.756314953405022,0.000463683193267327,0.00143909353563658
"6x16",0.00675604528749206,0.0118165752012727,0.00154808806859997,0.221198878085639,0.00129904200759612,0.023244012898416,0.731397419100497,0.00168843510160016,0.00105150424888677
"5x16",0.00594170535157622,0.0110853141607878,0.00120465619342497,0.278790803010312,0.000885342969362716,0.0178860261030633,0.682525850245374,0.000934649596027896,0.000745652370071902
"15x16",0.00226106342810504,0.0124926841226009,0.00199671577325099,0.243262935841573,0.00109725592095535,0.0191902944132033,0.714823382662135,0.00196898254630785,0.00290668529186814
"3x16",0.0131939295162581,0.0125571519446556,0.00196242143105481,0.156823983879213,0.00198762776357141,0.0260545888768421,0.783710330156449,0.00248421895887311,0.00122574747308345
"12x16",0.00854336984290723,0.0215088164131036,0.00592425433674907,0.17618879141972,0.00211957639263448,0.0457139077259712,0.73474161686794,0.00243094311484967,0.00282872388612415
"14x16",0.0121095053900513,0.0253068608007818,0.00507264837227928,0.182725719947045,0.00237012954101978,0.0287304633861675,0.736004322291652,0.00347347294233168,0.004206877328671
"7x16",0.00531914888258224,0.0142769588954768,0.00247778243743061,0.219300473368315,0.00134673703635157,0.0396139577438999,0.715324587916796,0.000983624066957678,0.00135672965219076
"4x16",0.0112193631960494,0.0161098122345503,0.00249133504850474,0.188472943764416,0.00107961131102889,0.0261950548764013,0.749663129164245,0.00318198914092446,0.00158676126387898
"13x16",0.00898463784234598,0.00867492826296563,0.00328814585386571,0.150640962464253,0.00336467750747524,0.0103628037322361,0.808043165467588,0.003251049376541,0.00338962949272966
"2x16",0.00733090148924546,0.0112366036478126,0.00176213552897109,0.299693959849972,0.00074997867652933,0.0289093353774136,0.647576694089867,0.0013434257401065,0.00139696560008255
"11x17",0.0108781077683014,0.0144545312808215,0.00292088283529398,0.13874825410001,0.00518066363316584,0.0178817579687175,0.797343709918563,0.00717704518691972,0.00541504730820671
"16x17",0.00518401811127609,0.0180735287036843,0.00325806647454563,0.152719688271201,0.00277677291179027,0.00948216645329587,0.802932169911481,0.00298842148891339,0.00258516767381263
"21x17",0.00480105628325093,0.0113411861763719,0.00405149922409329,0.242619865394555,0.00348061360867495,0.0308221348862551,0.696968634396695,0.00233716358625911,0.00357784644384503
"20x17",0.0105442182198877,0.0154636689277761,0.00352043562625993,0.17033686009368,0.00526577902612694,0.0180853676487283,0.763994190557082,0.0048379909401531,0.00795148896030563
"9x17",0.0029610090017355,0.00663310030276491,0.000940770792077912,0.105727611850302,0.000480115195671136,0.0124804467643588,0.870273788404708,0.000169728776503243,0.000333428911877899
"19x17",0.00640667340934643,0.0161115856205703,0.00417363109828015,0.148291431402041,0.00104786582426023,0.0355251459198173,0.785933759393836,0.00104839494943842,0.00146151238241031
"15x17",0.00411381548255083,0.00747101507058417,0.00211823267912035,0.160466865928225,0.00154089497269565,0.0160194973532589,0.804169556647901,0.00206827978948437,0.00203184207618044
"18x17",0.00856816172654811,0.0227213942716023,0.00641928462380481,0.157586285705702,0.00159103152716287,0.0252211037924582,0.773154901845849,0.00212439303319416,0.00261344347367842
"6x17",0.00603387839602804,0.0245046976686059,0.00302354856165432,0.221455133890412,0.00102521473161602,0.0410446583292466,0.700721509187105,0.000713102575584443,0.00147825665974766
"7x17",0.0105710558415846,0.0168578617482934,0.005287757588458,0.15602096151606,0.00357478458840767,0.0357141951419395,0.764114052849618,0.00277157618829889,0.00508775453734012
"10x17",0.00894915760968499,0.0084002669052894,0.00116528915460342,0.174703957436687,0.00142950054846608,0.0183228818788371,0.784789283825451,0.000937334880786568,0.00130232776019461
"8x17",0.00460681723467187,0.0136714174791574,0.000985124397092036,0.0716933410905002,0.000413721059076231,0.0363242136146274,0.870901908477001,0.000490847304592196,0.000912609343281883
"5x17",0.00849685218502722,0.014168693228333,0.00223945846222526,0.277255045374335,0.00223176900646906,0.0304416813195638,0.659819348076074,0.00232540078276836,0.00302175156520353
"17x17",0.00700806953328364,0.0143558533106102,0.00550750602316226,0.174871510456386,0.00264659124836787,0.0190209212241521,0.772218384384465,0.0015874779662062,0.00278368585336663
"12x17",0.00331978973862255,0.00636125626656657,0.00257366641995609,0.170570890236552,0.00471822416710967,0.0141869616181962,0.79084582785983,0.00190965454658458,0.00551372914658283
"14x17",0.00466132973008723,0.0131480166813722,0.00238721907456799,0.178149657918691,0.00155202764569173,0.0333835816332929,0.764707395456445,0.0010557630556901,0.000955008804161451
"3x17",0.0134646982643292,0.0183263913666692,0.00289215924904317,0.178360461633009,0.00198872460644357,0.028200560911681,0.752352993334546,0.0025636790032467,0.00185033163103224
"2x17",0.0218418379705438,0.0145115624643063,0.00339672011278067,0.188983695807651,0.00268064154447361,0.0228885484892553,0.728881954570955,0.0100618697291854,0.00675316931084923
"4x17",0.00689271252194976,0.0115953510983784,0.00163044248253104,0.220906286652733,0.00150466513349947,0.0284149454310969,0.725304996357796,0.00216569640004149,0.00158490392197383
"13x17",0.0106330238963213,0.0204655753432047,0.00513805005338017,0.145529499355806,0.00112998694192514,0.0319305443957898,0.781492337860283,0.001925011607143,0.00175597054614717
"22x18",0.0156633989545312,0.00654075996446196,0.00293727070945344,0.149376698585061,0.00404341636889522,0.0133810688911782,0.799200728647364,0.00400930169523709,0.00484735618381846
"20x18",0.00656067754312963,0.017099298706704,0.00459547438058962,0.394034934703972,0.00163732890116936,0.0242040979252955,0.547049253661838,0.00252226788474787,0.00229666629255458
"16x18",0.014503608411368,0.0164386959213313,0.0038095512784208,0.242942305923754,0.00226185768974206,0.0237246741737678,0.688083699496839,0.0044442526575409,0.00379135444723619
"21x18",0.0117849197923527,0.0243592974419489,0.00307789427551951,0.203908094504608,0.00362617246917646,0.0498643042231589,0.69460870138713,0.00314370037305938,0.00562691553304597
"11x18",0.00897615278666722,0.0135476496059494,0.0056668825160265,0.197316195281317,0.00222071247768173,0.021243384040801,0.745975453610579,0.00221318131362252,0.00284038836735547
"17x18",0.00729719853467227,0.0176129202427679,0.00267686634760681,0.180059017152153,0.00233944746683981,0.0396468611490958,0.746664872285076,0.00225615361036262,0.00144666321142601
"8x18",0.00530353208859295,0.00506183775482039,0.000704306376205621,0.193278691882866,0.000544886169546029,0.00918764242085105,0.784466247864267,0.000315452485713027,0.00113740295713745
"9x18",0.00822784531141535,0.0132139050031321,0.00290471268911131,0.154809345390519,0.0039740149948223,0.0271223392658217,0.784441027110238,0.00239471935136566,0.00291209088357478
"19x18",0.0040216265640718,0.00601372448531767,0.0016870671010249,0.625074358088836,0.00134858716151291,0.00439579291186926,0.354354599351711,0.00137843528132864,0.00172580905432795
"7x18",0.0110548922659521,0.013646991503317,0.00265509682669401,0.0929125946039916,0.00141248322048691,0.0309537310267053,0.845169334671944,0.000742568532574008,0.00145230734833495
"10x18",0.00564417878530072,0.00863572811909614,0.000613944270258211,0.0977041051555729,0.0014706025021011,0.0246560730054476,0.858632594263647,0.0013727815039178,0.00126999239465823
"15x18",0.0122182176466042,0.0128746596076067,0.00482828231382354,0.235597503724971,0.00591681932667119,0.0243594946446444,0.691228940279259,0.00534111418733953,0.00763496826908036
"5x18",0.00394258936102404,0.00603506991125128,0.00127562941234827,0.137380733687944,0.00098544118167101,0.0129843006835415,0.835765604841048,0.00088742144963117,0.000743209471540896
"6x18",0.0105383253833339,0.00812487626396957,0.00228905515174311,0.212451552119754,0.00125479220868785,0.0202602384022591,0.742051124622474,0.00137226725015323,0.00165776859762538
"12x18",0.00932138631497324,0.0104662359066938,0.00366526992538985,0.24251487179093,0.00364468913471596,0.0235539704838458,0.701775839801384,0.00227093818137289,0.00278679846069475
"14x18",0.00736668014307793,0.0079819159278273,0.00240845953418403,0.237795102068028,0.00132769688924223,0.013236532548354,0.726684936287638,0.00147493824171757,0.00172373835993114
"4x18",0.0124314121519389,0.0179641963207879,0.00424651454779202,0.13372567798269,0.00198083475761929,0.0240897663627911,0.799630077719546,0.00203238953809607,0.00389913061873879
"13x18",0.0101614640080226,0.0279361460893094,0.00393840908516924,0.154240482054178,0.00283112303056977,0.0457999589690794,0.750304912018633,0.00274222609461138,0.0020452786504274
"2x18",0.00957079403386922,0.0145730026060618,0.00242243128284548,0.291088266617958,0.00196251965146881,0.0282815109667871,0.64845711788087,0.00190394962774746,0.00174040733239238
"3x18",0.0105126076231217,0.0120591742723176,0.00429321704665385,0.195278547319176,0.00309523740393697,0.0194857057557807,0.751998883717799,0.00165241447525268,0.0016242123859618
"22x19",0.00939496925882194,0.0160055277364159,0.00440448757399954,0.130786419236654,0.00275568751940065,0.0287084520363611,0.804620984703351,0.00140060447994016,0.00192286745505634
"20x19",0.00888498301203888,0.0202475571449858,0.00288028371882312,0.310822969813719,0.00236708172739412,0.0193496515232551,0.62544641869463,0.00510589904973216,0.00489515531542147
"11x19",0.00809251042126748,0.0123121092430691,0.00223685636254379,0.245449180289832,0.00223356683909157,0.0215429048781535,0.703646370057812,0.00234425685238046,0.00214224505585049
"19x19",0.0185476415506772,0.0212264364510678,0.00439781835377873,0.25713916292657,0.0074972149309684,0.0193887865176606,0.640778389390268,0.0119868872860249,0.0190376625929845
"21x19",0.0181415105264908,0.0140127222817234,0.0062064574672374,0.183645937660763,0.0044524301555204,0.0212621053360263,0.743609997619533,0.00406314678519239,0.00460569216751303
"16x19",0.00567548040235876,0.00534156965153983,0.00379903971550174,0.278449092644841,0.0016058043393916,0.00751127465178588,0.689892744666142,0.00226392176716928,0.00546107216126907
"18x19",0.0109785160575107,0.00821945350122523,0.00129448189516397,0.0896798546166867,0.000681117057204669,0.0140356011210398,0.874199612248762,0.000483974940302281,0.000427388562104317
"9x19",0.00780423187545691,0.0137032085299618,0.00291372362351636,0.240684897800023,0.00355715475739931,0.0179411123153228,0.708152211824921,0.00207924213525916,0.00316421713813918
"6x19",0.00680420280205137,0.00932875028078586,0.00359369158163243,0.255701731647266,0.00341057170753335,0.0113886108450576,0.706898375244005,0.000755731824742272,0.00211833406692632
"17x19",0.00558392663489046,0.0171352242402507,0.00305235699258653,0.159723148601321,0.00194967315234822,0.0310024533406707,0.77839628843005,0.00211149760072489,0.0010454310071578
"5x19",0.00467820297763318,0.00414995501347394,0.0010972345406548,0.240013667577499,0.00162176995253217,0.00808130719472606,0.737342522139663,0.000893649124557678,0.00212169147925946
"15x19",0.0087954005362936,0.0234872860992818,0.00280521145017388,0.164548134189455,0.000909914142891467,0.0302125278723005,0.766085443362723,0.00166365725220296,0.00149242509467747
"8x19",0.01174614079609,0.0138154489325223,0.00222735268915458,0.181269663888884,0.00197872514133224,0.0227413950990789,0.762420787590281,0.00223413570411248,0.00156635015854481
"12x19",0.0140421135292736,0.0252300723239843,0.00501138470569713,0.344375912292871,0.00457446978008035,0.0380329771009494,0.559367854483618,0.00606014726375158,0.00330506851977457
"23x19",0.00783364874226023,0.0190491495041126,0.00399790559982254,0.188069733729716,0.0022749094608782,0.0244086197714095,0.750971784789104,0.00150008972689315,0.00189415867580401
"7x19",0.00574835016783805,0.0172193460822408,0.00261876260488258,0.189136158748121,0.00169138794762353,0.0274304349627266,0.752950858441181,0.00112122015277364,0.00208348089261259
"24x19",0.00613452165334562,0.016704933737869,0.00246199066714265,0.122368191839313,0.00143795358846387,0.0388062959230266,0.806242755081789,0.00253997322574619,0.00330338428330449
"10x19",0.00778818050764622,0.0241046905256709,0.00347740489844069,0.309860934891848,0.00188340990757061,0.0533295152223308,0.596417304777013,0.00137882884262555,0.00175973042685432
"14x19",0.00952897461428427,0.0170017031201344,0.00245850929069805,0.268741483986403,0.00140575097859408,0.0282231157424828,0.668706587492,0.00190388513346667,0.00202998964193697
"3x19",0.0119270750969397,0.0295605361364109,0.00352104615498486,0.18329757797193,0.0018307498080569,0.0657411890454745,0.699360436598079,0.00300203033194975,0.00175935885617444
"4x19",0.0200590915053248,0.0152127592403286,0.00538184921182223,0.162982545263185,0.00414210432697954,0.0285147265054628,0.753958109322277,0.00459668891123061,0.00515212571338972
"13x19",0.0055721134693516,0.028845954431845,0.00472597876066583,0.144292096310274,0.00131997208144111,0.0489920668453678,0.763324316398941,0.00178270414048429,0.00114479756162974
"2x19",0.00674715671339447,0.0150610425635447,0.00328932314151817,0.283769204558344,0.00121791111471022,0.0298908527355446,0.653824759285624,0.00325644506792673,0.00294330481939319
"22x20",0.0168711988259031,0.0290873684076026,0.00668100822457553,0.210540845801786,0.00256393084468419,0.034166081368497,0.693746255992924,0.00287193250432233,0.00347137802970512
"20x20",0.0192538311137289,0.0169510653683742,0.00430733371438008,0.169565882998092,0.00261276607372432,0.0251510997291852,0.752003081026505,0.00586090920676382,0.00429403076924637
"11x20",0.0113527600106395,0.0101584459105562,0.00248477049606128,0.235545926941084,0.00183520898437926,0.0225936520216478,0.711976011930905,0.00157671663267864,0.00247650707204812
"19x20",0.0141899840026807,0.0239048815774558,0.00513956459041907,0.089375970862957,0.00648413003036571,0.0304596967587324,0.823909781444457,0.00218148225824234,0.00435450847469026
