"","Endothelial","CAFs","PVL","B-cells","T-cells","Myeloid","Normal Epithelial","Plasmablasts","Cancer Epithelial"
"11x9",0.018059388250228,0.0617208225692073,0.0178105660029227,0.00546797190946011,0.00655090372250831,0.0713580599685547,0.0160029690887745,0.623673423663925,0.17935589482442
"9x9",0.0118092527742809,0.0316064602528842,0.00705297982232162,0.00352032705001846,0.00318833449281285,0.0426386020880015,0.00600639313972246,0.741991198714177,0.152186451665781
"10x9",0.0100352659083245,0.0435500262934935,0.018588155267636,0.00448087530681389,0.00522107344704075,0.0842994673507141,0.00647290874452357,0.66152782088585,0.165824406795604
"20x10",0.0374858040907581,0.0566322747994988,0.0235379599038642,0.0163303096803674,0.0193143660349422,0.111578791724904,0.00695857123963366,0.478158582292097,0.250003340233935
"22x10",0.0376847255165015,0.0697477478588352,0.0122792437306009,0.000430454482243672,0.00267873260544748,0.11587751897332,0.00394214510194,0.57687170264333,0.180487729087782
"11x10",0.0292677261085163,0.0575394910433125,0.0209151319121737,0.0137270389979406,0.016408973602737,0.0996546369530024,0.0135043031831631,0.508193706464584,0.24078899173457
"21x10",0.0176108906662982,0.0651602855544221,0.0110532099454132,0.00584591150849097,0.0172702243634672,0.078754152207519,0.0173422376747327,0.618442971695788,0.168520116383869
"8x10",0.0170637233802444,0.0552543681371266,0.0187209482277305,0.00298378137804631,0.00438874500998175,0.0542910524806633,0.00895356975849734,0.632440034508096,0.205903777119614
"10x10",0.0130366688473639,0.0387099879060829,0.0259844490466045,0.00319925023631324,0.00736051739102232,0.0497749535291774,0.0180749609994852,0.660441403259126,0.183417808784824
"23x10",0.0201146584825224,0.0332069831330686,0.00893857397176941,0.00110965487763783,0.00606822714750969,0.0747481339668933,0.00260623792308263,0.672235748942896,0.18097178155462
"9x10",0.0128570628127602,0.0255536363750543,0.0095358075015825,0.00389382292420778,0.00644818412619935,0.0365999993963787,0.0158649376508186,0.707622256366418,0.18162429284658
"24x10",0.0442720017929585,0.0366460400608414,0.020195486385805,0.0065061682439246,0.0126796765469093,0.0926130861118061,0.0136300644312455,0.610221256746669,0.163236219679841
"14x10",0.013505337548087,0.116853824059389,0.00966483516812535,0.00474284403493824,0.00204667206087154,0.0895131309035776,0.0092376159431287,0.58339886039964,0.171036879882242
"25x10",0.0289957467546704,0.0536652809942688,0.0240127926728368,0.00243963272298181,0.00580395090347572,0.116208312405302,0.00747503501873017,0.608720203234537,0.152679045293198
"15x10",0.0308842835961756,0.0590514476338343,0.0129417878275524,0.00602581610165142,0.00545599277032917,0.0832088130671628,0.0182507038660217,0.521848097699126,0.262333057438147
"22x11",0.0268198352891707,0.0455722872754275,0.0154682851530796,0.00317888305565469,0.00907386548964532,0.0559538814535456,0.00859673138524863,0.661768710527558,0.17356752037067
"16x11",0.0112054897912956,0.0533835374891154,0.0114346346140903,0.00224892440125092,0.00678608894117943,0.0979823120303632,0.00332191748472425,0.57509306820855,0.238544027039431
"21x11",0.019200740002408,0.0630975005800962,0.0355581201129712,0.00355117920448139,0.00807585788799594,0.0813730291767294,0.00762330867294797,0.599130003862491,0.182390260499879
"15x11",0.0205185718352392,0.0446054367796181,0.0208076019243601,0.00834695655765684,0.0265008219183725,0.110553463350884,0.021477988650522,0.53049494261096,0.216694216372387
"25x11",0.0148186807310927,0.0321937845340186,0.0185225244534639,0.0121111279427579,0.0167999052242291,0.165128889993674,0.0114006421320748,0.485330787125132,0.243693657863558
"26x11",0.069712371651868,0.0702834527108087,0.0278237447620829,0.00937321822754427,0.0277163491501387,0.156765479029105,0.00625818597119061,0.428937486514555,0.203129711982707
"17x11",0.028779033132784,0.0855433140252858,0.0186410409754869,0.0018494996520031,0.0113041962792036,0.101985877152317,0.00949209600505435,0.557388767245754,0.185016175532111
"9x11",0.020463430864233,0.049627546310438,0.0129278562561634,0.00202120527048546,0.0069482590277076,0.110438084442225,0.0120564722328956,0.53600380530899,0.249513340286863
"14x11",0.0506501928565273,0.0987122445998529,0.0265749747252383,0.00201838163116114,0.00410580219590547,0.0988556316333595,0.0162614814388076,0.522572901121806,0.180248389797342
"20x11",0.0220234971869119,0.0931903778388019,0.0288322602601208,0.00662837322579874,0.00854393563440432,0.111119351518604,0.0106461989560803,0.546001376934761,0.173014628444516
"7x11",0.0110434489401939,0.0397324845389928,0.0245211431172392,0.00129816151172122,0.00358392602642181,0.0394364510335328,0.0159608581579293,0.693621449844899,0.17080207682907
"19x11",0.0457179177539596,0.0889384775968314,0.0389942075308112,0.015074954397476,0.0153794953415632,0.0651391954825914,0.00334932341798311,0.566283352728769,0.161123075750015
"8x11",0.00950392125105716,0.0290830612075197,0.00981000192182194,0.00494641710342847,0.00291390036393023,0.0576916738498166,0.00901249122552185,0.700673404643692,0.176365128433212
"24x11",0.0473695384103406,0.0919566337273111,0.0253106278652291,0.00420419434052933,0.00968009078829361,0.164759562849826,0.00896533332782289,0.44584400608187,0.201910012608777
"10x11",0.0277525661138096,0.0626462407749908,0.0289442260943559,0.00888009825778279,0.007288097346071,0.0808391155364396,0.0180102497170444,0.588100723541264,0.177538682618242
"12x11",0.0127847728674207,0.0638333263474138,0.0158271642802565,0.008463676398557,0.0112553720229022,0.0837529411281454,0.00957741695220956,0.578213965165512,0.216291364837583
"23x11",0.0310954495049004,0.0273578931380434,0.0253635206259614,0.0113172828757871,0.0407580766888168,0.0996451263020689,0.00752645744689068,0.612317986942366,0.144618206475166
"13x11",0.0325400922317661,0.0732694160050597,0.0231470868116177,0.0277845115768264,0.0300566699996925,0.0771822436984451,0.0280803169015631,0.517940473421559,0.189999189353471
"22x12",0.0323451817986973,0.0463154121266296,0.0130929066021068,0.00370841635209375,0.0143163787385617,0.157586739936472,0.00751519955108711,0.591248997841979,0.133870767052373
"9x12",0.0426626387042251,0.0706438158506196,0.0171125374015439,0.0295412917817228,0.0194127504236675,0.051893659778456,0.0374014614897309,0.517482539237742,0.213849305332292
"20x12",0.00913968630936808,0.0456804198348549,0.0196816049759345,0.00170618024219331,0.00454223188141038,0.0634446709945119,0.00554079328936755,0.666057982115017,0.184206430357342
"16x12",0.0136147214790105,0.0601608641453905,0.0148948636340438,0.0057499500909846,0.00625779801413831,0.11235474372906,0.0098429168864747,0.515328798869676,0.261795343151221
"18x12",0.0351871496769419,0.0692932574380025,0.0300579546889489,0.014797628325659,0.0101378093305816,0.0726294272789203,0.00990158184879203,0.572559683323104,0.18543550808905
"25x12",0.0310783647752369,0.0349302076149603,0.0193717791778792,0.000685524880665001,0.00434259672305713,0.151990527277917,0.00289344265819628,0.293159535119643,0.461548021772445
"11x12",0.027642560371798,0.0618239035232137,0.020569652727849,0.0104398405088961,0.011574540950926,0.0343182265975243,0.0104814302632319,0.604353837531069,0.218796007525492
"26x12",0.0225471772390735,0.0500931902302537,0.0163465547736746,0.000607739967853851,0.00160476422940798,0.137752666003917,0.00555883229524129,0.425270140688321,0.340218934572257
"10x12",0.0234120906733148,0.0530744299006572,0.0143762537485716,0.00316060851650474,0.00601756755888968,0.0801739061146802,0.00734517059458697,0.632086144686297,0.180353828206498
"23x12",0.0194794059696322,0.052397615840516,0.0074151326005745,0.000782144383880398,0.00215123085656086,0.0994271585861058,0.00320662739522755,0.673379201823418,0.141761482544085
"15x12",0.0174279421300459,0.0467226650305926,0.0252172986220142,0.00614047034813894,0.00542692218852611,0.0970210443540005,0.0157190194377794,0.54632105327635,0.240003584612552
"21x12",0.0249588479638089,0.0249453302140527,0.0162655359687367,0.0084567014661427,0.00888081258394174,0.042222021907333,0.00307368611009185,0.710600683103082,0.16059638068281
"24x12",0.0127347021640466,0.0472421140133621,0.0341038209662528,0.00577351542314152,0.00786595004632225,0.0975459455218034,0.0164160566098752,0.51968774361089,0.258630151644306
"7x12",0.00802440774158218,0.0318080020024146,0.0168212401392265,0.0109446062416269,0.0117242590991674,0.0688239257062598,0.0125516760785325,0.63053746376711,0.20876441922408
"12x12",0.0137787551621001,0.0468221784985373,0.0260907323505853,0.00305055138406097,0.00620677269512423,0.0829029335503129,0.00830889838518744,0.649958205020795,0.162880972953297
"13x12",0.0455322180388769,0.0608084208898414,0.016101784750677,0.0106124358175117,0.00608108136576328,0.102157489445451,0.00832532361022824,0.58498440034284,0.165396845738811
"8x12",0.0111086125366527,0.0474375278806391,0.00998834264208365,0.000899752374871781,0.00226125336551915,0.0658152974972773,0.0113456542894762,0.663448871380077,0.187694688033403
"6x12",0.00530063737689578,0.0157275681617809,0.0136614360428163,0.000891428100777613,0.000764443321394654,0.0425187832328603,0.0145807721079734,0.733959541053351,0.17259539060215
"20x13",0.0355403757606419,0.0486637829529087,0.0352477071593457,0.00481929585764435,0.0170442077106251,0.0979556936729961,0.0016125834641148,0.632548378161545,0.126567975260178
"21x13",0.0251061095726217,0.0332962686968875,0.0143217104632202,0.00222427244492527,0.00549584107640545,0.0830664365482702,0.00505989879968653,0.709783206959687,0.121646255438296
"22x13",0.00556271560235355,0.0535904367039678,0.00574837811203553,0.000589781184390206,0.00314267585563345,0.0965306029280325,0.00789131693833642,0.603384350040143,0.223559742635108
"19x13",0.0254182018162559,0.0652145358643247,0.0424807201883409,0.00529168983840527,0.00532281481653178,0.0753328377712379,0.00667253417878335,0.584335340260135,0.189931325265985
"10x13",0.0132068534644988,0.0450662191188173,0.00933954912476182,0.000322280792358566,0.00154161348783934,0.040366157365247,0.00411993363816193,0.782019839665827,0.104017553342488
"11x13",0.0490652974198964,0.082485958224457,0.0158137064228088,0.00226683825801409,0.0057966098096378,0.102587788211261,0.00346631652208449,0.597922855977236,0.140594629154604
"25x13",0.0197631929952085,0.027393615244644,0.0304244291459422,0.00130009363493753,0.00195321428900984,0.0999179489832571,0.00337643711574605,0.423040239820311,0.392830828770944
"17x13",0.0284261318139327,0.0410710733693214,0.0337474191013708,0.00529359022384918,0.00663609153139163,0.0589051077565285,0.0105733035218735,0.602032756216606,0.213314526465126
"16x13",0.0402464028567916,0.0486869638446066,0.020490467299523,0.00779035205743666,0.0147045671557846,0.10731172765457,0.0148612954132078,0.487162527954902,0.258745695763178
"23x13",0.0255566983855043,0.0561661769795774,0.0159633371811447,0.00115570563520731,0.00415441734424205,0.0830188403839071,0.00202486523911274,0.647259022820925,0.16470093603038
"26x13",0.0189575899296275,0.0312385083770729,0.0297298652355217,0.000956065101744171,0.00338386609632563,0.0460693525642609,0.0134385657425758,0.387777449036149,0.468448737916723
"14x13",0.0524619486555527,0.0594684643331849,0.0262467989039867,0.00619578939888497,0.0162082350718309,0.106385370724748,0.017088899744305,0.474471486995301,0.241473006172205
"24x13",0.0261248488784497,0.0672750803745633,0.0250540586717077,0.00468414815618682,0.00388246082541643,0.103702412513573,0.00225039489681514,0.506231365477487,0.260795230205801
"6x13",0.00373348529326983,0.0125192818380669,0.00675505622193946,0.000813216609996533,0.00169591226297486,0.0331227303741772,0.00606673254287346,0.7421415372353,0.193152047621402
"7x13",0.0134837500754039,0.0314718686450768,0.0142201468957841,0.00195118605391463,0.00197102122823968,0.052089939017499,0.0103204468618547,0.655191767644655,0.219299873577572
"8x13",0.0128606384381715,0.0378467144969202,0.0246180743024234,0.00557120274799854,0.00672131837508168,0.0539511452703971,0.0131459278570636,0.651143267110031,0.194141711401914
"13x13",0.0173095552515357,0.0603884578397016,0.0331408570787539,0.0122071930710878,0.0165981526611103,0.0721214903474565,0.0137809440283842,0.586082804899656,0.188370544822314
"22x14",0.0421258439603292,0.047503081740222,0.0302112180205509,0.00891289646521641,0.00899331125698207,0.0840534129614662,0.0280452968029307,0.513738985160194,0.236415953632108
"21x14",0.0164092516264358,0.0640509001784776,0.015626651130728,0.00090100615404549,0.00247218033800868,0.057238965004918,0.00752274211758573,0.632908761978841,0.202869541470959
"11x14",0.0246935305741924,0.0372980099172742,0.0120593096594187,0.00117855607592032,0.00381602593339904,0.0591997657417353,0.00709935355982167,0.686432126190958,0.16822332234728
"19x14",0.00297320687833548,0.00945035406060145,0.00450444357322295,0.000114717088908009,0.000524007268912441,0.074184763179076,0.00630841155994611,0.557690771199148,0.344249325191849
"20x14",0.0533250804054023,0.0522228322426161,0.0374113743984538,0.0128978496103088,0.0279723303767681,0.0713889664792225,0.00737527993777969,0.555814449766086,0.181591836783363
"26x14",0.0106078352552374,0.049023259675746,0.00789897495078696,0.000966505102818087,0.000559357149591991,0.0443096576202329,0.00913707639575607,0.451370773354988,0.426126560494843
"23x14",0.0256076480426976,0.0203265117776793,0.0124215897581087,0.00109730421503234,0.00295721084500126,0.0664887316398203,0.00903778804285355,0.619184063342,0.242879152336807
"14x14",0.0152664783447489,0.0352242845305732,0.0177947872410746,0.00358285583793418,0.0112089814339454,0.0607361108142217,0.00951635558084103,0.656814342476528,0.189855803740133
"18x14",0.0350295381530727,0.056265296558532,0.029278476710944,0.00588023501459549,0.0162916339530543,0.0883202872611143,0.0169496289782504,0.546866630149602,0.205118273220835
"25x14",0.00756532652182636,0.0440485930550322,0.0227941915412948,0.00143498047492516,0.00822845127993474,0.103910101315747,0.00203967789820542,0.601002859511478,0.208975818401557
"10x14",0.0236461089863787,0.0356997228249709,0.0107123797740285,0.00272791113486552,0.00646624464254388,0.0722276369609886,0.00771744970284873,0.686282758095653,0.154519787877722
"7x14",0.0261942106501907,0.0540207552782767,0.0172427075241995,0.0043141565776271,0.00612837987436031,0.0509333330789367,0.0113579440167356,0.620595382348324,0.20921313065135
"6x14",0.0253249755909501,0.0810405534400967,0.00926492142788402,0.00551433366908683,0.00874196978392361,0.0705050522256862,0.00931299787167002,0.58234215510087,0.207953040889832
"17x14",0.0252605879271634,0.0751236869379018,0.0285307727522036,0.00446211866216917,0.00897683810280476,0.0735847869731693,0.00735634510594897,0.570958856603306,0.205746006935333
"15x14",0.0489177917075219,0.0795429278371933,0.0272144687497164,0.00502853853960871,0.0121171906452729,0.063874996208845,0.00951669927403249,0.649882990823797,0.103904396214013
"24x14",0.0185370338204754,0.0708189496364007,0.0136118238741169,0.00380558617593666,0.00373066052391143,0.0999837994825499,0.015080216886941,0.439678166751308,0.33475376284836
"13x14",0.021779574749528,0.0441863319003229,0.031114874177399,0.000733179248671424,0.00432658378651726,0.0508982386202921,0.014405694156829,0.667294752536663,0.165260770823777
"27x15",0.0262569604924009,0.0298120733284844,0.0304782680901438,0.00126818125725382,0.00494307184069812,0.0662804692235226,0.013736230454075,0.513287275940464,0.313937469372958
"11x15",0.0186220341851453,0.0375655010030876,0.0114353934926974,0.000719782665737703,0.00102473175872166,0.0490570784612189,0.00407210453356145,0.728988618600935,0.148514755298896
"19x15",0.0236108797544665,0.0618069877422129,0.0144241387837294,0.00224676002185134,0.00321883149960188,0.0984570698479254,0.00630004421149804,0.569336149783851,0.220599138354863
"21x15",0.00533512469991063,0.0715863070371516,0.0246021089138876,0.000541178247707813,0.00128141800724675,0.0976474349096487,0.000748315607779776,0.65111544798556,0.147142664591107
"16x15",0.00969841201823164,0.032109938882817,0.00973264913713514,0.00518204500159439,0.0065324235750625,0.130502963105836,0.0129562517996743,0.594840432380021,0.198444884099627
"26x15",0.0143177478658432,0.0396709006319289,0.0186307731439887,0.00213433156521707,0.00681481345937618,0.0803476850006974,0.00582705138647181,0.507252017120182,0.325004679826294
"22x15",0.0260845948608067,0.0530261759910509,0.0292680359753363,0.000471025771154704,0.000786933403138678,0.120457241737149,0.004089079587288,0.442806074997277,0.323010837676799
"20x15",0.0255918166654843,0.0285192770938276,0.0120381745993109,0.0014476416374824,0.00484272002062305,0.058359370655145,0.00517717547624125,0.716281486081622,0.147742337770263
"23x15",0.0191204251632922,0.0337830486086156,0.00613494701107786,0.000324536481913388,0.00144548083826148,0.0666743193451708,0.00567197298355679,0.577131158204089,0.289714111364023
"25x15",0.0115098624205098,0.0288370293075499,0.0118126466207766,0.000644821164058437,0.00127230069667597,0.0227812206417989,0.00579059314390703,0.663793771322634,0.253557754682089
"9x15",0.0213853942425676,0.064756325950337,0.024376601725952,0.00983730556494657,0.016532059189496,0.0704803923788971,0.0205451306539583,0.596874719321177,0.175212070972669
"8x15",0.0211368810469463,0.0607086053243566,0.0125702923183357,0.00221555673121591,0.00319338417818057,0.0381590797331104,0.00540128262103507,0.691904881673564,0.164710036373255
"15x15",0.0091778175891042,0.0488765824529243,0.0162944298764171,0.00353209414689529,0.0100846186804849,0.110507331147259,0.00992584630393247,0.510022353334458,0.281578926468524
"14x15",0.0179709636926286,0.0341817757225078,0.0170042659468704,0.0189424323425841,0.0239292988137004,0.0612311960360203,0.00632002156794912,0.596891584194641,0.223528461683099
"12x15",0.0125664392994986,0.0455209675839382,0.0108394347681029,0.000887738522223564,0.00156665730000175,0.024844559310544,0.00504989704825949,0.697143429587228,0.201580876580204
"6x15",0.0134552949056303,0.0518701537214466,0.0134141525045366,0.00245437229757053,0.00287954341083166,0.0727386936146251,0.00698656287908027,0.686595198034215,0.149606028632064
"7x15",0.0160077525899673,0.0699238817807717,0.0105500959171333,0.00268698596000066,0.0014798075071477,0.0641508046042212,0.0049229415542489,0.687592816176979,0.14268491390953
"13x15",0.0207625209676355,0.042393261817852,0.011087838477693,0.00462010315172118,0.00601478538533576,0.121016298151282,0.00723529622729626,0.62627291275256,0.160596983068625
"24x15",0.00504118391355015,0.0230059343788286,0.00632468672250289,0.000199298988333601,0.00250532730243532,0.0463696481539181,0.00827180595910408,0.633948754233148,0.27433336034818
"22x16",0.0123257537553534,0.0404064090313894,0.010025487886892,0.00383432487713486,0.00815252215913346,0.0714628933482514,0.0121557484510885,0.61028626705671,0.231350593434047
"27x16",0.0198953833347084,0.0673960795774336,0.0112992490180181,0.00381746923364978,0.00948783625119681,0.0775028942262921,0.00636523098607339,0.527784840960238,0.27645101641239
"20x16",0.0112476255605536,0.0392922320627726,0.039212627342875,0.0263749700728171,0.0158368438932685,0.0529744111287542,0.00697940151972494,0.655615265692921,0.152466622726313
"10x16",0.00724351136419055,0.0365398199014633,0.00450845030950001,0.00313783396343769,0.00282166985594044,0.0835112489284962,0.011679807208679,0.595101380447568,0.255456278020725
"21x16",0.0109788274420538,0.038340950596131,0.0351037989630985,0.00879337902188229,0.0113894524089479,0.0665866759687558,0.00509784277964921,0.680438649790509,0.143270423028973
"18x16",0.0316512447492762,0.0641988252638822,0.0196625274176219,0.081738504493419,0.0727048260744644,0.0453935011615531,0.0656903279236002,0.396944026609557,0.222016216306626
"11x16",0.0203082607949168,0.0501274785407586,0.0112857873876063,0.00499288527185683,0.00634275838496915,0.0966121107621302,0.00251332425704784,0.613087856504092,0.194729538096622
"26x16",0.0212505531206822,0.0517217599441008,0.0121392844701987,0.000805577028239865,0.00129710443078064,0.0676685199730639,0.0110750271683648,0.53360352395739,0.300438649907179
"19x16",0.00122095521690278,0.010565480360016,0.00574601954728654,0.00466868503661868,0.00238672392926088,0.043112120645365,0.00573810594675759,0.740645151068281,0.185916758249512
"23x16",0.0169778188977447,0.0297941491786682,0.030741201482692,0.00580046559310623,0.00308596946102141,0.0622153287946728,0.00998451057050299,0.688439952380376,0.152960603641215
"25x16",0.00646580925669304,0.0218208975079313,0.00387887700696507,2.72810787494731e-05,0.000303237031283161,0.0903634250380691,0.00628736513679765,0.637617202821849,0.233235905121662
"24x16",0.0335215146889916,0.0382322770488632,0.0194585014336899,0.00129731700727902,0.00274684022295579,0.058067541474261,0.00861738851771394,0.623309348029143,0.214749271577103
"6x16",0.0363899369137738,0.0596853427226248,0.0201127231227566,0.0183350208821607,0.0270173640997472,0.102074417120394,0.0297689832093838,0.56475637354376,0.1418598383854
"8x16",0.0155246030536587,0.0180216765540749,0.00762316017568407,0.00101851198618928,0.000843891661998297,0.102416119378966,0.0017485491454947,0.643564479675239,0.209239008368695
"12x16",0.0142438908660205,0.0379818265110308,0.00992968517165027,0.000749092075909573,0.0025824638487277,0.0767487153045471,0.0076750809418543,0.628958880845053,0.221130364435207
"14x16",0.00677310603107955,0.0451100221323528,0.00894257181897727,0.00108016101063793,0.00206399573423497,0.0652063645582694,0.00975730631424196,0.488854542578006,0.3722119298222
"16x16",0.0122346787896782,0.0245479599708211,0.0131073773248905,3.78658182948096e-05,0.000521515167876809,0.0829225736672585,0.00483536924608886,0.697207141243326,0.164585518771765
"7x16",0.0105406940835974,0.0495904485199541,0.020779787472189,0.00183198275752741,0.00239782497413067,0.049951257567242,0.0050376145290907,0.758608261081852,0.101262129014417
"15x16",0.0088789639845608,0.0504774338480817,0.0120763456034911,0.000177646142328594,0.000632989682316179,0.0524224366177575,0.00471425704391531,0.598109598033409,0.27251032904414
"17x16",0.0159445928281488,0.107680469609629,0.0194434281772179,0.00898558753961989,0.00707417180792078,0.0962464440759448,0.00845089114195027,0.537796169320648,0.19837824549892
"13x16",0.0136423500296597,0.020985539228381,0.00883437685223745,0.000136737343029021,0.000353913446525368,0.0680875409983861,0.00578869738007253,0.598484178146538,0.283686666575171
"9x16",0.0479883749974097,0.0350182593013012,0.0281114835678791,0.00539748011618128,0.0117570752604898,0.0643033598042481,0.00726543935660926,0.661647187737509,0.138511339858372
"22x17",0.0265145182019183,0.0324823570825829,0.0263441126903459,0.0514142754389128,0.034718281954002,0.0253803058611032,0.067990973341886,0.456360756914872,0.278794418514377
"27x17",0.0203100269569389,0.0524391119185025,0.0115936015301586,0.00157489116716068,0.00356725022025352,0.0374038488187281,0.0123082628527169,0.586440900561667,0.274362105973874
"11x17",0.00665281948090518,0.045185557224537,0.00988260346036734,0.000615718504086953,0.000569837719833909,0.0527373861807134,0.0312573030483614,0.533467330773911,0.319631443607283
"20x17",0.00196875278582866,0.00628331579963098,0.00268957480673173,0.00161030272750163,0.00118503770997605,0.0342047426381357,0.00930157314889997,0.682075007800993,0.260681692582302
"9x17",0.0134186423331884,0.0241334332292821,0.00708244275444709,0.000400212641967782,0.000756489232796138,0.0369015610374455,0.019730463957984,0.577228726765557,0.320348028047331
"23x17",0.0109916587655011,0.0432276596512745,0.00851924592415136,0.00625681016645443,0.00734642699884806,0.0424924912602187,0.0291749132788637,0.556191466065788,0.2957993278889
"25x17",0.0177072535685281,0.0257371007331267,0.00287352474257892,0.00103152567584164,0.00171670948838959,0.0633925469277839,0.00494608907034207,0.651840365009416,0.230754884783993
"16x17",0.0184496723712736,0.0900511288408129,0.0122635299380706,0.000635678410831584,0.00415216180654396,0.0908194513981563,0.0141252726916775,0.370798284643147,0.398704819899487
"19x17",0.0512907029115847,0.0716167099880751,0.0227598456273458,0.00574680004609677,0.0173410340889206,0.107084891156277,0.0672328757497206,0.376780078663981,0.280147061767998
"26x17",0.01423768826236,0.0742961771492891,0.0177764960429934,0.00208545989242817,0.00320004536734234,0.0513432145970073,0.0155571519746295,0.479657254911949,0.341846511802001
"14x17",0.0113629846153156,0.0101773942103285,0.00753204719760694,0.00185709167792816,0.00144609653291965,0.0510308740970539,0.00262167008974974,0.636642804022477,0.27732903755662
"21x17",0.0102382942559639,0.0389392069820991,0.00804700984775719,0.000984640165886433,0.00216655271876986,0.0448143584039557,0.0156353991481265,0.682104764978887,0.197069773498554
"15x17",0.0128600191700022,0.0328678436734792,0.00909048403251337,0.00494570798027443,0.00592646455768993,0.0930898431430487,0.0122240310350337,0.504697110280776,0.324298496127183
"24x17",0.0164114829010952,0.0427213953849848,0.0176976672625228,0.000775593221985423,0.00184362907620936,0.0720199092095585,0.00303640757516796,0.631790831827632,0.213703083540843
"17x17",0.0238830500569278,0.0387622500940842,0.0452104860957512,0.00345262614497565,0.0024996449315327,0.0842548104030975,0.00272357535391699,0.635714128842581,0.163499428077133
"18x17",0.0236389671916275,0.0341177585344546,0.0129038718796353,0.0549520557716256,0.065537845179358,0.0697264721803219,0.0158326930019887,0.510634064310901,0.212656271950088
"6x17",0.0411567080099606,0.0442930210763288,0.019049751336157,0.00962567632926348,0.0129493962377537,0.0963309213750225,0.0102927502514344,0.48289338914717,0.28340838623691
"10x17",0.0307129845235451,0.0664697652276338,0.0195162068196968,0.0072676152705246,0.0156182377817563,0.0954740517002552,0.0176618906439561,0.545059985178255,0.202219262854377
"7x17",0.0537217449838359,0.0617272815865505,0.0385502208612427,0.0058774069939153,0.0166749835266171,0.133747504173641,0.00575111516546738,0.488848759893776,0.195100982814955
"12x17",0.00691901354996538,0.0488398942689541,0.00728754928579776,0.000386948093881648,0.00087999765985973,0.0884187142169692,0.00595795716256431,0.577672943969655,0.263636981792353
"13x17",0.0230465355403973,0.0185889383872307,0.0133246511938185,0.00135067050818434,0.00284695514600702,0.0310039491831776,0.0155975912341859,0.632646116817005,0.261594591989994
"8x17",0.02155704164584,0.0546373756029179,0.0305092941201597,0.00865427064168167,0.0270972082113165,0.103771326523536,0.0236232845127891,0.411074695052389,0.319075503689371
"20x18",0.0257388146019882,0.0625619621811496,0.0183371023914855,0.00234886604122112,0.00521969685227826,0.112020118323589,0.0111186953823763,0.520552172442755,0.242102571783157
"22x18",0.0085000437447377,0.0249904049443982,0.00470158328641357,0.000499797850535703,0.00174146811278506,0.0657166884247792,0.00696020017748014,0.612851410887488,0.274038402571382
"17x18",0.0209803565885567,0.0364972359924415,0.0145045532312184,0.00139530287353978,0.0039470946481875,0.0794320001140441,0.0033616785074537,0.635997997865729,0.203883780178829
"25x18",0.0336255377449891,0.027817428892204,0.0551883559302686,0.0122897804964769,0.0168933400470771,0.0843230798789434,0.00577146663157361,0.618079036339654,0.146011974038813
"11x18",0.0119734977805048,0.0542940639671085,0.0182990676657631,0.001126657843391,0.00135291761292148,0.0771546252381787,0.00417343972945664,0.597487919082852,0.234137811079824
"26x18",0.025863432284015,0.0599209734963757,0.0148791942311902,0.00504251719694299,0.00979848343597385,0.0887777664278512,0.00541930430462533,0.492593733516624,0.297704595106402
"27x18",0.0178062311881851,0.0505556452389771,0.00732722746811239,0.0014175871115097,0.00382962239383527,0.0622701113298796,0.0131626551320451,0.638118238838675,0.205512681298781
"19x18",0.0158994901204151,0.0287768257729789,0.0275725734257043,0.00157864624116846,0.0049216926115455,0.0529271901206618,0.0124718875909073,0.689439663150474,0.166412030966145
"9x18",0.0121622279124203,0.0344816948495192,0.00906820539798138,0.00340362004678412,0.00471391058795028,0.0639722168454342,0.0129243931429955,0.625009940629119,0.234263790587796
"6x18",0.0252168454862303,0.0587997541883986,0.020929004910656,0.0038569627922347,0.0103517921684677,0.0865084303661144,0.00871285906347717,0.611766379596547,0.173857971427874
"16x18",0.00608893647217661,0.0303630726659456,0.00847443544843734,0.000357740871982599,0.00179561431201403,0.056582524051334,0.00930166568650768,0.583979812108373,0.303056198383229
"23x18",0.0201653354284454,0.0553773761661334,0.0137775544402283,0.0113510556401284,0.0182911477245417,0.0738376312184688,0.0221292072902375,0.47109257753845,0.313978114553367
"24x18",0.0270939245000986,0.0841304776589982,0.0251814510991201,0.00255381863090642,0.00361641943193882,0.0943800236085899,0.00703357177073007,0.522103308555664,0.233907004743954
"7x18",0.0381668699302821,0.0536302653715407,0.0470433949488257,0.00296310410014226,0.00654598308510355,0.0750192648056437,0.0135038895295298,0.466369332665963,0.296757895562969
"8x18",0.0272329732185182,0.0494302299411262,0.0211079819903221,0.00424490661132552,0.00785363292411519,0.123329957520364,0.0052391766028666,0.565915316164938,0.195645825026424
"15x18",0.0377930743264885,0.0452119151050636,0.00827218805624819,0.000521032526149931,0.00128765287429371,0.0757909428076605,0.00925346437331496,0.47860235118452,0.343267378746261
"21x18",0.0146272894597163,0.0453540760832567,0.0193374059541357,0.00411781260819903,0.0015452966972483,0.0663217420309746,0.00750951221294863,0.611498628282594,0.229688236670927
"10x18",0.0148296532414553,0.0322738720086328,0.0224940022390947,0.00180523952462796,0.00584271049991857,0.108004379740339,0.00806160773780357,0.583909323435963,0.222779211572166
"12x18",0.020412286060654,0.0352284593641396,0.0153997738169811,0.00146365060982958,0.00328797651996061,0.0762693944127756,0.0126132951306008,0.594546118971547,0.240779045113512
"14x18",0.0194847679551332,0.0430663631426933,0.0363044934295558,0.000319864822822884,0.00243231471521118,0.101077616966144,0.0135156883266227,0.526688940344507,0.257109950297309
"13x18",0.0272621446293463,0.0847437434333652,0.0259664993114643,0.0054688348478274,0.0102834975372151,0.0955518735581398,0.00605616941913513,0.504220423108173,0.240446814155334
"28x19",0.0254346300399867,0.0454889480230503,0.018437000802175,0.00236857293212456,0.00219647994855867,0.0783391589929441,0.0298666228566439,0.512364264840955,0.285504321563562
"11x19",0.017238788809551,0.0385460885663502,0.012901721057289,0.00237576378473372,0.00400193410815211,0.0745681363310126,0.00896308370497376,0.650017575276692,0.191386908361245
"8x19",0.0128842613833969,0.0370396143168608,0.0131336191989673,0.00269934819528106,0.00384584198329411,0.0614566398052887,0.0153356822237857,0.64318974599845,0.210415246894675
"9x19",0.0119551786361628,0.0376296617173446,0.0173341700521172,0.000285398834986939,0.000464132335144445,0.096832326388589,0.00304219776853244,0.62189726396954,0.210559670297583
"22x19",0.0332486968221572,0.0267055835030623,0.0101148310431187,0.00106576114478075,0.00246513047907343,0.0462750822208836,0.00370049277832266,0.739473636257593,0.136950785751008
"10x19",0.0148598583000549,0.0491872698351221,0.0170077153292396,0.00122611712140715,0.0025605343945533,0.122043113497112,0.0143084877226176,0.404038734789544,0.374768169010349
"20x19",0.00969922084195898,0.0450581558649179,0.0103478095587652,0.000158786490092724,0.00108723645550848,0.0544779866846534,0.00509747646586172,0.556163702626583,0.317909625011659
"18x19",0.015070277503109,0.0228625210117675,0.015759331834295,0.00190985201183626,0.00302393445644231,0.0769207851022407,0.0170090073289301,0.576930544198006,0.270513746553373
"27x19",0.00677665008664022,0.0583753832961031,0.0126611135623832,0.000497439884242742,0.000435653495680261,0.0492285853529721,0.00304858519117046,0.711502306695985,0.157474282434823
"16x19",0.00895564719716266,0.0161512303688901,0.00629229324252349,0.0013992983117938,0.00468064446960146,0.0262732167525942,0.0113841195266827,0.677386840225811,0.24747670990494
"26x19",0.0342617532796709,0.0548013401625687,0.0052306581041436,0.00335307500267249,0.00818763751882439,0.0590656714784975,0.00472039628816097,0.657298076354451,0.173081391811011
"17x19",0.024052413995507,0.0291122263223519,0.0195854055018446,0.00131437361759615,0.0049222672202147,0.0686672198732134,0.00573753848701143,0.641552129766578,0.205056425215683
"24x19",0.0211108574334171,0.0280507888473719,0.00624017344189333,0.00211421355507402,0.00288773031887852,0.0498067221515502,0.0510178203180865,0.639991286077004,0.198780407856724
"19x19",0.0176329381247226,0.060624518682487,0.0121602706502345,0.00452457393348734,0.0124934209830854,0.0826490404287561,0.0074344811174354,0.532750403432402,0.26973035264739
"21x19",0.0222980110410465,0.0590711335274089,0.0109203933329659,0.000752072603616372,0.00461042531336686,0.0999459751960061,0.0176988174986968,0.569993375358038,0.214709796128855
"23x19",0.0202820723304197,0.0311992757709061,0.014318727460053,0.00285307139069496,0.00383105131150229,0.0498948111753907,0.00667243237057239,0.621857492815527,0.249091065374934
"7x19",0.0570633733604587,0.051441761095348,0.036557055202189,0.0100473295524159,0.00903876216519747,0.0721813651200807,0.0124828330117123,0.474558278450007,0.276629242042591
"15x19",0.039368852889703,0.0425462657863833,0.0231094473662746,0.00175601145193702,0.00413398880934422,0.0375343420620856,0.00995507029758624,0.581704253182036,0.25989176815465
"25x19",0.0125241825173626,0.0290192530937198,0.0170752645324619,0.000625516054641188,0.00175377761843187,0.0383554406978316,0.0125545473459224,0.676181193234771,0.211910824904858
"6x19",0.0120657316896033,0.149475999358764,0.00796245149372784,0.00337033602950573,0.00448918517375124,0.0720503082969272,0.0114565372826126,0.526469553691731,0.212659896983377
"13x20",0.0324947616785848,0.0386982688086272,0.0389039019126377,0.00487144105977724,0.00942595446390634,0.0653969811910547,0.012640050531975,0.572154833689026,0.225413806664411
"22x20",0.0272404052154927,0.0583229404612384,0.0190004448374506,0.0015590389097647,0.00624943777364981,0.0553556141506995,0.0120756828705188,0.551453676916844,0.268742758864342
"11x20",0.00708985255174379,0.0337444551923319,0.0135657094700821,0.00150326594192786,0.00270090931181335,0.0375919770893597,0.0133793802784004,0.619834103725091,0.270590346439249
"20x20",0.0291210858966691,0.0474860969040775,0.037785054052572,0.00436673395196096,0.0197760874558812,0.0789778047595733,0.0109691091492928,0.510692745292622,0.260825282537351
"21x20",0.0468360378477542,0.0590543123009116,0.0259989372001473,0.000213602010630452,0.00086796682520232,0.0222414103933874,0.00745078105967331,0.577392684335695,0.259944268026598
"19x20",0.0256367756477501,0.0516257318780084,0.0341163703268403,0.00314159470630631,0.00275943870357446,0.0765287362936116,0.00724722783554562,0.529544429721948,0.269399694886415
"27x20",0.0348235139868103,0.0759569840733537,0.019124517796336,0.00535373425628997,0.00877732364079323,0.0976232308094652,0.00968871688147792,0.509650918028268,0.239001060527205
"28x20",0.0710928291885346,0.0824411783062102,0.0238059157365632,0.0014618438072181,0.0031523707739053,0.0693278514516589,0.00174245506937267,0.61284592626785,0.134129629398687
"16x20",0.00981990359592615,0.0353668474246783,0.00848949782671107,0.000413089839019373,0.00312555714428009,0.0231989688613784,0.00597168632040686,0.701673960926412,0.211940488061187
"23x20",0.00826992641733753,0.0372794547864355,0.0171517624127701,0.000700319210673494,0.00139004520768999,0.0595088627983062,0.0106812469685779,0.63426776250049,0.230750619697719
"26x20",0.016211821792792,0.0332036545702893,0.0085514401332486,0.00155934927484934,0.00318083437221156,0.0400945126287881,0.0173406857607494,0.63171091800328,0.248146783463792
"25x20",0.0100745237857756,0.0378024691116968,0.0107820565145367,0.00127125003919325,0.00175539000502128,0.0686715181727205,0.0242548828632527,0.440805220759977,0.404582688747827
"12x20",0.0146673346800633,0.0296349051140448,0.0173339111278829,0.00346538897995999,0.00729174843231097,0.0774267644667391,0.010835697722414,0.518829765965115,0.32051448351147
"14x20",0.00644421565236484,0.0189238947530426,0.00514428423176384,0.000276925322631456,0.000929665138288725,0.0370272709002124,0.0135180037308427,0.653396443543241,0.264339296727613
"17x20",0.0468057894083912,0.0613046137112043,0.030766011841585,0.000897224553860368,0.00317435813966106,0.0811060841556743,0.0154920726143861,0.45642555675732,0.304028288817918
"24x20",0.0333696883837409,0.0435432515540722,0.0184712440519331,0.00253145036057034,0.00282318617424486,0.0628377847363813,0.027364612396912,0.506792718188746,0.302266064153399
"18x20",0.0396816906278374,0.0621843965964688,0.0360660726500991,0.00148539850228525,0.00518673803962114,0.0603135116359148,0.00783039137394618,0.520160711234461,0.267091089339366
"8x20",0.0354099684805221,0.0545178524074708,0.0286025100787978,0.00269856863206838,0.00851690687501575,0.0852414189849868,0.00249189487191283,0.573056022366234,0.209464857302992
"10x20",0.0178873312080434,0.0448300492891923,0.0119545380159544,0.000278559214832067,0.00111268077513376,0.0635792289721164,0.0141745958197455,0.605375047432557,0.240807969272425
"15x20",0.0122976811190076,0.065088637843446,0.0122853713601463,0.000239469349576504,0.00130221850557652,0.0593632968903295,0.00335657061386373,0.608558029691499,0.237508724626554
"6x20",0.0263898314672565,0.0897826229635786,0.0180120279087338,0.0067790887374551,0.00754218810881204,0.0618344206514668,0.0171940698765691,0.607327745974679,0.165138004311449
"7x20",0.0277757285161565,0.114239824083514,0.0160136440113573,0.00235605512840891,0.00413965594616388,0.0751675683845166,0.00285973809200347,0.591006457956268,0.166441327881611
"9x20",0.0156781696997095,0.0424507491526439,0.0101380815922666,0.000505816275812091,0.00141607198050615,0.054638727945396,0.0106610414075899,0.576388297341463,0.288123044604613
"22x21",0.0178367217935716,0.0246357887846461,0.0215931467078487,0.00305413791672839,0.00459038100615777,0.091370506912161,0.0108913075875145,0.665473032189387,0.160554977101985
"11x21",0.0130579468308996,0.0333176073816449,0.00767677685993776,0.00089740233436682,0.00207417861654415,0.0409974788057034,0.00509198672485976,0.720395733140266,0.176490889305777
"14x21",0.0136505010669097,0.04090959109432,0.0130879292051547,0.000978324237552904,0.00150770942053907,0.0568730010964117,0.00630544698937647,0.571542215400422,0.295145281489313
"21x21",0.00717349305072172,0.0241174023832612,0.0146013374714307,0.000425927906157313,0.00207473761261143,0.0475629250071261,0.00849107538690229,0.634167925680728,0.261385175501061
"28x21",0.00727728169403483,0.0245374915103354,0.00411509471603445,0.00022747944690765,0.000348306885911825,0.0354305346554846,0.0163994542411588,0.755432922546095,0.156231434304037
"25x21",0.0206361320549622,0.0732487511636155,0.0160006206083901,0.00131769397090488,0.00369734030802709,0.0523691698530695,0.00563589987060202,0.548027902135,0.279066490035429
"19x21",0.0246561924821606,0.039192208461445,0.0122919300589469,0.000966570510012071,0.00202136416713566,0.0482883779655388,0.00578057073241631,0.650107431505186,0.216695354117158
"20x21",0.0279240908822313,0.0474371738116288,0.0223628345985754,0.000658359973601051,0.0020406717425748,0.047807083962593,0.0151587977256632,0.657111290469227,0.179499696833906
"16x21",0.0184186336500248,0.0474640060369149,0.0181956356931917,0.000516612345007412,0.00113873730022307,0.0424529048622075,0.00315184505484428,0.654591760761162,0.214069864296425
"26x21",0.0190592120520051,0.0663839920831335,0.0109107750893303,0.000726514748829112,0.00201890132303033,0.0585357500309249,0.0059672825779729,0.581175784359511,0.255221787735263
"27x21",0.0119443458731292,0.0411174938480316,0.0279658622268199,0.00195344037667839,0.00395248402514408,0.0721034340098453,0.0111828054441742,0.572567746976108,0.25721238722007
