"","Endothelial","CAFs","PVL","Plasmablasts","T-cells","Myeloid","Cancer Epithelial","Normal Epithelial","B-cells","sid"
"16x9",0.00127446290359005,0.191218155830203,0.00100392751959099,0.122630562176866,0.000526250157046847,0.188867602169368,0.493151117816763,0.000770552666397625,0.000557368760175093,"BC23269_D1"
"20x10",0.0154379496550728,0.166078242613097,0.00604432107164223,0.140248373817801,0.00100962350728558,0.219266902842119,0.448318711464507,0.00271079340677723,0.000885081621698397,"BC23269_D1"
"22x10",0.00603683406322677,0.154581417610146,0.0052001878694423,0.229618927757082,0.000788309800178651,0.188558736601931,0.41188416721111,0.00252768445711384,0.000803734629770215,"BC23269_D1"
"27x10",0.0225447372318713,0.101692152380924,0.00866958028569688,0.108655279119749,0.00721458141773253,0.260837678974938,0.475998373111899,0.00921382202185412,0.00517379545533483,"BC23269_D1"
"21x10",0.0192410361897237,0.253046883043456,0.0281176786824237,0.165318001493603,0.00196473203112765,0.226771368834399,0.299174516045722,0.00415055757443986,0.00221522610510519,"BC23269_D1"
"19x10",0.00466491003691024,0.257573374656019,0.00127397177529978,0.0673494262895205,0.00063323684540534,0.252610062700084,0.412465047505453,0.00253159864189863,0.000898371549408923,"BC23269_D1"
"29x10",0.00292384481408789,0.0934206120344208,0.00191305824170498,0.315700235494261,0.00307030970116512,0.171288481775451,0.403682222961231,0.00683962576544989,0.00116160921222821,"BC23269_D1"
"11x10",0.00808989531357622,0.24152499835368,0.00189957889884073,0.0438765461320861,0.00151107925849781,0.18384372779818,0.50913913908508,0.00945089654450067,0.000664138615557599,"BC23269_D1"
"28x10",0.00323147952237175,0.159375169786425,0.00816333435955404,0.00621495095439531,5.24059632213937e-05,0.206308028509678,0.602712872720295,0.0138954192197689,4.63389642901903e-05,"BC23269_D1"
"18x10",0.0116519191151914,0.166361925358316,0.00549179540605916,0.14212385996796,0.00221893040750934,0.199883066837316,0.465198503212165,0.00474981978768672,0.00232017990779547,"BC23269_D1"
"14x10",0.00530444467904615,0.0798067583600873,0.00256138386031723,0.453045481040897,0.000472524705302627,0.137898284519161,0.318649524944101,0.00183627885382961,0.000425319037257555,"BC23269_D1"
"16x10",0.0264006784510883,0.159986191268397,0.0349746445795734,0.0412175803818284,0.00208540454770047,0.133743470609651,0.597415795710025,0.00326262550779616,0.00091360894394054,"BC23269_D1"
"8x10",0.00534167961361141,0.0901183348312223,0.00668395026618849,0.0736972265996221,9.78817401009356e-05,0.199782290253737,0.623577060193289,0.000527220441662501,0.000174356060566348,"BC23269_D1"
"25x10",0.0222130207742597,0.249855371445686,0.0388129390345353,0.0830679068849371,0.00330243804000034,0.218741554410752,0.373561510028571,0.00627011362207134,0.00417514575918736,"BC23269_D1"
"26x10",0.0147200819198632,0.149991413410263,0.0106509551662491,0.0827924348252284,0.000451655367993628,0.246952888359018,0.487443147627859,0.00669418751671175,0.000303235806814522,"BC23269_D1"
"5x10",0.0325698855014699,0.0471814533536957,0.00752415844580846,0.157525794550463,0.0188626690954287,0.288297151625345,0.43065405501409,0.00770517650416578,0.00967965590953377,"BC23269_D1"
"6x10",0.0095595186782332,0.210607470885517,0.021746382367837,0.0815165272872872,0.00204097464825708,0.195573540456186,0.464508576128537,0.0095259419958583,0.00492106755228675,"BC23269_D1"
"7x10",0.00235902470174748,0.118984553009292,0.00219571191388295,0.0481284314812235,0.000364694009522789,0.148461710267616,0.678769778205877,0.00051016430035313,0.000225932110485969,"BC23269_D1"
"9x10",0.00760781992712935,0.183510503887178,0.0214605158671507,0.14813564762951,0.000665914373801383,0.193009035904469,0.444038131552448,0.000911400883807441,0.000661029974506686,"BC23269_D1"
"24x10",0.0480148230325265,0.201081796979762,0.0257244393326444,0.243307730591027,0.000894747800389919,0.199394041441405,0.279082194359735,0.00176922301340227,0.00073100344910692,"BC23269_D1"
"13x10",0.0070521016469394,0.139062815987201,0.00298743292098306,0.20315702774271,0.000622548648289364,0.139200816856377,0.502259479919891,0.00534839779936183,0.000309378478247277,"BC23269_D1"
"12x10",0.0046085861058614,0.221304566896465,0.0119726739203136,0.109911964471713,0.00203875982765116,0.081190951084966,0.560524939500813,0.00765309149115417,0.000794466701062603,"BC23269_D1"
"10x10",0.00445832678602962,0.282492785333953,0.00869978116527522,0.0618236402319102,0.00195247339836728,0.203233235652445,0.431564334026377,0.00401483189043857,0.00176059151520457,"BC23269_D1"
"15x10",0.00377739215709489,0.100578643850699,0.00648450163946169,0.0597249244380383,0.000332464760155352,0.182290648727467,0.644519098485304,0.00168547233107215,0.000606853610708452,"BC23269_D1"
"23x10",0.00781738356089517,0.271611058940133,0.00115147398301593,0.250146685017507,0.00293170301246355,0.126506989120649,0.330443853931715,0.00648978221940027,0.00290107021422131,"BC23269_D1"
"31x11",0.00413357476296078,0.127521826200964,0.0148897308258645,0.475073319319709,0.000109305823656246,0.0930555798857432,0.284927252108015,0.000260527906049715,2.88831670376315e-05,"BC23269_D1"
"32x11",0.00272943067594858,0.0929758390565874,0.00701989918170057,0.0506009250843368,0.000192707012875331,0.294879096420641,0.551492888801445,8.8844996935039e-05,2.03687695296713e-05,"BC23269_D1"
"9x11",0.00775552248532819,0.237849539562191,0.00703476745167035,0.143751048660085,0.00450800887877009,0.149846394635242,0.418692608175678,0.0206658521412798,0.00989625800975458,"BC23269_D1"
"27x11",0.0219019741522292,0.143506953866184,0.00369200396947527,0.0574885709261361,0.00105489161143348,0.183974269821284,0.584088650986014,0.00396766706748241,0.000325017599760866,"BC23269_D1"
"28x11",0.00482439557922971,0.131645801402173,0.00517543825786588,0.394492542391026,5.54942644953374e-05,0.140547132879004,0.322278390111619,0.000940800430969779,4.00046836170114e-05,"BC23269_D1"
"30x11",0.0133221640756151,0.10887655166545,0.0426951191801324,0.170730392823729,0.0102297397495919,0.212759723463837,0.385057969636964,0.0253986264853701,0.0309297129193114,"BC23269_D1"
"29x11",0.0279181635727324,0.14447320891868,0.0603267207267119,0.228194469743749,0.00477422626132622,0.206803996741032,0.317167406157405,0.0067325505080104,0.00360925737035253,"BC23269_D1"
"19x11",0.0254625800309498,0.137628974692466,0.00118466883235265,0.165519718220882,0.000216381665676815,0.29066965670459,0.377150845041972,0.00196765296497525,0.000199521846135995,"BC23269_D1"
"25x11",0.00438267819305511,0.148706386902226,0.00782295553131107,0.0232006413195683,0.000177038974704968,0.159534988189042,0.654400242910912,0.00166716080380044,0.000107907175380641,"BC23269_D1"
"22x11",0.0138999975402969,0.246967766594309,0.00447031718327713,0.10635813499195,0.000456963558873834,0.172472403447649,0.454044917059322,0.000977747334447966,0.000351752289874018,"BC23269_D1"
"6x11",0.00456695923717191,0.207006429630355,0.00820214298543048,0.209139570234069,0.00114337724376461,0.153909088559589,0.413394728940372,0.0020642551482477,0.000573448020999718,"BC23269_D1"
"10x11",0.00359171598272363,0.229948559470174,0.0118679823472785,0.189932641278014,0.00138927354581319,0.163719745245976,0.394289303844637,0.00433802897511502,0.000922749310268176,"BC23269_D1"
"16x11",0.00810889398628802,0.176573081650018,0.00312209516347458,0.00478495972988717,0.000562695365352571,0.221577778328377,0.575637501012496,0.00893353436238585,0.000699460401719955,"BC23269_D1"
"8x11",0.00374131811756963,0.143748670968972,0.00391385949544549,0.201588518810512,0.0014393643829357,0.279932169037357,0.360828524012602,0.00366336427259695,0.00114421090200903,"BC23269_D1"
"21x11",0.00604659329299804,0.241068503259646,0.00194557066178655,0.0518908915154309,0.000505218235306226,0.199641982811167,0.493925218972096,0.00472138732555217,0.000254633926017391,"BC23269_D1"
"17x11",0.00899079867750261,0.109627321621131,0.00529148667869838,0.153740871913258,0.00162881817878206,0.16371687557767,0.543328305644657,0.0115012986994374,0.00217422300886218,"BC23269_D1"
"7x11",0.0453624482919728,0.293503397228592,0.031517275944251,0.0790999424519761,0.000563022679974439,0.181800805607488,0.362846934810111,0.00432941794440321,0.000976755041230567,"BC23269_D1"
"13x11",0.00599333842482206,0.18619915634775,0.0133187127028818,0.0621152129831491,0.000913553786846302,0.178807092336414,0.548985860638909,0.00335373787472637,0.000313334904501322,"BC23269_D1"
"18x11",0.00331048638045256,0.120153072136406,0.00235100114154183,0.138501703638928,0.000415004787684112,0.282904857014822,0.451334343141017,0.000875583094906326,0.000153948664241652,"BC23269_D1"
"26x11",0.0226817107422112,0.137787106371793,0.00781140468343914,0.0921008852042665,0.00199939824903659,0.196695059146306,0.529557385476381,0.0102503563564417,0.00111669377012549,"BC23269_D1"
"24x11",0.00199003463128942,0.185243140400769,0.00189196737470226,0.069036482465157,6.63941616752357e-05,0.213835381780116,0.525607752189995,0.0022858024181676,4.30445781289731e-05,"BC23269_D1"
"14x11",0.00184091002985715,0.165022887261036,0.00164320610245083,0.0308014616921298,0.0004736188211613,0.189340839959074,0.60740044684633,0.00329725810403657,0.000179371183923677,"BC23269_D1"
"12x11",0.00223541117439119,0.222976043358389,0.000590585390454235,0.0790560319246856,0.00027730149414564,0.136095188443582,0.556879746708882,0.00178543674253887,0.000104254762931111,"BC23269_D1"
"15x11",0.0128266880509516,0.217462626044286,0.00945771856912001,0.055020266346602,0.000660258834975124,0.259300473629765,0.439261624079089,0.00535027370871366,0.000660070736497577,"BC23269_D1"
"20x11",0.00154086874142049,0.332058452207256,0.00381000552809865,0.0921327725710465,2.41428490924201e-05,0.184190007521786,0.384573457037373,0.00163884657601812,3.14469679091697e-05,"BC23269_D1"
"23x11",0.00575585649656825,0.176462015854209,0.00623808861132898,0.106486487417969,0.000639450717646646,0.21006245609651,0.491052703130052,0.0023374195606855,0.000965522115030802,"BC23269_D1"
"22x12",0.0100364312101712,0.24685169329748,0.0178362448360693,0.0526596665699542,0.000399131146726485,0.15672185162855,0.513307788717064,0.00211531262718841,7.1879966796548e-05,"BC23269_D1"
"6x12",0.0162665526951512,0.266362575916538,0.00638807248407275,0.177981739420699,0.00428991022690748,0.0987623229401717,0.415727065683497,0.00804565202850495,0.00617610860445793,"BC23269_D1"
"15x12",0.00305648962664023,0.220648678305322,0.00442207659643506,0.153525846738384,0.00058895420707612,0.169122690142339,0.444790507690917,0.00345775133462977,0.00038700535825729,"BC23269_D1"
"9x12",0.00172166100866026,0.172850895637154,0.00167277305539974,0.108832003036559,4.20353039475964e-05,0.179598106437857,0.533013162655476,0.00222591974789713,4.34431170490664e-05,"BC23269_D1"
"31x12",0.00473829431093711,0.17617467453429,0.00348543074757515,0.00971561577195521,0.00125986292506062,0.401742597723799,0.395067389162893,0.00527611987488121,0.00254001494860889,"BC23269_D1"
"11x12",0.009411953171911,0.34673169221904,0.00438657474877336,0.0371010890648564,0.000603464981077204,0.179558294633861,0.420632642398817,0.00125091455030245,0.000323374231361727,"BC23269_D1"
"16x12",0.0066892449669168,0.127200603318013,0.00570198896038284,0.153205083359513,0.000571240825823871,0.189483822032222,0.507085194576393,0.00935076679497828,0.000712055165757726,"BC23269_D1"
"20x12",0.0243362503572933,0.148280565245307,0.00495972653513115,0.178294570664548,0.000453983867884122,0.213013240614936,0.42579486607205,0.0047218050711449,0.000144991571706278,"BC23269_D1"
"30x12",0.0120502396361603,0.105854380985444,0.021967155929361,0.358982741141758,0.0067131860257518,0.137012614930188,0.346807257202789,0.00784210536505111,0.00277031878349665,"BC23269_D1"
"26x12",0.00237764102034013,0.0286073732200608,0.00072431755500074,0.00623224112487789,7.72687642604125e-05,0.238705031963095,0.72294742059558,0.000319230201870489,9.47555491457208e-06,"BC23269_D1"
"29x12",0.00722597531543229,0.188115947062859,0.00482707265929193,0.16887430104861,0.0155680537103062,0.33328241581931,0.268941781437564,0.00128214645706426,0.0118823064895626,"BC23269_D1"
"32x12",0.000781974603558341,0.00449337513957857,0.000233285685953653,0.172584819892491,1.29471474318595e-05,0.161895301062461,0.657230776081563,0.00270056338428897,6.69570026735101e-05,"BC23269_D1"
"8x12",0.00521828653991942,0.299469853738707,0.00951044727748742,0.1085747161359,0.000275291826826216,0.134324088304686,0.440141721244327,0.00213824249487543,0.000347352437270949,"BC23269_D1"
"21x12",0.0076657117391401,0.0959937725444593,0.0132482811793639,0.0189604837018065,0.000328703805057397,0.211224717674022,0.64695711844399,0.0055674472088611,5.376370330021e-05,"BC23269_D1"
"25x12",0.00231138987482885,0.0901970902543993,0.00549530076022144,0.0130920712364116,0.000217407420352234,0.157338350464878,0.730249233248386,0.00107860174196953,2.05549985533051e-05,"BC23269_D1"
"27x12",0.00479349255954315,0.193562121781026,0.00381370377445517,0.0647639044772383,0.000244620988668583,0.0924123825681635,0.639601399801853,0.000702740363806602,0.000105633685246096,"BC23269_D1"
"18x12",0.00887661875386859,0.216478857777657,0.00978076734382897,0.0644060230379136,0.00133004125373136,0.216531061995363,0.478269954515337,0.00349720251577639,0.000829472806524003,"BC23269_D1"
"14x12",0.0162905859232964,0.172518825467337,0.00216984974806223,0.0869193556345905,0.000315261304292626,0.177227420218628,0.540866697438931,0.00355119722075667,0.00014080704410576,"BC23269_D1"
"17x12",0.00130329530239661,0.0772237228854929,0.00154181012952263,0.0255659516046489,9.90479262827162e-05,0.164973662257229,0.728624420391172,0.000640382804957034,2.77066982985531e-05,"BC23269_D1"
"24x12",0.00506811249050375,0.121969612108598,0.00518234774261624,0.0631016823106525,0.000155182329922101,0.200126378687225,0.60332382095608,0.00102042378820589,5.24395861964202e-05,"BC23269_D1"
"10x12",0.0145119919784057,0.204851878773254,0.00638178811959851,0.002946327327735,0.000245645253588309,0.236679589304943,0.532691106924292,0.00160865089636222,8.3021421820248e-05,"BC23269_D1"
"7x12",0.0187095565932661,0.30620714335944,0.00517594950431467,0.169413440264085,0.00387674820569209,0.151832006927429,0.339947600856694,0.0026403263877666,0.0021972279013125,"BC23269_D1"
"12x12",0.00386064465739827,0.149440823281089,0.00256083887510947,0.21095334326519,0.000103438740578608,0.189914989395369,0.441588705387578,0.00136316383166023,0.0002140525660269,"BC23269_D1"
"13x12",0.000488123689352527,0.0361658988243315,0.000330915198083571,0.0121458772076287,2.47500734362592e-05,0.0586633998985771,0.89202872498591,0.000149354698420638,2.95542425953477e-06,"BC23269_D1"
"28x12",0.00926483735757083,0.12356866347497,0.00279592931349064,0.064502601827859,0.00112076220735537,0.188778499782916,0.607772592726954,0.00184901256110067,0.000347100747783423,"BC23269_D1"
"23x12",0.0136423790382496,0.0837187610013663,0.0310302326091419,0.147386036098785,0.000547445646227243,0.192835613326575,0.522897180768847,0.0075167504345395,0.000425601076268612,"BC23269_D1"
"13x13",0.00814366859577428,0.0865880614113073,0.00283554350295205,0.136594015896171,0.000423020340307687,0.129838480717319,0.62972246406513,0.00570154416526029,0.000153201305777955,"BC23269_D1"
"29x13",0.00462167323968041,0.0693538193153967,0.0249725230523741,0.608677362622404,0.00131018414782395,0.109951664235971,0.174613086077441,0.00374829762010096,0.00275138968880781,"BC23269_D1"
"22x13",0.0223519219648959,0.304827665724448,0.0146908448382937,0.189812206772272,0.000607634287294582,0.151180383143672,0.308956332268343,0.00695021280760832,0.000622798193174066,"BC23269_D1"
"28x13",0.00495449761149526,0.183732674915427,0.000593397854495283,0.029979044861787,0.000790843396472279,0.22416533345447,0.554031033180505,0.00135406383342165,0.000399110891926722,"BC23269_D1"
"27x13",0.0135738883913012,0.107722739532733,0.0050679413031182,0.0564821854975145,0.00216925112494665,0.157334547954809,0.654708129242288,0.00261011945383421,0.000331197499455538,"BC23269_D1"
"9x13",0.00408385051240839,0.337045604225689,0.00451074785655869,0.0257400431580359,0.00111508594614646,0.200236407213952,0.42397173446065,0.00230531708432208,0.000991209542236483,"BC23269_D1"
"30x13",0.00259141122451263,0.117152124298933,0.0426856800834392,0.0814786146747111,0.000264432253580334,0.209643741908694,0.545353223947288,0.000753398612790494,7.73729960510616e-05,"BC23269_D1"
"20x13",0.0155793182652354,0.301738114676699,0.00675065462078956,0.00486904669930873,0.000575644595321507,0.133868902257585,0.534421321882378,0.00190971076849176,0.000287286234191013,"BC23269_D1"
"10x13",0.0135323994026843,0.30474202422174,0.00891379813739222,0.0775765977076651,0.00147391677219293,0.0989026440005562,0.490838055239242,0.00341152058880894,0.000609043929717825,"BC23269_D1"
"32x13",0.00127290401886916,0.107857370604842,0.00159835393067372,0.0175575326595377,6.02424314208509e-05,0.315765069843788,0.555677775184824,0.000152249085856583,5.85022401885173e-05,"BC23269_D1"
"31x13",0.000213874148391594,0.125089586711832,0.00158573411419057,0.462058856377364,0.000125245792906786,0.0880015410603919,0.322842126566388,4.67858426686662e-05,3.62493858664096e-05,"BC23269_D1"
"16x13",0.00248309753545399,0.12798796897915,0.00190873541678526,0.0562481355035751,0.000136105623405754,0.171137767338926,0.63327094232659,0.00588941447414272,0.000937832801970029,"BC23269_D1"
"8x13",0.00345666152252628,0.31012623365192,0.000882634357733907,0.0763853265032391,0.000353528495110996,0.221669171848515,0.382644848966293,0.00423082548641993,0.000250769168241736,"BC23269_D1"
"21x13",0.0059789152813765,0.203300413234842,0.00165373575968174,0.0146413561396126,0.000856166214275195,0.159108401537991,0.608347877334718,0.00595294746732992,0.000160187030173238,"BC23269_D1"
"11x13",0.0104274805556546,0.272011543236163,0.00618031369167204,0.0656205615768333,0.000586731930163803,0.0894621130854205,0.554034721818985,0.00137164112979607,0.000304892975311561,"BC23269_D1"
"14x13",0.000235862988581483,0.0252843709708416,0.000283826598423168,0.0268218946513736,2.14394973415062e-05,0.178789464268702,0.768414448884902,0.000145024712436656,3.66742739733863e-06,"BC23269_D1"
"19x13",0.00380076155374102,0.0513333707409198,0.00126237537241971,0.0326672933886351,5.61739699018629e-05,0.0943229673517761,0.816123499497114,0.000398973389820615,3.4584735671555e-05,"BC23269_D1"
"17x13",0.00939269162095102,0.222786927631311,0.00968788823951232,0.0318369256237612,0.00132266664971891,0.232552064387963,0.489606797569536,0.00210690849939664,0.000707129777849482,"BC23269_D1"
"18x13",0.0085030947690073,0.125291707454677,0.00235769148672125,0.0448032384978588,0.000282008997097579,0.172481030709946,0.643517492090257,0.00268179494517985,8.19410492557066e-05,"BC23269_D1"
"26x13",0.00144139687544888,0.0950363527358033,0.00165234408427596,0.00404383359559754,0.000373629921392988,0.145098961553544,0.751620193172284,0.000643235247534975,9.0052814118222e-05,"BC23269_D1"
"24x13",0.00646288740181945,0.0465754266467569,0.000945856497566808,0.0380648559036361,0.000174986840725938,0.18861763099858,0.717547193378641,0.00153977717968552,7.13851525884349e-05,"BC23269_D1"
"25x13",0.00708290224786393,0.0582458670771332,0.00269476751711975,0.068371522869416,0.000205706455871293,0.137937368668562,0.723221820651122,0.00216006270460386,7.9981808307638e-05,"BC23269_D1"
"6x13",0.00505510748518204,0.275099923649925,0.00491518165914863,0.0639389640928758,0.000996372487366661,0.101995081089429,0.545019648650654,0.00234253811175668,0.000637182773662501,"BC23269_D1"
"12x13",0.00527333426992223,0.120000599825885,0.0067837898214689,0.170691410685578,0.000275901586482045,0.160103531613234,0.535692822506929,0.000962353742602391,0.000216255947898751,"BC23269_D1"
"15x13",0.00365468042646259,0.0762013749699584,0.00231000051979268,0.202367710546388,0.000675860323139405,0.0929286797997892,0.615738716667602,0.0053837522660996,0.00073922448076824,"BC23269_D1"
"23x13",0.00753060391646298,0.167455319705966,0.00636450506208004,0.131765439647663,0.000170427114559481,0.203144506262452,0.482450339576386,0.00102620215487369,9.26565595566219e-05,"BC23269_D1"
"7x13",0.0017173851295176,0.203590161145257,0.0143996112678837,0.32994104239661,0.00194959476331738,0.0990471962577887,0.348148112520977,0.00027964534050804,0.000927251178140739,"BC23269_D1"
"16x14",0.00215338414365955,0.108045288571577,0.000574638987947343,0.195119158432142,0.000237066883803222,0.123740898010991,0.568243358335403,0.00159641135898646,0.000289795275490869,"BC23269_D1"
"22x14",0.0141461144379628,0.278916662788527,0.0105548001656797,0.0284381364490002,0.000771682638312594,0.250443168982831,0.413612058365889,0.00285483413833425,0.000262542033463595,"BC23269_D1"
"32x14",0.0077751221741388,0.137129875553469,0.00715154492369825,0.384541289209031,0.000572309764933635,0.115241756723835,0.344197323361361,0.00331947048589133,7.13078036411204e-05,"BC23269_D1"
"31x14",0.0166189683577034,0.236590090739642,0.00237875796893086,0.0307512649495804,0.000283518569299821,0.164450548449026,0.541172580444914,0.0076683186217618,8.59518991419346e-05,"BC23269_D1"
"27x14",0.000828512888388626,0.0869007448369939,0.00304211381220403,0.14802259992728,0.000487721540844844,0.250251215597539,0.508334678372953,0.0018174505894521,0.000314962434345146,"BC23269_D1"
"11x14",0.00262508368625362,0.291265637435723,0.00301473124823491,0.0569713239517531,0.000180860088153727,0.207660818929888,0.437281940493557,0.00088174213331668,0.000117862033119793,"BC23269_D1"
"18x14",0.00693517382284297,0.0930924760090848,0.00428320653677308,0.200472910117453,0.000396570996989105,0.144062967888725,0.544825005628509,0.00557548389967973,0.000356205099943473,"BC23269_D1"
"21x14",0.0410874239756598,0.236496340006018,0.0242077530987024,0.13822545912765,0.00945158593497544,0.0991412476526562,0.433696125985673,0.0138509616494404,0.00384310256922449,"BC23269_D1"
"30x14",0.00131879036790198,0.1191187777197,0.0144299083063769,0.0345407398381161,0.000125270009431969,0.126567692261687,0.703490195567117,0.000382309140153021,2.63167895153065e-05,"BC23269_D1"
"9x14",0.00588006626829622,0.224880317433521,0.00606472841824364,0.0443736784484486,0.000430372134777984,0.188785745724976,0.528242896383272,0.00106444664199351,0.00027774854647076,"BC23269_D1"
"19x14",0.00808665160055905,0.0932912584954143,0.00115215631010524,0.0702919684200129,0.00793655071438578,0.220207719532548,0.574509187567858,0.0239052168824949,0.000619290476621853,"BC23269_D1"
"26x14",0.000612330650500046,0.0436420323806673,0.00292259140751655,0.00298282885263846,1.70403311055233e-05,0.216136138705155,0.733246848995299,0.000437084231917167,3.10444520078087e-06,"BC23269_D1"
"17x14",0.0120045988184968,0.173339148916001,0.0158321419178395,0.0652755824274538,0.00340786966770329,0.159924024924055,0.551524078673181,0.0156963191122053,0.00299623554306421,"BC23269_D1"
"20x14",0.018558126345347,0.189514954653666,0.0425004212673614,0.119938467210264,0.000767818143830753,0.186340117529758,0.430230721511233,0.0106346529024113,0.00151472043612861,"BC23269_D1"
"28x14",0.0017706606041676,0.0839923790149938,0.0262000758287211,0.0218270346869339,0.000388171017000136,0.142372959767747,0.722646512553264,0.000223067368850611,0.000579139158321863,"BC23269_D1"
"29x14",0.000675927005607595,0.00598262046049987,0.00480400218201148,0.0349101271376776,0.000144244519057712,0.109653838901564,0.843265276905667,0.00053928003883796,2.46828490767432e-05,"BC23269_D1"
"25x14",0.00502844322597187,0.129708604442601,0.001201043686838,0.000656132887520168,4.55260571587803e-05,0.169723470856839,0.69296468432355,0.000641121754431526,3.09727650896401e-05,"BC23269_D1"
"7x14",0.0216262419862562,0.223077877083666,0.00341045715200617,0.230252653601585,0.00128392455474176,0.144943318031056,0.368576368859321,0.00582620255762495,0.00100295617374417,"BC23269_D1"
"6x14",0.0049269333532662,0.195924895951603,0.00401707760426744,0.229414480878086,0.000570891746878292,0.157701148629048,0.403469475973342,0.00210497830447629,0.0018701175590335,"BC23269_D1"
"24x14",0.000765224709792458,0.0980408087021392,0.0032092652816651,0.040790331596244,8.41752252455451e-05,0.245633296798051,0.610761130295487,0.000705920748502431,9.84664287280808e-06,"BC23269_D1"
"10x14",0.00135449394713928,0.390773906045968,0.00111612213217978,0.0736145354026204,0.000195035425578046,0.126680724630749,0.404279152178516,0.00178536602507843,0.000200664212170955,"BC23269_D1"
"15x14",0.00357976987452439,0.118902840029932,0.000498802137874635,0.139123621524026,5.23766385573362e-05,0.0831124445813028,0.650520423377635,0.0041967944349898,1.29274011584674e-05,"BC23269_D1"
"8x14",0.00348385800290359,0.149683198545318,0.00328490108015173,0.172640743597458,0.00155524717622789,0.281980991145757,0.37720592760534,0.00540761414759679,0.0047575186992467,"BC23269_D1"
"13x14",0.00424931209167434,0.150415430419702,0.000648504783061283,0.0680677664120426,9.9597328918926e-05,0.157796345545772,0.616506360307313,0.00217762534594705,3.90577655680774e-05,"BC23269_D1"
"14x14",0.00212401406722938,0.0812800791035376,0.00275217354374515,0.171730138855219,4.60458747273342e-05,0.188138035578387,0.551005067725536,0.0027835923120591,0.000140852939559775,"BC23269_D1"
"12x14",0.00696515778189902,0.0699954329650873,0.00960770252320783,0.243757137756683,0.00120302345264566,0.116165615998226,0.541185968190883,0.00978637777946839,0.00133358355189945,"BC23269_D1"
"23x14",0.0190725142025338,0.0844184215095514,0.00141896392739363,0.0121370937286292,0.00165546335729804,0.178465920208675,0.698861354717958,0.00321986875017396,0.000750399597787153,"BC23269_D1"
"27x15",0.00553789545596724,0.13368584311954,0.00355468364882074,0.198439975676588,0.00133525226787272,0.180639607968075,0.473685082604601,0.00274666799297322,0.000374991265562748,"BC23269_D1"
"9x15",0.00417512307001787,0.269150210861083,0.0221870826643746,0.122139702220074,0.000537504951576236,0.190461612490426,0.384348457803817,0.00669031616188537,0.000309989776744726,"BC23269_D1"
"32x15",0.00126485018155732,0.108772037043021,0.012809730132273,0.0340406713080949,0.000443263409473041,0.229615199099237,0.613010150373503,1.13520376077363e-05,3.27464152328937e-05,"BC23269_D1"
"28x15",0.020164148648678,0.174710747517481,0.0140670169379319,0.0497603738462883,0.0281473504755827,0.218196807877135,0.450416946508737,0.0271589176082421,0.0173776905799239,"BC23269_D1"
"29x15",0.00193409009296928,0.0551706968751861,0.00228511468543862,0.00367093353138648,0.000319881943371548,0.225220907147238,0.710749810396376,0.00012208314364398,0.000526482184390098,"BC23269_D1"
"22x15",0.00121837579978898,0.0837883226317313,0.00110864788574135,0.0557951290799089,0.00017275893174776,0.145780743315673,0.711768742020316,0.000267374177072198,9.99061580196146e-05,"BC23269_D1"
"31x15",0.00357640770362057,0.0591054356753139,0.000296171281317251,0.160551264565573,0.000514429294552858,0.180137814708413,0.59537014872952,0.000146165795407375,0.000302162246282291,"BC23269_D1"
"30x15",0.000227645669395162,0.0717877781451306,0.00292482412606174,0.0332760804431839,3.42868676286557e-05,0.237698530660866,0.653957909663936,4.47587079766102e-05,4.81857158216726e-05,"BC23269_D1"
"19x15",0.00138969651956016,0.146468111084806,0.00686483643552482,0.034424228107089,0.000255016104092056,0.0524285063910992,0.7569768791343,0.00112610537986284,6.66208436656326e-05,"BC23269_D1"
"11x15",0.00514620838075032,0.203122406655354,0.00354375501322973,0.0151936436053304,0.000122233710124819,0.154374897326524,0.614252000853361,0.00396037136795785,0.000284483087367372,"BC23269_D1"
"8x15",0.00316229945080445,0.16045748996586,0.00311707513803602,0.270851891236783,0.000804104062474125,0.203451543014533,0.351458263548571,0.00625940283632658,0.000437930746611354,"BC23269_D1"
"18x15",0.0152170654483693,0.148369923289751,0.00800907253419952,0.00208870868787192,0.000452230678434383,0.178569767891523,0.644403603709403,0.00272032802109666,0.00016929973935128,"BC23269_D1"
"20x15",0.00595012251139835,0.114084680959325,0.00225140907952607,0.0869469935769216,0.000196881230809995,0.17566901764733,0.609056443836433,0.00580483502541027,3.96161328453893e-05,"BC23269_D1"
"25x15",0.000730141825458906,0.0174258764180859,0.000236612792518724,0.0013868521913406,1.88253985713344e-06,0.181048160609806,0.799123748380821,4.65734509262703e-05,1.51791185508712e-07,"BC23269_D1"
"13x15",0.00259966363624988,0.169491557485682,0.00201540483772841,0.0171388361825219,9.43049595031167e-05,0.117500206804555,0.688094480134824,0.00299234672504025,7.31992338959587e-05,"BC23269_D1"
"26x15",0.000518847348630066,0.00391583667772099,0.000389212887762851,0.0123097333784554,1.15437302175511e-05,0.0526451108903012,0.930024197801133,0.000184234576684147,1.28270909450563e-06,"BC23269_D1"
"10x15",0.00492453671352853,0.248897415310461,0.00208237484232783,0.19906202180861,0.00049537226963305,0.0653831324648833,0.477609523181467,0.00121360445408652,0.000332018955002973,"BC23269_D1"
"21x15",0.00273779443561331,0.253629892513725,0.00293390364083383,0.068968818978245,0.000287947176553556,0.218871681261457,0.449672666630527,0.00191286640228353,0.000984428960762247,"BC23269_D1"
"6x15",0.0119938326469987,0.191952496757657,0.0132724904960055,0.136301396987325,0.00796828707672928,0.220969960043189,0.377797898376302,0.0296969118434653,0.010046725772329,"BC23269_D1"
"14x15",0.0074165234103671,0.0835928680243958,0.006582296464058,0.0234145018738512,0.000566146288444905,0.104189978934647,0.766993595049189,0.00700658202322039,0.000237507931826691,"BC23269_D1"
"17x15",0.0138176503566017,0.180186247134,0.0105895834424125,0.0518202408063477,5.02689561663006e-05,0.207645830848279,0.535390720310314,0.000487012288591677,1.24458572878525e-05,"BC23269_D1"
"7x15",0.00759332074695539,0.167946100984188,0.0107760518440155,0.0105154854461729,0.000766896090881581,0.21831268535017,0.580721567783594,0.00244975688456827,0.000918134869453567,"BC23269_D1"
"24x15",0.000646795390354094,0.0150066371882484,0.000124561693560447,0.0780359051563203,7.50178290082139e-05,0.0104294267689129,0.894742197874644,0.0009273315816344,1.21265173178263e-05,"BC23269_D1"
"12x15",0.00376868346473714,0.0523046520462146,0.00152766967464992,0.171418728872076,0.000414426842581738,0.208810007336367,0.55713297518967,0.00448551597197755,0.000137340601726708,"BC23269_D1"
"15x15",0.00335425026582184,0.157719054964798,0.0073705006447243,0.0476751174573848,0.0003442030299621,0.112696855843828,0.668519043511819,0.00228673377433891,3.42405073240589e-05,"BC23269_D1"
"23x15",0.000498615416004285,0.0323704371455843,0.000209660586830568,0.0961410926668506,1.2746707490031e-05,0.207649433271514,0.663034674172216,8.12068494854318e-05,2.13318402457202e-06,"BC23269_D1"
"16x15",0.000709923402721876,0.0147847423479151,0.000598470644534246,0.0604215680185172,0.000317812285707763,0.035526291601618,0.886390583969915,0.0011738294821279,7.67782469427541e-05,"BC23269_D1"
"30x16",0.00411612168384946,0.12521861585043,0.0278220789147276,0.592458623413808,0.000269312198218938,0.0657970368948888,0.183696768042153,0.000483237548397599,0.000138205453527031,"BC23269_D1"
"22x16",0.0157422923668862,0.211490961421199,0.0121611506827077,0.230350849810721,0.00306735692446174,0.218027240744046,0.29968303097199,0.00831779229792664,0.00115932478006209,"BC23269_D1"
"31x16",0.00365373664943962,0.214417279285853,0.0124870709734376,0.0216302906375855,0.000217943791489415,0.190171484982833,0.556723759227046,0.000655374482487827,4.3059969828394e-05,"BC23269_D1"
"11x16",0.00351571164144431,0.198112645620431,0.00120057608907692,0.162421839984378,0.000160269140778705,0.14850902481723,0.462247165651557,0.0234799663847876,0.00035280067031683,"BC23269_D1"
"29x16",0.0175693530647822,0.0588098894922545,0.00805444469399509,0.24833849422534,0.000298546968380171,0.260917507664098,0.404331091661769,0.00147587110838897,0.000204801120991281,"BC23269_D1"
"18x16",0.0014853767120409,0.0280873438847606,0.00100624599214512,0.00261227197407067,2.7717359056583e-05,0.0877050964432585,0.878700565984325,0.000371748113212074,3.63353713070811e-06,"BC23269_D1"
"27x16",0.000485685974156717,0.0109359572028483,0.00014914318641724,0.00300736939705798,8.11947947602423e-05,0.190325116968041,0.794409675991589,0.000545047981717195,6.08085034125989e-05,"BC23269_D1"
"14x16",0.00170978559897659,0.124588019582434,0.00333507156773203,0.0653901347401078,0.00125574301459437,0.129025858811089,0.659307688984262,0.0146021153212389,0.000785582379565344,"BC23269_D1"
"19x16",0.000359717324787836,0.0213418883654153,0.000473049676227225,0.0472514343068108,4.02237309899774e-06,0.144302833800559,0.786003903323275,0.000262393259158986,7.5757066691938e-07,"BC23269_D1"
"9x16",0.00447550516799898,0.242357035085745,0.00267518920868726,0.149129728693531,0.00175602292158133,0.184677891373343,0.413412609655548,0.000964227536814931,0.00055179035675081,"BC23269_D1"
"17x16",0.000804493379862583,0.0140775710938475,0.000948525863031276,0.00418535131650565,7.01964890551776e-05,0.0189420320997678,0.960060699405029,0.00089605186416263,1.50784887379369e-05,"BC23269_D1"
"32x16",0.001656921224975,0.0478362795773413,0.000188824137042638,0.280323092582676,9.50210947425466e-05,0.0986342536623968,0.570808311567728,0.000445286457820574,1.20096952765969e-05,"BC23269_D1"
"28x16",0.00713975824145813,0.113108840567509,0.00375330191998614,0.083824926310091,0.000161542044485855,0.246062761984382,0.543435919816561,0.00217107681156646,0.000341872303960336,"BC23269_D1"
"16x16",0.000870166339483658,0.0030384485305517,8.9239741528884e-05,0.00394360901925969,0.000106860328295376,0.0843550890821648,0.898780435871546,0.00879706038489125,1.90907022790997e-05,"BC23269_D1"
"20x16",0.0199120166734477,0.201802788141517,0.0225358670867958,0.0426882609829301,0.00059394179976589,0.0874184538309096,0.622387721494984,0.00241781267388599,0.000243137315764033,"BC23269_D1"
"26x16",0.00277052359552082,0.0194348196569261,0.00248487273850144,0.030014162422349,0.000232260231620667,0.215660342241296,0.728170523548728,0.00117178738657319,6.07081784851511e-05,"BC23269_D1"
"10x16",0.00367338356511105,0.24286485653753,0.00115238572838556,0.0683128861592696,0.00024132777679101,0.132732392257781,0.54952566592338,0.00134710238882411,0.000149999662927041,"BC23269_D1"
"6x16",0.00387995449573463,0.241332843251866,0.018783425315271,0.0252372282079542,0.000609110140589356,0.164102115116737,0.536539097200481,0.00829348654660695,0.00122273972476001,"BC23269_D1"
"21x16",0.00764725764824864,0.165121438084376,0.00404688766558006,0.0317177489389809,0.00196324714981849,0.362578424383779,0.410682372197403,0.0127204294836303,0.00352219444818291,"BC23269_D1"
"5x16",0.00492759701355139,0.349707613332648,0.05189432781395,0.104712738085471,0.000686657468708394,0.186716049264257,0.297558098042702,0.00275238649874994,0.00104453247996288,"BC23269_D1"
"25x16",0.00118853761250318,0.059922895494008,0.000276687016390757,0.0133480260185306,2.14174801013215e-05,0.140437505677425,0.784347489979307,0.00045410185199361,3.33886974063375e-06,"BC23269_D1"
"15x16",0.00651283863373784,0.163461440945079,0.00104380547933143,0.0259171256014944,0.000346024403945616,0.134305680502293,0.664938390883443,0.00316136375776406,0.000313329792911228,"BC23269_D1"
"7x16",0.00536061680559861,0.259889290580644,0.0216673952714323,0.153970527489627,0.00138224161756273,0.180779825309288,0.372725796542875,0.00363371252934432,0.000590593853627932,"BC23269_D1"
"13x16",0.00377696847846069,0.185451613009761,0.00194036214452058,0.121306073354188,0.000533760904504726,0.133146826185138,0.551835139061227,0.00162244582154454,0.000386811040656176,"BC23269_D1"
"8x16",0.00649811265351619,0.253853862218492,0.0281065098234077,0.0240615807685663,0.000358699689902348,0.286924151340804,0.398503912116127,0.00106242470176571,0.00063074668741837,"BC23269_D1"
"23x16",0.00260924265254298,0.0112237573896197,0.00113417613510497,0.000852184050931941,0.000189902241310399,0.166645589476609,0.817062204767635,0.000242002660243396,4.09406260029392e-05,"BC23269_D1"
"12x16",0.00947463709978313,0.205021653531481,0.00858872774794543,0.173479580815437,0.000916762539468343,0.147556901006814,0.448267976674857,0.00603960017739686,0.000654160406816746,"BC23269_D1"
"11x17",0.00557000030090234,0.14764130253317,0.00332293499846259,0.20438264965026,0.000381973050246179,0.183223732302634,0.4511824597768,0.00400152048161978,0.00029342690590526,"BC23269_D1"
"32x17",0.012189557176735,0.110718244164232,0.00670206971620623,0.0350307805604071,0.000442446390543658,0.272678542702829,0.561950858891859,0.00016126513392491,0.000126235263263414,"BC23269_D1"
"31x17",0.0148975464814347,0.102675538386383,0.00539543980490266,0.245317554865018,5.5275498812453e-05,0.0845892156624397,0.546632120621615,0.000423463684966693,1.38449944278804e-05,"BC23269_D1"
"30x17",0.021620025122486,0.316874041296051,0.0130087311502959,0.113200537073303,0.00119526074630288,0.17202500260061,0.35182141202197,0.00971818480866856,0.000536805180313396,"BC23269_D1"
"22x17",0.00137885024356594,0.124345453250182,0.00630411772542071,0.06239739302412,4.78951190856008e-05,0.0925312227113475,0.712682706665292,0.000264374130015803,4.79871309695809e-05,"BC23269_D1"
"27x17",0.00139840251561239,0.080361667984355,0.000984352675270458,0.00985028658075898,7.87133296476086e-05,0.131495748184746,0.775629884492546,0.000192984600575669,7.95963648744898e-06,"BC23269_D1"
"9x17",0.00188119696901246,0.172784037480815,0.00808786671076246,0.0192799408752144,0.000510634324255357,0.16102289425621,0.630488960777237,0.0057393518791635,0.000205116727330403,"BC23269_D1"
"20x17",0.00768993505431685,0.142311886723381,0.00858177869756348,0.0821951259044899,0.00127702039754768,0.156949079631197,0.599419592760826,0.00145615513079792,0.000119425699880707,"BC23269_D1"
"29x17",0.00415039602242897,0.121504918727226,0.0295345801367275,0.0645950132624132,0.000310188394253738,0.201766318608484,0.577705383790621,0.000338884267195078,9.43167906507615e-05,"BC23269_D1"
"19x17",0.00772445026404212,0.144774493639383,0.00164062212976913,0.0139255015367367,1.5631367991571e-05,0.151161043751404,0.678615658535891,0.00214141823795937,1.18053682362571e-06,"BC23269_D1"
"26x17",0.000525631903981607,0.0017795193802739,0.000221165512801281,0.0154501648894871,7.69578437634034e-05,0.074852847383921,0.906782806511579,0.000294255981490341,1.66505927024265e-05,"BC23269_D1"
"16x17",0.00861712891453958,0.131518576905443,0.00308110387018083,0.0074675115017964,0.00031671397831924,0.0961385608645679,0.751994004743548,0.00083480131187969,3.15979097244117e-05,"BC23269_D1"
"18x17",0.00170037676837287,0.1207223889472,0.000789171806888863,0.00570387139342951,0.000119880189136182,0.176385228357664,0.693947848194703,0.000619251262143883,1.19830804624812e-05,"BC23269_D1"
"25x17",0.000434321525511893,0.00359032674790516,0.000158270483373633,0.0108367423800541,1.37381972764942e-05,0.0330349635757287,0.951896050915895,3.30751379253632e-05,2.51103633004348e-06,"BC23269_D1"
"28x17",0.00937935706996485,0.0305700090278677,0.00257722967525718,0.314051884690445,0.00119711564889343,0.262458461824683,0.374825630114485,0.0035471284053002,0.00139318354310347,"BC23269_D1"
"8x17",0.00303750941258717,0.238335132514085,0.00256394581610218,0.113776757346113,0.000336987520639758,0.227887512620892,0.412174770805878,0.00164713114258768,0.000240252821115585,"BC23269_D1"
"6x17",0.0017930560409793,0.24024221411464,0.00102997440246446,0.12576205053259,0.000174777739565209,0.115597589160072,0.514786358880957,0.000575122975512611,3.8856153218143e-05,"BC23269_D1"
"10x17",0.00710694040475443,0.232592733090695,0.000765582535288334,0.0655502074645969,0.00026108675261287,0.206464621446457,0.486333501955197,0.000806599922098835,0.00011872642830052,"BC23269_D1"
"14x17",0.0144036546056222,0.0825177461615708,0.00156218269378169,0.0335149643298984,3.19239443276083e-05,0.206545290929567,0.661130523485558,0.000272687360036834,2.10264896376431e-05,"BC23269_D1"
"15x17",0.0054117293991179,0.119641300373247,0.00234536628604817,0.00675830915249543,2.63262869470766e-05,0.165726707003194,0.699267874352108,0.000815853073118685,6.53407372425945e-06,"BC23269_D1"
