"","Endothelial","CAFs","PVL","Plasmablasts","T-cells","Myeloid","Cancer Epithelial","Normal Epithelial","B-cells","sid"
"27x9",0.0344418423045669,0.137324806712595,0.0138271494383376,0.421881631648813,0.000671244793400223,0.0818928091109763,0.299867999826594,0.00784721108563419,0.00224530507908363,"BC23270_E2"
"25x9",0.0337328500916983,0.0708049026214166,0.0301697887122987,0.754463278307808,0.000579275428744786,0.0243989953006858,0.0764092958894874,0.00713236105229078,0.00230925259556965,"BC23270_E2"
"24x9",0.0292159430356579,0.0657379589418114,0.00979611574970665,0.642718158246151,0.000105255607455992,0.0781606499234811,0.171531167316247,0.00199357165647041,0.000741179523018727,"BC23270_E2"
"26x9",0.0257406922762218,0.0804122482278862,0.00644488845044099,0.617877616768815,0.000186288015078634,0.0314853064170759,0.233543675920756,0.0033519240367798,0.000957359886945512,"BC23270_E2"
"22x10",0.037879553638545,0.0882671677886635,0.00702114056793098,0.58387695201667,0.000720081907794167,0.072342497281685,0.205633297266589,0.0028899808837687,0.00136932864835365,"BC23270_E2"
"21x10",0.0111891836652308,0.0627355344900281,0.00369727000032875,0.777774660741245,0.000138333891603424,0.0361709937968744,0.106393799156282,0.000922987560929468,0.00097723669747792,"BC23270_E2"
"15x10",0.0511201456370518,0.0967304001461297,0.0116507831630265,0.549689038209786,0.00279045811739775,0.0725404361519836,0.206322824360157,0.00534976432545445,0.00380614988901333,"BC23270_E2"
"20x10",0.0272553420584946,0.0660417344028116,0.0102605831789329,0.728947442471289,0.000259310198581813,0.0622682660376177,0.101792724946806,0.00227755339601198,0.000897043309454213,"BC23270_E2"
"19x10",0.0428262848365683,0.0965348692105647,0.0135821291984731,0.540383858330366,0.00118027887009152,0.0786997778311445,0.214932451079603,0.00589620905215662,0.00596414159103225,"BC23270_E2"
"18x10",0.0297696560211607,0.073344375602171,0.00770710126957823,0.722640572686384,0.000316516264245755,0.0406499636511184,0.122100916021664,0.00226828879819997,0.00120260968547805,"BC23270_E2"
"27x10",0.0645386497112226,0.096712558361163,0.00938650647485554,0.497761763852986,0.000446895532723844,0.0726331411347848,0.25300626821665,0.00441781626378997,0.00109640045182472,"BC23270_E2"
"16x10",0.0410374698674479,0.0669009204909401,0.00650043580646686,0.673877331381095,0.000397954011696327,0.0475052773101211,0.159790128847049,0.00265786457978096,0.00133261770540262,"BC23270_E2"
"17x10",0.038096304901447,0.0806245403475445,0.00809645685484169,0.682154455677983,0.000143076785546374,0.0540371218908002,0.133183107860597,0.0018261491050279,0.00183878657621309,"BC23270_E2"
"24x10",0.0287943678629105,0.0619580236740824,0.00245579179954342,0.668882181983846,0.000138505101029458,0.0252066018368819,0.209056931528843,0.00276086157835111,0.000746734634512122,"BC23270_E2"
"25x10",0.0196603866848965,0.0739959640714586,0.00411116323298397,0.615929052964892,0.000325696062321681,0.0435523741963215,0.234669609300244,0.00614310276234962,0.00161265072453191,"BC23270_E2"
"26x10",0.0484781564579789,0.0907644757218502,0.00682210218606801,0.589916635412172,0.00130994806697579,0.0543547168505303,0.200196414757831,0.00592550378978979,0.00223204675680388,"BC23270_E2"
"23x10",0.0770027819400738,0.108468699106694,0.0347317028006423,0.463048193137599,0.000723089872809998,0.0540548673611723,0.251684287857679,0.00645103086550314,0.00383534705782682,"BC23270_E2"
"27x11",0.0316071699690024,0.115813673187266,0.0178351735888665,0.487891939292631,0.000653571009728837,0.0833922119071245,0.248685760510516,0.0113918473965181,0.00272865313834717,"BC23270_E2"
"22x11",0.0250611144455537,0.0981942118248982,0.0128359963011402,0.574878327375372,0.000788894017784893,0.0579772701463521,0.21694025909062,0.0109394644023655,0.00238446239591399,"BC23270_E2"
"19x11",0.0439409382884003,0.107112216570472,0.00828078380302448,0.580165350232443,0.000594243407994557,0.08834795808935,0.164766358763553,0.00449296494862592,0.00229918589613745,"BC23270_E2"
"21x11",0.0273206328047176,0.0670574400843118,0.00624849331161347,0.754730383008695,0.000121118095146872,0.0290443301538517,0.113579891098598,0.00107660369731559,0.000821107745750298,"BC23270_E2"
"18x11",0.0383534336212242,0.0666972509526144,0.00494450510134391,0.614692602796898,0.00142973452531759,0.0681076225354675,0.199777705638018,0.00308022491610806,0.00291691991300816,"BC23270_E2"
"16x11",0.0271264787119639,0.115661959527105,0.0136022269612342,0.546666629097297,0.000672103812551747,0.0524368509631796,0.234272581099902,0.0069883599867552,0.0025728098400111,"BC23270_E2"
"28x11",0.0327599093761456,0.0868278539436493,0.0125210959965874,0.643402715615709,0.000403463615320368,0.0534070749914712,0.158819147260313,0.00813810002297045,0.00372063917783293,"BC23270_E2"
"20x11",0.0145767716163575,0.072408480560129,0.0189829735627691,0.662867451625648,0.000645318026769364,0.0713285501704908,0.146176155726238,0.00884837505670334,0.00416592365489441,"BC23270_E2"
"24x11",0.0784197400393417,0.11563286654028,0.0143004022170395,0.433814212751999,0.000648565927520753,0.073144431837403,0.276775568575154,0.00590905537175534,0.00135515673950684,"BC23270_E2"
"17x11",0.0707602177013127,0.0892511560332654,0.0156351574891152,0.54568441120639,0.00132954959971546,0.0485705716522276,0.210472482693239,0.00686091727472206,0.011435536350012,"BC23270_E2"
"23x11",0.0571600486817239,0.101915979226547,0.00863123210032996,0.549002968483035,0.000408231847883653,0.0683494443102242,0.20609574723092,0.00608235813670935,0.00235398998262688,"BC23270_E2"
"26x11",0.0616615732413474,0.0896542611559031,0.00950143602324817,0.531543103020276,0.000581773435702561,0.0824767769580903,0.216929621981664,0.00630754396493452,0.0013439102188339,"BC23270_E2"
"14x11",0.039462352663177,0.0530230873489204,0.0243688554459521,0.640744187402967,0.000777190406808166,0.042058369770515,0.188021643870741,0.0050654485461771,0.00647886454474213,"BC23270_E2"
"25x11",0.0272110259744501,0.100690696662607,0.00627463551681612,0.559246233559292,0.000313615052581903,0.0461593621045273,0.257570836716411,0.00187080071433938,0.000662793698975827,"BC23270_E2"
"15x11",0.0326609715512657,0.0795702867054816,0.0239629348491194,0.567272422829271,0.0041476586936742,0.0722012103171431,0.19335225593748,0.017104739180505,0.00972751993606072,"BC23270_E2"
"21x12",0.0736848034784913,0.0711160848926522,0.00944466009444822,0.522421136013804,0.000260023614226031,0.0504989895577582,0.269285462224294,0.00233848086433609,0.000950359259990767,"BC23270_E2"
"25x12",0.0932163637912455,0.0998288768271816,0.00271163600840426,0.529254781109658,0.00017803500736998,0.078692607990934,0.192972483419432,0.00217179336216539,0.000973422483609881,"BC23270_E2"
"22x12",0.0186665362562952,0.0801760764039385,0.00346539541987527,0.649274770976662,0.000218589049143253,0.0361544970542182,0.208093040482689,0.00313237504677272,0.00081871931040532,"BC23270_E2"
"20x12",0.0250129388969237,0.102487964627422,0.0102866632670096,0.546912744077789,0.00037673598318213,0.0811754804135834,0.228305299879256,0.00431107741451178,0.00113109544032158,"BC23270_E2"
"16x12",0.0178210737104832,0.0829738486612223,0.00831830342157333,0.506098954488096,0.000988904758586276,0.0876217911670449,0.28086392229607,0.012162273652356,0.00315092784456777,"BC23270_E2"
"26x12",0.0344354763728058,0.070789478899543,0.0158145186636691,0.608627845017665,0.000194904555268774,0.0928679252188725,0.168671703236911,0.00665646166131819,0.00194168637394619,"BC23270_E2"
"15x12",0.0109713644893689,0.0842393682029087,0.0281602638747112,0.579361555591407,0.00347619959320635,0.075426004607031,0.189902831975784,0.0191578986748128,0.00930451299076979,"BC23270_E2"
"19x12",0.0790377470528216,0.0846446619037039,0.00543919623268943,0.416825317775308,0.000860878588640091,0.0863071168437337,0.321848906578991,0.0026164450446001,0.00241972997951272,"BC23270_E2"
"23x12",0.0463452553446123,0.0984402994461226,0.00938425945724683,0.558178713117479,3.58261504971457e-05,0.0805811190593951,0.204041537353236,0.00275688003967444,0.000236110031736455,"BC23270_E2"
"24x12",0.0393323334601913,0.122324548741641,0.00311319604103574,0.330809370573817,0.000264674018829007,0.11505003730849,0.381511453851895,0.00677565080249856,0.000818735201603225,"BC23270_E2"
"17x12",0.0377148045619665,0.085725111350643,0.0144310937976917,0.53890134381516,0.000971173375784023,0.0498729075763528,0.25197357143342,0.0167600933426869,0.0036499007462951,"BC23270_E2"
"27x12",0.0287159202673172,0.0723599034762397,0.0120343855995453,0.649692983431945,6.29268412807212e-05,0.0616060487869087,0.172664784176356,0.00229855024372809,0.0005644971766785,"BC23270_E2"
"14x12",0.0486003678479938,0.0630363077309088,0.0176866212291478,0.554937476983521,0.00377158404698348,0.0629879461809436,0.22821077358854,0.0152018428395575,0.00556707955240318,"BC23270_E2"
"18x12",0.06862081045691,0.100944501553001,0.0158586219109088,0.479231062021797,0.000399291143442798,0.0714418001741257,0.25704078512477,0.00487281825180032,0.00159030936324391,"BC23270_E2"
"13x12",0.0221246956870485,0.0882147305133623,0.0634014129858917,0.569515954355492,0.00250452528069129,0.10331075308252,0.131644475910544,0.00827170182627651,0.0110117503581737,"BC23270_E2"
"28x12",0.00665356272127472,0.0685050265810543,0.00359613298271303,0.61381468705287,0.000546482949946736,0.0848250057189692,0.207645638642311,0.011388300299178,0.00302516305168359,"BC23270_E2"
"21x13",0.0363022515741911,0.0690261397982223,0.00801515360709797,0.544362672672275,0.00010410840426188,0.0582367375946892,0.280959225156865,0.00261812650950414,0.000375584682893243,"BC23270_E2"
"22x13",0.0321110187833387,0.114981709179209,0.00521283175620751,0.434394324678029,0.000319041712809797,0.0398331225747268,0.359516107280634,0.0126033391111052,0.0010285049239392,"BC23270_E2"
"27x13",0.0557865367198238,0.0987212609890056,0.00618736152544727,0.582682056777546,0.000343957707850019,0.0805152408030564,0.164681304635955,0.00697765047186764,0.00410463036944806,"BC23270_E2"
"19x13",0.134031858940294,0.0968172933147801,0.0063916030124121,0.457310451533719,0.00130466109026793,0.0633516513126797,0.229505548104597,0.00601016966584204,0.00527676302540837,"BC23270_E2"
"20x13",0.041489825321475,0.086593889993811,0.0140591188072662,0.482316899477366,0.00130433667499187,0.0653148783035878,0.293702363082659,0.00968507221827975,0.00553361612056257,"BC23270_E2"
"28x13",0.0100425275668673,0.0608746810923817,0.00918826961537454,0.801261425938917,0.00153721869445413,0.0518426264176363,0.0597970807750769,0.00193628859500054,0.00351988130429178,"BC23270_E2"
"18x13",0.072778175615969,0.117424775055767,0.0143003995392347,0.425635849253315,0.000995826147001872,0.0692535526208713,0.282556095159231,0.0123279200279397,0.00472740658067024,"BC23270_E2"
"16x13",0.0937979324683914,0.0825732491562043,0.00958753934533311,0.503830276045591,0.00714849257799346,0.0577714291318732,0.200836445544784,0.0266572340843727,0.0177974016454568,"BC23270_E2"
"24x13",0.0440314850806448,0.092379819622186,0.00707964818313692,0.502857806668022,0.000608721675074253,0.103681843235249,0.243412331649841,0.00291815102988858,0.00303019285595661,"BC23270_E2"
"17x13",0.0223865443190269,0.0792578739488804,0.00554677195014347,0.555715800056073,0.000832374671789881,0.0556173131436399,0.266733358264071,0.0100932083654968,0.00381675528087846,"BC23270_E2"
"26x13",0.0956029280072082,0.0650394814703557,0.00725669780415099,0.501696481108332,0.000122638225456009,0.0502639719087114,0.277312141949894,0.00239814157096429,0.000307517954927253,"BC23270_E2"
"13x13",0.0310400884426362,0.0654359084806047,0.0172432051375006,0.658938984339016,0.00392839871181454,0.0708444440032313,0.128693798437657,0.011133744279516,0.0127414281680244,"BC23270_E2"
"15x13",0.0574533885820733,0.072414692595609,0.0122035198007488,0.608786265764727,0.000314675233325231,0.0856116218969,0.154497829675705,0.00456830260262521,0.00414970384828676,"BC23270_E2"
"23x13",0.0483911670738345,0.0621062902663698,0.018420722978436,0.645230545156046,0.000336668455960515,0.0481032867990249,0.173399108698265,0.00286739241543646,0.00114481815662609,"BC23270_E2"
"12x13",0.0614868279994637,0.106876483390316,0.00616301738967264,0.536915066820871,0.00522598903627573,0.0532568634716373,0.146068739064683,0.0441604024522014,0.0398466103748781,"BC23270_E2"
"14x13",0.0301471537988069,0.0877470933994099,0.00289262213548931,0.649900239883703,0.000499031728433325,0.081658736794843,0.13622657473426,0.00568005674504403,0.0052484907800107,"BC23270_E2"
"25x13",0.0656096666481594,0.134675879326361,0.00997991707228282,0.332461787074039,0.00146373874533766,0.0804996157831224,0.366509634312128,0.00781461224274476,0.000985148795824781,"BC23270_E2"
"22x14",0.0301207942871453,0.11538022166767,0.00982662904174824,0.402888626196559,0.000957523279637798,0.106268776743997,0.329209435983088,0.00376560445472505,0.00158238834542994,"BC23270_E2"
"21x14",0.0163718196756699,0.104957987963981,0.00759536307080184,0.284570426957348,0.000445537678166312,0.0555151492132669,0.514415249833052,0.0155350168945418,0.000593448713171986,"BC23270_E2"
"11x14",0.118922897200525,0.0639591139708646,0.00686344435493456,0.56308884536089,0.00878610409102297,0.0435969526887875,0.157999755473252,0.00558922386848976,0.0311936629912341,"BC23270_E2"
"20x14",0.0782554494169819,0.133614575791396,0.00795340867427033,0.396459431448719,0.00020628498740519,0.0860586997208961,0.292867659811809,0.00412971752148756,0.000454772627035821,"BC23270_E2"
"19x14",0.0359482139151687,0.0900694198699644,0.0107461740343371,0.622066247124468,0.000483977279881989,0.077406556017987,0.159450178554961,0.00253094584434253,0.00129828735888918,"BC23270_E2"
"16x14",0.0404545766992344,0.0950553316404193,0.0034068891209159,0.469873989625271,0.00514095795589532,0.113972602865407,0.249172339259568,0.0104192944603625,0.0125040183729269,"BC23270_E2"
"29x14",0.0546628740242858,0.0911298917286572,0.00424693670453131,0.623757235689978,0.00435195394013936,0.0490268832317286,0.145019787432724,0.0117075143648226,0.016096922883133,"BC23270_E2"
"24x14",0.0616793006144269,0.102249316340677,0.0122922981598822,0.469573352622802,0.00185206425458948,0.138665346109575,0.201418400852359,0.00646965706263049,0.00580026398305844,"BC23270_E2"
"27x14",0.0272744701307533,0.0797808536380553,0.0187496452665456,0.757433505980339,6.09361203650106e-05,0.0534632252830564,0.059702905334758,0.00189949159734742,0.00163496664877994,"BC23270_E2"
"28x14",0.0305224631316677,0.06663634457887,0.00485234205246437,0.620879578591195,0.00179610544917497,0.104711439028406,0.144671452125846,0.00753365411907509,0.0183966209233013,"BC23270_E2"
"15x14",0.0533827344327356,0.0740235241239148,0.0124117475390542,0.580402597368877,0.0140460716398711,0.0250084766799105,0.174014417185801,0.0568439435864068,0.00986648744342865,"BC23270_E2"
"23x14",0.011732733803418,0.0804100139281133,0.00294422005022981,0.75836944890735,3.28261351962918e-05,0.0683640222312843,0.0770006921864221,0.000974388505116678,0.000171654252869893,"BC23270_E2"
"26x14",0.0492362124136248,0.134381078762607,0.0215752243245884,0.400814499105322,0.000686649046717051,0.0851588964942587,0.298312887066443,0.00869496328973444,0.00113958949670592,"BC23270_E2"
"12x14",0.020556521710039,0.0631222622019709,0.0072915304218132,0.634027775571408,0.0146477847078184,0.0731919895143522,0.124742402957009,0.0220527063658105,0.0403670265497787,"BC23270_E2"
"17x14",0.0415319976003968,0.060792222716844,0.0123831668069307,0.604382715105128,0.00231099268834592,0.0385847302328411,0.199765822049766,0.0266253513252584,0.0136230014744885,"BC23270_E2"
"18x14",0.043746102190894,0.100737903752257,0.0108391719517806,0.569730696301413,0.00209086041480503,0.0395323514774922,0.214183584421993,0.0143819842011381,0.00475734528822746,"BC23270_E2"
"25x14",0.0119335045900301,0.095926838529479,0.0130979894445544,0.513321471748854,0.000116503068172635,0.117304236939303,0.246816389722164,0.00117245721720828,0.000310608740234988,"BC23270_E2"
"13x14",0.0587008151931367,0.0854699367690085,0.00648707785613111,0.501278348315776,0.0156780317509535,0.0972257234194502,0.133753523753013,0.0140807473772181,0.0873257955653125,"BC23270_E2"
"14x14",0.0449450557367207,0.0728257353474387,0.00325513453005378,0.585931938227936,0.00890243394540556,0.0606833765321374,0.17348378619253,0.0101213265294286,0.0398512129583493,"BC23270_E2"
"10x15",0.0373681366332489,0.0439513389671323,0.0113061451845761,0.484328576309827,0.00766092666014299,0.0799242522616944,0.265743725153521,0.0325020950401551,0.0372148037897021,"BC23270_E2"
"21x15",0.0698571581325474,0.111632896622575,0.0119336140762721,0.451083009190851,0.000791101819885,0.13112679449378,0.216811403811557,0.00277866610869252,0.00398535574384074,"BC23270_E2"
"22x15",0.0859514920437585,0.0833363024548277,0.0104809348163477,0.45901607751442,0.0010407767661381,0.0810458074081243,0.268967070867975,0.00649592736656516,0.0036656107618436,"BC23270_E2"
"11x15",0.0374415157751499,0.0604905205521391,0.0145524873093437,0.609992826298782,0.00850686081085284,0.0154993707514111,0.169585565681317,0.0177772824971681,0.0661535703238366,"BC23270_E2"
"15x15",0.0156959227902707,0.0797428981084919,0.0111484892134088,0.575946668527625,0.0039016491379235,0.0608294086815501,0.116826872606248,0.0274700368261729,0.10843805410831,"BC23270_E2"
"19x15",0.0292773936291013,0.0832284523357604,0.00934725793363277,0.629513927372322,0.0010562876538936,0.083250703392981,0.150216840066453,0.00779332390159425,0.00631581371426208,"BC23270_E2"
"23x15",0.0633367632854691,0.0903648969044459,0.00869660067100991,0.535221168543669,0.00211332374484503,0.0558429555849564,0.23583814975693,0.00585621352142889,0.00272992798724586,"BC23270_E2"
"27x15",0.0381161737222413,0.0760256799351516,0.00820181661126558,0.630593647687577,0.000357223912888478,0.0777875725233495,0.164759154914418,0.00208557156665864,0.00207315912644934,"BC23270_E2"
"18x15",0.0505828457807413,0.0814070705572442,0.00611594378717711,0.654081510507051,0.000520271724483957,0.0399703914489882,0.163949024937502,0.00114995776298591,0.00222298349382699,"BC23270_E2"
"29x15",0.0225142088439376,0.102325575289072,0.0203091011546584,0.592485718182135,0.00213323637237951,0.109415682952411,0.13365624732075,0.00691045157984473,0.0102497783048125,"BC23270_E2"
"25x15",0.0158057380876557,0.0877891648069974,0.0136241381826299,0.593385718191358,0.000576027014159123,0.0576441920795921,0.226634066798892,0.00405124800726679,0.000489706831449358,"BC23270_E2"
"16x15",0.0328334713982626,0.0728764597733647,0.00698582672988391,0.678608231111211,0.003292863220751,0.0678266612220997,0.126321243056884,0.00318058950123942,0.00807465398630394,"BC23270_E2"
"24x15",0.016844375343663,0.0737113766431795,0.00306893557068204,0.657455674130605,3.91468374317644e-05,0.100483834651914,0.147495892468941,0.000763582469548666,0.000137181884034731,"BC23270_E2"
"13x15",0.0378455037831862,0.0544709652809523,0.00839611084050094,0.369901906976898,0.0709516934875572,0.0625242676739714,0.144648438364783,0.0559508746857665,0.195310238906384,"BC23270_E2"
"26x15",0.0207531889656999,0.0880334349739464,0.00610055539973081,0.585797323922716,0.000102035348466701,0.0733719001947629,0.22115804220955,0.00441753804664442,0.000265980938483324,"BC23270_E2"
"14x15",0.0130750539286566,0.08363863843588,0.0057655633919257,0.616944542111721,0.00307101098321792,0.0503601283255995,0.199812370275578,0.0148831079995298,0.0124495845478913,"BC23270_E2"
"17x15",0.0532110822492348,0.0459592824411003,0.00836607409231867,0.657351357566012,0.00134634279095953,0.0730855881055883,0.147305232028179,0.00602669731599361,0.0073483434106134,"BC23270_E2"
"12x15",0.030346410153788,0.0817718113359105,0.0750381867327648,0.58899894691256,0.00372808919496559,0.034100769539309,0.136450800415735,0.0252403367090438,0.0243246490059233,"BC23270_E2"
"20x15",0.0713131184492262,0.0681560134814406,0.0078217720887324,0.548149922714828,0.000234161232931899,0.0950185123491366,0.198274176010739,0.00981664479290915,0.00121567888005635,"BC23270_E2"
"28x15",0.0133632718531861,0.0718594210943016,0.00667382710856582,0.681068427011428,0.0012472033171171,0.0745853809453804,0.139124982297937,0.00726105835374659,0.00481642801833736,"BC23270_E2"
"19x16",0.0113273785807133,0.121060077496464,0.00378885051459544,0.610357455482373,9.05358972956913e-05,0.154283690589578,0.0941695401952408,0.00449889997318515,0.000423571270554928,"BC23270_E2"
"22x16",0.0426559379260004,0.098873760110196,0.00576888297631689,0.573425718539697,0.000346399882640281,0.12259417798482,0.150548701323771,0.0033280962654564,0.00245832499110262,"BC23270_E2"
"30x16",0.0253882617332545,0.0623001056576245,0.00783095886911616,0.597285210947987,0.0108700723729138,0.0835165998802444,0.131424569410457,0.039917019777565,0.0414672013508375,"BC23270_E2"
"10x16",0.0322585119921874,0.110012367174615,0.00940390740874459,0.468625705787662,0.0306209033750169,0.0519187687215235,0.212195887727446,0.0273212680825373,0.0576426797302673,"BC23270_E2"
"21x16",0.029949612072808,0.0800293893809088,0.00918098842529524,0.594490843688774,0.00150350624209998,0.0895224469318603,0.183331018562832,0.00596225897987948,0.00602993571554225,"BC23270_E2"
"27x16",0.0101824545624981,0.0927346390172526,0.00350172851601339,0.712975855348275,8.37112266264916e-05,0.0575376700977294,0.119965810575827,0.00279476359623136,0.000223367059546362,"BC23270_E2"
"11x16",0.0413840928418813,0.0817048894868897,0.00832537432677647,0.476599917605205,0.00870578956350515,0.0930988436553106,0.11096040827739,0.044381282443253,0.134839401799789,"BC23270_E2"
"18x16",0.0491457374561493,0.0736539821510079,0.0234740135882176,0.629157208671236,0.000772476291653375,0.0909366934833433,0.126239475930736,0.00259999769970061,0.00402041472795587,"BC23270_E2"
"26x16",0.0304469816396855,0.0787349552289383,0.00295358465443326,0.702205963076743,0.000210400814740466,0.0560736362795011,0.127585358418878,0.00131546053141808,0.00047365935566207,"BC23270_E2"
"17x16",0.0303763783646067,0.0818867300527369,0.0109159289614991,0.590293058298562,0.00363100128309298,0.066396561745946,0.186252603193249,0.0104909282634297,0.019756809836877,"BC23270_E2"
"20x16",0.0111509785634538,0.0467580250500914,0.00696668650656257,0.748920117477882,0.000551609461286564,0.0545548451379195,0.123719297612769,0.00447759255336377,0.00290084763667191,"BC23270_E2"
"16x16",0.00729649381526867,0.0249915904074958,0.0139345233424663,0.809908842870419,0.000693813527620615,0.017832604789561,0.100617975765124,0.0184730949926454,0.00625106048939859,"BC23270_E2"
"29x16",0.0313130385524645,0.0708981275819488,0.0119282990608935,0.604890804443878,0.00241407433121158,0.0679677930325104,0.159395739332696,0.0114127679006297,0.0397793557637668,"BC23270_E2"
"12x16",0.0899612774306114,0.0642099391977488,0.020207059209506,0.559874079889339,0.00949250536434898,0.0320066477001062,0.139906157103554,0.0289747097819462,0.0553676243228401,"BC23270_E2"
"14x16",0.0393929973841546,0.0843173247402286,0.0167121915747664,0.526448178706564,0.00451026882238536,0.077900193821677,0.192232559935738,0.0208638399559337,0.0376224450585519,"BC23270_E2"
"24x16",0.0140237111733153,0.0760610738166316,0.00754924349462171,0.634339383085874,0.000734289206445488,0.0631218066330098,0.196938199453781,0.00455214599222446,0.00268014714409632,"BC23270_E2"
"13x16",0.0501629553648652,0.0773954562882469,0.0148580242974333,0.540242714822422,0.0247690454208961,0.0334451303684805,0.14848635919526,0.0275634833307905,0.0830768309116058,"BC23270_E2"
"25x16",0.0138923770975454,0.0689773231348519,0.00282129425232543,0.780984370958123,2.47172263671744e-06,0.062199871772608,0.070960951221406,0.000138866512471632,2.24733280315783e-05,"BC23270_E2"
"28x16",0.0034853788011113,0.0554206129021329,0.00194152199362856,0.796463427556368,5.0108398192391e-05,0.0528555280483483,0.087426702227826,0.0019527705872891,0.000403949485103315,"BC23270_E2"
"15x16",0.0213082798099235,0.0532733938457424,0.0116736799503329,0.643458175323829,0.00332418525405647,0.0279653166407734,0.164021771586248,0.0332577544487947,0.0417174431402997,"BC23270_E2"
"23x16",0.0373575031870542,0.0845390156187159,0.00438786792697637,0.527421331839968,0.00158835190489522,0.0768677124376479,0.258048920814696,0.00626556114458861,0.00352373512545783,"BC23270_E2"
"11x17",0.0537607850529049,0.0817276628568718,0.0137215602642571,0.448031645645314,0.0161886980188718,0.129737414861332,0.161764211607125,0.0374526616603271,0.0576153600329961,"BC23270_E2"
"30x17",0.0152267997977478,0.0517584073193839,0.00915359008570025,0.599919158622802,0.000543669151760214,0.0705142263772162,0.224344699493991,0.0200223275138919,0.0085171216375066,"BC23270_E2"
"10x17",0.108848810565001,0.0719775681380628,0.00606978195200462,0.559451491439414,0.0139790623907656,0.0626280475171652,0.122313022162019,0.0167452794120192,0.0379869364235475,"BC23270_E2"
"23x17",0.0162117101940343,0.0841714487024988,0.00493038137782278,0.672669167432784,6.07266510289193e-05,0.0891278026217591,0.130152747222907,0.00134266617953642,0.00133334961762824,"BC23270_E2"
"20x17",0.0123033971134928,0.0605933393342571,0.0043373985882161,0.604484146977973,0.00264968261603258,0.0962114171876137,0.17261296120301,0.00633020659229581,0.0404774503871095,"BC23270_E2"
"22x17",0.0179400933257917,0.0839230987692783,0.00968961014874224,0.659368570264307,0.000429924235733327,0.0866045583175642,0.13584597706516,0.00441008135779215,0.00178808651563131,"BC23270_E2"
"27x17",0.0169050432116641,0.0643158951100004,0.00173629600757126,0.745485571173293,8.86370355491667e-05,0.0564779969400164,0.109988033447046,0.00407588284628011,0.000926644228579204,"BC23270_E2"
"21x17",0.0396341844725622,0.0892641701201458,0.0115929351383017,0.615990207548084,0.00162731107700076,0.0532111833045705,0.181540646233303,0.00296207132065905,0.00417729078537316,"BC23270_E2"
"24x17",0.0297019251188142,0.056990477308264,0.0129251336776736,0.792129253164764,0.000547469716429836,0.0256788462112196,0.0782858227505753,0.000716684987217394,0.00302438706504241,"BC23270_E2"
"15x17",0.0283806751584273,0.0352404139074211,0.0283888576874351,0.669884792080145,0.0126742956244314,0.0135619743296805,0.082766611812531,0.038775769413589,0.0903266099863402,"BC23270_E2"
"16x17",0.0221979666111503,0.0930919276512964,0.0060239352253053,0.530347528086127,0.00700213324450972,0.0598925772578189,0.213704025263579,0.0251110531300707,0.0426288535301428,"BC23270_E2"
"18x17",0.0339123736972565,0.0683890058431359,0.0114125223763658,0.652741283007002,0.00280271110344608,0.0813043780084474,0.135502472275709,0.00708681492483904,0.00684843876379882,"BC23270_E2"
"14x17",0.00363109633587639,0.0488112681657469,0.0152146991772667,0.675817033818132,0.0119067632223057,0.0386978948038057,0.127520447479398,0.0434211741831586,0.0349796228143107,"BC23270_E2"
"26x17",0.00549516435513094,0.0843295583237066,0.0200239629295919,0.724750156346945,0.00023993296547499,0.0368929103375009,0.123271524509667,0.00401066051238753,0.000986129719595316,"BC23270_E2"
"28x17",0.0227778997045597,0.0765248142449497,0.014473330696783,0.622538376551049,0.0032075241111324,0.0674505975706317,0.164921014288781,0.0167766593896477,0.0113297834424661,"BC23270_E2"
"19x17",0.0210360780993773,0.0799301052578413,0.0366106480245684,0.568665148151433,0.00289392815441338,0.0759605081264197,0.168599913364322,0.0283391922283023,0.0179644785933217,"BC23270_E2"
"29x17",0.0454454916518683,0.0789064473680644,0.00926631761964888,0.631961096068302,0.00225227757922167,0.0404419577492596,0.161474797603218,0.0234287737334496,0.00682284062696729,"BC23270_E2"
"13x17",0.0110350575857386,0.0647993208616963,0.0180059517867332,0.533587158532439,0.0169450735929815,0.0422219662517015,0.182691727719605,0.0440308194871321,0.0866829241819725,"BC23270_E2"
"17x17",0.112101271138784,0.0536966407563191,0.0154343340994757,0.552131902577092,0.00274331017239858,0.0671083356252495,0.177423269303353,0.0106253822999829,0.0087355540273453,"BC23270_E2"
"25x17",0.0178828606550215,0.0734163313663537,0.00378556665738843,0.672785976799726,0.00227182371168382,0.107162959344346,0.107982189531061,0.0053008529275589,0.0094114390068606,"BC23270_E2"
"12x17",0.0158892209171583,0.067179996252563,0.0244228854767671,0.466716389761453,0.0131192380285343,0.0321365838165949,0.102916812078256,0.0219543998964844,0.255664473772188,"BC23270_E2"
"11x18",0.00712909117977388,0.0651524653473581,0.00690407600417815,0.56149088639488,0.00876078093663259,0.0606755980481304,0.24453793605184,0.029165448769225,0.0161837172679814,"BC23270_E2"
"22x18",0.016474889279679,0.0791589250262751,0.0169280941937359,0.675941039961246,0.00432729835009686,0.0338975877010038,0.160234723740477,0.0037791172069479,0.00925832454053868,"BC23270_E2"
"29x18",0.0368057281282365,0.0657961439356517,0.00949297280590711,0.584785487550549,0.00351805912453701,0.0832129079679372,0.191019679944503,0.0066728372186163,0.0186961833240629,"BC23270_E2"
"21x18",0.01912233244015,0.0644576789302988,0.00581296719913345,0.595150378569723,0.00634958871330246,0.0577406937203907,0.192552789118781,0.0168215124645827,0.041992058843638,"BC23270_E2"
"30x18",0.119821784517885,0.0657459027128452,0.00493491478315694,0.598786862625384,0.00232774661680173,0.0354937482367016,0.141335508026254,0.0160466296105774,0.015506902870394,"BC23270_E2"
"10x18",0.031157135655328,0.0324785114043493,0.00955436155762862,0.682219858895209,0.013348200338564,0.014590756454729,0.142224622204265,0.00683963037078159,0.0675869231191451,"BC23270_E2"
"27x18",0.00838028358943909,0.0495597066580228,0.0220201805710466,0.811099362689285,0.000259840426720363,0.0367706589435774,0.0629843854619609,0.00511131674754444,0.00381426491240334,"BC23270_E2"
"20x18",0.0524132941293625,0.0896861280561468,0.013518245909657,0.577450728567783,0.0101622658506755,0.0831446440103031,0.131809577207545,0.0150255269812564,0.0267895892872704,"BC23270_E2"
"15x18",0.0321793511755817,0.103822374564596,0.0188576281147786,0.592504757535986,0.00845152119084693,0.0611346395921723,0.140453126899989,0.0167983567924417,0.0257982441336077,"BC23270_E2"
"28x18",0.0157646898320385,0.0712260861245428,0.0567734355624421,0.62486547186009,0.00671308701759669,0.0345869986695321,0.133831643220726,0.0228298420902206,0.0334087456228114,"BC23270_E2"
"19x18",0.0311956187908586,0.0568501133490313,0.00452879928813691,0.644348085804147,0.00542133080625554,0.0885034251805118,0.137289105448373,0.00489953568850144,0.0269639856441846,"BC23270_E2"
"23x18",0.0196511000865271,0.0765321838561913,0.00552528448169688,0.645996560403489,0.00211890876885825,0.0802754608740149,0.144540222633292,0.0162042296276971,0.00915604926823338,"BC23270_E2"
"26x18",0.0083568474735619,0.0588148687947025,0.00837763087009505,0.690157775577723,0.00144259255512505,0.0438335236775191,0.175140932745096,0.00728721830174263,0.00658861000443463,"BC23270_E2"
"9x18",0.0690375853946772,0.0455563217625117,0.0103053407936819,0.60605813236661,0.0246321033947587,0.0261651535705264,0.145147761016737,0.0117169012054025,0.0613807004950942,"BC23270_E2"
"16x18",0.00964445152583464,0.079000433725137,0.0118962750257171,0.594652943131038,0.00183778198759008,0.0600849995280165,0.198468882911638,0.0215533985793807,0.0228608335856475,"BC23270_E2"
"24x18",0.0158450945870412,0.0448941517153926,0.00177334269698022,0.774951787636255,3.77112930803805e-05,0.0276490740026716,0.13421870627823,0.000263448742045767,0.000366683048303058,"BC23270_E2"
"14x18",0.0101361908846065,0.0832566115481777,0.00208902911740524,0.632580244384001,0.00486796812592554,0.0538502902914421,0.151632332745483,0.0142051945809374,0.0473821383220214,"BC23270_E2"
"25x18",0.0420248006300786,0.0779863987856754,0.0233361177207089,0.606867463034792,0.000231348287221554,0.127898616052005,0.118564966669106,0.00192595970550555,0.00116432911490671,"BC23270_E2"
"12x18",0.0366276144056227,0.0857445595484633,0.00689450025399841,0.557652334916199,0.00175926769113268,0.0872644928688744,0.207780784669167,0.00943871189203779,0.00683773375450492,"BC23270_E2"
"13x18",0.0106965215418224,0.0646745804413255,0.0159309070080223,0.614538531919972,0.00243904993279511,0.0770097688352862,0.198118834578276,0.00731961021475892,0.00927219552774174,"BC23270_E2"
"17x18",0.0890641880322213,0.0895706573088421,0.00579588137177971,0.574564977199291,0.00181711539773751,0.0697059973644906,0.154697574825873,0.00714472962043621,0.00763887887932822,"BC23270_E2"
"22x19",0.0105591174246804,0.0687500723010975,0.0560557033151248,0.574534266631298,0.00834775520596115,0.0530603044886122,0.155870165207505,0.0309751720643498,0.0418474433613714,"BC23270_E2"
"10x19",0.0368244777845855,0.0454562421310766,0.00346001586655661,0.65681037907839,0.0060079386825383,0.0272132275555662,0.194250342765729,0.00739643993866056,0.0225809361968977,"BC23270_E2"
"30x19",0.0310029900855129,0.0889977994733311,0.0127991035025669,0.629155653986041,0.00602308466738544,0.0438111155712591,0.153882418518438,0.0184431636039143,0.0158846705915514,"BC23270_E2"
"11x19",0.0556219413491336,0.0706312073493041,0.0105080443924901,0.494570710027505,0.0129127068263234,0.064303553632141,0.199780062450769,0.0135882039485731,0.0780835700237612,"BC23270_E2"
"21x19",0.0105009867093663,0.0916054036661599,0.0198032711141507,0.61144842469591,0.00286629814607574,0.108606650762706,0.121038595145991,0.0082660863276395,0.0258642834320008,"BC23270_E2"
"29x19",0.0578227074119206,0.0611035195004061,0.00926464729216576,0.704651500541457,0.00327862352701545,0.0388858499899595,0.09359841192669,0.00910345891133081,0.0222912808990546,"BC23270_E2"
"15x19",0.0407907604036271,0.0878889792732985,0.00277245020721045,0.617057195488045,0.00246375719678486,0.114415599927407,0.114188689715702,0.0120580353138908,0.00836453247403503,"BC23270_E2"
"17x19",0.148058597728763,0.0603258535939316,0.0148142247216787,0.425820768844312,0.0136069817351084,0.0675225472757012,0.202533045001421,0.022515597902688,0.0448023831963956,"BC23270_E2"
"18x19",0.0721485548843235,0.0803752839400695,0.00202084895543119,0.552684291816523,0.00224963073389839,0.0905445338271964,0.176840445871687,0.0062570001191737,0.0168794098516968,"BC23270_E2"
"23x19",0.0201591434809956,0.0765896534588324,0.0287902151181599,0.659902252162729,0.00170381198198432,0.0663160381347361,0.133232316965791,0.00673088085564613,0.00657568784112566,"BC23270_E2"
"27x19",0.0166667290463124,0.079154991636197,0.00737207820944212,0.616287002093526,0.000802845656392003,0.0422027734300131,0.222557594209257,0.0102635222738546,0.00469246344500576,"BC23270_E2"
"19x19",0.135874457932993,0.0841382681001035,0.00680890918723098,0.552651136364943,0.00261870146735997,0.0462347594597726,0.162185174842886,0.00513897496670816,0.00434961767800259,"BC23270_E2"
"20x19",0.0187608665081951,0.102852891603529,0.0805903069379796,0.521520833606575,0.00223236159066105,0.0572095408125268,0.19095022579552,0.00749897560529729,0.0183839975397161,"BC23270_E2"
"28x19",0.00781095498014682,0.0481194451510412,0.0155912328511776,0.615526721097419,0.000868230951459144,0.0923756235763096,0.210982197513166,0.0062079514389755,0.00251764244030497,"BC23270_E2"
"9x19",0.00470818489782518,0.0246801861488353,0.0121684688405058,0.665335225108952,0.00502982468645618,0.0579091469620128,0.20028424356708,0.0115913284262779,0.0182933913620556,"BC23270_E2"
"16x19",0.0979405342987,0.0773693833036612,0.00970329048602258,0.537530019204446,0.00265546635652261,0.044241342787847,0.198707927598174,0.0173461898566368,0.0145058461079902,"BC23270_E2"
"24x19",0.0375947337646003,0.0611701819078311,0.0025061723148139,0.640823059513023,0.000323129072278979,0.0804242846679452,0.175146272842847,0.000857946604955543,0.00115421931170444,"BC23270_E2"
"25x19",0.0101509332360342,0.0650904836171583,0.00512688960327981,0.72320408230788,0.000273115396246378,0.0348272466406264,0.158607864358331,0.0022642458475123,0.000455138992931932,"BC23270_E2"
"13x19",0.014740070046524,0.0730238748965971,0.07015908447112,0.607772290107154,0.00271085889472285,0.0223650908237211,0.179567394472957,0.0243852590324915,0.00527607725471216,"BC23270_E2"
"26x19",0.0580442758768805,0.0122521130556013,0.0207806391966805,0.706085135439939,0.00152643652755315,0.0459425193499993,0.12723571426457,0.00653066279434053,0.0216025034944358,"BC23270_E2"
"12x19",0.0230184816058955,0.100949992375193,0.0116885187885939,0.506897321487769,0.0381712053358522,0.0911232857918732,0.104720789845206,0.0260220254619931,0.0974083793076242,"BC23270_E2"
"14x19",0.0200856915395771,0.0586831421255905,0.00698282082928981,0.542814636236776,0.00762049436350235,0.0155747851143745,0.255935977664706,0.0517615248869821,0.0405409272392014,"BC23270_E2"
"22x20",0.0100089234174394,0.0597721545521498,0.0136822987029086,0.745524715910071,0.000519993521393185,0.0382847759838386,0.116507655819483,0.00832313330404766,0.00737634878866808,"BC23270_E2"
"21x20",0.00659846750762425,0.0701638078700117,0.00269958024515427,0.653689307981525,0.00206001878088998,0.0894758057586199,0.166740621961092,0.00481520084342498,0.00375718905165743,"BC23270_E2"
"10x20",0.033161421490968,0.0416740613791678,0.00976482502304243,0.582740282359552,0.0261102009048473,0.0456678803214349,0.126531147753368,0.0244472877933512,0.109902892974268,"BC23270_E2"
"11x20",0.157788728011539,0.0468721805218801,0.0265174902464248,0.492938730887454,0.0176132917217542,0.0538405935437793,0.129117485065729,0.0382878789692416,0.0370236210321983,"BC23270_E2"
"19x20",0.0572350931516208,0.0853667272329049,0.0174478728536883,0.509529505667653,0.0118633229466917,0.0893753023308872,0.183175784389613,0.0137428254137771,0.0322635660131643,"BC23270_E2"
"20x20",0.0491961683116353,0.0934997573363287,0.00875651244672779,0.548753539232076,0.00563558287054591,0.0295509457459566,0.170812027275259,0.0206816487722055,0.0731138180092643,"BC23270_E2"
"29x20",0.132055344190481,0.080670852760453,0.00278232599882498,0.518848553180688,0.0158498886815208,0.0766901114326283,0.112809615720882,0.00369683529085698,0.0565964727436638,"BC23270_E2"
"18x20",0.0318310228460791,0.0331669269658325,0.00778769743832005,0.66125086349786,0.00532443849090461,0.0391679914556812,0.140332263923902,0.0229016197674214,0.058237175614,"BC23270_E2"
"27x20",0.0113134247415202,0.104108874668528,0.0245750028062285,0.507777226164546,0.00626165943061764,0.131079401070373,0.164310468899612,0.0343695691603807,0.0162043730581942,"BC23270_E2"
"25x20",0.0733800813544722,0.0808037438975864,0.00397532926843399,0.619980929709563,0.00118136178985411,0.0263210549330745,0.1804467767799,0.00652562360949589,0.00738509865761936,"BC23270_E2"
"16x20",0.0197023290836857,0.0551421665135324,0.0241726815012298,0.65127874854776,0.00165201975393146,0.0944729598299179,0.139707329484178,0.00510540642778868,0.00876635885797634,"BC23270_E2"
"28x20",0.00952545339991227,0.0632242696321376,0.0317083842367872,0.739886855271217,0.00165363443534375,0.0257524415175644,0.118757084963998,0.00485604429058918,0.00463583225244999,"BC23270_E2"
"14x20",0.086414071717085,0.0328312872480664,0.0144235800801331,0.577500123960694,0.00760336128156502,0.0820952903903495,0.165868933421278,0.00625533052554895,0.0270080213752809,"BC23270_E2"
"15x20",0.0126121536509237,0.0563017176364619,0.00535197894136927,0.677486653678184,0.00141896186560666,0.0647162563500826,0.156819021607103,0.0168791414473925,0.00841411482287607,"BC23270_E2"
"17x20",0.023747081593056,0.0612361654571943,0.0199348443447854,0.539163191828211,0.0340250500947537,0.0429702588479763,0.187414003043247,0.0108812721583732,0.0806281326324034,"BC23270_E2"
"23x20",0.0492497044656112,0.0921556001510774,0.0107777954509276,0.62020747984141,0.00544965581069011,0.0537772290483377,0.093752621806243,0.0112040022673105,0.0634259111583924,"BC23270_E2"
"24x20",0.0170830182969018,0.0521992778509074,0.00983741488343948,0.72644051163719,0.00755248477916028,0.0395622553765184,0.124907183556659,0.0124387888590092,0.00997906476021355,"BC23270_E2"
"26x20",0.0704065646165889,0.0464653196971229,0.00344005252159303,0.685388075088459,0.000370137449498302,0.0706032287091534,0.114200212934773,0.00839796029623741,0.000728448686574712,"BC23270_E2"
