"","Endothelial","CAFs","PVL","B-cells","T-cells","Myeloid","Normal Epithelial","Plasmablasts","Cancer Epithelial","sid"
"11x13",0.0233268573647184,0.0448289027838229,0.028507387676405,0.00599123112540403,0.0159428386564657,0.0491728520854495,0.0472868809386686,0.613205662422886,0.17173738694618,"BC23944_E1"
"12x13",0.0182813672906096,0.02614788003774,0.0128803745276433,0.0125222347879887,0.0378316047978429,0.0259245674516949,0.0378807383553654,0.692042593318126,0.136488639432989,"BC23944_E1"
"16x14",0.0259356725445912,0.0307050342697822,0.0133586485751766,0.000355094706957319,0.00123730725958293,0.0274310087995342,0.00556650907492519,0.781641241046897,0.113769483722553,"BC23944_E1"
"9x14",0.0156956267051964,0.0201017969490526,0.012250662402317,0.00062404098180599,0.00353991075378289,0.0478304661519476,0.00263139810635789,0.778099484349024,0.119226613600515,"BC23944_E1"
"10x14",0.0365007495049019,0.0429239404150692,0.0175235515142186,0.000522718239879777,0.00554066518581028,0.0313891383894784,0.0116518263574752,0.702884200830807,0.151063209562359,"BC23944_E1"
"11x14",0.0173316654906686,0.0342738432629158,0.0104849564404031,0.0217553283745077,0.0221635296795491,0.0468405577709265,0.0917753297616427,0.597554175215445,0.157820614003941,"BC23944_E1"
"15x14",0.0371259511826866,0.0902093658078635,0.0238419372289022,0.00356235386573639,0.0213805901901151,0.108108642170806,0.0214072992479957,0.514892143611098,0.179471716694796,"BC23944_E1"
"14x14",0.0293701763139711,0.035399761916422,0.0253566166491068,0.00282342021046772,0.00747124821223079,0.0542010161899779,0.0147420636465167,0.677083735859563,0.153551961001744,"BC23944_E1"
"22x15",0.0300128778265712,0.0581900563309042,0.0571803489043595,0.00585209489308989,0.0446480108967155,0.100980812169105,0.0128472955646856,0.525883848413793,0.164404655000776,"BC23944_E1"
"11x15",0.0302619343755777,0.0463437976612213,0.0244147866886608,0.00818742411026433,0.0261240836310074,0.0468714052627596,0.0166891534965164,0.650799051306665,0.150308363467328,"BC23944_E1"
"27x15",0.0301359551629501,0.0366210388802078,0.00958754577456973,0.000545230023631633,0.0046624127180834,0.0644269130116789,0.00785480339801904,0.700757216803792,0.145408884227067,"BC23944_E1"
"21x15",0.0402055111049373,0.0448600815559297,0.0304895951438739,0.0061530022150121,0.024103046854838,0.0646811829968249,0.0280524050945095,0.611329807730869,0.150125367303206,"BC23944_E1"
"25x15",0.0441126517112978,0.0416204750523317,0.0305442581598891,0.00881650141888188,0.0141704773337993,0.0914160929442137,0.0208943460958574,0.612552908782155,0.135872288501574,"BC23944_E1"
"26x15",0.0188298350942548,0.0268459326886134,0.00886461921811913,0.00136015603751862,0.006627881483912,0.0569493500200692,0.00933773458100549,0.70203754739604,0.169146943480467,"BC23944_E1"
"20x15",0.0563204956872493,0.0555700497370251,0.0240227323375204,0.0135050936322873,0.0205492270181857,0.0674152376639695,0.0233478918108183,0.576001702918981,0.163267569193963,"BC23944_E1"
"23x15",0.0269984790117251,0.0178549354411756,0.0121866692392271,0.00521075242261913,0.0450079994627255,0.0533092058173205,0.0138006590053271,0.658544447065796,0.167086852534083,"BC23944_E1"
"19x15",0.0235056066410426,0.0381855809910236,0.0471618839976766,0.00154400533196294,0.00934830306583711,0.0402805103841812,0.0136025443705969,0.645594671074885,0.180776894142794,"BC23944_E1"
"8x15",0.0165242953863835,0.0401972126444478,0.0105643338662122,0.00362955840915243,0.0160249688021091,0.0802047713556952,0.0301675074544546,0.625067477431436,0.17761987465011,"BC23944_E1"
"16x15",0.0369690037331737,0.0717239324728471,0.0312777651836501,0.00419321080716046,0.0112721543037179,0.0277132718140804,0.0242712257689997,0.637132049556925,0.155447386359446,"BC23944_E1"
"9x15",0.042568942238697,0.0420465556262056,0.0173718587130691,0.000738169878854896,0.0022491386485809,0.0483778356766202,0.0166698388664583,0.697987718286522,0.131989942064992,"BC23944_E1"
"15x15",0.0577919986321396,0.0507713371430948,0.0116645662596462,0.00233624170349328,0.0116594365973099,0.0488486058062022,0.0164552905388862,0.58611178245792,0.214360740861307,"BC23944_E1"
"17x15",0.0155420795778376,0.0381327123836941,0.023636191713662,0.000381250140692709,0.00461166869968916,0.062157133985073,0.00702532549937595,0.749652982255958,0.0988606557440178,"BC23944_E1"
"14x15",0.0208930437173278,0.0806674557992786,0.0233271461845249,0.00180683520717104,0.00775372966649706,0.0331697218295707,0.0102437568471165,0.678053196757568,0.144085113990946,"BC23944_E1"
"24x15",0.0323053234215598,0.058093660181176,0.0187571909918284,0.00583844501419972,0.00539840488904581,0.108268309193828,0.0115796342039762,0.55791516784384,0.201843864260547,"BC23944_E1"
"10x15",0.0236885616050902,0.0660571075385848,0.018708985545957,0.0020944677588675,0.00405790686574072,0.0524565284108218,0.00601808671877032,0.695307415171215,0.131610940384953,"BC23944_E1"
"18x15",0.0465900585489776,0.0363249995426511,0.0184873588624103,0.000256367340539081,0.0022676327152933,0.0347024320300457,0.0542110572154169,0.605702780350396,0.20145731339427,"BC23944_E1"
"12x15",0.0764074859580837,0.0680964578290538,0.031869762867526,0.00329108113994317,0.0100706709433822,0.102003569261746,0.0116142925511968,0.542916039540662,0.153730639908406,"BC23944_E1"
"13x15",0.0376174103567284,0.0561945320076608,0.028999140911358,0.00171439475010413,0.00433184927404009,0.0512556504664594,0.00705822123590339,0.648419110133777,0.164409690863968,"BC23944_E1"
"22x16",0.0117011039676248,0.0371740689565498,0.0127614464174942,0.00916766941611158,0.00908249015150096,0.0440199490788113,0.0347737362749403,0.682725736744776,0.158593798992191,"BC23944_E1"
"21x16",0.0385155643631909,0.0351989011740668,0.0616896512446386,0.013162229634383,0.0149899520239915,0.0481056518279004,0.0332716142931299,0.589606800462433,0.165459634976266,"BC23944_E1"
"27x16",0.0889899512880821,0.0477444713558016,0.0322988153472625,0.0166084373903438,0.0511315245866302,0.102803970853639,0.0337271542574209,0.441672054740233,0.185023620180587,"BC23944_E1"
"11x16",0.0309199809615672,0.0266556476394802,0.0342167148589754,0.00266252327644956,0.0205053562735769,0.0742416723215184,0.0402368642985512,0.549414416047351,0.22114682432253,"BC23944_E1"
"17x16",0.0201895119709011,0.0215649951101509,0.0135587834244233,0.00773962499155953,0.0294901979135758,0.053087528250245,0.0143421172310911,0.666245115646827,0.173782125461226,"BC23944_E1"
"20x16",0.032361708921875,0.0284181225702039,0.027248971514921,0.00296349551300046,0.022287476627131,0.0555045885297982,0.03666797754983,0.626753436079884,0.167794222693357,"BC23944_E1"
"10x16",0.0470329443066384,0.0451170351917389,0.0309880986840345,0.00470201029526239,0.0154689681213085,0.0779013350638984,0.0100467778544652,0.620839604826617,0.147903225656036,"BC23944_E1"
"26x16",0.0211097925581513,0.0395694421938481,0.0148041122886854,0.00105821300596672,0.0122366936468202,0.123769578178318,0.00766971213746118,0.617770417259163,0.162012038731585,"BC23944_E1"
"16x16",0.012409211042731,0.0405381234836067,0.019900150322351,0.00547714359426383,0.0122606524483292,0.0469128096103372,0.0101325558914409,0.683021359905912,0.169347993701028,"BC23944_E1"
"18x16",0.0775413752441501,0.037574706404635,0.0295249460901132,0.00441671514181603,0.0381601945595735,0.0385165635362138,0.00698899095405576,0.61923159154074,0.148044916528702,"BC23944_E1"
"25x16",0.0355945483351116,0.0413522423284627,0.0305403454060288,0.0016998911647721,0.0303930587477602,0.0883603458224859,0.00877284633037285,0.615999761449835,0.147286960415171,"BC23944_E1"
"24x16",0.0402132748241158,0.0400173402845448,0.0153931638158246,0.00330125563395732,0.0342197467092051,0.073020302937864,0.00828852637161428,0.684524665487905,0.101021723934969,"BC23944_E1"
"23x16",0.031057081852835,0.0346254834778242,0.0324594967763899,0.00356560076516219,0.0153440184656941,0.0831873060269575,0.0160539472045629,0.664923851388468,0.118783214042107,"BC23944_E1"
"9x16",0.0287584708314929,0.0390388366729407,0.0209633445643928,0.0072690094483647,0.0257293525701499,0.048878938772703,0.0324906617719998,0.625667207640604,0.171204177727352,"BC23944_E1"
"12x16",0.031293860875167,0.0569894879888274,0.0234540212900166,0.00391181554842181,0.0127516319387541,0.0776051216915381,0.0115069818567494,0.613259198521557,0.169227880288969,"BC23944_E1"
"15x16",0.0219985628435476,0.0257005440936534,0.057801563459427,0.00782557173781918,0.00923754040362604,0.0843473264210259,0.0139124923389963,0.631759806393959,0.147416592307945,"BC23944_E1"
"13x16",0.0518985916711566,0.100693840823538,0.0310815420410069,0.00708258139192711,0.0125280567528145,0.0733169703896481,0.0049040175750914,0.544074062486078,0.17442033686874,"BC23944_E1"
"7x16",0.00401745733926684,0.0231747425311503,0.0152175782355291,0.000748267113327758,0.000900803739161199,0.0538665447757838,0.0165061034601348,0.668227872101042,0.217340630704604,"BC23944_E1"
"8x16",0.00938106556089433,0.0353843764908001,0.0222840388975435,0.00305694634252829,0.00487790466834501,0.0353052534557483,0.0118066945476195,0.731236117167068,0.146667602869453,"BC23944_E1"
"14x16",0.0123135805199347,0.036567255939238,0.00934392607476349,0.00249170577204844,0.00451710409075062,0.0262027852876051,0.0113353220586746,0.725590539795121,0.171637780461864,"BC23944_E1"
"19x16",0.0201909035967594,0.0508541748607456,0.0157980262356613,0.00716022975947286,0.00742796234586211,0.0373456944267708,0.0180397087140926,0.67618044164326,0.167002858417376,"BC23944_E1"
"22x17",0.00966390745005185,0.0149764603183063,0.0127751228769334,0.00197380286318519,0.00513513166852283,0.020011966384842,0.019465051464361,0.776249760120218,0.13974879685358,"BC23944_E1"
"28x17",0.107172451622029,0.0259765813987132,0.020076541184178,0.00121078702302392,0.00804247449590436,0.0696908804233489,0.0225672612396311,0.545578088628914,0.199684933984257,"BC23944_E1"
"27x17",0.11296783469248,0.0281435457537885,0.0266994989523178,0.0014195390443482,0.0228760822564582,0.0906161465465045,0.0173996151929447,0.503899273107964,0.195978464453195,"BC23944_E1"
"11x17",0.0612640410490807,0.0499349920411331,0.0234782328056779,0.00711156597096383,0.0235140279472828,0.0452304790889048,0.0277546351925358,0.613257388308871,0.14845463759555,"BC23944_E1"
"26x17",0.0280953598800598,0.0396437591479168,0.0230450519086178,0.000469316097703226,0.00943377583591391,0.0633707875455554,0.0100853212874012,0.549851034958597,0.276005593338235,"BC23944_E1"
"20x17",0.0360932926303156,0.0370716967016263,0.0281309366345337,0.00356269875996318,0.0256298126180195,0.0575307901212217,0.00519383269580348,0.636366634143737,0.17042030569478,"BC23944_E1"
"9x17",0.0436645204208221,0.0472163104550023,0.0429808031839082,0.00271686073482626,0.0265687985926053,0.0239085611379654,0.0151709358932494,0.661345313082249,0.136427896499372,"BC23944_E1"
"18x17",0.04606432819964,0.0268421875721891,0.0497192771539404,0.00216274473861095,0.0138385775171688,0.0600236777830744,0.0183334184362225,0.658916652595099,0.124099136004055,"BC23944_E1"
"21x17",0.0199709313713586,0.0392310213729262,0.0223389995369893,0.00602735427048813,0.00802618615969425,0.0292590352982381,0.0205165927869321,0.685326654869496,0.169303224333877,"BC23944_E1"
"16x17",0.0626089132937201,0.0426273275726349,0.0257452464260422,0.00523189178218027,0.0273166864904434,0.0633480678255737,0.00804040178164426,0.571326441885974,0.193755022941787,"BC23944_E1"
"19x17",0.0648853381518455,0.0461167119284205,0.0303257954010462,0.0115094560856828,0.0672357617943203,0.0527641976750227,0.0142287645679617,0.55495953932738,0.15797443506832,"BC23944_E1"
"15x17",0.0279607577930169,0.047319538177703,0.027734621170816,0.00406081967039785,0.00606422814322957,0.0368633046377889,0.0200686660358189,0.637909354714864,0.192018709656365,"BC23944_E1"
"17x17",0.0445286760776257,0.043478726874017,0.0327821259337362,0.0032626762430494,0.0105175452883491,0.0605401925495682,0.015119319639918,0.638143103573445,0.151627633820292,"BC23944_E1"
"8x17",0.0461973925354912,0.0518564917533983,0.0105820621955352,0.00127053141219607,0.00562720223349486,0.052491306848022,0.0175746565870043,0.687955681535636,0.126444674899222,"BC23944_E1"
"10x17",0.0527564655085606,0.0389236298411542,0.0386702353377559,0.0133178836020946,0.013057083477375,0.105985329572729,0.00980595753179162,0.544166172610589,0.183317242517949,"BC23944_E1"
"7x17",0.013552251995311,0.0367465042056116,0.0202798136630488,0.0068329748975567,0.0179491890521734,0.0191185480095183,0.0246649024100751,0.69636340397894,0.164492411787765,"BC23944_E1"
"25x17",0.0252400669214415,0.0459317402651117,0.0204201169477301,0.00234984865810038,0.015139145255636,0.0740512536082431,0.00456016340206757,0.654976585782441,0.157331079159229,"BC23944_E1"
"23x17",0.0416499686041781,0.0322814441437821,0.0274951355312628,0.00414219876614587,0.0103570881719296,0.0955227662983622,0.00954276140173293,0.655031805668434,0.123976831414172,"BC23944_E1"
"24x17",0.0535268075456778,0.0563083148865559,0.0395201334153489,0.00304595936208511,0.0180867402274266,0.0930655783521475,0.0270545591526628,0.558045779636778,0.151346127421317,"BC23944_E1"
"13x17",0.059124458580743,0.0474887985582451,0.0259300041372957,0.00465912231448501,0.022125075662822,0.0632536841076599,0.00782921831449504,0.546418772564486,0.223170865759768,"BC23944_E1"
"12x17",0.0374030160117334,0.0403647898978732,0.0222195728969541,0.00574278492071861,0.0248898910211255,0.0554828963313745,0.00526819551686606,0.69711005353171,0.111518799871644,"BC23944_E1"
"22x18",0.0208066242103695,0.0394300314518248,0.0152333263547705,0.000635789760233679,0.00553170101891104,0.0407860766536686,0.0113898420083604,0.723238498791758,0.142948109750104,"BC23944_E1"
"11x18",0.018423903276416,0.0461959774233636,0.0154949288331863,0.000486951522945244,0.00329066318731742,0.0534134510725083,0.0126168320246003,0.70337078501521,0.146706507644453,"BC23944_E1"
"28x18",0.0409071107082901,0.0518753309442482,0.0238370773703004,0.00186861690175277,0.00968074504692903,0.0511277679449652,0.0247038759868716,0.541459580355869,0.254539894740774,"BC23944_E1"
"20x18",0.0281431035624514,0.0355952054145713,0.00701624385167494,0.00425309904211689,0.00585185031132297,0.0582354696565719,0.00776846941861145,0.732131595407626,0.121004963335053,"BC23944_E1"
"26x18",0.0307405031849471,0.0337810512108586,0.0130858879824428,0.000796832263265519,0.00868827961597899,0.0651568500554853,0.0303434265565607,0.546996780302241,0.27041038882822,"BC23944_E1"
"27x18",0.0345947638310573,0.0258040298500208,0.0208468520614589,0.00226792791058989,0.0138667782220815,0.0390637431814864,0.0278368959481439,0.49150328433868,0.344215724656482,"BC23944_E1"
"10x18",0.0449584155782881,0.0896723967639635,0.0397920271861644,0.00133909381067171,0.02199463855503,0.088760082355912,0.0242218239026817,0.503381051364308,0.185880470482981,"BC23944_E1"
"25x18",0.0244395673745455,0.0543473012787739,0.0242861704913178,0.00271149214918742,0.0126771072792376,0.0832123079515542,0.0267194722325692,0.550945280411387,0.220661300831427,"BC23944_E1"
"16x18",0.0616549155316301,0.0470896774366987,0.0124823435511199,0.00182808445857993,0.00518956839858594,0.0696289397975728,0.00580969517020513,0.633644319655115,0.162672456000492,"BC23944_E1"
"19x18",0.0365817722663867,0.0163878947351461,0.0143439411916671,0.00416856152064183,0.00683070903058426,0.0375701764240102,0.0217178557540266,0.688797870770303,0.173601218307234,"BC23944_E1"
"15x18",0.067050589126872,0.0302598946702108,0.0213209875421508,0.00359280736916568,0.0189953916522954,0.0750580374357949,0.0108686645903724,0.629738270349884,0.143115357263254,"BC23944_E1"
"17x18",0.0298641178554663,0.0551593921433771,0.0275507366466348,0.00160848477060356,0.00692454210029106,0.0494969216093264,0.00796793881870719,0.658297521583441,0.163130344472152,"BC23944_E1"
"9x18",0.0118440102355805,0.0205441255191002,0.016124267721914,0.00065347344595283,0.003314371660507,0.0349395568332865,0.0105892817301729,0.822385054109356,0.0796058587441304,"BC23944_E1"
"21x18",0.0273867294023714,0.0633105150300607,0.0215320399119221,0.00184436033323258,0.00471907670064351,0.0585157563768869,0.00893918018402702,0.627491836773264,0.186260505287592,"BC23944_E1"
"23x18",0.0306211424237675,0.0221434948209254,0.0112854536720699,0.00321773192692898,0.00971578287015987,0.0548154905675247,0.010312356558706,0.626060831706959,0.231827715452959,"BC23944_E1"
"14x18",0.0277815823779485,0.0302866007349891,0.0176397615614881,0.00371519329940927,0.00572521676340858,0.0414928803228815,0.00587661522274701,0.76680877825075,0.100673371466378,"BC23944_E1"
"24x18",0.0195297277550128,0.0378494662400219,0.0150618736618782,0.000960627949653294,0.00398914555171802,0.0620297248133131,0.0225261648950881,0.649548269533249,0.188504999600066,"BC23944_E1"
"8x18",0.0528638271527178,0.0723279326817803,0.0226430637371089,0.00567462115841152,0.00958779563325574,0.0690654464990783,0.0109109954494974,0.578599220008126,0.178327097680024,"BC23944_E1"
"7x18",0.0123990865934016,0.0632649396113749,0.0245018862265765,0.00588729542124013,0.0115305562627409,0.0637360792098317,0.0289798049243698,0.599881210762605,0.189819140987859,"BC23944_E1"
"13x18",0.0530501583747142,0.0357689795360408,0.0177979686468314,0.00233186403468395,0.0103055385987812,0.10361418547046,0.0216906453655288,0.581154313941703,0.174286346031257,"BC23944_E1"
"12x18",0.04652377021875,0.0388350670993444,0.0309031150525296,0.000975648194530711,0.00530584725643603,0.0540712923727724,0.0144625264029581,0.654273079344343,0.154649654058335,"BC23944_E1"
"12x19",0.0480818477726267,0.0429333981418864,0.0303267722327587,0.0010544628777309,0.00404150281382339,0.105558924303458,0.006616274140775,0.563758125327864,0.197628692389077,"BC23944_E1"
"11x19",0.0161653422744713,0.0307788709571928,0.00881802062296649,0.00195953752538019,0.00896236000179675,0.0593183239512777,0.0171855552034418,0.659171832565228,0.197640156898245,"BC23944_E1"
"22x19",0.0404411132162644,0.0438400272847599,0.0227092009283413,0.00102235025551817,0.00623935894043284,0.0420555320146187,0.0148685987280913,0.63099618499049,0.197827633641484,"BC23944_E1"
"17x19",0.0720454163715416,0.0323950618299681,0.00634292659839495,0.000774134732137882,0.00875398969749318,0.0478518608525594,0.0278369973625055,0.628667986344989,0.175331626210411,"BC23944_E1"
"27x19",0.00995460530950393,0.021446473268823,0.0197051222177357,0.000530283538531904,0.00445849353983082,0.0318077658474072,0.0223339934129814,0.527536629248174,0.362226633617012,"BC23944_E1"
"7x19",0.035279606744221,0.0556565340632596,0.0450718554149677,0.00636868683991778,0.0210960207993496,0.0760105653611089,0.0167114462990611,0.555692524553194,0.188112759924921,"BC23944_E1"
"28x19",0.0434024413809476,0.0428346556626438,0.017519178678467,0.00713817476534008,0.0250965938653616,0.128536011492747,0.0181360842626052,0.357582288664261,0.359754571227627,"BC23944_E1"
"25x19",0.0321602914141099,0.0475559434502226,0.0138195599983522,0.00306956402565534,0.00975625722783912,0.0474240035901415,0.037896408440935,0.559691440648996,0.248626531203748,"BC23944_E1"
"21x19",0.0305966288953694,0.032863289006663,0.0141705673869443,0.00130434594795283,0.00475552366485793,0.0469005389693677,0.00789850206439909,0.749103001183695,0.112407602880751,"BC23944_E1"
"26x19",0.0322056506398792,0.0346148972273608,0.0299389137545418,0.00101263261199985,0.0041959424133615,0.041108342550393,0.02092831853411,0.59204868783149,0.243946614436863,"BC23944_E1"
"19x19",0.0215796115853049,0.0261149144934598,0.00946093113075617,0.00223481404536279,0.00398752315873442,0.112993907964161,0.00638679430289445,0.666676940493267,0.150564562826059,"BC23944_E1"
"8x19",0.0561370678782836,0.0302208739865232,0.022090653290159,0.0128681328219002,0.0252937307550339,0.0718444067979602,0.0277329791111332,0.582134452712703,0.171677702646304,"BC23944_E1"
"18x19",0.0390262438249147,0.0613611035578165,0.0248553938690497,0.00248695142389244,0.0126466707949289,0.0678721496354389,0.0158706764011578,0.610432962712951,0.16544784777985,"BC23944_E1"
"20x19",0.0245510975197614,0.0487291371185721,0.0254883297293804,0.00307929862821553,0.0147329297970199,0.0626829486058905,0.00863514360768053,0.650154899433854,0.161946215559626,"BC23944_E1"
"15x19",0.0287318446474946,0.0606774098560136,0.0240546106811855,0.000342083893546869,0.0099218995779527,0.064192748557652,0.00310554569224187,0.633552937939668,0.175420919154245,"BC23944_E1"
"9x19",0.0311755045260888,0.0493440884951724,0.0404146127154541,0.00767788122321779,0.0218881155108379,0.0527366159002901,0.0450660279019819,0.560688675372414,0.191008478354543,"BC23944_E1"
"16x19",0.0202830311539379,0.0234460060716411,0.012543938105337,0.000660603581613069,0.00329347107914841,0.030278749788478,0.014651529855082,0.723946889831458,0.170895780533304,"BC23944_E1"
"23x19",0.0127143014825038,0.0372431493731521,0.0264899016662303,0.00292833877222663,0.00711440833964187,0.0442272932752544,0.031303574258068,0.625786286481608,0.212192746351315,"BC23944_E1"
"24x19",0.0165244324821579,0.0230755181354871,0.00976035523030692,0.000508273176322044,0.00216569239942296,0.0235721647818252,0.0262946324740022,0.671126699227439,0.226972232093037,"BC23944_E1"
"10x19",0.0744782161965311,0.0278114359819913,0.0184205098319458,0.0173673562806558,0.0268774184589707,0.0442001982917437,0.0411077529222676,0.558030144576137,0.191706967459757,"BC23944_E1"
"13x19",0.0577374912350963,0.0647373227722492,0.0373915158295495,0.00228164753215277,0.00994448755993062,0.060597177482508,0.0275106058724838,0.564079994834636,0.175719756881393,"BC23944_E1"
"14x19",0.0247022084911888,0.0369035873146785,0.0115340316227772,0.00184646718721341,0.00589011229533992,0.0476542742758818,0.00890920100288882,0.741525323278649,0.121034794531382,"BC23944_E1"
"28x20",0.043052810554011,0.0377031404455949,0.022798191944659,0.00313872350220468,0.00623624133510275,0.0431772721587863,0.0404029021080832,0.561008854107648,0.24248186384391,"BC23944_E1"
"22x20",0.0159975231377073,0.0329017848376434,0.0206869817226893,0.00143677512825181,0.00547165862327952,0.0452659099892099,0.0233258203086409,0.680924189224367,0.173989357028211,"BC23944_E1"
"20x20",0.038236333418748,0.0208647491992072,0.0176293868264388,0.00338295985033452,0.0087181807698764,0.0754116858942978,0.00431517714960078,0.690587820371133,0.140853706520363,"BC23944_E1"
"27x20",0.017326188612976,0.0300319827503831,0.00964409820760482,0.000337450403092804,0.00193460863489464,0.0531952307470572,0.0111745195350403,0.633189390734616,0.243166530374335,"BC23944_E1"
"16x20",0.024887215010796,0.0206712892070685,0.0104443364366691,0.00387867589596072,0.00775603274895255,0.0433553608499498,0.0175708365386798,0.654263975889835,0.217172277422088,"BC23944_E1"
"25x20",0.0301550508256199,0.059470462740976,0.0152522267502046,0.00173142279907343,0.00612102169577893,0.0908284907425736,0.0245566741588129,0.538746908069031,0.233137742217929,"BC23944_E1"
"26x20",0.0120898867892851,0.0490650755938192,0.0129574686006886,0.000585594468051124,0.00502880970730065,0.0449031134155717,0.0332479463374934,0.606042864057457,0.236079241030333,"BC23944_E1"
"17x20",0.0141656648179619,0.033807770771351,0.00588977616885268,0.000622457656063926,0.00292131602899744,0.0238381312155979,0.00868355276852377,0.775810715053819,0.134260615518832,"BC23944_E1"
"19x20",0.0169156999768416,0.00993524325719765,0.0159193511775794,0.00197853326218326,0.00480687599837899,0.0446784834499729,0.0125531282727045,0.726379040358756,0.166833644246386,"BC23944_E1"
"21x20",0.0329685606545792,0.0236508787811072,0.0269210157535686,0.00249525034328457,0.0192227762833391,0.0690677803020762,0.0289336233441368,0.612926136680166,0.183813977857743,"BC23944_E1"
"23x20",0.0233520169954722,0.0424677292147149,0.0209633562615547,0.00529754273361161,0.00814879033619379,0.0465939016585415,0.0158409660777634,0.587667543461982,0.249668153260166,"BC23944_E1"
"18x20",0.0183494038202234,0.0208152610890251,0.0120812450213465,0.00683150942927784,0.0112413722478309,0.0488125678118628,0.0271969708724739,0.747993338497448,0.106678331210511,"BC23944_E1"
"11x20",0.0647530618381742,0.0411309124651713,0.0426402192282176,0.0110186714556006,0.0188116260222129,0.0841291090695385,0.0226390174182339,0.537796465064794,0.177080917438057,"BC23944_E1"
"15x20",0.00948659960247186,0.0171456903123358,0.009151527706441,0.000360414521832616,0.00119343312371029,0.0284352644324196,0.00964784047033783,0.654433361001588,0.270145868828863,"BC23944_E1"
"9x20",0.0213315409620016,0.0185368924809891,0.00515531215628789,0.00119221894859655,0.00170146078276562,0.0483539123321985,0.047773947195066,0.68214233404256,0.173812381099535,"BC23944_E1"
"14x20",0.0204186616681079,0.0227985855961739,0.0201126551842646,0.000947170841271952,0.00271942568806116,0.0383864159193554,0.0235249291624124,0.66788138220007,0.203210773740283,"BC23944_E1"
"24x20",0.0115098216996269,0.0321422693255347,0.0129530001635534,0.000122603007563802,0.0012652898829366,0.06372026721752,0.00411696853105086,0.728925485832602,0.145244294339612,"BC23944_E1"
"12x20",0.0170816297328734,0.0315916637714949,0.017894621841996,0.000443129191424886,0.0014384371168073,0.0391415708375939,0.00400576729857703,0.763812431597043,0.124590748612189,"BC23944_E1"
"10x20",0.0126570919101913,0.0209316263339485,0.0187990823459521,0.0045349340018058,0.0223640048333821,0.052233824633545,0.0109359854106559,0.717398954801683,0.140144495728836,"BC23944_E1"
"8x20",0.0424678866926198,0.0470629475730155,0.010501476685722,0.00127778700670715,0.00766427010310877,0.076935034309682,0.00453764356291814,0.673551628052345,0.136001326013881,"BC23944_E1"
"7x20",0.0378144183649482,0.0532999654739368,0.02877454517131,0.00301801078223022,0.0242102780217873,0.0808740280950663,0.0158303857072312,0.609605262359975,0.146573106023514,"BC23944_E1"
"13x20",0.0824573141129904,0.0404252433556667,0.0249387304001649,0.00205915882894195,0.0120531737372724,0.0688036834957532,0.0252940768647491,0.542962386342504,0.201006232861958,"BC23944_E1"
"22x21",0.0106809460896032,0.0310612457524717,0.0181406757444476,0.000270672504172503,0.00177356900760475,0.0311528933240998,0.0215308607552201,0.703022878456628,0.182366258365752,"BC23944_E1"
"20x21",0.0274061894175411,0.0278733073945121,0.0165284003991319,0.00318964568235132,0.00629118029675302,0.0583701990965759,0.0198341748399693,0.709181853559702,0.131325049313464,"BC23944_E1"
"28x21",0.0340254275669113,0.0706748454600545,0.0252223465090153,0.000654937379888734,0.0109424967334526,0.0530635720161758,0.0234897507955403,0.536128782238155,0.245797841300807,"BC23944_E1"
"21x21",0.0328231842308191,0.0617338618782084,0.0123808925250286,0.000866822910763334,0.00576388808661432,0.0999783519461334,0.0228587813615814,0.482568904107454,0.281025312953398,"BC23944_E1"
"11x21",0.0189565522458549,0.0283466010105162,0.0323923471176559,0.0019450093910321,0.00786106634325762,0.0613253386028852,0.0447731892969657,0.582603154037988,0.221796741953844,"BC23944_E1"
"19x21",0.0580628417406755,0.0507388050174958,0.028968580489998,0.00531427960507293,0.0083126017044934,0.0518220904310002,0.00541731147763391,0.632364824655561,0.15899866487807,"BC23944_E1"
"14x21",0.0192809447257429,0.0215102213628228,0.0145759910735986,0.00146146435363752,0.0105882882775507,0.0595252239907991,0.0221825807231475,0.652160080046622,0.198715205446079,"BC23944_E1"
"18x21",0.0293668349430865,0.036177325916255,0.0129284920201368,0.0022409019422762,0.00940385227739973,0.136963076485914,0.0270796431585981,0.437115373950515,0.308724499305819,"BC23944_E1"
"10x21",0.0325197782924898,0.0251604916883079,0.0278816970880216,0.00406181132268475,0.0235280912260813,0.067254034205756,0.0173274884220715,0.612700865836808,0.189565741917779,"BC23944_E1"
"27x21",0.0405398461754592,0.044822700296566,0.0216962797311295,0.000590922705999308,0.00554189987175394,0.0430046617850948,0.0226331254195737,0.633198201437081,0.187972362577343,"BC23944_E1"
"13x21",0.0382177568988023,0.0518246240202474,0.0215550784479536,0.00109021410983867,0.00551332962263393,0.0696567567926935,0.0245703168238,0.557929889864459,0.229642033419571,"BC23944_E1"
"25x21",0.0270971505632278,0.0360349706337711,0.0152078722721734,0.00105178849290049,0.0075481230357553,0.0541393011036519,0.0273973220627718,0.586220259001521,0.245303212834228,"BC23944_E1"
"16x21",0.0122859676698432,0.0229088525437298,0.0146806438758187,0.00015757930389179,0.00177643581410556,0.0206985035270187,0.0184660235084243,0.6435465718774,0.265479421879768,"BC23944_E1"
"15x21",0.0119598151886922,0.0201233860426306,0.00570630046008681,0.000583537955866301,0.00174854629184976,0.0460863888208769,0.0366325713081645,0.642894122320338,0.234265331611495,"BC23944_E1"
"17x21",0.0246831905620812,0.0363428201643592,0.0245048374417956,0.00701130958852159,0.0272164852192,0.0389575938676112,0.0199845035667964,0.571805945277413,0.249493314312222,"BC23944_E1"
"26x21",0.0447439163738168,0.0595054263933611,0.0325660899462409,0.0021218018940772,0.00687455276003563,0.0701017457477318,0.0189685621984896,0.502186951902501,0.262930952783746,"BC23944_E1"
"23x21",0.0269860222312763,0.0390427818522699,0.0140988152391222,0.00101955999033743,0.00319369618374973,0.0347684913271094,0.0232763023601779,0.636678840176849,0.220935490639109,"BC23944_E1"
"24x21",0.0176349622778858,0.0221294674712113,0.0117967847617196,0.00236181607017425,0.0055678430281311,0.0487092490441206,0.0383489476751087,0.573877767887937,0.279573161783711,"BC23944_E1"
"8x21",0.0507374625520908,0.0332843072988569,0.0172156815530829,0.00563800944602499,0.035418206947263,0.101425986361886,0.020498082741778,0.54948057647423,0.186301686624787,"BC23944_E1"
"12x21",0.0112034332362748,0.0132831378917446,0.00479748743421171,0.000202858599536068,0.00137970609769272,0.0563861091732652,0.0135868436360027,0.649801961765043,0.249358462166229,"BC23944_E1"
"7x21",0.0375148635861215,0.0442969161071155,0.0344671668633138,0.0029659734705856,0.0148589734811919,0.0559842323889759,0.018671203299423,0.574874325900167,0.216366344903106,"BC23944_E1"
"9x21",0.0403362483720199,0.0355840884858751,0.0147578384440774,0.00303013719615614,0.0151495019044796,0.058327194016546,0.0193099565214246,0.60451740982099,0.208987625238431,"BC23944_E1"
"22x22",0.0426398932753179,0.0394895027895402,0.0267974604689832,0.00150802943951446,0.0140344383235648,0.0467588954811301,0.0183952306589966,0.561078947070913,0.249297602492039,"BC23944_E1"
"11x22",0.0507256107140339,0.0314154711674725,0.0265207681386679,0.000512725296573108,0.0108476310876899,0.0579588623174688,0.0110334156149653,0.621766455042453,0.189219060620676,"BC23944_E1"
"12x22",0.00810768928223013,0.0159008322094062,0.00533887141722433,0.000315393540626337,0.00136998137602455,0.0444977360826328,0.0172179573762163,0.620435560562229,0.28681597815341,"BC23944_E1"
"19x22",0.047252014419862,0.0514596783867198,0.0603381656609201,0.0407789166908251,0.0610708357296612,0.0597398430233326,0.029618868398146,0.379333417299833,0.2704082603907,"BC23944_E1"
"28x22",0.0338755151357245,0.0457152183368119,0.0219441266035678,0.00286411475519483,0.007679696655014,0.0443291539132132,0.020528050267037,0.608927248927047,0.21413687540639,"BC23944_E1"
"16x22",0.0123602297107352,0.0476542061356916,0.0133445353701775,0.00108627756752313,0.00354596628016793,0.0380710228085021,0.019991505989479,0.616627180892603,0.24731907524512,"BC23944_E1"
"20x22",0.0531447901229303,0.0428749352825476,0.0177212929607301,0.00347734208307835,0.0169918567280756,0.0840567757350829,0.0268635494820542,0.577905771996463,0.176963685609038,"BC23944_E1"
"18x22",0.045667474905423,0.0529632474738556,0.0220419661583925,0.00402570316276577,0.00770134814648801,0.0664482249132955,0.0243686883943133,0.580064996840282,0.196718350005184,"BC23944_E1"
"17x22",0.028918348815709,0.0431845149028194,0.0224621387857537,0.0034757902030976,0.0166811525068204,0.0896037242389462,0.00590569957907725,0.521213059376178,0.268555571591598,"BC23944_E1"
"21x22",0.0371784912821909,0.0396744737716755,0.0166593392600789,0.000407122038070235,0.00524654060799306,0.0712075444076525,0.0146102628938802,0.667346880453992,0.147669345284467,"BC23944_E1"
"27x22",0.022955598529966,0.0374318014593786,0.0234556032893878,0.00190415217330837,0.0198512852201255,0.0502012930820735,0.0173034180935141,0.614897293917356,0.21199955423489,"BC23944_E1"
"25x22",0.0267341556953434,0.0307154276815932,0.0178957395283582,0.00174971447192962,0.00606186648569785,0.0571914077843927,0.0191346420324375,0.641056630428921,0.199460415891327,"BC23944_E1"
"10x22",0.0172454814971787,0.0541147229517341,0.00810281835198259,0.000194352960557083,0.0014172056156991,0.04192909247945,0.0277713119997247,0.633264776934424,0.21596023720925,"BC23944_E1"
"26x22",0.0438922302292542,0.0312851695813838,0.0202160237357298,0.000640525042904426,0.00393207461857606,0.062591744792584,0.0189252969609505,0.654020561755445,0.164496373283173,"BC23944_E1"
"8x22",0.0309265989351518,0.0503370875964066,0.0312933365265631,0.00254981657612991,0.00812508775479375,0.0935603584116648,0.0162661829694362,0.530353290634353,0.236588240595501,"BC23944_E1"
"7x22",0.0293421364473,0.0434124693072423,0.0229603461373482,0.00123013971261188,0.0036502325725261,0.0728280613884626,0.0157926954261307,0.588845751217923,0.221938167790455,"BC23944_E1"
"9x22",0.0295878169248553,0.0225549642602234,0.00776383833093485,0.0029169212505322,0.00560655111480892,0.0513352073286514,0.0174700132884426,0.535080555433246,0.327684132068305,"BC23944_E1"
"14x22",0.0571591905908044,0.0220637754939338,0.0160292743397141,0.00195779351550978,0.0130609161247193,0.0447713412757983,0.0142517676305156,0.638105046665799,0.192600894363206,"BC23944_E1"
"23x22",0.0588728425334512,0.0339716805960073,0.0150292052233256,0.000985173494346827,0.00441223893242657,0.0227042019394787,0.0149162911460552,0.630632329775364,0.218476036359545,"BC23944_E1"
"15x22",0.0209104703454725,0.0330438443562183,0.00957831691626254,0.000353178684001734,0.00159604206564087,0.0488464662385808,0.0174436090482964,0.555193904883231,0.313034167462296,"BC23944_E1"
"13x22",0.0280090950687351,0.0364511101448433,0.0141108488987169,0.000666621709923288,0.00228725263821115,0.0729850159980879,0.00748978139431374,0.549925857772048,0.28807441637512,"BC23944_E1"
"24x23",0.0231361741794012,0.0365354207626884,0.013612098334242,0.000848505341265607,0.00339735442208902,0.0432723011440806,0.0345126378462412,0.615190120229862,0.22949538774013,"BC23944_E1"
"22x23",0.0208720310111774,0.0350420639237476,0.00457314682369125,0.000162429768535323,0.00133319120588803,0.033906522876212,0.0225854978839276,0.642886425838187,0.238638690668633,"BC23944_E1"
"27x23",0.0429768354118918,0.0403310055646178,0.0173727099696293,0.0017909553147704,0.0121457372117455,0.057489883208557,0.0148968058927918,0.616911462686378,0.196084604739618,"BC23944_E1"
"20x23",0.0213890933350042,0.0270311551691124,0.0111917433401082,0.000782936974474925,0.00471964935856304,0.0455059832987285,0.0375660328656828,0.604593425967393,0.247219979690933,"BC23944_E1"
"28x23",0.0190329641225007,0.048022847883584,0.0132491696387832,0.00122985601676946,0.00648306446846857,0.0384232353111736,0.0167930597460981,0.693409219544789,0.163356583267833,"BC23944_E1"
"21x23",0.0296416025811503,0.0264867039029148,0.0146264365746574,0.00401519436995532,0.0215846190631209,0.0416459199957116,0.029664346096732,0.59484041871779,0.237494758697968,"BC23944_E1"
"11x23",0.0344792571887717,0.0291229522654129,0.00896557017084332,7.12338488562529e-05,0.00193278416590778,0.050175477758405,0.0062833230660408,0.634998725864073,0.23397067567169,"BC23944_E1"
"26x23",0.0205870210546313,0.0428076813354891,0.015869901403964,0.00516918941232746,0.00967898407456691,0.0387471937675928,0.0148200429859638,0.66383030555059,0.188489680414875,"BC23944_E1"
"25x23",0.0211905007024798,0.0651136772533944,0.0127371629408268,0.00106249595415235,0.00355470122828531,0.052244307095877,0.0160102089020674,0.540912990323146,0.287173955599771,"BC23944_E1"
"19x23",0.022962600761049,0.0184893574821686,0.013710060193228,0.000154674953568972,0.00168789434849702,0.0426261231983314,0.0131460814672032,0.707997037685442,0.179226169910512,"BC23944_E1"
"16x23",0.0232005652188504,0.0372248387607989,0.0257989285862412,0.00133366168312441,0.00232311016123415,0.0688041742116829,0.0205445675647912,0.515569701093891,0.305200452719386,"BC23944_E1"
"18x23",0.0244452827905498,0.0252518730407255,0.0119812278422999,0.000144274047418211,0.00156108252016216,0.0516632275033537,0.00228643269549367,0.780388257262646,0.102278342297352,"BC23944_E1"
"17x23",0.0317443958209231,0.0177934241026519,0.0119922684969539,0.000268239224024351,0.0080483635565395,0.0515063114198408,0.0223016714379909,0.643886869830676,0.2124584561104,"BC23944_E1"
"8x23",0.0451646337638922,0.0327511860841032,0.0297574742010979,0.00138489377918409,0.00847748020402921,0.0579045316806529,0.0193477615744761,0.601104381859935,0.20410765685263,"BC23944_E1"
"9x23",0.0259887692259857,0.0631329981816476,0.0239844021672755,0.000268948169880064,0.00424339376387168,0.0461847660934622,0.00809217144902159,0.642825799517071,0.185278751431784,"BC23944_E1"
"15x23",0.00810612431047374,0.0110823706905655,0.00464351175880755,0.000104962336029195,0.0013005242592374,0.0181109742963926,0.00595387379877645,0.790865341360513,0.159832317189204,"BC23944_E1"
"23x23",0.0361026519556579,0.0445678912640931,0.0107869788346618,0.00033646375113664,0.000818576222249175,0.0224417178056466,0.0173326764641361,0.653283946102408,0.214329097600011,"BC23944_E1"
"12x23",0.0640576474301767,0.0449434687594429,0.0115648632539563,0.00022638475308794,0.00251771373559963,0.0682705209784692,0.0147742964848826,0.611576948846884,0.182068155757501,"BC23944_E1"
"14x23",0.0570557043923317,0.05486756063544,0.0224663315648982,0.00117558717475364,0.00856480860956388,0.0307161968015419,0.0263361664804581,0.592765871273549,0.206051773067463,"BC23944_E1"
"10x23",0.043112195610392,0.0695893584921844,0.0208076868104956,0.000285556866165596,0.0048645595112011,0.0701463958873019,0.0433112303046496,0.508308698610555,0.239574317907055,"BC23944_E1"
"7x23",0.0235636346201702,0.0907484811263978,0.0149360017230426,0.00180177512026975,0.00419961150963727,0.0575832288108004,0.00862326422091953,0.678184707795918,0.120359295072844,"BC23944_E1"
"13x23",0.0428026360612243,0.033286097873863,0.0122592311555948,0.00130030668291769,0.0117199304375183,0.0346677232376619,0.0339539665250021,0.536746582451195,0.293263525575023,"BC23944_E1"
"22x24",0.0114631918248277,0.0485516617668181,0.0147676634707932,0.000691631159660664,0.00430168144595865,0.028112790049772,0.0131320241561786,0.705347052330376,0.173632303795615,"BC23944_E1"
"21x24",0.0216789152244032,0.0367215945225526,0.00648799868294469,0.000101523409770707,0.000798791224750772,0.0436235728238375,0.0113634307523195,0.650538890639052,0.228685282720369,"BC23944_E1"
"27x24",0.0160120504084011,0.0249317107850107,0.0120894199499675,0.00285364962160437,0.0159732814264551,0.0312498547547215,0.0499885216416321,0.665603626801635,0.181297884610573,"BC23944_E1"
"28x24",0.0392513386945954,0.0494049101764917,0.0223978665902475,0.000888952625776854,0.00505574117735423,0.0285168561516507,0.0105457201837242,0.731595815160775,0.112342799239385,"BC23944_E1"
"26x24",0.0202822336371129,0.0327234857178572,0.0160468919494303,0.00176790650279085,0.00421380190367373,0.0338796479938037,0.010492670224957,0.74312867823411,0.137464683836264,"BC23944_E1"
"11x24",0.0347025935254401,0.0475272120194896,0.0278246482029139,0.000894683228851322,0.00658152103568992,0.0344690446744423,0.0257623341167394,0.504860219542181,0.317377743654252,"BC23944_E1"
"9x24",0.032252934893732,0.0447224610710412,0.0161182200240185,0.000805580978625404,0.00924369118955215,0.090994285656397,0.0118328402257405,0.509023663218729,0.285006322742164,"BC23944_E1"
"18x24",0.00961050140446184,0.0439954298897025,0.00528230393982569,0.000106438110100549,0.00175343595616614,0.0273313700911011,0.0142201862649731,0.690598078759772,0.207102255583898,"BC23944_E1"
