"","Endothelial","CAFs","PVL","B-cells","T-cells","Myeloid","Normal Epithelial","Plasmablasts","Cancer Epithelial","sid"
"19x5",0.0018133719126722,0.262762855029919,0.00188511252439912,0.0280975070419766,0.00139296377039142,0.0819505421091806,0.0120100867795484,0.597728518372495,0.012359042459418,"BC23209_C1"
"20x5",0.00122365652486255,0.153075528925449,0.00135960480280649,0.0199543179646086,0.0148697349693716,0.138102355260549,0.000668594185500947,0.669849367182702,0.00089684018414994,"BC23209_C1"
"18x6",0.00424319779023838,0.000523200039453904,0.000239484338316056,0.104975806545419,7.45883846472358e-05,0.354743956737047,0.143986433966431,0.386568546864391,0.00464478533405729,"BC23209_C1"
"19x6",0.0100536481612515,0.157469502759612,0.0100615619132092,0.481023600251467,0.011550974218014,0.0349347482798865,0.00947463333040606,0.263536256723668,0.0218950743624859,"BC23209_C1"
"20x6",2.02282179844824e-05,0.110933622702816,3.15356073240785e-05,0.00580276788006476,0.000228920304227616,0.0429067910676505,0.00334607328248401,0.836515164171701,0.000214896765746847,"BC23209_C1"
"17x6",0.0877014499864845,0.112643460481321,0.0334147435946421,0.309888366099125,0.0311941175911089,0.047140966858109,0.045497206338728,0.112458663387177,0.220061025663305,"BC23209_C1"
"19x7",0.00135466539437612,0.317812275720225,0.00292474241626996,0.32728935533285,0.0155446091363571,0.0419910524007165,0.00146745983525002,0.286448918218045,0.00516692154591047,"BC23209_C1"
"18x7",0.00408914487811671,0.0703770059101317,0.00355290538751511,0.415320891561909,0.0389854620940721,0.176678361759436,0.0313112741609472,0.201132815361454,0.0585521388864184,"BC23209_C1"
"17x7",0.015024270755049,0.267457340923551,0.0190179719381354,0.146241255814855,0.0164219017279146,0.272795239285177,0.0327735612700399,0.207532660968447,0.0227357973168307,"BC23209_C1"
"20x7",0.000112599166195238,0.0764075274924848,0.000764411901461918,0.00224153790854869,4.29443873494339e-05,0.124688110229128,2.01508472276045e-05,0.79565119428337,7.15237842349084e-05,"BC23209_C1"
"16x7",0.0369790743364741,0.0896806094091583,0.01254267985949,0.35762358970193,0.0812318135506755,0.0820328163107761,0.136919990858251,0.0105927953785565,0.192396630594689,"BC23209_C1"
"20x8",0.00948275998570332,0.182389205832873,0.0139972032417453,0.0231745005832636,0.0024598142956963,0.114777186274028,0.00712491942229136,0.645250288187901,0.00134412217649907,"BC23209_C1"
"16x8",0.0218902287969469,0.131558766587537,0.0199567755053781,0.375791219723837,0.0191566697752043,0.0149869622656815,0.0854388975132881,0.0982333858107297,0.232987094021397,"BC23209_C1"
"19x8",0.0472912699014298,0.302463951671519,0.0188530696251691,0.242784770251751,0.0010794316379123,0.0946051256464694,0.0112554496736211,0.279788610719547,0.00187832087258185,"BC23209_C1"
"14x8",0.0279172600224743,0.0150295168410786,0.00810791367721231,0.275899380072563,0.0483365022151609,0.0291854300902035,0.224136903421685,0.109274739453513,0.26211235420611,"BC23209_C1"
"17x8",0.0314240236360862,0.15148461302853,0.0204693690716838,0.216548126372093,0.0089371903803629,0.337514907084363,0.0222381800145929,0.180793044010007,0.0305905464022809,"BC23209_C1"
"18x8",0.00881636947400234,0.192060010152111,0.00698538662681718,0.155728047556768,0.00629337155989368,0.14678608129843,0.00497839546691171,0.457738278867806,0.0206140589972603,"BC23209_C1"
"13x8",0.0367139333933472,0.0627889049154944,0.0173282515395839,0.045295692788239,0.0574738182069828,0.0101905009435178,0.467245911904344,0.022300907369201,0.28066207893929,"BC23209_C1"
"21x9",0.00685296948080853,0.257145607506962,0.0133785480230907,0.481003595634776,0.00785294347167622,0.0922253797153569,0.00125655550808496,0.138692272269619,0.00159212838962442,"BC23209_C1"
"10x9",0.0483846275051484,0.0165335046825997,0.0153360707164659,0.530081047027215,0.0970504277921897,0.00381314065957824,0.0823149861509826,0.0227093337058352,0.183776861759986,"BC23209_C1"
"20x9",0.0198810087239616,0.162752656900174,0.00920335149712507,0.60491458812418,0.0172162855389038,0.0428772615031191,0.00615533003975461,0.128571402538898,0.00842811513388421,"BC23209_C1"
"16x9",0.0200414139623024,0.145787902186279,0.00176395232366382,0.222389997441121,0.0249613401470649,0.232376961216419,0.214051738085158,0.0629034122189575,0.0757232824190352,"BC23209_C1"
"19x9",0.0205527479072974,0.21307825616424,0.0174352675771501,0.478975397158826,0.0141585973710582,0.0633898790756354,0.015037985012431,0.158986539649363,0.0183853300839991,"BC23209_C1"
"13x9",0.129166710462358,0.0516157731799876,0.0273366135747129,0.311806633524208,0.0140216065077826,0.0286649328198253,0.130754884706876,0.0172282694815818,0.289404575742667,"BC23209_C1"
"18x9",0.00345872875888275,0.291006644839604,0.015895506738319,0.123996851461582,0.00435494502402652,0.253522075217602,0.00272051279242535,0.295885215454048,0.00915951971351088,"BC23209_C1"
"15x9",0.0712492607395482,0.215023741683952,0.0283150670122176,0.200067023243469,0.0794194028234282,0.048655913141079,0.0858463848721735,0.0329035639253769,0.238519642558755,"BC23209_C1"
"17x9",0.00526410964499871,0.249233573337882,0.00545625316642074,0.35806147366165,0.017152143626916,0.169232345145677,0.00509555576273217,0.167087266120042,0.02341727953368,"BC23209_C1"
"12x9",0.0506637845708145,0.0920410295355644,0.0227759497365402,0.273865779476557,0.0153327630616854,0.00649140644120586,0.175589301057565,0.292281003263257,0.0709589828568093,"BC23209_C1"
"14x9",0.046224745609829,0.0794970842365523,0.0394791550053241,0.459198027350803,0.0219526058760532,0.109189805368422,0.0398814384175114,0.00733449658730789,0.197242641548197,"BC23209_C1"
"21x10",0.00180698600463193,0.312381292951648,0.00179670745362152,0.108955519205015,0.00318839757505423,0.0865005446439628,0.00415975614115741,0.479393152829244,0.00181764319566597,"BC23209_C1"
"20x10",0.0248365111638494,0.310919692800189,0.00787197857044405,0.250988961310323,0.003292112087129,0.150723088765593,0.00894155201699739,0.23738835566589,0.00503774761958537,"BC23209_C1"
"19x10",0.00243944361093719,0.360123768490452,0.0106107837399943,0.313993873723697,0.0463629377336936,0.112741839527075,0.0122336657750613,0.100063375184578,0.0414303122145128,"BC23209_C1"
"18x10",0.00221891034850796,0.299847922317909,0.00147394777031422,0.323973489194579,0.00649453315037054,0.0773644256152622,0.00530489591205285,0.276090635245373,0.00723124044563119,"BC23209_C1"
"9x10",0.00601875179820491,0.00760718032828078,0.00328910306749984,0.613788261463922,0.0671912156251775,0.00147553091832006,0.180913171517048,0.00800671027445697,0.11171007500709,"BC23209_C1"
"16x10",0.0217756692106305,0.136520362904042,0.00868511767245023,0.472200404160355,0.0289221122316633,0.0716210426239853,0.0893589559037742,0.0735040739239228,0.0974122613691768,"BC23209_C1"
"17x10",0.0488385930947368,0.258971607612366,0.0589193104593388,0.252338596537706,0.00478678670237973,0.111600417952329,0.0172641263986083,0.202952270199904,0.0443282910426301,"BC23209_C1"
"12x10",0.00895592959396408,0.101761085175202,0.0204294712391386,0.689300845051049,0.0221674941566162,0.00234673251565173,0.0205629987181632,0.091526516210157,0.042948927340058,"BC23209_C1"
"13x10",0.0729171994308694,0.228104370481715,0.0257106254433968,0.19016591468241,0.022675207962294,0.0792129006336505,0.0964147716375764,0.156381476497389,0.128417533230698,"BC23209_C1"
"15x10",0.0283020051162797,0.18034599979159,0.010416380554402,0.515633116682498,0.0524280832194293,0.0470689545477398,0.0297755342599892,0.0493579483474656,0.0866719774806068,"BC23209_C1"
"14x10",0.00847393895510949,0.123375693539662,0.0177139231213643,0.111580636232342,0.0124915798747926,0.221950320677878,0.105283949431012,0.274427860790304,0.124702097377536,"BC23209_C1"
"21x11",0.0242140727308041,0.160638495793898,0.0146461799169329,0.672539198727305,0.00480368393767892,0.0830728017587671,0.00111244839235835,0.036512589416402,0.00246052932585318,"BC23209_C1"
"8x11",0.0892119602181206,0.0579464839796917,0.029109282107154,0.168984418702003,0.0522194965221261,0.00809142863225198,0.287936739350528,0.130170265620173,0.176329924867951,"BC23209_C1"
"19x11",0.000106083545776557,0.182938004033388,0.00112859731208218,0.0999312966925439,0.000300081807786267,0.289845812151257,0.000380468290740572,0.424638997078149,0.00073065908827521,"BC23209_C1"
"20x11",0.0223339240131605,0.186356376821443,0.0663346254933414,0.463853184868683,0.0168832301893908,0.149674709526836,0.00492734026680793,0.0591534792147703,0.0304831296055673,"BC23209_C1"
"12x11",0.0902774735428879,0.138825377860001,0.0200171869328058,0.454710844663621,0.0280115291145232,0.0809760748848508,0.0239493047636169,0.0913055918646035,0.0719266163730895,"BC23209_C1"
"15x11",0.0115385433271586,0.130634285528861,0.0279315640907648,0.524887263925315,0.0551206296535115,0.00280944350963115,0.132962639053734,0.0173884286956621,0.0967272022153621,"BC23209_C1"
"18x11",0.00190877962191214,0.105773941750295,0.0691894052756445,0.035596319667443,2.6956964611811e-07,0.787183645545377,2.46498624838386e-05,0.000321533692915471,1.45501428353786e-06,"BC23209_C1"
"16x11",0.0134334135886984,0.618665222978396,0.0683651868659216,0.179736321816191,0.0101628366674586,0.0311697050041013,0.00334301647070839,0.0644246184444416,0.0106996781640827,"BC23209_C1"
"17x11",0.066716051975476,0.11561500282036,0.0138236005169304,0.470010769738795,0.0280638104100879,0.0602320808432521,0.116155703454081,0.026983978579339,0.102399001661678,"BC23209_C1"
"13x11",0.0184085981495631,0.112568436651442,0.0112637988665193,0.294990231599879,0.0181212092467342,0.0444771521676346,0.0293693523975138,0.397232192339054,0.0735690285816597,"BC23209_C1"
"14x11",0.00805424354268878,0.072316722801438,0.00884613163127233,0.454192251105059,0.0187069932545689,0.0057197192018431,0.307211023396235,0.00736424895655402,0.117588666110341,"BC23209_C1"
"21x12",0.033554438724347,0.142990861946881,0.0129019605063545,0.45121037773142,0.062721891096243,0.262534935057637,0.00242811906432828,0.0259719235586591,0.00568549231413035,"BC23209_C1"
"22x12",0.0151043478543256,0.143085192193631,0.038268224979103,0.441611273920669,0.0320471086602688,0.198935434313576,0.0143394607655194,0.0773820936602695,0.039226863652638,"BC23209_C1"
"12x12",0.00133232321972906,0.174556662692679,0.000981558899732018,0.409159026402623,0.0153999129135119,0.00464991335340784,0.0204178001822876,0.345682895011637,0.0278199073243925,"BC23209_C1"
"4x12",0.0934641682283995,0.0184561476884728,0.0101820441673024,0.144343219656554,0.0291852679938625,0.021262598332564,0.306749339377745,0.0747258941925861,0.301631320362514,"BC23209_C1"
"10x12",0.080100222712597,0.092689849893085,0.0303806076562486,0.352111590786313,0.131605019463353,0.0318488276082376,0.0581661408465609,0.0479438595062071,0.175153881527397,"BC23209_C1"
"11x12",0.0132302312261421,0.278505558799258,0.0184811353640406,0.350014163323287,0.00871356836868272,0.0723390063261275,0.0610443382020073,0.110802286868977,0.0868697115214783,"BC23209_C1"
"20x12",0.00711238333091367,0.383006755146821,0.0146133595797178,0.151457954788147,0.0203814403084831,0.391149845876215,0.00141661051908375,0.0189929117060023,0.0118687387446166,"BC23209_C1"
"19x12",0.000353146863176276,0.154588760411298,0.00896092633157943,0.0839657697605453,1.68455397810661e-05,0.70571052994364,0.00402574536187902,0.0411452053063573,0.00123307048174309,"BC23209_C1"
"9x12",0.0467995664153842,0.0680677189155885,0.00369660653677192,0.599087036362691,0.0669820111957184,0.0169481586149445,0.028393880534694,0.00719831930274321,0.162826702121464,"BC23209_C1"
"16x12",0.0230470242492474,0.176829281785434,0.0184029994778876,0.13743903969995,0.0216795862596663,0.0483283335851483,0.07199893626489,0.253338218039893,0.248936580637883,"BC23209_C1"
"5x12",0.153887903904772,0.0896527100364004,0.0567275209374712,0.489517236428321,0.0222743797853745,0.0212656409581607,0.0206910084533387,0.0410233391193356,0.104960260376826,"BC23209_C1"
"18x12",0.0714005696134785,0.329398184175667,0.077309331641246,0.0243629810643137,5.96751648621007e-05,0.371364159957188,0.118101623973151,0.00205712478586992,0.00594634962422393,"BC23209_C1"
"13x12",0.029199533936582,0.235865865701636,0.004298948981819,0.395662126718731,0.0239547257977726,0.0233328533542455,0.0521985992742297,0.076868842395914,0.158618503839069,"BC23209_C1"
"15x12",0.0142354262486472,0.2841735025844,0.0243852553281429,0.339388896415658,0.0944308196640931,0.00920864427016521,0.0334922925335792,0.0228122387895831,0.177872924165732,"BC23209_C1"
"17x12",0.0107880063105783,0.478499121167364,0.01333734517467,0.202328576274089,0.0418123944664713,0.01334813098112,0.0707728263641744,0.00511160754003139,0.164001991721502,"BC23209_C1"
"14x12",0.0293286060289583,0.290963583329684,0.0257124110307659,0.418329287679012,0.0236741039138626,0.00997640394099015,0.0796544441163299,0.0108672813938333,0.111493878566564,"BC23209_C1"
"7x12",0.0131529722534693,0.129360016571877,0.0133930831703366,0.112055983621374,0.00491190198863423,0.0062739225053882,0.0699872779218234,0.620662712484762,0.0302021294823356,"BC23209_C1"
"6x12",0.0247528278852295,0.0677731229869096,0.00850768967623017,0.387436155663202,0.017796477189485,0.00527358471480987,0.0290228625645018,0.389047972352961,0.0703893069666714,"BC23209_C1"
"8x12",0.0259320344830386,0.0778593212184929,0.0211983253250925,0.564135037769681,0.0505768054965062,0.00557302925439021,0.130772203792481,0.0102731613850131,0.113680081275304,"BC23209_C1"
"3x13",0.0342122036691325,0.074913458957595,0.0194045572594822,0.561302678860079,0.0815227800182671,0.0120377710226845,0.0615550069080641,0.0456546196582754,0.10939692364642,"BC23209_C1"
"11x13",0.0708920005441427,0.26941672061013,0.0783570428472688,0.0203262904564158,0.00973991560216845,0.0940762405076658,0.0557503442666647,0.343551044583673,0.0578904005818705,"BC23209_C1"
"22x13",0.021487130068696,0.214246576237989,0.017045845213026,0.0341058411406738,0.00702632167045383,0.257459697670279,0.00932069316980251,0.410605871678798,0.0287020231502826,"BC23209_C1"
"10x13",0.0837225204797661,0.130058747842978,0.028578754009441,0.390158607676571,0.0215637294723614,0.00966574304141574,0.0866011630689707,0.0543756299699964,0.1952751044385,"BC23209_C1"
"20x13",0.0516283842139404,0.238192158200578,0.034816618448877,0.271485844092873,0.0100561502137806,0.288486551538554,0.00872590808443569,0.0500971839181576,0.0465112012888036,"BC23209_C1"
"21x13",0.0283143184588897,0.37978742843811,0.0175572867732971,0.1788632533075,0.018147974497905,0.350748915429323,0.0063405745287329,0.0030855996898976,0.0171546488763452,"BC23209_C1"
"16x13",0.0230168118957191,0.167565246819635,0.0318785260702137,0.114572325311943,0.0849765468246119,0.144181250656116,0.0432962497174559,0.0678070022166998,0.322706040487606,"BC23209_C1"
"6x13",0.0032772813411099,0.0554467589608864,0.00353711999914961,0.625400855697356,0.0311442667946545,0.00136111978726046,0.0182369681794456,0.211393479285484,0.0502021499546539,"BC23209_C1"
"18x13",0.000603702984710405,0.304197550874054,0.0027600916387839,0.503128278651424,0.0278410777191225,0.126042289416106,0.00241279421698358,0.0138384505090127,0.0191757639898033,"BC23209_C1"
"19x13",0.0206068253740965,0.247375056796046,0.0228218219667067,0.274430301728816,0.0341675902431503,0.213706334815423,0.0187818034900841,0.0784093827454508,0.0897008828402268,"BC23209_C1"
"5x13",0.0116609665146231,0.13483914672687,0.0127454713063396,0.552665271708328,0.013643625667785,0.00356839825713303,0.0691924361203096,0.17415557451731,0.027529109181301,"BC23209_C1"
"8x13",0.0243545522892322,0.0823511876343713,0.0132461780657889,0.603861130977118,0.0599420978170912,0.00116961240624324,0.0672295117267752,0.0231796643841481,0.124666064699232,"BC23209_C1"
"12x13",0.0212399349093645,0.177115217983638,0.020858352622804,0.571401195267183,0.0729582944317723,0.00295218507827498,0.0144070632506725,0.0592464706262861,0.059821285830005,"BC23209_C1"
"15x13",0.0404683675964664,0.363184443507134,0.0261189212599813,0.275723166123928,0.0345954323495288,0.00919960640134545,0.08113806805299,0.0343976538387616,0.135174340869864,"BC23209_C1"
"17x13",0.0065426918774534,0.43991514578004,0.0227864513405573,0.240626781504377,0.0353360740282858,0.20142941825277,0.0131134448811296,0.00520510158174188,0.0350448907536451,"BC23209_C1"
"7x13",0.0221894113061393,0.113425949115183,0.0389568807598157,0.397782662808249,0.0215322918618126,0.0118926446853311,0.142088002462936,0.176586424077606,0.0755457329229287,"BC23209_C1"
"4x13",0.0190393978128177,0.0503475367673326,0.029432231371467,0.261316749719446,0.0278360462939047,0.0193976696704905,0.123728980250438,0.31255035656209,0.156351031552014,"BC23209_C1"
"2x13",0.215001830173563,0.059636377906152,0.199262576732978,0.128670116975467,0.00749999335861729,0.0582112047480932,0.135681893451338,0.14052612643287,0.0555098802209221,"BC23209_C1"
"14x13",0.164501780586492,0.097026524723482,0.0586883583917119,0.0777746263908632,0.017896963706024,0.0177236546613482,0.238631114245353,0.0929636822848957,0.234793295009831,"BC23209_C1"
"13x13",0.0961661421846207,0.138584164442892,0.0509968505545146,0.375670724554424,0.0337782402197194,0.010987892145926,0.0402919160552483,0.0784181427996661,0.175105927042989,"BC23209_C1"
"11x14",0.0753131770701415,0.0517425489322662,0.0307469441108039,0.12814738098584,0.0434283230400498,0.0292788288265163,0.156471542766461,0.210650983261756,0.274220271006164,"BC23209_C1"
"22x14",0.00578528452444704,0.265268187534653,0.0227793876401888,0.456840713994083,0.0101188887931644,0.0828970618483636,0.00861803400593355,0.140170310664584,0.00752213099458299,"BC23209_C1"
"21x14",0.0120656702402209,0.406012387080252,0.00792195341822749,0.192975775576622,0.0214776360522806,0.311562351886697,0.0026291528607609,0.0104166121132094,0.0349384607717292,"BC23209_C1"
"10x14",0.229072248742668,0.0945491619752509,0.0257910752011829,0.0106934115513151,0.0257996955784729,0.026944749746864,0.299510646036909,0.0156756515465673,0.27196335962077,"BC23209_C1"
"20x14",0.0807784424517554,0.335973317300361,0.0723540455004484,0.0551153050371616,0.0287679910765972,0.292535778229678,0.0581906573706777,0.0116246727396636,0.0646597902936567,"BC23209_C1"
"9x14",0.0549928596110059,0.039358092780588,0.0312602546166589,0.500309559829044,0.116514895993881,0.00317775909755599,0.112047553224742,0.0205374249215984,0.121801599924925,"BC23209_C1"
"16x14",0.07558673227933,0.173235100057183,0.0959505530672331,0.108209642323691,0.0193537327049106,0.182842962249295,0.24029496200147,0.0337216092905206,0.0708047060263662,"BC23209_C1"
"23x14",0.00691625509610629,0.169203746704226,0.00549583185493495,0.0890033218175756,0.0127605333856672,0.318938716432248,0.000890123059922873,0.392010804916726,0.0047806667325927,"BC23209_C1"
"7x14",0.0319909417181793,0.0525920858554045,0.0192784211367477,0.304388362357837,0.0617463956384317,0.0444499684738398,0.112559368246165,0.0165325855785857,0.35646187099481,"BC23209_C1"
"15x14",0.0599200770290596,0.183096443912469,0.0352310053585835,0.158807789385252,0.0400780947681628,0.139348204210667,0.116571141375475,0.0572177470156566,0.209729496944675,"BC23209_C1"
"17x14",0.0574359011859799,0.153879134361046,0.149101001883573,0.165324252155286,0.0437072195791513,0.251768891976721,0.015882958896949,0.0673019269178719,0.095598713043421,"BC23209_C1"
"19x14",0.0406629843487986,0.28343401906936,0.0399584521600138,0.159222417598533,0.0128035608758088,0.172852469976096,0.0334920261161737,0.0426314703335105,0.214942599521705,"BC23209_C1"
"6x14",0.027458099920403,0.122021363053958,0.0123579055856111,0.503143959218742,0.0474800268371581,0.0096867572482068,0.136827599479173,0.0281064166394231,0.112917872017324,"BC23209_C1"
"18x14",0.0166368059427013,0.168998449617971,0.0392098289619189,0.385305453034672,0.14935481208024,0.102634423546486,0.0287096857147473,0.050762411143666,0.0583881299575966,"BC23209_C1"
"5x14",0.00770697760940217,0.23042800019255,0.0107649409152062,0.433192359114656,0.0209886889676714,0.0282868073977702,0.00611301208824616,0.238889908384477,0.02362930533002,"BC23209_C1"
"13x14",0.07541280212729,0.29073515926026,0.076564352750211,0.0754644767818248,0.0262860781041653,0.0352131133180045,0.211353299153605,0.0413363911102793,0.16763432739436,"BC23209_C1"
"12x14",0.0076656907801262,0.215720019293757,0.00977849862353606,0.296604607862022,0.0161832149117967,0.0132762660431263,0.0506149195000831,0.292809763045662,0.0973470199398915,"BC23209_C1"
"14x14",0.143265660409989,0.0745239668705681,0.0268499782646922,0.0647778044107355,0.0146797921191742,0.0162637153727136,0.494203749184407,0.00424504861907531,0.161190284748646,"BC23209_C1"
"4x14",0.00306104105869068,0.178809703075948,0.00923140611235308,0.139209774064143,0.00686116164363655,0.0486420791266309,0.010786015187405,0.581353126800156,0.0220456929310363,"BC23209_C1"
"3x14",0.159792265000079,0.0401563287324886,0.0160847417349355,0.0277500903233568,0.0278340154815624,0.0435619386034644,0.373569822219047,0.0470890516224371,0.26416174628263,"BC23209_C1"
"2x14",0.0557244197960479,0.0525223735128567,0.0140505173941726,0.0468680555954183,0.0329322161345858,0.115486464814725,0.24946449467945,0.01360289784654,0.419348560226204,"BC23209_C1"
"22x15",0.0181187757188834,0.172399180283171,0.00599786238249916,0.429160625452972,0.0513306375744239,0.171141850424437,0.0331778273753731,0.0857285690222129,0.0329446717660272,"BC23209_C1"
"19x15",0.0732287165168411,0.186497253755627,0.0488167153278292,0.365249728064017,0.048805094422053,0.0661014361497823,0.0296665871503638,0.0720964957765868,0.109537972836899,"BC23209_C1"
"21x15",0.0103838722783903,0.16463585496925,0.0346142984824426,0.389674749689504,0.0253225631153038,0.184713872416556,0.0615776496958153,0.0723123478986591,0.056764791454079,"BC23209_C1"
"23x15",0.0259281987569481,0.117126769054994,0.0257022134684628,0.508505884560062,0.0158711947953298,0.0497571897142276,0.0123652418790999,0.201656323963804,0.0430869838070713,"BC23209_C1"
"4x15",0.154299829702676,0.0458870282583277,0.0356830434770407,0.0654749571592986,0.0245328947693964,0.0677894707132784,0.164006726300573,0.0793338000207309,0.362992249598679,"BC23209_C1"
"16x15",0.0349614981408188,0.122749456740267,0.0357038508389826,0.174636157595585,0.0561782909421266,0.0232749032401022,0.185477051984799,0.0145135957553168,0.352505194762003,"BC23209_C1"
"24x15",0.0650082225279919,0.08199084260887,0.011554006506786,0.328013073873564,0.0230293336505181,0.0390440664602574,0.0457777389715436,0.084974270873505,0.320608444526964,"BC23209_C1"
"10x15",0.0328178777321795,0.030182264292386,0.0026978079157236,0.308675883434093,0.0542449586778827,0.0310215325266744,0.224583517992394,0.00132405018720134,0.314452107241465,"BC23209_C1"
"20x15",0.0246004253192868,0.220652314723333,0.131409098914446,0.220874819248023,0.0387030326162592,0.241507941362624,0.0107757141343194,0.0445123119817688,0.0669643416999388,"BC23209_C1"
"5x15",0.146036737815102,0.0765768120466762,0.0418377608414934,0.144229389210295,0.0912799070892499,0.0414549734064111,0.238719617856779,0.0325092350482969,0.187355566685696,"BC23209_C1"
"7x15",0.0543869825298244,0.122741965680813,0.0201061113662106,0.0887863156491521,0.0341427657928814,0.0352082163959517,0.232255323290372,0.122374343272794,0.289997976022001,"BC23209_C1"
"14x15",0.0383934355257416,0.142621781713966,0.0579348541121499,0.179969334277014,0.0616467304771822,0.0831614195200019,0.0697801381847091,0.141636798905802,0.224855507283434,"BC23209_C1"
"17x15",0.0777139469732642,0.224180713795536,0.154898570867897,0.0108962867690733,0.0231149781470468,0.0503089035934852,0.116023404658797,0.0465785705231826,0.296284624671718,"BC23209_C1"
"18x15",0.0553566609939451,0.273008259117669,0.0368298692588386,0.0797021643897748,0.00402036098360203,0.500460888980314,0.0012971776697064,0.0430952891118128,0.00622932949433767,"BC23209_C1"
"9x15",0.0517535024856638,0.033483179144383,0.0104750143134355,0.616686713797221,0.0836930574482593,0.00364826394279408,0.0430498066509173,0.0123089698915034,0.144901492325822,"BC23209_C1"
"11x15",0.0464878872200272,0.0141174139311917,0.0194301439236203,0.395297171996028,0.0943715132556138,0.0161121967552639,0.064585146590472,0.0435066146483837,0.3060919116794,"BC23209_C1"
"15x15",0.070584730998034,0.273793776848686,0.0959746388245475,0.155761451736277,0.0648252197751436,0.0416859044938927,0.174719929219375,0.00704342974506369,0.11561091835898,"BC23209_C1"
"2x15",0.0563172951280549,0.0276092039697629,0.00830845151222692,0.191204977326656,0.0330721947432601,0.0420215003917246,0.387221205531915,0.0537645989318501,0.20048057246455,"BC23209_C1"
"12x15",0.0229675876572658,0.0735075374087675,0.0138019740212774,0.538268029366126,0.0205840534001733,0.0170196904423438,0.0435289436942552,0.0998587780481462,0.170463405961644,"BC23209_C1"
"6x15",0.00166550051439452,0.17980634740681,0.000929080818551313,0.485587114808733,0.0357719546691589,7.75908219383368e-05,0.173628304021606,0.0662632590746999,0.0562708478641076,"BC23209_C1"
"13x15",0.0340972853837642,0.0175280996567271,0.0125651448073031,0.403382442215715,0.0646102426424788,0.0150123479083731,0.117616665017335,0.00793461601109421,0.32725315635721,"BC23209_C1"
"3x15",0.0765161277849506,0.115792888666207,0.0268234720241971,0.0743962823397833,0.0152937024370757,0.0323928426521321,0.292667502773213,0.00483820376987422,0.361278977552567,"BC23209_C1"
"22x16",0.0482913725158887,0.228187701981618,0.0306657309278183,0.363582827759543,0.0404360395838873,0.11063147973626,0.0285377747611394,0.0680370904414193,0.081629982292426,"BC23209_C1"
"10x16",0.0540367461602954,0.0412733220984231,0.00640520597152559,0.554805595915116,0.0466992842725772,0.00799750540785428,0.0821200900539229,0.0114560129770314,0.195206237143254,"BC23209_C1"
"21x16",0.0409937940046697,0.273236366851777,0.0204797164979449,0.180263408443839,0.0103264801294268,0.207467478722323,0.0691647995163114,0.145114855944918,0.0529530998887907,"BC23209_C1"
"11x16",0.0298598985986295,0.0763043191536649,0.0164656283777057,0.207059071889237,0.0485053996862581,0.0249040576455941,0.10767750860763,0.0557561152657044,0.433468000775576,"BC23209_C1"
"9x16",0.0808971654407721,0.0368400293390391,0.0173600730396785,0.32346566922073,0.0761659337902832,0.0177867758208221,0.143093138767651,0.0261978658795763,0.278193348701448,"BC23209_C1"
"8x16",0.035452295984651,0.0237353149813885,0.00162126037682951,0.144087134488733,0.0164731337314421,0.145316066648506,0.115114039771814,0.00298758832226172,0.515213165694374,"BC23209_C1"
"16x16",0.0605511124184364,0.0629500879885413,0.0430354845413014,0.185253672824933,0.126159261242857,0.0535358240083089,0.214818149634701,0.0187059880413389,0.234990419299582,"BC23209_C1"
"20x16",0.0111549113445327,0.154240091856511,0.0113654047769289,0.472609226996345,0.0154906441879027,0.150843898219198,0.00836159009389211,0.140909552012382,0.0350246805123074,"BC23209_C1"
"18x16",0.0078159049820828,0.219140525558516,0.0118646220794349,0.300879482953635,0.156051186815712,0.156207881668261,0.0176138719170958,0.0502754248207755,0.0801510992044872,"BC23209_C1"
"24x16",0.0422194426488583,0.154256895684829,0.0198451581817567,0.201825964993888,0.0368467365319923,0.0957736102726321,0.129240357611375,0.0510688185299012,0.268923015544767,"BC23209_C1"
"15x16",0.052460034312493,0.209770459217024,0.0415362851554166,0.146823975021325,0.0406196705486436,0.0908205773139617,0.186194272716207,0.103635906534882,0.128138819180047,"BC23209_C1"
"17x16",0.0282155849477284,0.0582250016221825,0.00945896240311447,0.569519529735951,0.106269682212444,0.0235844283137249,0.055157086233802,0.00665676645943323,0.14291295807162,"BC23209_C1"
"2x16",0.231369301651255,0.0583578242645076,0.024617086906031,0.0213816965828174,0.0116721276212748,0.0467343326049331,0.0720258023013451,0.143886448223824,0.389955379844012,"BC23209_C1"
"12x16",0.0212746541213631,0.135057646826597,0.0337352791119543,0.438139494948483,0.0259672456977896,0.0378148361648191,0.0208409021362525,0.225324798070627,0.0618451429221146,"BC23209_C1"
"23x16",0.0306766962199188,0.0902896591615579,0.0118050110849087,0.231657762991648,0.0702666217938128,0.0106500007819353,0.306960994364228,0.00166634084303291,0.246026912758958,"BC23209_C1"
"6x16",0.0372242245239791,0.0336244421069214,0.00746254142873557,0.310783016446568,0.123134184236086,0.0641644504930826,0.117350579437748,0.0274753578375251,0.278781203489354,"BC23209_C1"
"19x16",0.0850912906676302,0.305918777918076,0.0260076672387739,0.102284788597027,0.0119047627569603,0.254537441463079,0.0430545890723234,0.0637782190162947,0.107422463269837,"BC23209_C1"
"5x16",0.0513973285184812,0.161879305924445,0.0160458344344511,0.297951894468563,0.036773091737434,0.0764980996334884,0.0880967950339321,0.109363978844508,0.161993671404697,"BC23209_C1"
"13x16",0.0790461272719263,0.0621399187123574,0.0331532344475405,0.00945072030486719,0.00825916890903765,0.109750068121605,0.110700218124757,0.249254869334051,0.338245674773858,"BC23209_C1"
"14x16",0.0192407726212689,0.168262015169445,0.0306099711022802,0.547347036609793,0.0214947571149024,0.054991854781416,0.0533981413506441,0.00801040814872885,0.0966450431015211,"BC23209_C1"
"3x16",0.056949909195997,0.0705681374568503,0.0208893910005484,0.159852002440653,0.0325288502251093,0.0191916248313854,0.18501760688229,0.22980386583764,0.225198612129526,"BC23209_C1"
"4x16",0.0704097397033363,0.0429043973189191,0.0154661766709646,0.247724695167801,0.0999156064493265,0.0236646390795818,0.133232542855729,0.0732829626823938,0.293399240071949,"BC23209_C1"
"22x17",0.030697128815336,0.0085943642725614,0.0123866797958843,0.29170886523239,0.222601098759997,0.0891444095225102,0.159916801293201,0.0085686160237639,0.176382036284357,"BC23209_C1"
"21x17",0.00250960148794111,0.325073871289362,0.00193088105396387,0.0469802658408684,0.00436432138072433,0.224585492525399,0.0377434336325174,0.11018045124753,0.246631681541693,"BC23209_C1"
"10x17",0.0570481110460969,0.12871452495184,0.0571713356900392,0.31366061396141,0.0760406252166179,0.0168353115645619,0.130288861541728,0.0652855757042865,0.154955040323421,"BC23209_C1"
"20x17",0.00621703345515897,0.194800802378719,0.01155985763165,0.46303302645645,0.0333579890771216,0.083102901305501,0.0516624187214591,0.0714722506205754,0.0847937203533654,"BC23209_C1"
"11x17",0.0429290392687492,0.167776745888224,0.0522759433376127,0.283775524614416,0.0288230125492009,0.0360658475205987,0.0673401275850004,0.179929420187118,0.141084339049079,"BC23209_C1"
"9x17",0.00702931814485064,0.0268360705793945,0.00284865508980877,0.44816938853768,0.0165251341944683,0.00278350611002151,0.281582179014238,0.00201838617546764,0.212207362154071,"BC23209_C1"
"8x17",0.158475206885063,0.0970713619923473,0.0720674744329411,0.118613269768187,0.0416497101589697,0.0433894256913818,0.0957786504730525,0.0125724875866523,0.360382413011405,"BC23209_C1"
"23x17",0.0686135135558798,0.0514682584480238,0.0315282864070647,0.573219684922717,0.0412494084288372,0.00279204864389756,0.0925377575287051,0.0301828938120736,0.108408148252801,"BC23209_C1"
"16x17",0.0270582564027195,0.0325198247433229,0.00878095918468265,0.546337713270236,0.0770433510461647,0.000331414116870497,0.15592315002389,0.00276766968846688,0.149237661523647,"BC23209_C1"
"5x17",0.0427451047294198,0.178084523916,0.0600238215343703,0.442115319550356,0.0248204284079875,0.0567394647995178,0.0399213945460542,0.0677154426122751,0.087834499904019,"BC23209_C1"
"18x17",0.0183243955404873,0.220285086792616,0.0112833984008443,0.163784068702267,0.0649839643291446,0.180940441159254,0.0565932477083372,0.030566419395791,0.253238977971258,"BC23209_C1"
"7x17",0.0317119416991114,0.0533746902109248,0.0139340137092821,0.486191593487475,0.090459253294618,0.0267416529790249,0.129867922860013,0.00759229278036897,0.160126638979182,"BC23209_C1"
"17x17",0.0482291258461726,0.0649386660676632,0.0422101396370495,0.244559920431775,0.0812494631800237,0.0678008042643294,0.212256268765021,0.0399044742959556,0.19885113751201,"BC23209_C1"
"19x17",0.00904025050587655,0.303989701080105,0.0214715998310738,0.191852236026809,0.0325203980916064,0.134043700586705,0.0631116371783206,0.162591154849837,0.0813793218496663,"BC23209_C1"
"4x17",0.0195833257685957,0.0246690560305649,0.0119984716512699,0.616706794034415,0.0366686440713369,0.0052948454145212,0.0506171027773037,0.130185844323819,0.104275915928174,"BC23209_C1"
"12x17",0.014996717718572,0.195927091573468,0.00794997481613369,0.372520500963738,0.0651481922526135,0.0249499099459457,0.0327584453464558,0.214112778065015,0.0716363893180581,"BC23209_C1"
"15x17",0.0255944509642896,0.0314342901434852,0.00553583742520861,0.246329087000327,0.0481815020430454,0.0949916271133923,0.118175416274537,0.00542588960608726,0.424331899429628,"BC23209_C1"
"14x17",0.0397059198549253,0.156826657118117,0.0361638347875671,0.456953111241277,0.0598531528040419,0.0897762495802748,0.0128939812781452,0.0152432226307546,0.132583870704896,"BC23209_C1"
"6x17",0.0154252640945083,0.0534201773704196,0.0125304011622545,0.390567355865691,0.0570347906578868,0.201905894554913,0.0915541480271196,0.0336568282235377,0.14390514004367,"BC23209_C1"
"13x17",0.0198265498228884,0.302146817085328,0.0197033206447916,0.288405559115644,0.00699956511460855,0.140875548535548,0.00432279641925185,0.206720062449993,0.0109997808119469,"BC23209_C1"
"3x17",0.0373491373100453,0.073197563459187,0.0381282004194842,0.216348812811162,0.0597308629913293,0.0213539935352203,0.179808762594294,0.159026464671532,0.215056202207747,"BC23209_C1"
"2x17",0.0876115367547162,0.132207444202757,0.0358634883526847,0.0697396659153437,0.01601060005456,0.150511555465756,0.273798937876087,0.00773431551807284,0.226522455860023,"BC23209_C1"
"22x18",0.0380366867646533,0.198460885044673,0.104963560616209,0.247514235738767,0.0442876451316145,0.134626291263612,0.0652800542891535,0.0055094784438651,0.161321162707452,"BC23209_C1"
"21x18",0.00776768680719999,0.151162658715629,0.0134493402121758,0.128865873994885,0.0591300666499562,0.0146506138709559,0.2944512319581,0.00557805913278165,0.324944468658317,"BC23209_C1"
"20x18",0.054080366659966,0.208153253568891,0.0219306978789616,0.294379232130568,0.0516874585804568,0.0638634703018614,0.0654935298365573,0.0147144019839102,0.225697589058828,"BC23209_C1"
"10x18",0.0153438356734756,0.109952488052419,0.00747342426153627,0.278501038016954,0.161909507032472,0.172946121594709,0.0435055060919707,0.0380831477068596,0.172284931569604,"BC23209_C1"
"11x18",0.0041715573889696,0.123220573544499,0.00689746645625688,0.62723775349361,0.0294168352726712,0.0154127501062234,0.106422395893951,0.0414726517209942,0.0457480161228256,"BC23209_C1"
"5x18",0.0926409337449424,0.205958844044181,0.0151081397435399,0.0123218743448001,0.00258006700164678,0.214426348438046,0.0830508524769738,0.277734355326713,0.0961785848791576,"BC23209_C1"
"7x18",0.00837086272770405,0.0654170426340059,0.00132276245307985,0.605229433119822,0.0808888450017708,0.000794008252117976,0.0608300171999804,0.0611954472822065,0.115951581329312,"BC23209_C1"
"8x18",0.0241275422557347,0.0258839679740459,0.0219306681619833,0.451882716431364,0.0889346229730291,0.0234301989673843,0.149071965615858,0.0160953432547996,0.198642974365802,"BC23209_C1"
"19x18",0.0324120029480091,0.176633831060944,0.0235780778280366,0.48999006231856,0.034947291825384,0.00336490831584519,0.0916975392254994,0.00719709275473802,0.140179193722983,"BC23209_C1"
"16x18",0.00998061351359742,0.00911808761401926,0.00953762792852194,0.684338147490797,0.0630530946760712,0.00128001046381549,0.0750570237116032,0.033308572030354,0.11432682257122,"BC23209_C1"
"17x18",0.0654137928507135,0.202724994101052,0.0536183986472094,0.115242181736921,0.0509745516463054,0.048931485377238,0.170834242443788,0.0141941892958947,0.278066163900879,"BC23209_C1"
"14x18",0.125503309359413,0.068400438146678,0.0861067381858159,0.151930563623812,0.0610498185580274,0.0334075467702979,0.1821435712147,0.0397997100842515,0.251658304057004,"BC23209_C1"
"9x18",0.0423673301198986,0.0366185227331864,0.0105620069816508,0.446570254358167,0.0287379926187713,0.0406939405143373,0.0994289519125471,0.0413426322955472,0.253678368465894,"BC23209_C1"
"15x18",0.0153983281293256,0.0181015796920472,0.00461657026861887,0.527671941598434,0.167148805648417,0.00253326194382278,0.0675297818727886,0.00557454829525975,0.191425182551286,"BC23209_C1"
"23x18",0.0255761008695562,0.202076160722137,0.0301858055867006,0.375804213867176,0.0681835453922917,0.0192214435659024,0.127254805375128,0.0125415422379134,0.139156382383194,"BC23209_C1"
"2x18",0.0352175657563443,0.172925662466941,0.0907905150086274,0.13023379300973,0.0151536331607228,0.097429331017905,0.0559811809136571,0.0184559795573372,0.383812339108735,"BC23209_C1"
"4x18",0.00680031881883039,0.132113051812349,0.0103169349279154,0.642658498991423,0.0261381350671202,0.037175909674222,0.0329111246896402,0.034022219762653,0.0778638062558469,"BC23209_C1"
"12x18",0.0601816465764534,0.395230042828446,0.171587490951056,0.139142594305168,0.00712805407810974,0.0558350635631294,0.0202272222641625,0.132524472151112,0.0181434132823622,"BC23209_C1"
"3x18",0.0408776713485647,0.0381923561243212,0.0290678677986382,0.475090119123489,0.120900931131741,0.029017467510999,0.0591173702042896,0.0393821737936374,0.16835404296432,"BC23209_C1"
"13x18",0.0160956172712669,0.200259869446282,0.012460531415438,0.246456580876847,0.0256555598502558,0.143250870741289,0.0613421946518436,0.119636461217304,0.174842314529473,"BC23209_C1"
"11x19",0.00964146906396747,0.198401434207315,0.0111963355633958,0.521623299820072,0.0267743380349645,0.0278420937658588,0.0181732664664116,0.152747553574711,0.0336002095033032,"BC23209_C1"
"21x19",0.0374619999158927,0.0545848538346802,0.0427500103589073,0.315256467193623,0.0446653356890164,0.030078489165003,0.127545871903774,0.102890020678962,0.244766951260142,"BC23209_C1"
"5x19",0.182426855547728,0.149583831138961,0.031774273156712,0.10768134265105,0.0236952048296428,0.230891003464211,0.164656600274454,0.000674412445391633,0.108616476491849,"BC23209_C1"
"10x19",0.0350882229462511,0.109884448002839,0.0419370156391621,0.0538049444872502,0.0255711268838315,0.0865842856009262,0.580989610193926,0.0170314702092125,0.0491088760366015,"BC23209_C1"
"20x19",0.0379165989449573,0.0904091489286783,0.0983714955798628,0.0790993303797475,0.0718032588998727,0.0854782181608203,0.0852451340481855,0.157325335967725,0.294351479090151,"BC23209_C1"
"15x19",0.0543932739202122,0.0561697063395771,0.0513040077090486,0.325837860912471,0.0523793838241264,0.0153928882038537,0.272089148038836,0.012909759278984,0.15952397177289,"BC23209_C1"
"16x19",0.0400584600355962,0.17771447428548,0.0350521932792419,0.265946111356239,0.0563967098699887,0.148369799177825,0.0511637554790877,0.0250306320399045,0.200267864476637,"BC23209_C1"
"19x19",0.0710639205545065,0.0242547184373587,0.0198431741485518,0.298352708883225,0.0566602257382778,0.00248058852074126,0.129377805047113,0.00335422959831395,0.394612629071912,"BC23209_C1"
"18x19",0.0192683087980358,0.123088367961432,0.0146577150083985,0.237632706358593,0.212176849237181,0.0212660978442335,0.0664660859630228,0.00822423207227267,0.297219636756831,"BC23209_C1"
"7x19",0.110694742975407,0.0408173253658872,0.015495925391144,0.0976031610742171,0.0637916522939093,0.0533402424455845,0.214784135823783,0.106193238376373,0.297279576253694,"BC23209_C1"
"13x19",0.0160754860583278,0.108681942430447,0.0147576679875596,0.460891097343072,0.0673584634482047,0.0145313543877036,0.0600218318851848,0.1377988862467,0.1198832702128,"BC23209_C1"
"6x19",0.0854106613316532,0.0924826867585048,0.0777694057208123,0.0126532634576097,0.0327270637200475,0.0508523088097495,0.118621038379389,0.0284931692735429,0.500990402548691,"BC23209_C1"
"8x19",0.041503259511261,0.0325934561066534,0.0362692134989136,0.37905357127639,0.0275600285358868,0.0187987514397902,0.339085257972552,0.00323599552543863,0.121900466133115,"BC23209_C1"
"9x19",0.065528380325832,0.0655282820704109,0.0343663864083686,0.0401002360253721,0.0123307744209869,0.0879313630520897,0.544503839919325,0.0161205271229524,0.133590210654663,"BC23209_C1"
