"","Endothelial","CAFs","PVL","Plasmablasts","T-cells","Myeloid","Cancer Epithelial","Normal Epithelial","B-cells","sid"
"7x3",0.0306167149487669,0.039036351898885,0.018223459267567,0.206893439633323,0.0266650787386674,0.0309583051113206,0.504863548293966,0.0695545498788,0.073188552228704,"BC23506_D1"
"6x3",0.0193690659318345,0.0219136818016513,0.00827000641483252,0.291165040769115,0.0513714390031446,0.011565818618936,0.52639822317392,0.0135201984252954,0.0564265258612699,"BC23506_D1"
"11x4",0.0222864173578646,0.0281109722069495,0.0148659479696756,0.233482961987667,0.0547332599499059,0.0133163785374134,0.358901764257848,0.0908642513917056,0.183438046340971,"BC23506_D1"
"9x4",0.0296540307692373,0.0280067730936236,0.0125195904959939,0.236630254048447,0.0632994600041362,0.044637406872272,0.358991688982416,0.0911687911581949,0.135092004575679,"BC23506_D1"
"12x4",0.0288979480658253,0.0248163571063197,0.0087281968032609,0.245191439101017,0.0550474500607012,0.0352038321322396,0.476308158786614,0.0572521382934945,0.0685544796505279,"BC23506_D1"
"10x4",0.0223395977714678,0.0355876342911735,0.00913762837861083,0.323790020966343,0.0189205655559536,0.0215993253544713,0.484866758435733,0.0385561522076372,0.0452023170386097,"BC23506_D1"
"7x4",0.0133119125143445,0.0580173623669384,0.0142754558028191,0.231972099479583,0.04119494562426,0.0293125578119149,0.50202913811467,0.0802893968609597,0.0295971314245105,"BC23506_D1"
"8x4",0.0167730812752593,0.0387696390600428,0.00825627661361561,0.175570251217403,0.0204236664824512,0.0461219962946449,0.610796026993631,0.0588752952386447,0.0244137668243074,"BC23506_D1"
"11x5",0.0163626777427849,0.0224112718557625,0.0149280106988882,0.30833381670029,0.00962924151325759,0.0183461124557762,0.548564249524908,0.0364984640294643,0.0249261554788682,"BC23506_D1"
"15x5",0.0112220752559125,0.0158463687237029,0.00436094987608461,0.396948618405439,0.00531050756278566,0.0127248738136738,0.536174026586469,0.0104585637759328,0.00695401599999886,"BC23506_D1"
"10x5",0.0307100735485541,0.0263031803350953,0.0090863190204554,0.235717782315598,0.0222281498693331,0.021298613437398,0.571755026624087,0.0592198211389436,0.0236810337105352,"BC23506_D1"
"7x5",0.0313976059243638,0.0318821975818811,0.0195054530479355,0.283813573675975,0.0510951295704869,0.0402800917303772,0.417506601613336,0.0760919537192517,0.0484273931363922,"BC23506_D1"
"6x5",0.0140829890211713,0.0469448926980868,0.0122545109463178,0.232803982807724,0.025825199879808,0.0526076710353233,0.432982919997197,0.0779918070810753,0.104506026533297,"BC23506_D1"
"12x5",0.0154348431436972,0.0247160786276548,0.0102786108732193,0.306936914708813,0.0120940779865027,0.0241788412148013,0.528347480929257,0.0489480231006285,0.0290651294154266,"BC23506_D1"
"9x5",0.0303325898393158,0.0134159657219502,0.00744029094013786,0.304949584810021,0.0104344372865782,0.027719556540133,0.564105567233841,0.00811227802961674,0.0334897295984061,"BC23506_D1"
"13x5",0.0176425548962853,0.0228136147247425,0.00813099086120925,0.248633741692119,0.0269416495879083,0.0258132127805139,0.569821549891514,0.0570784863548546,0.0231241992108534,"BC23506_D1"
"8x5",0.0114760429282558,0.0159257106768614,0.00481241450994843,0.281689348870113,0.0116078155817314,0.0275300605865041,0.604582179365109,0.0172787622586263,0.0250976652228511,"BC23506_D1"
"16x5",0.00713715404629427,0.0205782834708668,0.00649197777991333,0.529311935424183,0.00779209072560071,0.00767828403701532,0.36418357018077,0.0453559526202699,0.0114707517150863,"BC23506_D1"
"14x5",0.00802192844630538,0.0104475477822039,0.0138292028418131,0.233710808180212,0.00581110891035353,0.0336577374881489,0.661788655787842,0.0274111962983769,0.00532181426474406,"BC23506_D1"
"11x6",0.00641765552890244,0.0057637045146061,0.00713855166090402,0.334945830243722,0.00241960091901797,0.0316116380682217,0.603769548231577,0.0047703274082121,0.00316314342483712,"BC23506_D1"
"16x6",0.00861223659272481,0.0172357782398129,0.00457966774759258,0.301652098473165,0.00654816093051284,0.0191994896252008,0.596989334422213,0.0329411076792488,0.0122421262895295,"BC23506_D1"
"19x6",0.0143307170119293,0.0455126806587664,0.0284116155777395,0.249479554140859,0.0378489549054331,0.0187108669105363,0.530629517888415,0.0400401693997347,0.035035923506587,"BC23506_D1"
"15x6",0.0131500726640687,0.0156227988000383,0.0107850745664443,0.360551567411338,0.00999199503017734,0.0199102065895402,0.521766698486172,0.0308120447706232,0.017409541681598,"BC23506_D1"
"7x6",0.0339590019012873,0.0298086041400982,0.0221528951678357,0.269770138281653,0.0300974678894078,0.0348224565126174,0.437273576622003,0.0331877737546891,0.108928085730408,"BC23506_D1"
"14x6",0.011993037836731,0.0211277782399656,0.0137481850788719,0.452494100414413,0.0102356164226364,0.00923549118675788,0.429569965572866,0.0305638278188197,0.0210319974289392,"BC23506_D1"
"18x6",0.01111015691505,0.0060937355098517,0.00795451341523748,0.670035177875812,0.00210831087280173,0.00373956543531678,0.291682818033356,0.00195817250523616,0.00531754943733865,"BC23506_D1"
"5x6",0.0254880487963615,0.038033223978441,0.0116595964989512,0.241951496199028,0.0378935429127032,0.0193820206735923,0.43555839760815,0.0500986796851116,0.139934993647661,"BC23506_D1"
"12x6",0.0102384549690513,0.0179476010730828,0.00907163831221383,0.322632646831212,0.00443850859881969,0.0180250055115371,0.567639898799743,0.0402870866169785,0.00971915928736249,"BC23506_D1"
"9x6",0.0100062892458421,0.0456953425982766,0.00878190580202889,0.239618720983649,0.0126030190092289,0.0584328363723717,0.569897713699916,0.0432235639075227,0.0117406083811638,"BC23506_D1"
"8x6",0.0158055515588488,0.0351201273609208,0.016427979553812,0.334251634271117,0.0149795389563775,0.045736050308554,0.42872091420955,0.0781898281339347,0.0307683756468854,"BC23506_D1"
"13x6",0.00767408750325138,0.0218793335781223,0.00742239352466815,0.301210328633735,0.00751557502782033,0.0214234137633921,0.60816043751866,0.0155054502650613,0.00920898018528955,"BC23506_D1"
"10x6",0.0201198768636776,0.0343102278384265,0.0120496762249291,0.225574565743935,0.017023190619786,0.0484184424150875,0.574074090083798,0.0492540337431427,0.0191758964672175,"BC23506_D1"
"17x6",0.0222905882181635,0.0260709088603106,0.0102871151685487,0.374487728612511,0.017536452906453,0.0279638891015379,0.411067593223716,0.0520575399134113,0.0582381839953484,"BC23506_D1"
"6x6",0.0186837797492222,0.0444860128996319,0.0122877506935778,0.251959994766613,0.043908196677715,0.0426869774063003,0.447308568831464,0.0835268461831596,0.0551518727923157,"BC23506_D1"
"11x7",0.0177592226417018,0.033301598672826,0.0126941105946531,0.262376210595091,0.0141912746451869,0.0354465339936059,0.539897946253715,0.0545989060547744,0.0297341965484463,"BC23506_D1"
"9x7",0.0243616940566601,0.0386603318098647,0.0188028415680488,0.26624319354965,0.0368072622546226,0.0439380034212125,0.473574113184123,0.0337161041598282,0.0638964559959902,"BC23506_D1"
"18x7",0.00506983480675144,0.0146675198140558,0.00455659446888295,0.451991551411239,0.00533180585431538,0.026494741647126,0.476616002494799,0.00443025965654705,0.0108416898462834,"BC23506_D1"
"20x7",0.0147524984728309,0.0246395573116011,0.0130500500477277,0.33091138755091,0.0176257378372316,0.0314676252773024,0.477492090407737,0.0507236644004248,0.0393373886942347,"BC23506_D1"
"15x7",0.0158733130485678,0.020393519640469,0.0110732443950169,0.323967982045892,0.0192691064808195,0.0144702059578018,0.529457638851984,0.0418692972760079,0.0236256923034419,"BC23506_D1"
"21x7",0.0335214494292048,0.0532680556225488,0.0130035198837639,0.220400581675823,0.0544534207220168,0.0537393150635536,0.41065928502279,0.0813694056923092,0.0795849668879894,"BC23506_D1"
"10x7",0.00876968668438256,0.0157515257159402,0.0083272625362961,0.405096091549001,0.00438983838176959,0.022481946601679,0.48229297320624,0.0382700965644447,0.0146205787602468,"BC23506_D1"
"16x7",0.0228054622167965,0.0268411246488632,0.0183288428062474,0.211015465279013,0.0247690658532638,0.0291416464929582,0.575292049272226,0.0484502854405229,0.0433560579901084,"BC23506_D1"
"19x7",0.0235275693092634,0.0287289161622755,0.0121972734595399,0.411030478880603,0.0399040993228959,0.0193176834240671,0.34137365635156,0.0538938533088938,0.0700264697809009,"BC23506_D1"
"17x7",0.0127629934506851,0.0271664040320454,0.0118054591663756,0.427303338336332,0.0106750828795208,0.0267172373062702,0.390728865866957,0.0493752961695168,0.0434653227922978,"BC23506_D1"
"7x7",0.0338219875709419,0.0350884540626665,0.0109367371479058,0.256295593636271,0.059433507983328,0.0469072466393169,0.389781912827847,0.0587553938060923,0.108979166325631,"BC23506_D1"
"8x7",0.0112619065314669,0.0458533706857631,0.0144418465914867,0.277275726255788,0.0300714777940098,0.0458280778762266,0.430283257814567,0.0848725777976094,0.060111758653082,"BC23506_D1"
"14x7",0.010273861584697,0.0251377357553361,0.0206007430369039,0.181239199072817,0.0143166553479243,0.0327702711327295,0.666505751831986,0.0194514328575137,0.029704349380092,"BC23506_D1"
"6x7",0.011298610346089,0.0431102842680842,0.0233559488346775,0.255452591012158,0.032156407680814,0.0402454868446408,0.426492423949293,0.0896020718484378,0.0782861752158054,"BC23506_D1"
"13x7",0.00665306476787859,0.0103803609350087,0.00457921572594426,0.293401609314449,0.00160100544230693,0.0238870225823175,0.648001524819585,0.00847247184433919,0.0030237245681708,"BC23506_D1"
"12x7",0.0112797401935228,0.0245994017410397,0.0110695921485777,0.258231912461407,0.00941055073096317,0.0413353888932718,0.602569490447712,0.0272076651558626,0.0142962582276435,"BC23506_D1"
"20x8",0.00626472448478553,0.0176582452333457,0.0105218784100423,0.266547388212263,0.0225515738234876,0.0244997318935554,0.556144441770837,0.035817816015981,0.0599942001557027,"BC23506_D1"
"11x8",0.0131628384529386,0.0137928407453524,0.014401268178842,0.241890311593161,0.0180540026924167,0.0273754807716291,0.643659497599233,0.0130140831361872,0.0146496768302395,"BC23506_D1"
"22x8",0.0115149574856344,0.0253803539912722,0.0120013062261284,0.381837309405168,0.0149688631412013,0.0195605112554579,0.444470455410547,0.0528656906621725,0.0374005524224189,"BC23506_D1"
"21x8",0.0162597296200787,0.0435515052678217,0.0194502384860356,0.267089217538648,0.058748914599768,0.028523295669218,0.415613545805859,0.0549221356152955,0.0958414173972759,"BC23506_D1"
"10x8",0.0156533210652326,0.0255838757977599,0.00891263967589003,0.394358761840465,0.0108323104748942,0.0285224757643046,0.443892283584048,0.0385545455105302,0.0336897862868756,"BC23506_D1"
"12x8",0.0118337409133351,0.0225040921470159,0.0118282381740794,0.26084279268611,0.0110603540756903,0.0503231320282249,0.592971641097367,0.0302469245934563,0.00838908428472146,"BC23506_D1"
"13x8",0.0104109686456034,0.014056691017704,0.0082359442296005,0.222549994609735,0.00297903590029058,0.0161241807797706,0.703579976803341,0.017826678013296,0.00423653000065908,"BC23506_D1"
"9x8",0.0146279004101143,0.0282435926227192,0.0127629936544354,0.238531723208453,0.0186106712405081,0.0618541616431076,0.527748646762919,0.0478919299267873,0.0497283805309564,"BC23506_D1"
"8x8",0.0218870593368453,0.0418223059537943,0.0144002826728747,0.259217556362318,0.033097289601461,0.0631474348859391,0.430290677394618,0.0896599988060965,0.0464773949860527,"BC23506_D1"
"16x8",0.0207027152159689,0.0268280470011531,0.0114123877763528,0.348041237824857,0.0180723405986318,0.0112904338727294,0.494767019000542,0.0479296813935153,0.02095613731625,"BC23506_D1"
"18x8",0.0179102534912412,0.0414983397385184,0.0155033311325815,0.333505868900722,0.0370877689238039,0.0470656976021239,0.393942827763286,0.034622715080007,0.078863197367716,"BC23506_D1"
"14x8",0.013662135230324,0.0226413537744829,0.0142522912615539,0.325779387817927,0.00990681833947533,0.0198884934073314,0.530794659078167,0.0381249268426889,0.0249499342480494,"BC23506_D1"
"17x8",0.0167472281666664,0.0300874698496051,0.0108586119113964,0.399035067299558,0.0108220044333724,0.028131493318797,0.448310179235732,0.0284836367120578,0.027524309072815,"BC23506_D1"
"7x8",0.0249578283333533,0.0315811197367219,0.0107572106445565,0.228882184150516,0.0392604655988398,0.0282316698027861,0.405260499046038,0.0871594091695345,0.143909613517654,"BC23506_D1"
"19x8",0.0149175395032992,0.0318544953130149,0.0182789004577668,0.299531375474596,0.0541140851237462,0.0373668116647539,0.499443240097342,0.0094831629626145,0.0350103894028663,"BC23506_D1"
"22x9",0.0273016936289055,0.0331276715485792,0.0266879672919475,0.330683066389735,0.0484462695448747,0.0285476937164732,0.39680291217739,0.0566357597835241,0.0517669659185709,"BC23506_D1"
"11x9",0.00324391285347454,0.00370469311468639,0.00213040276876474,0.327539227797209,0.00159232254645084,0.00917869096803892,0.646979760490175,0.00377159007386587,0.0018593993873343,"BC23506_D1"
"18x9",0.010390546788325,0.0467666149924534,0.0119527663982183,0.439836233935793,0.0258749853789379,0.0377056010265735,0.360461163994454,0.0254286049071956,0.0415834825780486,"BC23506_D1"
"20x9",0.0260721556778597,0.0519773557882154,0.0225972687355089,0.272836160066784,0.0398789481515447,0.0306176374633112,0.384400691738787,0.066042157379451,0.105577624998537,"BC23506_D1"
"9x9",0.0255940404978988,0.0340476002090033,0.0163379952541719,0.295291501463664,0.0323471366095105,0.0366862575256754,0.476925971978997,0.0280092769050866,0.054760219555992,"BC23506_D1"
"10x9",0.0207617961623695,0.0358591577712688,0.0215105936220583,0.288726361314224,0.0125920092637585,0.0485583738360277,0.520041673059819,0.041616185515409,0.0103338494550657,"BC23506_D1"
"21x9",0.031498520207058,0.065471994304181,0.0248954448638961,0.179233357493286,0.0215403593453086,0.0171804795701303,0.568768894416245,0.0631864017662834,0.0282245480336113,"BC23506_D1"
"19x9",0.0111521136823183,0.027218198550157,0.00910674766740895,0.374081855028124,0.0230900289412345,0.0326076233599776,0.433786581396615,0.0419347588371714,0.0470220925369931,"BC23506_D1"
"14x9",0.0312274191869199,0.0329347675398709,0.034372444429508,0.214915013549834,0.0274135047455023,0.0355756531968203,0.47419382849258,0.0662697614117453,0.0830976074472191,"BC23506_D1"
"23x9",0.0183432659112417,0.0321139503524324,0.00308498619256058,0.320864298600468,0.0569927358341677,0.0392893781882631,0.385254484618108,0.0342413060539512,0.109815594248807,"BC23506_D1"
"7x9",0.0199935664295753,0.0395289589808047,0.0202157066459677,0.316727390943822,0.04317536259938,0.0305270347531172,0.397396835184509,0.0872693437676374,0.0451658006951866,"BC23506_D1"
"13x9",0.0219919957531601,0.0383284376247958,0.0254246729441337,0.245749500882734,0.0082132793314249,0.0266997682825101,0.581820289243188,0.0285937449976219,0.0231783109404315,"BC23506_D1"
"17x9",0.0109502843425355,0.0437201423205346,0.0136649494627557,0.511090556432555,0.0203012687620158,0.0237268098741564,0.302923199298356,0.0382622574835058,0.0353605320235853,"BC23506_D1"
"8x9",0.00753767025608883,0.0307078089666924,0.00863520837961452,0.205746895351374,0.00796576503674836,0.0204403375494497,0.675681805681582,0.0325350180956438,0.0107494906828058,"BC23506_D1"
"12x9",0.0124535716516726,0.0111714646361481,0.0135646522487791,0.279009661699794,0.0042181805333886,0.00781818521899287,0.651470854072487,0.0106181867506588,0.00967524318807835,"BC23506_D1"
"15x9",0.0160685227583773,0.0489721229698492,0.012574621432476,0.343940816363492,0.0191285915105836,0.0248587067590182,0.453587792970153,0.057589031442078,0.023279793793973,"BC23506_D1"
"16x9",0.014734891358089,0.0239597744044638,0.00716683299004924,0.511046369489155,0.0159019928040378,0.0384246588541898,0.336987492413718,0.0269294055854597,0.0248485821008371,"BC23506_D1"
"22x10",0.015134585661908,0.0225596688895699,0.00922972787652461,0.337182531132277,0.0501531434618392,0.0222289133343252,0.449369651378184,0.0339375438625047,0.0602042344028674,"BC23506_D1"
"20x10",0.00985027186134305,0.0294982756932793,0.00864847114202068,0.298815011539112,0.0179350074583306,0.0356861636978016,0.519023929724553,0.0575649080037985,0.0229779608797614,"BC23506_D1"
"21x10",0.0208604508296227,0.0340614020355556,0.0119049800244787,0.25802619395395,0.0395319742992089,0.0461763685393476,0.476970569996181,0.058788686053807,0.053679374267849,"BC23506_D1"
"16x10",0.0171019084614768,0.0287189659376606,0.00947625989075709,0.540053833530381,0.0127714899025983,0.0135285487901047,0.310336153322107,0.0461980096837858,0.0218148304811287,"BC23506_D1"
"11x10",0.0164096962660268,0.0209709985701639,0.0104444492630141,0.309486428064603,0.0114540732660595,0.0149233429732593,0.558084529719402,0.0319729578684015,0.0262535240090705,"BC23506_D1"
"26x10",0.0110916213692348,0.0237051510814309,0.0213248313925638,0.172539885004426,0.023549134297576,0.0341461431628498,0.587860050142777,0.0426872503854437,0.0830959331636975,"BC23506_D1"
"28x10",0.0102063170826866,0.0266232506733461,0.0133840453287713,0.136652527280138,0.0162485336923856,0.0181278033999948,0.512385119545141,0.0947271713758309,0.171645231621706,"BC23506_D1"
"14x10",0.00589554183234525,0.0197913128302547,0.00452769020630644,0.288452513843744,0.00218559820993938,0.0214662258678798,0.644032974358457,0.00853288023033544,0.00511526262073806,"BC23506_D1"
"9x10",0.00730947849859642,0.0218891949896243,0.0127527735270252,0.273504412618734,0.00503253030634082,0.0353129554867155,0.613922216492105,0.0260909977978824,0.00418544028297673,"BC23506_D1"
"10x10",0.0131097378101871,0.0260143375437081,0.0114423854866774,0.224025557525886,0.0114388312543709,0.0197056388944594,0.644709585144133,0.0292781138782206,0.0202758124623567,"BC23506_D1"
"15x10",0.0186508977576152,0.0495168697685855,0.0104462644415176,0.259203487220825,0.0310074878608601,0.0248876604763876,0.487473334613588,0.053238085386202,0.0655759124744189,"BC23506_D1"
"17x10",0.0175556915072538,0.0492368341376196,0.0156703939896329,0.440422527897724,0.0164290542313396,0.0424955000312663,0.367290345823691,0.0262832672462522,0.0246163851352206,"BC23506_D1"
"18x10",0.0123029194723187,0.0146258120605685,0.0091708445288034,0.347443081486931,0.0213590042495158,0.026256769868275,0.51913290978779,0.0299462847418808,0.0197623738039163,"BC23506_D1"
"19x10",0.0172029947793994,0.0297517107509457,0.0128063359082473,0.277006514536131,0.0226155085788879,0.0332036618727787,0.565345660991278,0.020387943027547,0.0216796695547852,"BC23506_D1"
"7x10",0.0230836848184578,0.0370507250641553,0.010854778134242,0.214866878040814,0.0335834504603659,0.041134380689506,0.467712328703563,0.117080794438213,0.0546329796506837,"BC23506_D1"
"25x10",0.0143773888278779,0.020388355183444,0.00690033763341282,0.364481793966482,0.0242428574927665,0.0146300813521693,0.487488292255981,0.0154058127207953,0.0520850805670712,"BC23506_D1"
"8x10",0.0108242029824463,0.0182826555770105,0.0108452638365239,0.260390291015124,0.00844018658292178,0.0201748359442979,0.616181425990324,0.0453272327074304,0.00953390536392121,"BC23506_D1"
"23x10",0.0082959152040881,0.0261032836791752,0.0167341380589669,0.443634259150063,0.0189427795115454,0.0397074030340713,0.3906622981551,0.0283194969289999,0.0276004262779904,"BC23506_D1"
"12x10",0.0106189719919865,0.0171464511331401,0.0149470205427811,0.18774031635762,0.00758891751295433,0.0252848291316043,0.688710720992796,0.0352358825452654,0.0127268897918521,"BC23506_D1"
"13x10",0.0124950525547563,0.021547655132051,0.00557477719212038,0.208330281412585,0.00568529393410323,0.0342097993120529,0.614263612837424,0.0774123478287858,0.0204811797961212,"BC23506_D1"
"24x10",0.023704094435991,0.0124720510231082,0.011388463648207,0.322244301014262,0.0115460633702217,0.0194727490298213,0.568620541803426,0.012560309540705,0.0179914261342578,"BC23506_D1"
"22x11",0.00596811238449689,0.0297857691491856,0.0160544332891651,0.294406502118794,0.0132294221262179,0.0277289743856446,0.575538322838923,0.0242516961267968,0.0130367675807762,"BC23506_D1"
"31x11",0.0187626178461519,0.030429599515863,0.010520894278273,0.284358117795311,0.0164775991626353,0.0205660446493844,0.54547140934053,0.0565392195563352,0.016874497855517,"BC23506_D1"
"20x11",0.0126566151395433,0.031351661791765,0.0103267203566761,0.316920478255473,0.0215350948181761,0.0218554902223853,0.499480002469424,0.0497451840805372,0.0361287528660204,"BC23506_D1"
"28x11",0.0173548003853118,0.0260334076688812,0.0185666622053544,0.239861785581324,0.00918897338556797,0.0201913657430843,0.611898592877293,0.0479023005841402,0.00900211156904292,"BC23506_D1"
"9x11",0.0153374538101624,0.044549911910978,0.0179690394488502,0.260003352551754,0.00470552423881875,0.05975921855373,0.575767981969117,0.0179882302920018,0.00391928722458783,"BC23506_D1"
"10x11",0.00813774531194662,0.0400976470351097,0.00802434915371346,0.34141589364419,0.025542676173992,0.0196227620880232,0.448544302983899,0.0649164428351608,0.0436981807739655,"BC23506_D1"
"30x11",0.0234440232635845,0.0219955780596552,0.00781365046800968,0.254027106941263,0.0419414930687007,0.00992598503370461,0.495578954557739,0.0682149396748299,0.0770582689325131,"BC23506_D1"
"32x11",0.0175452324270963,0.04379307850425,0.00832002891433362,0.421574114640052,0.0266266247563893,0.0271192726878109,0.328496434648377,0.0543816302138572,0.0721435832078337,"BC23506_D1"
"21x11",0.0095685076954258,0.0199245413511344,0.00750895404721229,0.183222296395035,0.0106359297313648,0.0259488216941615,0.704071307227056,0.0223112418530979,0.0168084000055113,"BC23506_D1"
"29x11",0.0181096834086018,0.0187781302128376,0.00881614554476847,0.297184537929205,0.0189706848772911,0.0112535358682019,0.569740880126687,0.0354703869605974,0.0216760150718102,"BC23506_D1"
"26x11",0.0232445408068547,0.0213147097154196,0.0122069420534969,0.23212759592764,0.0151062171419392,0.0322036322715074,0.588398321416376,0.0446032900053507,0.0307947506614154,"BC23506_D1"
"14x11",0.0122150275882867,0.0232688990198392,0.0142266041570528,0.293204239036952,0.0110394926828368,0.0340691696821587,0.572137270007188,0.0139846140446237,0.0258546837810624,"BC23506_D1"
"15x11",0.040823510849895,0.03007844284308,0.0295520857036666,0.27510597023829,0.0199680031967519,0.0420412691875708,0.505850027919619,0.0165703984912482,0.0400102915698786,"BC23506_D1"
"19x11",0.020372668727118,0.0475843345670787,0.0175425387508228,0.276029512402764,0.0134730518273004,0.0233662479044865,0.507968095769522,0.0287755305141623,0.064888019536745,"BC23506_D1"
"16x11",0.0257972059081036,0.0380733734564282,0.0189537086052198,0.403182485563098,0.0211211673354674,0.0220579397010324,0.260103498648099,0.0535819662672287,0.157128654515323,"BC23506_D1"
"23x11",0.01902267077858,0.0271634116093705,0.00821724957672199,0.300790258757439,0.0297107475993313,0.0407650513379337,0.468054412064316,0.0363051273209391,0.0699710709553681,"BC23506_D1"
"13x11",0.00576792048356649,0.0200465227128411,0.0128671769441109,0.34865028037105,0.0102499949704325,0.0204312275648311,0.53196117980012,0.0384082152802233,0.0116174818728246,"BC23506_D1"
"18x11",0.0115579118604202,0.011774138475412,0.00563116089682422,0.218837681147613,0.00143346629028455,0.0213480284886441,0.728465964499226,0.000111613028634617,0.000840035312941424,"BC23506_D1"
"8x11",0.0199795931788587,0.0245665041531648,0.0144750839855486,0.277510534656203,0.0266012679350483,0.0255423437548574,0.533680588558382,0.0286744940979032,0.048969589680034,"BC23506_D1"
"12x11",0.00558855325872578,0.0115672776624521,0.00523722245983614,0.388677713947666,0.00258415595281366,0.0123246685339098,0.523748882695731,0.0449986507386767,0.00527287475018811,"BC23506_D1"
"17x11",0.020254907808194,0.0621635250790197,0.0160504508410727,0.383450077819287,0.0130622303338151,0.0291798021721178,0.348873120946326,0.0849214334909391,0.042044451509229,"BC23506_D1"
"25x11",0.026769743709742,0.0262030917345624,0.014791916214745,0.297451900454148,0.00731131725990025,0.0389619047626593,0.574136980159461,0.002796947570375,0.0115761981344069,"BC23506_D1"
"24x11",0.0172285682824758,0.026187173658805,0.00280647620872177,0.363009754127018,0.0280501342493755,0.0358800830105502,0.489042382546052,0.0218746879952907,0.0159207399217118,"BC23506_D1"
"27x11",0.00996374960090581,0.039395125266495,0.0150495875811898,0.248982323772067,0.00663916657701795,0.0636714559187178,0.531206697743387,0.0588399121834065,0.0262519813568131,"BC23506_D1"
"22x12",0.00510637121911721,0.0109616209510079,0.00349375365885481,0.256852520344487,0.00144744402931784,0.017698611757364,0.694136786228057,0.00926660678963744,0.00103628502215645,"BC23506_D1"
"31x12",0.0152292194059716,0.0553941753229465,0.011321037532849,0.269106114608363,0.00561993790514595,0.0425093900561548,0.485103202671614,0.0590867653091162,0.0566301571878382,"BC23506_D1"
"30x12",0.0212392886035939,0.0277899152777955,0.0156045496971892,0.331098596422346,0.0164842435058044,0.0211932466939297,0.408294879681175,0.0755031053265083,0.0827921747916586,"BC23506_D1"
"26x12",0.0146885735961857,0.0226297248997042,0.00773641565878503,0.395847761327285,0.0136546638701654,0.0273336906769014,0.435035028862485,0.0472726817701575,0.0358014593383308,"BC23506_D1"
"25x12",0.0172122088162226,0.0502640924218503,0.0172760312637671,0.411217129940001,0.0134040205514879,0.0320732797535254,0.362892974805256,0.0508982076294935,0.0447620548183962,"BC23506_D1"
"9x12",0.0220416586842278,0.0333101856104246,0.0114181836211892,0.24394914578128,0.0280208760256705,0.0368910523858951,0.488611433402463,0.0533556200166667,0.0824018444721832,"BC23506_D1"
"12x12",0.0137442607157962,0.0175162107909244,0.0124852659340973,0.339163757659445,0.0327587949755072,0.0140168167483324,0.505578752833826,0.0336872821307924,0.031048858211279,"BC23506_D1"
"32x12",0.0443532253428372,0.102454581569765,0.0114271354946742,0.309611595685931,0.0212257435767667,0.0754508219179766,0.335345384347103,0.035198878005868,0.0649326340590786,"BC23506_D1"
"27x12",0.0146243894783348,0.0203808236254146,0.0226905645645734,0.234346658692734,0.00865456930353051,0.0387631698765304,0.603025402462715,0.045220795878989,0.0122936261171785,"BC23506_D1"
"28x12",0.0100111837414622,0.0149554964049353,0.00930856045770022,0.379678462391376,0.0186847984016874,0.0133880958397725,0.49778335748076,0.0218691488329707,0.034320896449336,"BC23506_D1"
"29x12",0.035825919632114,0.0215498651801169,0.0145147396564351,0.203553181902825,0.0499496616987359,0.0205040267923867,0.557554394011426,0.045906359132674,0.0506418519932864,"BC23506_D1"
"10x12",0.00959421707601714,0.0307276372572812,0.00399835198332137,0.280613338992197,0.0154627447416913,0.0358660038066135,0.565075730445563,0.0307470040360257,0.0279149716612895,"BC23506_D1"
"14x12",0.0106807726010309,0.0354078190685986,0.0151586478274037,0.286913425095417,0.00648535813777451,0.0261466327424301,0.564748021264375,0.0421201190263067,0.0123392042366632,"BC23506_D1"
"20x12",0.00519490421731908,0.0138391952688609,0.00401646282847264,0.426781369914049,0.00272963865417826,0.0133964555639257,0.488976737932796,0.0303150340046271,0.0147502016157717,"BC23506_D1"
"16x12",0.0270473182944579,0.0343180952156181,0.0138376404552884,0.314179431645534,0.0395519739089415,0.0171004682734737,0.447729876089155,0.0475248266589975,0.0587103694585343,"BC23506_D1"
"15x12",0.012497780456756,0.0302339054999398,0.0151749442958411,0.29516453634725,0.0305696675438628,0.00662191147167556,0.52991230373191,0.0291802331441713,0.0506447175085935,"BC23506_D1"
"17x12",0.0101627887346777,0.0123431481200433,0.00604776729484038,0.296387222520403,0.019311569882626,0.0186555710849437,0.571539908439917,0.0448022669998147,0.0207497569227341,"BC23506_D1"
"19x12",0.0117956919823182,0.00800527889649682,0.006699875970472,0.190043289528594,0.0025769757538412,0.00999967117375638,0.765512310242778,0.00158870456848772,0.00377820188325514,"BC23506_D1"
"8x12",0.00737593453738929,0.05146208433366,0.0158906476511231,0.379142027745286,0.0191006678896345,0.0391929867065307,0.371770710117153,0.0439230994790282,0.0721418415401951,"BC23506_D1"
"23x12",0.014330978498463,0.0124327633153176,0.00353092196524849,0.360312368299794,0.0115071744793372,0.0301648425300043,0.525573550266649,0.0328949035700707,0.00925249707511524,"BC23506_D1"
"11x12",0.00279238305178764,0.00349744667639274,0.0085667119928154,0.363288855954877,0.00313344046109539,0.031275928442413,0.579017206171415,0.00426491213050543,0.0041631151186985,"BC23506_D1"
"18x12",0.00833954524490356,0.00972176900513033,0.00499622920237842,0.17712691022169,0.00342661402179577,0.0203952405962633,0.769333064429966,0.00141338328533435,0.00524724399253903,"BC23506_D1"
"24x12",0.0103354096486282,0.0365500278016825,0.00824493309162414,0.302197012651793,0.0222797476324926,0.0295418913928049,0.556482901780391,0.00846945234777712,0.0258986236528066,"BC23506_D1"
"13x12",0.021531035074727,0.0263740555759739,0.0080111279700869,0.390886726836122,0.017618906506222,0.0340755753451923,0.400366458792286,0.0440968196275637,0.0570392942718266,"BC23506_D1"
"21x12",0.0113637411301422,0.0152011729957269,0.00766895223220814,0.17734877865086,0.00474353784763435,0.0253132559740857,0.739727454794787,0.0135114893815474,0.00512161699300815,"BC23506_D1"
"22x13",0.00532218044234233,0.0103777542714092,0.00969353568131194,0.102153395540254,0.00319434782998926,0.0174836369807943,0.781754398138153,0.062882808130839,0.0071379429849069,"BC23506_D1"
"31x13",0.0304773290789575,0.0493614355724524,0.0173459149890722,0.0702116447379466,0.0314034988230962,0.0381599957949231,0.65884140772119,0.0474274337563742,0.0567713395259881,"BC23506_D1"
"28x13",0.0180072961262846,0.0453225489782123,0.00925181216067262,0.248642465271225,0.028384869587255,0.0355249158057107,0.525481178527798,0.0547944442867081,0.0345904692561344,"BC23506_D1"
"29x13",0.0081467018277888,0.0305945282821152,0.0163254336042855,0.353089238635157,0.032157183765266,0.033692943753731,0.458532480833443,0.0387934517276463,0.0286680375705675,"BC23506_D1"
"30x13",0.0192021345569011,0.0307519115769144,0.0124949435317922,0.206780238606135,0.029598118484052,0.0215665528632259,0.576868051074656,0.0486575417778676,0.0540805075284564,"BC23506_D1"
"23x13",0.00299425096368381,0.0137978157926868,0.00564625972121827,0.300435165163462,0.00225738006596506,0.0151632253767848,0.629163895285263,0.027442321034265,0.00309968659667206,"BC23506_D1"
"9x13",0.0189830671757328,0.0336419728795456,0.0210926164227153,0.385943547140476,0.0467107773245676,0.0354804066270516,0.324951614341438,0.0394748003493444,0.093721197739129,"BC23506_D1"
"11x13",0.00862018148084891,0.0268811208163275,0.0081003604786161,0.40971147367702,0.00902675244296116,0.0228303168404103,0.450925956616498,0.04968884896165,0.0142149886856679,"BC23506_D1"
"17x13",0.0175038682859053,0.0159182493052112,0.0175014047539205,0.278335752462548,0.00990606267667465,0.0126726281741154,0.604635387490988,0.0252569616463251,0.0182696852043123,"BC23506_D1"
"27x13",0.00882161555330959,0.0343096018089453,0.0132706100886318,0.384913594200492,0.00270147758338803,0.0510623101958359,0.475713709715297,0.0234528548379619,0.00575422601613772,"BC23506_D1"
"32x13",0.0217912726085548,0.0291616662649554,0.00716087680878197,0.289206939240203,0.0348235111126542,0.0226491955290549,0.374585834158288,0.100211819506332,0.120408884771176,"BC23506_D1"
"18x13",0.036743209241025,0.0249430514374118,0.00642583138481553,0.297244062905727,0.0607669631443186,0.0211417335044978,0.389236907611384,0.0624525106482798,0.10104573012254,"BC23506_D1"
"19x13",0.0231105940338707,0.0199636814412851,0.00816635469326298,0.271182127344863,0.0437115902077621,0.0130586028907887,0.40885749207531,0.043695339113457,0.1682542181994,"BC23506_D1"
"21x13",0.00926890666219965,0.0237335382110924,0.00752321632845251,0.227565469384714,0.0232386429765636,0.025321410791688,0.605073209252467,0.0527214660535718,0.0255541403392505,"BC23506_D1"
"20x13",0.0171333562543829,0.0141588989770534,0.0126847149462209,0.257544370703862,0.0229778221808761,0.018078276273539,0.571759848323974,0.0461228188103237,0.0395398935297676,"BC23506_D1"
"26x13",0.0174871340176708,0.0371005665162215,0.0128808013476218,0.414010305955176,0.0383426458570217,0.0446125246271786,0.351752029965689,0.0182876358985967,0.0655263558148243,"BC23506_D1"
"15x13",0.0108999444324491,0.0370081383821876,0.0125587266483934,0.347436819424861,0.0210911522887697,0.0161381295322474,0.474905609151496,0.037738950361357,0.0422225297782394,"BC23506_D1"
"16x13",0.0163933598128512,0.0245000777027144,0.0136722836569433,0.269183546666418,0.0150051043463571,0.029685012517181,0.582932677818701,0.0245359673970094,0.0240919700818249,"BC23506_D1"
"25x13",0.00734595690113487,0.0379095800698857,0.0175397844842514,0.308788841174754,0.00484369391722783,0.0173163051949905,0.543667035266075,0.0509678645425166,0.0116209384491644,"BC23506_D1"
"14x13",0.0111079589617507,0.0251874702039069,0.013309513784334,0.38128861267757,0.0208888658136426,0.0255911704030852,0.472455871183368,0.0210641098116477,0.0291064271606957,"BC23506_D1"
"10x13",0.0152447779849604,0.0211914683857144,0.0161479100138948,0.33626010301348,0.031527735234145,0.0361444098912513,0.380419407048594,0.0539563551229516,0.109107833305008,"BC23506_D1"
"13x13",0.00879836963528378,0.0137445053836149,0.00464576023716743,0.588693728748639,0.0041856270024631,0.0120803218046031,0.342335124540374,0.0156650886015011,0.0098514740463539,"BC23506_D1"
"24x13",0.00934802264180996,0.0194018341463648,0.0140340826819567,0.416254546116854,0.00727490550971629,0.0170522361879427,0.476027145288443,0.0246085955357633,0.0159986318911486,"BC23506_D1"
"12x13",0.0219999874511146,0.0142560451812795,0.0142560707993572,0.393999702886513,0.0150019408456642,0.0177124680084013,0.466949211794589,0.0240595921532631,0.0317649808798181,"BC23506_D1"
"22x14",0.00423211119312742,0.00559406230281959,0.00616333587484447,0.44063764074885,0.00894042930534519,0.00627439478765981,0.506542746583009,0.0113039396984554,0.0103113395058891,"BC23506_D1"
"16x14",0.0105098733851553,0.00671518947036316,0.00361904770151443,0.389063908983894,0.00486224585476602,0.00644099288655922,0.554324909764992,0.0105533759578552,0.0139104559949003,"BC23506_D1"
"11x14",0.0094347077482665,0.0262422865941212,0.00622618812349809,0.503715374801643,0.0175491531166618,0.0395268122208378,0.337833100766221,0.0377668424001704,0.0217055342285802,"BC23506_D1"
"31x14",0.0161232506547047,0.0351382677582262,0.002939584433937,0.157683069969583,0.0117687104242462,0.0294871138729897,0.653205077853786,0.0505850070772621,0.0430699179552656,"BC23506_D1"
"30x14",0.0240098838434039,0.0104442583561965,0.00530090493750588,0.185172863140746,0.0470882744859916,0.0154133327832178,0.608059938069621,0.0575970150523811,0.0469135293309356,"BC23506_D1"
"9x14",0.00952983976780673,0.0261404433825734,0.013595301996907,0.346184848292858,0.0326248451329698,0.0305243294845116,0.461942669132779,0.0365425533097299,0.0429151694998645,"BC23506_D1"
"10x14",0.019663756045981,0.0360272185230087,0.0123785073249547,0.42427601879527,0.0203401213170137,0.0256519902918015,0.358477136765806,0.0450836124849751,0.0581016384511901,"BC23506_D1"
"20x14",0.017021220444806,0.0233022773338848,0.00487077642099108,0.228307462822539,0.028389273324384,0.0267923142492754,0.59125385524548,0.0431452750517571,0.036917545106882,"BC23506_D1"
"18x14",0.0148716149272057,0.0227008347800248,0.0131115756986216,0.183863796869787,0.0333205719900114,0.0195246823434059,0.529819280048233,0.106698330027558,0.0760893133151527,"BC23506_D1"
"19x14",0.00994445824195973,0.0281634203773772,0.0129133957208349,0.282662097319306,0.0263735693974019,0.0281796074967871,0.51723795201738,0.0695365897239793,0.0249889097049738,"BC23506_D1"
"21x14",0.00912173555503897,0.0116415975870615,0.00634915232985913,0.137274773007783,0.00621671147275665,0.00592452171576946,0.799799397129625,0.0170099058037661,0.00666220539834016,"BC23506_D1"
"29x14",0.015387854327408,0.0223233030122701,0.00541801096137762,0.0773524033033119,0.0304901042795543,0.0804948150073389,0.697116048377624,0.0462894048147923,0.0251280559163232,"BC23506_D1"
"15x14",0.0162492448932538,0.0425004916266998,0.0187401097666222,0.349520746252301,0.0101917535441402,0.0173371526464795,0.513655646705194,0.0146174504693667,0.0171874040959431,"BC23506_D1"
"32x14",0.0187480253865318,0.0294594679571966,0.0103501114181555,0.18880762763081,0.0145622142797948,0.0210542887080062,0.547524961603212,0.130524431858682,0.0389688711576107,"BC23506_D1"
"14x14",0.0133529592913089,0.0364344096873731,0.0115706942195783,0.347885519267745,0.0201439946726995,0.0318452235269535,0.47909840435262,0.0429905758060461,0.0166782191756752,"BC23506_D1"
"23x14",0.00634402533297179,0.0117791937934203,0.0146110585137089,0.258124391364249,0.00407573642697086,0.0132208732641197,0.675623125014029,0.0101006459319415,0.00612095035858931,"BC23506_D1"
"17x14",0.00941670863610168,0.0136547787546282,0.00667682376981812,0.212291500913847,0.0189420358520824,0.00591069503211902,0.676550420512989,0.0395098077601306,0.0170472287682839,"BC23506_D1"
"12x14",0.0178057944038381,0.0376034046652602,0.021828004142895,0.361306426933873,0.0438140172470497,0.0187715647574022,0.387173805334219,0.0516958360388158,0.0600011464766468,"BC23506_D1"
"24x14",0.0132247644138516,0.0198129072111487,0.0107876788492041,0.386040692863406,0.0138784656486532,0.00890588655919029,0.494149172732071,0.0215709534849182,0.0316294782375568,"BC23506_D1"
"13x14",0.0114315015884793,0.024057597951479,0.00449992591627151,0.44592654248298,0.0191042203652163,0.0149521472049069,0.402043401386662,0.0531002673449149,0.0248843957590899,"BC23506_D1"
"25x14",0.00813585024723157,0.00683383797599723,0.0165037835520544,0.438690994443726,0.00118157131267816,0.0133792695838239,0.505913550024629,0.00208439827938735,0.00727674458047183,"BC23506_D1"
"27x14",0.0273680894668894,0.0464220950271531,0.01267657138495,0.451262484780468,0.013709574169105,0.0358485155044371,0.332602154251339,0.0462715928836861,0.033838922531972,"BC23506_D1"
"26x14",0.0139387404567341,0.0085533924264175,0.00921809574043097,0.494851567985485,0.00448382900271533,0.00806295429121411,0.432367670750949,0.00632242993614072,0.0222013194099131,"BC23506_D1"
"28x14",0.0113297040925288,0.0162313334367539,0.00492220809392486,0.415240901529858,0.0042433258682118,0.0215341313900551,0.51203937491066,0.00908343728300877,0.00537558339499842,"BC23506_D1"
"31x15",0.0246730752579301,0.0308493919723733,0.0164546575399233,0.177680485187448,0.0686376781508178,0.0347092058447496,0.477065092928973,0.0697801699780524,0.100150243139732,"BC23506_D1"
"22x15",0.0346241252252167,0.0300575201848068,0.0175556054959712,0.253777968826617,0.0516361233846038,0.0259689435559864,0.468153577407763,0.0672421896152326,0.0509839463038023,"BC23506_D1"
"28x15",0.00979466529425808,0.0196442726028089,0.0108997133947846,0.436298260767829,0.0110765710029579,0.0308557888687856,0.451562985904659,0.0223992565176588,0.00746848564625815,"BC23506_D1"
"30x15",0.0346260065837643,0.0125796983387623,0.00935596817451582,0.229527000932104,0.0160153426753019,0.0185584317625333,0.600627683156987,0.0381868183073107,0.0405230500687215,"BC23506_D1"
"27x15",0.0250254362031303,0.0330459012540028,0.0104645455556786,0.34408124436061,0.0279159693346127,0.0268873307369469,0.433052548376127,0.0339864092395783,0.0655406149393136,"BC23506_D1"
"9x15",0.00743171150615642,0.0307342323824945,0.010982408738637,0.431221919660086,0.00937555679766206,0.0189505281097839,0.457584630721518,0.0242837937292325,0.00943521835442905,"BC23506_D1"
"11x15",0.0170587132080158,0.0345789612062153,0.0100823405159911,0.391024705346587,0.0250973752491081,0.0220303454808217,0.424900589340035,0.0483837634075522,0.0268432062456737,"BC23506_D1"
"25x15",0.0103728812542742,0.0177140633293961,0.0126713509983168,0.389616323487596,0.00966795956919143,0.013831491168689,0.511295641662041,0.0191083698488627,0.015721918681633,"BC23506_D1"
"26x15",0.0158358069434301,0.0296658380363658,0.00855995293848649,0.27173617978613,0.0271803864584506,0.0294349835648682,0.51708671925255,0.0427314020959933,0.0577687309237251,"BC23506_D1"
"32x15",0.0189428991409569,0.0346010316634731,0.00935200128355534,0.192582742834499,0.0211474808302777,0.0206326717429621,0.518071497845565,0.0892432667569067,0.0954264079018048,"BC23506_D1"
