"","Endothelial","CAFs","PVL","Plasmablasts","T-cells","Myeloid","Cancer Epithelial","Normal Epithelial","B-cells","sid"
"7x5",0.00957419179198318,0.128874778536441,0.0398101787144232,0.205500045084992,0.0228979767089045,0.0587843080924505,0.380764630087091,0.069835138942638,0.0839587520410765,"BC23272_E2"
"6x5",0.00433153036764376,0.124673127278082,0.0208545159045411,0.190179966444231,0.0792367601662009,0.0365735112552151,0.341888804125449,0.0783814787444194,0.123880305714219,"BC23272_E2"
"8x6",0.00536692769181173,0.137136098563599,0.0174598821088085,0.511024169488227,0.0255199325382977,0.0354249340227422,0.185155090809564,0.0198724234224759,0.0630405413544736,"BC23272_E2"
"5x6",0.00426267300834138,0.0717722371292477,0.00238759624188863,0.0889403112363016,0.0161773940248937,0.14116721898203,0.516803009031346,0.0518025652150223,0.106686995130929,"BC23272_E2"
"7x6",0.0167039369101768,0.115160379478867,0.0659648859577503,0.247157011478231,0.0464983730037621,0.0343742206963735,0.326845607898935,0.0822975618802837,0.06499802269562,"BC23272_E2"
"2x6",0.0194971444480233,0.0869277134366792,0.0105869655513718,0.170552672683526,0.0445580055650113,0.0311145592912238,0.44815927454757,0.0732386650394201,0.115364999437175,"BC23272_E2"
"3x6",0.00838904858755865,0.190097427614099,0.0811418521144246,0.255956436608338,0.0443449008864588,0.0511269852559645,0.257078655460008,0.0775303758093192,0.0343343176638295,"BC23272_E2"
"4x6",0.00515234014575012,0.089959037678672,0.00377313406263329,0.165956270008919,0.0234510854579613,0.0367878250384122,0.596070631092573,0.0414307451069176,0.0374189314081618,"BC23272_E2"
"6x6",0.00431983471542803,0.193398933514883,0.016346241789615,0.102617165170809,0.00833140548171443,0.121981578564164,0.475442348942361,0.0635789508618862,0.0139835409591395,"BC23272_E2"
"6x7",0.00810559212412022,0.191071093997129,0.00360224798657691,0.420127025619263,0.0132333103578057,0.00729220904771055,0.292714358156615,0.0451098314271075,0.0187443312836717,"BC23272_E2"
"8x7",0.0117991481335413,0.16153087498115,0.087168031864228,0.270445613085151,0.00826163318279762,0.0482967990327335,0.334982655792977,0.0627247648248992,0.0147904791025229,"BC23272_E2"
"9x7",0.0136058243737588,0.0843912912789902,0.089573481206924,0.411088084832481,0.00705735723908961,0.0344032267138827,0.306056174451222,0.0422946128743904,0.0115299470292614,"BC23272_E2"
"10x7",0.0185101864481535,0.161711372926327,0.0374249964586943,0.144010535994362,0.0220257506214363,0.0687053545568476,0.360589194553089,0.10921625827216,0.0778063501689301,"BC23272_E2"
"5x7",0.00561501403688825,0.141636023990152,0.0194298372110379,0.170428412486744,0.0133124337982332,0.074535109417746,0.431813404766656,0.0837450808789809,0.0594846834135612,"BC23272_E2"
"7x7",0.00938894360006974,0.0724590007422559,0.0321505415998827,0.356695763959579,0.0128287746503885,0.0903002887543453,0.246616618546427,0.0249183095851099,0.154641758561942,"BC23272_E2"
"3x7",0.00678250435101266,0.100800091614269,0.0264551401937361,0.374153729475248,0.0647868867102657,0.0297049655043079,0.295353046934216,0.0432415729029908,0.0587220623139532,"BC23272_E2"
"2x7",0.0392519051932416,0.143456064288378,0.0110375972990275,0.208266987760509,0.00733296549972809,0.187803634866294,0.331025526385376,0.0525963926364204,0.0192289260710247,"BC23272_E2"
"4x7",0.000706570703104957,0.181446307394173,0.00510575759362335,0.0653927935683971,0.00156716365971883,0.0624104667185699,0.64690902637574,0.0330984615819914,0.00336345240468112,"BC23272_E2"
"10x8",0.0281831396150802,0.14589694359232,0.102138336461128,0.282464891488484,0.0339986051173298,0.057796475284129,0.253383563131251,0.0595348533766687,0.0366031919336103,"BC23272_E2"
"11x8",0.0156036189399049,0.1793760871599,0.0225786511532136,0.211937845938033,0.03312517883298,0.0647070007072401,0.377140680262132,0.0392284448373035,0.0563024921692925,"BC23272_E2"
"9x8",0.00939495393458043,0.181694657765859,0.0162232411187804,0.14529182141912,0.0162860917912384,0.0616474103251076,0.435162504964791,0.106306603790834,0.0279927148896898,"BC23272_E2"
"8x8",0.00260011066378369,0.120407788514286,0.0334372598176005,0.27643998299217,0.0282634726740774,0.063409850464634,0.361730958295673,0.0683641819251596,0.0453463946526161,"BC23272_E2"
"2x8",0.00386772014362172,0.103532040595981,0.0105616115508449,0.185656943686412,0.00454773558433733,0.0551714479616608,0.548793169029235,0.0719570051968746,0.0159123262510327,"BC23272_E2"
"5x8",0.000304615755088853,0.00435280195559739,0.00360271651134379,0.39961614780332,0.000281724963108243,0.00229196737525911,0.554128613801853,0.0345199987364302,0.000901413097999671,"BC23272_E2"
"3x8",0.00397622471699459,0.10026114871941,0.0107817917528005,0.199258308262249,0.0470179042271062,0.0342307099091096,0.390867954241305,0.0783295926354267,0.135276365535598,"BC23272_E2"
"6x8",0.0136784874532807,0.0773299075181565,0.0185479891803869,0.225538138887923,0.0323392554116412,0.0386204647012979,0.46390552419579,0.0728594203149112,0.057180812336612,"BC23272_E2"
"4x8",0.00394960589217059,0.101523567587069,0.0259019081522999,0.25771770494359,0.00673884096996197,0.0435188231973029,0.47058061187008,0.0643011109801985,0.0257678264073274,"BC23272_E2"
"7x8",0.00253753494657139,0.13405176329285,0.0253966829214646,0.354918569716002,0.00687593113783524,0.0550578737120417,0.309336107845549,0.0704569563947544,0.0413685800329308,"BC23272_E2"
"11x9",0.00863389893066636,0.167094923303907,0.0257615473524653,0.162809050123929,0.0130637947083138,0.0443567051226714,0.503898079411253,0.0667420132146828,0.00763998783211106,"BC23272_E2"
"9x9",0.0171310166305278,0.105268139907263,0.0412123061593645,0.292954883569952,0.0196463606800257,0.0648917196415235,0.310115737524635,0.0626352608467526,0.0861445750399555,"BC23272_E2"
"10x9",0.0098602482607179,0.133266271072854,0.121560858369253,0.262000974265078,0.080321871832676,0.061310144807974,0.2184010801882,0.0569608731624956,0.0563176780407505,"BC23272_E2"
"7x9",0.00354198606482878,0.166625554390596,0.0396337402285646,0.353026029497804,0.0067883927496942,0.090858253179108,0.312130573201093,0.0205347031872564,0.00686076750105507,"BC23272_E2"
"13x9",0.00622155600897949,0.129413194311722,0.0185804301501979,0.18573064681256,0.00260381420600573,0.0670835208589889,0.565712205015373,0.022160801558775,0.00249383107739812,"BC23272_E2"
"5x9",0.0125056663366471,0.0951565951689328,0.0362426702306911,0.186790332118291,0.0403320461030493,0.0448776742573212,0.468032280115595,0.0676797212208449,0.048383014448628,"BC23272_E2"
"8x9",0.00279017839401508,0.226367031629995,0.0832682035808665,0.257462370906027,0.00753414807798928,0.109109679213747,0.241529311570825,0.0241744158472685,0.047764660779267,"BC23272_E2"
"2x9",0.00327104760967835,0.137601319558936,0.0448312932165208,0.222958853803662,0.0125569507459489,0.0743505785544389,0.427970433769464,0.0647768811958992,0.0116826415454517,"BC23272_E2"
"6x9",0.00136264684936407,0.123556365486581,0.0366363379925291,0.115618197755897,0.0070754805492234,0.0818953484803098,0.531703176052358,0.0869352593632479,0.0152171874704901,"BC23272_E2"
"3x9",0.00371976875882763,0.105016636652663,0.0226082590779342,0.241888220166526,0.00608465062308982,0.025502905674662,0.533125201217582,0.0475539155405994,0.0145004422881151,"BC23272_E2"
"4x9",0.00456755835826017,0.0606000975895348,0.0299157220891792,0.28505393270906,0.0600064245831562,0.019409457358356,0.408180336113495,0.0644499632193187,0.06781650797964,"BC23272_E2"
"12x9",0.00079268454611216,0.0135069401269564,0.00344189243791498,0.469593538595147,0.00101393678349512,0.01217278209809,0.469303882430163,0.0281148342019666,0.0020595087801554,"BC23272_E2"
"9x10",0.00260950899107832,0.0633598843126948,0.00903630220874368,0.130038723226429,0.0127088761024389,0.0307117591660985,0.626603136166885,0.0629487537271501,0.0619830560984819,"BC23272_E2"
"8x10",0.00640194919242847,0.113425537041392,0.0395116918864528,0.466271379838029,0.00418969237715321,0.044070258197496,0.272404971956847,0.0444680357495725,0.00925648376062922,"BC23272_E2"
"11x10",0.00428338475038634,0.0791154624268937,0.0391925729110699,0.316668717670634,0.0192519957354266,0.0444721689612909,0.383653223229102,0.0922065339125488,0.0211559404026476,"BC23272_E2"
"7x10",0.00177047176761979,0.0994829815230769,0.0400712129497146,0.275720723235934,0.00777526140164154,0.0196891137004831,0.434055237308122,0.0765723894684831,0.0448626086449259,"BC23272_E2"
"10x10",0.00665561803783753,0.145605435817231,0.149163258206771,0.276949411014369,0.0137978792671853,0.0285529974590389,0.267116438822526,0.077297466946458,0.0348614944285826,"BC23272_E2"
"2x10",0.00312032424826297,0.129136915756263,0.0273240463250314,0.153924941749453,0.012848150345684,0.0396428367925941,0.513703721879641,0.0847947019537566,0.0355043609493137,"BC23272_E2"
"14x10",0.000797093459479026,0.0359026394787501,0.216996022309217,0.0931449963171063,0.00445237718271307,0.0231968704190023,0.547950077340409,0.0687227654429887,0.00883715805033418,"BC23272_E2"
"12x10",0.00123389707026732,0.0705327728218094,0.0889670664188713,0.292414860644222,0.00847203647694391,0.0146818226337234,0.464035701573153,0.0519519789254526,0.00770986343555678,"BC23272_E2"
"13x10",0.00462030403764541,0.0611195964873594,0.0528476478660242,0.24332298519467,0.0067417763832376,0.0311765053122144,0.546638191468816,0.0405729639523289,0.012960029297704,"BC23272_E2"
"3x10",0.00514025440497951,0.0886113650219244,0.0127418588733467,0.283055909646685,0.0585981702314548,0.0135028741473863,0.321052930111538,0.0895192836362311,0.127777353926454,"BC23272_E2"
"5x10",0.00107284947552039,0.0786697016908443,0.00974657458863634,0.224955730986714,0.00907014809741775,0.00731930677828341,0.621045321119481,0.0319948297438402,0.0161255375192627,"BC23272_E2"
"6x10",0.00116239372101898,0.00632304556600947,0.00243614916190011,0.0582675103881618,0.000764977965706685,0.0165299265495307,0.895336214786103,0.0185992655288725,0.000580516332696739,"BC23272_E2"
"4x10",0.00587405948841083,0.0809807038712568,0.0292717968855431,0.141516356825327,0.0350836346512357,0.0546115577231666,0.512472636751221,0.0720412709003296,0.068147982903509,"BC23272_E2"
"8x11",0.00608607242418745,0.0918043615395225,0.0110984351388112,0.304737035641515,0.0641348271494627,0.0483229140509146,0.337220731632502,0.0618560093845017,0.0747396130385834,"BC23272_E2"
"7x11",0.00534124065608554,0.0175517477166015,0.00342565009737572,0.323726075971051,0.0193432258197671,0.0326269442062026,0.413512189350586,0.0922202542826365,0.0922526718996934,"BC23272_E2"
"9x11",0.00390639121295369,0.0648749012837073,0.0695067226222885,0.404808419885928,0.0654996716877088,0.0051938640086504,0.275344578599368,0.0461363541441387,0.0647290965552563,"BC23272_E2"
"10x11",0.00811448997922322,0.111052095973016,0.0621942085291742,0.248677724692453,0.0400413256971153,0.0151704974464155,0.349640156940609,0.111506533971895,0.0536029667700994,"BC23272_E2"
"13x11",0.00736586646006657,0.0829019993092449,0.0476095908321081,0.0848440390752239,0.0181992302388105,0.083528145454213,0.609515763194837,0.0430165421267951,0.0230188233087005,"BC23272_E2"
"15x11",0.00695453347985014,0.107377416667734,0.105287597714388,0.197030015784427,0.0083101928169737,0.0322319618442204,0.488801837332106,0.0412438682665459,0.012762576093755,"BC23272_E2"
"2x11",0.00233238566132679,0.0280178492011738,0.00667328718999794,0.0208642149719031,0.0248578885729981,0.0237914543645036,0.746207291152678,0.123076176234124,0.0241794526512946,"BC23272_E2"
"5x11",0.00110906025369279,0.0338872734802861,0.00646750334062121,0.0200445732109422,0.0038969107182812,0.0109094692300559,0.812637172014768,0.104322598936592,0.00672543881476113,"BC23272_E2"
"6x11",0.000363981961866653,0.036031163145758,0.00298911303576565,0.137614684019748,0.0011128938065568,0.033904037323603,0.723980660327749,0.0624098497998632,0.00159361657908995,"BC23272_E2"
"3x11",0.00922660239391055,0.0759306754773954,0.0153733623310867,0.20988013559685,0.0299441110827372,0.0224749031237779,0.40070288119285,0.159389056806476,0.0770782719949165,"BC23272_E2"
"12x11",0.00754091029121734,0.0709012456600572,0.0865000809523478,0.317352859005336,0.0114228037739936,0.0296118605890524,0.413737989548389,0.050679082355997,0.0122531678236095,"BC23272_E2"
"14x11",0.0027944063177441,0.0867375296660116,0.0916227623642453,0.126569865455061,0.00782609025095713,0.0599918595994034,0.591285488259146,0.0280930402152045,0.00507895787222721,"BC23272_E2"
"4x11",0.00674126352752983,0.0776288816475743,0.0648134068105307,0.440848217071555,0.0150590901068346,0.0308284659489906,0.27581573231299,0.0338501467938884,0.0544147957801058,"BC23272_E2"
"9x12",0.0164482798585032,0.0572437474046872,0.00883520311621494,0.297999547085799,0.00751271047430496,0.0779742138832892,0.50183077636446,0.0170389011446713,0.0151166206680705,"BC23272_E2"
"19x12",0.00140987919908381,0.0542022449064783,0.0441394452933197,0.503465798461498,0.00488802244358426,0.0566176273735572,0.300901534885776,0.0318588794843316,0.00251656795237113,"BC23272_E2"
"11x12",0.0182420214745803,0.109254586238216,0.19904030312793,0.143822938261186,0.0162037759621457,0.00617765331994364,0.360161859209998,0.12955477020151,0.0175420922044904,"BC23272_E2"
"12x12",0.00292512104954722,0.0506309113025643,0.048624004838052,0.17742083237312,0.0071840006715124,0.086347610038709,0.490316815024014,0.129531764479878,0.00701894022260351,"BC23272_E2"
"10x12",0.00439936999743779,0.0618038077634065,0.00661682354320916,0.304325906004649,0.0218400373632555,0.00381876546743083,0.533748270770446,0.0374244754227123,0.0260225436674524,"BC23272_E2"
"8x12",0.0044077763051858,0.124124722968029,0.00777248494797523,0.21253018873969,0.0130676064884185,0.0243198170112753,0.501636521090462,0.10028593450967,0.0118549479392951,"BC23272_E2"
"2x12",0.00144083495085723,0.100261871402392,0.0392635449064383,0.464817271952376,0.00222073587735666,0.0316157374327992,0.32822116884068,0.0252623014062506,0.00689653323085033,"BC23272_E2"
"7x12",0.00636257878996999,0.115026630353206,0.0205745095228828,0.344064896613929,0.0122242882853048,0.0342495234592315,0.34862631771895,0.0457173800793632,0.0731538751771632,"BC23272_E2"
"13x12",0.00519025655047443,0.0195088589296931,0.00122973708816222,0.447409908840611,0.00441284549247074,0.0459068553144703,0.459671872747954,0.010843114175134,0.0058265508610305,"BC23272_E2"
"18x12",0.00516499103843206,0.172347713556664,0.0414413496953738,0.189247101072391,0.0121084815358354,0.0748985953031701,0.438790595075072,0.0579135361862162,0.00808763653684496,"BC23272_E2"
"16x12",0.00560185832938102,0.112692415508354,0.191585383966329,0.242862453582673,0.00407916129535191,0.0354832253708177,0.359840967814308,0.0353415596280763,0.012512974504709,"BC23272_E2"
"3x12",0.00517014922369102,0.094813371531961,0.0798944815468872,0.237931994896299,0.0368967124027731,0.0633439041167954,0.356880528065623,0.0940517110043704,0.0310171472115993,"BC23272_E2"
"4x12",0.00282346995407259,0.0495546151092147,0.0172213056639851,0.570007775973559,0.0113156232982378,0.00527308383128158,0.248893698586282,0.0596149765841662,0.0352954509992002,"BC23272_E2"
"14x12",0.0248678219874222,0.12613851365813,0.149386558856877,0.0841061647633629,0.013622949917624,0.0706798884854588,0.406853003533941,0.0707182516406868,0.0536268471564965,"BC23272_E2"
"15x12",0.002064430840371,0.049075173625348,0.0307822493590929,0.213103153232402,0.00859581857752972,0.0657581515222169,0.525539474004235,0.0960957661492946,0.00898578268950972,"BC23272_E2"
"17x12",0.0045986993449081,0.190096633094195,0.242168936594238,0.172938480873691,0.0148515358465945,0.0769093028232003,0.240853079180325,0.0367598256485763,0.0208235065942709,"BC23272_E2"
"5x12",0.00638216711827559,0.12443180761333,0.0614985554251934,0.11194105560165,0.0102003965999299,0.0770177781449225,0.554881860117763,0.0482180255435793,0.00542835383535635,"BC23272_E2"
"6x12",0.0055027600177916,0.0650210402120047,0.0142430569310594,0.386514510518287,0.0141187196207521,0.0205795725690273,0.41603063868611,0.066027474819697,0.0119622266252703,"BC23272_E2"
"11x13",0.00428168998595184,0.128157422405279,0.168843148333883,0.155343999784493,0.00524691024301918,0.133550630737882,0.345460276388959,0.0551321849532553,0.00398373716727787,"BC23272_E2"
"20x13",0.00388099793318958,0.0687538233308659,0.0158202928196218,0.49124623534975,0.0233028415993119,0.0170833962550354,0.275047475554045,0.0546066588061681,0.0502582783520126,"BC23272_E2"
"22x13",0.00942616575192248,0.150349687445384,0.0100163939725866,0.145426743919778,0.0382149111310058,0.0122723057171051,0.529050132551056,0.0250696987302349,0.0801739607809271,"BC23272_E2"
"9x13",0.00545877567543809,0.136745204138006,0.0588900596668107,0.241459050259543,0.0083689247852162,0.0378908738296653,0.422822095393227,0.0600523154326082,0.0283127008194856,"BC23272_E2"
"10x13",0.00151934387478943,0.132525886989372,0.09587875418591,0.276590572671024,0.00924122213006543,0.00977984295561981,0.321784470081104,0.0821478572101646,0.0705320499019506,"BC23272_E2"
"21x13",0.0117783306510291,0.0832624721453129,0.119203282344441,0.301276418460036,0.0533803876073142,0.0184669867273608,0.235151375728339,0.0692866826573966,0.108194063678771,"BC23272_E2"
"19x13",0.00337047881570191,0.0837169703491263,0.0899954796306712,0.444183360690008,0.0104646369535481,0.064434377723086,0.228194759009692,0.0628460422170651,0.0127938946111013,"BC23272_E2"
"8x13",0.00586680406344863,0.0746934994180268,0.0465377467355786,0.573371575416391,0.00604989765655351,0.0276441968854123,0.225036410761094,0.0277806113733578,0.0130192576901376,"BC23272_E2"
"16x13",0.0123155490075014,0.163304647755308,0.0509002492450285,0.407153317054911,0.0032317242452028,0.0145769486288352,0.278177108768954,0.0602877109755213,0.0100527443187381,"BC23272_E2"
"18x13",0.00769713138740576,0.154900741229871,0.117984163584318,0.162680999773825,0.0469824410441002,0.026021899151198,0.311380142585125,0.055027022205944,0.117325459038214,"BC23272_E2"
"14x13",0.00148833834590871,0.0401369344807112,0.0696484673276587,0.367452029202857,0.019125924351717,0.00455609582723736,0.468586862971074,0.00961450145478909,0.0193908460380467,"BC23272_E2"
"4x13",0.00241226843335037,0.0613379564810772,0.0216922239561438,0.315856256559463,0.0304275514325303,0.0250374676355574,0.443354245767781,0.0371357220893336,0.0627463076447627,"BC23272_E2"
"5x13",0.00380997808898319,0.0862092066033966,0.0306963084760225,0.194683908561692,0.0252240990091148,0.0227429646573437,0.523604696607495,0.0373235892732306,0.0757052487227217,"BC23272_E2"
"7x13",0.00701093751741925,0.0836051401688045,0.038137059652001,0.229740760746173,0.0230114239265802,0.0262225166032597,0.508512262252702,0.054857909671335,0.028901989461726,"BC23272_E2"
"15x13",0.00586079289598468,0.139528873053787,0.116539987479235,0.160374416843038,0.00538298068677752,0.0659642283107075,0.42551243358827,0.0569247489551951,0.023911538187006,"BC23272_E2"
"17x13",0.0219435180073849,0.137352015772486,0.0743463140219584,0.362826975447132,0.0161904045465677,0.0847062403172266,0.196183941982493,0.0525654784855601,0.0538851114191921,"BC23272_E2"
"12x13",0.00975492505339073,0.0987862817399785,0.0469768757502536,0.208968507534677,0.0191232339767421,0.0423572673893169,0.502772812046094,0.0373656881779614,0.0338944083315855,"BC23272_E2"
"2x13",0.0020704342899294,0.0402209049283396,0.0122621281468533,0.323768026914246,0.0144746118383276,0.0164550123977665,0.418670627350613,0.13743051934272,0.034647734791205,"BC23272_E2"
"3x13",0.0209370043895524,0.0786639141028291,0.0377825125647212,0.232661363230923,0.028895248832346,0.0662409101571272,0.412606798169632,0.0504018274884234,0.071810421064445,"BC23272_E2"
"6x13",0.00407199280432512,0.102199669374268,0.0529717618079174,0.147232057430481,0.0655726437224494,0.020192005732751,0.402137808372303,0.0645948967161715,0.141027164039333,"BC23272_E2"
"13x13",0.00124656777842055,0.0457076690980391,0.0478490212390563,0.43982765227859,0.00510643832652889,0.021477112149026,0.376440638653249,0.0532393342841881,0.00910556619290154,"BC23272_E2"
"22x14",0.00304689199892785,0.108718102128241,0.00758459876391892,0.4700112816464,0.0477526564743088,0.0170249243920606,0.251427681181118,0.0341235124760612,0.0603103509389633,"BC23272_E2"
"11x14",0.00040187422567901,0.173325287004378,0.319596537288587,0.136261564395763,0.00045821062403713,0.0565442056073026,0.289890296351658,0.0228955336768803,0.000626490825715759,"BC23272_E2"
"20x14",0.0131912553587175,0.0761685222453161,0.00839485643660867,0.274611674240747,0.0583928522485821,0.0108706729182648,0.340093167728814,0.103470052787962,0.114806946034988,"BC23272_E2"
"9x14",0.00996909536389651,0.0517326360929387,0.012672768505361,0.121603146066977,0.0266859630127666,0.0709496193411991,0.536279882158812,0.0395404602925492,0.1305664291655,"BC23272_E2"
"10x14",0.00486589697297088,0.227344925137963,0.127424579174246,0.10123125594521,0.00945099848478427,0.0667796535450449,0.412934248965237,0.0303211534408036,0.0196472883337399,"BC23272_E2"
"21x14",0.00739016759066046,0.196503873257576,0.0250405550660142,0.244183393897081,0.0289269941497839,0.0845736505094702,0.26535521987964,0.0971088701656551,0.0509172754841191,"BC23272_E2"
"16x14",0.000618588390959678,0.0845320841464743,0.00134379493257811,0.498130613642008,0.0010834370578056,0.016535839159353,0.387427459470903,0.00948267855722634,0.00084550464269217,"BC23272_E2"
"24x14",0.00718458456063125,0.121767739924533,0.0735081911113571,0.346334745922947,0.00911366931341302,0.131386905679633,0.223083567392231,0.0647837590320601,0.0228368370631946,"BC23272_E2"
"23x14",0.0295423975229687,0.185124530706613,0.0951232913093271,0.383023134147108,0.00267459563903449,0.0478863729064511,0.220627690874695,0.028312860318768,0.00768512657503459,"BC23272_E2"
"5x14",0.00302709260545564,0.018347378335148,0.00626033632418083,0.0285968989775159,0.0101982507418477,0.0213616740683938,0.799785097074646,0.0778292899807515,0.0345939818920607,"BC23272_E2"
"13x14",0.00602301034520006,0.0758894205479644,0.0262409752636479,0.122127222039462,0.0120494223760011,0.0145019980275581,0.677743450118733,0.0395941338595837,0.02583036742185,"BC23272_E2"
"19x14",0.016284220679096,0.108518698992821,0.0445182924679108,0.470304468863281,0.00873072502730505,0.0121183252625581,0.240763010209696,0.0596536854674615,0.03910857302987,"BC23272_E2"
"7x14",0.0123895952385349,0.14016336785345,0.046022057123673,0.165429827639622,0.00766983745478794,0.0335162304262582,0.481469495747532,0.064006035585898,0.0493335529302439,"BC23272_E2"
"12x14",0.000524518422139607,0.0411355491974495,0.00657034625905419,0.331294994544249,0.000852673860831384,0.0212691682440613,0.579993221860137,0.0165253582017738,0.00183416941030433,"BC23272_E2"
"15x14",0.00753942414037539,0.04117576359583,0.194848244608606,0.556519567479684,0.00370510292456888,0.0189760057606432,0.142938909730357,0.0242159158211972,0.0100810659387386,"BC23272_E2"
"17x14",0.00582258236853989,0.12057829053287,0.0210630478347195,0.265550133382941,0.0449287790159597,0.135820930806523,0.221803343596792,0.0492279158878966,0.135204976573758,"BC23272_E2"
"8x14",0.00190289538860297,0.10603030038333,0.053462864295775,0.0850783870126899,0.00493799305002995,0.126183090808487,0.575350688813049,0.0317465816698362,0.0153071985782005,"BC23272_E2"
"2x14",0.00434674583022767,0.109468339131191,0.0308443007770563,0.240596464666158,0.0124703875625004,0.0138101149880865,0.497345537454188,0.067875925690817,0.0232421838997752,"BC23272_E2"
"3x14",0.000898799777320179,0.0948430161650612,0.0142689733396219,0.161464672716685,0.00366670360280125,0.0670061862169924,0.530193126657301,0.113733081838013,0.0139254396862034,"BC23272_E2"
"4x14",0.00718728371866129,0.0972873181547022,0.0204629617970299,0.366173672337627,0.0100062903732905,0.0264714349069439,0.37793229339979,0.0738132105655444,0.0206655347464102,"BC23272_E2"
"14x14",0.00883861726045634,0.0955456001781182,0.00864138379721285,0.302742870374411,0.0471704575102895,0.0653327644037831,0.392054754773584,0.0552376673604804,0.0244358843416641,"BC23272_E2"
"18x14",0.0037003342075298,0.0893783476323818,0.0158769052339967,0.307679068036152,0.00879796313507123,0.0361468384633468,0.417257993610862,0.0705302405947186,0.0506323090859409,"BC23272_E2"
"6x14",0.00226472208810345,0.0784320815972395,0.00317606478837465,0.130901129112376,0.00440451954399462,0.0383729489687776,0.716163901704038,0.021874806884136,0.00440982531296056,"BC23272_E2"
"22x15",0.01165305072095,0.0802392792144523,0.0336463261150552,0.393761542911336,0.00731976384410837,0.0162597036625713,0.312823007763284,0.0603629291466823,0.0839343966215608,"BC23272_E2"
"20x15",0.00392080382292848,0.10129952743576,0.0127303735388845,0.31341633032345,0.0230712266483113,0.0480419878630049,0.354490384401623,0.0657814212864511,0.077247944679587,"BC23272_E2"
"9x15",0.00524297086158234,0.0994181041292811,0.193239534062435,0.115735824543655,0.0258661406433827,0.0156681215408239,0.416120989452744,0.0590069702393972,0.0697013445266986,"BC23272_E2"
"11x15",0.00260851348686431,0.114349778900345,0.0671237510197259,0.316145418293658,0.0143499336895335,0.0361423442586239,0.333478009555935,0.0654455348820251,0.0503567159132896,"BC23272_E2"
"10x15",0.00556142940394169,0.204637264001715,0.12466523902679,0.0326446504164872,0.0135695161747718,0.0359066100734282,0.519582839946367,0.0380238899626437,0.0254085609938558,"BC23272_E2"
"8x15",0.00539873670858108,0.165590572487947,0.0180482051719887,0.245590595445945,0.0280298871302374,0.0556032551843583,0.460891669791672,0.0123316998016743,0.00851537827759682,"BC23272_E2"
"21x15",0.00610867229795383,0.135487993382732,0.0222507815567861,0.325273860637186,0.0188168303884438,0.00612379740795013,0.388947767952897,0.0478824008820475,0.0491078954940026,"BC23272_E2"
"13x15",0.00253595147903472,0.0554155985264114,0.061206122915289,0.220834072097148,0.00689610219356926,0.0185769228306941,0.544407457697208,0.0773665590315712,0.0127612132290744,"BC23272_E2"
"25x15",0.0386865670235218,0.155823675428079,0.129408361187816,0.162193514136737,0.0123062571972478,0.0831646411033656,0.341689800155141,0.0561058964454178,0.0206212873226741,"BC23272_E2"
"23x15",0.0184236460479705,0.0946048949426185,0.0536612202139796,0.276178124892111,0.0280209630502601,0.0591467766178947,0.257510611802267,0.192199505699068,0.0202542567338308,"BC23272_E2"
"24x15",0.0164637165402876,0.0842925571393329,0.0201376727653303,0.191939384982839,0.0376305602749726,0.114870664901149,0.255079129777239,0.147503709756852,0.132082603861997,"BC23272_E2"
"19x15",0.00372929380553085,0.120583778400859,0.00495467272670803,0.399077924700834,0.00805393193788409,0.0706943825531716,0.331989514787583,0.0340504674727055,0.026866033614724,"BC23272_E2"
"15x15",0.00502674843529568,0.122326044395507,0.0479221766489985,0.357576541925198,0.0139588145270328,0.018630823093922,0.32242113798921,0.0579380072063383,0.0541997057784973,"BC23272_E2"
"18x15",0.00303397704393724,0.189832776366178,0.0715309277594589,0.101934696815759,0.00755555048304565,0.106118567348958,0.477909541240415,0.0366105532103568,0.00547340973189151,"BC23272_E2"
"14x15",0.00810395942101235,0.14957238170653,0.0642845961567174,0.294943549322884,0.00436940178205455,0.0143524683718747,0.434539837492275,0.0249728324780889,0.00486097326856321,"BC23272_E2"
"7x15",0.00601183821387558,0.0607062755678009,0.0173142053498486,0.212370188553371,0.00615340508696246,0.0423026828399128,0.60669271594518,0.0376816684233799,0.0107670200196686,"BC23272_E2"
"16x15",0.000723211020008397,0.169179698301755,0.0109065822996905,0.423283051430155,0.00303330313954507,0.00405301491538621,0.362902811177713,0.0211049756473396,0.00481335206840714,"BC23272_E2"
"12x15",0.00347020101304619,0.0466075875853783,0.0125267916699691,0.299685153693822,0.00892757409393373,0.0209621197618814,0.513727361079904,0.0556128006456245,0.0384804104564407,"BC23272_E2"
"5x15",0.002093924010351,0.0807354589555723,0.016454361305159,0.205469742170584,0.0075298456904929,0.0873324194820296,0.512672430193328,0.0830836234458027,0.00462819474667998,"BC23272_E2"
"6x15",0.00164501221404411,0.117476421639424,0.0473030558589142,0.37457035467701,0.00347749855775227,0.00988339974283568,0.350419475583759,0.082029831453546,0.013194950272714,"BC23272_E2"
"17x15",0.0189569659905027,0.0706213096557031,0.0370487305488766,0.238314761140336,0.0326889546963467,0.0366515009114211,0.439906814932172,0.0330183603394629,0.0927926017851796,"BC23272_E2"
"3x15",0.00121634322426242,0.0132058356434386,0.00129831423702126,0.404118620302273,0.00627844269819607,0.00866288190859781,0.480404667628452,0.055395963677326,0.0294189306804329,"BC23272_E2"
"4x15",0.00728399852877145,0.0744494498287248,0.0208784057166204,0.4320163390525,0.0108163396987408,0.0457865123118578,0.299975349408887,0.0796483835075244,0.0291452219463733,"BC23272_E2"
"22x16",0.0117992845402091,0.127806422695668,0.0457477875390254,0.293373767158639,0.0441375176474781,0.0276928504075297,0.329888860001767,0.0773697309298301,0.0421837790798541,"BC23272_E2"
"8x16",0.00327651086671727,0.0702263419806732,0.0618232554095302,0.0281315058606596,0.00616126222391756,0.0311884326430201,0.766024020290236,0.0165770835609874,0.0165915871642588,"BC23272_E2"
"9x16",0.00164889789613952,0.0747797346147759,0.0315772374956266,0.441044387420857,0.00226257105049504,0.0487204407352277,0.378897267783949,0.0138161947590426,0.00725326824388684,"BC23272_E2"
"21x16",0.00253929016621031,0.0204151738566973,0.00180184243943198,0.0477605026619079,0.0131074644718145,0.00462749302934932,0.684088545367728,0.190645946803653,0.0350137412032072,"BC23272_E2"
"11x16",0.0132279764579089,0.11734723655526,0.0565307892866109,0.117730752278712,0.0492639203158069,0.0976189860345635,0.458761388209382,0.0642221313760991,0.025296819485657,"BC23272_E2"
"20x16",0.00191680099413193,0.0894638989333027,0.00288565242987117,0.257121618040322,0.00844948617736746,0.0382987997570197,0.55030443060586,0.0375277414764503,0.0140315715856756,"BC23272_E2"
"10x16",0.00445795229444285,0.0978100428926021,0.0165934778598423,0.0995947829205087,0.0273874243646021,0.0751067128382315,0.621623457395087,0.0163134229923562,0.0411127264423271,"BC23272_E2"
"7x16",0.00559254643596711,0.098185893023262,0.0410586018562234,0.440384030758693,0.0150642647462047,0.0592555869978657,0.253734139067865,0.0637894066194343,0.0229355304944851,"BC23272_E2"
"13x16",0.000902230264201685,0.0201400584109005,0.0112654169114065,0.185099889685453,0.00249642651927192,0.0629266721477653,0.654480619382487,0.0447913521971778,0.0178973344813356,"BC23272_E2"
"23x16",0.0226333879669927,0.120791530998746,0.064811907118175,0.226021776072026,0.0344521392686088,0.0185736081687104,0.374031165795776,0.0803128619235049,0.0583716226874605,"BC23272_E2"
"16x16",0.00791337417021464,0.223879588143192,0.0247924502131019,0.0648153805261554,0.00522543190868641,0.0709112241711807,0.512574931333211,0.0745566926630436,0.0153309268712149,"BC23272_E2"
"15x16",0.0146044026478179,0.135953491480028,0.0199632821655729,0.191510741142854,0.0192219501803693,0.0388143925919255,0.503123150913119,0.037224756261944,0.0395838326163688,"BC23272_E2"
"18x16",0.0075997684080132,0.03276451134152,0.00333923920912857,0.183545446784357,0.13089092892897,0.0319207904911122,0.270607004194075,0.0707898113629223,0.268542499279902,"BC23272_E2"
"24x16",0.010020179636966,0.077100574095369,0.0150481471818183,0.420569880792263,0.0403594637324353,0.0571824620734337,0.234329148594006,0.0385213351829657,0.106868808710744,"BC23272_E2"
"14x16",0.00916156861449656,0.0354797985499515,0.00734538395264518,0.336692702715146,0.0214747960188393,0.0112500404156066,0.475061901991145,0.0697982912662053,0.0337355164759641,"BC23272_E2"
"2x16",0.00150767874353296,0.0670858431871459,0.0403518331279816,0.544641825075052,0.0103756634341271,0.0173598175065973,0.27093283615767,0.0345213354001648,0.0132231673677285,"BC23272_E2"
"17x16",0.00549673611581561,0.0871905613376397,0.0603446842769362,0.355358594817521,0.0491293498003528,0.0181429056906941,0.230235298363067,0.0613282768136525,0.132773592784321,"BC23272_E2"
"4x16",0.00220092803034675,0.0503587592070562,0.0129425185881441,0.10892741568579,0.0116859246490124,0.0308415629403302,0.708520469984472,0.0619358369849791,0.0125865839298694,"BC23272_E2"
"6x16",0.00220914678608725,0.152931977039081,0.0330026499043835,0.302571039339435,0.00697733976648534,0.0696441946553842,0.392177368359807,0.0291501471274279,0.0113361370219077,"BC23272_E2"
"19x16",0.000644530198216232,0.00522009383724785,0.00278872535074131,0.691660792670359,0.000699287221053925,0.0017401558336672,0.288797953962255,0.00680329776685921,0.00164516315959958,"BC23272_E2"
"5x16",0.00329007663799108,0.108897553899625,0.00941794523990201,0.125899765912535,0.02892568906922,0.0321014760352697,0.554186686457503,0.088485293901939,0.0487955128460148,"BC23272_E2"
"12x16",0.0031710735494363,0.0831106231479821,0.0210777394252168,0.170582682201309,0.0061964824411518,0.0727515286892871,0.595476844324939,0.0389593531825831,0.00867367303809492,"BC23272_E2"
"3x16",0.0100679137514111,0.0274483311506912,0.0100990894376149,0.090503594693383,0.0230363805305531,0.02066323698391,0.688032139948474,0.0762134568874048,0.0539358566165582,"BC23272_E2"
"11x17",0.00144915478116667,0.0303536810959907,0.0449337617722678,0.0646890779087392,0.00592678354203751,0.0521139714463038,0.703164128976105,0.0862282404433849,0.0111412000340046,"BC23272_E2"
"22x17",0.0191967615025792,0.113177624083412,0.00855414488035362,0.367845216457847,0.0396470888604266,0.0758457007299575,0.312354452402459,0.0304168699067465,0.0329621411762182,"BC23272_E2"
"9x17",0.00498400126637667,0.0474749878300946,0.025688365863304,0.182243671637938,0.0096073319123957,0.0311353683864988,0.647274078659995,0.045708483867197,0.0058837105762005,"BC23272_E2"
"20x17",0.00310683986098139,0.0870102036714214,0.00526216057202226,0.335284275686414,0.011537343670035,0.0111864295850438,0.432937045189353,0.0874100837535478,0.0262656180111806,"BC23272_E2"
"8x17",0.00306059470130014,0.211486935669284,0.0505204248152208,0.0385246571863895,0.00845146384543507,0.0555980980146748,0.553700001205784,0.0701912900188009,0.00846653454311023,"BC23272_E2"
"23x17",0.00647100130638154,0.128930332992361,0.00982146506391615,0.421760467423744,0.0103827265012456,0.0544415132960036,0.279274234703195,0.0365789190376387,0.0523393396755148,"BC23272_E2"
"24x17",0.02646842339082,0.0645328963310279,0.0584488650027197,0.296657847130992,0.075814661451168,0.0342986957353611,0.255645179284554,0.06258804302768,0.125545388645677,"BC23272_E2"
"18x17",0.00797229653651328,0.0609765034674444,0.00564008612817627,0.392622110300935,0.0240567581957422,0.0333034716367352,0.399631219879049,0.056993211549502,0.0188043423059029,"BC23272_E2"
"13x17",0.0025670147980332,0.0221048121288065,0.0199145075741113,0.41753437668434,0.0133537841519685,0.00216684011594623,0.428506223333713,0.0712541613342378,0.0225982798788427,"BC23272_E2"
"19x17",0.0072563360957867,0.102208053881978,0.0286112536762459,0.302461023241466,0.00912086395234863,0.0228141919238764,0.468575570468257,0.0409785204826755,0.0179741862773662,"BC23272_E2"
"7x17",0.00671110134070379,0.0914606425128712,0.0257331387342564,0.102408879088295,0.0541303271998979,0.0552907487794031,0.506668442829344,0.0526687318161164,0.104927987699112,"BC23272_E2"
"15x17",0.00988479832623379,0.182883843144273,0.0215778814002613,0.355639449391432,0.0236402074908284,0.0179122975365742,0.287760544371354,0.0543526350575711,0.0463483432814724,"BC23272_E2"
"16x17",0.0590446972413002,0.19229560139962,0.0252935784937008,0.249852436863094,0.0234752747851439,0.0218729684752508,0.333111272914707,0.0632808931685098,0.0317732766586741,"BC23272_E2"
"17x17",0.00665247374838933,0.0984153468067746,0.0130168648362679,0.479224218853242,0.0187725372394386,0.0231448177143487,0.288219732288249,0.0378197370748705,0.0347342714384197,"BC23272_E2"
"5x17",0.00344993984289577,0.0308063283116149,0.00885058304338978,0.376920726212237,0.0159898525603152,0.0467249548705508,0.435035957918543,0.0500729017237792,0.0321487555166743,"BC23272_E2"
"21x17",0.00177624069374129,0.0250786696350264,0.00394455413756277,0.425610046818532,0.00749071783645774,0.00176468415113413,0.416246151933237,0.06711236487256,0.0509765699217481,"BC23272_E2"
"10x17",0.00471282277691063,0.122414829168043,0.038415321263024,0.232615178332075,0.0187800667324051,0.0616091389738164,0.46246675572226,0.042997019338244,0.0159888676932219,"BC23272_E2"
"12x17",0.00358577105471184,0.0848440557331221,0.0112483883140166,0.0582651404326889,0.00871256047345543,0.100111819638913,0.614131381064013,0.0964632985250948,0.022637584763984,"BC23272_E2"
"14x17",0.00373346876987492,0.103216669418424,0.0170325414915528,0.279240422562855,0.0128222019594496,0.0220286592434245,0.521131050902183,0.0277096335073917,0.0130853521448445,"BC23272_E2"
"2x17",0.0026118292670733,0.0296571688012624,0.00704231998801793,0.29098583911489,0.0152025118956024,0.00581592867675345,0.57797320162433,0.0464901477957114,0.0242210528363592,"BC23272_E2"
"3x17",0.0134599984259862,0.0789183826201898,0.0516282088552963,0.262389693192078,0.0296960858695941,0.0185729014616001,0.374741319121946,0.0897037632384443,0.0808896472148655,"BC23272_E2"
"4x17",0.00454671563277639,0.0793447431032014,0.0377691096370205,0.387940015153448,0.0286952733471438,0.0625205865472005,0.33633311071125,0.0453300649740497,0.0175203808939103,"BC23272_E2"
"6x17",0.000644254609046443,0.021521845308487,0.000392234502369351,0.286005795425214,0.0082857094188161,0.00335311446156563,0.513177642760993,0.131530532843127,0.0350888706703806,"BC23272_E2"
"11x18",0.01794414465781,0.142072665504446,0.0314853269625225,0.129514901447151,0.0507415164115556,0.0570828180767492,0.437802328191633,0.0481310290040693,0.0852252697440636,"BC23272_E2"
"22x18",0.00691934948463542,0.0893062802727258,0.0266641876297789,0.491964316519024,0.0114676503201334,0.0306160142584361,0.229241910179696,0.0472346740220216,0.0665856173135492,"BC23272_E2"
"20x18",0.00715216437073659,0.0807963154954982,0.0115779359231356,0.388039446858469,0.0239635752088042,0.0209381580390743,0.387968725726535,0.0286117822726531,0.050951896105095,"BC23272_E2"
"10x18",0.00945002295555045,0.135089315559977,0.0112441052838893,0.274238388610816,0.0586287659452237,0.0443134625544059,0.307019255068944,0.0838603503690163,0.0761563336521763,"BC23272_E2"
"21x18",0.00184353122645483,0.0805651605179872,0.00939046711802759,0.39064880665531,0.0304275707648604,0.0352455177715933,0.331802358391772,0.0401658749838851,0.0799107125701092,"BC23272_E2"
"9x18",0.00271652009793214,0.102176626722869,0.0311352171963378,0.282085439299568,0.0238187436060946,0.0297722601385143,0.473550047522552,0.0400576819999255,0.0146874634162057,"BC23272_E2"
"13x18",0.00771899629114887,0.101354258274046,0.0070255556608588,0.129746048205143,0.0738618382435252,0.0284214760941847,0.394052781079618,0.0570776087916003,0.200741437359875,"BC23272_E2"
"14x18",0.00218682629962164,0.0235144759447198,0.003737805003468,0.468517418292574,0.000767492875013066,0.0167037308850336,0.45591321271158,0.0254645614308024,0.00319447655718762,"BC23272_E2"
"19x18",0.0121495482309952,0.0481890676459858,0.0206679664221871,0.18818533710699,0.0363836057959393,0.0435711311778216,0.435374650605188,0.182603452580575,0.0328752404343166,"BC23272_E2"
"16x18",0.0039183838491125,0.145605026092912,0.0260941415426341,0.385717046488872,0.031698562282908,0.017506545956378,0.283420702267046,0.0536603661444106,0.0523792253757269,"BC23272_E2"
"23x18",0.00653666787758506,0.110311676869851,0.041750267662276,0.353830999830506,0.0344634832969684,0.0411075564494983,0.340285763009882,0.0306649908267037,0.0410485941767299,"BC23272_E2"
"7x18",0.013797342450327,0.0921500317227141,0.0377585457210745,0.272569048042562,0.0121332958679625,0.0985090976621112,0.397619800610197,0.0542007899576235,0.0212620479654278,"BC23272_E2"
"15x18",0.00572029746539272,0.147718727912943,0.0127100219940664,0.223825021422869,0.0115342205873166,0.0319528634103945,0.44849708399576,0.079220835988796,0.0388209272224618,"BC23272_E2"
