"","Endothelial","CAFs","PVL","Plasmablasts","T-cells","Myeloid","Cancer Epithelial","Normal Epithelial","B-cells","sid"
"21x12",0.0358212605317811,0.104803361470379,0.0174362245931421,0.517052076398043,0.0027356627644943,0.0630756466307479,0.224949408830143,0.0235382139056922,0.0105881448755775,"BC23270_D2"
"22x12",0.0252899121095773,0.0878629831881745,0.0141898166627642,0.588579871004357,0.00373990202523366,0.0327280727089529,0.230780176684298,0.0100782998736317,0.00675096574301054,"BC23270_D2"
"24x12",0.000148041485788597,0.00333949831040412,0.00024154814950632,0.990365450557441,2.64333330754525e-07,0.0058797438662668,1.95096785888025e-05,1.42693228469496e-06,4.51668638927726e-06,"BC23270_D2"
"23x12",0.0204492987061897,0.14533037184418,0.0270739384913118,0.693676222658058,0.00249597580119569,0.0156162153564677,0.057472423754802,0.0120437939001859,0.0258417594876098,"BC23270_D2"
"20x13",0.0415262699352673,0.173210705964402,0.0294106872288888,0.47628683576296,0.00869432570557624,0.0562509722106378,0.168431932854015,0.018146429845716,0.0280418404925362,"BC23270_D2"
"21x13",0.0608167560661673,0.117088141351399,0.0121335327681091,0.324232048757425,0.0118608429519051,0.0455776071056462,0.357583276571344,0.0370084595708644,0.0336993348571397,"BC23270_D2"
"22x13",0.06378998334575,0.118967172564505,0.0313677175473143,0.307852532395055,0.0470990149820199,0.0792561150981994,0.273144646639146,0.0505853506652247,0.0279374667627856,"BC23270_D2"
"18x13",0.0297031854682744,0.0889736979667829,0.00943466471022134,0.648124064236409,0.00192588218764811,0.116749349978843,0.091862088487338,0.00474180231274017,0.00848526465174227,"BC23270_D2"
"16x13",0.0150749183879361,0.114099135860379,0.0577122400265172,0.387280656703549,0.0842376410855321,0.107713084936097,0.036036528609893,0.028884633799877,0.168961160590219,"BC23270_D2"
"23x13",0.0371587636774879,0.125635102828563,0.024100071830054,0.307631985458847,0.00564917753296508,0.0534340201595858,0.412180561506354,0.0248821042602317,0.00932821274591155,"BC23270_D2"
"24x13",0.104642097835631,0.141897485861735,0.00996175937914318,0.502742105922873,0.00286758978979051,0.0490876689984545,0.172623007328175,0.0107967058567153,0.0053815790274831,"BC23270_D2"
"15x13",0.0164930297605911,0.0391415772442953,0.00919723707420594,0.209497925681116,0.0887650058433108,0.0395718576588974,0.0175805592603467,0.013602976216949,0.566149831260288,"BC23270_D2"
"19x13",0.0452500052247858,0.162055724522442,0.0180579363237131,0.477066291173764,0.00300909795559273,0.0498566251098569,0.213470696632507,0.0206295978105442,0.0106040252467933,"BC23270_D2"
"25x13",0.0680504163183252,0.133882145778276,0.0197853515208982,0.347355750087755,0.00583704247417105,0.0763038145406123,0.257589839710808,0.0670542661375119,0.0241413734316426,"BC23270_D2"
"22x14",0.0691095150110141,0.161700243922928,0.0230634700772668,0.0993144264359726,0.00608408361260794,0.0664345704618145,0.532585229403683,0.0288350776821676,0.0128733833925456,"BC23270_D2"
"21x14",0.0646189945135758,0.115765839669244,0.0254673662999492,0.148433219786999,0.0265515449759696,0.0918300053234979,0.413728708298435,0.067387960326148,0.046216360806182,"BC23270_D2"
"19x14",0.0527159142725619,0.0833014733646551,0.0219804964580718,0.301248545677377,0.0130352463602748,0.0525066235503109,0.355786693746871,0.0482325028372399,0.0711925037326378,"BC23270_D2"
"16x14",0.00770705508482725,0.116440380283506,0.0183895218912389,0.63822117693141,0.00520556932697982,0.113735727540636,0.0646760859386968,0.0136677062362487,0.021956776766457,"BC23270_D2"
"15x14",0.00877136618797662,0.101703143337139,0.0133629046673858,0.564761918092965,0.0322296420810462,0.0736804026944566,0.0265352372410539,0.0188623164271744,0.160093069270802,"BC23270_D2"
"20x14",0.0608814034788527,0.117836411382553,0.022110888428474,0.241278714817224,0.014884981354604,0.0394498784985182,0.446868280680687,0.0355543270164248,0.0211351143426619,"BC23270_D2"
"17x14",0.043430003896851,0.0702665690493401,0.00566847596637778,0.728201933788069,0.00172907681662781,0.0840189591840714,0.0448915864921689,0.00710274047214505,0.0146906543343488,"BC23270_D2"
"23x14",0.0189153746924329,0.169118937743074,0.00855043740675871,0.17378848059556,0.0066725413917196,0.124792914427166,0.454445595943558,0.0349906020396557,0.00872511576007465,"BC23270_D2"
"18x14",0.0115645871870513,0.099136783427828,0.0108583190360165,0.646701879397063,0.00400250013373943,0.0502379388918174,0.142319991086425,0.0206752288078756,0.0145027720321837,"BC23270_D2"
"14x14",0.0322361593017443,0.0980757585735375,0.0187542541903007,0.663263381237831,0.00301593363500645,0.0872887716207093,0.0398441187837261,0.00852788588697788,0.0489937367701668,"BC23270_D2"
"13x14",0.00914278743352511,0.103525688114266,0.00639300791003173,0.633705943538227,0.00505329250774888,0.0695034569119043,0.135777320779973,0.00653919400290247,0.0303593088014223,"BC23270_D2"
"24x14",0.111270879238644,0.132068949142325,0.0759350026933434,0.428194957573746,0.00495719400225933,0.0239162994096011,0.193428158770636,0.0194047743453153,0.0108237848241287,"BC23270_D2"
"25x14",0.0708065574554061,0.124961737420971,0.022114416382785,0.280229561425807,0.0262611571046366,0.0645758489291052,0.278867635332687,0.0158211885335315,0.116361897415071,"BC23270_D2"
"22x15",0.0753974790843158,0.143209311271635,0.0212585261459661,0.0858382092926794,0.00480919484302638,0.114122004437486,0.508801194863588,0.0331567519795176,0.0134073280817867,"BC23270_D2"
"21x15",0.0723981117674171,0.11429056380211,0.0196941208797143,0.228455700676829,0.00520751380190608,0.0949572500777405,0.432367638200185,0.0251328873193507,0.00749621347474738,"BC23270_D2"
"20x15",0.181829555416648,0.118329391808941,0.049179376939805,0.0738797824875393,0.00477349030597849,0.0897108050921467,0.41740577912947,0.0467275572842934,0.0181642615351784,"BC23270_D2"
"23x15",0.0655484650535693,0.116296226326238,0.0234561367687891,0.243003841797605,0.0126665207216264,0.0789466188775316,0.398777532180384,0.0285374831444652,0.0327671751297916,"BC23270_D2"
"11x15",0.0611475864688446,0.092061538102575,0.0542171318765098,0.368269715432197,0.0385795813527291,0.107530576252906,0.171981237038243,0.0357146517971719,0.0704979816788242,"BC23270_D2"
"18x15",0.0732557319224953,0.0846063778057559,0.0451888563821969,0.22894448111595,0.00777545524700022,0.0409248938139899,0.472280683941591,0.0343859580734339,0.0126375616975865,"BC23270_D2"
"19x15",0.0793847028907245,0.161280719577317,0.0166534654471593,0.108342351465827,0.00811135863838787,0.0719732180678882,0.49814412497931,0.0389535800826409,0.0171564788507453,"BC23270_D2"
"16x15",0.044222073501411,0.139196141562468,0.0195051276782676,0.418991369937708,0.00467718003002392,0.0704244546719739,0.269594208948916,0.0200465469601337,0.0133428967090982,"BC23270_D2"
"26x15",0.0579520256364376,0.11567757870725,0.0162992344859216,0.367862990871645,0.0181182159076965,0.078653159499057,0.254205097720488,0.0249618404514829,0.0662698567200211,"BC23270_D2"
"24x15",0.0128629915710305,0.182276835551022,0.0497122770713781,0.23722263513697,0.00739865659472462,0.186790839452244,0.282764409386028,0.0162546757598249,0.024716679476777,"BC23270_D2"
"12x15",0.0396798729841866,0.11576987014929,0.0194894221009593,0.491168741984784,0.00421495593553701,0.0687988415498054,0.200084841982097,0.0307443976741573,0.0300490556391847,"BC23270_D2"
"17x15",0.0389338439956518,0.108616844256999,0.0190301274725798,0.400605568780544,0.0180732050222606,0.0826685212954474,0.25975848245192,0.0514860035056324,0.0208274032189643,"BC23270_D2"
"15x15",0.0620433399231375,0.148769985376571,0.0302930507059016,0.380927231845254,0.00587707840924025,0.132281658713673,0.215663725159799,0.0145328109625764,0.00961111890384769,"BC23270_D2"
"25x15",0.019220639554767,0.121782747847565,0.0293437251722233,0.529734753734613,0.0057096487640054,0.118685947850029,0.115063800020402,0.0154179329172807,0.045040804139114,"BC23270_D2"
"13x15",0.0385615888883647,0.119445067390411,0.0340465576030584,0.420194361784107,0.00563046936034041,0.125215352304981,0.221697449265209,0.0181030079189636,0.0171061454845657,"BC23270_D2"
"14x15",0.0948795605903972,0.142026415199165,0.0342079721204593,0.255369257277937,0.016889297510402,0.0896206137589858,0.280604260842219,0.0476124673946355,0.0387901553057996,"BC23270_D2"
"21x16",0.0490826748504753,0.119283789725982,0.0149648167217039,0.485547590477668,0.00242829985744386,0.0823765342058187,0.221330739862448,0.0157362275603635,0.00924932673809755,"BC23270_D2"
"10x16",0.0636594641360958,0.0950348973570109,0.0689152877867068,0.213408715507436,0.0953850040583793,0.143484320489679,0.0321935010014881,0.038941675441166,0.248977134222038,"BC23270_D2"
"20x16",0.0969231386992222,0.169035686447192,0.00981243823392853,0.246041827627658,0.00280078611141464,0.100145774490366,0.352154723845689,0.014295970234711,0.00878965430981989,"BC23270_D2"
"22x16",0.043125327824795,0.128653590551706,0.0265808918392111,0.245361626929531,0.0050111915282509,0.0902612234366333,0.4160054955696,0.0333871339872998,0.0116135183329722,"BC23270_D2"
"11x16",0.0200959136921211,0.073179316975681,0.0129262374185291,0.469855749547257,0.0164755404665752,0.0856421411078015,0.195937839170113,0.0321952413926252,0.093692020229297,"BC23270_D2"
"18x16",0.0355672427812192,0.0752728651523709,0.0214298548025585,0.324278490151766,0.00160899439963686,0.0657916450256437,0.444020639260376,0.0289935597359113,0.00303670869051794,"BC23270_D2"
"19x16",0.0493964474560956,0.13326571238114,0.0257392563772515,0.282379198297489,0.00142946160338101,0.043051837758971,0.430166181573658,0.0311033268112,0.00346857774081366,"BC23270_D2"
"24x16",0.0454813192194205,0.122841111544344,0.0290899020088367,0.479764348527919,0.00185697536156411,0.0731467677617049,0.219719603104198,0.0155190578414219,0.0125809146305905,"BC23270_D2"
"16x16",0.0999916471818728,0.0841111047253771,0.0256494859811942,0.153342086540976,0.012604809899755,0.146454091893373,0.424906133695451,0.0369221389131832,0.0160185011688185,"BC23270_D2"
"26x16",0.0884844312483859,0.135820340205308,0.0125231015075685,0.427014455931821,0.0104727709696873,0.0934610929876088,0.196117547987861,0.00758880369728269,0.0285174554644771,"BC23270_D2"
"15x16",0.173488209795176,0.118767490995752,0.0253298557040279,0.154816444894404,0.0222691817094591,0.0562296495348074,0.388397651784785,0.0299861945729882,0.0307153210086008,"BC23270_D2"
"23x16",0.0974835525018899,0.155500739075646,0.0350864364099229,0.15021161231106,0.00289329508366368,0.0750161422147743,0.429408516807545,0.0403227285457084,0.0140769770497896,"BC23270_D2"
"13x16",0.101158211982799,0.156965082924465,0.0217513139300048,0.137455981736896,0.0275630636796116,0.0738270725240089,0.415584404569627,0.0476754468220554,0.0180194218305319,"BC23270_D2"
"12x16",0.0515702727533232,0.133906008208046,0.0213158426873205,0.338454931515911,0.00562127261399842,0.0737813309447682,0.314361652044521,0.0453398776956936,0.0156488115364186,"BC23270_D2"
"17x16",0.125066944332813,0.129029180128632,0.0259872226646674,0.237143279232964,0.0235475061132484,0.0566533137238925,0.286443723447122,0.0428082391367612,0.0733205912199011,"BC23270_D2"
"14x16",0.0729354864960067,0.113231419984582,0.0339186219634919,0.25260200264339,0.0160509312026157,0.0570179714372275,0.358712102675903,0.0607537944527037,0.0347776691440796,"BC23270_D2"
"25x16",0.0270245911147041,0.140671614874927,0.0141979772550671,0.450082745657074,0.0187027757861464,0.0739169167720361,0.117728290361936,0.0156077476362334,0.142067340541876,"BC23270_D2"
"20x17",0.0741407856047141,0.0869649637827398,0.0228508986854002,0.529919926040099,0.00276064944071746,0.0465441148233905,0.197486439279125,0.0202016354647571,0.0191305868790571,"BC23270_D2"
"12x17",0.0914902700174105,0.13450499281786,0.0298158010548856,0.265560048589677,0.0225176109448218,0.0679522165291271,0.268962989212329,0.0343700938105591,0.0848259770233309,"BC23270_D2"
"11x17",0.0354797979180836,0.0699584189626358,0.015158951843516,0.46475119561651,0.0293193441303012,0.0348627277476687,0.151607490993681,0.0679213518742283,0.130940720913375,"BC23270_D2"
"10x17",0.0189189435908341,0.0853815391801721,0.00691437137522083,0.754466865609151,0.00227809700713814,0.0604129709670652,0.0343543872205133,0.00310319936154872,0.0341696256883569,"BC23270_D2"
"27x17",0.0340042947252037,0.15393962854107,0.0242137971537265,0.443998248727454,0.00658836607966784,0.0837023108977429,0.232403620575452,0.0110959777676672,0.010053755532016,"BC23270_D2"
"22x17",0.0679137764968631,0.154643746558365,0.0625704290838003,0.298000745684093,0.00653812815339345,0.0413616036175997,0.343411157045356,0.01775604425133,0.00780436910919985,"BC23270_D2"
"16x17",0.0287185187989778,0.13095226928778,0.0136641241127732,0.525020380258579,0.00279227294700666,0.0438128173260608,0.23499206932562,0.0116956928948808,0.00835185504832205,"BC23270_D2"
"26x17",0.053480114753729,0.169452055469152,0.0185111536206895,0.376317070139619,0.00997867468417411,0.106757786909116,0.222976437868897,0.0168462276564706,0.025680478898153,"BC23270_D2"
"19x17",0.0470667144157631,0.0920928055136252,0.0315297179560049,0.229966235594247,0.00873716532149222,0.0414583679813266,0.489259510162887,0.0436462407468018,0.0162432423078518,"BC23270_D2"
"21x17",0.00106350390032259,0.00715108213114388,0.00433467058950668,0.966454466808025,8.62878913975779e-06,0.00430789626500236,0.0164084584660636,0.00019536288967524,7.59301611207394e-05,"BC23270_D2"
"18x17",0.0837959792955672,0.155808233777321,0.0140294915436152,0.1074522142057,0.0120846934630017,0.0880329716003175,0.45204672967238,0.0706100326552145,0.0161396537868826,"BC23270_D2"
"17x17",0.0520949910742274,0.137233307789117,0.0160523708259241,0.459571449069186,0.00705332138184988,0.073861018110509,0.201332389178304,0.0227392157969814,0.0300619367739007,"BC23270_D2"
"23x17",0.0785900484816565,0.13384265469261,0.0171061851919799,0.230818889106475,0.00956282137132316,0.0546523059135858,0.438126470227242,0.012672915771512,0.024627709243617,"BC23270_D2"
"15x17",0.111923012965885,0.116223434989398,0.0111393836211653,0.284300739717343,0.00477802725772289,0.042277088386765,0.366874469845967,0.0276961638633755,0.0347876793523772,"BC23270_D2"
"24x17",0.0580429770684385,0.159994910657176,0.0252737285141654,0.280214395605058,0.0151652472111498,0.0931499468378137,0.318021557325485,0.0272107614187601,0.022926475361953,"BC23270_D2"
"25x17",0.0490623263228976,0.133425415315938,0.0261877922240045,0.347859160211702,0.00454412460980187,0.115636429095598,0.285542439233128,0.0329934419498565,0.00474887103707316,"BC23270_D2"
"13x17",0.104408276395844,0.121617804897579,0.0402739222790885,0.300807857018381,0.00549235292767236,0.0304424474832551,0.34780034009621,0.0375933176340587,0.0115636812679109,"BC23270_D2"
"14x17",0.162896773513809,0.156624027446496,0.0864274339217871,0.128097048071934,0.00522311768358975,0.0800914298333423,0.342794550955724,0.0273034277520058,0.0105421908213118,"BC23270_D2"
"22x18",0.0303552351927182,0.205388478200263,0.013773628448946,0.404177910457188,0.00517422676892393,0.0801054536138446,0.236471204268504,0.0129923591234252,0.0115615039261864,"BC23270_D2"
"21x18",0.122746614267601,0.129402764042217,0.00585891855424127,0.35758677087131,0.00035093890966425,0.00974638697253816,0.353036925701261,0.0193061710066986,0.0019645096744686,"BC23270_D2"
"10x18",0.0246255152293878,0.0575801940824123,0.0194687906181122,0.774310607505919,0.00183547795280034,0.0242277412657517,0.0835532339614159,0.00476316487080559,0.00963527451339479,"BC23270_D2"
"11x18",0.0425736258133271,0.108812901599079,0.0302319469123811,0.280644460875864,0.0476353626564876,0.0796608631329728,0.285819915991846,0.079495650224013,0.0451252727940293,"BC23270_D2"
"27x18",0.0371257780556696,0.185424369452893,0.0105399105770518,0.388907213216347,0.0120497515112979,0.0603850240660723,0.25379499063081,0.0198596399628117,0.0319133225270466,"BC23270_D2"
"20x18",0.0932186481108869,0.136871139141773,0.0296113413788818,0.242856486432559,0.00640486061489722,0.0576951819162063,0.395696632308836,0.026443173788101,0.0112025363078582,"BC23270_D2"
"9x18",0.0240826085283593,0.086715875665981,0.0105004515392708,0.645379267759845,0.00516163973008551,0.0500608819498338,0.118181263868406,0.0366201978494066,0.0232978131088129,"BC23270_D2"
"16x18",0.159006504437208,0.129564237806175,0.0210729591210785,0.188493160903548,0.00944378507183692,0.0903034817626769,0.349002935546412,0.0330878615611952,0.0200250737898692,"BC23270_D2"
"19x18",0.119688217149255,0.124557440298417,0.0190394213513641,0.221972335108949,0.0103463039016771,0.0490309671872628,0.378645204278276,0.0411265132097651,0.0355935975150324,"BC23270_D2"
"26x18",0.0464166153380196,0.158035205649952,0.0129095715389097,0.405407518489079,0.0105733727508202,0.0524845553070113,0.257022925139532,0.0168364590932032,0.0403137766934729,"BC23270_D2"
"15x18",0.0502778034743515,0.167180711654055,0.0218586852473096,0.309968326531672,0.00339646259871306,0.0125744437062894,0.354765037277972,0.0490268191906753,0.0309517103189624,"BC23270_D2"
"17x18",0.0503032162018155,0.141374474579965,0.0135456913150971,0.395522004337259,0.00284721276014842,0.109747551598183,0.246477581057837,0.024830545890854,0.0153517222588417,"BC23270_D2"
"23x18",0.0329430871825367,0.148267221211848,0.0377134455232957,0.317374602249663,0.0142233939577857,0.062232568577125,0.328760808832448,0.0395429952979121,0.018941877167385,"BC23270_D2"
"14x18",0.0833347804898488,0.0966973556419287,0.0323233440119831,0.261955555786446,0.0170521466741174,0.0251665346810802,0.359287156845457,0.084395211184071,0.039787914685068,"BC23270_D2"
"12x18",0.0730465126586484,0.089933166678012,0.00891519540033041,0.466946388877581,0.0132637788074152,0.0472377964901905,0.196356129374712,0.0350987025931097,0.0692023291200006,"BC23270_D2"
"13x18",0.0943549044409697,0.148587148125097,0.0132373858037705,0.326865755332559,0.00690133930549512,0.0439760473926501,0.314605916122214,0.0362053125892572,0.0152661908879874,"BC23270_D2"
"24x18",0.00502708086261869,0.102903795972177,0.00388710973207578,0.772969455735268,0.000324875284405982,0.0371129864410233,0.0753694343407142,0.00132897366580452,0.00107628796591186,"BC23270_D2"
"25x18",0.0981235955362266,0.133382193111158,0.0141621072910108,0.338591600619524,0.00782449383359535,0.0599766503624387,0.33029623503491,0.00699350234061433,0.010649621870522,"BC23270_D2"
"21x19",0.0390237499596489,0.141666396121506,0.0234888017431204,0.430960346430765,0.0046703474450687,0.0545417815051536,0.269955470932302,0.0154879543919563,0.0202051514704788,"BC23270_D2"
"22x19",0.0480379039388845,0.161111072052065,0.00616703016411729,0.537984096041377,0.00686730957851792,0.0714738400479734,0.147344570342835,0.0066298000178631,0.0143843778163681,"BC23270_D2"
"10x19",0.0618880717616525,0.0469057869306558,0.0182607671650578,0.321793828205893,0.0968154620289028,0.0755033551088322,0.106912229537553,0.0347859113609533,0.2371345879005,"BC23270_D2"
"9x19",0.0335440416451947,0.0781296752607856,0.013924378494067,0.511056346930514,0.0255139837832976,0.0517369200062781,0.0750238521904731,0.0202838453475534,0.190786956341837,"BC23270_D2"
"11x19",0.0516747897197044,0.0539364375100425,0.0219292645189954,0.381819702598933,0.0395915532021522,0.0639822157209426,0.166717372525813,0.0377783108014351,0.182570353401982,"BC23270_D2"
"8x19",0.050145317853261,0.0834776869250606,0.00715890396058356,0.552691266618935,0.0144513920377199,0.0316159192880552,0.102423085149855,0.0480056928576421,0.110030735308887,"BC23270_D2"
"16x19",0.0539483243692809,0.113715853203798,0.0149019766180091,0.426689369629331,0.00528221455747635,0.0967404162372839,0.25789591015393,0.0149513172277841,0.0158746180031059,"BC23270_D2"
"27x19",0.0996922543290925,0.109223868553415,0.138806095887253,0.402977752941486,0.00132104512905758,0.097891234564926,0.144533282276552,0.00170314235311784,0.00385132396510006,"BC23270_D2"
"28x19",0.0623096851208131,0.194590242748761,0.0175234825111209,0.187085519479877,0.00308661079109923,0.132491358806262,0.382621907992806,0.0152255523191745,0.00506564023008668,"BC23270_D2"
"12x19",0.0440723161391431,0.0965960674232115,0.0187788705508113,0.522679093389445,0.0121439395863708,0.0390897839428471,0.198017511264852,0.0133820867452085,0.0552403309581103,"BC23270_D2"
"18x19",0.0457854936751752,0.106414924004681,0.0510859818078908,0.429144211184311,0.00279083297702981,0.0509090543671629,0.299521464620449,0.0103719093879667,0.00397612797533282,"BC23270_D2"
"19x19",0.0767324631993807,0.140241905384607,0.0095994759988327,0.389835953643602,0.00444783025103864,0.103463515692949,0.252552361174872,0.0120299312719769,0.011096563382741,"BC23270_D2"
"20x19",0.0259363550266788,0.197511888559278,0.0765552150822353,0.187680276104833,0.00395326733909604,0.159165775043662,0.31910043615627,0.0171342368698907,0.0129625498180549,"BC23270_D2"
"24x19",0.00905215238531685,0.131169952485089,0.0256376656037067,0.636806405507329,0.000926046946269521,0.0795436715314656,0.11087784616971,0.0032821109469943,0.00270414842411864,"BC23270_D2"
"17x19",0.0435110589368225,0.122154504772757,0.00340706136688388,0.628316254527904,0.00208330706483859,0.0317379635457538,0.152196180599311,0.00615468020070539,0.0104389889850238,"BC23270_D2"
"23x19",0.0379856457603991,0.120648295975428,0.00644552694043441,0.574316172685292,0.0015693952632427,0.117741706740784,0.112109090789633,0.0113887538636044,0.0177954119811831,"BC23270_D2"
"26x19",0.0425842669295454,0.201574146514193,0.0135770423627751,0.362393260757782,0.000801724980098367,0.122928678453153,0.248846215245024,0.00557344775250509,0.00172121700492252,"BC23270_D2"
"13x19",0.0978750240916195,0.116900325054885,0.0152214910708318,0.510396978824173,0.00547988931302514,0.0239538659297692,0.184323276765173,0.0257698871920828,0.0200792617584403,"BC23270_D2"
"15x19",0.0758824929195662,0.115776652264184,0.0115963708233292,0.559855123955299,0.00373260946093826,0.0300842221737214,0.157602088721037,0.0271735801907239,0.0182968594912008,"BC23270_D2"
"25x19",0.111845719400238,0.146222850321564,0.0153028377231329,0.43070637164391,0.00333290941331152,0.066819880194351,0.204146861528097,0.00601900505228395,0.0156035647231118,"BC23270_D2"
"14x19",0.118145709055517,0.0933939636562778,0.00975502124715958,0.402252890874732,0.00511016238274753,0.0452909309683036,0.25457116513018,0.0339388545807064,0.0375413021043754,"BC23270_D2"
"21x20",0.0201391361267891,0.1425698850807,0.0133484190573233,0.501557505658021,0.00301355887632114,0.0735086908612227,0.210568157224374,0.012937144910395,0.0223575022048539,"BC23270_D2"
"22x20",0.0443452824664066,0.111921019266426,0.00573566023371183,0.519399629551856,0.00160274396495297,0.162195700115676,0.132775317207443,0.0130581062786613,0.008966540914866,"BC23270_D2"
"28x20",0.101671813642292,0.121948456294823,0.00669633021945445,0.454104183534232,0.000775852019236655,0.124557073338748,0.185139696438835,0.00390953803517229,0.00119705647720648,"BC23270_D2"
"10x20",0.0464694167080351,0.0338347791940963,0.00765627951322453,0.160759114251353,0.206103889781717,0.0494001303855219,0.0536243223304487,0.0299662751451255,0.412185792690478,"BC23270_D2"
"9x20",0.0207277610400728,0.0412300177914924,0.00804505587240538,0.409891029079006,0.0484710651241007,0.095144605416853,0.0713189875482024,0.0430243223596123,0.262147155768255,"BC23270_D2"
"20x20",0.0878354552356784,0.148453251970574,0.00759373775752509,0.430832724453009,0.00161926959262965,0.0763010396069415,0.222962138025907,0.0153836311602104,0.00901875219752484,"BC23270_D2"
"11x20",0.08990846572176,0.0780459200610466,0.0159544017450691,0.290147704609218,0.0517323822886592,0.0923008388463556,0.179911598346414,0.0368970803475503,0.165101608033927,"BC23270_D2"
"26x20",0.0857665005558828,0.152262501565343,0.0329446249250085,0.385248844979928,0.0102693975784718,0.0627849924743501,0.233777407183963,0.0111403515636652,0.0258053791733869,"BC23270_D2"
"16x20",0.0413768978671623,0.200698908214714,0.00387996573718466,0.411149738855777,0.0020276779076747,0.104948925418801,0.206349422918988,0.0226522042774904,0.00691625880220849,"BC23270_D2"
"15x20",0.0449181293749573,0.13213063499409,0.0187871212308913,0.453348661898192,0.00319780288855431,0.077007469153946,0.222701947256269,0.0269625209433138,0.0209457122597864,"BC23270_D2"
"23x20",0.0379887335754866,0.105428693205949,0.0110856417749756,0.565554267762192,0.00449421016866525,0.115424788680195,0.117097984366348,0.0242560915178989,0.0186695889482902,"BC23270_D2"
"24x20",0.021073191972016,0.095642580832839,0.00552932156249617,0.596096828575326,0.000999487734483501,0.136420204864839,0.120755990263054,0.00973768091243725,0.0137447132825099,"BC23270_D2"
"19x20",0.0270079839038339,0.123594897993627,0.0213331902743452,0.622540923971546,0.00179052894736362,0.037205770997177,0.133102206856127,0.0105577696971457,0.0228667273588345,"BC23270_D2"
"27x20",0.072083850205052,0.0848367761542185,0.0423451061025694,0.477748824738525,0.00237560508445702,0.102198465858085,0.185372332878155,0.0103420494128791,0.0226969895660586,"BC23270_D2"
"8x20",0.0742621759190679,0.0483900968634062,0.0200323543837852,0.374451131150194,0.0424146245804347,0.0218617210374581,0.0769532250342321,0.036447662010762,0.30518700902066,"BC23270_D2"
"18x20",0.0110978705579245,0.0939985828223423,0.00439531620206616,0.733467297535153,0.00263611578017992,0.0253330167891922,0.0932494174816665,0.017111678661987,0.0187107041694887,"BC23270_D2"
"25x20",0.0737481543557974,0.119183477488592,0.02913371873567,0.474654995698383,0.0322601574517957,0.0896688002195219,0.101365820998411,0.033840065990475,0.0461448090613535,"BC23270_D2"
"12x20",0.0416986031939345,0.076810987532239,0.0174912749389264,0.54795512669139,0.00688592546183353,0.0644326539080249,0.206424352234805,0.0181939544861256,0.0201071215527216,"BC23270_D2"
"13x20",0.0983312256068515,0.136646238087952,0.0227842086790368,0.300406889442604,0.0114076249573318,0.0792054149481302,0.296666837014977,0.0273353941961493,0.0272161670669681,"BC23270_D2"
"17x20",0.0518451980561919,0.0859600354062921,0.0241962380100169,0.683238629725426,0.00121821251393223,0.0277840062804545,0.113215400115019,0.00320739304830696,0.00933488684436042,"BC23270_D2"
"14x20",0.0504482106549035,0.107851698897175,0.0163016888665993,0.495769065421545,0.00671013268233915,0.0375386389467354,0.262143864104181,0.0139541037550071,0.00928259667151464,"BC23270_D2"
"29x21",0.00846028611132076,0.094282008682934,0.00174517017852235,0.731906035801329,0.0012140909147149,0.0626607477488624,0.0834882263016544,0.0027873859694328,0.0134560482912297,"BC23270_D2"
"21x21",0.0419061023956125,0.152158997189181,0.0136003622929555,0.383153110050191,0.00441885104835604,0.108606544357902,0.266166480527474,0.0187571432617928,0.0112324088765355,"BC23270_D2"
"22x21",0.0218746544279794,0.211378782914557,0.00840218461261121,0.348716296728231,0.00208874746686425,0.154751928858687,0.229524598107716,0.00504253935554425,0.0182202675278099,"BC23270_D2"
"27x21",0.0405942290953848,0.0590339228285217,0.00988135178216778,0.386748222417743,0.122903847424317,0.0796674572670106,0.0621645453318149,0.0306060322961384,0.208400391556902,"BC23270_D2"
"19x21",0.0613215450320899,0.0987379315635006,0.0169296595742382,0.563138102676185,0.00475279956122683,0.0361364005625609,0.195511899840121,0.0096833121270381,0.0137883490630394,"BC23270_D2"
"28x21",0.0490449718604479,0.137364862621597,0.0152376234948139,0.46029816058349,0.00869296287869654,0.113666434463546,0.179331018678584,0.0173940631515084,0.0189699022673163,"BC23270_D2"
"16x21",0.0328320655543661,0.142677892008427,0.00877511358084022,0.57469335703358,0.00364957481243821,0.0649192137962352,0.151462910335082,0.0118788271292102,0.00911104574982119,"BC23270_D2"
"20x21",0.013930679973589,0.158119464833743,0.0318413972081069,0.454950725448064,0.00205143404836081,0.106571081263347,0.195988349029073,0.00933307394697454,0.0272137942487429,"BC23270_D2"
"9x21",0.0860132489573777,0.0744685554746473,0.0174221369667124,0.328961370219994,0.0697384949821422,0.0615104584080532,0.114877937131336,0.0517164661042186,0.195291331755519,"BC23270_D2"
"10x21",0.0969533266978429,0.0839697160255684,0.023996157147139,0.196555746913982,0.103570223118816,0.0642541149210705,0.176641534306033,0.0468913724531618,0.207167808416387,"BC23270_D2"
"26x21",0.0230977566751872,0.153274456600358,0.0202019621337006,0.518247426891707,0.0102218212013884,0.130407571360165,0.114892448906347,0.00605457869728926,0.0236019775338591,"BC23270_D2"
"11x21",0.05768131774594,0.0603695527002232,0.0159434553286816,0.274244138348907,0.0836919439015014,0.0907040500495272,0.110481291267012,0.0407882942888985,0.266095956369308,"BC23270_D2"
"8x21",0.0486472985853718,0.055782101414179,0.00992291661794798,0.370478401508765,0.0348753319233406,0.0628889432542135,0.104442660536372,0.0452752801913961,0.267687065968414,"BC23270_D2"
"15x21",0.148586808144212,0.0759596344050468,0.00662852485027941,0.439869474465714,0.0022898597558272,0.0448043141723567,0.268886858029841,0.00819692980866305,0.00477759636805986,"BC23270_D2"
"18x21",0.0209431735572337,0.107843206975675,0.00392722703705636,0.710432564648982,0.00018068088686043,0.0521238494747547,0.0973060492891798,0.00616444802817063,0.00107880010208806,"BC23270_D2"
"24x21",0.0309950155965625,0.194984176939063,0.00669441284806836,0.48045123470586,0.00273106799910639,0.0772869773596592,0.186959902832865,0.0144382130850625,0.00545899863375416,"BC23270_D2"
"23x21",0.0347756839930666,0.200323183360186,0.0190956208452692,0.456720048051694,0.00155507507110847,0.124271027665446,0.147483829733669,0.00821882336791821,0.00755670791164319,"BC23270_D2"
"12x21",0.0473410099092973,0.0789642371940374,0.0258661067407321,0.466650200320646,0.0299388929683159,0.16512910104269,0.0711915419065114,0.0472609643663675,0.0676579455514022,"BC23270_D2"
"13x21",0.101822283502741,0.11688367985839,0.012513409129272,0.371905441899331,0.00255165509655143,0.0545099508082094,0.320345807579847,0.0131003821012949,0.00636739002436344,"BC23270_D2"
"17x21",0.122108764363868,0.131067268957198,0.0204739249406081,0.461887200105818,0.00554624351139263,0.0769427358913487,0.155415144795113,0.0083671070856074,0.0181916103490469,"BC23270_D2"
"25x21",0.0208382835839741,0.0585713439212401,0.0243294189571106,0.648211484492737,0.0039410086615674,0.117832461945391,0.104567382091478,0.00844984687304673,0.0132587694734554,"BC23270_D2"
"14x21",0.0403904144770905,0.155195614917418,0.00671122038394937,0.408506269465898,0.00518527907360306,0.0580908910024302,0.285880697053269,0.0215329691422633,0.0185066444840789,"BC23270_D2"
"22x22",0.0590265811501286,0.163682279667474,0.0355620497544322,0.479408920484597,0.0025159057228447,0.0808902704327203,0.144105754829816,0.0157025316768112,0.0191057062811758,"BC23270_D2"
"21x22",0.0549750054071341,0.120349087606244,0.0294687301256056,0.374743007597897,0.00131072573219001,0.188634290405183,0.195700382778172,0.017522780804017,0.0172959895435561,"BC23270_D2"
"20x22",0.049375092607063,0.0705399984661305,0.0108715812993383,0.617980538740927,0.00469670660537919,0.095489517283215,0.0975507592447368,0.0344457084400221,0.0190500973131884,"BC23270_D2"
"11x22",0.140075935079846,0.136560670175849,0.00447661786891976,0.20621078499042,0.0329160964345679,0.169140780071604,0.199144220151801,0.0384597477044608,0.0730151475225329,"BC23270_D2"
"19x22",0.0461666199170912,0.107960135687694,0.109986244323868,0.537686686029469,0.00143917473989736,0.0514125965943263,0.12888100460785,0.00766427844696726,0.00880325965283625,"BC23270_D2"
"10x22",0.119643875088418,0.102348460086899,0.041612156316791,0.173460897779279,0.0683628201338304,0.0485272701248641,0.273718405364043,0.0343089608463343,0.13801715425954,"BC23270_D2"
"26x22",0.0994356209031864,0.132857787313697,0.025620922930747,0.44296414558265,0.0036930122791429,0.0643553410095092,0.214947333881842,0.0104097072448218,0.00571612885440337,"BC23270_D2"
"9x22",0.0305439623311911,0.0866475484745504,0.0163187647433262,0.409500618826047,0.0433448156337442,0.0908613881611665,0.134355786414517,0.026473447365647,0.161953668049811,"BC23270_D2"
"7x22",0.0292368976815428,0.072596895351991,0.0215950362843321,0.452817873711844,0.0624868757125539,0.0396846005813347,0.120165416234454,0.0436416127713978,0.157774791670549,"BC23270_D2"
"8x22",0.0539534681160293,0.114392019848081,0.0164606237872263,0.25392210352422,0.0627003545245109,0.0981560352173051,0.156993691113019,0.057719308360973,0.185702395508635,"BC23270_D2"
"18x22",0.0764063168879963,0.113658019065221,0.0128826252819065,0.431240280721015,0.00478774319256539,0.125583959831313,0.169384492061929,0.0268578965900657,0.0391986663679873,"BC23270_D2"
"13x22",0.0472935965253322,0.107028666948145,0.0483210597919033,0.446299686918926,0.00196694600829167,0.101180783886568,0.221572431521086,0.0208642987459772,0.00547252965376981,"BC23270_D2"
"12x22",0.137695925799501,0.0575922466367091,0.0360443066547437,0.315306645837818,0.0426299741583385,0.0726241213276682,0.108254566930908,0.0194090034202967,0.210443209234017,"BC23270_D2"
"15x22",0.0603520302118259,0.114347820413511,0.0122954835979238,0.253749901348357,0.009922748849946,0.0930166841426352,0.358195663375163,0.080934721342523,0.0171849467181146,"BC23270_D2"
"16x22",0.0765932707361311,0.155862651207928,0.0148219868492357,0.441454198407094,0.00259112787492649,0.0680634867949495,0.210606779639338,0.0226592590457925,0.00734723944460411,"BC23270_D2"
"17x22",0.0308928511608234,0.117777974089652,0.00932377429571877,0.397184659765335,0.0255664671989045,0.0768273413366622,0.218027322618253,0.0220887197523759,0.102310889782276,"BC23270_D2"
"25x22",0.0605096121719241,0.121583312272151,0.00433630202593464,0.533460549695684,0.0020419115125067,0.105631276924087,0.162256488307813,0.00281364087900144,0.00736690621089732,"BC23270_D2"
"14x22",0.0540322641561818,0.0913133451100098,0.0279722511605168,0.212027445414597,0.0113347218734779,0.110520332484185,0.359784091991405,0.0967466117939368,0.0362689360156892,"BC23270_D2"
"21x23",0.0402639531901211,0.140146405436431,0.0158650212007258,0.408825341974454,0.0167998898750212,0.136840929477236,0.187072276748708,0.027599603591877,0.0265865785054251,"BC23270_D2"
"22x23",0.0218387973122127,0.109973269802336,0.0149617052972112,0.543922688710771,0.0033168151645448,0.124220836276475,0.123800367944052,0.0235369059147948,0.0344286135776017,"BC23270_D2"
"10x23",0.0693222866026426,0.0955486869469329,0.0139360068628344,0.244321454754938,0.0528129109575228,0.130851083849329,0.25119656758509,0.0603841066689002,0.0816268957718108,"BC23270_D2"
"11x23",0.0659987771372205,0.150059144223442,0.01503683537104,0.380922226734288,0.0101089403154625,0.122004573400986,0.193658373689079,0.0409272676215605,0.0212838615069214,"BC23270_D2"
"20x23",0.0277387113258654,0.170670679255588,0.00600141566916905,0.32962083708155,0.00238819352954597,0.179919993001962,0.259941243543416,0.0182581065970801,0.0054608199958233,"BC23270_D2"
"24x23",0.0638933716087782,0.113016872159104,0.0136581235366673,0.4809033859493,0.0020777001924424,0.0909703603934826,0.221164207436365,0.00752117620929624,0.00679480251456378,"BC23270_D2"
"8x23",0.069442242937706,0.111857917920117,0.0115255748211813,0.350013588352016,0.0407999761605604,0.0872597742080587,0.165325852651103,0.0559974037681371,0.107777669181121,"BC23270_D2"
"25x23",0.123341623494959,0.163469090857373,0.0116277229136826,0.34593387896201,0.00126612350222749,0.110623244503411,0.229308448602779,0.0101494059460872,0.00428046121746971,"BC23270_D2"
"9x23",0.074635479873939,0.0841420313106152,0.0213299058841957,0.15378820247482,0.0496919658097126,0.135471346418275,0.303793763875977,0.0775729391902912,0.0995743651621745,"BC23270_D2"
"19x23",0.0297421562697147,0.108774490435186,0.0309131892303482,0.641097637426217,0.00581661591954367,0.0438239756285981,0.107438094362795,0.0130351007470684,0.0193587399805286,"BC23270_D2"
"23x23",0.0751290734734034,0.0865468698165327,0.0129921286898386,0.439221710763364,0.00473879182325768,0.0937044582956662,0.263462044335709,0.0117686305505984,0.0124362922516302,"BC23270_D2"
"7x23",0.0201719309402341,0.0532551987702754,0.0290419767921241,0.391824718026977,0.0395235496309968,0.0335988838720644,0.170397739419771,0.0486426215721667,0.21354338097539,"BC23270_D2"
"12x23",0.0477867322925191,0.116152737606742,0.00678093931952453,0.37500197242565,0.0223400057974137,0.102346601630709,0.236584937159356,0.0438095333851877,0.0491965403828987,"BC23270_D2"
"13x23",0.0147836576000255,0.0775810460474798,0.126698483845456,0.302643410063713,0.119747156369846,0.0691051727864993,0.17723455989766,0.0304095834141857,0.0817969299751346,"BC23270_D2"
"15x23",0.0168368957938597,0.081938313479421,0.0310233140145518,0.726531961128741,0.000510232143096905,0.0267110962258091,0.103900041418858,0.0104793327050113,0.00206881309065116,"BC23270_D2"
"18x23",0.036307423566887,0.109955977262612,0.0135171531835007,0.67739619820814,0.000903400779784378,0.069343124222544,0.0857340038193279,0.00316028661664322,0.00368243234056073,"BC23270_D2"
"14x23",0.090583449007463,0.0815263297147791,0.0318574947834814,0.34489433197709,0.0174504280425392,0.0553502175267551,0.253055712188841,0.0325265221731542,0.0927555145858968,"BC23270_D2"
"17x23",0.0666968510636691,0.136369466495532,0.0206401456819876,0.511989285890505,0.00957954114139981,0.0493905003327323,0.145512401277008,0.028709337981546,0.0311124701356209,"BC23270_D2"
"16x23",0.0899954602561473,0.112362539671394,0.050881938947804,0.538529027977389,0.00124112658909917,0.0872919148069254,0.103132406276881,0.010215775842543,0.00634980963181729,"BC23270_D2"
"22x24",0.0937770845656274,0.148566706941432,0.0262737099234444,0.367163062432912,0.007019105284604,0.105218249950937,0.216797058732079,0.00939164120981546,0.0257933809591491,"BC23270_D2"
"21x24",0.0223937230524896,0.13351797741186,0.0150183889691952,0.487980353629224,0.00470949117590829,0.125409502089818,0.140121959908954,0.0130441055566804,0.0578044982058701,"BC23270_D2"
"20x24",0.0401360282590782,0.0986048717382023,0.00259159309711737,0.491474747683588,0.00501512360753303,0.116599582815132,0.226969757729076,0.00609673106632092,0.0125115640039521,"BC23270_D2"
"10x24",0.0415760585397329,0.155237481298561,0.022499094135188,0.161721980428582,0.0371377915252893,0.142659453407752,0.368343686672871,0.0462901705651786,0.0245342834268459,"BC23270_D2"
"11x24",0.14106903089817,0.112301356282275,0.0136901690491006,0.242711212539212,0.00539188320318631,0.129323009624955,0.336736131267232,0.0141477973656114,0.00462940977025762,"BC23270_D2"
"19x24",0.03857065961348,0.12496567542093,0.0100058070170355,0.500790438799362,0.00208057967543908,0.0640691722986867,0.239829275980306,0.0176823860261937,0.00200600516856801,"BC23270_D2"
"24x24",0.0163356733274048,0.0508641770528914,0.00431179741366175,0.564188175182014,0.000255520931882433,0.125476664970575,0.236882733303707,0.00123567213736831,0.000449585680494816,"BC23270_D2"
"16x24",0.0498088944226448,0.110197497304303,0.00457166497335177,0.587520379827502,0.000545880870411447,0.0397714128987219,0.195804763518708,0.00788349569601697,0.00389601048834027,"BC23270_D2"
"9x24",0.0389668736683935,0.0594454899091358,0.0130973793640694,0.274433038325737,0.104977937906758,0.115502800835559,0.211367333720242,0.0593340211493431,0.122875125120763,"BC23270_D2"
"15x24",0.0430839303660055,0.0734729191478545,0.0119227398855543,0.585251333411037,0.00977569938077691,0.0525378619017019,0.202213484616326,0.00963338845631985,0.0121086428344245,"BC23270_D2"
"18x24",0.0356423283947626,0.0890173469247136,0.0215048171358048,0.557453976649965,0.00567404875921199,0.0737949568177005,0.169971239342907,0.0259924187323913,0.0209488672425422,"BC23270_D2"
"13x24",0.0172767954951226,0.0459257071885066,0.00894948467150053,0.375510272429308,0.0225878551247741,0.204786336629489,0.165970415012673,0.0467941500055434,0.112198983443084,"BC23270_D2"
"7x24",0.0456449797080471,0.0855107856984046,0.00606482631093868,0.435340239248583,0.0139404107438595,0.0578321344614213,0.196678771922134,0.0467555076847742,0.112232344221837,"BC23270_D2"
