"","Endothelial","CAFs","PVL","B-cells","T-cells","Myeloid","Normal Epithelial","Plasmablasts","Cancer Epithelial"
"10x2",0.076598537655985,0.0423798202553612,0.0417353286672454,0.202251117754065,0.141360403403037,0.115575557330201,0.0083187476891385,0.107419601724654,0.264360885520313
"6x2",0.0481152070450715,0.0451129681976122,0.0333454964336914,0.211994400269621,0.185038722383511,0.0626696849459934,0.00622030073079031,0.190249513893567,0.217253706100142
"9x2",0.0385075926208189,0.0395520253813064,0.0400547010862785,0.100282502607255,0.0744304861425334,0.106871767829896,0.0063478361320292,0.399155224924327,0.194797863275556
"8x2",0.0775166462696584,0.0441385722473476,0.042921213278437,0.0748235651560349,0.077627078602296,0.124702442268853,0.00398086433636234,0.219763779619718,0.334525838221293
"7x2",0.115710216973721,0.041916832093468,0.0363547812342408,0.0540956283775932,0.133417071871589,0.0714352406317909,0.00804284766238703,0.228426747795284,0.310600633359926
"11x3",0.0815909173817392,0.0513939007137114,0.0288296015392192,0.152796947668776,0.10532809399694,0.071711993994338,0.0128180026284852,0.196639086411902,0.298891455664889
"10x3",0.0454291536504934,0.0429890349521185,0.0214751047488794,0.0440068934027212,0.108509208373898,0.0680294553725752,0.0171689996849006,0.440780413220151,0.211611736594263
"9x3",0.0633029978862994,0.0646325110005072,0.0337108284378996,0.0981605062079166,0.089631055971748,0.125264100323702,0.00771227955273212,0.270667718023935,0.24691800259526
"8x3",0.0396894841964551,0.0551637115273953,0.0279683566869601,0.0205724711011492,0.0528874455231651,0.132114672744501,0.0138473275090173,0.413434195828689,0.244322334882668
"12x3",0.107002845815037,0.0439892129910294,0.0349999153022947,0.108298407463027,0.235434479006837,0.0916337778543283,0.00390747702170996,0.161390304283614,0.213343580262122
"6x3",0.0724830417057023,0.0703941184615685,0.032926430713729,0.0963169025187534,0.164553464221194,0.142381456737967,0.00427079490793881,0.206481651141911,0.210192139591235
"7x3",0.097234047503647,0.0567236903630214,0.0392376767415649,0.0522841800183892,0.0928373962092961,0.107972679650754,0.0129364673445059,0.295352529173079,0.245421332995742
"11x4",0.0625791309716863,0.0357765918888269,0.0398709998415444,0.14654813759695,0.0950115287457043,0.0566099316285914,0.0257921728042591,0.218658075326166,0.319153431196272
"10x4",0.0695190881657006,0.0373032393637519,0.0396654065418853,0.136911622248422,0.117089164441078,0.0402448393710564,0.027578880530289,0.245377340511712,0.286310418826105
"9x4",0.0711811548556547,0.0410774544409208,0.0263832066573688,0.232889145652685,0.163779307994604,0.0644712011460439,0.0110793172225959,0.19755542311398,0.191583788916148
"15x4",0.0488305028451326,0.0339741571513632,0.0236896442781292,0.147761133914104,0.180631901453823,0.0521102776132365,0.0131004326731459,0.18706923894573,0.312832711125336
"13x4",0.0811133834314875,0.0405075243562173,0.0274912458540328,0.0572224206095952,0.138538850017047,0.0902248462098027,0.00436761549835025,0.238427160036058,0.322106953987409
"14x4",0.0428354184680713,0.0649428581660825,0.0469699829874145,0.121960657849443,0.128979493963548,0.095488146266625,0.00890430468461727,0.257395863645773,0.232523273968426
"6x4",0.0419574208356768,0.0679918878923429,0.0398251123024145,0.122814286609084,0.0907322857535808,0.115846418886192,0.0108563624395614,0.214966302688325,0.295009922592822
"8x4",0.0795176682162889,0.0440961089390425,0.0307445601249941,0.0515525413098426,0.0684281334081178,0.100987534162059,0.0123094466397221,0.261824374633832,0.350539632566101
"12x4",0.0517690396873845,0.0437514546008645,0.0100221296401965,0.0197338940298378,0.0463535878738026,0.0757503421107553,0.00379116659921977,0.325331799904756,0.423496585553183
"7x4",0.0360301154227202,0.0548502739621191,0.0506954341523137,0.100778290362219,0.216558692157783,0.085092270443335,0.0180241922326296,0.16853361892382,0.26943711234306
"11x5",0.0584430906662848,0.0393739947244367,0.0347342995198973,0.0709537496386878,0.127750744132625,0.076002552071588,0.0178650358531974,0.233701701136336,0.341174832256947
"10x5",0.048139875928723,0.0310341431219784,0.041412380359963,0.142612974881215,0.104162905863694,0.0751724801228772,0.00866773538461257,0.177363563135969,0.371433941200968
"17x5",0.0433819447867258,0.0303212158792901,0.0294815365497025,0.103733026149591,0.0756767476028298,0.0813882044551591,0.00797489089558461,0.324501293956487,0.30354113972463
"7x5",0.0800026203358617,0.0343824614173945,0.0301040562597733,0.127352254040036,0.203570305379218,0.076488946876864,0.0171484269602191,0.22556370558956,0.205387223141074
"9x5",0.0866408438318798,0.0317355975492696,0.0254812855329332,0.119879488580728,0.103287901707557,0.0648300153105004,0.0112284179744812,0.374183726499633,0.182732723013018
"14x5",0.0547211296040919,0.0411312488264675,0.0297369847931975,0.122309035230296,0.0902265655779014,0.100776989119513,0.00763498109384556,0.164332298564773,0.389130767189914
"15x5",0.0538549959281708,0.0283816884113838,0.0282568663313847,0.116796473003839,0.117436616831,0.0741009981591652,0.0154886500922546,0.269891694012981,0.29579201722982
"6x5",0.0518564251647064,0.0381538109110378,0.0593523870384382,0.160660716522994,0.0893591460692655,0.0998325862609918,0.0170362481271601,0.287245368817225,0.196503311088182
"12x5",0.0457079230741333,0.0501714445248253,0.0274336463212575,0.0630214357376347,0.111724475145425,0.112826646783751,0.0096329871763129,0.220006526740623,0.359474914496037
"8x5",0.071967377407524,0.0310387327464856,0.0326882136494253,0.0432093145659228,0.0927213330878407,0.0763619065221508,0.00699879435333483,0.25665318340381,0.388361144263506
"13x5",0.0868795086659689,0.0330335265299397,0.0283454450893068,0.0992381419048707,0.135078706553791,0.0757548229483169,0.0141993082434339,0.185398479909964,0.342072060154408
"16x5",0.0466564124315058,0.0290155894450709,0.0287559295907321,0.0471018540014387,0.0839260262231778,0.0847191245776124,0.0380217264029854,0.34638133974476,0.295421997582717
"21x6",0.0573811533083097,0.042004741096425,0.0305311332597571,0.197124149729574,0.171355766904881,0.0722046407674327,0.00799176278663505,0.207295422657405,0.21411122948958
"4x6",0.0358937464218082,0.0397084568930081,0.051994055442488,0.10288747024494,0.160921673206552,0.0683752117273142,0.0126498131023622,0.337362704249252,0.190206868712276
"20x6",0.0259875523624291,0.0448539958625179,0.0191094624581378,0.152088545670205,0.162274693018456,0.0573933256650799,0.00740908970571627,0.197325070672703,0.333558264584755
"11x6",0.104543116758492,0.0525606876167859,0.0446131795903688,0.162688025769396,0.16495209868082,0.0626291832926857,0.0046719131558543,0.0607145204640268,0.34262727467157
"19x6",0.084464919249081,0.0458163175647167,0.0390033692725737,0.0804211993311362,0.161778188792369,0.104184818735333,0.00504838428861251,0.261615325529463,0.217667477236716
"16x6",0.0506136376093507,0.0220593984925726,0.0164376128473549,0.187109946411169,0.165084568755477,0.0590924918328009,0.0123984604418117,0.169373736652594,0.31783014695687
"17x6",0.0707333193488592,0.0323169469153843,0.0446451301424023,0.120143317851493,0.120977153320124,0.0592826506041135,0.0187025623021605,0.203455647263559,0.329743272251904
"18x6",0.0722876691748596,0.0439393952714273,0.0376149603698602,0.0795972463855502,0.175170978516849,0.117356677463257,0.0216468541130265,0.1342350974485,0.318151121256671
"15x6",0.0762122988889858,0.036910391269382,0.0373640280204769,0.0932789202956567,0.129288471035954,0.0721253133995119,0.0140489709948938,0.217135089087313,0.323636517007826
"10x6",0.0497088391932818,0.0383977215162766,0.0529107629738096,0.119826097391454,0.118436437799601,0.0840693322389586,0.0211216751330005,0.142739790927051,0.372789342826566
"14x6",0.134094817913489,0.0462958885407127,0.038528699273647,0.0904958568487036,0.220431764058022,0.101151970096601,0.00771917981684251,0.163501073626635,0.197780749825348
"12x6",0.0399283649909745,0.0405274419530761,0.0372002650829562,0.128890805219772,0.0899810899848375,0.0746936841876877,0.0189349517058598,0.248871605837584,0.320971791037252
"8x6",0.036473740680536,0.0326853883592384,0.0395630862866822,0.277692096918777,0.195959106711129,0.0585234128035478,0.00725273245597778,0.16982285487475,0.182027580909361
"5x6",0.102964733134529,0.0498211863340911,0.0560050391931426,0.0960977901584992,0.138857536962433,0.132424937142649,0.00790466193206338,0.193477936527157,0.222446178615436
"7x6",0.0644859646659576,0.0323078815579729,0.0245513446731543,0.088170860244701,0.105621672653731,0.0965993326643747,0.0224761920210375,0.154772912618389,0.411013838900682
"13x6",0.0659841491931712,0.0377933270862466,0.022919603054159,0.0653279585342629,0.0982797200651855,0.109842062967734,0.00503014658919931,0.292679751193692,0.30214328131635
"9x6",0.0619486104548569,0.0502199877114235,0.0382933461379229,0.0909049936611112,0.0775538077022586,0.0712863022206671,0.0340543686350584,0.194704964787824,0.381033618688877
"6x6",0.103039446454337,0.0384916465379601,0.0516831210240851,0.0377519018369585,0.1230761991728,0.0991691762353563,0.0167972537389216,0.1725714812192,0.357419773780382
"22x7",0.0516933796667961,0.0285170361062001,0.0259283309362989,0.153836985388849,0.161798856552796,0.0668212066271991,0.00470182808639464,0.246434495777447,0.260267880858019
"11x7",0.0407218021704641,0.0405449568607566,0.0281084343131368,0.0380023827432345,0.134016552409587,0.089848225901386,0.00336783852370929,0.292529568455636,0.332860238622089
"21x7",0.056079859815656,0.0261031035758093,0.0347972791960978,0.0806268493925469,0.072199513107104,0.109564458271721,0.0109162353979435,0.247361247034442,0.36235145420868
"10x7",0.0742798610626714,0.0504610927316621,0.0320971880112112,0.0452468746739555,0.195692406325887,0.068419718788827,0.00805296709271239,0.169600955709334,0.35614893560374
"19x7",0.0583181188115045,0.03625321474759,0.027644890769096,0.214923298918978,0.166373804288074,0.0640599134199064,0.0106618769124772,0.263377436025795,0.158387446106579
"14x7",0.0495150516747993,0.032860349262061,0.0315479239096305,0.12103247442283,0.0733814377255473,0.0847788570316137,0.0146041155902384,0.275133963940464,0.317145826442816
"20x7",0.0526090610349116,0.0268074580147219,0.0274223023099609,0.146663441366103,0.147278260375784,0.0593438532229622,0.00745804765702637,0.288555142268262,0.243862433750269
"8x7",0.0885032658558035,0.0314309656074432,0.0234314843825006,0.153289833757947,0.179138369772693,0.0514271018898171,0.00984643589993973,0.193348992580504,0.269583550253353
"18x7",0.0439850724933456,0.0283279595468181,0.0189807448643254,0.103053457905862,0.143214544093883,0.107968465209255,0.00322261527317117,0.289048720479596,0.262198420133744
"4x7",0.0575506102609187,0.0460031190023806,0.0425313682503141,0.19448215066201,0.118318036497239,0.0700634328308425,0.00680915980857948,0.324610704073583,0.139631418614132
"9x7",0.0459596001846589,0.0305003385870948,0.023837980429944,0.0490306702018659,0.0784405199261071,0.0771337156420819,0.0134703334083935,0.208392569840821,0.473234271779033
"17x7",0.0424740174178061,0.029076469875405,0.0183188225189234,0.128646856796114,0.0524176133529122,0.0627319737698454,0.00526579553552064,0.245355661559264,0.41571278917421
"15x7",0.0457284145469304,0.0286718068154166,0.0303215738673785,0.123477526309928,0.230486219027634,0.0623994471277632,0.00837428747660741,0.167055676615275,0.303485048213068
"6x7",0.0815343188631624,0.031287137959029,0.0593131270810595,0.121440815428564,0.165361706801198,0.106772053240259,0.0161786740205776,0.12406491423849,0.294047252367661
"12x7",0.0738507895941802,0.048233989142163,0.0349059467992997,0.0692149259406242,0.0810524224303902,0.0895233506878446,0.0118598210940472,0.223969054172468,0.367389700138982
"7x7",0.0618378274936802,0.072645812424517,0.0571537301646072,0.0915236877017194,0.132639033088322,0.158942480229416,0.00829273145280617,0.142429674927109,0.274535022517823
"16x7",0.0764002115064939,0.0273235594980925,0.0265053896791101,0.160305102911939,0.117089085621988,0.0431602300836395,0.0124078389079146,0.23542087431853,0.301387707472293
"5x7",0.0594435544383285,0.0511346381046831,0.0321321891977418,0.115251588758378,0.111333328720241,0.0960612520897844,0.0113790023369311,0.191857193797913,0.331407252555999
"13x7",0.0474368563030682,0.0251656007488812,0.0180971911238123,0.0198961357932931,0.0823766905934256,0.0660322898578657,0.00525831987826656,0.165022136776962,0.570714778924426
"22x8",0.104830297077416,0.0503233755013887,0.0241621714146046,0.060672920282751,0.176541451664958,0.0858181642382451,0.00714514546002147,0.299394234061716,0.191112240298899
"21x8",0.0454789329201821,0.0365275808694379,0.0399358852917866,0.126258225170226,0.115825421500377,0.091869932941579,0.0066636262847294,0.224945595043189,0.312494799978493
"11x8",0.0790340522860731,0.046965944712434,0.0399878683212857,0.0681268185557717,0.0425397538426703,0.0999661766122737,0.0105088327255954,0.115294567198718,0.497575985745178
"10x8",0.100343166473733,0.037995569784185,0.0382497746530166,0.0889558297215695,0.212967225868221,0.0802763234519339,0.0108931930375788,0.155218709001521,0.275100208008241
"8x8",0.063448194993134,0.04213140905721,0.0344433404403887,0.0907022362463719,0.150081216417808,0.0739310013754865,0.00788364320287466,0.175335302351099,0.362043655915627
"17x8",0.0657401048976598,0.0351490080318222,0.036853387228936,0.0660095109609329,0.101637011767709,0.105716732788586,0.0101003962310104,0.185945406407812,0.392848441685532
"20x8",0.040336565520028,0.0322121168689131,0.0213180810273232,0.0916521781615807,0.142143491402847,0.0977636893728279,0.0053995043538501,0.323794433626826,0.245379939665805
"6x8",0.0982810856147469,0.0458350646494035,0.0455293897294813,0.0815803256151489,0.110376161609481,0.130400331082388,0.00863886731150188,0.084516175121672,0.394842599266176
"9x8",0.0695652344794281,0.036811773768288,0.0323416313625724,0.0571585058646592,0.116251807446269,0.0806742822280142,0.0075267683307461,0.127693709729431,0.471976286790592
"14x8",0.0503652900676488,0.0486284829270582,0.0279286612350939,0.112020765520033,0.184531100934802,0.075961272293274,0.0123106371742669,0.153296262038823,0.334957527808999
"16x8",0.0386516742000667,0.0155750707385216,0.0215004447415343,0.0715376255183278,0.135519692995268,0.056072128480197,0.0144936751181947,0.274126403499483,0.372523284708408
"7x8",0.0823188656074556,0.0631360061460464,0.0504084014128895,0.0616819316215289,0.154214348878725,0.1107103593883,0.0135353017461642,0.210393614062001,0.253601171136889
"18x8",0.0797263994535255,0.0388785840613406,0.0303393866507576,0.103277054080312,0.0846621171704635,0.124390042139308,0.00910453443476417,0.277273867437457,0.252348014572072
"24x8",0.0766164577704615,0.0413725553471898,0.0196372295593292,0.0326250349415962,0.0903329633156925,0.144083479125698,0.00492208681593826,0.236846150189468,0.353564042934627
"4x8",0.0652031461266942,0.0440332842804356,0.0508347172271862,0.154254996465448,0.174802090560164,0.111827550730722,0.0239443377039892,0.154694817967638,0.220405058937723
"5x8",0.0565093206270859,0.0144042493814972,0.0217581812767032,0.341888296865459,0.235610293891958,0.0725621688024254,0.0670722104434728,0.0709817928717972,0.119213485839602
"23x8",0.0320053716648947,0.0311092951646165,0.0302838681902336,0.112174808146357,0.0676471323013584,0.08762743002751,0.0130430387270195,0.417207917179782,0.208901138598228
"19x8",0.0269119968071746,0.0490703977945786,0.0325738182323477,0.0968916138565336,0.0633380500602577,0.113008145607316,0.0050731563153955,0.182143886130874,0.430988935195522
"12x8",0.0719189195935326,0.034430346905863,0.0321160511737524,0.245109142592352,0.170091047078709,0.0709099250073678,0.0102192163967525,0.135637662395529,0.229567688856142
"13x8",0.0559695894151044,0.0323839695212738,0.0401365010573572,0.0936686582862634,0.164031691380843,0.0657437839372857,0.00867349156932372,0.232641039195918,0.306751275636632
"22x9",0.0572255217791654,0.0310030279380167,0.0399059996127718,0.165949210221528,0.118433097668294,0.0927735006103475,0.00891167111319313,0.278578245257228,0.207219725799456
"21x9",0.0469156948804586,0.0476094967517342,0.0242551337952164,0.035618967400054,0.0664909290140954,0.134396897788706,0.00450822609791733,0.305290095957453,0.334914558314365
"9x9",0.0785431652600086,0.0434965005468535,0.0291848581874166,0.0885408134902578,0.165840609942878,0.0794561010985752,0.00842958460291417,0.206999435538101,0.299508931332995
"11x9",0.112929225097436,0.0447592858108397,0.0419069198288215,0.130422813501473,0.177551220567661,0.110138267825325,0.00678543795706962,0.152846459911763,0.222660369499611
"10x9",0.0726189758140256,0.065640474015064,0.0232962345494116,0.0305274497040852,0.101886433563449,0.0767553080135393,0.00661224124299782,0.254721655047933,0.367941228049494
"26x9",0.0473793219171559,0.0473153722535864,0.033169042751996,0.121688807171723,0.174803769172662,0.0739039379838076,0.00590531195930022,0.238652529067447,0.257181907722321
"17x9",0.0787612331263188,0.0437466216465712,0.0200708102928851,0.103887659988118,0.241169371729675,0.0869247420132848,0.0154711487705996,0.08341259473424,0.326555817698308
"20x9",0.0414638269826451,0.0294641865640499,0.0173843165200726,0.198291293048199,0.191355410664823,0.0553954819711205,0.00588787005573956,0.297527508574917,0.163230105618433
"25x9",0.0775421338223494,0.0986639036664392,0.0151452064564691,0.0141525496041217,0.0297891375389155,0.194774001703805,0.0153005597548764,0.220902095922505,0.333730411530519
"19x9",0.0387783285119683,0.0414313063880329,0.0318574299056816,0.0690849974348788,0.0824449766426638,0.0847964810401664,0.0126237960001867,0.269619494742027,0.369363189334395
"24x9",0.0802673147606159,0.0663961326689318,0.0262234245008765,0.0731442376761101,0.0494945057405769,0.0822229343848343,0.0074735199347015,0.289567985295712,0.325209945037641
"8x9",0.101978023294008,0.0381003901869543,0.043720175530451,0.0906422382559953,0.0877386032399428,0.0760970634100293,0.0163427127164711,0.192929353848803,0.352451439517345
"16x9",0.0255053469469594,0.0504345078302718,0.0369004763776821,0.171700858661351,0.188692724973566,0.0712363852642702,0.0276482693889322,0.113727264059591,0.314154166497376
"18x9",0.156534866607236,0.0387028136609852,0.0666872259352052,0.0321451281002171,0.145841766138416,0.121349746365951,0.00983567553184134,0.0819070266106866,0.346995751049462
"23x9",0.0430266454504766,0.0350051180914882,0.0260897011583745,0.0596889905229198,0.0631732042255487,0.102190202297683,0.00661221239796949,0.447069990737586,0.217143935117954
"4x9",0.0447658163744831,0.0372943257996591,0.0568517929336104,0.151197551864568,0.161277645015619,0.0610557962101436,0.0164931565369597,0.174608004396419,0.296455910868538
"14x9",0.0530813447442669,0.0351699182233633,0.0333618899709347,0.10475883304036,0.129146284663728,0.0860000997392347,0.0213324536781984,0.0550720570974935,0.48207711884242
"5x9",0.0421680373067346,0.0314073096414782,0.0310859089695602,0.130494696264525,0.178059986509288,0.0837052223104258,0.0205330883149285,0.121063600985067,0.361482149697993
"15x9",0.0640699340661178,0.0259729703615582,0.0402968978454131,0.161326051471958,0.178413806186463,0.0463756152892361,0.0139427990143877,0.250229646335957,0.219372279428908
"7x9",0.0830663575417319,0.0485626330020466,0.0315276048543123,0.155378982927314,0.137786345510682,0.0844222924438205,0.00561331498133914,0.243445448121914,0.21019702061684
"13x9",0.0243948502885589,0.0412785750321981,0.0248235537568031,0.114577734883231,0.130300453041547,0.0786047721388164,0.00388994608696919,0.208382322289231,0.373747792482646
"6x9",0.0715982437405128,0.0419632984340416,0.0492831143960939,0.167285558990145,0.162556364714558,0.0911500835747281,0.0100386210262612,0.165420306042951,0.240704409080709
"12x9",0.0771142573485864,0.0158689123719717,0.0406913839109963,0.0536523919830768,0.0753292016520114,0.105131996558109,0.0306467302679185,0.101693432676967,0.499871693230363
"22x10",0.0322055778429582,0.0387275550263536,0.0254055891096291,0.0835825517489413,0.0932939366943717,0.0856088611624867,0.0100099819711259,0.446453271825261,0.184712674618873
"21x10",0.0746370132254419,0.0247650763565311,0.0385623648753562,0.0946374724694852,0.136979386774979,0.0815683456797175,0.007181528520268,0.356485183830646,0.185183628267574
"17x10",0.0407603618266334,0.0506905644804909,0.0242414408578043,0.0491622627685106,0.0636323061036125,0.0868894662894518,0.0064744137265996,0.242984773077662,0.435164410869235
"11x10",0.074299403776249,0.0421185669176901,0.0376863552960676,0.0746389811560483,0.0712314731795386,0.103191260942329,0.00509421780391127,0.284246872922254,0.307492868005912
"28x10",0.0906618636587567,0.0329936074139178,0.0324075746005437,0.1398209590981,0.162448037956938,0.0820604347314438,0.0114187807816129,0.0734760832283849,0.374712658530302
"19x10",0.0229235269888729,0.0229119746244232,0.0225349490704158,0.0535282187532916,0.0478954660666224,0.133823676150661,0.00716925554886962,0.441815465352739,0.247397467444105
"20x10",0.0827221010250099,0.0341172215040942,0.0256581308007657,0.109873563214586,0.172441170746532,0.076267981694722,0.00791975808746533,0.349199338607588,0.141800734319237
"25x10",0.0597628795093284,0.0377200080505619,0.0260501524120323,0.159051759352967,0.149186906522871,0.0887900226277306,0.00835958687110016,0.167558768423604,0.303519916229805
"26x10",0.0691615326552683,0.0540970016775291,0.0234062679087516,0.0358494308939474,0.0724473428649645,0.0654566533900885,0.0152322598651188,0.272208378664446,0.392141132079886
"27x10",0.0358971624072748,0.0602356212120185,0.0307543176131467,0.0776326737585502,0.0666083188982796,0.103104617680372,0.00386023712637201,0.216917226113109,0.404989825190878
"10x10",0.076159293433406,0.0357484512573969,0.0369410946967867,0.077804970855403,0.0675213032849271,0.0967267048693977,0.00687966558372794,0.229230612281533,0.372987903737421
"18x10",0.0712253562405381,0.0433880845543171,0.0167720711174924,0.0749022496880008,0.112245249955702,0.0769312550703628,0.00823791609715072,0.264340584178561,0.331957233097874
"23x10",0.0308772934767688,0.0426862660212942,0.0307056863731903,0.0269493928377391,0.0353556948860017,0.0987962707450093,0.00995474610633234,0.360602835258839,0.364071814294825
"29x10",0.0806435801156781,0.0441841687489923,0.0257885723130983,0.149589076178966,0.153400274156655,0.0916183242692147,0.0170234657060547,0.200797071861787,0.236955466649555
"24x10",0.0582294175339299,0.0520167652512154,0.0493499286273799,0.108750987768398,0.0837752099883994,0.11046398183132,0.00922759294411126,0.230641120579546,0.297544995475701
"16x10",0.0522850652887937,0.0500461965745145,0.0255219832084852,0.0636066356040098,0.0706795258822225,0.0748934847640696,0.0137951262418934,0.345492141825738,0.303679840610274
"15x10",0.0797612146958614,0.0336822633587704,0.029561641502637,0.131185435731594,0.108793717846252,0.0596768332353371,0.00534184977650998,0.263264804604806,0.288732239248232
"6x10",0.0845882948422751,0.0517342145743587,0.0512177585029928,0.0719252027074179,0.136291831900463,0.117223657717251,0.00638896803659333,0.151459814987636,0.329170256731013
"9x10",0.0446751863051175,0.0346647233381818,0.0178262411412009,0.0934070188689836,0.109730985909603,0.0889052168319459,0.0048524317534778,0.204332459656599,0.40160573619489
"14x10",0.070437344992085,0.0414672965597591,0.0226136975485199,0.0646690576943956,0.21495997666787,0.0973553251840533,0.0055341443136625,0.183056631360859,0.299906525678796
"12x10",0.103121765497526,0.0555666144952953,0.0289181843660024,0.0318748823911376,0.0883425812841989,0.0934145214117168,0.0189747229070545,0.218673191138791,0.361113536508278
"5x10",0.0533491828324784,0.032041269433867,0.0446422298291873,0.19580889430584,0.167980852977324,0.0991355639862903,0.0197130894171361,0.12648392646433,0.260844990753547
"7x10",0.0865824150520568,0.0281129837780234,0.0386222950922437,0.214976123013675,0.186134007271657,0.0879016532625102,0.00884255445680898,0.140740549671467,0.208087418401558
"4x10",0.0537135752586394,0.029882145036674,0.0430720853175126,0.178605705240639,0.300270469268726,0.0418241486973309,0.0438324136280831,0.0964319980202118,0.212367459532184
"8x10",0.0987677862390466,0.0465503207471862,0.0176931356079133,0.0601759924480404,0.0614423314788105,0.0960986469591458,0.00737634517570811,0.21910749378635,0.392787947557799
"13x10",0.0453864391882563,0.0309485522404741,0.0339063435047332,0.0927925583021384,0.159139259225492,0.0925310681512527,0.0068657301271156,0.10537254111713,0.433057508143408
"3x10",0.081677789313367,0.0422336269426314,0.0538254496224054,0.252500728762898,0.111035071639497,0.0511816821450907,0.00874639174105028,0.113358456738484,0.285440803094576
"21x11",0.068957843716332,0.0316846184862558,0.0347180057411078,0.150496033513708,0.144482366059234,0.0535680024247526,0.00455430857474234,0.329289408018175,0.182249413465693
"22x11",0.0416440691973795,0.0500872059264008,0.0363452606534608,0.0734390379214264,0.109210632723138,0.111969018117622,0.00829257751280388,0.297411177384606,0.271601020563163
"10x11",0.0664202958322,0.0318712389517154,0.0459139574925527,0.088149603891291,0.206907397935398,0.06303594711959,0.0172052627737669,0.198281279078424,0.282215016925062
"30x11",0.111421247495283,0.0457145839887096,0.0368972844826332,0.0797854064054596,0.145683342246669,0.0872451057777922,0.00998103336455473,0.126687342174501,0.356584654064398
"28x11",0.0292445510047715,0.0594249719174815,0.0312150802651339,0.0856082264763208,0.0709382500340819,0.0711565482031652,0.0160831931050521,0.309945877681573,0.32638330131242
"27x11",0.0824746287897445,0.0535402832168249,0.0281520217700295,0.108018771503943,0.19849615195498,0.081965411093079,0.00737289892470521,0.116163739571527,0.323816093175168
"29x11",0.0423585614339682,0.0288234963474513,0.0413927033771768,0.0775863882043092,0.135561763954306,0.0681495822422546,0.0202634318734642,0.152001344194265,0.433862728372804
"31x11",0.0878766463401265,0.0331967962688786,0.0446588275127846,0.246370545145189,0.200368070696356,0.0609127865799587,0.0219170409241984,0.114485610903246,0.190213675629262
"20x11",0.031568822349935,0.0262672546879785,0.0517612624112944,0.210445443848183,0.195519015191868,0.0658928200476355,0.00344122263491882,0.286252461318907,0.128851697509281
"9x11",0.113864035154301,0.0319535390625246,0.0305526558753733,0.138728098565271,0.107363845173116,0.0663687585365711,0.014940526465916,0.157953923513068,0.338274617653859
"26x11",0.0504513297287922,0.0268023143199631,0.0297064036278418,0.0856413927924682,0.105003542054122,0.0537633465796786,0.0143549502647285,0.262900969300639,0.371375751331766
"19x11",0.039039578937442,0.0419860608113216,0.0272874601608479,0.055312191285678,0.0513262409211953,0.128802739907515,0.00309832878086221,0.335093843920917,0.318053555274221
"23x11",0.0605554172561086,0.0348572010643497,0.0229525366618428,0.113893340865563,0.140551316392403,0.0699589663132621,0.0171494157566332,0.259418508629583,0.280663297060255
"15x11",0.0380162668760091,0.0325974976877569,0.0242715838269878,0.124316766095774,0.180603942004585,0.104840253228191,0.0120668555374825,0.281524962095163,0.201761872648051
"16x11",0.0603634113858365,0.0335675686022627,0.0555524487563808,0.117630340931387,0.187264319805813,0.0921009729825617,0.0141413610600439,0.145893162713269,0.293486413762446
"5x11",0.0853759856346078,0.0505676981477925,0.0242075813101679,0.0672055863241637,0.0716275717140545,0.064535056176451,0.0189236102008785,0.127606490328502,0.489950420163382
"6x11",0.030849910146805,0.0300275406559731,0.0178643531793308,0.0165674849855604,0.0360540683349974,0.062904972542287,0.011842082670797,0.336080866114183,0.457808721370067
"17x11",0.0539610530499543,0.0220472967411736,0.0468953309232528,0.0490235478227417,0.118442627896378,0.0780181191309565,0.00683804458930077,0.315767237930832,0.309006741915411
"24x11",0.0592003104755785,0.0278868049217451,0.0212691875570857,0.0342988476940601,0.0578407358279998,0.0942206457547348,0.00338278353306397,0.262610511094863,0.439290173140869
"25x11",0.0649802859448391,0.0400471167966976,0.0422423793122126,0.121842349725458,0.0964224532411396,0.0908001555745991,0.00741214336268555,0.30044631303966,0.235806803002709
"14x11",0.0643891431811003,0.0879499157188794,0.027729452030991,0.0334033472235312,0.0673731136151698,0.090234540439472,0.00298494270749284,0.244937176482801,0.380998368600563
"4x11",0.149065467673288,0.0386769075381738,0.0463499966801432,0.0750576924452601,0.184386601467868,0.0879057446619604,0.00534250858919143,0.0883711083168806,0.324843972627234
"7x11",0.100352703793766,0.0586833869269674,0.0279881488400541,0.0542877458443141,0.121155900068176,0.0540882848864582,0.0069172589552062,0.210088573288288,0.36643799739677
"8x11",0.0608418651203931,0.0558743066161029,0.026548090744501,0.102521967000712,0.0633779966602938,0.0890686657750958,0.0165240527740145,0.240331310008134,0.344911745300752
"18x11",0.0730605546476197,0.0758231576317351,0.0248197094570455,0.048480908588602,0.158306966129639,0.102106573801699,0.00896896555409592,0.205603862972673,0.30282930121689
"12x11",0.0601681601232196,0.0465555022567838,0.0362396620539282,0.0880669987624713,0.124293073350886,0.0713265277382352,0.0177024911924963,0.242760290262034,0.312887294259946
"3x11",0.0580756896958259,0.0367736406678785,0.0530314716994667,0.0754043148940693,0.17375997109532,0.0664080649673056,0.0252267013706158,0.203497154379641,0.307822991229877
"13x11",0.0756948005658356,0.0517499627342807,0.0397686762278646,0.183834155840185,0.143860267645216,0.113552886067669,0.0103085470724195,0.162609739831844,0.218620964014685
"27x12",0.0649770967435051,0.0575140948045295,0.0404465034748073,0.0848506231209318,0.119029786850394,0.0617387878781845,0.00714388861804298,0.218383756880801,0.345915461628804
"31x12",0.079365807335913,0.0307743942609291,0.0310447550690865,0.149751925232724,0.165565412710249,0.0865031135435663,0.0184139573839819,0.161550501288714,0.277030133174837
"21x12",0.0362202050593697,0.0446152124881011,0.0314172417385926,0.0910795486931924,0.114798221095241,0.10658169973383,0.00624021948460111,0.317732121127881,0.251315530579192
"22x12",0.0615370536079962,0.0287715726107713,0.0242440192383266,0.208271915541687,0.103993356712316,0.049309081947516,0.0102343595173028,0.277693002762876,0.235945638061207
"30x12",0.0752792895050673,0.0423660969181391,0.029505553497231,0.0710815532588596,0.0727376020407466,0.092528787261461,0.0131982561292615,0.169094518841829,0.434208342547404
"20x12",0.0505013519049912,0.0422325391216984,0.0254641330975554,0.0338900140894943,0.0626886807146616,0.130735753673752,0.00557502240136728,0.286317371756199,0.362595133240282
"10x12",0.0561421551666422,0.0457789276608479,0.0214830104652712,0.0536447992761719,0.0821772529671883,0.12369711846681,0.00771346705999158,0.198021648841565,0.411341620095512
"11x12",0.0675655052608783,0.0484757379640023,0.0153307965016822,0.0157671090937473,0.0313274327278467,0.137453094350897,0.0103770685461305,0.0323892605447788,0.641313995010036
"28x12",0.063517636654044,0.0286651796888386,0.0540179659643662,0.0764490800926087,0.118487629510638,0.129441993994692,0.00747531063014974,0.151546390331249,0.370398813133414
"26x12",0.043314110978208,0.0304073985856677,0.0209287831475604,0.0474768184787705,0.102919383793007,0.0842841157065607,0.0171606155057643,0.311526735513725,0.341982038290736
"19x12",0.0617864824545788,0.0269416463085981,0.0360566409918287,0.103649978977001,0.185899012994493,0.0576277635556857,0.0102359067404896,0.309975218790004,0.20782734918732
"25x12",0.0412175609400708,0.0322756766708302,0.0341421916095828,0.211276027230114,0.182658944989892,0.0630708971591877,0.0103229529403807,0.125083227412172,0.29995252104777
"9x12",0.0455315299386819,0.0263768452356023,0.0136207059208471,0.0714503787663396,0.0796168470920263,0.0689758876525363,0.0217654879398651,0.39502469482129,0.277637622632811
"17x12",0.0421323181085215,0.0321177851724883,0.0318144516292169,0.0860565433323121,0.116340220963863,0.0703593515746028,0.0103399090587881,0.258836827805769,0.352002592354439
"18x12",0.0658727918454018,0.0394336345023393,0.0205374250100909,0.0707071031612422,0.149860373388374,0.0762316577283526,0.0139185569473312,0.258044642530848,0.305393814886019
"29x12",0.0516741537699056,0.0604320597889575,0.0345900865917476,0.159534818851594,0.11321929907056,0.120843710347409,0.00515542220720469,0.188565307123487,0.265985142249133
"12x12",0.0671416414581366,0.0273156226570463,0.0237146229838775,0.114310388228065,0.119060209000978,0.110594914878414,0.0149307888879295,0.292957055892402,0.229974756013151
"15x12",0.0852025541621315,0.0421193163301068,0.0393772936561793,0.113726612458882,0.137787616697333,0.124980909865289,0.00543927090361684,0.216617022953876,0.234749402972587
"16x12",0.0758039632721848,0.0400926915889248,0.0276538500141264,0.0433136290251339,0.173397120192124,0.117916926718033,0.0125720869414717,0.222987795355972,0.28626193689203
"14x12",0.0550983717356449,0.0320693377168415,0.0560212498011685,0.142111288703083,0.138307451962521,0.110593754796486,0.0108292717686901,0.208347558285421,0.246621715230144
"23x12",0.0447074752861912,0.0342415677291039,0.0233364749615846,0.134505410292117,0.0604709268241616,0.0773847551519751,0.00314528131187012,0.319897426396327,0.30231068204667
"4x12",0.0434713185871028,0.0322601415123419,0.0411736879334988,0.1135503133583,0.200196884248337,0.117276096092497,0.00820488756864138,0.147924761820582,0.295941908878699
"8x12",0.0370548894197277,0.0296995846396425,0.0288324949055476,0.0383122848847111,0.109676479908796,0.0503050922325995,0.0114087821341614,0.278749629018476,0.415960762856338
"13x12",0.0473698072976636,0.060550777055562,0.0341817790781206,0.0681561553418138,0.111950210276813,0.150790889814839,0.00265984054961283,0.160183134246795,0.36415740633878
"24x12",0.0802385064426497,0.0426704699173185,0.022659735977423,0.0544580067920638,0.0783563473807436,0.117019096082987,0.00829707083433701,0.282610962861423,0.313689803711055
"7x12",0.106681534629289,0.0399524067044746,0.0487508240072444,0.136282335602831,0.084523889655571,0.0944058207086605,0.0427200497300023,0.0989485211292833,0.347734617832643
"6x12",0.0871820939945969,0.0418182515623388,0.0305282459725036,0.0208637027469335,0.0917943480754908,0.0806448747033985,0.00960998624514908,0.257200956353274,0.380357540346315
"3x12",0.103450892953318,0.0372695333206544,0.0371367221846941,0.126538148827794,0.150992399881532,0.067719717634034,0.0288460416905639,0.0547820800226355,0.393264463484775
"5x12",0.0783216984891388,0.0416551065290393,0.0504698305446286,0.0691090692460789,0.166418952872287,0.0789950184099453,0.0181773864313847,0.166922855802463,0.329930081675035
"21x13",0.0485830612208432,0.035579148615058,0.0486013797149128,0.0883331266142649,0.118860871305779,0.0824402228317053,0.00339522088391234,0.329065347697846,0.245141621115679
"22x13",0.0838497791168241,0.0435264154516385,0.0221155432680355,0.0403417281734954,0.0721938108297346,0.140634026784663,0.012414765933629,0.299138127108756,0.285785803333224
"20x13",0.058672440957602,0.0415487322184403,0.0270231469134196,0.0398124721554309,0.0897633420507745,0.0643166287349133,0.0116728674896518,0.176579570277412,0.490610799202355
"31x13",0.0629676509929076,0.0381269046644918,0.0395396842149207,0.11882549091549,0.165268597495677,0.0609598560792747,0.016152577845606,0.193685987719323,0.304473250072309
"11x13",0.0602492230520895,0.0667221850412413,0.0346281590045804,0.0969617149230061,0.117046655525082,0.147615672732781,0.0115409027406461,0.133782554446593,0.33145293253398
"29x13",0.0520918789058505,0.0317614086794995,0.0296545984378236,0.0205790074011448,0.0420972995428676,0.0789797300841319,0.00749957739947401,0.217987320577896,0.519349178971312
"28x13",0.0525251578156833,0.0312013953212241,0.0340176595630647,0.142319274667665,0.0969467422257863,0.0754072696155945,0.00791046072581038,0.166592147821906,0.393079892243266
"17x13",0.0670955119140182,0.0453325936234224,0.017880303575303,0.0456788824544398,0.175051200170775,0.0631975794260108,0.011015831705327,0.253954261350245,0.320793835780459
"30x13",0.0855727471918621,0.0575974144895325,0.0310999531305989,0.0592910985421954,0.11570758651873,0.0668387929845191,0.00585629059361834,0.208078118124727,0.369957998424217
"10x13",0.0609418011800719,0.0331803729260495,0.0393904238983657,0.0759332241667745,0.131165204202742,0.0686846110694457,0.00674872766171505,0.330093548272282,0.253862086622554
"26x13",0.0506534919894163,0.0498477623854406,0.0311478266994541,0.0749305194865628,0.147059564195634,0.0958609789803494,0.00448410324822001,0.202224359634837,0.343791393380086
"8x13",0.0316167054415976,0.0321699104296719,0.0306489926175284,0.101069829577776,0.0851445346468266,0.0549442713216219,0.0261317338961132,0.30110985435597,0.337164167712895
"23x13",0.0590168714799241,0.0486274608792042,0.0329801330061144,0.0308016868386046,0.0509027456867258,0.0715728862282926,0.00578708995022071,0.321618464741526,0.378692661189388
"9x13",0.10344999239285,0.0460051810999352,0.058550430388609,0.0970383777207865,0.123865381624571,0.0861263496296113,0.0166436861057255,0.190149244633348,0.278171356404563
"19x13",0.0524269403517441,0.040329584007298,0.0297885992547422,0.0942294980831404,0.101472654790177,0.0949904485762314,0.00708065416900051,0.264551482307086,0.315130138460581
"18x13",0.076009599709032,0.0866024237549496,0.0232790778402912,0.0718667091266628,0.0664092218285899,0.0941655708046879,0.00966332684397633,0.266264518925137,0.305739551166674
"15x13",0.0420170352620487,0.0266050584285933,0.0249583007906997,0.110783938382133,0.142810394473914,0.0560410800731331,0.0050011728492282,0.274610113703433,0.317172906036817
"25x13",0.0369747068334044,0.0413908250169154,0.0293906892313667,0.106726330220906,0.117000916837864,0.0543861273274687,0.00696897520119768,0.369278573121802,0.237882856209075
"3x13",0.0891146003402349,0.0452509572040976,0.049131576024325,0.208321490842274,0.238911176647705,0.0699603749056067,0.0163486715020263,0.0751832983370003,0.20777785419673
"24x13",0.0971100723237135,0.0443105171653411,0.0241982470010424,0.0922313664189835,0.209456656856193,0.071806030811921,0.0090803361981647,0.18677569106343,0.26503108216121
"27x13",0.0933351068773578,0.0268059561846713,0.041233638968414,0.1388981920415,0.149558386769555,0.0952006888299872,0.0100366487017531,0.0738134667758825,0.371117914850879
"16x13",0.0435957870368939,0.0402565423947744,0.0199817680335877,0.0844321769718369,0.104851496399283,0.0797054660084662,0.0146881232551347,0.157604699823526,0.454883940076497
"12x13",0.127361102100362,0.0574055879101006,0.031879232077762,0.0319293397195945,0.0976726301084965,0.0804611775572985,0.00612459995088699,0.129072056219529,0.43809427435597
"14x13",0.0665693665267661,0.0631373814978085,0.0337710741907146,0.114488533979252,0.14824593783392,0.108217547016203,0.0114113028910878,0.130628796417933,0.323530059646315
"4x13",0.0852244560816477,0.0337300983692223,0.0536316092175482,0.0655855376824702,0.157144505887301,0.0720764011516465,0.0143001674474541,0.138404002343474,0.379903221819236
"7x13",0.0600964184492327,0.0646752714390029,0.0585694361890581,0.144484602850256,0.160520885820969,0.0828979618498163,0.014659058668861,0.0469516547529007,0.367144709979903
"6x13",0.0765113939215826,0.0261174299831436,0.0218588997464748,0.132052512691987,0.103140404036298,0.0628860496073495,0.0143937335376888,0.230389052884593,0.332650523590883
"5x13",0.052389288360245,0.0321489050423841,0.0293789274238436,0.105063273311391,0.170983134857512,0.077972585181648,0.00625477138512648,0.21113817957049,0.314670934867359
"13x13",0.0403409030152586,0.039916027630638,0.0201083717442373,0.0425340704335159,0.0451874941983021,0.10923157153273,0.00471835275621138,0.239529982700676,0.458433225988431
"31x14",0.13002212586878,0.0384265451235115,0.035871659140111,0.0911012335232952,0.14802461385129,0.0667809053324724,0.022471798055272,0.186747270858504,0.280553848246764
