"","Endothelial","CAFs","PVL","Plasmablasts","T-cells","Myeloid","Cancer Epithelial","Normal Epithelial","B-cells"
"11x14",0.00357634878810815,0.147412185198756,0.00355532636386595,0.154238846008945,0.000311927534998092,0.193555759238478,0.49440003235645,0.00273300268903656,0.000216571821362105
"10x14",0.00419145888934517,0.174521781979947,0.00509934356366277,0.0775088675793237,0.0006013631496732,0.124979201268499,0.611232216371247,0.00169834251882976,0.000167424679472868
"9x14",0.00456286182536318,0.144907918357769,0.00523969628581039,0.250633860820369,0.0018660974143312,0.208628624017199,0.381173842376376,0.00153768783718734,0.00144941106559438
"16x14",0.00534690278430349,0.180447220591817,0.0159205343710708,0.339888508984003,0.00102343315253082,0.202085577643078,0.251959590775781,0.00220751785984119,0.00112071383757463
"8x14",0.0140784605930684,0.236006168935968,0.0231627298574213,0.0297247112486897,0.000639505089724626,0.228064139917274,0.4668616593516,0.00116044823729684,0.000302176768957111
"7x14",0.00694394119441386,0.232779715975688,0.00600841616839898,0.245590601737425,0.000240866984168383,0.150254880136427,0.355687275182226,0.00237619174918741,0.000118110872064399
"4x14",0.0054735892242779,0.0937184157890193,0.00111348155219544,0.138572495912631,0.00173214179207595,0.170236260693953,0.583972048504512,0.004467064006498,0.000714502524837142
"5x14",0.00186624009890861,0.158459454164835,0.00894693992734315,0.514808263132774,0.000131932494773526,0.0885970172052231,0.225847658030638,0.00129429588629896,4.81990592050365e-05
"12x14",0.00144321680630618,0.0713679447376054,0.00555756906948087,0.423754243084009,7.19192815894634e-05,0.135554294009348,0.358976066148712,0.00316935096093571,0.000105395902012509
"15x14",0.00769520635173342,0.104088385660467,0.030261714927573,0.233366041571632,0.0022642482171504,0.177487907336247,0.436896060711233,0.00719858290184927,0.000741852322114012
"6x14",0.00236781879101478,0.182272575363471,0.00553249349149475,0.212288407089628,0.00079832373841036,0.228749679252147,0.365843274817039,0.00182206130212648,0.000325366154668421
"13x14",0.00513470649770082,0.0644857180025474,0.00384430938981314,0.159156401131545,0.00250916898866816,0.178759416530944,0.578918484817852,0.00620251662544969,0.000989278015479074
"14x14",0.00306031769697748,0.0670061556016437,0.0049185178596066,0.204633882023121,0.000651674253734282,0.191020338480362,0.523324615806189,0.00403543632950175,0.00134906194886385
"22x15",0.0133207889960978,0.267787411706146,0.0123588974323856,0.0874284047499155,0.000804987969531601,0.246918002443908,0.368962141241489,0.00159575438178777,0.000823611078738626
"11x15",0.0017743160468511,0.0967745216552917,0.00409460250838319,0.0235501965662195,9.86196769538385e-05,0.159278521203004,0.712476321559173,0.00182569112726129,0.000127209656862376
"20x15",0.0135319796955536,0.269844653290463,0.00565092126424801,0.0350514613270023,0.00841896150635838,0.315801763432216,0.341376585107779,0.00628125744040282,0.00404241693597731
"7x15",0.00251490610399171,0.139463999706286,0.00522692054611198,0.118792770095775,0.000876997511953127,0.303183414489825,0.428309432805526,0.00134441122607706,0.000287147514454204
"16x15",0.0128671016001574,0.172987367813685,0.00677039611383303,0.116254947007632,0.00167663770666561,0.238786946420716,0.445379321953466,0.00424259609076039,0.00103468529308567
"26x15",0.00619141296463869,0.0947171286804166,0.00566038951815134,0.0382815356535382,0.00105579977919171,0.264563669711299,0.586884094192649,0.00234632953275407,0.000299639967361821
"9x15",0.0033868165947153,0.129497159082557,0.00509374718190016,0.222607874943222,0.000257962626321125,0.117340277056982,0.518960612285836,0.00277796795712605,7.7582271340076e-05
"10x15",0.00251767576686931,0.18850909465606,0.00279360033031803,0.0482635433403268,0.000178993748911386,0.137310002299849,0.613652119370024,0.00661903653565138,0.000155933951989805
"18x15",0.00834892615019857,0.0956242239193736,0.0203218910433667,0.0615459030592703,0.00250521174415126,0.36415499531573,0.434224914947255,0.0109370699891225,0.00233686383153174
"19x15",0.0066956212165484,0.197586935300818,0.00589922848057997,0.449651280814349,0.00173822747458592,0.117088749001466,0.218885795271744,0.00145586312482602,0.000998299315082195
"17x15",0.00995946106002788,0.206595951959662,0.0102431488617266,0.22141030698021,0.000444625495444798,0.168606852031854,0.381080636611425,0.0011230419975191,0.000535975002130287
"23x15",0.00834379743949024,0.202731875408993,0.00578989453476053,0.270235443311437,0.00129860850983521,0.218492964014034,0.286912965218997,0.0040467650378687,0.00214768652458497
"21x15",0.00419257248719246,0.153560055913879,0.00255287140465838,0.0828444794461985,0.000465262845285328,0.22732678500253,0.527972992339919,0.000809262663909127,0.000275717896428056
"15x15",0.00248867197276082,0.0725235168102823,0.00326783433119597,0.218439750493342,0.000148059864631852,0.309722133395841,0.392113159076291,0.00119396710799828,0.00010290694765747
"24x15",0.00506723316839768,0.130888220163468,0.00276964706173817,0.249972481193783,0.000469933299466831,0.244664682730721,0.362845269418526,0.00276424445959909,0.000558288504300933
"25x15",0.00313578083442454,0.090951782194716,0.00145241199344086,0.0287102733330201,0.000313813578796824,0.226629705129497,0.646950360545336,0.00178988353301111,6.59888577570697e-05
"5x15",0.00539802282601793,0.181625098228669,0.00933012800381248,0.23807879736043,0.000143243435649104,0.220301495220246,0.344314116837428,0.000772954685625681,3.61434021220812e-05
"13x15",0.007981405970753,0.10989646053314,0.00549635387566536,0.0185232886251311,0.0015336076812733,0.249624560037023,0.603494912091983,0.00290933543728828,0.000540075747743715
"6x15",0.00382331402003526,0.029776861307635,0.00118316498489994,0.146451718213967,0.000758792150393565,0.24110304235127,0.576000092847803,0.000705595889833727,0.000197418234162527
"12x15",0.0105407770726106,0.0967221421448337,0.00266673803403412,0.117936035055521,0.000877648617933266,0.27521290090998,0.491073361533174,0.00444045394501315,0.000529942686899782
"4x15",0.000564051158945358,0.16728065077618,0.00431129708281548,0.381883597446258,4.32125221323385e-05,0.101914857353389,0.343174598101871,0.000823819931703555,3.91562670471123e-06
"14x15",0.0058529499619826,0.175400283739031,0.00366794166846366,0.0694616040856416,0.000684262119284227,0.226867861174405,0.513194853984983,0.00455714916930839,0.000313094096901073
"8x15",0.00128265863693141,0.299990657443379,0.00254586503431168,0.0389923675568227,0.00110169883507615,0.245892398663759,0.405280354052259,0.00433041474855412,0.000583585028907188
"31x16",0.0125170062401066,0.131859401315991,0.00539443025214041,0.21890747928311,0.00590065459078127,0.212509754702434,0.394915107235406,0.011823788664874,0.00617237771515688
"22x16",0.00429695769725399,0.132619700971463,0.00184060595556957,0.315377090997247,0.00036291823379181,0.168007262870744,0.37572131088834,0.00131008089303119,0.000464071492559029
"11x16",0.00192054203557227,0.109225573120641,0.00156468926514335,0.121366898696835,8.73790231953569e-05,0.24090455062174,0.521960441428381,0.00294896110773065,2.0964700760777e-05
"30x16",0.0531941537707873,0.158098384640936,0.00578283934626841,0.145134191040446,0.0431826168360974,0.243326640862141,0.298544076712461,0.0161886925477796,0.0365484042430835
"21x16",0.00355561949290667,0.0921401445935837,0.0017344482591225,0.178326860736063,3.67065786019653e-05,0.297127004979519,0.426128318014964,0.000778760873060372,0.000172136472177566
"20x16",0.00168228598240398,0.129020174742893,0.00467698163113792,0.160738420667103,0.000180458413949255,0.246419839466943,0.456017428927084,0.00109715463401366,0.000167255534471938
"9x16",0.00341995192704592,0.125325377658052,0.0246077790760295,0.0333296027696338,0.000169321636371881,0.269318860472213,0.543027271248833,0.000715206512692956,8.66286991271604e-05
"24x16",0.00189622969062331,0.0503245050303297,0.00216813787684002,0.153376957398422,8.05430936304793e-05,0.168133954310603,0.623315400801721,0.000678528619749823,2.57431780798774e-05
"26x16",0.0301829576556049,0.148226265472147,0.00298908179473883,0.148489789193562,0.000216501177254209,0.253072363617544,0.414453749988582,0.00224544648805812,0.000123844612508921
"32x16",0.00429558290991556,0.102560260829617,0.027324673859648,0.312612943954803,0.00844621937442048,0.169873531082121,0.343035200175505,0.0194393846303809,0.0124122031835876
"16x16",0.000659851525243126,0.141796894273343,0.000586961882083305,0.00722639223924494,8.90869741602195e-05,0.276814191459096,0.571947096386535,0.000865048137254155,1.44771230406686e-05
"29x16",0.0113246457125718,0.186133047031117,0.0357167441232566,0.359005289482049,0.00341594761670848,0.21429025814661,0.162786700305143,0.0174737422156327,0.00985362536691157
"19x16",0.00290101411814629,0.11722377936128,0.00129838045157421,0.231016755220287,0.000471195276611565,0.228415469075028,0.41731006652322,0.00113719233662352,0.000226147637230143
"25x16",0.00294183685093677,0.0975225010109814,0.00562830934292922,0.0292928178622787,0.0001931670019201,0.251118021045032,0.612689509564374,0.000583316447749422,3.05208737978958e-05
"8x16",0.00154075137335408,0.216516912549194,0.00696121261306647,0.00400051763207116,6.14061424920821e-05,0.295775296441937,0.474287051652338,0.000819487567682615,3.73640278649766e-05
"7x16",0.00316834193634244,0.17951520293708,0.00741180466875634,0.225652790745901,0.000255862315046369,0.154266124216901,0.428774207160671,0.000898151412970506,5.75146063314661e-05
"13x16",0.0073025770552169,0.141393577088625,0.00477183420683135,0.0209147906157433,0.000676549337645887,0.265558496411302,0.553137696170758,0.00591166375819047,0.000332815355687952
"17x16",0.00972136109816048,0.169318209002285,0.00719954400814888,0.114565736284779,0.00270618016938848,0.229553591723753,0.458990539034513,0.00606553005438598,0.00187930862458628
"18x16",0.0120647965112128,0.145622866443735,0.0130312051146511,0.359249087875433,0.000509716734530865,0.161973879848436,0.305238363948125,0.00180750589266233,0.000502577631213627
"28x16",0.0134601574028387,0.168156700684324,0.051586257492714,0.151152554121626,0.00472739193816265,0.22274791026181,0.366613978121019,0.017711412476444,0.00384363750106095
"10x16",0.00439139305804167,0.124242616812319,0.00122558051588043,0.0310270823900123,9.58985443200005e-05,0.296963679480086,0.541329538378415,0.000708791745910145,1.54190750153172e-05
"12x16",0.00573814789071928,0.081313149820646,0.00139161242187112,0.0720088067655563,7.13226321979744e-05,0.233641466878107,0.604500507128355,0.00129896953119427,3.60169313531678e-05
"15x16",0.00247781245214645,0.0796235970814216,0.00183097420390578,0.0743683245847635,0.000211848329365047,0.281199411048074,0.558094815361819,0.00212137698611338,7.18399523918312e-05
"5x16",0.00195905805805226,0.102396469253621,0.0116101395139029,0.0377956894754783,0.000324816239004149,0.337932480968256,0.5021242486156,0.00577958871964776,7.75091564365607e-05
"14x16",0.0032783967441816,0.121529965799907,0.00455103831078357,0.341453838461035,0.000189012007626984,0.179042731846604,0.348672332876038,0.00113931255894673,0.000143371394877184
"23x16",0.0024823314170686,0.173277628195109,0.00204178093759883,0.060362054817539,0.000149076638268806,0.232420960031689,0.527611419506322,0.00159172508997269,6.30233664324901e-05
"27x16",0.00859208297978155,0.181125370607421,0.00701506975336742,0.189028084373772,0.00125071674595837,0.273557606219395,0.333555380623958,0.00450887740351096,0.0013668112928359
"4x16",0.00068880602098683,0.100367643323326,0.0113663806946756,0.096809347241836,0.000619600518627115,0.210114611005705,0.575307189258313,0.00434902627943932,0.000377395657090985
"6x16",0.00681457710787905,0.168333526373278,0.00461229193715034,0.0569242775410798,0.00407479288960939,0.303109560755276,0.44380337118138,0.00436731185592121,0.0079602903584268
"31x17",0.00673446745534433,0.0491482211369782,0.0123754830398931,0.331707598931654,0.00287329000128774,0.162353489806492,0.420889833761811,0.011651142139482,0.00226647372705774
"11x17",0.00330122181702672,0.0940009107841126,0.00343306382928398,0.129803002698815,6.97659412249852e-05,0.179760632178627,0.587773936145959,0.00184225972891483,1.52068760355368e-05
"22x17",0.00131523564547682,0.0365984916302234,0.00375254815851776,0.0282100801178865,0.000192175865672352,0.112645818047848,0.816913420801962,0.000357034055388339,1.51956770253643e-05
"29x17",0.0136434799681799,0.165649301674959,0.0224388020730058,0.251778206492775,0.00238393736572483,0.183784782510623,0.349195687219604,0.00655940353840808,0.00456639915671946
"20x17",0.0132694125668899,0.17827502819695,0.0215901831110335,0.0822905126869464,0.000661195770108768,0.231279936651057,0.468987803991943,0.00329644995102369,0.000349477074048817
"30x17",0.0122217301092922,0.145836909740428,0.00848799483235715,0.135974783751009,0.0119382762013596,0.145171641406293,0.533491670971809,0.00383527383553259,0.00304171915191835
"9x17",0.0013985254405976,0.129078185119232,0.000885696975577677,0.00300205684723912,0.000232312691703444,0.187666876338911,0.676472143396298,0.00117827069404111,8.59324963995041e-05
"28x17",0.00270792293454366,0.168342150405444,0.0042596739736233,0.246114549754002,0.000315922627049389,0.24249988613779,0.334104989086453,0.00118724149347584,0.00046766358761813
"32x17",0.0130936017571283,0.11854369679338,0.0146954514174807,0.208599619285733,0.00194350102516879,0.162907424014147,0.459048364680667,0.0133666105676099,0.00780173045868446
"5x17",0.00435393993870017,0.19478655247037,0.0242263390908116,0.261153245659472,0.00313937677927065,0.224217095379268,0.274874929659978,0.00869475488183007,0.00455376614029875
"16x17",0.0042970380468485,0.166981692614965,0.00222357007870746,0.0960731087986332,0.000717989250363595,0.225720401661905,0.499310706368375,0.00420352343853518,0.000471969741666643
"21x17",0.00286212374837175,0.137741207417935,0.00466069593092483,0.139280174035459,9.29016005964044e-05,0.228440130087558,0.486266200794993,0.000605205886341655,5.13604978214615e-05
"10x17",0.00239284162025321,0.139575513019467,0.00402419472147836,0.0565934975556267,7.9410506432704e-05,0.168063211361847,0.625510003157419,0.00372489112260919,3.64369348672089e-05
"15x17",0.00283592006067922,0.304412711118482,0.00122944081105993,0.074774365280346,4.80288330419157e-05,0.118971828077965,0.497107220834593,0.000603968778917106,1.65162049171095e-05
"23x17",0.00182296824519938,0.146837487473913,0.00566118629382649,0.00748805408630615,0.000235064628539838,0.191806660808352,0.64476149848554,0.00131580878673465,7.12711915882537e-05
"27x17",0.0162992987921095,0.112321478514888,0.025809139469897,0.218972574781353,0.03898670124518,0.264754706740273,0.284682050700568,0.0154582015017543,0.0227158482539775
"25x17",0.00336127486146242,0.0546306479679611,0.00371080806936062,0.0359069087578991,0.000466504932490228,0.247412005372334,0.65155799694243,0.00269462539443554,0.000259227701626084
"14x17",0.00776161083582167,0.116046383611229,0.0120303962808691,0.243586428752383,0.000120275786763932,0.179140249019967,0.440416166083136,0.000887893938272301,1.05956915576903e-05
"7x17",0.00136506614109801,0.152135763900167,0.0036399401518312,0.322218731507627,2.85379587390438e-05,0.169826681961872,0.350442896348009,0.000331207153598862,1.11748770574191e-05
"19x17",0.00158974844929649,0.0921782708386512,0.00326522570889808,0.19006447513363,0.00058017523815935,0.240050000660626,0.47111125335504,0.00108923765157801,7.16129641208014e-05
"24x17",0.00072563212282932,0.0225822827100845,0.000409933914987845,0.0273042782076633,1.19854728177182e-05,0.21757002549119,0.731104387918839,0.000289970689893493,1.50347169475743e-06
"8x17",0.0134216448941945,0.34684665291251,0.0045579621092057,0.225655736383126,0.000151954453114919,0.180589548433309,0.22758854124107,0.00101233334200326,0.000175626231465741
"13x17",0.0064531147985216,0.105035163411073,0.00552043674918403,0.0281957351990774,0.000254239301209697,0.218062861843722,0.633942305511414,0.00238951593191903,0.000146627253879078
"17x17",0.00043405994641632,0.0956461901624899,0.00231432568864997,0.151721938304683,9.17051394205988e-06,0.171869588148337,0.577281792375479,0.000707388861066604,1.55459989367012e-05
"18x17",0.00302368194381286,0.197425158819161,0.0031101361241646,0.15233120395794,0.000280926428879338,0.256604174605726,0.384920805166902,0.00202266355168278,0.000281249401732397
"12x17",0.00053627009101833,0.010181713533286,0.000297532278047558,0.025587695298968,4.53848959560443e-05,0.148320971761368,0.814674028548183,0.000352191232585602,4.21236058774965e-06
"26x17",0.0124789527090033,0.114571996294924,0.00570160132301264,0.201834988190945,0.000670756019840203,0.19735727688887,0.46504408028402,0.00217962467352854,0.000160723615855888
"4x17",0.0138469007074566,0.148263466315203,0.00282062463493235,0.134256935097119,0.00109226065788606,0.234724456228188,0.459039642162035,0.0050523172079354,0.000903396989245452
"6x17",0.000106302730530534,0.16726981447098,0.00218751151050552,0.371597002983224,9.32467315544223e-06,0.228141130757603,0.230653096479638,3.40301813798666e-05,1.78621298500581e-06
"22x18",0.00190099687570543,0.102010326222113,0.001565470757111,0.123843156531217,0.000156520302517083,0.220533352157934,0.54970073418138,0.000246710275962261,4.27326960609329e-05
"31x18",0.0164403464931173,0.150972962387295,0.0172179117830012,0.161386284640808,0.0108046001802827,0.21644172652309,0.411197591406541,0.0108542672706786,0.00468430931518609
"20x18",0.00347924880379538,0.174411222525537,0.00313593373772962,0.0821174407280118,0.000480471650834922,0.210516291257614,0.524448233023251,0.0010944807677573,0.000316677505468497
"21x18",0.00160487334950048,0.0672946687977768,0.000970238590692458,0.178256524725299,0.000448102366615929,0.210776307653703,0.537194604398759,0.00324538076864627,0.000209299349007401
"11x18",0.00618286869484952,0.12089671323002,0.0024661345400443,0.0163385701512434,0.000121876828138352,0.28877119818307,0.562554286765313,0.00260877144986963,5.95801574516994e-05
"29x18",0.00497871076704775,0.132580266896508,0.0190186924955327,0.158484718412399,0.00115518464923852,0.25541024635572,0.421043584420272,0.00644228103000954,0.000886314973273663
"28x18",0.0130758839469716,0.131891109958811,0.00578676360441395,0.136589617486643,0.00129902378931222,0.29821252496976,0.407721775803426,0.00468804822608796,0.000735252214574416
"9x18",0.00354107149880379,0.172128375740453,0.00222421340195488,0.067388901463988,0.000210105830956782,0.219267081316389,0.53301873226961,0.00195308037818995,0.000268438099654141
"27x18",0.00934296345938979,0.155649324645406,0.00757205877304142,0.284019914734621,0.0016595171216879,0.266997857659281,0.268311000116622,0.00475004911365687,0.0016973143762944
"30x18",0.00747617716405053,0.160108541669666,0.0173734269832163,0.118507547895966,0.00170427966443115,0.305171837464468,0.385236406517714,0.00327641797817859,0.00114536466230963
"32x18",0.00928954358308975,0.0833127076829207,0.00588081105711281,0.258347993508229,0.00695284124332169,0.226006486219218,0.397905588541379,0.00875998783602515,0.00354404032870314
"7x18",0.00501119977835451,0.149508926473035,0.00495181959509332,0.128017688033115,0.00149579568622391,0.235296822062927,0.468669430427766,0.00454715496256327,0.00250116298092164
"10x18",0.00141483663494015,0.0587455514297582,0.00146032785020104,0.00250502726110682,0.000771675430466368,0.278784719871235,0.654270313159372,0.00188192000148255,0.000165628361437883
"15x18",0.00228921241124162,0.172809484634128,0.00148542384514102,0.0818961291946409,0.000137558683233035,0.246104155412077,0.494612390546784,0.00060923648543606,5.6408787317775e-05
"16x18",0.000542509695697185,0.0819521094128057,0.00113341718934205,0.0884127365793905,2.18954283553447e-05,0.281138886364707,0.546367720394747,0.000418396319214799,1.23286157400016e-05
"19x18",0.00597950486214694,0.203149800241398,0.00391762413152946,0.0826422253264222,0.000720127385954694,0.269591654057137,0.43186714029908,0.00186228690536648,0.000269636790964514
"24x18",0.000357394438461106,0.0121348983728153,0.000358236228668371,0.0275016225970071,8.67717875315608e-06,0.198596999391529,0.760788650155686,0.000251585429661848,1.93620741814843e-06
"5x18",0.000538844257077102,0.0671775993015237,0.00237001498113171,0.412616876890563,1.21488777384307e-05,0.149798802443313,0.367029060711525,0.000444827237558751,1.18252995693351e-05
"13x18",0.00178500144741993,0.0353473070167906,0.000670168280465997,0.168819773331824,0.000108427787902139,0.122874818815603,0.669987419953738,0.000364801065730277,4.2282300525198e-05
"14x18",0.00417866075536741,0.089001766239678,0.00199951365241101,0.0533479380332825,0.00018266817787263,0.172099277174411,0.676992459683749,0.00201656196888293,0.00018115431434537
"17x18",0.000773679371580246,0.0352418855497827,0.000514138821618279,0.0549572405177362,3.06587730707962e-05,0.284486552363291,0.623620812551959,0.000344589376693628,3.04426742678805e-05
"25x18",0.00238202234988866,0.0671734651685045,0.00243127213383386,0.0776422182698039,0.000205688910905545,0.234805589976039,0.614417722117125,0.000864725716800516,7.72953570998046e-05
"26x18",0.00321600253867757,0.151350867037976,0.00325961649683841,0.0510173618187166,0.000101518658332368,0.343743106121534,0.445905847200126,0.00107816973747983,0.000327510390318927
"4x18",0.00309204866151231,0.135864054183526,0.00723859617881121,0.150924955147542,0.00105311507566325,0.415320855370802,0.27859926786546,0.00485903342625903,0.0030480740904238
"8x18",0.000439182461120198,0.255823453770088,0.00388072345174026,0.133831982925438,8.75195999965061e-05,0.131351500057238,0.474108963590451,0.00040889901524932,6.77751286789989e-05
"23x18",0.000577541849594135,0.0806494101810486,0.0018384086524305,0.0587591361636465,6.64784102003211e-05,0.253859394492982,0.603758758657997,0.000473245249625466,1.76263424755637e-05
"6x18",0.00339082586675448,0.224880349616399,0.00656182806501787,0.25052149639071,0.000300433955497641,0.253646365922194,0.260079967416106,0.000474218990148788,0.000144513777171632
"12x18",0.00229484467806117,0.181633987445581,0.00310870948567454,0.0753782735442088,0.000188396258637257,0.194955565416562,0.54105910562432,0.00130636334888299,7.47541980716767e-05
"31x19",0.00902983691027798,0.103872281247314,0.0115515752401304,0.245063580738237,0.0169365930091052,0.211088468603104,0.323099286582658,0.0573182229609104,0.0220401547082622
"22x19",0.00064662608749471,0.0812699523063259,0.00112594343585811,0.0120176495638837,1.66249118219951e-05,0.248079535697758,0.656418107387668,0.000418449010857438,7.1115983320861e-06
"32x19",0.0186441828504429,0.126797870208542,0.0151082516903433,0.162236301924087,0.00500088786095867,0.193634199103226,0.467003270049536,0.00719164091833534,0.00438339539452875
"17x19",0.0173127937751299,0.0475073691596474,0.0333577657695816,0.143587251895026,0.000570721545208786,0.203609032133603,0.545307231212798,0.00852694666826777,0.000220887840737242
"11x19",0.00381138462937733,0.144528437620572,0.00419455970761191,0.0563137135921651,0.00013790356230632,0.155401930330498,0.632328323935645,0.00315270419671201,0.000131042425112593
"20x19",0.0154967066885513,0.186021543929528,0.0168099047303004,0.106566128239224,0.00467647385202111,0.250543942289833,0.412461269989703,0.00626942561862113,0.00115460466221724
"21x19",0.000940500435913661,0.106519164628369,0.000697647925998396,0.0101013726326351,6.23772100297585e-05,0.181221303047051,0.699490538354251,0.000881814194548342,8.52815712031181e-05
"30x19",0.00493863271086705,0.0900646163015565,0.00448655403407372,0.0970026471138396,0.00179213618301073,0.309871472543188,0.485461363510921,0.00314808130194784,0.0032344963005958
"9x19",0.00307055988644493,0.17413509682286,0.00315981057050477,0.144825070976527,0.000185298410563189,0.201301321740078,0.47102443860068,0.00220698964273898,9.14133496040085e-05
"19x19",0.00289002081270411,0.134162706383562,0.0122035164283104,0.232876695615832,0.000153222125895898,0.31234828590475,0.302014243656919,0.00288008004733446,0.000471229024691395
"26x19",0.0086298515281178,0.154959961239976,0.00575733212107977,0.245026202499303,0.000372762132898881,0.183658351231257,0.398083343980013,0.00310936661240095,0.000402828654954848
"24x19",0.000130923630320118,0.0342061049150609,0.000184646415542722,0.00682127039697323,1.19504391226477e-06,0.220636709485908,0.737887587739978,0.000131431391461078,1.3098084343346e-07
"27x19",0.00567660348814699,0.0932708626936089,0.000708951722774554,0.407941418783919,0.000523143926916106,0.16614366713352,0.324732618464425,0.000690025247809324,0.000312708538879687
"13x19",0.00109321412740807,0.108742039048999,0.00387530968556022,0.0312401497452717,4.76787323656649e-05,0.148532532705271,0.705981096999266,0.000480477617351505,7.50133850684726e-06
"18x19",0.00543549070480786,0.167005371917556,0.00867245456037095,0.0476071574193432,0.000122266829429464,0.32347143952334,0.447089212025636,0.000519293558322507,7.73134611931228e-05
"25x19",0.00340430317056534,0.102852055004159,0.00150202896397809,0.17313034719927,0.000495911796581337,0.231426929094679,0.486515543171351,0.000581674320751822,9.12072786645737e-05
"29x19",0.00811987108593652,0.165922840459211,0.0233116887531386,0.171860075869678,0.0028468755559243,0.151570983237103,0.468631455918825,0.00317237050758661,0.00456383861259658
"7x19",0.0120952914387283,0.163212067213547,0.00357039042345253,0.129498131328214,0.00352257815984306,0.246872441353784,0.431498780971412,0.00504049561253856,0.00468982349848008
"16x19",0.00661169084072568,0.153631333828641,0.00922963547301789,0.11657825982004,0.000658882535462461,0.212590852214807,0.492830482581376,0.00591310235871918,0.00195576034721181
"10x19",0.00704108825571056,0.153465132298653,0.00362431180636429,0.207580545349655,0.00057709823761642,0.20958959377653,0.415480114549757,0.00228888254630044,0.000353233179413723
"12x19",0.00132686115447271,0.0495161056144699,0.00160796084312951,0.104669731353167,0.00034799815887256,0.0943390209466442,0.746851083006889,0.00126163275964009,7.96061627148917e-05
"23x19",0.000985041244430034,0.109144110909582,0.000596506086370757,0.0304700589463197,4.87852302999415e-05,0.16490661394171,0.693463218270793,0.000379743065096052,5.92230539890987e-06
"5x19",0.0101397026743877,0.101597760382129,0.00242874625565264,0.167369268875695,0.000615942501966727,0.332582816198308,0.382886254135131,0.00211744361061972,0.000262065366110405
"8x19",0.00314733558814544,0.29822947157428,0.00673782883483219,0.0895859205549555,4.66704497333035e-05,0.201923472275181,0.399186520588758,0.00102660430497541,0.000116175829138415
"14x19",0.00935623249776183,0.0709579107129781,0.00228431072682752,0.0106628594814268,0.00102018322786485,0.195547961197198,0.706054937693457,0.00388825588204933,0.000227348580436972
"15x19",0.00833130959865575,0.240319686811171,0.113128614292936,0.0672432576484732,0.00153038352073403,0.200939928309258,0.363260605837458,0.00383355720512581,0.00141265677618774
"28x19",0.00164985582215373,0.176880667738405,0.00273360916483155,0.149142163862627,0.000985859024177822,0.249559271114204,0.41581897940014,0.0025016515616264,0.000727942311833978
"6x19",0.000707936171012377,0.146204713057335,0.0645697887836233,0.239494601825047,0.000106773403116599,0.317089330954462,0.230620091012032,0.000905556402522659,0.000301208390850523
"4x19",0.0240441854165082,0.180455238894309,0.00859804777346308,0.237413528798865,0.00063330760788566,0.208603642649609,0.333095845970493,0.00640814199928425,0.00074806088958352
"11x20",0.00208731059459185,0.11422903012219,0.00294185552430275,0.0242594851088919,0.000139931235768589,0.139758364360836,0.716152744755415,0.000397973049784619,3.33052482199237e-05
"20x20",0.00127316751453233,0.163843911988584,0.00250279500649429,0.255014655696066,9.7309385097229e-05,0.263832610749223,0.312079837445303,0.00129253762891625,6.3174585783859e-05
"29x20",0.0285608296936589,0.0718217061454061,0.00415564493856558,0.274399041804299,0.00678049408163135,0.152951577158987,0.444032214943185,0.0139374140217811,0.00336107721248562
"31x20",0.015677089643949,0.107388353405278,0.0322435370949142,0.138119464488779,0.0195659183372245,0.141264385709991,0.519833699796313,0.0145404165729861,0.0113671349505658
"22x20",0.000303706394523,0.0325887071087986,0.000863612652473101,0.0242261282035094,2.22643338262068e-05,0.270058351912604,0.671806087546298,0.000129391670341948,1.75017762564248e-06
"27x20",0.00506626931746944,0.209492065713863,0.00613178484437538,0.0577641332165632,0.000408276136605352,0.244555705458023,0.470387371335487,0.00592945947829162,0.000264934499321906
"9x20",0.00149218028222677,0.209276886189508,0.00101685262545534,0.0649787442056309,6.42127600191763e-05,0.196636518480792,0.525819357484458,0.000673128651217259,4.21193206927202e-05
"10x20",0.00139052444278773,0.187220901471777,0.00285674673387987,0.170211852682619,7.16091688089588e-05,0.158325051272068,0.479042258565747,0.000849229054889083,3.18266074232131e-05
"30x20",0.00855215673804527,0.119588308331418,0.00382670931217152,0.185611869361535,0.00165257847746255,0.303550189316967,0.371470406947114,0.00411860137822566,0.00162918013705981
"28x20",0.00400661247867288,0.0267977747539839,0.00198938220346003,0.418074092814638,0.000147439832480698,0.244127966166953,0.303651343819248,0.000897326474416928,0.000308061456145735
"19x20",0.00842833300947409,0.214241560460245,0.0107930029074702,0.0799294485027626,0.000456641675602108,0.271527282548791,0.410047743279093,0.00415627896150869,0.000419708655052872
"24x20",0.000250817513797916,0.0119975150760633,0.000295766550862667,0.061802013205571,4.87621146855397e-06,0.197622353716479,0.727917934934795,0.000107848514091962,8.74276871346995e-07
"26x20",0.00687499007387942,0.112436754737035,0.0170181154700273,0.125584781294491,0.000405535899938377,0.312956034947737,0.421206034399658,0.0032545484512495,0.000263204725983601
"21x20",0.00039553092944655,0.106698340921461,0.00203016306605485,0.100291583049725,1.32395296542451e-05,0.283219364025465,0.507151250271869,0.000192047032129411,8.48117419561802e-06
"13x20",0.00780398256493333,0.102905579478579,0.0115899855779167,0.0457365349141524,0.000652774929244533,0.204656560170911,0.6163312535486,0.00978648743659216,0.00053684137907121
"18x20",0.00154907428330755,0.0637198855604654,0.00742088886506448,0.0565280801821909,0.000151961615780025,0.285839887743757,0.582799836683698,0.00191903293562515,7.13521301113322e-05
"25x20",0.000384997463787739,0.0459711186867629,0.00144219667017945,0.0165268270438388,2.59156814452729e-05,0.326746780481263,0.608737593892471,0.00015081850577087,1.37515744810805e-05
"8x20",0.00827706324489618,0.143446236539987,0.00729182402240995,0.189843805474272,0.00790643527484146,0.127125110268798,0.50612540763697,0.00702730448629597,0.00295681305153003
"16x20",0.00102441372942352,0.048193059235109,0.0025672039611979,0.00746826955756542,0.000167394983546696,0.0812502238074051,0.85772195619213,0.00157843073584346,2.90477977790056e-05
"5x20",0.00834916483485612,0.189678400331361,0.0271985037564869,0.196401775747782,0.000975811272547512,0.21499594285404,0.353396444196193,0.00704432311651479,0.00195963389021753
"7x20",0.00157467105060876,0.143174069635644,0.00810791983882917,0.195255061103675,0.000188087817294013,0.242393371293359,0.407661443307164,0.00141905505368569,0.000226320899741049
"12x20",0.000605878393723927,0.053565865593636,0.000596765260402686,0.233378792757509,1.30474274862181e-05,0.103326685626527,0.608364807439996,0.000142807498239917,5.35000247964839e-06
"15x20",0.00211282575598268,0.0344228812525982,0.000548275876614263,0.0619062045827173,0.000141343645465634,0.15898373187748,0.74043567656379,0.0014107569313386,3.83035140127395e-05
"6x20",0.0029088929209187,0.269943334988753,0.009650652483457,0.194241929311447,0.000602086141844513,0.212978396000843,0.304272967800278,0.00481947656954864,0.00058226378290973
"4x20",0.00919508518681148,0.134531910541864,0.0100347338150889,0.244579498360509,0.00033274502345742,0.226730976759485,0.371315596709511,0.00289820348413819,0.000381250119134968
"14x20",0.00542522642163601,0.0691329947689244,0.00590637205402759,0.0727305827482061,0.000172279852739122,0.238215141735815,0.607394886194134,0.000940893941030292,8.16222834872483e-05
"17x20",0.00049972876352943,0.0277456072396222,0.00377827994355772,0.137481821288357,4.47351416364937e-05,0.128034786141838,0.699796339140426,0.0025898717749432,2.88305660903898e-05
"23x20",0.00173843127395764,0.0546671241291796,0.00244409156408414,0.024432238786923,5.68086298253109e-05,0.202865326260699,0.712135316756904,0.00165141078544649,9.25181298018948e-06
"20x21",0.00602062794695985,0.157494504430639,0.00147500333629462,0.271386411833305,4.27238206591948e-05,0.19885669436524,0.363654525004166,0.000969466700876715,0.000100042561859663
"22x21",0.000134821349590882,0.00448515934529278,8.3357902187898e-05,0.0169726878443342,3.90842663133914e-06,0.27257638843701,0.705576142085791,0.000166050376642369,1.484232519054e-06
"11x21",0.000752903736528518,0.189326311567767,0.00137858904923868,0.123389429888794,0.000121340713857254,0.206052495621376,0.478566194113109,0.000344537303645229,6.81980056856526e-05
"9x21",0.00182773454494831,0.179852292731066,0.00201675020541648,0.0623763273259403,0.000252686191811302,0.246720066954765,0.506365095388954,0.00048155300506313,0.000107493652034619
"21x21",0.000764395890057269,0.0425474510133729,0.00148793823327147,0.00194565370333574,1.31732864521751e-05,0.185808480694957,0.767104683519315,0.000324646205427871,3.57745381126363e-06
"19x21",0.00319532418128377,0.106691657457045,0.00630469201394237,0.157214402858203,0.000564838318082981,0.285055670481727,0.435761126353985,0.00487415318776697,0.000338135147964906
"31x21",0.00463940553160119,0.0791874862103962,0.00486741003650273,0.070666653174877,0.000702826206041468,0.315175838395803,0.518394918948176,0.00491602896476904,0.00144943253183301
"10x21",0.0111628195397544,0.164740883884903,0.00837477268697655,0.128178659860471,0.00067081591427403,0.247511056554122,0.437193147686415,0.00178365887993436,0.000384184993149485
"8x21",0.00148239410056094,0.0870399132573446,0.000646201289424653,0.267094504252191,0.000134057438723663,0.233255997330239,0.40988514643369,0.000390597164970487,7.11887328549762e-05
"16x21",0.00213962844306763,0.0710241205569348,0.00111655499687474,0.131485336753866,4.8878491612657e-05,0.182133140193829,0.611344507943155,0.00067376880960078,3.40638110599221e-05
"27x21",0.00984751499490403,0.17763598123349,0.0068788450450738,0.101983376253771,0.000415528887074246,0.261966621867971,0.439337010103198,0.00164025683018611,0.000294864784331337
"13x21",0.00924472671164911,0.0581418606775921,0.000949074243573403,0.0352878761653362,0.000258533316345369,0.176326457667059,0.715513911708003,0.00420125207658579,7.63074338558989e-05
"15x21",0.00254012476806544,0.0400242241615172,0.0016105363980745,0.15225012375411,0.000166720164956234,0.180614616717881,0.618263702134224,0.00446156080593794,6.83910952344126e-05
"28x21",0.00379291493963271,0.152979042288504,0.0101300692438797,0.165746221194509,0.00120997251097607,0.195984458410511,0.466654453318134,0.00281997415553607,0.00068289393831854
"29x21",0.0133944855598448,0.143889120402897,0.0107531686411241,0.0544023564482698,0.00120735766509014,0.241644068681967,0.528061585529185,0.00582108861814608,0.000826768453475875
"24x21",0.000309920113985677,0.0353886296815974,0.000179527170688459,0.00332586657353956,6.03207933380284e-06,0.175905664360101,0.784671968695791,0.000210888488097938,1.50283686523748e-06
"25x21",0.00405888728443829,0.0773250510333755,0.00203978028357935,0.048235033708355,0.000128432536815991,0.1904069519251,0.67623671140488,0.0015430557161108,2.60961073452516e-05
"26x21",0.00199758004257856,0.199043386596106,0.000880397257362583,0.239584851330089,0.000211488993423442,0.210458056532307,0.346477783021883,0.00116356470243254,0.000182891523816976
"5x21",0.00250101614734498,0.186556074578838,0.00574639426409321,0.293057956020142,3.91786816472686e-05,0.184062877885125,0.326917595660573,0.00108228075656076,3.66260056763511e-05
"7x21",0.00206512762521138,0.100415480998614,0.00447728913197269,0.232860154634786,7.21978028141512e-05,0.262883168635846,0.393781983523238,0.00317768074576346,0.000266916901754438
"14x21",0.00437330918877285,0.0345440922912922,0.00226272578217742,0.0607650216366557,0.000184027737108416,0.162204879910267,0.73308526274058,0.00251438693244398,6.62937807015764e-05
"17x21",0.00374486268198816,0.0634249373579002,0.0019590860432078,0.249833342093734,3.44198614551184e-05,0.222905392223072,0.456750176433169,0.00133839401136494,9.38929410876876e-06
"23x21",0.000769443782250706,0.0122784922275637,0.000554386627307897,0.0429776369765591,8.46657116118497e-06,0.206653124858191,0.736705613545563,5.25596206482589e-05,2.75790755091383e-07
"6x21",0.0107398098134219,0.117394957685031,0.00597801068308762,0.0936790708022735,0.00096967852395592,0.275569951232017,0.483900428515253,0.011277201990921,0.000490890754039033
"4x21",0.010266313306761,0.149579811253801,0.0259137785639055,0.267287256080957,0.000130606877256111,0.290172635122023,0.250649289168691,0.00580397868281552,0.000196330943789623
"18x21",0.0021895184386449,0.113823997150017,0.00287190504364837,0.0489660061031158,2.60504821058057e-05,0.171973582085515,0.659599805054012,0.000540765294506639,8.37034843528175e-06
"12x21",0.00535911201129062,0.133404304625307,0.00168981376912808,0.0333445453358409,0.000147962710902871,0.248822592012964,0.575494243649763,0.00167267629613608,6.47495886671703e-05
"11x22",0.00449285961001147,0.181935211751996,0.00423006988848549,0.0813922317143062,0.00104695509298502,0.246518155523243,0.47789844739536,0.00202548036084562,0.000460588662766326
"22x22",0.000515326137884266,0.0173608187137227,0.000537974017072072,0.0160475493089192,1.47426083326664e-05,0.163336944974977,0.802047974984908,0.000136814602856852,1.85465132801158e-06
"19x22",0.0195548214349623,0.308430809309945,0.00964484019233797,0.0768770800570438,0.000623227924618546,0.237510727324056,0.343784329070161,0.00294725856949482,0.000626906117380057
"20x22",0.00446156419415123,0.210486296476597,0.00343363113547348,0.181314043228712,0.000209051488737767,0.198083646742186,0.394827109310551,0.0067899377910447,0.000394719632547526
"29x22",0.00382758702885048,0.0707169907686549,0.00299089323902298,0.497811563166321,0.00186874073332628,0.150177803855407,0.26852906779533,0.00215483707112249,0.00192251634196528
"9x22",0.00161657584890224,0.108805987744564,0.00598886696498634,0.0278323474163489,4.64644666735214e-05,0.269294769432353,0.585979975295966,0.000389279569402213,4.57332608041911e-05
"10x22",0.00138888693877609,0.0956964154943114,0.00253528820066887,0.0272006506877691,0.000107000847735962,0.229731297754881,0.642976547725061,0.000337524908868891,2.63874419273675e-05
"18x22",0.0287917557324632,0.0722330255534464,0.00185503321405791,0.0726236767413704,0.000282182373945931,0.301204166144873,0.518051144907649,0.00477811797818447,0.000180897354009035
"27x22",0.0105223423610791,0.153815922595139,0.042299086050053,0.226467877836426,0.00811672234526388,0.153943443049938,0.388083760590389,0.0142045441453525,0.00254630102635965
"5x22",0.00298551924394661,0.127958883587071,0.00642232226550738,0.310978287984934,0.000217314596762831,0.311494017839922,0.235596072227378,0.00403807834347985,0.000309503910998519
"16x22",0.00207538794377741,0.0844341215895037,0.001084859281304,0.0259514395633674,5.53378644692154e-05,0.263664437646319,0.620606742905101,0.00208243412828901,4.52390778690842e-05
"21x22",0.000884717339228574,0.00953449156257282,0.000421920721813155,0.0287231401635172,4.49284570130885e-06,0.251926597471064,0.708419366851379,8.26653293095551e-05,2.60771541428048e-06
"4x22",0.00778759405802515,0.107855003274199,0.010339038255626,0.428484333527267,0.00150999027754533,0.250067223555382,0.186634304287396,0.00421118058726388,0.00311133217729458
"8x22",0.00836616932630238,0.231553795313931,0.00719867160437222,0.146773356895681,0.000673246578639166,0.249515033065942,0.352833585600563,0.0027080127930116,0.00037812882155641
