"","Endothelial","CAFs","PVL","B-cells","T-cells","Myeloid","Normal Epithelial","Plasmablasts","Cancer Epithelial"
"10x2",0.0513197640192128,0.078930445610278,0.0404869375357286,0.0175874020941049,0.0292643694743547,0.18050088090485,0.016346710778787,0.251831487120342,0.333732002462342
"11x2",0.0437553951591723,0.0409002629846049,0.0203127748805764,0.0258641194628371,0.0674534263677899,0.0797275139386755,0.00355544189549872,0.510064798469002,0.208366266841843
"14x2",0.047883761437351,0.0301324686313667,0.0213409902968591,0.0692415066506744,0.0886976869811047,0.0867085138323553,0.028950063683074,0.412452879906047,0.214592128581168
"9x2",0.0574261209454738,0.0638984345461051,0.0281975275680297,0.020818507988233,0.0647214129372419,0.122366961251033,0.00380022843588818,0.444240528029965,0.19453027829803
"12x2",0.0563205641606836,0.0470085083104301,0.0287346269659777,0.013489378727964,0.061496637198979,0.0871716713276712,0.013789682090796,0.371706421174415,0.320282510043084
"13x2",0.0639020657339591,0.0688782744342185,0.0230522317131239,0.0235215805931708,0.0446713994261145,0.107216649963727,0.0133336273701209,0.0952418544861956,0.56018231627937
"8x2",0.054917583378061,0.0615144195191398,0.0316403998828717,0.0625748323952209,0.177123237970983,0.122092194531688,0.0144655603896755,0.26162997376189,0.21404179817047
"7x2",0.131446103047965,0.0680606896116659,0.0387202350692075,0.040722342475814,0.076206313202095,0.185835836943775,0.0151909252884137,0.135729312877739,0.308088241483325
"6x2",0.0883255539680126,0.0665188701313221,0.0664900672348416,0.0192279802990517,0.0587494081443312,0.116918763834154,0.0210914812592639,0.197733164818294,0.36494471031073
"10x3",0.103919149144282,0.0664392555086787,0.0241620898820223,0.0114811128205973,0.0402338356135868,0.140465454852866,0.00485751878288665,0.229125429705971,0.37931615368911
"11x3",0.0958043468042316,0.0428388270880125,0.0250316539775917,0.0248986449026521,0.0909728073952727,0.0889834373057795,0.0115561587718831,0.288832666845355,0.331081456909222
"7x3",0.0758973425918351,0.0421038563600877,0.0344965418936946,0.0479564468538734,0.0751113067040177,0.0880767559122052,0.0145916285270367,0.406444962037919,0.215321159119331
"12x3",0.0380944711624083,0.0403323929161698,0.0364675983903391,0.0437461064720825,0.03165930613659,0.0620771390263535,0.0203434147502684,0.152142634005888,0.5751369371399
"14x3",0.0824215797526141,0.0505863757277309,0.0330805351431875,0.0359766653583372,0.0530739047916358,0.121417875018062,0.0109315572028576,0.312564230726046,0.299947276279529
"17x3",0.0746318259771827,0.0416452353796238,0.0371114648383811,0.0290611201872916,0.0604711153898418,0.0905377281707082,0.0369895110146018,0.200550610450403,0.429001388591966
"13x3",0.0907919488588386,0.0689134260511865,0.0253507641536335,0.0479427524564476,0.102802522541939,0.074053223518377,0.0314208299846798,0.0999316069041702,0.458792925530728
"9x3",0.0632173845317688,0.0883446500472085,0.0395174343523421,0.0222228098334624,0.0620469773932727,0.12693329542894,0.00832099751208492,0.275663688557964,0.313732762342957
"16x3",0.0687147613629009,0.0537409207978683,0.0388564704949317,0.036501214817375,0.0927806088646334,0.0710354277987141,0.0383472932320239,0.122864461773958,0.477158840857595
"15x3",0.0855388683598306,0.0891332383146854,0.0669395783469399,0.0411211621086603,0.0973817485893376,0.140041264416373,0.0130102183195134,0.215236014920175,0.251597906624485
"6x3",0.108617130608939,0.0548546929443785,0.0245519112740807,0.0417908741287652,0.0681992384192235,0.132792339164136,0.0500584734902409,0.19388217849065,0.325253161479586
"8x3",0.0735387137414697,0.0789469479163691,0.0145447867812614,0.0343985953237704,0.0861406694377121,0.112849569602676,0.0020015842269641,0.270914626113058,0.326664506856719
"11x4",0.0320007582881162,0.0617973661479915,0.0183827291433578,0.0107961507471213,0.0644517812437035,0.102227305673229,0.00816090747894447,0.15880864777372,0.543374353503817
"15x4",0.0326419580382418,0.0617615153254303,0.0230740878018161,0.0246788148150539,0.0715253045693412,0.091910440606736,0.0110967681188669,0.210045616134176,0.473265494590337
"10x4",0.0481148453362392,0.0586192828202249,0.0237505524794649,0.0058440552749919,0.0120193150307643,0.110381561540379,0.00669822029128863,0.476858774721957,0.257713392504691
"16x4",0.0604123735981269,0.0454816857338997,0.0426526594758383,0.037088765560106,0.053375997736421,0.065862242789425,0.0296947484945266,0.177944519255007,0.487487007356649
"8x4",0.0444085317593701,0.0852504300001716,0.0301639526796321,0.0207250921246202,0.0552818995174478,0.172269596094859,0.0172832409401224,0.0782691483879036,0.496348108495874
"9x4",0.0765689264101682,0.0309347982039611,0.0332812377864243,0.106827628470855,0.093884195197401,0.0774363127847041,0.0242152121994209,0.240086569222231,0.316765119724834
"18x4",0.0826454658874179,0.0527176150501576,0.0364021301028929,0.0693625566841376,0.133555175625877,0.147148752930292,0.0320809347372284,0.142881727036818,0.303205641945179
"12x4",0.0390123447182878,0.0282156722746487,0.0336989624911337,0.0564757583244851,0.0723817893791437,0.0855536803813832,0.0254372410999761,0.208748647599859,0.450475903731083
"7x4",0.0700073488075045,0.0402118564971186,0.0669470082617559,0.123880712019274,0.0914707122248738,0.106754863302622,0.0265812017981106,0.201864967395585,0.272281329693155
"14x4",0.0557690640250396,0.0550370577053947,0.0267175769229199,0.0298167546451276,0.0891308891568907,0.083128018448359,0.0171430941095408,0.200678583552728,0.442578961433999
"13x4",0.0882199884483001,0.03288877710408,0.0359418230927038,0.0912274085689539,0.149162252491698,0.0964019804269139,0.0109784880443498,0.202440092164902,0.292739189658099
"17x4",0.10519092594683,0.0648139361040075,0.0326143935444065,0.0167399239219915,0.0422208423963143,0.0650387212131125,0.0311310798703103,0.155787309647898,0.486462867355129
"6x4",0.0376394779043731,0.0326288043106191,0.0217158510649978,0.0670521424733992,0.0803584289979999,0.0712142725385861,0.0121132854787672,0.53034816753448,0.146929569696778
"21x5",0.0511389241061857,0.0395363651171248,0.0253804825820742,0.0604827330935292,0.0917906690649793,0.0899587868385743,0.0174828311307418,0.395223494992099,0.229005713074692
"11x5",0.0597553592731304,0.0675265174214138,0.0343256784819133,0.0326168393735363,0.103487957316004,0.0981049775128025,0.0214730775073706,0.170884832633754,0.411824760480075
"15x5",0.0424215348675406,0.0642835318812132,0.0453773321117361,0.0363711312361018,0.144455133381178,0.151813678618322,0.0109169287257142,0.187894781102118,0.316465948076075
"14x5",0.0610876679570325,0.0335543741789127,0.0364374249762764,0.0572598107335335,0.0946870846958368,0.095043431202813,0.019368859403327,0.258463752467963,0.344097594384305
"10x5",0.0665113552954772,0.0411603505057039,0.0180717571637071,0.0126305786427088,0.0479496628188437,0.138719933512829,0.012407544650638,0.259444246226224,0.403104571183868
"19x5",0.0451480291404073,0.0723002178842338,0.0204428824968795,0.0213385612052842,0.0727607418506532,0.105444181869837,0.0129358873514213,0.304588682572153,0.345040815629131
"17x5",0.0653983425415933,0.0312799451902486,0.0466851095404761,0.0688865097642043,0.0873638634920088,0.0889057456850529,0.0178863011277091,0.292145809372685,0.301448373286022
"16x5",0.0605413282711703,0.0367708906228992,0.0228380444320023,0.00733543472964555,0.0502655893609965,0.0820559723170908,0.0230293719623039,0.181432682304283,0.535730685999608
"18x5",0.0517674776181838,0.0236339022427694,0.0338186181921054,0.126599758083184,0.164750225768067,0.0513380417611187,0.0275402822957843,0.179483677226011,0.341068016812776
"12x5",0.0541032391615152,0.0421910574147369,0.0435492199534003,0.02700389474984,0.0416929492506979,0.0690434671729724,0.0207980782201828,0.306748755513203,0.394869338563452
"6x5",0.0859407597293837,0.0474565819246256,0.0361192388897894,0.0381806992733562,0.0591164044010679,0.153756412247078,0.0061409303436394,0.332689284625975,0.240599688565085
"9x5",0.0382247124266997,0.0592998572015233,0.0213892936863986,0.0688660793968183,0.05027705819125,0.0887589174753578,0.0190584623059461,0.410653098186982,0.243472521129024
"7x5",0.0457170523171884,0.0515182145014634,0.0437859664631739,0.115926856022714,0.162064229135536,0.0841010355211772,0.0274945938193553,0.205875353474183,0.263516698745209
"8x5",0.0278229622765132,0.0351285727981017,0.0303523677406238,0.0469630255239195,0.0532198662774213,0.0458177104360378,0.0457431997589413,0.301046849705547,0.413905445482894
"13x5",0.0502598812777686,0.057194450006624,0.0293181213148983,0.0713643728583895,0.0663894107937598,0.0679813443384049,0.0503990779376095,0.227192072706335,0.379901268766211
"22x6",0.0611666585787415,0.0566934885513013,0.0340126167727008,0.0203126002828494,0.054439179668477,0.0898222144172238,0.0254485911529405,0.211969488066938,0.446135162508828
"11x6",0.0737804649430624,0.0323436742046277,0.045735951468726,0.0291151298164898,0.0454709831585318,0.0795743931601019,0.0298278036476582,0.240023043580051,0.424128556020751
"6x6",0.0875093463788663,0.0489884454353534,0.0351238817283853,0.0482973880626976,0.137814881052464,0.109564526030402,0.0132585292547974,0.219645496601265,0.299797505455768
"21x6",0.0618417859331489,0.0368658387418689,0.0377379279634772,0.0615665270039513,0.090638826858948,0.0787228886448248,0.0168036451365751,0.32213894395751,0.293683615759696
"20x6",0.0328024398925818,0.0452750828724412,0.0305262120015277,0.0260967271723224,0.0911227767674449,0.0980783694427438,0.0263144558146087,0.403420612134412,0.246363323901917
"19x6",0.0669504281678955,0.0353309229328408,0.0389461852911539,0.022906520436369,0.0635651586780231,0.110522954110534,0.00692308136050118,0.401574013188908,0.253280735833774
"8x6",0.058781000248264,0.0717906658550743,0.0268307848083547,0.039144521464601,0.188962870786606,0.155035266358494,0.00735005825714346,0.236435622339916,0.215669209881547
"5x6",0.103815661563224,0.0382738285537134,0.0363591759109354,0.0844599188889741,0.0839635339334319,0.0947757344232926,0.0124450061203687,0.271003483588542,0.274903657017518
"18x6",0.0192260482155566,0.0295650906526529,0.0444667940976264,0.00233684487980187,0.0132846143475668,0.0326108305503475,0.0152943418614082,0.268251891415919,0.574963543979121
"10x6",0.0804211670112104,0.0530445875795946,0.0344995803877727,0.0424326639469258,0.0754735024292702,0.0935124001842156,0.0189825987308719,0.258796258607326,0.342837241122813
"17x6",0.0454922390362939,0.0369531639840005,0.018823197149548,0.0204342151981892,0.0781203859292423,0.0617476000800441,0.0124463488721941,0.348118459351588,0.377864390398899
"7x6",0.0739842578174674,0.0656882585324279,0.0412097807207588,0.0612034389298423,0.0918217611229454,0.169897581420155,0.00691256567508932,0.222726455865016,0.266555899916298
"9x6",0.098767778113968,0.034999925650964,0.0378935465403483,0.0649862136965952,0.089807289822802,0.114935976517146,0.0227153053925909,0.253711587245635,0.28218237701995
"16x6",0.0462755525717288,0.036690360566424,0.0376565543747576,0.0288732495541004,0.0622002073582805,0.0548410501875253,0.0296020144612869,0.275482625084735,0.428378385841161
"15x6",0.0712780738588926,0.050855099700506,0.0241217039723242,0.0251775122380948,0.0504179789934962,0.111924358902823,0.00595276088813722,0.303557388651655,0.356715122794071
"12x6",0.0322632759858603,0.038746377604855,0.0272946506885654,0.0328386082902864,0.070444683293329,0.0599809801645883,0.00953412147630328,0.368347719902303,0.360549582593909
"14x6",0.049706092124596,0.0505329949540095,0.0576675463947889,0.0661948364749776,0.118267348551878,0.0641568681116324,0.0236916504246377,0.131748260077906,0.438034402885574
"13x6",0.0959798211039808,0.0463082580519191,0.0478819629975902,0.0441335636810863,0.0658973227935922,0.0801961409878039,0.03908460828302,0.208252696029616,0.372265626071392
"22x7",0.0574675555284564,0.0519715786108952,0.0267572088859646,0.0279730598201989,0.0597719801397723,0.0993293799395247,0.0255597696722524,0.299283107559897,0.351886359843038
"11x7",0.0871325366410021,0.0396138675816021,0.0330512744795807,0.0712485104776709,0.0978596557522117,0.078815850247562,0.0298185108779928,0.214570535414124,0.347889258528254
"10x7",0.0532903023775381,0.0512680422270797,0.0220570615272407,0.0398621047203322,0.0904531746499328,0.0640517089215492,0.0122066511337192,0.210248201508916,0.456562752933692
"21x7",0.0683271205852028,0.0546235656273007,0.0327821462830941,0.025718000630961,0.137316294597309,0.0973707089814177,0.0491205072314591,0.24817466410368,0.286566991959576
"9x7",0.102770768674821,0.0406958286963468,0.0325847616059788,0.0268964299163204,0.218909122874586,0.0977702162659665,0.0197996765405332,0.0980816879356863,0.362491507489761
"24x7",0.0699151408954674,0.0470186715483051,0.044810395904624,0.0633380920457352,0.105595618932554,0.0916638636893086,0.0108717277692307,0.350542137872649,0.216244351342126
"20x7",0.0859091411058213,0.0617408929161391,0.0285595668201707,0.0451312622615315,0.0460108357940154,0.104821254708243,0.0132228036671005,0.234596594663621,0.380007648063358
"23x7",0.0523229357637309,0.0374816149372841,0.0196783263747036,0.0178496656001393,0.0756006534585401,0.0866356849491852,0.0136778978926918,0.530607843534007,0.166145377489718
"25x7",0.0675220488654391,0.0247581858077121,0.0353473084832479,0.071329905161703,0.237647074197218,0.106865098513419,0.0314929976779583,0.130654344866252,0.29438303642705
"12x7",0.0565036307859496,0.0478782006321512,0.0268400242939824,0.0120858379405619,0.0479729574442872,0.0914655217555152,0.0137571841651664,0.260200121309504,0.443296521672882
"15x7",0.0619954021622135,0.0543699122133851,0.0354541177599672,0.0695755837994075,0.139637993249517,0.0693453349928668,0.0267147626755966,0.232361804555269,0.310545088591777
"14x7",0.0621309040488204,0.0307573014164691,0.0453868728137395,0.0390761507408185,0.0873978940639906,0.0500327502212707,0.0394857592586471,0.356963209794837,0.288769157641407
"16x7",0.0737567162672461,0.0370237806049026,0.0441290517439395,0.0654048756011747,0.108210848882699,0.0440539896015664,0.0387112603100832,0.224747793177034,0.363961683811354
"17x7",0.0461610947521447,0.0277275553876056,0.0319798541058266,0.10146035524577,0.20120092907785,0.0647517124172505,0.0254049478246819,0.265578068419061,0.23573548276981
"19x7",0.022181387287511,0.0680996519418956,0.0233522366304816,0.016489527033873,0.063434600699881,0.147626282916654,0.0102100354308188,0.378241334028138,0.270364944030747
"8x7",0.0863048660901297,0.0528255679861296,0.0377690307883116,0.024132908304672,0.0891304812273145,0.156137520890379,0.0180010978184572,0.227454583233404,0.308243943661202
"7x7",0.0595366124824389,0.0643951462006866,0.035982365471399,0.080830304560845,0.0734529956209521,0.134196450503384,0.0311670769484106,0.117365370763563,0.403073677448321
"18x7",0.0903380865086359,0.053330926157935,0.0347608732972086,0.0288044294011975,0.104233357421751,0.0889181664673222,0.0170189028983462,0.104077858473501,0.478517399374103
"13x7",0.0763323832712649,0.0527919221229106,0.0527990174458505,0.0616666760943412,0.079089130747295,0.0961431515067974,0.0373449231115598,0.199147564193152,0.344685231506829
"5x7",0.0995033855293762,0.070341528347667,0.0298937457766045,0.065258539457446,0.0772671530079241,0.164330668773044,0.0145458352394289,0.176618296654048,0.302240847214461
"6x7",0.0822430949207729,0.0732504258225749,0.054479843970453,0.102137564523088,0.122795729003687,0.144847971786125,0.0151282670025637,0.158559204403193,0.246557898567543
"17x8",0.0702942385993027,0.0679860407755433,0.0482491541116947,0.0505443557326579,0.0662652133661299,0.12897837963363,0.0268522455703804,0.169623747836299,0.371206624374362
"21x8",0.0445082053294978,0.0395247820727916,0.0250282629826374,0.0869124840496498,0.0820621834767889,0.0769268700728267,0.0154204108534977,0.425836202589302,0.203780598573009
"20x8",0.048628461742013,0.0516132051684351,0.0308574890292373,0.00604319768908525,0.0735533920331681,0.169559687658416,0.00670370734682534,0.181577663601421,0.431463195731399
"22x8",0.07628701564994,0.0396841094271336,0.037088271967749,0.0273196412156784,0.0711029102512994,0.106493171208292,0.0127950201291044,0.339021649969009,0.290208210181794
"19x8",0.0430267730748705,0.0564475292244424,0.019490856422818,0.0401120246910657,0.0961814783970937,0.077345419226642,0.0125386617576539,0.186929248956426,0.467928008248987
"7x8",0.0774817999285004,0.0412835095933209,0.0273683894891627,0.0642445575189077,0.130683164458254,0.0671236170174546,0.0256804479767915,0.265997498406185,0.300137015611423
"11x8",0.0605432492782836,0.0439077728546695,0.0259820388346015,0.0275822689477938,0.0818553092496998,0.0745836452432602,0.029726625925664,0.230503621940943,0.425315467725084
"18x8",0.0579770735593306,0.0335835127240017,0.0373967596849205,0.0463109181065547,0.120503815532908,0.0565221109439117,0.0252116869555869,0.246939571829711,0.375554550663075
"26x8",0.061381335296629,0.0698849152153042,0.0360994255345274,0.0537577946165593,0.129378627485708,0.129223850296192,0.0173484844224348,0.249065932264537,0.253859634868108
"25x8",0.0334164267849671,0.0307970383967205,0.00998479594687272,0.0665237900250096,0.127032773313868,0.0613156188535027,0.0202455303009119,0.345671161712139,0.305012864666008
"23x8",0.0428556852559513,0.0546512474645721,0.0233138913882528,0.0579820091954787,0.0686715908983239,0.0992103318732745,0.0137531750880268,0.437608322348894,0.201953746487226
"8x8",0.0462757114086648,0.0417782636187585,0.0395748519833084,0.118893681731859,0.137735573242444,0.0712286304111339,0.0461761613416387,0.234534275876263,0.26380285038593
"12x8",0.0421130258314372,0.0333603254028133,0.0441096333301509,0.0363614189646923,0.0531905799567208,0.079908292741994,0.0188534024162422,0.298211947576249,0.3938913737797
"9x8",0.0576177413042109,0.0413607436441211,0.0210482633352312,0.0773949255422245,0.0722831499771586,0.119863177626037,0.0132312399609282,0.237493872238164,0.359706886371924
"16x8",0.0624891027956996,0.0431974502380167,0.0289700276489237,0.056513590575058,0.0814461399427514,0.0870413346835631,0.0599617768856067,0.187690939120474,0.392689638109907
"24x8",0.0248759279890206,0.0575849798842062,0.028898456076376,0.0205705202190642,0.104758425001938,0.112476129572801,0.0117040860585173,0.418889228498739,0.220242246699338
"6x8",0.0758839868367435,0.0445703512475494,0.03613514067421,0.0250733926111875,0.105096611815998,0.0938241855274697,0.0301312840145575,0.203493790949201,0.385791256323084
"10x8",0.0411139171023714,0.0452331259400686,0.0313694699309984,0.0394046291633996,0.113311377085295,0.0731359759324659,0.0400196648300115,0.246267512330625,0.370144327684765
"14x8",0.043776825925941,0.0333378396608695,0.0326992370644383,0.0535014805503714,0.0738242149838884,0.0639257310879868,0.0127981647252692,0.275873789329793,0.410262716671443
"4x8",0.0471457998601151,0.0384950918273091,0.0399631473280535,0.206045906174068,0.139176181180279,0.0553636710729955,0.0271228366294381,0.122228380480474,0.324458985447268
"13x8",0.0684870278374572,0.052628498780323,0.0604459950470006,0.0562616310637221,0.13474109388607,0.103190683772342,0.0151085408539978,0.0693817901151924,0.439754738643895
"5x8",0.0238558055553975,0.0118589594190239,0.0113947493349791,0.174116620580809,0.18636487844277,0.0155907996044607,0.0163492783369559,0.397770821352912,0.162698087372692
"22x9",0.0760942801184698,0.0412121999786705,0.0390860957144331,0.0590525888261295,0.104286620555949,0.0931930126923585,0.0139147879500019,0.387950489373724,0.185209924790263
"17x9",0.0637366051169659,0.0518286265347953,0.0491360701618755,0.11072757071629,0.140836001488371,0.0837424728859056,0.0479103316880194,0.168116161550475,0.283966159857302
"10x9",0.0865942767496711,0.0384030629032774,0.031192303710439,0.0209796212126582,0.0397821152539124,0.0987885770618047,0.021318735543328,0.27832131804347,0.384619989521439
"28x9",0.0699423922154701,0.0675388837476092,0.0448445246562774,0.0278738582984864,0.0356594018991329,0.0847948830343002,0.011799371901272,0.301111642518624,0.356435041728828
"21x9",0.0520249126206602,0.0480078793605875,0.0364608945345377,0.0303549000628099,0.0614399668369712,0.0920838226790828,0.0190884489270418,0.376387613252047,0.284151561726262
"11x9",0.0808084877505021,0.022580326661689,0.0284972903994006,0.0453297066483647,0.120389090183834,0.0799709015187377,0.0326413035339023,0.138272187914962,0.451510705388608
"23x9",0.0406613804284404,0.0517232209605199,0.0237966652246586,0.0482314563313852,0.0709502328956276,0.129001342120317,0.0129851032276298,0.431669758259451,0.19098084055197
"19x9",0.100739297389785,0.0398580360900023,0.0501061180868607,0.0278626139240381,0.0376495555763653,0.0982106248165455,0.0120991083481433,0.265963818979502,0.367510826788758
"18x9",0.0757484139736377,0.0311499715416963,0.0459167606270913,0.0782008641089809,0.160146608116272,0.0699198520744935,0.0151268688078558,0.223423433603328,0.300367227146645
"20x9",0.052107359559921,0.0483206146598579,0.0397838121048791,0.0562232421980019,0.0770411423047877,0.164812366221224,0.0152114555488785,0.267369691819861,0.279130315582589
"12x9",0.06577143011676,0.0524627770170147,0.0140139726577903,0.0156834591259656,0.0668631958765549,0.060888921358348,0.0338753671123119,0.331665508557321,0.358775368177934
"8x9",0.0742930808826432,0.0564093898999726,0.0374772743551177,0.0901038010582443,0.147591430546156,0.0750588175266202,0.0210279453342699,0.135370745180236,0.36266751521674
"24x9",0.0470063635851763,0.0758905494661378,0.0282571344621132,0.0138614893477677,0.0417311927028008,0.163685492207273,0.0226049996061907,0.294117430771387,0.312845347851153
"25x9",0.0786949707314454,0.0387366993720919,0.015816379466956,0.0133886716897245,0.037891139863185,0.0609880026179916,0.012714800150665,0.417991493655163,0.323777842452778
"9x9",0.0736317430399939,0.0452968183966657,0.0296214573057101,0.0878899549075812,0.124764836864579,0.0669374912551531,0.0144813821720012,0.212022162149469,0.345354153908846
"4x9",0.0749836460929943,0.0312278555384098,0.0284942072679679,0.115752089542995,0.135026561028459,0.0463162577575338,0.0276422000083385,0.229609318503412,0.310947864259889
"14x9",0.0129941326443688,0.0272721697802536,0.0106292836027073,0.00291686898588427,0.0111421038893985,0.0894878378379905,0.00863879087459954,0.089362170482272,0.747556641902525
"7x9",0.094472099790155,0.0363311947587512,0.0343347701078705,0.0418375885632541,0.0740404706632158,0.126384209528866,0.0293553330173273,0.234999107417498,0.328245226153063
"13x9",0.0374378284119231,0.105924869147141,0.0244505081806027,0.0227441255237384,0.0142838602153672,0.135774900519493,0.0128860358892267,0.235026387564769,0.411471484547738
"6x9",0.0597036745035621,0.0676034366653857,0.0696592334152151,0.0647083369297344,0.101252267025007,0.110655994511034,0.0175430661586084,0.178062740298088,0.330811250493365
"26x9",0.112530983758538,0.0498256998982753,0.0449004524988903,0.0307694865246918,0.0738572927513044,0.121295279951116,0.00968765995907065,0.208569335956527,0.348563808701586
"15x9",0.0648445525951649,0.0397767476264966,0.0436167258801871,0.0737404680929243,0.11108274311509,0.0728770234448156,0.021318450092883,0.34475718238,0.227986106772439
"16x9",0.0774417895828446,0.0417680425281917,0.0290814305623614,0.0376358402672775,0.0953259344602909,0.0785883597306782,0.0118638763444429,0.284367112629456,0.343927613894457
"5x9",0.111409167813736,0.0455214478870149,0.0315230368348118,0.0501873466080215,0.159492374277748,0.0742505891029518,0.0281515064497036,0.16832768156511,0.331136849460902
"27x9",0.103818582830603,0.095706105899804,0.0347367122253622,0.0380028180792701,0.119512003569889,0.134533339045832,0.0200925556272683,0.155844279015685,0.297753603706286
"22x10",0.0440342028573408,0.0382277573020373,0.0457664981628802,0.0497747179105008,0.0759130565035693,0.0865083758778842,0.0190361419116197,0.415643726491302,0.225095522982865
"16x10",0.0724670687452493,0.0326037135399593,0.044057897369421,0.0254269852685032,0.0494944542240608,0.122666892360992,0.0213514057415214,0.208241307889715,0.423690274860578
"9x10",0.0537931701296628,0.0293541972205288,0.0373358175326154,0.0591463842144947,0.226449944766554,0.0420374178936206,0.0388375007679415,0.243451488770088,0.269594078704494
"20x10",0.0890290056910477,0.0712342917764702,0.0367184768699811,0.0488829487972337,0.0620598582926788,0.141679812171337,0.0193461165897976,0.280026687287542,0.251022802523912
"31x10",0.0597833517783537,0.0662577024187907,0.0367453170096586,0.031168912996938,0.0588986060512688,0.0960338190419696,0.012478891524644,0.336025951076482,0.302607448101894
"21x10",0.0559747752350453,0.0344769052068864,0.0392293057789251,0.145874094656546,0.0774297489014277,0.063513814364552,0.0137600672941279,0.381409281358702,0.188332007203788
"25x10",0.0500265706926485,0.0383061186594398,0.0187905957018512,0.0220219665444453,0.054740749416752,0.0813280326678238,0.0276972959441202,0.12895004339056,0.578138626982359
"17x10",0.0643409179434283,0.0433073828790884,0.0293749168410274,0.0444055538639954,0.129736800794576,0.0850067874204075,0.0124226587714552,0.147717661241558,0.443687320244464
"24x10",0.0762953209591363,0.021782239844838,0.0271349720669108,0.0215562301063763,0.0673333617915549,0.0793253126320353,0.0352824716487357,0.322172215166328,0.349117875784085
"28x10",0.0911701492746309,0.0697076393149568,0.0379647158068738,0.0204247346286607,0.0672396148087591,0.115919013923266,0.00960662956017825,0.0795522009293454,0.508415301753329
"11x10",0.0348120525227789,0.0546402748347716,0.0315312409953735,0.0360428597368592,0.0660236711722465,0.0912897174362443,0.00796282772539889,0.237878454802567,0.43981890077376
"26x10",0.0750449833432355,0.0372662417683873,0.0286641521203717,0.0429513771287656,0.145722242766232,0.0999603851371536,0.0263970562673284,0.0980845850366758,0.44590897643185
"30x10",0.0841719233774644,0.0563461067672938,0.0574775599593555,0.0512245623350352,0.125375152257461,0.0818674775518778,0.0222000396201039,0.243941145897096,0.277396032234312
"27x10",0.07793396680401,0.0768153937924426,0.0482436909821948,0.0179057177995061,0.0485616134751233,0.064652327486646,0.0165488405647235,0.201956137449836,0.447382311645518
"29x10",0.0646763638424187,0.0578123784298951,0.0451573502573453,0.0647734920061243,0.0997928454893609,0.124813981470296,0.0213414031615285,0.160796082838159,0.360836102504873
"19x10",0.052357907595935,0.0236910226011613,0.0275403214518049,0.0165877883994907,0.0440461707211559,0.0717292479775576,0.0105794671752068,0.349627845102342,0.403840228975345
"7x10",0.101477873950848,0.0534172832909083,0.0350916379217473,0.016021656244109,0.0535680910506426,0.088388078988991,0.0338388845718064,0.10794950738714,0.510246986593808
"8x10",0.0275665651272812,0.0170438672718987,0.0197577918858101,0.0098477526468603,0.0197660162685609,0.0747775247288057,0.0174950953589809,0.348744775041489,0.465000611670314
"23x10",0.0823250096241184,0.0419333470249623,0.0394011670428012,0.0423368463908969,0.0933208021571123,0.0813629076232645,0.00998228725342749,0.319310779027114,0.290026853856303
"18x10",0.054991651418463,0.0574334470202955,0.030463990769941,0.041158827938245,0.150341044551407,0.0893752817588146,0.0163932281862355,0.201059563938497,0.358782964418102
"6x10",0.0546710375690247,0.0402750188123602,0.0619518261951953,0.0795579010031874,0.181086108127844,0.0862935988591672,0.0129410398309548,0.176096220614725,0.307127248987541
"12x10",0.0556870644298935,0.039890253855874,0.0146777606816879,0.026372225142508,0.0557179486409131,0.0847725936668138,0.0212999190478869,0.303920880212498,0.397661354321925
"15x10",0.075336392200081,0.0485918915235573,0.0290206280604458,0.0250618583142033,0.0831158963137523,0.0847271147040842,0.00666559856604244,0.272350067436324,0.37513055288151
"4x10",0.0582537268797413,0.0413866986132346,0.0458773763585621,0.0492745142303928,0.116453697921865,0.0864981368658559,0.00994082786249928,0.158139278229548,0.434175743038301
"10x10",0.0685552225691604,0.0335200196279817,0.0403901324405784,0.100068087367582,0.155311682635959,0.0994905710705866,0.0172913281003824,0.118133728756681,0.367239227431089
"13x10",0.0320468120354697,0.0724603263880753,0.0116570084554365,0.00544526965952221,0.0113300731392616,0.182642062676176,0.00339459600726149,0.294088495829756,0.386935355809041
"5x10",0.105327856457797,0.0677298565267882,0.0318942263493503,0.0199266065192777,0.0475492965163026,0.16581325638226,0.0265002508649327,0.0724500651998295,0.462808585183462
"14x10",0.0536337645556907,0.0519734539661934,0.0235443065726122,0.0107119030732998,0.0253785235264351,0.0887877418870928,0.0185362741258894,0.372564416114337,0.35486961617845
"22x11",0.0669921887579054,0.0263901824120799,0.0212739440313745,0.151322306075006,0.19012462774407,0.0764835782629245,0.0129714197495986,0.299465773214478,0.154975979752562
"12x11",0.0495017624437025,0.024816581201973,0.0277113384283141,0.0266311818477686,0.0599333268188359,0.100641799254166,0.0117493125027357,0.353549278131017,0.345465419371487
"21x11",0.052007559937332,0.0393590701578616,0.0391582816721922,0.105237029423009,0.195376784957667,0.0968851163880655,0.010282382621975,0.25551161365307,0.206182161188828
"30x11",0.0747403702044054,0.0542549871384277,0.0461591999400805,0.0107173507141544,0.0485576040152747,0.0779219589480332,0.0138644806955446,0.138773183383454,0.535010864960625
"10x11",0.0285803203073029,0.0582368314414127,0.0292742020143768,0.047293340215034,0.17120482079081,0.0639280272080739,0.0241878070311022,0.21032893381829,0.366965717173597
"20x11",0.0616555883701832,0.0579734964470808,0.0379763493017841,0.205599574134636,0.144934422668996,0.0882748210176125,0.0151093083128646,0.179419950399939,0.209056489346903
"31x11",0.0552746490264226,0.0474656956885135,0.0371438458174186,0.0326050090214655,0.0804611447559766,0.0915985592136359,0.0117850561147424,0.147682932134884,0.495983108226941
"32x11",0.0467813727494772,0.0664115130767929,0.027719693382509,0.0221033758652068,0.0373035032875135,0.0816350154833463,0.0238020390607958,0.290455835561245,0.403787651533113
"17x11",0.041059346052476,0.0573411461287619,0.0290634591005048,0.0397769166691821,0.0900737900691195,0.111784364081325,0.0112112895011908,0.287269741956725,0.332419946440715
"19x11",0.0841556483484833,0.0550169351098076,0.0715017784811198,0.0586496914499742,0.111726418448471,0.136785214708747,0.00669171920106198,0.188206462050374,0.28726613220196
"26x11",0.0666784609922406,0.0262627725987572,0.0201066627881993,0.0554538298992727,0.0616674918102945,0.0848924927708604,0.0146834490292013,0.265562722604477,0.404692117506697
"9x11",0.091216247595883,0.0561305003192702,0.0472334537461501,0.046136132157814,0.0867524549225998,0.0751617192306304,0.0133874562419605,0.230721792413032,0.35326024337266
"28x11",0.130171294617093,0.0682291220212119,0.0344735143392583,0.0821382128656703,0.116548628821287,0.0647160392152831,0.0164806776512424,0.162399116523805,0.324843393945149
"29x11",0.090988739011539,0.0638997201675388,0.0283566139317083,0.0397755647383683,0.0849421492692537,0.117999408957987,0.0269216564239753,0.167820699148989,0.379295448350641
"27x11",0.057909471359093,0.0531455223388641,0.0493901341354797,0.0325973424197377,0.0406895211472243,0.0551653545973238,0.0125470386467036,0.260474279976331,0.438081335379243
"13x11",0.0886501445159228,0.0367868448334742,0.032824497555724,0.0422125663941949,0.136353023112133,0.108259385793394,0.0425856764377564,0.254443821016799,0.257884040340601
"18x11",0.100052722072597,0.0505838093771991,0.0131118768970347,0.0216650599075382,0.0556801438817236,0.136827363360581,0.0186225700513723,0.227110901395106,0.376345553056849
"25x11",0.113485205130565,0.0279328193339901,0.028503561943533,0.0646149469286198,0.0946417032965179,0.0725751650621887,0.0166366514839337,0.248222191696559,0.333387755124093
"8x11",0.0469901794536929,0.0248698073397605,0.0438813561056201,0.0880097244166132,0.129650865197589,0.0790374951365862,0.0269481425085128,0.207648812974315,0.35296361686731
"23x11",0.0767838726195388,0.0420804004508467,0.0376780234703265,0.0440945198624133,0.0913175462847542,0.104076945012318,0.0489437950627706,0.0897072662424268,0.465317630994605
"14x11",0.046871711032746,0.0675051245299551,0.034381335464058,0.0509640835074956,0.206802017258566,0.138322046059552,0.0368991112712591,0.167864199786508,0.250390371089859
"24x11",0.0311516347513961,0.0350826483257675,0.0308753335792026,0.0364768816779856,0.126475511198486,0.0817116905355189,0.00801585717164055,0.409561494335974,0.240648948424029
"16x11",0.0549805353014364,0.0340967625597568,0.033881600582738,0.111538265787988,0.138553668596857,0.0846077300512403,0.0129678055601559,0.264747234309901,0.264626397249928
"15x11",0.0734650557604534,0.0332902807997012,0.03976668243903,0.1307551636474,0.20852906180751,0.0931253545107219,0.0149252668908441,0.206800584470324,0.199342549674016
"6x11",0.0615559421507417,0.0219434100900545,0.0286165067870806,0.038608599190502,0.145315906289831,0.0670744001411682,0.0411557944125887,0.250642694006017,0.345086746932016
"7x11",0.0391449842779049,0.0332435768044361,0.0219797970443593,0.0991963300812733,0.136256649049808,0.0545571165313994,0.0372147408269305,0.315028549934022,0.263378255449867
"4x11",0.0519488419745165,0.030295169779511,0.0387493848500193,0.167805501004393,0.137422261793584,0.0649431391511402,0.01386899444284,0.201451773646545,0.293514933357451
"5x11",0.0746255328780959,0.0414000226435947,0.0266632799794881,0.036639083124503,0.175956740170185,0.10154787985019,0.0293039765271755,0.2284362918969,0.285427192929868
"15x12",0.0737478692248327,0.0451602552054193,0.0443231492571239,0.013352607258014,0.071294858741776,0.139010346668652,0.0126079800061568,0.231287697611293,0.369215236026733
"32x12",0.0458581852649216,0.0852623302835262,0.0365462921841733,0.0944405215779552,0.136400202130882,0.103762707021335,0.014697051397128,0.15919359024533,0.323839119894749
"14x12",0.0427898507519996,0.0293171215347394,0.0197892979553594,0.0110440495127289,0.0437824212750488,0.123278923212295,0.0145712607508535,0.302719558995349,0.412707516011626
"26x12",0.0397131272395766,0.0320593551073356,0.02778002791147,0.0315566458745808,0.0431311441948675,0.0737581499716264,0.0293657253316572,0.208972010347498,0.513663814021388
"31x12",0.0772325702318968,0.0353900855280261,0.0171065214620964,0.0110354304989148,0.0538222410899013,0.115437229138781,0.0247717442477041,0.09607347976714,0.569130698035539
"28x12",0.085136885839798,0.0597302712582392,0.0232124452814611,0.0329857465268377,0.0771148603843461,0.152200413089352,0.0116092611792253,0.161202772593987,0.396807343846753
"22x12",0.0724154313662496,0.0440342315698678,0.0548999027862785,0.03215124748284,0.130157363645221,0.103547386458517,0.0105902277820241,0.330396889778885,0.221807319130117
"21x12",0.0556273735181992,0.0424609194879492,0.0329160232745154,0.049214075685325,0.0874582702666974,0.0841449119001812,0.0125922186187481,0.283214173080412,0.352372034167972
"11x12",0.111181373205707,0.0348215619895389,0.0279591445768427,0.0685594119853041,0.146366043534985,0.0763949719280301,0.00947882476978551,0.283367863944436,0.241870804065371
"29x12",0.0477236433703466,0.0661040457706766,0.0313524821098944,0.0428095846626766,0.121662530487101,0.0806166413105381,0.0288839507138346,0.229946441680472,0.35090067989446
"30x12",0.0716626333746358,0.0474450330680165,0.0309199767453122,0.0409510566797526,0.138125462350515,0.0905397262765716,0.0140305514879945,0.247432985078206,0.318892574938996
"20x12",0.0514794802031644,0.0425310669720605,0.0475577771488767,0.0501347696775806,0.128169174396596,0.0754520410785949,0.0162562151739547,0.268621622793967,0.319797852555206
"27x12",0.0839716723097911,0.0309279970014443,0.0210121036685015,0.0418983686383749,0.105839606342002,0.101519691190865,0.0194494072968778,0.185245667583585,0.410135485968559
"25x12",0.0743379465107002,0.0561901388514464,0.0419708163188129,0.0970809157101894,0.104086701057182,0.0627180677759615,0.0194634877083339,0.189752058201261,0.354399867866113
"23x12",0.0821987728740579,0.0566763029518095,0.0404684199302012,0.0293563317535707,0.151457555189637,0.100160368631101,0.0120798055715012,0.245763188848497,0.281839254249625
"10x12",0.0739900001171343,0.0428463259309339,0.0293389740501872,0.0550623567594181,0.180465340591185,0.0748674232079573,0.0165805361834801,0.225374065302633,0.301474977857072
"19x12",0.0673146385367636,0.0335277120394055,0.0101442590868561,0.00734485003985647,0.056886916286657,0.0468207479714572,0.0212653343676402,0.322946559082121,0.433748982589243
"18x12",0.0477465348902697,0.0531525333160731,0.0158652365303576,0.0154091246263552,0.0536804699950455,0.0994874536487502,0.00925882271039262,0.377554581802669,0.327845242480087
"9x12",0.045888684741536,0.0502263901025923,0.0405953343495329,0.0800672348839017,0.0822960035051367,0.0964632435598544,0.0165038956676652,0.253084293821106,0.334874919368675
"12x12",0.0478069424055672,0.04187568295708,0.042981029202829,0.0253121059641607,0.0628257336564508,0.0765550117888152,0.0243811447143597,0.419376504417578,0.258885844893159
"17x12",0.0842849559572801,0.0363807229076549,0.0259757708970741,0.0452788965405523,0.122699378512377,0.09895378995238,0.0126086984150945,0.169074834424656,0.404742952392931
"8x12",0.0340373884052931,0.0320523316527819,0.0259765141149805,0.0188641390808934,0.0305666040083969,0.0561505842352579,0.017173260731544,0.278273286670188,0.506905891100664
"24x12",0.0611477625719403,0.0429367808654204,0.0295204609704327,0.0425451610610799,0.0922244225444812,0.0715055945419301,0.0128091523167852,0.244312558719246,0.402998106408684
"16x12",0.0351322209758246,0.0454819215158106,0.0309132260364487,0.0506434267181658,0.0883715989541683,0.0835746418315336,0.0156648419635216,0.272339008773806,0.377879113230721
"7x12",0.0409191127377135,0.0383062515106418,0.0518063947195215,0.0424940741800284,0.0789736875464439,0.114894415851268,0.0156751227932027,0.188901817579403,0.428029123081777
"5x12",0.0782296458298576,0.0515453049615259,0.03319797909979,0.0222361784433051,0.0600787670790925,0.0566266481441036,0.0162203806655259,0.334190044540598,0.347675051236201
"6x12",0.0900101943327025,0.0511913585227473,0.0203582603756812,0.0162796907214473,0.0983656913714771,0.123697036834754,0.0120857198744366,0.0321130768890104,0.555898971077744
"4x12",0.105828327026859,0.0366365878867526,0.0311654047282237,0.042848831555436,0.0472176119940105,0.0890534801610694,0.00546291212026788,0.247253997749801,0.39453284677758
"13x12",0.075870748453267,0.0195486910397056,0.0173251806983762,0.0331156325901907,0.0816673928331769,0.0410041679690937,0.040142452056969,0.208966201531245,0.482359532827976
"32x13",0.0595784890264749,0.0700952059639369,0.0250981011162287,0.0200890127564321,0.0501960251064375,0.0595333840036892,0.01438393998848,0.334399149421858,0.366626692616463
"22x13",0.0522661554909276,0.0768117283628961,0.040065070419639,0.0630002503557457,0.125956893685443,0.106860233422035,0.010687663826418,0.254422627501941,0.269929376934955
"11x13",0.0596756605809223,0.029056840677104,0.047459016769161,0.0984938988948722,0.197349233957311,0.0802947576879558,0.0401543617041188,0.0733897253639042,0.37412650436465
"10x13",0.0773938136944139,0.0304522372338249,0.0444741605985318,0.0336373234252269,0.109926312889441,0.0544538332075209,0.0177480490860061,0.362837180160513,0.269077089704521
"31x13",0.11436654551487,0.0372473165217431,0.021382703682018,0.0282342758851422,0.0485972374482372,0.108483026071259,0.0300209529590629,0.278327024783203,0.333340917134464
"21x13",0.110738503407132,0.0446213079408184,0.032676745185472,0.0479691328495126,0.103404544344649,0.084634566583517,0.00423062315368653,0.25556383161047,0.316160744924742
"29x13",0.0793850377478236,0.0573369116891115,0.0411585887188558,0.0330053218396376,0.0563018029804262,0.125871778291379,0.0213190430354433,0.194048679417709,0.391572836279614
"30x13",0.0737685483046617,0.0370339704024352,0.0310277376620295,0.105657574624505,0.134700033503945,0.0766946435141169,0.0209302252750463,0.225636650186854,0.294550616526407
