"","Endothelial","CAFs","PVL","B-cells","T-cells","Myeloid","Normal Epithelial","Plasmablasts","Cancer Epithelial"
"27x15",0.0396450482507673,0.133740728718129,0.0383695296728056,0.0732377057928533,0.0271064388059183,0.210078193230543,0.26641549361817,0.013080651495898,0.198326210414915
"29x15",0.0539434065765377,0.0928037583466733,0.0493575922184262,0.260936730467803,0.0347416652294152,0.176291812547358,0.137707109668217,0.0103358300380288,0.183882094907541
"21x15",0.0479906153992596,0.0836797435116699,0.0468766510912733,0.205094617152978,0.0282796607170851,0.236165062381976,0.0874558422695737,0.0323805199208881,0.232077287555296
"26x15",0.0610684521211169,0.104042283569699,0.0407031940154658,0.0701946304204538,0.0276254046307273,0.210382386653805,0.130424355081822,0.0413970698519787,0.314162223654931
"25x15",0.0472634723001164,0.0462734435718845,0.015565361123452,0.0150303276590497,0.0163810640682073,0.124401133450289,0.44537552079131,0.00501970814165238,0.284689968894039
"22x16",0.0984499192637521,0.116051528767275,0.052216208344,0.0492590221123514,0.0406841158764031,0.144027244325513,0.21927670597514,0.0194437548756654,0.2605915004599
"20x16",0.0445814298828639,0.14859773713531,0.0377260383809573,0.0456960168103925,0.0342833177855094,0.213265999687752,0.270825445635185,0.0277777500367405,0.17724626464529
"29x16",0.0307375041995805,0.228339362043495,0.0428160422401167,0.0167742420741616,0.0183317026770156,0.211422805854067,0.195570776370797,0.0317556219381912,0.224251942602576
"27x16",0.0511806151223519,0.121064280051489,0.0813713638279813,0.0167208987620662,0.0224934533870447,0.179676326166695,0.279340339237545,0.0382652179617549,0.209887505483072
"21x16",0.0727581008679563,0.174434278587517,0.0408403572726915,0.0353047568658319,0.0313072699443787,0.238112510578199,0.178397834759714,0.0231977794907776,0.205647111632934
"17x16",0.0809803092764331,0.15645969369702,0.0458021220354481,0.0147793869970695,0.0277016663156185,0.272972921141336,0.131473278691527,0.0245967159472764,0.245233905898271
"16x16",0.0817735805954992,0.165365790905253,0.0808481837026483,0.0746730795453833,0.0372299498540655,0.224781530231787,0.146823915733824,0.0298911465425951,0.158612822888944
"18x16",0.0782769130686604,0.142174896003308,0.0693410239180215,0.215648650969191,0.0157415612958408,0.148624161192041,0.134527183087259,0.0322943117147361,0.163371298750942
"26x16",0.0429312407729922,0.123403038774011,0.0391851774274475,0.0243381300111031,0.0137898318010779,0.330399998115105,0.184768802715137,0.0268828115459024,0.214300968837224
"19x16",0.0925000273505305,0.171549249031258,0.0425694877413699,0.023957959184052,0.0200924893666565,0.182405068853138,0.185293815041022,0.032137530681868,0.249494372750105
"28x16",0.0509777901403858,0.213352508563336,0.0272532340763477,0.0776625060901158,0.0326305539198796,0.197283734228278,0.205216864309392,0.0229111896483785,0.172711619023887
"25x16",0.0346889154909326,0.134601936304979,0.0325522214052802,0.0488709834236378,0.0179431044028797,0.244793970160111,0.145722400183299,0.149900343066861,0.19092612556202
"23x16",0.0474838409228901,0.179867641722537,0.0674966405631931,0.0341786935386263,0.0310101354225486,0.275608824873225,0.186947860385731,0.0171421620745607,0.160264200496688
"24x16",0.0711976971109418,0.139504726324285,0.0741769138728133,0.0255291092129257,0.0292973657818177,0.211243974085013,0.200733155516517,0.0206760851997979,0.227640972895889
"20x17",0.102660367288383,0.117008419542611,0.0489037532901591,0.0905934404072755,0.0434072992321622,0.12980066706001,0.252293137712594,0.0583910881756634,0.156941827291143
"27x17",0.0425885371012357,0.234552376314113,0.0208859785230843,0.0449826728519179,0.0450972673551462,0.228241930989669,0.138524087147976,0.0516867277743448,0.193440421942513
"29x17",0.0245475514850881,0.141148835552357,0.0251299319481207,0.0162782182600836,0.0223484476898234,0.22827298760487,0.247597497974695,0.0354533601591614,0.2592231693258
"22x17",0.105968751867743,0.149509636084917,0.0476379789055993,0.0650019123882449,0.0263005219758459,0.247097174302309,0.155776853545451,0.0194775589222318,0.183229612007657
"23x17",0.067661041674039,0.131834721770446,0.0926984076373537,0.0221476753698532,0.0134815480932149,0.236796909027997,0.158366338799187,0.0277709980503331,0.249242359577576
"16x17",0.0495841619225468,0.152100111942325,0.10293054636014,0.0396577692149333,0.0233853302884891,0.233243496413001,0.136489290868227,0.0370614237766831,0.225547869213655
"11x17",0.0773248287174415,0.202999656439862,0.0472928997829051,0.00660240434030638,0.0178846585385726,0.213518959451482,0.186524776278579,0.0381480303246304,0.209703786126222
"17x17",0.0787700008936016,0.153115106475753,0.0525094823599756,0.0428869335520263,0.0205294633671245,0.242982020849886,0.172719934148443,0.0324771175143491,0.204009940838841
"24x17",0.0549948945196371,0.123043597079032,0.054052814021904,0.0229271803312913,0.00968283708941942,0.240772013760772,0.165381230189711,0.0972586411146933,0.231886791893539
"25x17",0.0600159195758802,0.219213599844663,0.0715205577556197,0.0466970674425134,0.0179141244835131,0.206589280190238,0.135983326520823,0.137255539376048,0.104810584810702
"26x17",0.0662372316799028,0.111555991840299,0.114754638766456,0.0211896852168749,0.0109430445823651,0.29092623379646,0.110940501951768,0.0452296202053789,0.228223051960495
"9x17",0.0423045910739277,0.168850413937003,0.0609208831357101,0.0445931406907425,0.014536345475143,0.380149727943288,0.115710906040752,0.0515292320833878,0.121404759620045
"18x17",0.0811526334104113,0.116716954980683,0.0609189933866909,0.0797033978238224,0.0402027586907971,0.196063635696915,0.168281396593184,0.0398494501048873,0.21711077931261
"28x17",0.0976154153640269,0.164355242890195,0.038606080950476,0.0805165778483638,0.0169158226954966,0.257570248852474,0.145732996385061,0.0217241182783985,0.176963496735509
"19x17",0.115080731973441,0.0957867029619498,0.0591361055746421,0.025823126391619,0.0266249982415627,0.197657040186751,0.256111896490988,0.0154801107323955,0.208299287446651
"8x17",0.0307087146304333,0.15543256358993,0.049742515802105,0.127878257066956,0.032106458522972,0.242595265536152,0.114314156794656,0.0717370505087743,0.175485017548021
"21x17",0.133256332657747,0.139680996161903,0.068161894864274,0.0111548680933325,0.0114768876582893,0.234611382184351,0.274124061845457,0.00574427316350801,0.121789303371138
"10x17",0.0376096417664283,0.222889095817903,0.0608737532922014,0.0188450874427613,0.0116827801944285,0.308626099318406,0.0927453077813028,0.0844800791639038,0.162248155222665
"15x17",0.0903468815393155,0.191909401174214,0.0523656916685497,0.0245048866339603,0.013385824731722,0.22842959502173,0.207692458628396,0.0160901829330861,0.175275077669026
"7x17",0.0505424213444804,0.178168280542116,0.0602717330441671,0.0222600428104739,0.0200612347353043,0.343561998785355,0.0960867863975221,0.0726365230076476,0.156410979332934
"14x17",0.0660977751386266,0.214397551020678,0.0433104297111956,0.0530209346054999,0.0221636582316397,0.366296310183966,0.0736255659418592,0.00547340580035884,0.155614369366176
"6x17",0.0295711019074574,0.222948473570695,0.0492754394630606,0.00962832843199298,0.00733260318876712,0.281981778102773,0.190869018445095,0.00801024451303814,0.200383012377121
"12x17",0.0409371348296079,0.216770322709446,0.0422339234203664,0.0118048921829583,0.0127869741029796,0.230497652200371,0.209035800093919,0.0250741310481569,0.210859169412195
"22x18",0.0651127095360882,0.14945715319115,0.0400535849789251,0.0521619300111703,0.0225160381608003,0.20102924590825,0.231094698840786,0.0315978193193376,0.206976820053492
"29x18",0.043537129489545,0.14928823700795,0.0666333311527954,0.0838914503374676,0.0282521045009496,0.23264789600894,0.152359458725813,0.038910733845611,0.204479658930928
"28x18",0.0819786683817828,0.138705000451835,0.0866537353096634,0.0175267832690037,0.0252896948562123,0.147649196683197,0.218715194700596,0.0485440686623922,0.234937657685318
"20x18",0.0498026388772075,0.15345817976148,0.0607943561318727,0.0520752965821326,0.0219544555996649,0.205729156410689,0.239687347841674,0.0160752285331458,0.200423340262133
"11x18",0.0289654581796312,0.134499557595724,0.0490786415333034,0.0779992422617439,0.0268285965659449,0.301749807580707,0.186573635252678,0.020622164723094,0.173682896307174
"23x18",0.0492218603219096,0.141787937944502,0.0729203851165801,0.0504293170915136,0.0309292294748712,0.218734923091841,0.213155751408756,0.0213724187748089,0.201448176775217
"13x18",0.0248314426358343,0.20905436943477,0.0262368302539738,0.0107041455149898,0.0111510749399239,0.353883397731343,0.188161090651663,0.00708012203266622,0.168897526804836
"17x18",0.0645115184227688,0.130538637258581,0.0642865543063983,0.00239780359829799,0.0170779969078552,0.28976258096915,0.23381967100942,0.0123651057992732,0.185240131728255
"19x18",0.0751286012738955,0.131491958520321,0.053043968166797,0.0765482453852241,0.021693425328107,0.240274549418143,0.159328425024955,0.0318455976424731,0.210645229240085
"25x18",0.0796125499377013,0.132363746739632,0.0610463284773085,0.0448286999602026,0.0258846787827952,0.196479328108608,0.264741982415923,0.0183105337011385,0.176732151876692
"9x18",0.0386794570346911,0.185623248397377,0.063126531939044,0.0254550045487236,0.0191866229566084,0.292691953873721,0.102844853782201,0.0221202141799461,0.250272113287688
"24x18",0.0589503103707003,0.170194410523075,0.0666249646410318,0.044361711289433,0.0333050400468492,0.197569723705418,0.140767756230709,0.0877440816103398,0.200482001582444
"27x18",0.0843298417613174,0.157704545427602,0.0630829287471815,0.0665696059623705,0.0204785553868168,0.263071393787126,0.136074316926482,0.0355810850990198,0.173107726902084
"10x18",0.0477221603477084,0.172845596133233,0.0586861287095994,0.028365688306254,0.0361585397072324,0.314015496248254,0.143065070402725,0.0279025768276958,0.171238743317297
"8x18",0.0494073921736063,0.131392988998887,0.0734215169950102,0.0989336862182422,0.0277580039268372,0.361896740464565,0.104972132055898,0.0175326039703527,0.134684935196601
"14x18",0.0451358389012078,0.152605515370991,0.0522768433385562,0.010965728661589,0.030836327486451,0.235163067556668,0.215841476268655,0.0140719480117784,0.243103254404104
"6x18",0.0384433956704766,0.138091118299722,0.0530544842101509,0.216357855970544,0.0498680531366531,0.199310985665105,0.125533401944445,0.0419048534061852,0.137435851696719
"21x18",0.126876940802455,0.123328811439897,0.0588830991543003,0.0272024065115822,0.0785918116500139,0.125494850901434,0.156011464117289,0.0625632714401286,0.241047343982901
"15x18",0.063397953647841,0.120814779257546,0.0550914525337736,0.016417309323085,0.0387742767840654,0.257887960009945,0.103033941050399,0.0201160610493863,0.324466266343958
"16x18",0.032522552777171,0.221193875382401,0.0741796294182814,0.0131199213664922,0.0185235913068788,0.233344854741673,0.151312565091253,0.0507609310761918,0.205042078839658
"7x18",0.0557179827108274,0.196959165386111,0.038775668577345,0.0468715481420851,0.0191198636026347,0.314547988921778,0.127520493762046,0.0580450014459859,0.142442287451188
"12x18",0.038563544470715,0.226492376471032,0.0404694230293926,0.0334048755651821,0.013082619622668,0.198319048403128,0.163774432232129,0.0125675835705734,0.273326096635181
"26x18",0.0554954840226076,0.182292727539296,0.0464458747795858,0.077928697869399,0.0490400277469968,0.179887119980751,0.161271678918175,0.0245947484417297,0.22304364070146
"22x19",0.0574098122228612,0.143048366421821,0.0619275610395314,0.123709221306286,0.0482180383693382,0.124245716388132,0.272145783964142,0.0137620491039792,0.155533451183908
"9x19",0.0436291358433564,0.126499418977264,0.0545925036018362,0.0937222254504861,0.0215474039178707,0.299770534161417,0.129966244120576,0.0277657715367617,0.202506762390432
"27x19",0.0456676918987469,0.133328312418256,0.0842768597178787,0.0327595572586126,0.0367084071954251,0.211389469164062,0.22432952713535,0.032035725386648,0.19950444982502
"20x19",0.0570847784731914,0.157653851631114,0.0494251751841952,0.0349033564388329,0.0188786520820374,0.237090947485783,0.144588831187988,0.0387466441691845,0.261627763347674
"29x19",0.0777098181531034,0.168626913405587,0.0441292173860552,0.0398569321173131,0.0463979367434366,0.13721125692025,0.101569380173299,0.0925517084249495,0.291946836676006
"11x19",0.0529351990376954,0.111588175690783,0.0392753761272256,0.0485892595260476,0.0573573103291952,0.271483801691198,0.153753065617335,0.0510239879777817,0.213993824002738
"16x19",0.0712034022990727,0.143554606097697,0.0485467804488508,0.0184388109597008,0.0438919874168722,0.262728000962032,0.148210862587295,0.0314071383290978,0.232018410899382
"21x19",0.0531704836270624,0.143774639156896,0.059893794905493,0.0663743311311551,0.022333275113388,0.185237809026717,0.233031164824641,0.0260965024290562,0.21008799978559
"19x19",0.0628549171050647,0.185511423499941,0.0373837397447141,0.0425956955792866,0.0181747616292675,0.25312728593071,0.08429333458139,0.0325308478937454,0.28352799403588
"13x19",0.0455958030421081,0.194652603080327,0.0415038214253274,0.0204459465202108,0.0194505834171579,0.350318504407255,0.116615994922974,0.0212895878671016,0.190127155317538
"18x19",0.0872962605864006,0.126229763581853,0.0843520556690829,0.0409657815808926,0.0382999262746357,0.244553186663623,0.172165711666913,0.0424644877325681,0.163672826244032
"24x19",0.0989226744124065,0.138485163309762,0.0887876598643644,0.0322727348201871,0.0267155486703965,0.164853047697422,0.22582071042574,0.0163903462742531,0.207752114525469
"28x19",0.0547437087656184,0.174214994865307,0.0376655594010388,0.032933297758968,0.0212673513764816,0.184239595610693,0.164387009320187,0.12364453725561,0.206903945646096
"17x19",0.0656706583287502,0.206432890988627,0.04047079832673,0.050871336187251,0.0573688504944965,0.220766178730912,0.189577797979126,0.00317672468853454,0.165664764275573
"8x19",0.0409067525215323,0.116676635543344,0.0341128309268151,0.0589270328993293,0.0205225288779312,0.230528739386588,0.211058152400955,0.104670685559137,0.182596641884368
"23x19",0.0627259013302222,0.154283393933658,0.0445749247056324,0.116244420174009,0.0515649734596901,0.138291396689171,0.229220037823396,0.057027761770464,0.146067190113757
"15x19",0.061027619863669,0.148589977693545,0.0565368730827659,0.0668197216493254,0.0704284216731918,0.163076579188738,0.173332781427733,0.0572108671475719,0.202977158273459
"10x19",0.046170395602025,0.143014703209331,0.0753017004004952,0.0412439884888791,0.0320013418745308,0.322061721289455,0.129328334311689,0.0284603263688597,0.182417488454735
"12x19",0.0406197934918978,0.147664789521557,0.026076140996217,0.0424960485129365,0.0189058406489291,0.28504171356162,0.240969240600695,0.0109071329404514,0.187319299725695
"25x19",0.0722966236729965,0.201782950490258,0.0419357897420601,0.0231490174472978,0.0313945492939996,0.197463676402898,0.179782264358469,0.0247478487002846,0.227447279891736
"14x19",0.0538583758145216,0.107872210261926,0.0763991755913171,0.0171947303279003,0.0212875634549328,0.202100595337342,0.243786466711665,0.0133690787691268,0.264131803731268
"26x19",0.0529284743753504,0.174316953169255,0.0584863276249693,0.108523839253003,0.0290949499577732,0.146113604520574,0.230282517101755,0.0095123197736051,0.190741014223715
"6x19",0.0337939336538261,0.120099157359715,0.0405817467615218,0.160397835810002,0.0257279732694522,0.235065329395632,0.170064077939612,0.0228503988268601,0.191419546983378
"7x19",0.0234439372849639,0.170093509333348,0.0494518837627076,0.0420044264015598,0.0072717508648391,0.264345146687761,0.156364381401989,0.077776891722889,0.209248072539943
"22x20",0.0702172094135915,0.137863595226049,0.040497170190259,0.0696534403864833,0.0219834040925756,0.193634690640304,0.193311968187376,0.0239652776036791,0.248873244259682
"20x20",0.0460369795391502,0.129717125164858,0.0496724474098507,0.0539904227972289,0.0614454073338763,0.219470212811831,0.181505695261576,0.0415424610477043,0.216619248633925
"27x20",0.0670611007190555,0.15661670008276,0.0891102620090117,0.0772311707282162,0.0218254103119064,0.165618311713737,0.200409182803932,0.0105702480963472,0.211557613535034
"29x20",0.040718609550011,0.134984562629613,0.031120901021676,0.106421245803472,0.0400029263127865,0.185365213254211,0.168643729569265,0.0264421899536338,0.266300621905332
"16x20",0.0811726642814429,0.15285126879916,0.0553860772444997,0.0117695904490145,0.0257512645235423,0.188479145534599,0.20976176518264,0.0108983703986593,0.263929853586441
"21x20",0.0346920893113924,0.16590125969098,0.0577760407529318,0.109536985840406,0.0358128207046106,0.114128927000902,0.299036470696154,0.0078005991658111,0.175314806836812
"19x20",0.0615798457805824,0.185728647719213,0.0664964827403163,0.021909239059497,0.0348262382146924,0.203709918431902,0.150854392362381,0.0247861978026055,0.250109037888811
"28x20",0.0577708986998809,0.100511674605305,0.0567564602833004,0.18544640738819,0.0303508559049482,0.220989112839237,0.143913755144755,0.025232850883455,0.17902798425093
"26x20",0.0527961767527259,0.120275167897913,0.0285327902511645,0.0534476614727294,0.0442789049538707,0.166083688048119,0.242197533110611,0.0265937217179245,0.265794355794943
"13x20",0.0551204586370523,0.110315911732996,0.0390014812320605,0.0324815141644294,0.0232268335600201,0.276508587861131,0.205280124428754,0.069719733847651,0.188345354535905
"14x20",0.0548425196740328,0.227024846940051,0.0573605692745688,0.00671070452312366,0.0105292496236497,0.179945538942748,0.213861895853914,0.0424069164712219,0.207317758696691
"11x20",0.0549246220442924,0.111043898388477,0.069407767417831,0.0907385336117835,0.0305146456013909,0.248926713645624,0.134579278962192,0.0372740765823346,0.222590463746074
"18x20",0.0754828789702097,0.16714186597045,0.0547774183966006,0.0339054054084178,0.017823791001012,0.217266342630218,0.151416917099217,0.019194167741969,0.262991212781906
"23x20",0.0450313018183498,0.171713241195007,0.0347186592835648,0.0694102888310273,0.0309890011892989,0.15662047285807,0.225000523112684,0.0266175373309841,0.239898974381014
"24x20",0.0554710112283601,0.203032830465658,0.0992932552017771,0.0134527765696096,0.0261350153044692,0.160194673380421,0.163193321703843,0.0216007286776568,0.257626387468205
"9x20",0.0479787641588288,0.102595569848727,0.0655781520354408,0.102117411946504,0.040965277306668,0.254059472477562,0.154778726084855,0.0523458047297152,0.179580821411699
"7x20",0.0352779232574179,0.128090381693649,0.0303846376731716,0.0740240119323681,0.0369055882696597,0.272590325891729,0.191617160405129,0.0581919568176053,0.17291801405927
"17x20",0.0654703504095618,0.166006325886192,0.0716159611430921,0.0544103864352365,0.0398258278408057,0.179042962066133,0.164319323539172,0.0286420276170542,0.230666835062753
"12x20",0.0371979162167431,0.169870588367172,0.0475829640072222,0.0557204774066836,0.0555754258503658,0.212731742548395,0.211437071516057,0.0100212508184071,0.199862563268954
"15x20",0.045995876417653,0.202024450427098,0.0590291104331421,0.0168653439088023,0.021617775536791,0.159245102024256,0.250946615683349,0.0168733485739217,0.227402376994987
"8x20",0.0523382809399696,0.145589782744461,0.0628551351350557,0.12174423073008,0.0440256417626701,0.234119478769257,0.155345855793304,0.0652403431273179,0.118741250997885
"6x20",0.0439889582715689,0.1241963481593,0.0315571938054426,0.148489195399383,0.0298225223620685,0.223857119108978,0.196280228019368,0.0398239805314432,0.161984454342448
"10x20",0.0424926050289254,0.127737463649283,0.0319778788855464,0.172877340552156,0.0388705020633373,0.206715493266446,0.161960845465032,0.0411928426135779,0.176175028475696
"25x20",0.0671405190579109,0.154971310025062,0.0330027589278945,0.0210047526293489,0.0241917268115871,0.14170338124744,0.300424925996997,0.0165093335439631,0.241051291759796
"22x21",0.123171346205514,0.124411763633315,0.0654399534267849,0.107244111315383,0.0238172388457412,0.204534806491984,0.137187781920746,0.0182496827193912,0.195943315441141
"29x21",0.0535874592608693,0.139950325711596,0.0474054818139203,0.0669234412309565,0.0371665945280052,0.181872480250942,0.201397625015359,0.0228464122682333,0.248850179920118
"11x21",0.0538146050044293,0.131755550224014,0.0692201382832237,0.0265087832870604,0.014400082923895,0.315592884723272,0.145123994439513,0.02359423539613,0.219989725718463
"19x21",0.0551854461120752,0.186686013842372,0.0452481447068787,0.0514792963078471,0.0189295044247302,0.202226791831433,0.168866129178068,0.0332642787678653,0.238114394828731
"24x21",0.0502243051154921,0.159754822954764,0.0461443964683574,0.0892808519766033,0.0123830868430497,0.199310780710799,0.163796315424358,0.012235634921171,0.266869805585406
"26x21",0.0616116936154651,0.15219824494605,0.0514626911711596,0.0576743837847076,0.0236705247642783,0.170932906826171,0.221540838804582,0.0184003799558092,0.242508336131777
"21x21",0.0613139567504272,0.111620573134953,0.0751921183649708,0.0487767503326958,0.0329419413091472,0.16507471765022,0.279781666815388,0.0218337795618291,0.203464496080369
"13x21",0.134425738818436,0.15150770072436,0.0404212387763616,0.0164561547748906,0.0539050368125893,0.136292874336418,0.204600776183752,0.0108607184539581,0.251529761119234
"16x21",0.0900150044951445,0.146309839490882,0.062453374622275,0.0241126733923044,0.0222823303064175,0.200137806047542,0.191481298674299,0.0293433948647291,0.233864278106407
"27x21",0.0535927040348631,0.1773326019714,0.0445578844349652,0.0560679450365314,0.0284606705059732,0.181832992288401,0.243605652234587,0.0123859850782859,0.202163564414993
"9x21",0.0457494523899296,0.138174143828327,0.0692542472087258,0.128993853910629,0.0190589774592447,0.229081519393868,0.0992159399276259,0.0872295564251198,0.18324230945653
"18x21",0.106052504838316,0.101740296427206,0.0626421567866725,0.0921735489145126,0.0399933491439598,0.183159032018158,0.178979302073173,0.0394552054714478,0.195804604326555
"23x21",0.0609722170846085,0.12247161892851,0.0348904174486002,0.0588241293159426,0.0479231341189133,0.119863276346733,0.271727890286305,0.0735667608307396,0.209760555639648
"8x21",0.0394269702277084,0.150890149940191,0.0519925664507344,0.0180328491148759,0.0092957387283981,0.292958781353142,0.172132349749898,0.0448229764710125,0.22044761796404
"20x21",0.0574754521402031,0.175274273844146,0.0406824381376508,0.0272583204401898,0.0210346635330594,0.1867863981887,0.331416022027199,0.01306966520226,0.147002766486592
"28x21",0.0743788806161471,0.129783380269826,0.0666580607326116,0.0641828041264698,0.0101056869669718,0.139966629848835,0.224297348234823,0.063629472509299,0.226997736695016
"6x21",0.0259070911985394,0.128785221769994,0.0549288149018871,0.169111210866198,0.0240493525327301,0.246961213044787,0.109078582113788,0.0336144061508439,0.207564107421233
"10x21",0.0641634920770404,0.107960282748142,0.0638426878868283,0.0835270942578492,0.0325961150193863,0.270519855534336,0.122523618139958,0.0297848724733941,0.225081981863066
"12x21",0.0379828544402418,0.184326910735132,0.0599204196387104,0.0119653173398327,0.0204139587844815,0.203789754727877,0.163376887361041,0.0174871581951163,0.300736738777568
"14x21",0.052773276664047,0.154578673137109,0.0344838921323623,0.0467476410496149,0.0273831549756767,0.143791593254325,0.195212065596815,0.0138990020188058,0.331130701171245
"17x21",0.0829427591815275,0.172441552698983,0.0621834955354878,0.0379801051639118,0.0292202330451246,0.198661937207399,0.20729862796914,0.0274897782244345,0.181781510973992
"25x21",0.0633481358266271,0.128966295558184,0.0527051222379243,0.0611488241945798,0.0443263790651594,0.195563944671267,0.198365724142756,0.024965003174499,0.230610571129002
"15x21",0.085264799436002,0.224607289871159,0.0943767581469658,0.0125286660702753,0.0189443926335222,0.19541994907767,0.139687698306828,0.0128851527810018,0.216285293676576
"7x21",0.060892244752244,0.0987094339813318,0.0844072269014788,0.053388680112742,0.0237501962965368,0.257340085695858,0.206389750065448,0.0274685385773029,0.187653843617058
"22x22",0.0605418745005063,0.145375739289697,0.0430637699585564,0.0791199501856885,0.0847211156144604,0.15347928569663,0.178497353428284,0.0328211826029424,0.222379728723234
"11x22",0.0289263790801094,0.171103060079393,0.0238092678322795,0.0458746045583685,0.0172412178206605,0.292257270117621,0.170691375143201,0.0614203861728838,0.188676439195483
"29x22",0.0300151787594503,0.112909362895498,0.0531599151412714,0.200870852867342,0.0539725315289594,0.130887931234585,0.184577575370735,0.0573427284978696,0.17626392370429
"17x22",0.059983680758232,0.17758436787002,0.0906646713991482,0.0654247036970791,0.0143420406368218,0.163299304337271,0.166898854490766,0.00877395760063896,0.253028419210023
"20x22",0.0641784868893924,0.141594198936029,0.0508736623993798,0.0637431625351262,0.0389011731950338,0.210428774940507,0.195122281921276,0.0484195550843298,0.186738704098926
"16x22",0.0695644116542691,0.122530872818249,0.0830525812545911,0.0361669395245662,0.0215540164547048,0.21658928757758,0.250667484676862,0.0196721519408044,0.180202254098373
"25x22",0.0513373492695351,0.110538148255357,0.0452553691680143,0.154839211137866,0.0698126505862091,0.154083235706291,0.196073701641352,0.0246094648230361,0.193450869412339
"27x22",0.082506483432568,0.15408207276224,0.0435858325713129,0.124366674340095,0.0502351676682975,0.164106878091217,0.156225950841781,0.00923973964281437,0.215651200649674
"28x22",0.033736935028079,0.157894138875682,0.0626548454686576,0.0691950059913847,0.0245965896834902,0.166446489682029,0.196014973738505,0.0285385981095518,0.260922423422621
"21x22",0.0635394481342402,0.140427172172561,0.0318454014413108,0.050319348753687,0.0529822872429075,0.18879772694475,0.195901906491792,0.0343076174906772,0.241879091328075
"9x22",0.0439522148296923,0.117613139355565,0.0920897214211626,0.0479925874823792,0.0286894003272292,0.324077868410129,0.159753162155523,0.0235408737183879,0.162291032299931
"18x22",0.0770506197947853,0.200525983529365,0.0655681325192936,0.0356922978428418,0.0157159363584021,0.245060669707289,0.160562957831557,0.0158328486640409,0.183990553752425
"15x22",0.0584703563894597,0.167788224441221,0.0467862106495586,0.00905978640989519,0.0111061783391824,0.244117407068229,0.252131735015123,0.0161952938384066,0.194344807848925
"19x22",0.0747849397960991,0.188146866284157,0.041764757337528,0.0897762136588011,0.0301374648250417,0.195610653998185,0.147549511912135,0.0176592411351049,0.214570351052947
"26x22",0.058787112653544,0.0949833866503576,0.0569301447976419,0.14151940854758,0.0484990290456651,0.166757847132681,0.214397540116946,0.0272975380832763,0.190827992972308
"12x22",0.057511476730217,0.162996348778854,0.0951704731090407,0.00706327189173282,0.00704458393527639,0.227849812880186,0.142756002356363,0.0203274668255012,0.279280563492829
"8x22",0.0884343504545082,0.184141488790213,0.052400118546779,0.0269678804253177,0.0164225024815596,0.215177988319376,0.145670920981364,0.0555923118841413,0.215192438116741
"6x22",0.0395754131187005,0.0936082002232249,0.0337599655066275,0.13979672803181,0.0433253170566071,0.254465901608497,0.160263998044378,0.0218414506338277,0.213363025776328
"7x22",0.0594751175996086,0.160484138209739,0.0773072123306179,0.072785878739577,0.0436304240185665,0.14940105894645,0.184388598439253,0.0414343006478773,0.211093271068311
"13x22",0.049321926100101,0.168655138719357,0.00986760519284156,0.0911844280451365,0.0264835644503198,0.138541784436206,0.372622666876238,0.0272530354637352,0.116069850716064
"14x22",0.0388295864046982,0.297662779767246,0.0747707595296837,0.0101003401551614,0.0211677745150698,0.228462830974152,0.0877030712434201,0.00532855424135416,0.235974303169214
"23x22",0.0612558440720442,0.146333762861977,0.0691281850784611,0.0496142922204666,0.0446224282659257,0.180224980902397,0.182243112382092,0.0189427835098876,0.247634610706749
"10x22",0.0692725184471065,0.197586585729851,0.0782483711137825,0.0311294656652242,0.0243565335350679,0.26892470021294,0.121185294438458,0.0140412204330771,0.195255310424492
"11x23",0.0801825361603153,0.231868210650752,0.0636005289010002,0.0107419264032088,0.00714911063194488,0.251928002108194,0.140424797828551,0.00551027140072004,0.208594615915314
"22x23",0.0742887786212346,0.160307023799118,0.0362344588582108,0.0876196669101703,0.0518333947834997,0.223158382729739,0.0946569223420613,0.0179807824040742,0.253920589551892
"27x23",0.05825078875208,0.193571864138134,0.0626529876532478,0.0207663537825445,0.0284901297481158,0.173915400517795,0.201548216332069,0.0228338154294968,0.237970443646517
"20x23",0.0819502573245638,0.174573248028588,0.0322144968222502,0.0429613683551945,0.0321181042063434,0.214551267233474,0.157432700235532,0.0287441853075466,0.235454372486508
"29x23",0.0491310611491939,0.154364960502636,0.0420176815506853,0.0657340519488326,0.0175080269843319,0.125202668496047,0.125595452967781,0.0883030042445442,0.332143092155949
"23x23",0.0624059110095045,0.11420122821812,0.0492705824683961,0.136822212094439,0.0806329786486396,0.144885937827388,0.142945817306975,0.0472950908124466,0.22154024161409
"21x23",0.0663845360953935,0.132326449651892,0.0504632003260087,0.0391408567351277,0.0349650399971849,0.263898146778294,0.148900865104317,0.0371550702944136,0.226765835017369
"9x23",0.0922586645884125,0.198686430794272,0.0882980271325223,0.0211008061054461,0.0197843764347996,0.211929239086338,0.144388200149084,0.0630876231015965,0.160466632607529
"19x23",0.075593412563093,0.111939976101081,0.0526082682297434,0.120941395669537,0.0429613873427728,0.215864540936922,0.17155958372761,0.0127520127080227,0.195779422721218
"24x23",0.0326624055622804,0.123990916429805,0.0544402716510513,0.151145658611454,0.0458797702109009,0.146720545120845,0.1636198471976,0.0608332634743485,0.220707321741715
"25x23",0.0532311710486079,0.0870195833139169,0.0250982968986186,0.229591352412018,0.0571394432552946,0.0861993416822069,0.203467106580711,0.049441312194753,0.208812392613874
"18x23",0.0785147398113505,0.183168517663154,0.0792693406109923,0.0176247491250238,0.0220984016136856,0.240866190637034,0.150054486861995,0.0632708705042495,0.165132703172515
"13x23",0.0455257945871959,0.156576325547181,0.0734568953252777,0.153328147876929,0.0165000013558139,0.219622504442133,0.176767470713924,0.00842650858016788,0.149796351571378
"16x23",0.123863181901361,0.106059828761744,0.0679957576860011,0.12138049393093,0.0298670112344951,0.152238329973655,0.207006839613278,0.00848671994081593,0.18310183695772
"28x23",0.0472888077986319,0.184130623105623,0.0541749060588599,0.0322332457147984,0.0233383427186762,0.12790618967984,0.248176936966277,0.0424651129131356,0.240285835044157
"26x23",0.0960437350420435,0.159911128962361,0.0411589741209083,0.0238846871543953,0.0294989250635353,0.216079813641916,0.133096108413237,0.0149686079593118,0.285358019642292
"6x23",0.0464430314905616,0.0883248720007044,0.0183630256453247,0.272355284250424,0.0562768490658121,0.163562931162898,0.138078230392497,0.0491985497374446,0.167397226254333
"14x23",0.0599435210983631,0.179871912893235,0.0740675129329675,0.0396347744980594,0.0212309419331922,0.203625877502994,0.146975492768478,0.0503078386892754,0.224342127683435
"10x23",0.0396526198715966,0.180250545955663,0.0818553688112265,0.0363694950541002,0.0203401607650327,0.272377324017512,0.202724376128104,0.0200791634731988,0.146350945923565
"12x23",0.0700314742642057,0.228649876916115,0.0485271454396265,0.0307562296200322,0.0264993328048959,0.180122203392676,0.163467891922599,0.04167751118823,0.21026833445162
"7x23",0.0651973495114438,0.0997574541606001,0.0723882452024842,0.094445000156695,0.0449521382301132,0.240065026752374,0.164822774809382,0.0352904327058138,0.183081578471093
"15x23",0.0640158467805516,0.112783338932859,0.0598813508896157,0.0235553128658463,0.0340281436908083,0.238958565592265,0.226825899013108,0.0320581251242066,0.20789341711074
"17x23",0.0661975698611993,0.147352016297063,0.0762787478863066,0.0213184565326625,0.0161264126569932,0.278804775910231,0.170803349502564,0.0271104804247511,0.196008190928229
"8x23",0.0731101490600835,0.178201335529231,0.0653428496205205,0.0109555198385771,0.0206328728735938,0.229505139121764,0.234804167659298,0.0193891107998192,0.168058855497113
"22x24",0.0470458529683206,0.114632479074469,0.0569641848090829,0.231685622363743,0.0537247761448172,0.0986821669454202,0.17068028031707,0.018572957598393,0.208011679778684
"20x24",0.0404189941401074,0.154072401859508,0.054474095923957,0.0642411077015639,0.0333553401242996,0.165966998018333,0.215990820236403,0.0408132841331974,0.23066695786263
"18x24",0.100939950503816,0.165032835074637,0.0936095704400034,0.00694077738645171,0.0104341583630466,0.233339449686258,0.20620011281155,0.0061933901969537,0.177309755537284
"11x24",0.0629459445228834,0.187799440775077,0.0352905175211977,0.0155505643352488,0.0211026662830694,0.260041205004401,0.243362128540461,0.0216310446752705,0.152276488342391
"19x24",0.0545512040179455,0.249883270286662,0.063778526257577,0.0347247910369163,0.0216539585427415,0.201367379319881,0.159765878309391,0.0274263422450746,0.186848649983811
"23x24",0.0686203249796384,0.129098491287796,0.10015023600578,0.0528964051015628,0.0268009559000398,0.171519595858342,0.118458417238807,0.0262355530967213,0.306220020531312
"16x24",0.048686692704635,0.119441581732314,0.0692239223379576,0.0136248161532593,0.0267836652054081,0.401468714372496,0.110776097066388,0.0343635120534258,0.175630998374116
"24x24",0.0782403357421293,0.132433856549586,0.101658529894263,0.167710372818584,0.0420343665256793,0.19905871316092,0.14404428327599,0.00384071519178007,0.130978826841068
"29x24",0.0282309325573422,0.115113025968871,0.0357445092228442,0.101724447091266,0.0698793508027344,0.157175474653193,0.208507832181003,0.0242644630216839,0.259359964501062
"9x24",0.0604471659536736,0.12016520656825,0.0791239971607215,0.0748084346035233,0.0393073728149005,0.249370523612514,0.101887587520028,0.0546277234456319,0.220261988320757
"13x24",0.0722255577583808,0.227881809645133,0.0592985346847768,0.026419986871214,0.0139638595845547,0.284580036203857,0.111672846922786,0.0242557215318841,0.179701646797414
"28x24",0.109456081843172,0.119859619868664,0.0377947717679484,0.0286450075540171,0.0406477595480418,0.10541218472566,0.247990575461332,0.0926035791080867,0.217590420123078
"15x24",0.0693262587803634,0.18555309449726,0.0552990940668446,0.0250357808585872,0.0161844734405206,0.297607282425251,0.101262033923345,0.032196433303007,0.217535548704821
"17x24",0.146629486203343,0.165280029223416,0.0495501640200206,0.0271495438423758,0.0433108056874985,0.233932719590259,0.155317500784646,0.017035026686371,0.16179472396207
"21x24",0.0387943742742463,0.123496870275467,0.0456051946291267,0.142243378919934,0.0632881485479205,0.170761665313336,0.143114956010828,0.0429535140113006,0.229741898017842
"25x24",0.0514281066057695,0.204507181525636,0.0535514292175722,0.051463364157505,0.0478258288822278,0.185375802161983,0.180171181319604,0.0229031971484958,0.202773908981208
"26x24",0.0440571672641263,0.180213732007901,0.0691889032489679,0.0149071128233037,0.0172430177803292,0.216151190218918,0.141618572849146,0.057961281721751,0.258659022085557
"27x24",0.0450040365138343,0.161069028604543,0.0498151052068902,0.00466017558020704,0.0118886625438644,0.128834198970985,0.272987093697256,0.0102111669829276,0.315530531899493
"8x24",0.0350058359579846,0.141009892075692,0.0596262663975429,0.0988789339608997,0.0464238267865483,0.274569548401944,0.147772875337752,0.028178743117883,0.168534077963754
"10x24",0.0695638117271255,0.138284770172739,0.0875261877236445,0.0147458096631074,0.0128096624909674,0.332382169769733,0.084026760748797,0.0591921317109183,0.201468695992967
"6x24",0.0785255661592712,0.129213502861501,0.0608824777113877,0.16415654772327,0.0351201462541901,0.174964358560628,0.184332197169253,0.00806170863701835,0.164743494923481
"7x24",0.044882309357114,0.151406335968835,0.0413802199500516,0.148219539809569,0.0712694651221706,0.19627859916642,0.116662644394991,0.0376033510629929,0.192297535167857
"12x24",0.0600937101775193,0.227352167473137,0.0509190320406239,0.0202082428821205,0.0293605229517536,0.304482059336837,0.0776982935533481,0.0181753506314353,0.211710620953225
"14x24",0.0716804868733256,0.145538412894749,0.111093918752642,0.105810181068319,0.0550356818872634,0.201975462273196,0.11193688149282,0.0647460366028522,0.132182938154833
"22x25",0.0856468125735504,0.146622848392358,0.0620700097364267,0.106136617479054,0.0547033922754128,0.144167453187027,0.172318473127604,0.0191999558487945,0.209134437379772
"17x25",0.0453058106216683,0.171287665743123,0.0417206797771992,0.0316781524283201,0.0119974754306808,0.309982610172882,0.176348911390757,0.0241871819247102,0.187491512510659
"23x25",0.061791135999565,0.0764542112876003,0.038359287621359,0.0572751241788708,0.0458431980399151,0.15048117192765,0.286468892389913,0.0224156811346825,0.260911297420444
"29x25",0.0534777347203632,0.128423906239459,0.0588012979506015,0.0815498474546108,0.0378667620418387,0.118872683951363,0.208356266565212,0.0187559944635439,0.293895506613008
"13x25",0.0548983923838343,0.164394144968905,0.0794086949142298,0.0638051501237882,0.0143104048667638,0.268519534090622,0.196230340991603,0.0295533371174417,0.128880000542811
"27x25",0.0968418432493622,0.156763397624432,0.0680739140927506,0.0256205994617015,0.0183675747103073,0.18496070964868,0.195150794812627,0.0299027538826768,0.224318412517462
"9x25",0.0245431224536302,0.0844522999281034,0.0352009394632651,0.234030277100383,0.0434717050400138,0.22285385788342,0.13726583297298,0.058007198580756,0.160174766577448
"20x25",0.0567161939997968,0.19847771644836,0.0559714298651168,0.022743314083725,0.0162593243628797,0.230591250361577,0.1469822922709,0.0248329300126978,0.247425548594947
"28x25",0.0491911400992767,0.153061019326001,0.0347807990376147,0.0110514338534406,0.0339386109146443,0.075070722634993,0.37692645372787,0.0132639252382087,0.252715895167951
"19x25",0.0610792114484628,0.175514568088942,0.0484485919124601,0.0251773514803263,0.0335377975293782,0.292485272223931,0.126925175912892,0.0533928907517784,0.183439140651829
"21x25",0.0589329950055409,0.225926944551172,0.04848992894901,0.0412220456755065,0.0211160997741461,0.147273412430072,0.126445258261298,0.0208839422699969,0.309709373083258
"11x25",0.0496044805119195,0.114897142470297,0.0505009576291051,0.121255093604963,0.0418197324312803,0.275026568986147,0.140158997266567,0.0426745257269128,0.164062501372808
"18x25",0.060482089828043,0.139007971722655,0.028813735176732,0.0720718921853985,0.0354032566820158,0.274669240909104,0.177241185832097,0.0199035007808388,0.192407126883115
"24x25",0.066098992976148,0.169104150697722,0.0534773944874346,0.00950041021498503,0.0120078469746506,0.204605002864059,0.195975670495903,0.00697967930607489,0.282250851983023
"16x25",0.0598194854766336,0.13771628574271,0.079771643541752,0.0144412290120183,0.0091253126151338,0.312261762763125,0.204392633137141,0.0420493263024333,0.140422321409054
"26x25",0.0450922488489436,0.15123428193097,0.0355830880780322,0.0382259296259025,0.0211451156690933,0.177102234693023,0.26551857165751,0.0304545554668348,0.23564397402969
"15x25",0.0746440455833954,0.199518139268267,0.0391288153524279,0.0319777819602066,0.0257751434625067,0.272640867089053,0.154134300158235,0.0138233057391652,0.188357601386743
"25x25",0.0723757933192355,0.179039231472132,0.0422429016199683,0.0200282279474776,0.0214617781757085,0.242480326916626,0.152204339718996,0.01457174765519,0.255595653174665
"7x25",0.0333969626600307,0.100340526382124,0.0402370078917349,0.179575334557714,0.0311214033424763,0.211791164407202,0.14771714737046,0.0676928526210603,0.188127600767197
"10x25",0.0334168172231526,0.0913129182659706,0.046674773527717,0.204046275670988,0.0314389250453814,0.262330009910769,0.121870395212614,0.0513550706330066,0.157554814510401
"14x25",0.14990011406573,0.153059211158379,0.0914013789319222,0.00370798282792177,0.00607256125769733,0.277546419392525,0.095878560064833,0.0041954732165475,0.218238299084444
