"","Endothelial","CAFs","PVL","Plasmablasts","T-cells","Myeloid","Cancer Epithelial","Normal Epithelial","B-cells"
"11x2",6.12164954948855e-05,0.131780431572098,0.141002560132202,0.283230095993779,4.84896891284312e-05,0.239770689718359,0.203895488715925,0.000207890365176143,3.13731783768864e-06
"10x3",0.0218378586076662,0.236694802559819,0.0627174619020664,0.0157154129890371,0.00171122995945975,0.212179801041375,0.410434944736099,0.0373207257332495,0.00138776247122788
"11x3",0.0352153913734943,0.18369471168314,0.292419888759375,0.0854716118776961,0.0736127905092097,0.166382928829083,0.128523225941221,0.00745211297654935,0.0272273380502329
"13x3",0.00403603113982911,0.156968335914904,0.096899637691784,0.35252598860387,0.000356476296631824,0.175858912468531,0.210538070288907,0.00242033779055895,0.000396209804984346
"12x3",0.0226405432046724,0.0978474753934766,0.0180049223024224,0.361205522970763,0.180945843226367,0.145472606857193,0.0613563600824328,0.023528569954178,0.0889981560084949
"14x3",0.00402026776738725,0.342114658345497,0.127033398762347,0.0380354345714454,0.000413630560417953,0.136263837264042,0.330036564612266,0.0202719056202161,0.00181030249638106
"10x4",0.00454408754498396,0.343576779923273,0.00268265971963588,0.03027724580776,0.00879168694986149,0.136538956534609,0.422321083931786,0.030138599317936,0.0211289002701541
"11x4",0.0279491944174046,0.170502513016651,0.0165049309414137,0.44755975253969,0.00376467645005716,0.165538085865223,0.155923838111211,0.00596847232277263,0.00628853633557667
"15x4",0.000819609904647543,0.403189630669009,0.0789012583733375,0.245791976093113,0.000363299224756442,0.0526886143703554,0.210021753133823,0.00789620437220317,0.000327653858755648
"13x4",0.00230923552952885,0.264153111394774,0.00250584779778914,0.475637877678282,0.000280092526784624,0.117150990392752,0.131801854723387,0.00555924124322435,0.000601748713478486
"14x4",0.00197567181305782,0.34483197856063,0.103324308562267,0.111033249490853,0.00321732315967689,0.114068081599307,0.304839626881176,0.0147996921566361,0.00191006777639631
"12x4",0.049184496170568,0.219371898702167,0.0574036881467504,0.121689826674834,0.0894124629843651,0.288824444598833,0.128789607280025,0.0133364189112272,0.0319871565312296
"11x5",0.00719188712967145,0.14194750841524,0.0212134805701832,0.448085635817157,0.00179857951347288,0.218455307820129,0.146763634936481,0.0120912913886792,0.00245267440898625
"10x5",0.0736803868058751,0.238710028085241,0.22257669105413,0.173067421609407,0.000987783436448579,0.0770801883152818,0.195484579836772,0.016889853340914,0.00152306751593105
"8x5",0.000148966167568674,0.0978727352980874,0.188990306854535,0.000202174176225928,1.31174213959376e-05,0.216598112643773,0.483276390966917,0.0128758967926296,2.2299678868376e-05
"9x5",0.0243023170101313,0.323166268711506,0.0472655071068765,0.193953527942589,0.00140545165845859,0.261501771636114,0.140538189369915,0.00759581995783582,0.000271146606573759
"13x5",0.00381038436697979,0.273372321221312,0.165053766257617,0.238750752585653,0.00131473993829681,0.204131716647349,0.0827230521001512,0.0223172155136155,0.00852605136902586
"12x5",0.0210738274156173,0.260267617667949,0.0606119782818989,0.089767562022811,0.0953401754301279,0.296047795279539,0.135209646953158,0.0160925010719802,0.0255888958769192
"15x5",0.0252442503882268,0.398471229568494,0.0993320645303644,0.0923052685441818,0.00228943692063445,0.173688239770496,0.188155766207913,0.018282586873022,0.00223115719666714
"14x5",0.0173765663057784,0.234499047023632,0.206511773957387,0.220620236630077,0.0111377375597159,0.123821071128629,0.119007847167612,0.0140389580410162,0.0529867621861531
"16x6",0.0361202963476395,0.302230401544053,0.0314832788264393,0.301675526131425,0.0232037482776582,0.138818360441229,0.08053745664833,0.057280525738922,0.0286504060443043
"11x6",0.0102662823595517,0.316537519569698,0.0440856394734464,0.164208842984437,0.0358334873743592,0.269441460964902,0.117457386570643,0.0193721173691616,0.0227972633338015
"8x6",0.00554856573575697,0.259568786366465,0.190907109972145,0.257541757854258,0.0217062842038759,0.0998433613907732,0.0784591468093992,0.0155277180839339,0.0708972695833935
"15x6",0.0054375593619698,0.31148353793995,0.0525722575003381,0.12122641064378,0.000912042074369877,0.142373001129562,0.348716105930524,0.0139742369320278,0.00330484848747852
"17x6",0.0135241350340113,0.243588751207528,0.0929297918128235,0.278013591868875,0.00580750170865681,0.0970941074908311,0.256521859676635,0.00382964175959214,0.00869061944104707
"18x6",0.00761566000932057,0.0606744994568376,0.128584456413546,0.229081803746661,8.32226579570269e-06,0.167177243562222,0.406662451911081,9.98916954298082e-05,9.5670939106551e-05
"13x6",0.0343333703291239,0.183859057619182,0.0643609500001617,0.210152447144654,0.00150698070185719,0.381253505330336,0.109866464482619,0.00550633603601752,0.0091608883560479
"14x6",0.00508641399297687,0.406247025260686,0.0373708017124544,0.10481192983201,0.000123954083834391,0.314523688445706,0.126853371949689,0.00414694869336914,0.000835866029274878
"12x6",0.00782615361825155,0.157494061398374,0.0349210700404563,0.0384216785421663,0.00651120160947971,0.584947494537026,0.146077088893849,0.00922740346741897,0.0145738478929784
"10x6",0.0123714336239186,0.237395688043952,0.153758336011691,0.10869770217315,0.0145565328148227,0.352483058388126,0.103206906627966,0.00971825923211943,0.00781208308425456
"9x6",0.0179588831685188,0.232866857685744,0.0624375613487591,0.150583426143537,0.0342881639068651,0.347439261012613,0.117817460532093,0.0275455775482258,0.00906280865364515
"9x7",0.0124469434085584,0.221009610772656,0.0437651025071495,0.237991171002425,0.0306452447537872,0.331070359620811,0.0363428592536125,0.0124031366316059,0.0743255720493941
"11x7",0.00821215915628864,0.264213933991832,0.0266176158078614,0.12959292702933,0.0145974060356606,0.348893375342165,0.115214197561245,0.0286395522233858,0.0640188328522311
"32x7",0.00263014133556432,0.36116244372119,0.130286206972532,0.12545269327905,0.00186392389956369,0.0708187968625563,0.28676205333265,0.0105731822735817,0.0104505583233115
"20x7",0.0205875299322979,0.218673403192901,0.00125891564018529,0.141216246014113,0.00222132525858974,0.269445115169038,0.332519696335513,0.0123583372254417,0.00171943123191982
"10x7",0.00996878825123856,0.229480699829546,0.176725982526105,0.028577459177346,0.0152448995029009,0.26515193426329,0.223456055374354,0.0190825648428073,0.032311616232411
"31x7",0.00492476192983403,0.332302844696868,0.0998998728885173,0.0687610145248106,0.00686166048636515,0.0842156431424458,0.379820058628987,0.0180759588668731,0.00513818483529939
"19x7",0.00434406369286114,0.101466624740809,0.0245445875347992,0.605484574812267,0.00160186498271119,0.0831791319224833,0.0879137743340291,0.0560746268165905,0.0353907511634489
"16x7",0.0246606988474168,0.378979225886859,0.0306511461835453,0.111969498085081,0.0806481442040531,0.165911966728538,0.142526134024828,0.0233379336032281,0.041315252436451
"30x7",0.000533657262062157,0.448092629531034,0.255867625961834,0.004869136466848,8.90191977057375e-05,0.0220692326402547,0.265875111955041,0.00259608672270488,7.50026251601136e-06
"18x7",0.0292607789710592,0.2935209878554,0.217604606385195,0.216875519569459,0.00250431477343196,0.0471038836925606,0.146516505404731,0.0367438267713599,0.00986957657680337
"17x7",0.0395268177520327,0.412358547237042,0.00211428244577062,0.0629262668807456,0.0144682412776706,0.25149861414548,0.149534872720518,0.0526835937033476,0.0148887638373922
"15x7",0.0260348577641248,0.417309541930789,0.057326738249679,0.0194237282579299,0.00395424793351348,0.238375405909455,0.220502193790596,0.00884414691344305,0.00822913925046986
"8x7",0.0257753298305946,0.148731132705499,0.292807584493021,0.324652859969847,0.0041772692193034,0.153693912982613,0.0237277681505884,0.0128740826203292,0.0135600600282036
"7x7",0.000369633963325952,0.0867543413153443,0.141947354072669,0.0585154393361848,0.00189204672002039,0.272370743318283,0.388895677478423,0.0410237297960527,0.00823103399969677
"14x7",0.00225566975627367,0.450639655018989,0.00847636706309452,0.0222323677804081,1.13674756285644e-05,0.133839390622175,0.380705398264467,0.00181275973767374,2.7024281290232e-05
"12x7",0.00202852574736362,0.359579503331117,0.00906445027259161,0.146127576282452,0.0011554645440112,0.233296802461466,0.239805720131054,0.00751647343399222,0.00142548379595365
"13x7",0.0191585073938126,0.168205076813769,0.0612366436908131,0.0327606864594481,0.00135867056186898,0.165924034570601,0.519502788260719,0.0294012131535431,0.00245237909542525
"26x8",0.0202256373430419,0.212701297842913,0.0767094310826713,0.0318616013822477,0.00762330517690566,0.205987844461985,0.375339158586015,0.057642921302066,0.011908802822154
"18x8",0.107395783438476,0.282267895661063,0.0942974201083902,0.0657006087312424,0.00608265276528783,0.266220977879755,0.129152661034722,0.0172063717357711,0.0316756286452928
"21x8",0.00429601746424429,0.434438724325298,0.0219355754645,0.00287341515062562,0.00450942285992156,0.137858439017533,0.321165659516924,0.0482808198891467,0.0246419263118073
"22x8",0.0428057863983577,0.246238912554121,0.0770939070250466,0.257274738215722,0.00104447368749824,0.134630293196628,0.210498523863679,0.0285661077861256,0.00184725727282101
"10x8",0.00457805121918283,0.311233524964581,0.0606376336140205,0.302460061735713,0.00111913479780908,0.115762140511925,0.19687311149084,0.00530337915619968,0.00203296250972959
"28x8",0.010821661941281,0.0171285309404097,0.08252385651373,0.0499616642413914,0.218848596473645,0.0289748189099041,0.14625347096812,0.0124877417767776,0.432999658234741
"20x8",0.00404191520632965,0.171888434612749,0.0534034011184538,0.161177564875465,0.0106123938956901,0.0486460382338394,0.426799837866869,0.105782783895244,0.0176476302953601
"19x8",0.0429107014726377,0.152611841986049,0.0307408383987404,0.383401937842518,0.00425346705724204,0.185730398970135,0.172708677625305,0.0232785815560444,0.00436355509132764
"9x8",0.0202561200182404,0.188548441313246,0.14254521444325,0.183106882182108,0.0253204266218373,0.225514714910799,0.176464242644221,0.0154426281854332,0.0228013296808655
"11x8",0.00451608685949451,0.23898555603176,0.137805624954361,0.143247777474273,0.000774201562349485,0.163293141876795,0.292811114914055,0.0162553291643558,0.0023111671625569
"8x8",0.0503391856380001,0.195589037765159,0.0351436888814472,0.349141575253106,0.0195205608440968,0.240800257545897,0.0370474212967454,0.0327804930417512,0.0396377797337979
"7x8",0.00396663288697762,0.209738565084816,0.0141149777876682,0.426908272108314,0.000840067577898734,0.224162641660032,0.112215464181232,0.00676053778790654,0.00129284092515499
"16x8",0.005184830961426,0.422542304744962,0.00408093395725691,0.240467074167754,0.00279232466443957,0.20334562633639,0.106975983165006,0.009001879058995,0.0056090429437708
"14x8",0.0285228985385356,0.244194520109917,0.0892820351025237,0.0146882420858567,0.00130927434307404,0.30311030869154,0.293997776102829,0.0207642245156714,0.00413072051005315
"12x8",0.0124819035322894,0.218018429262333,0.0116370485940469,0.0487191283208768,0.00383901776854617,0.297084947468835,0.365391230816493,0.0320361012949429,0.0107921929416372
"13x8",0.0133978837364661,0.265755676686341,0.00858016580841124,0.171707625201761,0.000663118446168544,0.103864921726488,0.405974715610761,0.0286178939356642,0.00143799884794017
"23x8",0.0606421355881121,0.299019897406219,0.105253406530895,0.283501089006012,0.0119680252502132,0.0792258500184406,0.0769798016784536,0.0376979824533603,0.0457118120682934
"24x8",0.00331718892074609,0.36246533066477,0.144536997716112,0.193747514720998,0.00039372815920669,0.158524997493831,0.125345222076891,0.0110274456453206,0.000641574602123326
"17x8",0.0393118369511174,0.360681802765785,0.0531477781518674,0.194305857572563,0.00154967236041336,0.230078570706318,0.104682080115214,0.0122042884050116,0.00403811297171012
"21x9",0.0921607829866577,0.251920502445503,0.137837279810053,0.031016252439185,0.00525330346463458,0.115529647488748,0.2977804192513,0.0284097804977203,0.0400920316161985
"20x9",0.0232354984428776,0.308839828393798,0.0179193079153849,0.169391893848098,0.00135607401325797,0.178525984759327,0.278159843665454,0.0198194607160056,0.00275210824579778
"27x9",0.0567544096086658,0.174429718880869,0.0235772478450905,0.131479285460664,0.0947251449354331,0.0174735447284743,0.0940715113161447,0.053267949390675,0.354221187833984
"22x9",0.0706146284546954,0.282570031557899,0.168800561414261,0.0508744773523643,0.00555488613903164,0.179053388476132,0.20647941951133,0.0195796496651645,0.0164729574291219
"16x9",0.00351027315321417,0.202857693299632,0.075284959579785,0.153777151690746,0.00340752850548717,0.170403972896733,0.378101846649174,0.00910915438252871,0.00354741984270001
"11x9",0.0043983721961837,0.312077057237059,0.0230147079800424,0.0408868583853056,0.00017783537416105,0.209859979393338,0.406826217357568,0.00265418741246446,0.000104784663877017
"19x9",0.0120603391645846,0.276301328959217,0.202384800787936,0.175651817504412,0.000417100454308787,0.0844556270795062,0.234962517854445,0.0107923483186293,0.00297411987696164
"28x9",0.0304986259501634,0.165565717422916,0.600153520829843,0.0205228865768442,0.000597459152699263,0.128841606401703,0.0234855165464877,0.0281773122291709,0.00215735489017209
"29x9",0.0271459856317168,0.170686376866588,0.255889966506486,0.284032515999808,0.000531151159265285,0.137541716997402,0.121260908174412,0.00286416503937543,4.7213624946986e-05
"18x9",0.0596533640911085,0.307952162428659,0.042706386003906,0.0462967170415981,0.00180265460923951,0.174758242467083,0.34434223395359,0.0178575387697513,0.00463070063506498
"9x9",0.00152791592385973,0.111030442680497,0.0216728868633787,0.554543460840548,0.00132045832595906,0.107746396749382,0.187593532596028,0.0107829826511508,0.0037819233691968
"10x9",0.0302105720108368,0.111416121750152,0.00676767835017531,0.541059964024969,0.000998191412026132,0.0831239608513086,0.221065703442935,0.00419774300556534,0.00116006515203085
"24x9",0.00838901851462293,0.271192883799754,0.0183720789665197,0.100170227211214,0.00041517247531504,0.140741701311933,0.441306168984092,0.0181931399968573,0.00121960873969196
"7x9",0.0342428027704382,0.170757527272322,0.200825423235296,0.0900192791037587,0.00405258114275057,0.32247057131368,0.130483698194462,0.0273167735422795,0.0198313434250136
"23x9",0.0125049321100861,0.176305493273357,0.0314160434352849,0.291137284603329,0.0143111995279397,0.130132341487171,0.238207581426795,0.096669569881722,0.00931555425431538
"15x9",0.112743068653952,0.210918083269899,0.055059492852065,0.167208238304155,0.00294361274942038,0.22875370915349,0.200704177052775,0.0183640344947936,0.00330558346944918
"13x9",0.00444830211375071,0.192537169831794,0.00740817120476256,0.0642264698104502,0.000644766364849351,0.175549014282595,0.536776230926536,0.0174204098208167,0.000989465644445528
"8x9",0.00102994170473296,0.159055312683789,0.0120840500647233,0.452984245066216,0.00510252888036942,0.218362183479599,0.131131167011315,0.0148068944332044,0.00544367667605044
"14x9",0.0241690630348964,0.295930232145632,0.134692872203852,0.014117499481822,0.000379502701105282,0.170732838378898,0.351488085394126,0.00805252785149953,0.000437378808168243
"12x9",0.00991800415048121,0.21320398704275,0.0369038338289239,0.216611369908883,0.00222533575274597,0.188931965997335,0.301930762269689,0.0219819131171198,0.0082928279320705
"17x9",0.0276133164950447,0.27843937011123,0.111131105711698,0.113554675237874,0.00299024672275552,0.18968187585693,0.216426108638662,0.0379486779764224,0.022214623249384
"24x10",0.0059697567436042,0.278129774249959,0.104229192523764,0.0741951326368466,0.000656388844073483,0.190810566905731,0.292447712993825,0.0501902675256477,0.00337120757654863
"10x10",0.00574237306404682,0.164577806453841,0.00871998556132961,0.333406294559004,0.000831768772695154,0.10111531804945,0.368354026212286,0.0150495428447067,0.00220288448264181
"22x10",0.0099240479168704,0.190598674007007,0.0354570083135886,0.44857066005706,0.000663111187063243,0.0905280746457228,0.212187129795942,0.0105494437066154,0.00152185037013116
"21x10",0.0426541513846288,0.354751198039326,0.0185767981183333,0.103490701857057,0.00065671471173523,0.13659492226387,0.329858921195876,0.0121643795684628,0.00125221286071068
"20x10",0.00793273562058486,0.247446401358914,0.0131543477095189,0.194247291480526,0.00178348885623063,0.111274807533137,0.390075163325662,0.0321990648952957,0.00188669922013153
"27x10",0.0579801371141117,0.34217376035199,0.0198568130381196,0.0730034446413304,0.00325602781963022,0.19710681562726,0.30383630975845,0.00275806316850737,2.86284806003729e-05
"19x10",0.00885712656246728,0.339297364398296,0.0127632836937835,0.173411230490532,0.00120215131174323,0.0790890517617073,0.372398932985511,0.0116290853458296,0.00135177345013059
"9x10",0.00737233052902842,0.281900463517445,0.00993958798020026,0.0462234036575013,9.15934398692896e-05,0.180072843243528,0.472283330571295,0.002078251927409,3.81951337234353e-05
"29x10",0.0214791648470715,0.1757696143963,0.257602957243189,0.099277437607263,0.0513534307683196,0.137694999194635,0.160355443624941,0.0482703784608841,0.0481965738573966
"11x10",0.00393131497453436,0.268107964722011,0.0705925677821812,0.161900917274648,0.0088504176787568,0.209771492945374,0.254705228286775,0.0197064195039883,0.00243367683173161
"17x10",0.0304828780487285,0.274952935698935,0.0986613810480361,0.199169465454129,0.00513460859705434,0.111137656907325,0.214049802863712,0.0517375347388798,0.0146737366432002
"28x10",0.137798322537455,0.167533720762425,0.0356531332303629,0.512334510432867,0.000473643339115589,0.00445614612071682,0.128968613034752,0.01162003186592,0.00116187867638541
"16x10",0.0126499773635379,0.224614406869543,0.0544545502156764,0.233221633002509,0.000768084836086381,0.0794187240950844,0.367540581257764,0.0255281638642195,0.00180387849557951
"23x10",0.0249393781562158,0.42262813305273,0.0658765626272789,0.0193508924135624,0.000116875532370782,0.243418886731282,0.20506516299543,0.0151574365055012,0.00344667198562883
"14x10",0.0112652603679493,0.292109940665555,0.0428579071750689,0.172228418157751,0.00161947035143784,0.207411363286936,0.265512600009243,0.00575610311001545,0.00123893687604412
"15x10",0.00756992243807301,0.257758461713056,0.0624040508729424,0.114391059024226,0.0184512155386003,0.17553471124031,0.320282372395477,0.0266614550409164,0.016946751736398
"8x10",0.0305537958505326,0.244342854906573,0.03120674819429,0.137562632977261,0.00665748976133226,0.304924011078213,0.212437087878911,0.0257797565798434,0.00653562277304417
"18x10",0.0341391931197944,0.300970676373135,0.032058831108222,0.0330751024602396,0.00454130937377387,0.204388452446368,0.334726355255118,0.045256664666573,0.0108434151967758
"7x10",0.00645640868634781,0.233987858998591,0.156099512898725,0.269640136903879,0.00664112186784581,0.208801766206975,0.0972725598307675,0.0118286802822226,0.00927195432464729
"13x10",0.00997185750711119,0.157477135408036,0.0369253281255279,0.159657738507946,0.00333845002331316,0.30769843188497,0.304931780988432,0.0160858016519221,0.00391347590274216
"12x10",0.00134036147449002,0.224648048446084,0.0119323080310729,0.0944884079752315,0.00723675496074213,0.273471547022515,0.352308143433788,0.031066839763327,0.00350758889274885
"32x11",0.0336062710269847,0.191506363323921,0.0758727092380143,0.252468209525984,0.000669558580877292,0.181328053923172,0.248770864631813,0.0140824829265148,0.0016954868227201
"21x11",0.0214452724740979,0.40102756611254,0.0182362590259259,0.0588439255883218,0.00175758330880449,0.105646108629262,0.346989728169502,0.0381338132061807,0.00791974348536522
"27x11",0.0152059518264784,0.381886093230121,0.023573061010939,0.17814855819056,0.00233545563197912,0.179593271353483,0.161599549950437,0.0494210829406251,0.00823697586537706
"25x11",0.0082542614683978,0.273011369497951,0.108119758223715,0.0151194705604412,0.00316694881829162,0.426190005650679,0.149524489264643,0.010817504499256,0.00579619201662536
"30x11",0.0235498754282797,0.38633544450904,0.272085380612562,0.0211801914471916,0.00097599147907941,0.0554864181769746,0.229457256016363,0.0104262944646464,0.000503147865862622
"19x11",0.0216852321544453,0.296955519354552,0.0165623012919734,0.24279365848722,0.000772984025616024,0.116107184241824,0.292614943526845,0.0114531323069066,0.00105504461061863
"22x11",0.0136499236288423,0.287525000618583,0.0766927385515083,0.120849199177775,0.00409421179030432,0.112372725460655,0.359942095845187,0.0178443282950463,0.00702977663209909
"10x11",0.0154834407335314,0.200383989129972,0.0304425975260137,0.359604823769232,0.00166573599821986,0.0909927423705324,0.24328764150206,0.0467812061302045,0.011357822840235
"20x11",0.0115163690228129,0.245723122579253,0.00658316647353004,0.0188374984932341,0.000233284585666844,0.0902637350237595,0.617571848215401,0.0088501475361645,0.000420828070177673
"28x11",0.00330374917032841,0.188798669094257,0.208011866262084,0.0617099340634003,9.28416328194797e-05,0.219548229852165,0.310000207345399,0.00813533606829615,0.000399166511250437
"26x11",0.00218637679226317,0.170578353734007,0.0548171236298713,0.419479495260312,0.00166010914195279,0.0804408171189656,0.181828853920637,0.0868268062931742,0.00218206410881661
"29x11",0.0103717133985605,0.373939728305155,0.0178545618238357,0.224323328706783,0.00169951407994506,0.123731638313293,0.222460076377489,0.0171212587803893,0.00849818021454883
"31x11",0.0211160969131335,0.305034464912797,0.0165889734106389,0.0183981914885727,0.0015884642638675,0.180714994744406,0.392351667080541,0.0612622078225007,0.00294493936354217
"9x11",0.00418596426349228,0.0935944297968394,0.0129144308475942,0.357352536023827,0.00228393436695284,0.136516145237059,0.362089541736934,0.0255419393704063,0.00552107835689443
"18x11",0.0065581652441614,0.263788397593174,0.0040653862732329,0.203545121618222,0.0013829565663197,0.113330906721089,0.391440688893475,0.0134989226407496,0.00238945444957572
"24x11",0.0190263162459714,0.214337536099058,0.0116051422130073,0.0866553846147621,0.000517839061414663,0.314978881857482,0.34312573876315,0.00886462769992317,0.000888533445231087
"12x11",0.0159403100355203,0.194999517869675,0.0661655248690073,0.178810714317384,0.00280378882795512,0.163979791655903,0.335751217900616,0.039617520988864,0.00193161353507472
"23x11",0.00300473547871441,0.256910831727817,0.00659316684428112,0.105864195335406,8.95230839281748e-05,0.105001448678271,0.513788499097482,0.00847695788610562,0.000270641867995265
"8x11",0.00429502883760018,0.122618966171537,0.0456593153726768,0.450889364478551,0.00116540870672382,0.155062618651769,0.178122270318542,0.0397754170639018,0.00241161039869839
"14x11",0.00911963237526913,0.23498076962782,0.0587550403544679,0.134796595462051,0.00241416544886128,0.158056877218424,0.3462544564795,0.0428762366134647,0.0127462264201423
"17x11",0.00277615161098108,0.340389042792298,0.0243178004651954,0.248569775614406,0.000807287637059446,0.125929206891169,0.237782839220672,0.0157717355872459,0.00365616018097292
"7x11",0.0197473128694653,0.160504034998743,0.0223111109650514,0.3080580180348,0.00366319887971807,0.214581835930334,0.206929791752881,0.0437180570581941,0.0204866395108127
"13x11",0.00833667938983134,0.34386439522711,0.0103953851156419,0.0475958446668739,0.00108478510355764,0.130105411075358,0.422743819242526,0.0337176716232009,0.00215600855590014
"16x11",0.0348237049236196,0.200444024382232,0.0727252593246394,0.0967452163460455,0.00133836813886535,0.183336982857115,0.342007435914347,0.0629208551146138,0.0056581529985232
"15x11",0.00533541841153362,0.272302585517967,0.0350393532270215,0.122583535680008,0.00169552434445493,0.204146458572214,0.340309345909536,0.0170019604477986,0.00158581788946638
"6x11",0.000782847728701965,0.28597530189878,0.0538727709469142,0.352164692191058,0.00573508107999417,0.0435745113497932,0.235052195560431,0.0121542177550223,0.0106883814893048
"21x12",0.00414832692289084,0.283411331696765,0.0877286295635832,0.11092476710863,0.000674525444362665,0.193394224478387,0.306291370897005,0.0118953493291026,0.00153147455927372
"22x12",0.00751638079644337,0.22918390828881,0.0130534433387938,0.0444810529397965,0.000357406840096502,0.145508006892619,0.555190341836065,0.0043271881635866,0.00038227090378919
"25x12",0.00535185033130212,0.317118602387999,0.031181278092048,0.0534408111011108,0.00163604391392607,0.132815344574081,0.424907338909818,0.0328445517806885,0.000704178909026079
"32x12",0.00033431379806405,0.36740161601535,0.524337281779585,0.00126675472022826,8.70195901337085e-07,0.0691314614277345,0.0374298671422364,9.65611972478473e-05,1.27372365276093e-06
"20x12",0.0091399067559046,0.326216056176762,0.0102696628910731,0.145270088255783,0.000638941391614915,0.0750725901566296,0.39442612381973,0.0382176954881074,0.000748935064396036
"31x12",0.000226131887248553,0.267673670406491,0.228628578892026,0.012292009760978,0.000175599441215256,0.094015209381247,0.376959181765119,0.0195318022667567,0.000497816198918126
"30x12",0.0473135770811504,0.170734740296442,0.0361775019725416,0.221463894047666,0.136147465630486,0.0296495673226959,0.128437807068188,0.0520141591771139,0.178061287403716
"16x12",0.00651178267035944,0.18453040904616,0.0231793668107197,0.0904535302389741,0.000934689850364032,0.113861070052888,0.565295007457373,0.0138283596708314,0.00140578420233076
"24x12",0.00490218761354838,0.295218088537961,0.0227153975323066,0.0745373434991118,0.0012887228251729,0.175227223289588,0.389072418865199,0.0366845962529656,0.000354021584146788
"19x12",0.00271144645731496,0.189400447857964,0.00204014254722942,0.00892039884347576,0.000232200188072747,0.181721186383529,0.605613555477779,0.00915569649422848,0.000204925750406625
"8x12",0.00109620954368374,0.127638620622977,0.0165405709242705,0.417894960825395,0.00417448684388946,0.123773781451465,0.256894057579294,0.0246163117142886,0.0273710004947356
"10x12",0.000975990105912239,0.0805016516249657,0.00465486177651681,0.706025543763203,2.82953504155064e-05,0.00510525890628486,0.195211161376458,0.00747345457644345,2.37825198008121e-05
"5x12",1.05956199439321e-05,0.0812404947160335,0.195829953965815,0.385651179281587,1.13784247623902e-05,0.094557926767641,0.242566948686757,0.000125622769235117,5.8997682247696e-06
"6x12",0.00737962061217875,0.114754186375814,0.025067368959608,0.281156771653678,0.00531478371712609,0.162671579916977,0.384826900776606,0.0068272251574695,0.0120015628305419
"26x12",0.00307799773954007,0.333561450578917,0.00857184581140587,0.063389245594176,0.000499167801380506,0.182819472945468,0.401157385935357,0.00541189862790278,0.00151153496585317
"11x12",0.00232012236375517,0.192558857002632,0.00541272679201241,0.292985450604875,3.41701144746237e-05,0.178996878385202,0.315532109521435,0.0120630403361104,9.66448795031705e-05
"23x12",0.00466085210243796,0.21037550817398,0.011409998866247,0.089351714220756,0.000483821723482033,0.0948875720574893,0.57159739224921,0.0165752915875949,0.000657849018802071
"29x12",0.203604128033999,0.269984997423317,0.242619847362061,0.0667695923308946,0.00280647013206108,0.0674490194651242,0.129512119963324,0.00774165564911286,0.00951216964010536
"18x12",0.0021123309368759,0.254293459380645,0.0710047078490929,0.199710332610559,0.000645367736590813,0.140215410535399,0.318182408215719,0.0130009438480969,0.000835038887021733
"17x12",0.00335672213955118,0.322439668910791,0.0149109974241759,0.106696304533369,0.0007662094354258,0.0883028687065051,0.428579403532449,0.033123273114193,0.00182455220353959
"9x12",0.00438226890102013,0.143150586643723,0.0349523241999844,0.208987865240311,0.00667007205041555,0.0191156158252361,0.51129255150841,0.0627970859270528,0.00865162970384668
"15x12",0.00434240591663737,0.212408530098992,0.0305521010527424,0.198116303378165,0.00130183476035777,0.0522266450884814,0.461894355985499,0.0368542236152739,0.00230360010385136
"7x12",0.00697317176920632,0.231168318353767,0.00966375753423798,0.153413480834123,0.000627410831211992,0.199273655262258,0.385351883026866,0.0120941976440545,0.00143412474427477
"12x12",0.00259073657941522,0.104016503841403,0.0104030679756102,0.545970058922859,0.00021269896418466,0.0451660563190622,0.282465025129683,0.00889327446386218,0.000282577803921602
"13x12",0.0692197285778575,0.171253391671798,0.0206333196821799,0.239294047658108,0.00480446875754724,0.0356477043386359,0.43169580968022,0.0135624866369124,0.0138890429967402
"27x12",0.0676943217003117,0.380720639879632,0.0221135993126105,0.123566464844847,0.00205269996807851,0.161956263802772,0.230947409598453,0.00604542229208652,0.00490317860121028
"14x12",0.0216401717818379,0.194532198807944,0.0267141172677033,0.298923079454252,0.000879786139170902,0.0766623590111741,0.363480601463631,0.0145415272021518,0.00262615887213573
"28x12",0.00204494961390217,0.514279205518926,0.0121965404824692,0.0078453930718043,0.000281560213858695,0.0728284939398975,0.357568965432479,0.0323851717023671,0.000569720024296164
"22x13",0.0122327319367258,0.225364882006126,0.0265453614249984,0.100008647654992,0.00188866623193643,0.0286909691190525,0.55532350370258,0.0477517469617843,0.00219349096180446
"32x13",0.00468090950786904,0.0594868892302645,0.00605069817976504,0.0760299362613505,0.00389340607548295,0.398613109142916,0.398052300346561,0.0312715452676748,0.021921205988116
"21x13",0.0164258416563621,0.375544674351883,0.0607987657003312,0.167176987983212,0.00428468847203731,0.0376610263200233,0.313134883579617,0.0154401452789155,0.00953298665761897
"11x13",0.00281576649243933,0.233349690662558,0.018681190478552,0.140490537865745,9.66184517702087e-05,0.0885767691130862,0.470647490974978,0.0451082242977677,0.000233711663104359
"27x13",0.0175079464448302,0.360809206214901,0.135667534062608,0.00693939925261381,0.00012756777428786,0.173228604263197,0.294954473533134,0.0105618770591079,0.000203391395320487
"29x13",0.0342873686897991,0.220985323686635,0.0174818142268485,0.00444100460914241,0.0535425982243038,0.0650435028302176,0.411327570714508,0.104008037461571,0.0888827795569753
"30x13",0.0173358187090057,0.481031768150242,0.00334056607104993,0.0102361207362677,0.0100158309034962,0.201321406117445,0.243956295293754,0.0244733421425464,0.00828885187619251
"19x13",0.000519198271996319,0.11568267275893,0.0575708417077573,0.723807702416074,0.000186953791550865,0.0125122406837419,0.0791825671277775,0.00943929647724773,0.00109852676492393
"28x13",0.0061251390198127,0.3099296776206,0.00561249997098191,0.280769772097393,5.36897718145977e-05,0.060401736358819,0.330540050933018,0.00651850486649373,4.8929361067809e-05
"10x13",0.00186781618401923,0.208002601965808,0.0615329802918475,0.13146994915974,0.00112564627932404,0.0874277975986896,0.484876298550156,0.0201858103812968,0.00351109958911954
"20x13",0.0330931761180906,0.279132870031461,0.0330477876513193,0.158763874028973,0.00160353170886767,0.0606409603306175,0.39980135405351,0.0319007783957594,0.00201566768140118
"31x13",0.190490488936176,0.159464049550098,0.0123413759351259,0.316596183757095,0.00112036280118284,0.0997979696120044,0.202244747411431,0.0176703923179258,0.000274429678960834
"26x13",0.00364253680028359,0.216886567436364,0.00389172923803486,0.326730107549831,0.000431187579152708,0.0586239174694988,0.374116369858717,0.0146708760340796,0.00100670803403734
"4x13",0.000295243888618097,0.208725670355994,0.00216354645673615,0.341209857092033,5.80801634584812e-06,0.115631945436995,0.319531451283193,0.0124358940303262,5.83439758357858e-07
"24x13",0.00131230596703039,0.193413635911656,0.0940161592321781,0.292784779327527,0.000714967552121126,0.0776473647117368,0.326423266671124,0.0121383812539105,0.0015491393727164
"5x13",0.00480808524831664,0.159349806414156,0.0377832896328823,0.525867414822625,0.000122349118392931,0.0893848806280283,0.172199574213504,0.0102812252395699,0.000203374682524944
"9x13",0.00655134900835855,0.186523176108313,0.077886581455847,0.312859486563418,0.00137752522086193,0.0709205301114463,0.32387111673528,0.012747425397555,0.00726280939891972
"18x13",0.0016143277708272,0.113142878792947,0.079236936300963,0.761431643926787,4.13142914466089e-05,0.0041668777849078,0.0382329557288626,0.00206562189998439,6.74435032737286e-05
"15x13",0.0073373855215404,0.172958111654065,0.0239358687907963,0.332665162737997,0.00286205580173955,0.0988175573149176,0.337428101633828,0.0168612782331998,0.007134478311916
"8x13",0.00571871013642177,0.121219842236223,0.0033876672263848,0.333221070858776,0.000163153015752342,0.146520407097995,0.372447173083911,0.0170866812363573,0.000235295108179675
"16x13",0.00359354091263386,0.0975023106845327,0.0204019976922663,0.240610757227388,0.00616608179916079,0.0554727870403423,0.510660256789738,0.0470294721102826,0.0185627957436552
"17x13",0.00384691639629998,0.25543162358678,0.0311802582371938,0.162093269663669,0.000772852792978628,0.0679021447576794,0.443000395452892,0.0349268133242807,0.000845725788226227
"25x13",0.00261745149654628,0.204288439877245,0.00984015710870821,0.411533344179529,0.000629911535805568,0.0562770647600612,0.306145073217667,0.00801046893951745,0.000658088884920203
"14x13",0.015422496608289,0.20122359992027,0.033545804496596,0.323107422380954,0.00194951455589728,0.08550991351494,0.305632122962835,0.0309320010986297,0.00267712446158947
"23x13",0.00715721641596795,0.0933362327748621,0.00745751561183147,0.156386836819025,0.000575643390180405,0.0948783232742537,0.611785916311999,0.0280935568306785,0.000328758571201627
"12x13",0.00821586415450498,0.227776261016252,0.0226316812855013,0.205985261639734,0.000840440515003899,0.0954519599339191,0.413384261845682,0.0241578065014067,0.0015564631079963
"13x13",0.00380671539700656,0.133465676542953,0.0337316253314864,0.445134514813297,0.00023501691668528,0.074623957455495,0.297554446039664,0.0108013616769173,0.000646685826495217
"6x13",0.00528965241241719,0.171865448158056,0.0809499711603058,0.147674765471428,0.0121516856767053,0.235576358454462,0.301488196106473,0.0398223027667715,0.00518161979338015
"7x13",0.00251111119614267,0.255461441804628,0.0300145244916551,0.214002233728158,0.000152046527601709,0.194150170816799,0.290780794250465,0.012593893285423,0.000333783899128323
"32x14",0.0077302424338153,0.296938495199349,0.0325146651917937,0.157768281225666,0.000230992016181095,0.268589047604243,0.144543588959482,0.0900038942765836,0.00168079309288701
"21x14",0.0116760419280716,0.217680910058765,0.117802169795008,0.141194152412771,0.00564506007881419,0.158102756816136,0.279338148130603,0.0539783253777481,0.0145824354020823
"9x14",0.00725289660871445,0.199891219062585,0.012336500712607,0.193549515837793,0.00104593656266825,0.0923332533457813,0.443624183297847,0.0446932939010484,0.00527320067095454
"27x14",0.00664600271968887,0.463754069720495,0.00675247625354286,0.109000664273213,0.00076800112198299,0.106925962354388,0.28832197285102,0.0164427349696813,0.00138811573598805
"10x14",0.00575111020625278,0.220887686666293,0.00676869204524934,0.330294068140039,0.000404563331515702,0.0381797124475025,0.350133144727972,0.0453207564718112,0.00226026596336494
"29x14",0.081554451932701,0.51868285793677,0.144204380681652,0.016166945494729,0.000655016091662969,0.161721643466506,0.0724644390678659,0.00278318829345523,0.0017670770346588
"20x14",0.00662143636965094,0.259966396038684,0.0395543585665101,0.148219289869095,0.00255236139407275,0.094381763064785,0.402339305667407,0.0346712757716585,0.0116938132581373
"22x14",0.00801895577619047,0.296380904035001,0.0117304435953217,0.0652085217350149,0.00176324030290972,0.070398875676649,0.519872303538146,0.0255349055875895,0.00109184975317732
"11x14",0.00839613585108408,0.160820750268432,0.0133089001728153,0.40539368778292,0.0076980308074852,0.0166651070525933,0.301946060224211,0.0656226570025926,0.0201486708378669
"19x14",0.00165482005598118,0.164171389665961,0.0666149067916735,0.262504318182283,0.00385354673938847,0.0962613226369985,0.376908218406653,0.0272764405873421,0.000755036933718762
"31x14",0.00587998317426045,0.35383928597151,0.0141964650791377,0.544659027466778,3.33669901347466e-05,0.062401293784404,0.0183575818055375,0.000582434523281256,5.056120495678e-05
"16x14",0.00185557330511893,0.167130061479646,0.0191762098498966,0.132721254938634,0.000107238487239419,0.108141907696757,0.556401520930415,0.0143459914092376,0.000120241903054832
"28x14",0.00326737146406273,0.155463142173614,0.00861247366851292,0.111036044625829,0.000349859943189963,0.162719878936598,0.543221121900815,0.0140058953011809,0.0013242119861971
"26x14",0.00440751919682265,0.316341539497514,0.0326815474878217,0.172891864732273,0.000804778371516048,0.130629234401673,0.328736303926728,0.0132772975847401,0.000229914800911356
"24x14",0.00248979244939697,0.168444609560874,0.130464418933175,0.442659536177573,0.000351254403010454,0.0218950323745379,0.221927233573454,0.0113138568312724,0.000454265696706479
"18x14",0.00322261609266772,0.170828143517531,0.0159671045831027,0.529302320257232,0.000301558527532059,0.0622220438461178,0.206736902413518,0.0101854082648966,0.00123390249740182
"17x14",0.0133727880249932,0.21425367821854,0.0248234521849585,0.323532991183655,0.0049140074622594,0.0923422617023789,0.210568151716963,0.0824317088380894,0.0337609606681632
"8x14",0.00489283264900908,0.186063388470261,0.0978409541607542,0.0138012812570433,0.000520295008502624,0.26094448799479,0.384212986002157,0.0404338014550587,0.0112899730024242
"25x14",0.000634718575448374,0.172352845788545,0.0227421002333749,0.657670089934392,0.000139566206019545,0.0113129192138305,0.129426868847898,0.00527844548958627,0.000442445710905263
"30x14",0.0182821038631247,0.0202033695467752,0.0873415723306509,0.426625955506912,3.91803524287847e-05,0.227216470357509,0.216010488868119,0.00362578094301117,0.000655078231469617
"4x14",0.00323828293982073,0.174095891230315,0.0705382716387603,0.349931548034879,0.00150966922479971,0.120639696886838,0.26364961704821,0.0146804495632729,0.00171657343310356
"23x14",0.0020341881092221,0.285476409329444,0.103192273318126,0.22077636019082,0.000486944859980527,0.0584889993204594,0.322582641539747,0.00635686196970945,0.00060532136249165
"12x14",0.00274618694645174,0.148735940945232,0.053514287743694,0.410992916322828,0.00801804357746672,0.0883654552131043,0.24260480122679,0.0357759445291599,0.00924642349527367
"5x14",0.00157652610535416,0.192818310131592,0.0548970878760131,0.251393499943555,0.000138352642692277,0.115015840354061,0.375848514618345,0.00810357212177121,0.000208296206615908
"13x14",0.00567738651300966,0.17145969481528,0.0283857801557855,0.279863019862974,0.00224567440764135,0.0481296459374515,0.402584890062493,0.0551652805518108,0.0064886276935548
"15x14",0.00157252940317188,0.118642930930217,0.0165957638068991,0.501907905742658,0.000205938699081072,0.0359582573939509,0.313909045606937,0.0105037634643741,0.000703864952710301
"14x14",0.00500798298302936,0.116053007027841,0.0355207159738479,0.372965006564059,0.000604093192946556,0.0433041418315369,0.411543546838477,0.0140117465634712,0.000989759024790117
"7x14",0.0097772977930382,0.229018668463899,0.00898860665522951,0.114413990303534,0.00167877410181492,0.17959394720446,0.437163006203194,0.0180327968763516,0.00133291239847928
"6x14",0.00694828966486317,0.225469662435969,0.0584411177958793,0.16745879315779,0.0024392321821279,0.19631659356485,0.309038420783922,0.0323109624603043,0.00157692795429406
"32x15",0.0019177317846628,0.6244131069131,0.000127273068097665,0.000133664848686387,1.07061709090606e-07,0.0558046902757262,0.31753820455113,6.51765274883456e-05,4.49693987137832e-08
"30x15",0.00468257398616688,0.195690936430925,0.17548830299572,0.0598052375262732,4.17635869604057e-05,0.253728304995946,0.306952305536213,0.00349048070263071,0.000120094239164939
"31x15",0.0112448519316052,0.158362254486164,0.360815391757888,0.24009822175197,0.000170222979751208,0.0972010815132535,0.129335744320556,0.00239264490297731,0.000379586355834499
