"","Endothelial","CAFs","PVL","B-cells","T-cells","Myeloid","Normal Epithelial","Plasmablasts","Cancer Epithelial"
"20x14",0.168726278498978,0.148608127056307,0.0931116714230928,0.00402175561190131,0.00745448123572953,0.0969413830177894,0.0224741302590686,0.111780677499498,0.346881495397636
"22x14",0.207263969269329,0.0765822185405592,0.0390339441238452,0.000734721162789219,0.0046394112366066,0.0394397915839323,0.0231621280980875,0.0364051995320559,0.572738616452795
"21x14",0.161241443581884,0.0663286215203286,0.0798941027285173,0.000239530645473921,0.00189346864807944,0.0727530806120469,0.0108192159945386,0.0466345709499897,0.560195965319142
"21x15",0.111241672289397,0.0601100771429647,0.0340679388051353,0.000527190883383263,0.00209767962009049,0.0273834226206739,0.0232063111930972,0.108434115252191,0.632931592193067
"22x15",0.287245456896509,0.317856864120179,0.0725674224705058,0.000549258174505035,0.00624376352692833,0.0574234724801787,0.00742080926414285,0.0236626324644894,0.227030320602563
"17x15",0.159772173015337,0.0913943574406152,0.0481461849164315,0.000520163582658806,0.00367044741465668,0.135715996950403,0.0201117650956312,0.123897354912762,0.416771556671504
"25x15",0.167559098571031,0.149898943495265,0.13369059784763,0.00548375069276871,0.0329937132047181,0.169739116194475,0.0409085819167085,0.117593613999633,0.182132584077771
"20x15",0.217834962175893,0.141847020409579,0.0333228205970632,0.000254469350148888,0.00343285681138238,0.0707743408724255,0.0319591573756837,0.0263535210527578,0.474220851355067
"23x15",0.228796648368374,0.261692584522079,0.131694358882116,0.0009678576757427,0.004941532096701,0.0751728854502866,0.0223362772322695,0.150825020742376,0.123572835030056
"16x15",0.0897232096644974,0.165765757331023,0.0352825739149273,0.00450495621543322,0.0189528588935181,0.0451550231116069,0.0485688763609282,0.154168528978356,0.43787821552971
"19x15",0.227208322838988,0.100501495487354,0.0781525852154041,0.00211694645092623,0.0142672601974837,0.0707676767602644,0.0304211325563146,0.218150866386923,0.258413714106342
"15x15",0.120586054884467,0.103130228091913,0.0713120017767096,0.000680076734547235,0.00215401001012632,0.0501035519023547,0.0363336189684922,0.0731257866216756,0.542574671009715
"18x15",0.0599981584306144,0.066288859474709,0.12981711688178,0.0017775729254094,0.000924531551778817,0.00813136914782707,0.0891931831064837,0.140697465842086,0.503171742639312
"14x15",0.0866661591775803,0.0825982672817212,0.0868138144923604,0.000229768943741831,0.00120523305112989,0.0531863160111757,0.0185224444714172,0.125942905436019,0.544835091134854
"13x15",0.0999152857251654,0.0736366816258337,0.0309313892928735,0.00216449150642159,0.00556390126446284,0.091502774431199,0.0688517339121527,0.151085046616377,0.476348695625514
"22x16",0.198889102690174,0.181159861485951,0.0193200804671166,0.00892415802686988,0.03151122254921,0.0962403340935989,0.0153186024304917,0.333487742144739,0.115148896111849
"18x16",0.142206249738328,0.169284870026299,0.160055101213691,0.000963506892503717,0.00219008917021584,0.17646826504071,0.00518704509799563,0.188233858902452,0.155411013917805
"19x16",0.289688078228374,0.212888131418562,0.0640446593103872,0.00151148788529878,0.0154667502036751,0.120797007612522,0.0092499908529878,0.0744867219338888,0.211867172554305
"26x16",0.118513578345429,0.151991835026311,0.151901866760572,0.00127808504393725,0.00536810236460596,0.106899804452231,0.0128477557459237,0.315788682362114,0.135410289898876
"11x16",0.128023429565916,0.108556469784533,0.118924727276721,0.0227000061175658,0.0206313633361036,0.0993614706161011,0.130685560277753,0.206919993697608,0.164196979327699
"16x16",0.139679888522445,0.162921332327371,0.0321268181921353,0.000840914971040706,0.00544293390004923,0.103417384482205,0.105417420276284,0.0841370963922985,0.366016210936171
"21x16",0.129270828574723,0.226603216072017,0.154375292150528,0.0015310451217177,0.0227847146049824,0.083489401753312,0.0315751005545331,0.115578548872706,0.23479185229548
"25x16",0.0919071720874189,0.181274509476044,0.0767306134632611,0.00174194556657458,0.00853913168158777,0.123486677486174,0.0142276665675706,0.282394757592859,0.21969752607851
"17x16",0.123269157171593,0.136046782060007,0.111624606581585,0.012659743910128,0.0211879568887643,0.115723718199948,0.0188918041425747,0.204239114700069,0.25635711634533
"20x16",0.065339811609375,0.31704098610555,0.0290706936176767,0.000840174981396669,0.00199602439785081,0.0843819032207717,0.0430159163117748,0.0987158904484533,0.359598599307151
"10x16",0.081553555776023,0.131748385376592,0.0687816527635721,0.00938614437683723,0.0397722408041642,0.147588534341058,0.059931423156038,0.169507802478687,0.291730260927029
"9x16",0.0621798694235712,0.117038274559052,0.0992060821372738,0.00221575060610593,0.00462388521047318,0.166243839961303,0.00890717702805493,0.308381388109178,0.231203732964988
"8x16",0.064425813992605,0.127996855677452,0.195053744447658,0.000300295476045062,0.00104060938457745,0.0711962640490193,0.00320966654444633,0.427455286489352,0.109321463938845
"15x16",0.0910270628985181,0.113937242256235,0.0857915812735928,0.0011509847622064,0.0049739979440625,0.0673870429495685,0.0358454042345144,0.0728969635078604,0.526989720173442
"12x16",0.057288337828368,0.1309104753783,0.0766603529324857,0.00782527858123694,0.00656919098082067,0.072397836996041,0.0352635670154762,0.451456090097959,0.161628870189313
"14x16",0.0480707348645386,0.135564550753778,0.035579090296534,0.00342289973188893,0.0149760603640378,0.0593017135342926,0.0200220483955693,0.422371631470062,0.260691270589299
"13x16",0.0789373635971384,0.160706405905515,0.100826357621687,0.00468965847317814,0.0113856946362149,0.105192746490402,0.0122321232118273,0.272800089971444,0.253229560092593
"22x17",0.11201771620095,0.168524882830009,0.0309671271649413,0.000332943846636921,0.00126504719790579,0.0466346162761152,0.00974643400663845,0.423982092640827,0.206529139835976
"25x17",0.0672629137278404,0.0930375528393994,0.0585285607028773,0.00289199962901429,0.01366000717821,0.112127567555209,0.102311035614709,0.264164376835879,0.286015985916863
"26x17",0.0553328411321779,0.0666279548312547,0.0401977679668241,0.00346259408548463,0.00740819266231763,0.0956594300158445,0.00985801247526148,0.458879647940345,0.26257355889049
"16x17",0.0381701144098194,0.208099862168647,0.126246081492897,0.000339900075767371,0.00276041848851976,0.169577521692561,0.0127067434385222,0.216922203592808,0.225177154640459
"11x17",0.0406089798712629,0.0932558059087496,0.0563272964209844,0.00712928969925887,0.0273630209939567,0.154559658232731,0.0203439097105409,0.424619290959005,0.17579274820351
"18x17",0.204261690742739,0.199770001850772,0.0837656198975339,0.00113161131204729,0.00254006046607224,0.13445503399508,0.0164849531679978,0.136682964398449,0.220908064169309
"19x17",0.0733223174332411,0.129334419682124,0.0968945585518142,0.000313857288970268,0.00229969933715392,0.143421026238671,0.0092704485932296,0.201840617093942,0.343303055780854
"20x17",0.14305957821526,0.155277102991789,0.0833601819676373,0.00739213399314509,0.0219799813243121,0.0691643172981581,0.0315808242211816,0.207867810250786,0.280318069737731
"5x17",0.0496298211062017,0.0518366487862514,0.174845235403287,0.0021443452519076,0.00288281963561415,0.035318312029649,0.00740204368069795,0.576394324073858,0.0995464500325326
"8x17",0.0755125644832234,0.0663930877471703,0.0456460314612631,0.00472615866735895,0.010849175987414,0.104740121987904,0.0262005918794169,0.497364621013469,0.168567646772781
"21x17",0.185528606607271,0.149620352978272,0.0568440691780725,0.000537212076430098,0.00239629328296419,0.0740386315783767,0.0263138812824722,0.239295897984434,0.265425055031707
"24x17",0.100252520528306,0.122371718480431,0.0703039136967055,0.00181585477248669,0.00250616496315872,0.18524467619065,0.0181000679461991,0.293962407782427,0.205442675639635
"17x17",0.157613329792449,0.205041042317425,0.0903471561298761,0.0014299873056206,0.00534384742574053,0.0947569613438145,0.00431054448452897,0.329901314734441,0.111255816466104
"15x17",0.0968740180567165,0.191997998367835,0.165574790641234,0.00292837401176559,0.00821731045439033,0.114693486592483,0.0105263745908221,0.177944560117992,0.231243087166762
"7x17",0.0522618281498992,0.111108982527911,0.19016237230974,0.0096195548213785,0.0759198578462341,0.160026507934099,0.0299628734910735,0.0751156432084134,0.295822379711252
"6x17",0.043848271487771,0.073844566602621,0.15829317806209,0.00706374370551051,0.01717293631909,0.102378229297382,0.00947611225592136,0.334648849051099,0.253274113218515
"12x17",0.0449600584236453,0.255774280286208,0.107895943525317,0.0022840720666402,0.0108916518880887,0.204621585892048,0.0295141955761665,0.104591787846328,0.239466424495558
"10x17",0.128344565794949,0.0816354378599954,0.139551719565349,0.0119776189616229,0.0130293227487006,0.069242983510058,0.0132231533908807,0.435382215530267,0.107612982638178
"14x17",0.0935436526663783,0.173274110989148,0.122128204134605,0.00981077313787515,0.0229973956944649,0.0643862687272431,0.0286067101449236,0.326269842952755,0.158983041552607
"13x17",0.0935084655891103,0.135288250000102,0.0518198874624925,0.00416179601835209,0.0189259365384949,0.133454383556887,0.0359249455470793,0.323914901243382,0.203001434044101
"22x18",0.106674963739323,0.144976051489698,0.103124946577817,0.000401805238265638,0.00241382105780406,0.0961037394220284,0.0159599073830602,0.423766825939404,0.1065779391526
"11x18",0.0438895903088614,0.150397964977046,0.058624997610634,0.00221641853410875,0.0191682907721286,0.136858527080351,0.00388364400276069,0.472210769330309,0.112749797383801
"16x18",0.0878727296022698,0.125362560051982,0.0528044221509476,0.00495406827323664,0.0115582923011542,0.122395060490149,0.0150331875480531,0.461120712619696,0.118898966962511
"20x18",0.149832432890899,0.204477154947926,0.129917910642441,0.00218379345037411,0.0124276917644867,0.0908565557707298,0.00869474273811142,0.236972983262306,0.164636734532726
"21x18",0.0556776233597444,0.253922852561165,0.0682918385707149,0.00091503787110231,0.00192197720423996,0.108491804852831,0.0141411867915856,0.330822339311768,0.165815339476848
"17x18",0.0621553534803323,0.133575921988366,0.0892816170129426,0.0029935679335124,0.0115379329631135,0.103405471566766,0.015733510990239,0.382455846165428,0.1988607778993
"23x18",0.115292933943697,0.0852011066675882,0.0513867283624043,0.000544571040285944,0.00415833972390638,0.0864304380297169,0.0190017959956683,0.322690041426207,0.315294044810526
"19x18",0.104020017503821,0.201199461050546,0.0610557057412407,0.00226305917000858,0.0150073198215117,0.176359718588493,0.00347780093257239,0.29791705234729,0.138699864844515
"25x18",0.0572995238922531,0.0398144427821536,0.0248642226228506,9.53237024105653e-05,0.000904667274630234,0.0507791288640957,0.00639891969332465,0.456826915513915,0.363016855654366
"26x18",0.0277010743471567,0.0301526115202592,0.0246975711703959,0.00080679556955602,0.00221459098971905,0.0930915465810928,0.0218032008330453,0.351340009252004,0.448192599736771
"10x18",0.0164712191807456,0.0965959688871492,0.0555043620502752,0.00036849442160901,0.00126026764826763,0.0130749116535399,0.00348427745235748,0.777655481821958,0.0355850168840982
"9x18",0.0870714163849209,0.114799427419518,0.0749057109093137,0.035464497372031,0.0452761000626665,0.118814251135269,0.0256460757006444,0.382507672523438,0.115514848492199
"8x18",0.0921654686020648,0.147471340446503,0.0537890364870525,0.00533182684601381,0.00796442538471108,0.0889671225025233,0.000660554919199066,0.469306572909876,0.134343651902057
"14x18",0.246214974707964,0.1996349068911,0.0948941651176154,0.00221891781538468,0.00477817139571625,0.101099523267489,0.00442755350253629,0.281757595065727,0.0649741922364673
"15x18",0.121793463361659,0.180812830932086,0.112422034596445,0.0111799318639335,0.00987924115420481,0.12019654345191,0.0321496889640658,0.243835486588767,0.167730779086929
"12x18",0.0401101605625154,0.097298639823922,0.0303030172379914,0.0013356540328365,0.00758161827055084,0.113355930558903,0.02219042523929,0.620690154554158,0.0671343997198325
"7x18",0.152190399517299,0.101703948745929,0.108385845173792,0.0173596236607448,0.0685660062494299,0.131784639773994,0.00441014199895129,0.271470736022256,0.144128658857605
"24x18",0.0639834148323331,0.0936751471547554,0.0211955107943369,0.000387476796390141,0.00222447755346408,0.0704090487965885,0.0258693245410833,0.373152186017452,0.349103413513597
"6x18",0.0844610621588398,0.109582883223805,0.162472210438442,0.0121887114062532,0.0582690215572252,0.108888203871879,0.0390787525757541,0.176442574835826,0.248616579931976
"13x18",0.12762298349081,0.205041664711022,0.127879063271347,0.00152314921092593,0.0114053189243084,0.217222804855002,0.00885487875734737,0.163224656266643,0.137225480512594
"5x18",0.120237490659529,0.0524391992988887,0.147168207845835,0.145598322877459,0.0986742231468906,0.0637669128856865,0.0131869718585098,0.241259792232226,0.117668879194975
"22x19",0.127297309529509,0.194476153735238,0.107674017622368,0.00129541243004948,0.00279871661885661,0.0811525305855337,0.0163198675827242,0.301858443291359,0.167127548604361
"21x19",0.110866598392701,0.119843846485389,0.0320423320225068,0.000502755443438608,0.00449548218405613,0.100393127808921,0.0260377116785192,0.378837806820471,0.226980339163998
"20x19",0.102225244202161,0.170344526363865,0.0665469756167975,0.0107198830599791,0.0246000890016039,0.132411533594188,0.0389765120474392,0.326902997127505,0.127272238986461
"26x19",0.0990033849299452,0.0985356628957735,0.043406077953835,0.000137548025686006,0.00217183004070491,0.0716184869849452,0.0128638094290027,0.445561704539032,0.226701495201076
"25x19",0.025237596493088,0.0595579137020783,0.0231400161403509,0.000157799643544093,0.00142578096007075,0.0649036096714373,0.0233873808860817,0.38500236191177,0.417187540591579
"9x19",0.0687871725577014,0.0845274652539255,0.0647119444235378,0.00579888340766244,0.00828610236351777,0.0320179236948994,0.0177740671050586,0.615833520314565,0.102262920879132
"16x19",0.133282432875973,0.110438805073259,0.0658000942929836,0.00522254419704783,0.016261891231945,0.0919706243766148,0.0323862559935693,0.373542538148065,0.171094813810543
"11x19",0.0972652495934933,0.119745964187966,0.106277008284603,0.00683533306449264,0.0181084555908255,0.15142529149186,0.0200543504600636,0.359210448484455,0.121077898842241
"19x19",0.164371328291361,0.225495542896953,0.0915965236133303,0.00851779809288758,0.0304476190998189,0.219521563117461,0.0139093389772534,0.117197272274817,0.128943013636117
"17x19",0.143163191744829,0.186135083161182,0.113669978111522,0.00640457897963537,0.0341024881931564,0.151937491048287,0.06334245887849,0.101676694183574,0.199568035699325
"23x19",0.0787804082388808,0.117582533964018,0.0814421536904208,0.00339467892313801,0.00525071352973315,0.0849875166539237,0.0159852892899309,0.44875128054446,0.163825425165495
"24x19",0.101008227899449,0.0862989807243997,0.0492338729826197,0.00157222388830207,0.00938885864590265,0.0604740807200586,0.0274888734442551,0.502836451271989,0.161698430423024
"15x19",0.153653576373933,0.225007841803554,0.131880941049339,0.00089822205891469,0.00286752521331942,0.143294956781713,0.00627889028309989,0.154989234480846,0.18112881195528
"14x19",0.108971345086719,0.137586216567104,0.0421884231700527,0.00639907460269054,0.0123092629417667,0.125208881885524,0.0131301891926784,0.478738966385412,0.0754676401680513
"18x19",0.0745539301898819,0.223985683302351,0.225391332113342,0.000478855506465051,0.00072301126771246,0.140838074252851,0.00401808756247282,0.22381259077751,0.106198435027414
"5x19",0.00567276848079316,0.113151909748478,0.124813487535822,0.000752672711384672,0.00204725465136142,0.0841362531910909,0.000633888594596629,0.638372017518943,0.0304197475675306
"10x19",0.0954661397873403,0.120577100121138,0.164752535238674,0.0127941481155941,0.0153437319754738,0.104944997918483,0.0434873835811452,0.320170820305223,0.122463142956929
"12x19",0.0433993336695823,0.167867327195579,0.139362154874332,0.00417715112351682,0.0201038644139235,0.095760936207195,0.00719705397091124,0.388076298907344,0.134055879637617
"7x19",0.0638845275799008,0.071906605752602,0.141300020630822,0.0133257236603031,0.00854178295472083,0.0347576242799096,0.0193825598713143,0.556976463453671,0.0899246918167568
"13x19",0.0893683763960347,0.245486019109571,0.0713996430123305,0.0056663261906283,0.0325862544711022,0.25136225948996,0.0136903768690466,0.108461801372091,0.181978943089235
"8x19",0.05395218103653,0.199399176748351,0.116235615934466,0.0150040989553777,0.0381178874429124,0.134498724251751,0.00652016610356393,0.2560014361424,0.180270713384647
"6x19",0.0675090961221832,0.248148015622655,0.097880345857947,0.004876623135352,0.0101383726263297,0.20621815653592,0.0195652408701154,0.161372410029262,0.184291739200235
"22x20",0.107846620222288,0.330452786932066,0.0923448504536509,0.00168385649641601,0.00966862481215875,0.158534602593211,0.00874180191179492,0.161055555252076,0.129671301326339
"26x20",0.0621525953586054,0.236429198915066,0.0517487276424937,0.00132043701464001,0.00829253176750546,0.118415146481821,0.0111989198340749,0.298452716922223,0.21198972606357
"23x20",0.171555911205449,0.131278696943326,0.0268122047281977,0.000757266169842342,0.0065994749229525,0.0581676508828479,0.0144777112950725,0.361333613263083,0.229017470589229
"16x20",0.115925071129744,0.128315137160098,0.105074887734797,0.071654371994476,0.0752689517027356,0.0999876211068397,0.0124909692354099,0.249669999850511,0.141612990085389
"24x20",0.073412976498474,0.113887245703404,0.0485580935705007,0.000133433584564145,0.00114629581151505,0.0902548938210454,0.0357545651495224,0.21803644700742,0.418816048853555
"20x20",0.0789526268509708,0.139442532849702,0.0667454483496251,0.000677307722447041,0.00406166570770688,0.14195886767085,0.0152420447108614,0.371793427940835,0.181126078197001
"21x20",0.151788189787559,0.146618929819276,0.116007559714256,0.00269287004986149,0.00240943873927231,0.0480089751070396,0.0334726699881765,0.23015008314907,0.268851283645488
"11x20",0.122886855541038,0.156826105559969,0.0479629577621679,0.00660168475289826,0.0150094842041957,0.2055066593522,0.0291115313364502,0.289524514907185,0.126570206583895
"25x20",0.0339110160075161,0.17313256054731,0.0598884347492615,0.000656425128112846,0.00539387738081072,0.176057935786323,0.0106398723705871,0.276374605437398,0.263945272592681
"17x20",0.217619708520518,0.197602677286106,0.108992711016475,0.00784840994458569,0.0335169212897118,0.120649964518264,0.0203956715157452,0.179923542435313,0.113450393473282
"18x20",0.119609652301329,0.204397962459982,0.0586531731134843,0.0102927427093803,0.0847438162600648,0.152577716708427,0.0146853048171932,0.258570302800214,0.0964693288299254
"19x20",0.0861832742315615,0.232898420961455,0.0625459104230095,0.00165071785653091,0.00671551315497416,0.134791069182189,0.00675529259792617,0.265834992951651,0.202624808640703
"14x20",0.0463031837612922,0.0865197365382169,0.0430449402351136,0.00176897753000993,0.00460071528074185,0.113434447789636,0.0207722642662424,0.531975667887926,0.15158006671082
"8x20",0.0760189562481601,0.0997452601539539,0.134406143175689,0.00321350191030105,0.00861617915869514,0.044798471199026,0.0112702977787305,0.523645850039764,0.09828534033568
"15x20",0.130964974909482,0.145898853831647,0.0678759206897914,0.00462895528090719,0.0192177835288267,0.112787632776046,0.00810728458394275,0.368700841104884,0.141817753294473
"10x20",0.0575386342119495,0.0659367919974647,0.152779751886007,0.00435717505465024,0.00618280278067028,0.0729029038146776,0.0289166106390466,0.470426386005735,0.1409589436098
"9x20",0.0502706248847709,0.0587898531084145,0.0332824091034031,0.0155934449210109,0.0200384097769103,0.0481184499649844,0.0163854459729971,0.669927651429369,0.08759371083814
"12x20",0.135642992481866,0.126336094002762,0.074308612169884,0.0101802735863318,0.0260374832635276,0.148217728516113,0.0123685173503089,0.31419146496088,0.152716833668327
"6x20",0.0380145287152489,0.136847312504959,0.065395683495805,0.0352710231668348,0.0392225645362294,0.114304962016797,0.0184585226080421,0.489515062975624,0.0629703399804595
"7x20",0.138548179901516,0.150919409428889,0.182778590431958,0.0173006138405764,0.035101996306348,0.0762540629119438,0.0334156890033835,0.208474616815103,0.157206841360282
"13x20",0.0471206207934191,0.0613285367643124,0.0361398295875341,0.000153212211278137,0.000653604617217757,0.071239691865984,0.0277392297715201,0.541141198596727,0.214484075792007
"11x21",0.0935871752896576,0.131030214511605,0.077942983238966,0.0157291690224173,0.0162678464081354,0.1219045589446,0.0141824036447009,0.387690556848593,0.141665092091325
"19x21",0.140340289229621,0.184815274321808,0.198055681791206,0.00229772304835519,0.00388956466610955,0.117626736909349,0.00486884345379186,0.234205298912482,0.113900587667278
"26x21",0.0577652844326483,0.230773096659699,0.0618173325644153,0.00548814414312722,0.0101379190392226,0.0760284243920726,0.035518785363445,0.318196420326255,0.204274593079114
"18x21",0.0607562983530905,0.130200623623127,0.0980485156216282,0.00694909694749887,0.028994611016805,0.0970957410115188,0.046774715333887,0.377399040615767,0.153781357476678
"22x21",0.0997651826561058,0.239439885116806,0.0588878255158862,0.000514452882474319,0.0055793523009285,0.167258307041543,0.00551047037325939,0.248853610947201,0.174190913165795
"17x21",0.115872015192013,0.180468903222225,0.117843831729193,0.0118368314258435,0.0283627211396497,0.0930279135279611,0.00985714306751512,0.351294058525593,0.0914365821700059
"20x21",0.0962147003311215,0.224118611886375,0.06747045197246,0.00357645736714779,0.00876955417886902,0.0866871967319367,0.0239055725639761,0.247334183408077,0.241923271560037
"23x21",0.0572847084267804,0.0934893344406578,0.0211898248710074,0.0014714690767,0.0029791761366973,0.0580508053743286,0.0189075426034415,0.417173234199842,0.329453904870545
"25x21",0.0511013245305735,0.0957968174400799,0.0301958344859241,0.00117260910221869,0.00352370659452974,0.08251935932331,0.0247364792858279,0.502399813990046,0.20855405524749
"16x21",0.0968889802686493,0.157727305964334,0.0890727695333199,0.00298038282992206,0.0207377474815852,0.121214640663211,0.0401253672542372,0.325566362651878,0.145686443352864
"10x21",0.0502564506498478,0.195314379634258,0.0721886337684669,0.00301622861636644,0.00369661910345389,0.0426899655135847,0.0172010274570965,0.48572432975105,0.129912365505876
"9x21",0.0428718432346771,0.0635441956823723,0.0171358359181322,0.0269894095999414,0.0231735060743308,0.0469933425633013,0.0514238156931272,0.598428027206571,0.129440024027546
"24x21",0.0518987165856435,0.0935750381123498,0.0307117332002446,0.000759057121348564,0.00135538215808088,0.0748020737801606,0.050734362176201,0.356792908534718,0.339370728331253
"15x21",0.0228069229642561,0.152445426423749,0.0930501174039194,0.0142893269853531,0.0100567306740756,0.0739775106467324,0.0196723668291235,0.462288565804621,0.15141303226817
"6x21",0.0397709276195062,0.140426497125097,0.0780446124768616,0.00147976552562459,0.00652294389740691,0.0894477560441723,0.00209571669739717,0.587546990633796,0.0546647899801378
"14x21",0.0833460949354152,0.125872128083708,0.0477770218067287,0.00155760932960007,0.0130588346772529,0.0761209805125349,0.00833054253637478,0.479667894421637,0.164268893696749
"21x21",0.0918764176544738,0.17223793005279,0.0419269494605123,0.00047991735431852,0.00420480218237032,0.0997418201639383,0.0100254481397773,0.361598637633527,0.217908077358292
"8x21",0.0666457870959344,0.143168043118187,0.073699686455465,0.00174499312051642,0.00873001925811436,0.0620093673964953,0.0274084070532764,0.500520713375705,0.116072983126307
"12x21",0.111826192233386,0.107079960084657,0.0986399706091323,0.0030090896585043,0.00953405468666694,0.109477312855193,0.0236970254709894,0.376894296838369,0.159842097563103
"13x21",0.0650380889021475,0.0937140978221783,0.0816737918681475,0.00382721032271832,0.0110842005300985,0.123604685657271,0.0405596213117271,0.356256961039367,0.224241342546345
"7x21",0.117483505105378,0.131809099057543,0.152253576299866,0.0122268802478757,0.0155356971780492,0.0473165419941842,0.0190797479087836,0.363008018833291,0.141286933375029
"11x22",0.123949955729109,0.125404838917107,0.0915131215139836,0.000648646882886211,0.00621042864396748,0.0643923903967644,0.0450941401942315,0.340039343970372,0.202747133751579
"22x22",0.114577285519656,0.212272873675949,0.139005736531631,0.000523352897024086,0.00220019690673317,0.0876083666127755,0.00752935775026153,0.340279296807921,0.096003533298049
"15x22",0.127414047603817,0.208091256244528,0.12736510820902,0.0226982108931216,0.028763863978165,0.105438334643077,0.0235397987522827,0.146482968009322,0.210206411666667
"19x22",0.16126421137048,0.233530689693103,0.039330249011216,0.00885393279174591,0.00529880594632294,0.172833433959461,0.00413663673204479,0.278576118800031,0.0961759216955945
"16x22",0.164566145839496,0.0964958754632924,0.104816915483466,0.00202845302807,0.00468933659854801,0.0681837732234969,0.00217968241656121,0.437928069683746,0.119111748263323
"17x22",0.0834450579632436,0.118181135709443,0.109032040903497,0.00113483450777516,0.0031966335644357,0.044052501587742,0.0230000648828356,0.41994861264706,0.198009118233968
"20x22",0.0676886549151831,0.0686456914907938,0.0605454271171536,0.000456253608746977,0.00281244894411964,0.0407423594476651,0.0411843942104535,0.384410416270501,0.333514353995383
"18x22",0.0671600085468467,0.149656334345541,0.0765450285398031,0.0341896201126255,0.0554014758753167,0.0500079369998839,0.0376585670033395,0.356281164049454,0.17309986452719
"26x22",0.0361446528967344,0.151241170601922,0.0602889213848731,0.000599158317147939,0.00322875921183986,0.192194507248378,0.0226541508061461,0.160369397185468,0.37327928234749
"9x22",0.0474191568136729,0.057370698977171,0.0984087030448116,0.00100860285340008,0.00416186766311953,0.0138348858624105,0.00611461727960165,0.68871299244246,0.0829684750633525
"21x22",0.0470510886348081,0.203478788019112,0.0844165120011504,0.000210756756332278,0.0013799652348778,0.11457427629032,0.0063323300346345,0.446459608038034,0.0960966749907302
"7x22",0.0527787174629478,0.153386621798116,0.0886866130726528,0.0023691490787451,0.0136188457744726,0.133944076226459,0.00957888847252162,0.430332336772092,0.115304751341994
"25x22",0.0590294696264168,0.126117571855957,0.0555163919998046,0.00163280586016747,0.00819488332964705,0.0810199981498356,0.0164505112191143,0.42545234667243,0.226586021286627
"23x22",0.0696568916657851,0.170057751838066,0.0698676529113161,0.00268435241570091,0.00748078908964775,0.0811956224954667,0.0123834220017721,0.441703742314701,0.144969775267544
"8x22",0.105625565005289,0.12675670623801,0.0298654149822587,0.059597163185978,0.0430515812709321,0.180255026845087,0.039221738933356,0.190184269347244,0.225442534191845
"13x22",0.100827890081911,0.0291853347084954,0.0367762952414224,0.00149619146023389,0.00396152565069307,0.0353774378567016,0.0285811681938587,0.49691241552984,0.266881741276845
"10x22",0.0516283329764268,0.162948366482792,0.0197310150035536,7.03977712293194e-05,0.00117508045634094,0.0610436635793899,0.00605640429030245,0.574810488769107,0.122536250670858
"12x22",0.0402817744686855,0.0892273388916679,0.030092469816626,0.00208595472999811,0.00926406363613379,0.0341635882122522,0.0465508565989902,0.500172976705815,0.248160976939832
"14x22",0.0606331424585244,0.0461605699951619,0.0182118809250094,0.00194873803021051,0.00409779008436012,0.048185114064179,0.0192275047792251,0.535180086121174,0.266355173542156
"22x23",0.0724927744456963,0.248651531412145,0.0798059083433967,0.00284212775067159,0.00854832199028,0.117712950968754,0.0227138191391939,0.229273948522102,0.217958617427761
"9x23",0.130862036354947,0.242301006232677,0.0588728057898264,0.00439787273781673,0.0280297322445744,0.10491750668338,0.0264432209679302,0.156546410972379,0.247629408016469
"20x23",0.0764969322859881,0.23097532659405,0.0564252723352935,0.00160243309229918,0.00879707061861627,0.0948627845254534,0.0115748978044675,0.390564137804269,0.128701144939563
"25x23",0.0352064204185255,0.0561451921638696,0.0206119513321998,0.00342096282858812,0.00870205655544797,0.0791031008052324,0.0397605947336596,0.465291922469676,0.2917577986928
"26x23",0.0711068697470497,0.0582883418080406,0.0754181237085642,0.00296042988365045,0.00527902580840811,0.108144713009524,0.0299052617893673,0.246335337221413,0.402561897023982
"11x23",0.125720554331446,0.125569439730884,0.112142461719563,0.0128064227691468,0.0177890690895186,0.0769222197698718,0.0309710482265349,0.302978896350727,0.195099888012308
"17x23",0.0968133212850821,0.077860446622269,0.100149314793172,0.00122365109555754,0.00711336654996688,0.0533140189632367,0.0234986443214191,0.34563964163118,0.294387594738117
"19x23",0.126452568238841,0.202762672067144,0.165592458062946,0.00350462060162511,0.0106016984449419,0.0923009083491959,0.0166093243936671,0.24339364536924,0.1387821044724
"23x23",0.0709897827293008,0.119057200986707,0.0249256451766945,0.000305428599548912,0.00098591515139441,0.109274815946323,0.023222520773902,0.346695822653629,0.3045428679825
"21x23",0.0929908957333925,0.237957595340728,0.097298355402376,0.00485127994123226,0.022062065442246,0.063917070587213,0.00939612733952092,0.328024505260281,0.14350210495301
"14x23",0.131340689911132,0.074631974714114,0.0885570392352972,0.0279218668347638,0.0640981774436734,0.0830650488984741,0.0753118769174228,0.226028784438676,0.229044541606446
"18x23",0.0468408325328636,0.118022189018605,0.24764752399641,0.00411082435573283,0.0273834491840994,0.104507394501519,0.0358683294723712,0.274780024039685,0.140839432898714
"12x23",0.0485416574252758,0.0951225621951465,0.0839287261271202,0.0105371282408231,0.0157441953789368,0.0441302606619167,0.0524227634730637,0.441263597116762,0.208309109380955
"16x23",0.106795440721383,0.0920705443945061,0.101805647331901,0.00066267816041058,0.00228165032888405,0.0792571145913331,0.0062281864232777,0.414114289002066,0.196784449046238
"8x23",0.137034585785344,0.102219900143993,0.092890059853472,0.0274009549447187,0.0283347416829278,0.0765311180971292,0.0187817858261995,0.434843313809327,0.0819635398568891
"15x23",0.0527285237566149,0.106182472283376,0.178148974937828,0.00268263861500561,0.00755614325113903,0.0797154761438452,0.00955252306009388,0.428812773721885,0.134620474230211
"7x23",0.153316156960571,0.107797711906053,0.107380054883118,0.0184175369071397,0.00957336369602809,0.064067655813745,0.00399642517934922,0.326020215831931,0.209430878822065
"24x23",0.156800432317176,0.118912785840493,0.0512612158222625,0.00183474407410457,0.00533988744492487,0.0711519344426422,0.0491043109973795,0.275453057855849,0.270141631205167
"10x23",0.147594189181559,0.0854379568957309,0.0480490121089412,0.0191530285082678,0.0273584936733197,0.0911692974777366,0.0474161225617672,0.396274530729312,0.137547368863366
"13x23",0.0421408372838086,0.0565485077008519,0.0278872446061972,0.00296281669050913,0.00607034319392293,0.0229660708150823,0.0401342671000089,0.430188279481177,0.371101633128442
"22x24",0.0446737233512526,0.0673928261812536,0.0551394077197606,0.000921210641204988,0.0023691807651065,0.0431774249345987,0.0140891012279882,0.682282869750901,0.0899542554279333
"16x24",0.0783716039100018,0.121887190489022,0.0565480585240549,0.000336713697774738,0.00143363583252494,0.0441806091356565,0.0104926144179396,0.286727717036355,0.400021856956671
"20x24",0.276304160275326,0.248278075522765,0.0532214625493955,0.000180092705461809,0.00281543177239156,0.0895366275010291,0.0135610549762475,0.165179484894522,0.150923609802862
"25x24",0.0546619668380554,0.0867912337715817,0.0142697350946121,0.000250983438032396,0.00121581184580578,0.0448640484145441,0.0283178666512786,0.549058761476122,0.220569592469968
"26x24",0.0695051217049191,0.199166083311598,0.0301101547812505,0.00292669007221038,0.0109818784670661,0.110886430139801,0.0285688877739538,0.242624951688468,0.305229802060733
"11x24",0.0720952363959874,0.0811786360078663,0.0963418116503596,0.0112247937267173,0.0221120714271354,0.0643292337095252,0.0767446838743547,0.412791840439254,0.1631816927688
"23x24",0.0896359413520734,0.127357194971544,0.0449068552583289,0.00146488073235298,0.00293923629420807,0.0545628882869982,0.0826445852607971,0.388095081330479,0.208393336513218
"10x24",0.0551003586730687,0.0763840903374411,0.0229894537633755,0.0246198800981061,0.067038524111363,0.0519442620467621,0.0393831755910203,0.535205489810547,0.127334765568316
"9x24",0.0512788085655805,0.0686635453192932,0.1375343955046,0.0422023972039502,0.0460012987761498,0.0584443887346891,0.0394629494550124,0.336537342852908,0.219874873587817
"21x24",0.054847366232949,0.173847200482137,0.110052535155804,0.00110220627085959,0.00146072019338321,0.126637447551002,0.00874784605018562,0.414684850423515,0.108619827640164
"8x24",0.117071312868251,0.15170632245503,0.0534094942015785,0.000609703786383556,0.00297283679439072,0.0787421257557985,0.0319371534920091,0.33953951692416,0.224011533722399
"15x24",0.111982205097704,0.15163411435474,0.0877128052394187,0.00389251342449767,0.0157676620689906,0.0787921220645382,0.0464054595606276,0.296369817950089,0.207443300239394
"24x24",0.0984645855247522,0.0968106201089619,0.117238090606684,0.00189099298007562,0.00314733628886186,0.0982315824129062,0.0456536641566145,0.324679695503444,0.213883432417699
"14x24",0.0742172280845017,0.234305407011669,0.0648001755753782,0.00104247902158479,0.00236486074998953,0.0762676216771798,0.0467734430163802,0.249133379824783,0.251095405038534
"18x24",0.144444923057353,0.240626413209937,0.223671348171693,0.0026909733330371,0.057081741144804,0.11736488619176,0.010685596111062,0.0662343542369187,0.137199764543436
"17x24",0.0773733091573822,0.132072748197059,0.0671553312309928,0.00121836604822883,0.00442857501449909,0.0871784849382804,0.0142678127896012,0.398814864972473,0.217490507651483
"19x24",0.181209087909536,0.171073060828879,0.0810542734943904,0.00317174337453768,0.00963879173607116,0.0813028590562669,0.00548790364382563,0.409300972397362,0.0577613075591312
"12x24",0.158103186465311,0.121519261309737,0.128815268070906,0.00383964284369367,0.023704701625433,0.0898568286333801,0.0192438292125549,0.217113969058241,0.237803312780743
"13x24",0.105923353100437,0.140915336591365,0.174462592306498,0.00685768917538439,0.0128701590094182,0.041387481669832,0.0311317865135699,0.330636851369572,0.155814750263925
"7x24",0.209610298802012,0.175457285392889,0.0445088594664427,0.0025612171021272,0.0163065536784788,0.0545670209381557,0.0212178897265905,0.328400311371722,0.147370563521582
"22x25",0.0890142613177748,0.096483162280004,0.0776017731967294,0.00595507676883847,0.013037770866962,0.0878090593828486,0.0220368078353959,0.312696531567812,0.295365556783635
"20x25",0.150657053063231,0.15012093730873,0.0709610440546421,0.000962279822380421,0.00680811666903954,0.12309281288285,0.00692670068977073,0.311741408206668,0.178729647302688
"16x25",0.0430599112090328,0.199761776160304,0.0250007035355041,0.000714850709294753,0.00283693982167014,0.0817065793431783,0.0240589432983907,0.404317593333325,0.2185427025893
"25x25",0.145929341224986,0.0788549017870133,0.0453673126026474,0.00431664842953764,0.0156428834689103,0.109059322507014,0.0501645654378538,0.311182814011817,0.239482210530221
"11x25",0.086505283521742,0.145513896603308,0.117005490357507,0.00903351337389333,0.0216507746738395,0.150222554515979,0.033175888091233,0.249706707219001,0.187185891643496
"19x25",0.0868986144503518,0.180901373321689,0.165761300900873,0.000720867323989918,0.00723491495086127,0.111011157228188,0.0141563788777999,0.303590321828951,0.129725071117295
"9x25",0.026838205352745,0.0873187470192211,0.0910688158989305,0.000895861139620734,0.00182166720237176,0.0381338229277721,0.0132744643374237,0.658662343686456,0.0819860724354588
"18x25",0.0868706222790533,0.185103978767961,0.101960984826002,0.00477974238693336,0.0107226472254313,0.0819907747926121,0.00459167770538917,0.461258878238654,0.0627206937779633
"21x25",0.111823263265739,0.172753920472864,0.139098190053,0.00499512784969387,0.00936524058267938,0.0845120049849003,0.0125621763632081,0.305161612618876,0.15972846380904
"23x25",0.170393714598876,0.140565176160146,0.0919259843231573,0.00128786304349277,0.0151818248939172,0.100197843675177,0.015326945085206,0.253318362260282,0.211802285959746
"17x25",0.0418357756604609,0.185694972591146,0.0474140486775375,0.00107793473779226,0.0106760321302435,0.0752590991363803,0.00331233204937602,0.58152032325049,0.0532094817665741
"10x25",0.0403364975883271,0.0717582247138177,0.0400726070065237,0.00318178152251677,0.00725491149935373,0.0483819300204846,0.0139744111892112,0.687179304968992,0.0878603314907732
"12x25",0.0895813498012251,0.124888370614818,0.0872073780568496,0.0064881393285055,0.0160516228603493,0.0931003269371395,0.0685758131438074,0.151712758122339,0.362394241134966
"24x25",0.0949158740438994,0.135161884260073,0.0590920654672356,0.00072832808580497,0.0033843692844473,0.101265225376591,0.0349689474153205,0.179267450750706,0.391215855315922
"8x25",0.0277013330467065,0.108360061029191,0.0363175290279433,0.0164305539608068,0.0102658920779514,0.0541473847086858,0.0299671588475085,0.582800335884058,0.134009751417149
"14x25",0.176352332367636,0.117351372129834,0.187530618150157,0.00236434783643671,0.00562135718767382,0.0361350977550646,0.0212339657123632,0.333898963752725,0.119511945108109
"7x25",0.102105674741824,0.149486135448404,0.0668773807675724,0.0165450335069866,0.0317840081270462,0.0928185718842775,0.0198757710359805,0.401268456021185,0.119238968466725
"15x25",0.107787612680318,0.180892607265337,0.0629982972323627,0.00108816487025154,0.00880786305106783,0.0777988019599662,0.00987176360347587,0.433246261950925,0.117508627386296
"13x25",0.245046278656892,0.103213638217543,0.136901874371037,0.00828237961843817,0.017691770272084,0.103772989586541,0.0166068763721339,0.233621806677965,0.134862386227366
"20x26",0.0653742873167412,0.248128953516947,0.0867692708678902,0.00157421350078368,0.00650343804563513,0.146210532420603,0.00746445824768913,0.312636910818128,0.125337935265583
"11x26",0.125185392063355,0.131728575630003,0.050818877166995,0.00150032586212242,0.00382861528213268,0.0687881938686596,0.0184585170162896,0.32307548029735,0.276616022813092
"22x26",0.122645926623709,0.180598775152574,0.0527696774561161,0.00164566265011795,0.00938562302158918,0.117201384522092,0.0181287734658664,0.304257729209112,0.193366447898824
"23x26",0.11838185780599,0.155992226210657,0.0536673014373657,0.00473934197359776,0.0158196606172181,0.0814292476968074,0.0177674250898564,0.40782965002055,0.144373289147956
"25x26",0.137530340849919,0.145531931132638,0.094111920408573,0.00788243153854638,0.0224052195394493,0.136525798447829,0.0247926425927267,0.238478739925799,0.19274097556452
"18x26",0.15446865242195,0.248886843135833,0.0703187277834482,0.00576411497905145,0.012134241165583,0.0664603704912181,0.00610286972423421,0.33922575752824,0.0966384227704423
"21x26",0.117745954553831,0.0971131584362509,0.0756335831788305,0.000961221322263561,0.00710413709911268,0.109079896658632,0.017822087812082,0.391477355087506,0.18306260585149
"10x26",0.118881207066823,0.127944685816896,0.0602738916935123,0.00247816470761826,0.0113577290175647,0.0634523285386098,0.0325149127394184,0.34925617922504,0.233840901194518
"16x26",0.1785949571806,0.147746500836244,0.11383737483044,0.00203985346188972,0.005321482337369,0.109186504956436,0.000847400158964857,0.382114530529755,0.060311395708301
"17x26",0.106541075396738,0.156460874842014,0.0386588410369543,0.00682425436127443,0.0267296636934946,0.0922260015916684,0.00954738378428276,0.511617098338305,0.0513948069552682
"19x26",0.105587193847648,0.157005392756145,0.0747994313522905,0.013268198152838,0.0325036900960846,0.108662981895089,0.0134268564612637,0.342618989248115,0.152127266190526
