"","Endothelial","CAFs","PVL","B-cells","T-cells","Myeloid","Normal Epithelial","Plasmablasts","Cancer Epithelial"
"11x5",0.00303499178892923,0.00451580321081154,0.00130851977917232,0.000136447263506799,0.000297652083596895,0.00563361108333793,0.00107750284545872,0.97188115366884,0.0121143182763465
"9x5",0.00070143578504499,0.00298372859975539,0.000677440055264709,0.000280165913123616,0.000516202526646344,0.00381489193252074,0.000214471934081303,0.989039777633648,0.00177188561991511
"10x5",0.00488858602909343,0.0145173822416193,0.00463446182873495,0.000306648377843775,0.000638517560886822,0.017116793706739,0.00224202112005543,0.906831728458017,0.0488238606770109
"8x6",0.00273667116355985,0.0104023772155999,0.00230543146526758,0.000151773540932104,0.000405824830434313,0.0111434371932644,0.000575735298620019,0.944320184424522,0.0279585648677994
"11x6",0.00578669902883141,0.00660670376935108,0.00280358176915484,1.95512997358875e-05,0.000309706685027641,0.0214982177148323,0.00110891607088223,0.880586044904956,0.0812805787572284
"12x6",0.00821825507948458,0.0206324743218179,0.0025144264387481,0.000401035783053573,0.000838010624920953,0.0179275907585316,0.00166409683270083,0.922803293615649,0.0250008165450939
"9x6",0.00293055787842411,0.0100399902219607,0.00249452764330048,0.000254820206458848,0.00157508383583216,0.0178830087517736,0.00107322622785368,0.954220368263115,0.0095284169712811
"10x6",0.00200542056525186,0.0076259462890038,0.00149539021318324,0.000180119603385146,0.000484458584290316,0.0117576703060519,0.000219918155000056,0.973995232413248,0.00223584387058602
"10x7",0.000715825364405567,0.00433817999106672,0.00110705592892137,2.74176895590034e-05,0.000131043799856428,0.0101341560837376,0.000288327213306944,0.981699795094347,0.00155819883479951
"11x7",0.00627079999595937,0.0170581235326207,0.00250942045656954,0.00046473347152538,0.00187030142291441,0.0133039559919458,0.00110843551566314,0.944215813878162,0.0131984157346395
"9x7",0.00391120268974819,0.00925512583795776,0.00173441318089169,0.000181429573164394,0.000947269262423189,0.0094219501322344,0.000717684258831756,0.965220578031897,0.00861034703285161
"8x7",0.00459123704649838,0.00459385430142749,0.00223764919298819,0.000174021411562316,0.000605748580266384,0.0102437976452697,0.000556231358934162,0.972069326713538,0.0049281337495156
"7x7",0.0058175842903334,0.0161144987521137,0.00667056739934608,0.000573582602695012,0.00100547282603233,0.0240817043973781,0.00255154596619369,0.898051913968005,0.0451331297979025
"12x7",0.00560447135905527,0.0147503367821565,0.00553257862535695,0.000428932311371223,0.00152830501976942,0.0438816546437814,0.00208667188810762,0.904295690270607,0.0218913590997942
"13x7",0.00834753068290749,0.0330844230736926,0.00340412935985531,0.000302803449778154,0.00109975804041941,0.0263433567840774,0.00155994395370385,0.906642324090529,0.0192157305650366
"7x8",0.00456106876591117,0.0124183154410715,0.00249061060943777,0.000853620668020346,0.00232648750227346,0.0172379191386124,0.00131701553999928,0.949497530003088,0.00929743233158603
"11x8",0.00246143053861408,0.00980343013083607,0.00234696438936993,0.000219909204477574,0.000996043171802358,0.0226915390969573,0.000572626837689233,0.943220304974838,0.0176877516554154
"8x8",0.001782997189391,0.00806137443568618,0.00146041533714667,0.000277540435921487,0.00102635103895352,0.0121867861028313,0.000916499770520095,0.970086234973365,0.00420180071618478
"9x8",0.0121159135135608,0.0227449081524176,0.00894377579666698,0.00180277448467128,0.0060340529982586,0.0455587074823381,0.00428347700990675,0.846844496333422,0.0516718942287584
"10x8",0.0101332455097335,0.0141757492591371,0.00378956850411542,0.000444447803815823,0.00161673901788338,0.0223411624729885,0.00404792217373645,0.894069006901023,0.0493821583575671
"13x8",0.00592506057393214,0.0108359362914149,0.00165995330189388,0.000138574811731299,0.000677519013664791,0.0116196553483912,0.00124043598724638,0.875032675569069,0.0928701891026567
"14x8",0.00414105121665699,0.0105745994710582,0.00245628352428736,0.00016066981922015,0.00120412424135656,0.0231060410274212,0.00421101532859972,0.836841285567001,0.117304929804399
"12x8",0.00736032249471551,0.0209135031639264,0.00685670658777123,0.000318267277606307,0.00144377318575197,0.0248843101039132,0.00333681166886318,0.901856022656997,0.033030282860455
"16x9",0.00432675765452552,0.00899609714260298,0.00644603137507158,0.00023433962329949,0.000517204148388227,0.016774101113667,0.0016505418384957,0.896020121993011,0.0650348051109383
"9x9",0.0044078405362934,0.0138682619422888,0.00393850321553305,0.00057539033352258,0.00165912890641031,0.0283915920073218,0.000450774882893997,0.944011355502417,0.00269715267331923
"11x9",0.00092982226936221,0.00346873675306251,0.000366945434346732,5.10077758027374e-05,0.000285888565797615,0.00254705367375786,0.000165021538913998,0.991654177898837,0.000531346090119737
"15x9",8.41610570568456e-05,0.00151061013810938,9.5775473030698e-05,5.9523307200109e-06,8.40076608568386e-06,8.11330561056127e-05,4.69220383679579e-06,0.99817452503888,3.4749936174544e-05
"8x9",0.00495442141245361,0.0156387247791016,0.00370248246636495,0.00189549507015392,0.00274653451410282,0.0243597520409622,0.00374635081567247,0.934653722303809,0.00830251659737974
"7x9",0.00185859713973942,0.0112856968414156,0.00213119351026913,0.000363019283469982,0.000814733310199687,0.019496080054561,0.000759178245098123,0.961500313360387,0.00179118825486037
"6x9",0.00552357649159674,0.0143465899991279,0.00351120035221206,0.000659344928639118,0.00107222598503897,0.0216021030641343,0.00110112117528789,0.93986231865343,0.0123215193505334
"10x9",0.00360836486268062,0.0134119008311344,0.0033063041964571,0.000452171796484684,0.00135691196839597,0.0137652895774261,0.00135748407680657,0.952751388947893,0.0099901837427218
"14x9",0.00586228204187458,0.0046211527282192,0.0032303434108474,0.000188456224084253,0.000753406436629927,0.0112380546379451,0.00440682385677325,0.867105870445429,0.102593610218198
"13x9",0.00993402113189403,0.00811989805086864,0.00356371110592903,0.000535555605139413,0.00160990325682262,0.0259481636337519,0.00356683243055851,0.828839967658399,0.117881947126637
"12x9",0.00081338905405506,0.0015841417234465,0.000386714143513578,6.99075264825141e-05,0.000247979618324062,0.00442322065540509,7.86286679451727e-05,0.992170209068356,0.000225809542471614
"10x10",0.00363548943676535,0.00772019211838922,0.00256516663676822,0.000137679880599947,0.0004311087044635,0.018860812533821,0.0012402660453941,0.918370668746383,0.0470386158974159
"18x10",0.00818190053537584,0.0107863764797719,0.00979671352189321,0.000398694954955085,0.00279323148279707,0.0282349723602944,0.00362917432197648,0.885793183754673,0.0503857525882631
"8x10",0.00107244653429975,0.00905483960501781,0.00174111712483597,0.000225006010372506,0.000627832914834884,0.00920439441257128,0.00034863653862222,0.974746801735265,0.00297892512418091
"17x10",0.00178861618430594,0.00403258831685574,0.00119193799575106,0.000141835146948081,0.00041754329754432,0.00826502396054416,0.000572137849555415,0.962826044088717,0.0207642731597788
"16x10",0.00466390956071318,0.00717696023148315,0.00284166703039551,9.0881259309996e-05,0.00101570172588828,0.0207053412009024,0.000745802867643419,0.891023704186616,0.0717360319370477
"11x10",0.00166075139344357,0.00389093903325225,0.000829667245488129,8.70685999258154e-05,0.00023011247590734,0.00468953999541432,7.03709925974096e-05,0.986528733240101,0.00201281702387009
"5x10",0.00280717212718849,0.00997707062592224,0.00317337636180854,0.000218576064665543,0.000394297715687207,0.0106223104758323,0.00045376742231209,0.969190053444004,0.00316337576257972
"6x10",0.00504608798897946,0.0156284479870967,0.00434854933975645,0.000605983825751564,0.00137814292851304,0.0136126465284213,0.00113176179693749,0.951063271736064,0.00718510786847966
"9x10",0.00174423748867298,0.0119228908449713,0.00211049793714485,0.000153031863682411,0.00052302180133649,0.0201403416396192,0.000288121942263404,0.961064284628156,0.00205357185415316
"7x10",0.00247286660417185,0.00627184997720273,0.00285704155169834,0.000397346186979953,0.000480863754587404,0.00745890112493224,0.00108818225997912,0.972654092289572,0.006318856250876
"15x10",0.0145200570462569,0.00955373062632183,0.00545371333047885,0.001014451961516,0.00268291519797871,0.0231600344663083,0.00244367131689412,0.860568094136618,0.0806033319176271
"13x10",0.00734151404561534,0.0312997667056584,0.0101596304601577,0.00127546338380451,0.00308240627038743,0.0608564096206946,0.00168986879339455,0.864063163626533,0.0202317770937548
"12x10",0.00314447141146579,0.0179009985101221,0.0058182235684623,0.00174449184337476,0.00260695584496155,0.0242197297284649,0.00121863780830007,0.928968745834154,0.0143777454506949
"14x10",0.000480588516103585,0.00192509545159183,0.000647609194092529,3.39055617034205e-05,0.000167095775951363,0.00732042643219083,0.000448613801625641,0.977712409925153,0.0112642553415877
"18x11",0.00114147199706676,0.00284365250417308,0.0011254990266083,8.70510879757615e-05,0.000226005989072421,0.00741454997562125,0.000242615978897814,0.985787647136888,0.00113150630369686
"16x11",0.00472551368592891,0.0127551158616804,0.001733558721205,0.000124012945819814,0.000501841285634605,0.0385383815665093,0.000230054159456027,0.930671583034297,0.0107199387394685
"4x11",0.00553378909406833,0.0236046442305412,0.00525271587442669,0.000375955401442971,0.000589361816912239,0.0348372708464904,0.00081499049884207,0.921137898359864,0.00785337387741193
"5x11",0.0194604510074364,0.027656942126388,0.0105013515785448,0.0024591839819563,0.00747425520188252,0.0328970791046908,0.0020131217706471,0.876903938138059,0.0206336770903954
"10x11",0.00654077319041065,0.00764152674092147,0.00272003722868887,0.000248056012992763,0.00136011380454145,0.024410320391163,0.00153170693305613,0.93384629709637,0.0217011686018562
"15x11",0.0036078099113193,0.0172945276540075,0.00402737563223507,0.000893435933185648,0.00611662261159911,0.0573379869507992,0.000644771821718489,0.901836898643488,0.00824057084164762
"8x11",0.00275216389281847,0.0066180253668538,0.00209430727576549,0.000367815060181192,0.000522733360584063,0.00939270377149082,0.000469933187448235,0.974800837624843,0.00298148046001502
"17x11",0.00744402215373726,0.0162629859140055,0.00872606517630637,0.000511446538238709,0.00475443637416614,0.037313209598591,0.000750810991082471,0.892608186354961,0.031628836898912
"9x11",0.004814394120099,0.0121717717017346,0.00264260709906307,0.000193249869909641,0.000578324281847177,0.00867445453397707,0.00041400220551043,0.96823849598457,0.00227270020328877
"19x11",0.00118987564419746,0.007809840176711,0.00213048116750825,0.000125414507507498,0.000362798174891592,0.0231792087424434,0.000477530798969992,0.963097555831109,0.00162729495666163
"12x11",0.00641524481118125,0.0105434474991638,0.00215784005933126,0.000364962402795353,0.000854931492658393,0.020901094694387,0.000306120974401751,0.951521644052082,0.00693471401399892
"6x11",0.00560362195063756,0.0175116556066231,0.00121659812482666,0.000786929637855349,0.00304493497529785,0.0129106181065616,0.00151541604489151,0.948337912901224,0.0090723126520819
"13x11",0.00519250267006999,0.0112163932288932,0.00415315562686691,0.000427167160654066,0.00151895905743416,0.0144901305944231,0.00122453339460793,0.936860798705705,0.0249163595613454
"14x11",0.006277956304693,0.012693764163142,0.00479942443532487,0.000615097223658881,0.0019338900236861,0.0284663545595827,0.00306338669391136,0.894625763504031,0.0475243630919703
"7x11",0.00574468372114311,0.0146368661242564,0.00379089133865981,0.000553586366182469,0.00134759144050368,0.0168244623872196,0.0015057234361389,0.950476995523154,0.00511919966274223
"10x12",0.00202491846494338,0.0062009541552421,0.00120214141667774,0.000441467865645343,0.000512083669412901,0.0233565848543753,0.000109524622879447,0.963796685251215,0.00235563969960841
"11x12",0.000794433121976993,0.00301358441216486,0.00109044727405524,9.47643784396016e-05,0.00032712109809417,0.00716649781903037,0.000136639433726247,0.985280372467649,0.00209613999486392
"16x12",0.000772355297991636,0.0030191636655833,0.000951269338514261,5.87426953690398e-05,0.000315926822149038,0.010118282085101,0.00012457294159418,0.983881311236165,0.000758375917532254
"21x12",0.00269572707107213,0.00748784379871839,0.00310577761734523,0.000300706040707435,0.000458162347224426,0.0159892357642266,0.000228743724115607,0.96727564297875,0.00245816065784018
"7x12",0.00273503968624553,0.00793872719265726,0.00240823765671398,0.000416246963977511,0.00107974707916108,0.0116283225098145,0.00121644847678329,0.967103385333223,0.00547384510142366
"18x12",0.00522065241938254,0.00819055139339943,0.00264775448482402,0.000315008776648395,0.000966195877683356,0.0136722754392215,0.00112449290821104,0.933603605543196,0.0342594631574333
"8x12",0.0014301176921931,0.006422291239514,0.000752469898606966,0.000294998296954683,0.00054796819001999,0.0150250070952536,0.000225960865608066,0.971484248788681,0.00381693793316883
"19x12",0.00456113602789156,0.00829976143807687,0.00223478052900636,0.000295289728545667,0.00229016350077313,0.0309626685390052,0.000657207892681138,0.947326413955644,0.00337257838837614
"15x12",0.0039097243310274,0.0128963054415743,0.00165309070473718,0.000238308588882648,0.00164339372153303,0.0129173988276644,0.000456459299025046,0.961398939337944,0.00488637974761224
"17x12",0.00859949628255067,0.0108035401279002,0.00807596411005858,0.00100696812014467,0.00280098886998189,0.0376169385069052,0.00265417817038723,0.873927862697925,0.0545140631141469
"9x12",0.0037204630203924,0.0108700413630978,0.00183727178648134,0.000267949315253358,0.000537736219196853,0.0156846260185239,0.000273892426425131,0.960414489769502,0.00639353008112687
"5x12",0.00371512080578294,0.0148348646471685,0.00108372009582639,0.000655540649158186,0.0016124414061909,0.0146002455307517,0.000619539429527469,0.957086012943051,0.00579251449254317
"13x12",0.0090523664925331,0.0199582776248007,0.012331193176728,0.000782222488872759,0.00370514827978207,0.0324394969049566,0.00491084030949219,0.844428021328129,0.0723924333947053
"3x12",0.000499965426352064,0.0122574742205622,0.00070633429422451,7.14136692944913e-05,0.000154042986094773,0.00565172042782955,8.42684472410322e-05,0.97981364324116,0.000761137287241665
"14x12",0.000920788194907398,0.00470116435316753,0.000900720178427676,8.63762123710596e-05,0.00043839178758762,0.00884056166840688,0.000259209124114788,0.977323947522816,0.00652884095820071
"4x12",0.00163234784050387,0.00114998479941875,0.000385252449296502,7.07466435079532e-05,0.000152294475521185,0.00162236448047073,9.0179469994334e-05,0.99435855512947,0.000538274711817197
"12x12",0.00701433351072643,0.00895982120774567,0.0054147503261623,0.000164085440059039,0.00052669225349561,0.0171167889554056,0.0020139717638461,0.938491500758281,0.020298055784278
"6x12",0.00221598294226039,0.00950157658511738,0.00280226380621378,0.000273184042422977,0.000705317627754957,0.00900966875810971,0.000510478779236568,0.972897310085199,0.00208421737368524
"22x13",0.000424338703837235,0.00133942007085652,0.000321475724611146,6.71460151285796e-05,0.000199586338964866,0.00181056897789223,8.16929735083456e-05,0.995573854507746,0.000181916687454774
"19x13",0.00157878900108992,0.00508861987327433,0.00132962638653962,7.47572696705912e-05,0.000440165917379285,0.015736744756273,0.000359780574116432,0.973447758141056,0.0019437580806012
"11x13",0.000324113844443836,0.00108739012708561,0.000199718976221072,4.2904322144307e-05,7.46378654591091e-05,0.00358195246070795,2.52319712995838e-05,0.99435176226637,0.000312288166268267
"18x13",0.000858238244438437,0.000947017587928964,0.000262953695396507,5.30808410015107e-05,0.000260967825186067,0.00416116289891726,5.77221951525e-05,0.99267229096009,0.000726565751888688
"20x13",0.00108177935321881,0.00478117277101799,0.00160993750876581,0.000123442841804168,0.000351295665766297,0.00793684351766642,0.000345270257548406,0.983005536080844,0.000764722003368514
"21x13",0.00471810927968762,0.00476134527207432,0.0037982937709228,0.00068260492042934,0.00173729790968029,0.0276089723402208,0.000864324074929073,0.950880672470001,0.0049483799620543
"5x13",0.00081168478149034,0.00527837227909922,0.00113756994171219,0.00014486619481732,0.000187423936546637,0.00699881787879979,0.000174584396444326,0.983568326266842,0.001698354324248
"7x13",0.000641047423278832,0.00751005063527503,0.00124371163942102,0.00012881714559611,0.000189567299826179,0.00920742593741608,0.000179550200168171,0.978871793240138,0.00202803647888016
"10x13",0.000965613432722163,0.00422590724301833,0.000821797403342925,0.000171643491113623,0.000423914596703189,0.00770135827754565,0.000150001311351111,0.982881670472735,0.00265809377146831
"16x13",0.00427275003129438,0.0093392137865909,0.00389105842694931,0.000875766636261385,0.00639981405916295,0.0352051715902519,0.00027093959137843,0.934947119846758,0.00479816603135293
"9x13",0.00584336842787636,0.00634047281433586,0.00517938116874388,0.0013026971482303,0.00270592231929964,0.0263718224633186,0.0013877899551184,0.941808376224399,0.00906016947867777
"4x13",0.00324295896294221,0.0105034769389872,0.00155455921393634,0.000564730599417796,0.00129224776419701,0.0151964827771646,0.000629333956182273,0.963387936172024,0.00362827361514909
"6x13",0.00120352683806195,0.00702027465326283,0.000522259181033588,0.000104822561285998,0.00037896199834986,0.00306087631403287,0.000308116927754831,0.985769394515159,0.00163176701105887
"8x13",0.000800159983014783,0.0106622174664321,0.00120102519653371,7.2007967471167e-05,0.00029005777808461,0.00682747317843701,0.000216711505124669,0.979107136720417,0.000823210204485052
"17x13",0.000954037282385024,0.00509818890769938,0.00121984166379472,5.92789264740972e-05,0.000453640168291008,0.00938093625658191,6.76761775905011e-05,0.98186968838007,0.000896712237112794
"3x13",0.00379101008126984,0.0181449367861211,0.00171988010725436,0.000943907560182709,0.00130056842587747,0.0104188857894295,0.000529064372272256,0.958075985592341,0.00507576128525153
"12x13",0.00629758606637725,0.0101549334151828,0.00172200324589414,0.000208494705582398,0.00127970991851657,0.0144521013778035,0.00113122777053952,0.935432350674647,0.0293215928254574
"14x13",0.00719301086309742,0.0155016470235525,0.00365721386519739,0.000549337848452611,0.00118369184806932,0.0299076609103722,0.00397744985298351,0.863402658654349,0.0746273291339256
"13x13",0.00544965035022801,0.0125699473854162,0.00230221329513189,0.000503489471560017,0.000977549528647418,0.0228880752016023,0.00159526346208734,0.934404115643933,0.019309695661394
"15x13",0.00275680082041605,0.00886019812062061,0.00354696244896553,0.000300455009406996,0.000859817283849553,0.011860924071667,0.00159451885562337,0.956836150951842,0.0133841724376085
"18x14",0.00117262189666629,0.00400459177944828,0.000438209754336937,0.00014517264292016,0.000192830662821019,0.0083906193329665,0.000123303156028217,0.983503787084528,0.00202886369028409
"21x14",0.00109810448186017,0.000890012412193733,0.000350148019799907,9.08587405477407e-05,0.000212312589766945,0.00698110989187374,7.62545474647248e-05,0.989626951856244,0.000674247460249538
"22x14",0.000136514491199186,0.0016355908917689,0.000667481400581731,2.46349095668903e-05,0.000105145941618892,0.00128618317244088,3.32721446708994e-05,0.995991098247939,0.000120078800213499
"20x14",0.00585775863142235,0.0111055492578123,0.00866214691993778,0.000721632619929715,0.00349933407833045,0.0182643646717618,0.00178039869150785,0.942130659534281,0.00797815559501632
"10x14",0.00264975226316446,0.00667912483877318,0.00226541545145661,0.000234363256131126,0.00112822226456289,0.0160803294843064,0.000552458367324934,0.967831414128491,0.00257891994578963
"19x14",0.000957196025455655,0.00369173647198423,0.00166491957638255,0.000265244356068424,0.000638462684840779,0.0179636740185173,0.000355796180659109,0.973470358014926,0.000992612671165903
"11x14",0.000359942807523745,0.00127389528617843,0.000310147201583126,6.18433423455e-05,0.000145014279674332,0.00398266659777856,4.96844123317986e-05,0.993586818020987,0.000229988051597202
"7x14",0.000707668507459084,0.00579761303973537,0.000998931040195478,0.000288036087494157,0.000875493047437942,0.00650602101231219,0.000429063550351833,0.983116404931232,0.00128076878378149
"8x14",0.00158337759241685,0.00922623426071568,0.00135255625505626,0.000147479538657682,0.000412978053905102,0.00646824028647555,0.00102037220671188,0.978309445152045,0.00147931665401655
"16x14",0.00574293054806405,0.00896262728778382,0.00130195856729699,0.000633433419308233,0.00153869981087549,0.0173023025285005,0.00201038853191341,0.950692529333963,0.0118151299722946
"5x14",0.00370379678679786,0.0167778475102563,0.00166785248398265,0.000398222950069206,0.000729578155585014,0.0190864108082959,0.00227757704591636,0.941715994701565,0.0136427195575312
"6x14",0.000841588786577035,0.00531267239253731,0.000749151742629743,0.000142833403002673,0.00028727443925078,0.00508407907064306,0.000231619565584427,0.986335657024306,0.00101512357546943
"12x14",0.00949837604257604,0.00976387501058002,0.00486298453490459,0.000601893329530044,0.00147194716230517,0.019907808257341,0.00169523299979683,0.944854167671077,0.00734371499188934
"17x14",0.00624790494015668,0.0186793218258973,0.01149743659511,0.000699780441621243,0.001563437828403,0.0365556271263306,0.00819879110866671,0.845629318331891,0.0709283818019237
"13x14",0.00342652776130095,0.00258782106942323,0.0023291085785139,7.99756883551684e-05,0.000276341763368352,0.00610304562638752,0.000952098782638429,0.975426463250559,0.00881861747945352
"15x14",0.00193502589784001,0.00244938060459739,0.00107016298217903,8.57805736495297e-05,0.000246063828047524,0.00558740004202514,0.000568861739268307,0.965752228452719,0.0223050958796739
"23x14",0.000119567804358805,0.00126636658891848,9.90613471150111e-05,3.8149783927055e-06,5.88195940755914e-06,0.00390496395699717,6.5990549790092e-06,0.99455921474662,3.45295632110241e-05
"4x14",0.0156421120976619,0.0418490501113487,0.0105221635227843,0.00176029232004322,0.00470711313287993,0.0902837094788508,0.00400507485971857,0.768963882147175,0.0622666023295372
"9x14",0.00882069781714841,0.0259126127641303,0.0137625794790235,0.00208978135969907,0.00697147374071608,0.0498680700046694,0.00438891730771946,0.875531188698893,0.0126546788280009
"2x14",0.036087589812314,0.0819285184076498,0.019909234370956,0.00224966821452662,0.00994118914180503,0.0521837596305143,0.00386949048150976,0.769295693940176,0.0245348560005488
"14x14",0.000578256620850065,0.00153848880242668,0.000294930622451129,4.62485241201026e-05,0.000106600927245418,0.00523213490708978,0.000111726069417902,0.990722233077121,0.00136938044927799
"3x14",0.0129400547335692,0.0442068891972482,0.010839749146409,0.000706778700650093,0.00244202934290972,0.0271420402290921,0.00286289619201306,0.883309403727824,0.0155501587302847
"12x15",0.000332077348320438,0.00133603922021063,0.000382485132667806,2.804475699154e-05,7.81932849562819e-05,0.00557460543647325,7.6025826195517e-05,0.991074385122542,0.00111814387164274
"19x15",0.000907427256428866,0.00257681383703579,0.000599037205487171,9.82045196402464e-05,0.000185875805460386,0.00908289242437463,0.000143877899902966,0.985685173992475,0.00072069705919491
"21x15",0.000712249270340918,0.001334984047593,0.000160913208752759,3.53529153690002e-05,0.000131778464996057,0.00823292084142596,0.000102135142567254,0.988936426608471,0.000353239500484131
"22x15",2.45190774916566e-05,0.00028870515768788,4.49706176868688e-05,1.04615870299027e-06,3.28335540517834e-06,0.0012397788432011,3.82770659896596e-06,0.998354976484742,3.88925984829381e-05
"20x15",0.00254576458413166,0.0077579657393152,0.00093639110909388,0.000241673592227408,0.000512427474187135,0.0112577104058653,0.000671968153401767,0.973786674640986,0.00228942430079153
"10x15",0.00694850270161596,0.0449559517465989,0.00967102884900113,0.000604004073971731,0.000920925819976294,0.0557580785811883,0.000948832722297383,0.872163193912058,0.00802948159329227
"25x15",0.000529638093666207,0.0046035342545413,0.000876141048320916,3.41709039473922e-05,4.78984437931957e-05,0.00367267406433385,1.51177518281707e-05,0.989866468215693,0.000354357223875826
"15x15",0.00235842353993949,0.00762925602631549,0.00189450127254869,5.73118354872748e-05,0.0001408239634731,0.00507042421969643,0.000557410599318722,0.953512050632009,0.0287797979112114
"11x15",0.00142699154362968,0.00457058749152541,0.00124138102348098,0.000147121518496114,0.000535400993961357,0.0114680764592115,0.000294052248216452,0.977118789957632,0.00319759876384633
"16x15",0.00208367406218254,0.00627260666094437,0.00073516452312934,0.00011354744355075,0.000330825410928063,0.00686998914058855,0.000166922300278213,0.958363505231205,0.0250637652271936
"18x15",0.00380966609601152,0.014228618375227,0.00465954793629693,0.000451330528011102,0.00117275986367785,0.0201471595177973,0.000644213106862852,0.942090771289803,0.0127959332863122
"23x15",9.97150646966417e-06,8.90481259365293e-05,6.11109779325866e-06,1.46678944382545e-06,4.579788198976e-06,0.000265149698922698,8.18552211978668e-07,0.99961860653293,4.24790809334554e-06
"13x15",0.000676650925283226,0.00235754822322826,0.000868186993204427,7.33826426429997e-05,0.00022423603736889,0.00803090936299851,0.000162403024428832,0.986067778505517,0.00153890428532833
"24x15",1.43823808966964e-05,0.000130209934005967,1.38363818116369e-05,4.55479336612806e-06,4.65046261174288e-06,0.000112037963048911,2.36779296171401e-06,0.999714243925651,3.71636564616339e-06
"5x15",0.00603068646975344,0.0141549326291169,0.00349320738439435,0.000107399317642407,0.000958986420994563,0.0135361891689343,0.00383141302557384,0.771765180238421,0.186122005345169
"6x15",0.00942385919414132,0.0266702091305847,0.00499561943701897,0.000512979538432411,0.00143174941647054,0.030838268415774,0.00135791150207512,0.89702431373844,0.0277450896270635
"14x15",0.00453441899479162,0.0132700345340199,0.00499899355590641,0.00100722213809892,0.00190541207824441,0.018287640213823,0.00115454941139873,0.908075702502068,0.0467660265716487
"8x15",0.00448512078958943,0.00685419944742522,0.00358521207102045,0.000277143944726578,0.00037380254334144,0.00811142208721092,0.0014450704967462,0.912544202621507,0.0623238259984329
"7x15",0.0122130831017978,0.0163496652319159,0.004814204331969,0.00116835464040027,0.00391133343360289,0.0526836713003554,0.00146657990653724,0.892377695912131,0.0150154121412902
"17x15",0.0035566138085605,0.0095806720359192,0.00307449693111659,0.000384439376191019,0.000902035020180532,0.0148817487814255,0.000606633152259391,0.950358566927807,0.0166547939665402
"2x15",0.0262706568096988,0.0667124552062177,0.0328704563476507,0.001533618644228,0.00718446133847317,0.03429241918928,0.00637451767890706,0.812972626293772,0.0117887884917722
"4x15",0.0123385306136507,0.021874474638969,0.00552709746476627,0.000627530458859395,0.00278251512258203,0.0431494435312251,0.0043873220149589,0.788791878742832,0.120521207412156
"3x15",0.00837875327117055,0.0388328565987084,0.0161153554847528,0.00535592789840043,0.0115083078123217,0.0517883049627253,0.00410351969886956,0.83100148517119,0.0329154891018609
"9x15",0.00277366497704273,0.00526686701097645,0.00125658556786003,0.000271298405662737,0.000850640006212054,0.00787098958008433,0.000425981211069426,0.978249382919821,0.00303459032127129
"10x16",0.000624474829791511,0.00428574056404825,0.00116404443192881,9.13954816470218e-05,0.000351864812352286,0.00704542725662078,0.000185248025348406,0.984198032983367,0.00205377161489602
"27x16",0.000112282883501829,0.00155518287877012,8.96855104952394e-05,1.93093439185018e-05,1.99552743580002e-05,0.000447636762369685,4.58710402105692e-06,0.997677348487296,7.40117552695883e-05
"18x16",0.0031304013105415,0.00886156428316629,0.00355998299867315,0.000272501198794344,0.00148899763369882,0.0248674293978492,0.00039173644379238,0.944956252833208,0.0124711339002758
"19x16",0.00306990993790554,0.0081288347932053,0.000838945961973182,0.000150507240067278,0.00039080540549541,0.0186926528135196,0.000227609050402935,0.966292345159314,0.00220838963811656
"9x16",0.000768532117923994,0.00172267178439956,0.000313300756359676,8.45187908554912e-05,0.000171515433097016,0.00594969953391199,0.000239054473325444,0.989916614073069,0.000834093037057755
"20x16",0.000222801232676213,0.000702010511014428,0.000159149496032689,8.57368647288917e-06,1.82095453537317e-05,0.00307671092615555,2.37687113554485e-05,0.995431050060575,0.000357725830364099
"21x16",0.000840096807064442,0.00365312596397083,0.00036170361510524,5.95534696664088e-05,0.000118054165713447,0.0207935689004656,0.000174632742600274,0.973076713433868,0.000922550901545186
"4x16",0.00767003803226137,0.037609161787862,0.00502078087820908,0.000545402429644772,0.00200269614499454,0.0659929599735223,0.00246253980571483,0.807860207884348,0.0708362130634428
"11x16",0.000425885853531494,0.00359922951754335,0.000697051474788319,0.00015299691621461,0.000372102126608146,0.0044395423772561,0.000103695574853644,0.98957241880727,0.000637077351934468
"26x16",2.14342727295556e-05,0.000229430379939067,1.73235203632658e-05,2.16302035833693e-06,5.98206910596357e-06,0.000544082101943852,2.17479152114619e-06,0.999166705308449,1.0704535589931e-05
"16x16",0.00529244043331428,0.00415297005739121,0.00291346843185403,0.000568497458075701,0.00224184112235331,0.016371370410865,0.000297834654484128,0.957093243518333,0.0110683339133296
"22x16",0.000120370276726423,0.000333760719220224,0.000161775141433964,5.74202946775328e-06,3.04734593146077e-05,0.00184156406703664,8.54668493695123e-06,0.99742900307005,6.87645518132193e-05
"25x16",0.000124229911237293,0.00121906556974908,8.87607028952151e-05,3.7393294509882e-06,1.84618039496373e-05,0.00133362797871619,2.50189469882842e-06,0.997188680336679,2.0932472624324e-05
"5x16",0.0137402297525675,0.0295918029547547,0.0102326217052779,0.000296275142662653,0.00100329198029689,0.0281166507932869,0.00165075164418494,0.768644790367445,0.146723585659524
"17x16",0.00726657479811381,0.00664493522124804,0.00266851697348006,0.000245533731505526,0.00237053564163699,0.0398193499488729,0.000538317317281477,0.933400958392906,0.00704527797495518
"24x16",1.20647538490157e-05,0.00030441502482063,1.18022511630758e-05,1.18450537340165e-06,2.63908545812739e-06,0.000206839217971437,1.09002481407376e-06,0.999451884393725,8.08074282548072e-06
"13x16",0.00317663543699062,0.00454347729885477,0.000800882724928825,0.000546745010233938,0.00124802410337739,0.0104931609655285,0.000407009543573936,0.976482236414883,0.00230182850162947
"15x16",0.0050057515731612,0.0132455183319646,0.00294157973338824,0.0012367497797625,0.00131432521173139,0.0339225566365864,0.000797887425280414,0.932056681899673,0.00947894940845263
"12x16",0.000736372591518767,0.00441945253076276,0.00082630931328304,5.52761553146692e-05,0.00029313865593969,0.00398356952319539,8.817645555628e-05,0.988636328229007,0.000961376545422935
"14x16",0.00426767558952666,0.00982015616187401,0.00723268556686521,0.000169363210079125,0.000849823198671618,0.0110533149296556,0.000626622474126145,0.961799626708586,0.00418073216061565
"3x16",0.00638811783471614,0.018148249454261,0.00596052966648644,0.000302297240439791,0.00223722360687518,0.0466385596486817,0.00223753302243837,0.851090639607422,0.0669968499186793
"7x16",0.00705667207499643,0.0202458896730307,0.00345373267940818,0.000414807064906179,0.0013005426156763,0.0140325341490923,0.0107912476448928,0.811999099412598,0.130705474685399
"8x16",0.00616538528792502,0.0233798831602974,0.0057742499592399,0.00050034816570194,0.00157790529202991,0.0190257483641222,0.00194347635921407,0.918783307182387,0.0228496962290825
"23x16",3.20286911408974e-05,0.00062627836673628,3.87797152285765e-05,2.19209451239227e-06,4.63352714083343e-06,0.000712168608865862,5.37575823418138e-06,0.998563806781942,1.47364561986967e-05
"2x16",0.00822872828289736,0.0183169356867576,0.00564440580355896,0.000901167145922456,0.00216556654807217,0.0455198948427754,0.00223843358054983,0.893660916113849,0.0233239519956169
"6x16",0.0173893442317981,0.0188390144508096,0.0111435835849403,0.00118578233604102,0.00210309884978534,0.0290574107635419,0.00671864157501631,0.752674987346357,0.160888136861711
"10x17",0.00389210831789813,0.007331459179038,0.00155927718212277,0.000130225753176667,0.000369599842093511,0.0107547910614066,0.00172347493185885,0.9465733603544,0.0276657033780055
"20x17",0.00717514835007814,0.011550474594537,0.00375523829403999,0.000204603047882182,0.000810105633555018,0.0467381811682278,0.00043103077819519,0.923429311457373,0.00590590667611194
"22x17",0.00344201315270825,0.00885172129286167,0.00335317467839284,8.02527637162112e-05,0.000464288081393992,0.0162241543004748,0.000235970963229776,0.963922960231563,0.0034254645356591
"27x17",1.49209448454929e-05,7.96319623650393e-05,4.89608670938392e-06,4.53003179865126e-07,2.11983057623688e-06,0.00028387366828103,7.15489308520417e-07,0.999607502167774,5.88684696081185e-06
"19x17",0.0009169521072007,0.00208363013018044,0.00194729708666514,6.80980396483593e-05,0.000123300885215184,0.00599857606786664,6.43597523940558e-05,0.987716757258884,0.00108102867194507
"21x17",0.000310434625223475,0.000752441066802867,0.000138500059184535,7.78783585222673e-06,3.0493365951358e-05,0.00342472378400043,1.75769584504826e-05,0.995135978116315,0.000182064188219637
"11x17",0.00219158383669426,0.00407415089119157,0.000682025474619431,0.000190688561953757,0.000475692501711805,0.00620610221392648,0.000454179316567224,0.982295811340152,0.00342976586318379
"28x17",0.000143751871200823,0.000277007254205097,6.91831470801232e-05,9.76505863261235e-06,5.06768600426871e-05,0.00137977374858385,3.21551843591895e-06,0.998045841733607,2.07848082119082e-05
"9x17",0.00178634510828976,0.00480811043774813,0.00171429577238736,0.000128566778866712,0.000322312180498824,0.031171786815206,0.000837463149713269,0.952813779569323,0.00641734018796737
"16x17",0.00989986563569885,0.0173249860514793,0.0087197148973867,0.00436510842576636,0.00442616346796657,0.0598580845530965,0.00211981652482211,0.840284181314006,0.053002079129778
"7x17",0.00204499544650698,0.00315189221384542,0.000842944614498917,6.53216079078737e-05,0.000600508311929356,0.0072630133539544,0.00528445378720096,0.768015996514948,0.212730874149208
"18x17",0.000618561330344355,0.00162332751154398,0.000495819238468288,5.32393272991156e-05,0.000124234974202195,0.0139747758537588,1.84612557718118e-05,0.98258400146086,0.00050757904775144
"26x17",0.00016557308648611,0.000636258148654103,9.09274919030538e-05,1.10746311348926e-05,2.54135808007141e-05,0.00126130054969077,9.96320471143491e-06,0.997740452015229,5.9037291389999e-05
"6x17",0.0188410302563294,0.0320803182531404,0.0130972786129161,0.000733265601815237,0.00196265406031103,0.0200240149912368,0.00270639432412999,0.890095900799438,0.0204591431006835
"15x17",0.00209656858062337,0.00573729440396414,0.0011618813905376,7.43893560989734e-05,0.000453725756147607,0.0100930885599987,0.000254804614020395,0.976752105642185,0.00337614169642379
"17x17",0.00214794511728901,0.00626555387219291,0.00154960840416123,0.000107449266226226,0.00033933071610257,0.020647501481815,0.000468998218010043,0.964235501500288,0.00423811142391474
"5x17",0.00918937856752249,0.0344674968379142,0.00842604818994646,0.000564100440530109,0.000821381996719053,0.0391154428517171,0.00150257846491279,0.880132769560721,0.0257808030900171
"24x17",8.27112229698439e-05,0.00101228753080197,5.12201644613337e-05,2.69588200005363e-06,1.5331310624381e-05,0.000792401516506816,1.88203011260629e-05,0.997892207410143,0.000132324661366366
"25x17",0.000378500375052487,0.000818277669653836,0.000360839298696074,1.0498272717193e-05,5.58733566960892e-05,0.00381571003634402,8.48285377807198e-05,0.993583279326562,0.000892193126497421
"14x17",0.00153047207294692,0.00647047688606043,0.00165919695365095,0.00016365156684717,0.000696733403078581,0.0075147609903705,7.35790698506691e-05,0.980626812185475,0.00126431687172016
"13x17",0.000818405730958526,0.00246354899371933,0.000599611320662998,4.84372817198027e-05,0.000253968007530238,0.00685173698391424,6.46863113562131e-05,0.987890496847686,0.00100910852245235
"4x17",0.00726953295165002,0.0242728113015644,0.00475004040924177,0.000485880611387385,0.0012381708144382,0.0359713977494679,0.00605990922414215,0.662242500381721,0.257709756556388
"12x17",0.00108797343672573,0.00487977596693104,0.000420958720147386,4.85029819765709e-05,0.000221440217605976,0.00602290389518132,0.000129041118782186,0.986292279131045,0.000897124531604308
"3x17",0.0158536369425503,0.0302542559930571,0.00511891719481368,0.000284362777259874,0.00133056105863351,0.0342682439550722,0.00454268091209212,0.65090394314883,0.257443398017691
"8x17",0.012377675498913,0.0234684978878067,0.0106280976281993,0.000139055815051573,0.00111874791382994,0.0554394752007953,0.00327548998608029,0.7942591732401,0.0992937868292242
"23x17",0.000772942259768015,0.00665120571815233,0.00163443129549831,5.93073931550398e-05,0.000119880973545847,0.00782009662692261,7.1764472456669e-05,0.982343798748035,0.000526572512465826
"2x17",0.03140405238962,0.0346211991887152,0.0088407999611841,0.000625676669344876,0.00352529931303494,0.0573440800846878,0.0106101762290638,0.669572648956941,0.183456067207408
"29x18",8.95871125331487e-05,0.000995891132870941,7.82346018573302e-05,4.60563291342164e-06,2.18265385986296e-05,0.00283804901255978,9.72966149993677e-06,0.995907698805504,5.43775016631859e-05
"22x18",0.00053233722801136,0.00464398533269525,0.00099396226191635,2.30237831349684e-05,0.00013916142949001,0.00807024961411548,3.21146194114748e-05,0.985231540444371,0.000333625286854049
"11x18",0.00330158080762534,0.0111826725860846,0.00402630452840752,0.000231466605273127,0.000747362119136215,0.0139654393839034,0.0011741203132259,0.956671249062614,0.00869980459372965
"21x18",0.00542694048582652,0.00768988627611788,0.00270295949271309,0.000201765517022016,0.000767287059973495,0.0365608391218216,0.000213375118884965,0.944124311250274,0.00231263567736609
"30x18",0.000479578967665809,0.00138484313383891,0.000236861604154723,6.3580807730566e-05,6.55146927120154e-05,0.00358246834669078,7.0750777351315e-05,0.993933657598864,0.000182744070991797
"16x18",0.00524604611205625,0.0072489251093164,0.00221156753627868,0.000493934012853265,0.00265742423014617,0.0176406555694167,0.000716976836060336,0.952346468423683,0.0114380021701888
"28x18",0.00119450551015141,0.00692579885733026,0.000524150048140768,0.000250710745466459,0.00100560285356926,0.0182098941280443,0.000102166051578808,0.970929468306218,0.000857703499500342
"5x18",0.0117010328896134,0.0236198435835782,0.00661394325304544,0.000421478530659135,0.0019975867512873,0.0195430422579621,0.0120196979325807,0.727789871602389,0.196293503198884
"27x18",0.000609981137110988,0.00271424706835264,0.00104732467523022,4.17877096103754e-05,0.000158090895621797,0.00316041423178389,7.63971151461325e-05,0.991369364711626,0.000822392455518403
"19x18",0.00134883519360694,0.00749349218434992,0.00127527493267446,0.000131253492434681,0.000403470300111825,0.0258834944388021,0.000336033746175177,0.954690786418659,0.0084373592931858
"20x18",0.00134019074041354,0.00677124817840298,0.00156356548500173,4.1533371400512e-05,0.000223404507759357,0.0196161294777547,0.000195064288508071,0.966263844872495,0.00398501907826377
"15x18",0.00103751713386396,0.00314205135193901,0.000831196633659251,6.52122155188221e-05,0.000196317762344926,0.00225319749596551,0.000221054935316447,0.991338171849683,0.000915280621708833
"25x18",0.00011695393627414,0.000433971000849092,7.33184580430296e-05,9.49632156948155e-06,1.96258073707775e-05,0.000888809576681371,1.73815922034283e-05,0.998361054040924,7.938926608507e-05
"10x18",0.00571951030536546,0.00631292025476694,0.00252826438308105,0.000164198349983056,0.000563165249900445,0.0227734124773778,0.00127405060977442,0.917582775404454,0.0430817029652966
