"","Endothelial","CAFs","PVL","Plasmablasts","T-cells","Myeloid","Cancer Epithelial","Normal Epithelial","B-cells"
"10x7",0.0174524112018569,0.181725959960512,0.0291411139516664,0.243609833510688,0.00424593710173409,0.0642703044619208,0.452233129107146,0.00410277821264644,0.00321853249182924
"13x7",0.00277467173562068,0.448322471729846,0.00534040258368426,0.144294378987713,0.00149382104135475,0.0645922306371505,0.33010417154856,0.00113070603648306,0.00194714569958752
"11x7",0.00298723251878247,0.113896024971834,0.0179273085365576,0.101293060847137,0.000350428104571142,0.057402908956749,0.704191111651937,0.00118484687271512,0.000767077539717055
"12x7",0.00958819214376776,0.219663597357822,0.0332073904206489,0.168626409897739,0.00133004119395841,0.0957917048430438,0.468214638996791,0.00146818320260278,0.00210984194362627
"11x8",0.0104532319236233,0.174530011011879,0.0629528950899356,0.171098658201747,0.00123394285618418,0.0743834453631336,0.503395001688792,0.000832286592751688,0.00112052727195338
"12x8",0.00628505987848246,0.218789159864015,0.093363823261592,0.0888303073517514,0.000179511076690938,0.138047849991351,0.453316351562138,0.00103503960340971,0.000152897410570006
"9x8",0.00327279440234324,0.202746584322813,0.0464961072136694,0.161441027523992,0.00491092160516681,0.0555827862359993,0.510257542480153,0.0129616756268179,0.00233056058904569
"10x8",0.015432375040789,0.180069610718035,0.0298140152583269,0.276889145710659,0.0139922935435658,0.0621588419333624,0.389724365162408,0.0143968049640143,0.0175225476688394
"8x8",0.00323130321475171,0.217674286952644,0.00989571607820609,0.12222666763341,0.00139828398486393,0.0810041493383839,0.554459735987215,0.00844332941602156,0.00166652739450315
"13x8",0.000867181853453273,0.559848080615467,0.00807520049742876,0.192098186842367,0.000155224376110307,0.0436904213218589,0.194733694963347,0.00035735879560442,0.00017465073436385
"14x8",0.00415421761902268,0.590104761483676,0.146288881343928,0.00212648715839967,1.33164047567954e-05,0.0804231515407144,0.176063660238744,0.000806654213578197,1.8869997180588e-05
"16x8",0.0144743460309971,0.250245699499313,0.259304541525098,0.0649486037052796,0.00160697947115273,0.0271272465959747,0.378183203034847,0.00315331295764754,0.000956067179689709
"11x9",0.0252359711966231,0.183014027264846,0.0082486453951588,0.25327555481573,0.0174559756089051,0.183018361818808,0.292670604257546,0.0026229261214813,0.0344579335209019
"9x9",0.0248589191745086,0.26751221892462,0.0332582816211914,0.323030091883131,0.0057411002566051,0.081774507818611,0.244065770970696,0.0049724722574061,0.0147866370932309
"10x9",0.0152416766975862,0.215711134339893,0.00878174582568377,0.405590398063243,0.00952619798479703,0.118198753736635,0.188022153670971,0.00681052169589725,0.0321174179852938
"12x9",0.0162939800260979,0.257950353346901,0.152501190066219,0.062401975711091,0.00396831111282187,0.155483887697854,0.349798228362012,0.000825802500172102,0.000776271176830343
"13x9",0.00926908123512742,0.385900102784874,0.0576252535260098,0.229444217188892,0.000687119166856173,0.0482417387399788,0.263858395445654,0.00304244089757615,0.00193165101503225
"16x9",0.008541425059592,0.198426169680743,0.00813346991685251,0.0478188583847226,0.00074386482640354,0.0820701668813345,0.652789612090254,0.00120789710471388,0.00026853605538337
"17x9",0.00395577787572148,0.296199646864284,0.00758264953025492,0.109296626441275,0.000603863073957516,0.0302117086325363,0.550310237400494,0.00136934031119059,0.00047014987028514
"15x9",0.00349628575051512,0.305504136572485,0.0123440748205579,0.0383035734516948,0.000514015654961055,0.0477759911702374,0.590946074706582,0.0009332182415262,0.00018262963144046
"14x9",0.00554853316632209,0.314365797593096,0.130537570132136,0.164543220913216,0.000174855276146235,0.07515862592108,0.306817809313231,0.00259920337395067,0.000254384310822776
"14x10",0.000818346411057477,0.434544477079412,0.0174419923955625,0.118816130850805,0.000415186382405684,0.0807039776548589,0.34629104514887,0.000750790417751652,0.000218053659277265
"11x10",0.0322213898304311,0.322218547533186,0.0475551840313847,0.217314780328852,0.0130508700774673,0.136861593136331,0.218496532046937,0.00292182505902737,0.00935927795638319
"16x10",0.00270179675225371,0.236034355286694,0.0185201317300179,0.112604791466892,0.000355086462309,0.0461461177067629,0.582343619816675,0.00082666640275793,0.000467434375638286
"15x10",0.00365322608844998,0.242913790784442,0.0181711588372967,0.206366636309688,0.000936331436431551,0.0685005709010395,0.453951443118575,0.00422873886495843,0.00127810365911862
"18x10",0.00464066000438374,0.373699958817319,0.0145750429063225,0.0679345598162509,0.000556741044131473,0.0260277182069283,0.511078099027321,0.00125317883249601,0.00023404134484697
"10x10",0.00752423649757802,0.228718685735627,0.0191541442782989,0.340252481485109,0.00334300222823984,0.0771449990912162,0.3197847013661,0.00171338467097994,0.0023643646468511
"9x10",0.00263215631071022,0.189410952619403,0.0771025663480889,0.209147355890158,0.000735453572347166,0.116406357982681,0.403532594014727,0.000578347164988173,0.00045421609689656
"12x10",0.00121670783197774,0.230337938641572,0.0206962529315552,0.417862555649302,0.000482036984894651,0.0631676099545697,0.265259002894728,0.00078801632540126,0.000189878785998898
"17x10",0.00111285431912919,0.191198309856473,0.00530966787424193,0.195033782323152,0.000163033341475203,0.011783647160516,0.594385002577505,0.000885486619954827,0.000128215927552768
"13x10",0.000982664072706145,0.25679315446601,0.0341579071816332,0.135063959803791,0.000495040443201036,0.116656873844028,0.450738673264107,0.00453989699927959,0.000571829925244032
"8x11",0.00384926028263068,0.31646220905314,0.0950612090668354,0.0523204413816086,0.000658019259707155,0.0750720293150528,0.452510520440302,0.00388006937080804,0.000186241829915605
"9x11",0.00253280077579888,0.383176058469736,0.056714509625497,0.230764661780092,0.000488725122855934,0.0155728498072534,0.307490756779632,0.00276048711517445,0.0004991505239596
"19x11",0.00256317738728885,0.258291730193551,0.0132359677093035,0.407142336642657,3.56678622268638e-05,0.0369384630622379,0.28163500790064,0.000134029542477508,2.36196996172956e-05
"10x11",0.0273886286742299,0.318764437622445,0.0570944258302158,0.243400313841527,0.00283138411291996,0.0697625628525472,0.276140257030899,0.00175239277380504,0.00286559726141103
"12x11",0.00416812060263682,0.561818081634943,0.014290460442998,0.0372768607536498,0.000643816618179447,0.061453606670093,0.318374742851771,0.00150211294460785,0.000472197481121165
"15x11",0.00267197412238365,0.372436586450899,0.00455365150275695,0.20892879542993,0.00111441330704261,0.0915196702535689,0.317122597297562,0.000704024138696932,0.000948287497160018
"13x11",0.00266022110528691,0.210982205988662,0.105675402299371,0.271608300565599,0.000436225952407992,0.0329711871294428,0.374186081909641,0.00100390245137468,0.000476472598213913
"18x11",0.00105958869284747,0.175240161446752,0.0759488109880556,0.091642837954132,4.46813293895976e-05,0.0420354084173627,0.613842643597211,0.00016700222484082,1.88653494086148e-05
"14x11",0.00209766172099566,0.338731764037445,0.0250909761540557,0.271411421962862,0.000414312230627636,0.117911382651901,0.243162393750772,0.00100027838487496,0.000179809106466289
"16x11",0.00185305586155574,0.282778129525832,0.00989141721146352,0.0854552244369798,0.000173645078923239,0.0425903130560921,0.57547984148026,0.00148100567460632,0.000297367674287564
"17x11",0.00532060008259392,0.335236331707203,0.0380586445178933,0.0825452577999871,0.000608836280174892,0.0579363068879566,0.478172425135172,0.00160023651999911,0.000521361069019963
"20x12",0.00313689302932568,0.297076487260855,0.14354747837011,0.242388496336009,0.000501091251066522,0.0180917362074737,0.29071306052731,0.00407748880468241,0.000467268213167893
"21x12",0.0044905007680613,0.286132251430389,0.18136365056006,0.17578251657907,0.000346592328091662,0.0327619700260258,0.316336467005739,0.00214766361407475,0.000638387688488101
"8x12",0.00816645986739881,0.325259105429906,0.0237931400360196,0.189401493272812,0.000511586120940361,0.0750970389987138,0.369621133725293,0.00766096466444453,0.000489077884471399
"19x12",0.000291109372230217,0.221126801185984,0.0980117503936431,0.258305480561827,2.49653728920572e-05,0.0310951300319318,0.391091631599253,4.30423798124211e-05,1.00891024260401e-05
"9x12",0.00188720831154619,0.420970958490312,0.0219942601581001,0.140497301015138,0.000704023617119789,0.0981230059146781,0.313606581632179,0.0016425180181737,0.000574142842754067
"11x12",0.00091426082621059,0.137823365802254,0.0749624209412094,0.424744005728023,0.00045678199180101,0.0321461306660394,0.326167366315041,0.00230190529488301,0.000483762434539234
"16x12",0.0011804892876812,0.349025487483305,0.0068915482715747,0.0597924280562095,0.000184959747528463,0.0285930515775872,0.553627417760575,0.000579170518084325,0.000125447297454773
"18x12",0.010874518524771,0.27878989662038,0.119846504091118,0.0515220480287909,0.000366397814806136,0.0671504589363948,0.470325683828177,0.000950400161086243,0.000174091994476474
"14x12",0.00348359348555249,0.237806608040151,0.0285420077646935,0.304147703835281,0.000609776384953206,0.112670793813164,0.30904198641778,0.00306633301134294,0.000631197247082388
"17x12",0.000962505101052451,0.407519537341134,0.0205961587480586,0.0513626885960754,1.06471474952976e-05,0.071605522174724,0.447825648385073,0.000113986021876384,3.30648451144437e-06
"10x12",0.00444491729179048,0.416955180223123,0.0230218221951326,0.0110263511202201,0.000100185367545259,0.0669469179814064,0.474314268646237,0.00300689631906163,0.000183460855484341
"12x12",0.00147721871641434,0.260463849470042,0.0144224265793038,0.268904456966098,0.0010473879309323,0.0730564513246053,0.379256052043896,0.0008483293560188,0.000523827612689082
"15x12",0.00719525493524774,0.212210140317433,0.00591760511726207,0.317895285422642,0.000362279629654012,0.116848659325641,0.338306028409033,0.00104702036843906,0.00021772647464722
"13x12",0.000677826406535332,0.220408100188382,0.00763147149435128,0.197764404545262,0.000208131797072602,0.0879159004313898,0.483619442122551,0.00172464966899379,5.00733454623223e-05
"22x13",0.0053316859343445,0.549899473073767,0.0166826431483034,0.197574282006751,0.000103565988707181,0.0176175623196085,0.173787622310437,0.0389062868125547,9.68784055269633e-05
"21x13",0.00326947557508588,0.412760573438569,0.0600660320268374,0.215159101454361,7.38218164310559e-05,0.123380957834657,0.184010498802006,0.00118114439865809,9.83946533943374e-05
"11x13",0.00937006172161584,0.281419572312331,0.0172820190928481,0.107512315080536,0.00228958023372884,0.170085169480015,0.406776546973878,0.00339661091564926,0.00186812418939685
"9x13",0.00490934702364001,0.289551508615223,0.00493709463617174,0.332386623168282,0.000585817814950177,0.0656484483455222,0.300855191716348,0.000986614785638536,0.000139353894224093
"16x13",0.00376238166213127,0.428912739507333,0.0202368951684596,0.154772946613829,0.00122107498457348,0.123982192265201,0.265592696257394,0.000793320055787431,0.000725753485291058
"17x13",0.0131330484749563,0.295824932790299,0.148946164096459,0.277473710180702,0.000242508620960628,0.0471290317366591,0.216262661972619,0.000598382368558738,0.000389559758785032
"15x13",0.000950667746441413,0.424131833103855,0.00996306341702483,0.0724779913866397,0.00013861237338518,0.104796375869335,0.386045973456697,0.00135677707868804,0.000138705567933595
"10x13",0.00448254318008798,0.275317657258111,0.0442532030316985,0.275133231782761,0.00104532804185506,0.0668701024423344,0.318783971623615,0.0112373348158525,0.00287662782368521
"14x13",0.00367801691017351,0.387490309895027,0.0625262175405606,0.151829064723163,0.000309785769336964,0.11705405580864,0.27480584750853,0.00199577696226633,0.000310924882303483
"20x13",0.00352948329659532,0.402948051032202,0.00467345921215397,0.22367227967576,0.000329496794501889,0.0700766011711541,0.294313130182409,0.000313901877935934,0.000143596757288441
"18x13",0.00278099637220041,0.299657708696615,0.0204191621570185,0.124670410398424,0.000458391215253583,0.0465661850068738,0.50151904103991,0.00309255607963857,0.000835549034065344
"19x13",0.0020590083443922,0.405701618457067,0.00839874681245874,0.179431017326667,0.000361323367432684,0.0918670673098788,0.311192691370211,0.000758229276930812,0.000230297734961326
"8x13",0.00129730636304208,0.19275593075772,0.0380293665662213,0.218253273808152,0.000255203428667293,0.00537311683454118,0.541365891661914,0.00218443841287256,0.000485472166870498
"12x13",0.0049666012430378,0.464443045188021,0.0182797805792978,0.13328849590249,0.0015883792385546,0.113260499617494,0.262881731507323,0.000703914600539901,0.00058755212324195
"13x13",0.00210119478282416,0.293877451991253,0.0616997769437454,0.102862620626935,0.000701460252952027,0.0598633429815528,0.474301568280364,0.00419499224850677,0.000397591891866298
"9x14",0.0132443086679791,0.350053564105642,0.019128466434713,0.140931983353681,0.0016617200528811,0.0898201719143847,0.381467948045534,0.00249696654488889,0.00119487088029765
"22x14",0.00851698484769188,0.459996049495309,0.178299927660816,0.0772187568911377,0.000420509973965371,0.0458270383931603,0.224997496330964,0.00451341145603673,0.000209824950918556
"11x14",0.0183128527059055,0.470873595167914,0.0124265967189535,0.115807357325696,2.61670470026791e-05,0.0665004437077447,0.315574316132762,0.000452857445434003,2.58137485876099e-05
"20x14",0.00161494699410271,0.193747741250604,0.00256814771849782,0.736582927190438,6.28582987295226e-06,0.0113947368490439,0.0540329633174266,4.48836232099785e-05,7.3672268035038e-06
"10x14",0.0057257352166556,0.217663645898014,0.0963376233254725,0.156293603396282,0.000914079466617825,0.0759622322136545,0.444463992164054,0.00230881700072225,0.000330271318527587
"21x14",0.00209674520398682,0.271815512346829,0.041228784042762,0.433763885153429,0.000308595657501732,0.0559974716638514,0.193281613310974,0.00102766662726124,0.000479725993404124
"16x14",0.00113397942425524,0.355192580376971,0.026662892644882,0.266405518344584,3.48056080456862e-05,0.0947005117784417,0.255712258381315,0.000144270567383216,1.31828741217114e-05
"24x14",0.00166222700657068,0.49551850860546,0.00559257941162173,0.0201672490529975,0.000702456133943172,0.0577087368775263,0.417450381024132,0.000903212139647028,0.000294649748101287
"19x14",0.00240709653367679,0.52084463811252,0.0168402150383762,0.0578598479708172,6.31771057736799e-05,0.00475881229841088,0.396826603060748,0.000349859942109582,4.97499375675348e-05
"15x14",0.00259085554423205,0.297773183407171,0.018441673963533,0.266710234710846,0.000911955404192272,0.0545883971725414,0.356628718572753,0.00181432549216302,0.000540655732568019
"18x14",0.00425002110914823,0.52466473869449,0.0197088743871407,0.0570403817331327,0.000253344782637939,0.0646655549096172,0.328926197826694,0.000408947917216505,8.19386399230443e-05
"7x14",0.0115761466081209,0.157565142577262,0.0349349992668783,0.032120857008354,0.00406099243036838,0.103603186043929,0.645813857561837,0.0060429512792466,0.00428186722400401
"17x14",0.00110706122590971,0.497677812376933,0.0267686952944376,0.0159370273955705,0.000496761513537756,0.0951753359405353,0.361558179244985,0.000999084855508596,0.000280042152583265
"14x14",0.00456782894130277,0.38176311840053,0.0645264165917754,0.0535138846206978,0.0007787813360805,0.162195488455626,0.329165831202929,0.00281934557234474,0.000669304878714196
"13x14",0.00284723314759834,0.347173196270879,0.0156968294039837,0.127399095483008,0.000674768427667113,0.0779377890533802,0.427045118256165,0.000966215725948765,0.000259754231370065
"8x14",0.00436146611096624,0.237768906568426,0.0431535477256118,0.29061856988246,0.00108230273993652,0.0517500635887674,0.368012628315083,0.00102716074008188,0.00222535432866696
"23x14",0.000460688698705628,0.641864498932532,0.075068640720719,0.126414550362719,8.69703989613693e-06,0.0154615579424372,0.139457500949355,0.00124452209836509,1.93432552704044e-05
"22x15",0.000545366794068232,0.424048436184498,0.0253748187158625,0.34848055186895,1.31753747448269e-05,0.00938055372336813,0.190454026197942,0.00161738945619924,8.56816843677252e-05
"10x15",0.00567426679223537,0.372758691825577,0.0208973158254806,0.233033040251154,0.00222481477500144,0.0843421476535362,0.269535168969436,0.00717952710216978,0.0043550268054094
"9x15",0.0157323344772435,0.35078810810721,0.0514062097864946,0.1491935151375,0.00189389829562439,0.0287193534999376,0.399418205271878,0.00164366322835364,0.00120471219575889
"25x15",0.00194241275027029,0.527828206007434,0.0243050007909751,0.0685144366994745,0.00017139171845925,0.0475626267300996,0.32859188026678,0.000915539355514394,0.00016850568099345
"15x15",0.00433862513547567,0.262473562939042,0.0266120584512815,0.224889162239446,0.000224079711260099,0.104336529718646,0.3755582947847,0.00145687175466575,0.000110815265482564
"11x15",0.0124943574634633,0.498987534680307,0.030272639898024,0.0531670030712162,0.000824670188164478,0.142109996064199,0.260905085804944,0.000823669799217988,0.000415043030463401
"21x15",0.00651041584895744,0.272553814239341,0.0161058872678913,0.228266570620828,0.000632441989623797,0.0473441527102253,0.428048271292496,0.000420052219498872,0.000118393811137682
"20x15",0.000701590105829655,0.378694481039229,0.0543883724887232,0.152491555123584,3.14247426306622e-05,0.0853546912072094,0.32814453298204,0.000183394098671745,9.95821208243222e-06
"23x15",0.00329832833502685,0.355005000752559,0.0365503319606724,0.403839143280333,0.000312455852398684,0.0473520904310597,0.151167974844307,0.0019052381725509,0.000569436371093004
"16x15",0.00380884736512043,0.399341483947275,0.0594739619132331,0.126509293635084,0.00181691078337977,0.0647535524190637,0.341314292976186,0.00176236701025105,0.00121928995040714
"24x15",0.00116509606663847,0.2378584884409,0.0446477501840412,0.563369979064858,5.56785445767086e-05,0.0869703278590149,0.0654551829498371,0.000444824710194229,3.26721799393847e-05
"17x15",0.00108837555244655,0.360169988653935,0.0938220703681422,0.177508727532831,2.50847601917953e-05,0.0133516686508505,0.353521191164165,0.00049375403448055,1.91392829576321e-05
"18x15",0.00131158701966079,0.234414467711142,0.0865606665545108,0.158335328270137,3.85198107886159e-05,0.0419495848253335,0.476808154435743,0.000558580213094773,2.311115959035e-05
"19x15",0.00125620977031777,0.22361060177274,0.0152051733014867,0.506008270168177,2.60227493732555e-05,0.0307721184503618,0.222476723044549,0.00056055520063364,8.43255423615349e-05
"7x15",0.00771951824007796,0.142426425146249,0.129636395055924,0.0564308415842214,0.00140903209840575,0.0804654060742993,0.580455782453547,0.000665851453785134,0.000790747893490129
"14x15",0.00200273724541323,0.242335567356137,0.0193764025316349,0.395670272850455,0.000641171850135061,0.0596598842529739,0.278075960688428,0.00179700282304344,0.000441000401779932
"12x15",0.00476406467957683,0.236597529422342,0.0762915367711636,0.0532359959117992,0.00100411033892384,0.115409348975823,0.510452876073282,0.0015488084663213,0.000695729360768079
"13x15",0.01020199149585,0.362822010784261,0.0542137878029945,0.18202728026478,0.00131074561473039,0.069940170316473,0.317008903661457,0.0019068165617796,0.000568293497674259
"8x15",0.00561435021393022,0.243295430394326,0.0688719106538902,0.123573404212168,0.00218241567813889,0.0931755540567305,0.459795073245686,0.00295921986721492,0.000532641677914878
"11x16",0.00413927289585176,0.203956194829839,0.0467110869133863,0.500386610682707,0.000311009702755141,0.0423856102197822,0.20103098206652,0.000979514200133311,9.9718489024745e-05
"22x16",0.000538696732491506,0.33015195080731,0.0082019084176209,0.275741022225853,5.07965523658904e-05,0.0295755709749593,0.355298861873815,0.000395604869385087,4.55875461988422e-05
"27x16",0.00075767762785139,0.277190272787155,0.0384685370666306,0.007224983913798,0.000167135470501785,0.0166002859205799,0.655054054924988,0.00437748529688215,0.000159566991612908
"26x16",0.00161701629513739,0.483023365699741,0.0242361405044235,0.154976172391438,0.000217470143843778,0.0255307260979871,0.307962151252484,0.00219395790811004,0.000242999706835276
"25x16",0.00216582981306672,0.352683239311352,0.0204296984713374,0.166878201563362,0.000323777361786327,0.0262905487393821,0.430024497499747,0.000996629254417593,0.000207577985549256
"18x16",0.00150890444817128,0.263476313481374,0.0135387613611175,0.15227060680974,0.000447572335050785,0.0627104888004987,0.50509275954204,0.000807172651017841,0.000147420570989978
"20x16",0.00167766450859852,0.303716862753337,0.0347148246425889,0.303265707816063,6.82140131121952e-05,0.0561803819040354,0.299911635103206,0.000422749372646633,4.19598864123841e-05
"21x16",0.000862604384748756,0.205821113467574,0.0348362668527581,0.491117568435344,8.76378609876712e-06,0.02408779461001,0.243191473744058,6.67617404962047e-05,7.65297891231753e-06
"10x16",0.00967242917948898,0.388398540618772,0.00235607060056497,0.063992380613741,0.000352728517009906,0.105338304161662,0.426391262909389,0.00218634512057099,0.00131193827880059
"17x16",0.00654657838337105,0.416139524934413,0.0149845087731126,0.133991298972205,0.000217650592187656,0.107945386079452,0.318557147061048,0.000840841485567275,0.000777063718642595
"8x16",0.0120165947909339,0.112163238579804,0.171353912279706,0.171911787534667,0.000126605624735182,0.0308370475189512,0.500021606889899,0.00104740366834731,0.000521803112957269
"9x16",0.00871556988688305,0.158047839071506,0.0293240295098472,0.420992697112944,0.000331638145810048,0.0177011954545553,0.363298207030032,0.00130229176719853,0.00028653202122359
"16x16",0.000863392322690174,0.287593213954205,0.0515077587254257,0.0616238488431837,0.000252761614578691,0.213148406944786,0.383753062015537,0.00115369802291571,0.000103857556678262
"19x16",0.00391175606460713,0.289782548605534,0.0829958259560935,0.191032779837664,0.00154103254342644,0.0577235567552636,0.370371327813241,0.00135944679920342,0.00128172562496648
"6x16",0.00290513865871614,0.314064429196447,0.0622859441890247,0.164872896096847,0.000399971188348324,0.0789988605283923,0.375179368349705,0.000979747388289918,0.00031364440422947
"23x16",0.00161459223862772,0.218156851237204,0.0391712614666136,0.54484707343603,2.84258258901116e-05,0.0262773598076281,0.169685247638788,0.000167212833106363,5.19755161119822e-05
"13x16",0.00769632657479025,0.280410783703086,0.0048517419548604,0.38612121865466,0.000598630775829228,0.104397239630711,0.213711209785323,0.000623570855665724,0.00158927806507334
"12x16",0.00444405529166042,0.188108384789073,0.024912663985609,0.262247165695959,0.000476781428133108,0.0769532988396257,0.442054504443606,0.00038562247073947,0.000417523055593677
"24x16",0.000400409932831488,0.400424037601184,0.00551579146232367,0.331707348570408,1.89989092399269e-05,0.10375923551349,0.157882907629167,0.000284984237927798,6.2861434281634e-06
"15x16",0.00180400445615755,0.190975320726373,0.0646901840283682,0.380086741523636,0.000665750532112137,0.0609417132235145,0.297592230707488,0.0020518845853148,0.00119217021703685
"7x16",0.00866642531526406,0.269144939849587,0.0737788045566549,0.142748639133656,0.00050892270857266,0.0920126038070257,0.409545952616029,0.00304431798621824,0.000549394026992845
"14x16",0.00510405581717467,0.282105582281412,0.041558400989354,0.237147217003463,0.00031387538687305,0.121156746710065,0.309375261088449,0.00244255621516911,0.000796304508040058
"22x17",0.00140620796037895,0.291335060469139,0.072150801206957,0.243260320630282,0.000145261156543027,0.0930931488400076,0.297569503043408,0.000720317395231565,0.000319379298052751
"20x17",0.00442908795945762,0.322232585533863,0.0226502772485941,0.0473202431650218,0.000108697151904436,0.0720469084806513,0.530505232899187,0.000633674781504047,7.32927798174432e-05
"27x17",0.00348502635549234,0.451086185715828,0.0113184775319453,0.16235667328772,0.000405843261471368,0.0513954832427046,0.318025661290013,0.00134163907965773,0.00058501023516648
"28x17",0.00215241411026925,0.192932870370778,0.00148299471566718,0.0974365276018123,0.000131485319028736,0.00946068742195343,0.695438003682935,0.000873923294953402,9.10934826025691e-05
"13x17",0.0011211682492748,0.244774210954979,0.0164787972244906,0.402264524708422,0.000489726686256205,0.111447750297035,0.22304495959525,0.000244657743205837,0.000134204541086606
"11x17",0.00925812523199394,0.322639615198083,0.00748632511464522,0.272407698284796,0.00115471259463126,0.0955449471867254,0.287581333307718,0.00285090320939853,0.00107633987200862
"14x17",0.00512344843935011,0.327028681696275,0.00529809452344873,0.279024879474165,0.00201903451391032,0.153012215905361,0.225247843456087,0.000593104288050628,0.00265269770335213
"19x17",0.00369707081793873,0.194417029255295,0.0193438296549965,0.108267439448488,9.96412093035842e-05,0.0457852664866933,0.628004988141759,0.000323349683277512,6.13853022486358e-05
"6x17",0.00355706864910996,0.171764909142331,0.221946598682521,0.0153447245469098,0.00120489592151387,0.0855712551597723,0.493863054982617,0.00651218920052502,0.000235303714700424
"16x17",0.00686711366229206,0.252853378110904,0.0594630889709873,0.106960036233212,0.00196695725256083,0.123514762883736,0.437472939204154,0.00962991893441441,0.00127180474773957
"21x17",0.0023413259241229,0.107728866247883,0.0737269822098753,0.23437744011591,5.61896274612029e-05,0.0671125227126809,0.514248591756027,0.000365725550387047,4.23558556522324e-05
"23x17",0.0015481100124935,0.433473573024607,0.01596842838158,0.38296754233605,1.51171603967821e-05,0.0252958217749597,0.140397658770444,0.00028704640470732,4.67021347622902e-05
"26x17",0.00549207442923047,0.488848306799089,0.00546093825674834,0.0840652391228137,0.000405257908922567,0.0930432034558959,0.321929103369501,0.000573898829951456,0.000181977827847904
"8x17",0.0144329848643597,0.181611088678504,0.0165787742930777,0.20511485605009,0.00214326542308022,0.084550904961181,0.490857930315392,0.00207008073225027,0.00264011468206458
"25x17",0.00308076169047915,0.482712807958144,0.0778616101295842,0.0808533121015159,0.000336750266157729,0.122325012543921,0.231471614887027,0.00118569159898682,0.000172438824185564
"17x17",0.00217308391936488,0.376015586131497,0.0304756244712493,0.162185892745983,0.000149416200330853,0.0577746984128192,0.36857158098259,0.00257200560043393,8.21115357311114e-05
"9x17",0.000398743691216998,0.164191781796006,0.102761470311621,0.245530361146736,7.01997923454043e-05,0.136687260488624,0.349724577167344,0.000453090778334331,0.000182514827771385
"10x17",0.00491518649110061,0.200715887707833,0.0334644855481828,0.310717036302628,0.000308711511474915,0.0256454475390722,0.423368008071998,0.000632034075548894,0.00023320275216123
"18x17",0.000860981338650751,0.336787124389226,0.0886499808690762,0.17218895592005,9.34581284923333e-05,0.0455518857804405,0.355073674398747,0.000743898631310899,5.00405440055062e-05
"15x17",0.00406421320901928,0.237595547789183,0.0144900470975291,0.373512067027002,0.00057003778424228,0.0993770002519621,0.265732911161837,0.00371083289428651,0.000947342784939126
"7x17",0.0013437207627207,0.325380885556765,0.00784664375110286,0.156790381980041,0.0005284374660734,0.0950301224425419,0.409964643073277,0.0029228326872358,0.000192332280241332
"12x17",0.00411955393883362,0.295113572143165,0.0182037311769493,0.261429188152803,0.000307071509996674,0.153888660250681,0.264877405746883,0.00130425548637128,0.00075656159431721
"24x17",0.00482625395970276,0.283454089335504,0.0657055941506738,0.270420410347828,0.000649107945994273,0.0600404372713887,0.312609999460474,0.00157252084249233,0.000721586685943223
"11x18",0.0211584387697739,0.287141359293743,0.0500254943947898,0.18940181561882,0.000301837602415962,0.130761990571568,0.316821208342268,0.00369018799016114,0.000697667416460551
"22x18",0.000883950589094505,0.298283741408752,0.00905233120513914,0.0385968591902676,2.43451362143307e-05,0.0540207381425231,0.599011530786193,0.00012098292432789,5.52061748847606e-06
"28x18",0.00248115999463971,0.41958247867727,0.00644008456980257,0.0234925502233939,0.000336282841125082,0.0515716865686147,0.495287423707456,0.00061541696584932,0.000192916451849321
"21x18",0.00483190492034511,0.174396638639501,0.00514059024487456,0.0937282350477406,0.000176161511159983,0.0184870960844667,0.703086261854061,0.000134301086990518,1.88106108603455e-05
"20x18",0.00469440715489044,0.316625448995495,0.0096460119448039,0.0678292425315274,0.000268070854403743,0.0825739756017641,0.517616033908354,0.000499700170103102,0.000247108838658068
"15x18",0.00250954908912088,0.173638205369031,0.00590069100269675,0.568832531606624,0.000349448636336777,0.0836313413658827,0.162813699638332,0.00178077293193348,0.00054376036004279
"25x18",0.000247046707207263,0.431113242942591,0.0447393602542304,0.0428588022445668,3.18803687827485e-05,0.105302681023516,0.374076924381517,0.00162409832529365,5.96375229473375e-06
"27x18",0.00727251231583992,0.476526637914891,0.16430125816457,0.0108002020792904,0.000179478483476279,0.0560239013067616,0.283905868929766,0.000896933080572715,9.32077248324367e-05
"26x18",0.00196941829174309,0.484195678739941,0.030544222552707,0.207597964400532,0.000138641536381802,0.0522937310502621,0.222350374434462,0.000658630342335842,0.000251338651634611
"10x18",0.0154176151361366,0.24009147341115,0.0114730397542887,0.289759451076871,0.000943619480534294,0.111121092147303,0.327725215151871,0.00135542585328194,0.00211306798856349
"29x18",6.31151906499561e-05,0.212798875359162,0.00175183046689489,0.0225811308948767,1.57730442745396e-06,0.00410253915536448,0.758624400434415,7.61674143309322e-05,3.63779878159576e-07
"16x18",0.00325482097939189,0.287261375004108,0.01542729325442,0.294088159286109,0.000209343792199035,0.0741446574499067,0.32441840261648,0.00108532293052406,0.000110624686861327
"9x18",0.00896582636827351,0.315233381648848,0.0604408973631894,0.144803132965789,0.000710512687526458,0.0815065029262697,0.385203552494689,0.00235290471996482,0.000783288825450314
"17x18",0.00438049283581995,0.213992934068063,0.0201306507388796,0.341863242899673,0.000911973744416782,0.0661699008766209,0.351094263008677,0.00080247508564538,0.000654066742204194
"8x18",0.0038220103447381,0.203145937410706,0.220198685696517,0.00734269352017215,0.000784786072195298,0.0712333365083324,0.492111477830718,0.000689695047216658,0.000671377569404618
"19x18",0.00161723304840574,0.392422319981842,0.0631252994281683,0.0978584126889101,9.30600625890191e-05,0.0317335703164872,0.412273651724336,0.00082466662145246,5.17861278094828e-05
"23x18",0.00281032648943153,0.322036389230832,0.0403990830761366,0.245814305371695,0.00023457489963411,0.0331488433654989,0.353884519670883,0.00150554223129738,0.000166415664591261
"12x18",0.00209074051177567,0.374983542581881,0.162260916986241,0.0543715917391936,0.000283855396359668,0.110102185283677,0.295015514805265,0.000727395381174402,0.000164257314431921
"14x18",0.00385690568101519,0.271342152924672,0.161648901536255,0.192564734754826,0.00146792939468583,0.0912042432924406,0.275279095239396,0.00161418682661255,0.00102185035009601
"7x18",0.0279027055490052,0.261168008383192,0.138290839132152,0.0605699640907926,0.0024014871755048,0.0797416330128382,0.418561131583442,0.00647839688533512,0.00488583418773727
"6x18",0.0183856773757119,0.186258936104265,0.0133610515073537,0.490629554324599,0.0116417558176838,0.0353188928122075,0.195796930922571,0.0173366487760239,0.0312705523595835
"24x18",0.00294708351218042,0.352822357166328,0.0372876685691043,0.143477102722654,0.000510652332968404,0.121570941135622,0.338971043410116,0.00218322552387609,0.000229925627149537
"5x18",0.00320133879733212,0.17889565426235,0.137941469445622,0.122133073572384,0.000177799212730872,0.0323210462950736,0.524915074746725,0.000370319263845642,4.42244039368156e-05
"13x18",0.00567115604652228,0.289274604863971,0.0227496495338563,0.385099927579648,0.00442025806319943,0.0904706381784946,0.190546723993857,0.00373360981360086,0.00803343192684954
"10x19",0.0122639434216011,0.200679309018274,0.00502450937554592,0.466669103798793,0.000661256180896078,0.0715843165421159,0.241570191089828,0.000643864567143947,0.000903506005801289
"22x19",0.00393454720244751,0.203379173237176,0.00421248163640902,0.0681942452090691,0.00103918171210605,0.0232979089790121,0.692436533665181,0.00247936443637769,0.00102656392222162
"29x19",0.00875770995065757,0.187513284952869,0.0103065127276395,0.037309326130534,0.000887888308703963,0.0787430224148282,0.674099470287342,0.00222291316266824,0.000159872064758041
"28x19",0.0050842981589061,0.443277627410323,0.0263714094281078,0.0297637068546184,0.000123241119241332,0.0556709940052256,0.439086273600675,0.000309986774332668,0.000312462648569873
"31x19",0.000269364591416747,0.046785976967023,0.0173039724307417,0.144140095356717,1.4786837868436e-05,0.00694682166001865,0.784331261153606,0.000205621069249348,2.09993335882324e-06
"32x19",0.00152511815704831,0.200757801055669,0.0118658981720422,0.255065897387305,8.30503530749439e-05,0.0169328846362303,0.511750220757555,0.00195319628063888,6.59332004366392e-05
"30x19",0.00025962557550352,0.184476808322891,0.00193992103967778,0.00286455173025488,2.52845271717063e-06,0.00140012584694946,0.808848669767153,0.00020751330164625,2.55963206694416e-07
"11x19",0.00736298334564704,0.285739194709794,0.0298404285215221,0.188678767313357,0.00159606878520476,0.0706266214096976,0.413016807314235,0.00196304268488442,0.00117608591565711
"9x19",0.00388292919714192,0.254161539092764,0.0155803603166406,0.437560832217296,0.000870069235115703,0.064003429856729,0.220071128151037,0.00307461233252392,0.000795099600752072
"27x19",0.00372322838651838,0.425326494630832,0.0480802595708963,0.136068196636461,0.000404309292288746,0.0818491619412029,0.303415398620909,0.000898076081065917,0.000234874839825418
"18x19",0.00166368991990294,0.32042858172379,0.022336378907802,0.207758457336531,0.000200288792505707,0.0469927228172255,0.399992848420112,0.000404035268413832,0.000222996813716772
"20x19",0.0010372349158024,0.137014224757808,0.00140771622195514,0.202734877156663,0.000127702486855007,0.0319093149134187,0.625267019168402,0.000480463612203139,2.14467668931277e-05
"26x19",0.000906885249002125,0.433547910399373,0.102211385077536,0.0872778566552107,5.67227159008891e-05,0.160376574089745,0.214951372483665,0.000624075381474047,4.72179480926944e-05
"21x19",0.00879808464282156,0.128073691514707,0.0159418701611001,0.0777841556007512,0.000855023675938348,0.0799266192194748,0.685416481375587,0.00197819587622814,0.00122587793339203
"23x19",0.00218843075828091,0.376229421977648,0.00863193944545949,0.0211363038976915,0.000503115641664812,0.0318907394498153,0.55846945808211,0.000708547311040796,0.000242043436288426
"5x19",0.00638242603019258,0.225765018784246,0.00480995452873294,0.342312137974758,0.00117594879507327,0.024096514415809,0.393044202818213,0.00177853734498308,0.000635259307992144
"19x19",0.00281411450993192,0.169577891285324,0.012943040017199,0.133773681071962,0.000176429431807399,0.0459051970193778,0.634583288645352,0.000198766168429872,2.75918506157014e-05
"17x19",0.00344959594519458,0.292824871805855,0.0183896564240846,0.177881671136023,0.000195481537882255,0.0972950794741887,0.409629111531045,0.000247698334586345,8.68338111414705e-05
"8x19",0.0149882410146879,0.281356044076714,0.0228603129701471,0.198623465961423,0.000677383247999092,0.0729439213373113,0.406854731815722,0.000619803350727159,0.00107609622526828
"15x19",0.0117369703398145,0.224409385152858,0.00869204703482823,0.371653705816877,0.000833764031475609,0.0910700291732448,0.290054085766694,0.00113142868186903,0.000418584002338222
"25x19",0.00340271633103447,0.431284081726469,0.0337825797805701,0.0512787945235098,0.000372070287844092,0.143019177202772,0.335206514619526,0.00094315711882947,0.000710908409445349
"16x19",0.00246697944411311,0.34010069797427,0.059129607910148,0.0980004252929925,0.000543859592332301,0.0762384416196218,0.422114696069316,0.00111876716916865,0.000286524928037249
"13x19",0.010050918149467,0.321897215847258,0.0366277287008079,0.145891615389731,0.000699331026678324,0.148636721333247,0.333556995978563,0.000984029564681387,0.00165544400956641
"24x19",0.00194996681994248,0.465746701647963,0.0060886696301259,0.045292954261166,0.000201916646391049,0.0193900180162665,0.459161192109422,0.00210326210212605,6.53187665972171e-05
"6x19",0.0037165532895637,0.168617821675252,0.0599599992312269,0.138307312599156,0.00531714101341608,0.0555115759700468,0.557642284242919,0.0042210112180241,0.00670630076039604
"14x19",0.00880041499449562,0.305817636481374,0.00890133022339772,0.269624687589518,0.000453763628683945,0.0653361683400757,0.339170910674807,0.00170735806654734,0.000187730001100973
"12x19",0.00499468554492888,0.3061156629806,0.079646191528198,0.237267759215147,0.000598505278594572,0.0825482116852698,0.285821931139841,0.00255998753527764,0.000447065092143638
"7x19",0.0231860501214226,0.192645147070081,0.143204947582805,0.172143739430196,0.00213756480733992,0.0349779579968991,0.426522553293721,0.00257147886559532,0.00261056083193969
"22x20",0.00364293215339151,0.150520005118448,0.00302839802053616,0.180544116899111,0.000366382327766695,0.0252189050855686,0.634912275981298,0.00159281074764685,0.000174173666233325
"20x20",0.00246752625794817,0.0830235394623536,0.0022410007439039,0.0331991152567009,0.00032252740370099,0.0343512299092015,0.843750353483841,0.000581866602625325,6.28408797246034e-05
"26x20",0.000740457603317181,0.505885158767684,0.00303676349137543,0.0487759760921563,9.67290599448708e-05,0.26414528136037,0.176939968653142,0.000369931829211604,9.73314279879358e-06
"27x20",0.00108352224625516,0.380140919309217,0.00267982556667177,0.0167253592082078,0.000167128798000234,0.231152822239557,0.367653139589898,0.000361000095040035,3.6282947154066e-05
"25x20",0.0169511925724886,0.451606346046307,0.024238245780842,0.216718615255479,0.00059881314527942,0.0520874834088108,0.232287296780694,0.00443503409695033,0.00107697291314797
"32x20",0.00261850639598481,0.215781652340458,0.0741580504089656,0.165850697483464,0.000302693293665425,0.0316828921891936,0.502362836308363,0.00625209548497165,0.000990576094933834
"6x20",0.0291141942508826,0.224684146557878,0.052957366980015,0.214198620169006,0.0311753590369499,0.0894608594952375,0.308153521290147,0.01287032300819,0.0373856092116941
"21x20",0.00261182337408837,0.0526432718942243,0.0102826603823236,0.0512943423285725,8.88308287266842e-05,0.00480120894626525,0.878164838102864,0.000102322604283725,1.07015386515618e-05
"28x20",0.000680036239432983,0.301311658425064,0.0283497573458931,0.00367534237233683,6.58032902112876e-06,0.122552341036888,0.543245015596935,0.000176589421964092,2.6792324649828e-06
"31x20",0.00617160825205532,0.170109134416585,0.0221883441688061,0.19165935390087,0.000520971314893122,0.0481437455570082,0.552367112033363,0.00851667016183075,0.000323060194588733
"19x20",0.00584307409982113,0.167320590160318,0.0116866662894889,0.141378550329625,0.000935838923573613,0.0373062588755666,0.634176653555789,0.000955994985889544,0.000396372779928006
"29x20",0.00917325881405336,0.394972837489548,0.0339996582975694,0.0185514090743942,0.000215110906889607,0.0996045739048331,0.441889147781477,0.0013010802249571,0.000292923506278164
"30x20",0.000728941220628335,0.296898525457053,0.0144576561378212,0.190914702335042,2.96097119286959e-05,0.0621657384940074,0.434118713341151,0.000655022798645657,3.10905037225871e-05
"23x20",0.00121627308412405,0.172650418815489,0.00165060168202743,0.0292163594895769,0.000243663852768068,0.0212262366856742,0.771453674565867,0.00217611029166515,0.000166661532808194
"13x20",0.00842898566882679,0.360123258002168,0.00870429394278139,0.241254004682191,0.000453556924260388,0.0984988025594288,0.281002849515817,0.000516346302292256,0.00101790240223385
"24x20",0.000796059051009841,0.285068990053673,0.00512721165207907,0.134194920404154,0.000138149335956864,0.064655692114899,0.509454520465607,0.000543733003133102,2.07239194885656e-05
