"","Endothelial","CAFs","PVL","Plasmablasts","T-cells","Myeloid","Cancer Epithelial","Normal Epithelial","B-cells"
"3x7",0.0226017693066849,0.0297545741512358,0.0162009216566889,0.177097152726098,0.0637191944997969,0.015625101820859,0.407239411255628,0.0837018256320547,0.184060048950953
"2x7",0.0243944489505729,0.0406446101999865,0.0165975874088997,0.201519150763792,0.0999709335804096,0.0263132595084746,0.372455576737149,0.0634070720802073,0.154697360770508
"6x8",0.0224106344338148,0.0317346749721474,0.0150145064373884,0.260493304567419,0.0309446189102291,0.0210464944456722,0.451723775684164,0.0584827221640421,0.108149268385123
"5x8",0.0191331969038941,0.0128257907849148,0.0123011739220195,0.293982160799058,0.0137221747722538,0.0117222845402299,0.568861534146415,0.0135597166439183,0.053891967487297
"3x8",0.0365568849170063,0.0224029238958282,0.0147719532604476,0.20200777763165,0.0777817328395782,0.0107494969128021,0.428796218063069,0.0361099656605873,0.170823046819031
"4x8",0.0204415863507635,0.0277269108130406,0.00803485502213444,0.209923348529729,0.0616992102706232,0.0114377792233817,0.386874651125602,0.0866721357885109,0.187189522876215
"2x8",0.0300490802435795,0.0317286407263673,0.0183656912313325,0.201266101584879,0.093536196197713,0.0190925836127964,0.442642179852229,0.0584073897212212,0.104912136829882
"9x9",0.0285180143792807,0.0311924602901136,0.0104888330488586,0.260026543635031,0.0710179253272727,0.0222995470073305,0.377405797836755,0.0715013964805799,0.127549481994778
"10x9",0.0181299364684111,0.039687218706669,0.01259011086379,0.292095847489667,0.0348622016489315,0.0236057882750699,0.380369907212749,0.101196494784916,0.0974624945497965
"4x9",0.0269034530703255,0.0343872163301274,0.00875568734765771,0.243141096399827,0.0587931931654279,0.0291871654307143,0.446225893955457,0.043690848008457,0.108915446292006
"6x9",0.0252315649259856,0.0366416157424848,0.00550987307173062,0.319874467036839,0.0276523334089318,0.0626052453706861,0.434579785568802,0.0503138433608898,0.0375912715136509
"3x9",0.0330207405400927,0.0429743984317392,0.0145635842897721,0.267607202894638,0.0374512885111892,0.0395939361181081,0.45486350139612,0.0440674517568968,0.0658578960614429
"5x9",0.0329587006275639,0.0429181396485261,0.0206741186379284,0.238911221821357,0.0253739961829096,0.0602116076616007,0.42994567840035,0.0313545815451012,0.117651955474664
"7x9",0.0199826652145027,0.0265976507587981,0.0117869868783614,0.297795683492192,0.0398635330290706,0.0286051581567628,0.427842163270526,0.0379401097251586,0.109586049474628
"2x9",0.0281047294005744,0.0362185717794711,0.0121714841576447,0.192120936976799,0.0335877646908398,0.0448628911699945,0.476018539290323,0.0721389301635161,0.104776152370837
"11x10",0.0309538279417057,0.0267375281041646,0.0127385833732732,0.211898637709647,0.0669867095780453,0.0174162318075159,0.51122931009202,0.0544388893457152,0.0676002820479132
"10x10",0.0143730848109639,0.0693175964916355,0.00907029342204772,0.25320819573777,0.0232300204512651,0.0323804211179443,0.415335224562186,0.0934301004882125,0.0896550629179754
"8x10",0.0146304548932906,0.0376227631924249,0.00864754228466249,0.283958828299951,0.0324065525028442,0.0313008656618336,0.493229755235727,0.0522119326421806,0.0459913052870852
"9x10",0.016178403414528,0.0297000767018168,0.0145941975400544,0.252539745597102,0.0311831191009513,0.0231925613206874,0.550329593789909,0.030781665234282,0.0515006373006686
"7x10",0.0226453187882824,0.0559229033416492,0.0117888643502167,0.294736549473096,0.0638447844478412,0.0764384371612084,0.368413728506837,0.0431276605257221,0.0630817534051473
"6x10",0.0256211561824156,0.0351503102007411,0.00417397572189029,0.24272574943257,0.0405340900905167,0.0483144025846297,0.440326874606614,0.0694829308836726,0.0936705102969499
"12x10",0.00758953114747029,0.0208966398836049,0.00731398236208736,0.252552255481841,0.0279422907047633,0.0196598736333213,0.581345029088648,0.0448061229083592,0.0378942747899053
"3x10",0.0173112147772394,0.0464211989816843,0.0128436812890042,0.241540366951331,0.0364835516113698,0.051609188578506,0.425077363416023,0.0701036461576195,0.0986097882372227
"5x10",0.0206287504262733,0.0390417114734451,0.00820323822589634,0.338193089429199,0.0155448099469609,0.0462285528023434,0.370975642480802,0.0687705379634129,0.0924136672516671
"4x10",0.0210145019221386,0.0450248890766712,0.0167042945161407,0.277669180961355,0.0433422594352789,0.063324799772708,0.372678834634126,0.0548499957888212,0.10539124389276
"13x10",0.0327625747154345,0.0253351296486956,0.0173418909205789,0.276082812776678,0.0269543443204809,0.0211604364402732,0.53902271700848,0.0261963155657343,0.035143778603645
"16x11",0.0220014998213569,0.0388035498083142,0.0150898112950682,0.244129410063331,0.0298426937875495,0.0415595499647096,0.45340089333947,0.03934171546379,0.115830876456411
"9x11",0.0270750527776191,0.0326869571202963,0.0130347657851766,0.197689599517094,0.0153622611265159,0.0352527710078898,0.584684051599298,0.0432886637937216,0.0509258772723893
"10x11",0.0176102149583782,0.0315998877737491,0.00528764727664535,0.306220141803833,0.016855044700544,0.012286597756442,0.542263268831623,0.0357159090615167,0.0321612878372686
"17x11",0.025200225569688,0.0338628669667773,0.0140893873496027,0.38257334953423,0.0362204456698772,0.0193971241910346,0.336336456101758,0.0519321525529486,0.100387992064084
"8x11",0.0149405607801809,0.0367187764484508,0.0062544130046612,0.234284945593755,0.0566504521067711,0.0376254929995496,0.467895144258679,0.0521044582579249,0.0935257565500277
"7x11",0.0242098547465673,0.0326257362353936,0.0137434496814315,0.345491252871961,0.048286702927373,0.0395719015127922,0.349574421605989,0.0507415793171564,0.095755101101336
"14x11",0.0297306619652683,0.0256561517150959,0.0096687735354224,0.342532911906024,0.0297923487187249,0.00874884985603294,0.437338281610362,0.0239405385842172,0.0925914821088525
"15x11",0.0301664639932008,0.0318171102673072,0.0104998130145123,0.28492867357586,0.0558648155101306,0.0186899864838911,0.409058480027027,0.0460700737452883,0.112904583382783
"4x11",0.0170666345871311,0.0244961991103837,0.0161298783500463,0.3119970374443,0.0564156865920239,0.0304080619836394,0.302100051034674,0.0479760826511535,0.193410368246648
"5x11",0.0106917095582254,0.0399986744487505,0.0111076000795716,0.283817370121347,0.038109320178552,0.0500566137385572,0.375996510161315,0.0852708591099399,0.104951342603741
"6x11",0.0127466890856321,0.0483154333699634,0.00996712231022105,0.249718779386135,0.0621922419612726,0.0479215696789981,0.356366573546955,0.0389562715024813,0.173815319158341
"12x11",0.0203478004110879,0.0278949249845089,0.00981174942258118,0.285448706008168,0.0218290109343927,0.0142003918042595,0.511857857293827,0.0471273662309961,0.0614821929101793
"13x11",0.0159338984104362,0.0152542950166662,0.0182496671629328,0.220344698944743,0.0474591949328071,0.0156670735785302,0.572295170696956,0.0332062555859456,0.061589745670983
"11x12",0.0205653245864983,0.0182886163716399,0.00773383100422114,0.247719376719083,0.0192324804449467,0.0314526086171754,0.611305575510893,0.0103039734223125,0.0333982133232307
"16x12",0.019049604713087,0.0462492238279026,0.0218380595074018,0.32421906202479,0.0217827812438462,0.0541673628015437,0.389903129990639,0.0350747109276788,0.0877160649631115
"19x12",0.0219431088230114,0.014663008677595,0.0146429887251575,0.319774019831509,0.0305544880227593,0.0313714631998429,0.522270479040409,0.00669893324198943,0.0380815104377265
"9x12",0.0235191711777022,0.0494330160819182,0.0140616073938946,0.29904363247626,0.0381584302284138,0.0390889814812371,0.42737501301737,0.0539949922996313,0.0553251558435726
"17x12",0.0142405026803329,0.0297897289589143,0.017165014959566,0.403869498407481,0.028901703757077,0.0269505244505336,0.356590960759444,0.0427302774584494,0.0797617885682016
"12x12",0.0373347390694361,0.0293449748137335,0.0121686935119292,0.208793822590926,0.0428688238175437,0.0277452239445234,0.531516752516549,0.041088123496831,0.0691388462385278
"8x12",0.00904350874947098,0.0445854200549395,0.0146062587447486,0.250892186019793,0.0273177437412115,0.0524125815706062,0.455930030484313,0.0927400055259737,0.0524722651089441
"10x12",0.00807478353957906,0.0377721635415353,0.021474038754762,0.303959865805772,0.0114766140844851,0.032058228653157,0.51042111444755,0.0531409622441417,0.021622228929017
"5x12",0.0145299400858073,0.0359960122084447,0.0123700792240701,0.240831986929982,0.0541378745738682,0.0295260497515836,0.415066317788271,0.081977024959502,0.115564714478472
"6x12",0.0167999641654315,0.0472813727066521,0.0124982161730801,0.302614962412476,0.0570517457064682,0.0304114922120967,0.351504226101776,0.0584065435048403,0.123431477017179
"14x12",0.027687301310714,0.0285607691972473,0.0130936240733823,0.217162733326123,0.0508838993854552,0.0221059980115094,0.472750236738251,0.0478083043964614,0.119947133560857
"18x12",0.0218986284015262,0.0290167156478728,0.0138424739531486,0.247715133344,0.00889013644515867,0.024713842872704,0.622413640681041,0.0064691148074487,0.0250403138471003
"7x12",0.0376420232012019,0.0576876056104638,0.0120243496341932,0.285207883454065,0.0613430604337612,0.05013684311513,0.338078616599166,0.0692296776454557,0.0886499403065637
"15x12",0.0196704938409396,0.0227571040305557,0.0128467640644264,0.32242421357569,0.0283111452987934,0.0124063366524431,0.47685976834531,0.0390861282800384,0.0656380459118038
"13x12",0.0213371220532604,0.0471409601513482,0.013916081136049,0.18000562778751,0.0610776156382084,0.0241152570921609,0.491819538773296,0.0331119209435655,0.127475876424601
"11x13",0.0246813561131753,0.0340542558050366,0.03043148433156,0.237142950372275,0.00987492651693517,0.0346722224151705,0.543032084056385,0.0551122239149837,0.0309984964744784
"20x13",0.0135444809593911,0.0241853243965794,0.00803192950210244,0.196853414463639,0.114686200486867,0.0183428420224328,0.424034767495812,0.0660911558928327,0.134229884780344
"9x13",0.0197004307366258,0.0264812801901633,0.0105150925481388,0.309511619466783,0.0147657181546126,0.0490113168899365,0.492942639519115,0.0494441415200972,0.027627760974528
"6x13",0.0296822320632252,0.0565507580450293,0.0155517038549634,0.273268098748174,0.0402152718329265,0.0523240303696184,0.323096678249096,0.0858883920012218,0.123422834835745
"19x13",0.0439677948769924,0.022207573840678,0.0187899562840539,0.148868361096824,0.0776589268579117,0.017276306731984,0.466576147122879,0.0797838119237447,0.124871121264932
"10x13",0.0258639565269524,0.0654290302828564,0.0154574519260665,0.178737410304586,0.0306338070533837,0.02319251251615,0.570005667841269,0.0545756464951361,0.0361045170536002
"7x13",0.0208141337275045,0.0311513737004601,0.0165752372497094,0.177589580421395,0.0577887594108226,0.0324308323025569,0.459869183130745,0.0483531904335182,0.155427709623289
"17x13",0.0152709914539685,0.0285822364106382,0.00874585365196114,0.37651327084868,0.0328558878251318,0.0119284939461242,0.42652767580795,0.0269680161399837,0.072607573915563
"16x13",0.0173605109683124,0.024365959124075,0.00790174308088822,0.434000885158103,0.0230711303747929,0.0380337613603213,0.343069355270929,0.0386227350506389,0.07357391961194
"8x13",0.00988535945486207,0.032077648699606,0.00367676252877265,0.284123952665983,0.0153460280621299,0.0141755292220595,0.493721125529962,0.0668994078662576,0.0800941859703677
"5x13",0.0180598632519263,0.0387307547810997,0.0273188913085343,0.213782354362483,0.110734453451973,0.0166726520203448,0.334070802168111,0.0821818960202349,0.158448332635294
"15x13",0.0149812862093343,0.0191054696234693,0.0115706632837184,0.386349470991283,0.0524957438344182,0.0160924213774968,0.404689311448369,0.0240684998465223,0.0706471333853882
"12x13",0.0378662443039854,0.0280842566803708,0.0262693831328708,0.251145498007739,0.0242320314875694,0.0302410675296569,0.478759251303921,0.0263213422705205,0.0970809252833662
"18x13",0.0126166291321675,0.0339122347937469,0.0100512411271351,0.237468211194244,0.0658497312700883,0.0286863612002676,0.461905283025285,0.0398329779739125,0.109677330283153
"13x13",0.0204806108039885,0.0276119186769332,0.0109839854400913,0.317444040511862,0.02340150725476,0.0155681697555151,0.491469827337567,0.0334307472304252,0.0596091929888576
"14x13",0.0155337197279295,0.012217884745128,0.00889418626338636,0.266570034683152,0.0245032381352038,0.0362224576747728,0.580613497993193,0.0209265449842259,0.034518435793008
"11x14",0.0410643270775723,0.027092768417012,0.0114198072769089,0.243159018502653,0.0511272721726325,0.0244082009251849,0.504444513040789,0.032941380977658,0.0643427116095891
"8x14",0.0242148556490521,0.0704362263779801,0.0147979775788092,0.307702947542344,0.034454045930648,0.0579487057013719,0.344170030418965,0.0606822463216341,0.0855929644791949
"9x14",0.0175064842680131,0.0386611201736949,0.0182358826327727,0.198613396253555,0.0394730114342276,0.0371917520272793,0.561609522222827,0.0396735329997034,0.0490352979879267
"20x14",0.0235868429595922,0.0286045315832663,0.0101991102102177,0.222652642411632,0.0367074756887206,0.0240029526349963,0.406673297369632,0.0326933947558383,0.214879752386105
"19x14",0.014064813063649,0.0548719744895502,0.0173226317553881,0.131790259618183,0.0729482581829906,0.0170556479219972,0.434609851411015,0.15389887625846,0.103437687298768
"16x14",0.00829672491143226,0.0246036602420335,0.00256640618753023,0.516250945917783,0.00627204251001444,0.0229858316837186,0.400377948497423,0.00984587830447135,0.00880056174559335
"17x14",0.0145744786827409,0.0330671639366734,0.010622799787922,0.32834230532386,0.0391186299846262,0.0340054151833812,0.374527196045402,0.0310602317725846,0.13468177928281
"6x14",0.0104024992551565,0.037403542733136,0.00689869377782342,0.327357502957512,0.0309466075702657,0.0368282483813339,0.429825055571822,0.0675157887404186,0.0528220610125316
"18x14",0.0233723466764045,0.0291727170042595,0.0103659392337896,0.299613304093889,0.0833502606830369,0.00965611051719146,0.31993895308751,0.0305563941196863,0.193973974584233
"10x14",0.0214668090459627,0.0259900170345981,0.0112711627555819,0.236405290572192,0.0122822131994571,0.0246783770062392,0.597057947223985,0.040176545036475,0.030671638125509
"14x14",0.0282295264541233,0.0490880665246956,0.0143492411257422,0.286643314401498,0.0754281743636028,0.030217158285288,0.363522248762877,0.0562483061872947,0.0962739638948792
"12x14",0.0293589953652052,0.0262734493979355,0.00838017293140098,0.24293531497878,0.0766321923999833,0.0193677187866316,0.439635719752522,0.0616883850382249,0.095728051349316
"7x14",0.0175362648623295,0.0319117732004246,0.0151134005996258,0.24781259755489,0.0356142501658044,0.0523557888463885,0.51437488771862,0.0496650898017468,0.0356159472501702
"13x14",0.037236158711926,0.0415993872626021,0.0148735386950059,0.282124076943794,0.0442438397862864,0.0202802722279478,0.43539165628759,0.0378688941601362,0.0863821759247115
"15x14",0.0168258979432136,0.0146719383655398,0.00845676099133902,0.391830194809771,0.0289148101530932,0.0440035033197572,0.417190965229545,0.0227642402159321,0.0553416889718096
"22x15",0.0256658106080518,0.0206285172858442,0.013015293686649,0.358644218290323,0.0271085721653076,0.0293990773800136,0.457871581667012,0.0280266339755966,0.0396402949412026
"11x15",0.0278423095562739,0.0270923111618102,0.0102377220753858,0.277990280960871,0.0344758446814566,0.0320371883661399,0.457462219690753,0.0355325151366564,0.0973296083706528
"21x15",0.0141141221971587,0.0212058420717568,0.014535458819747,0.256321261800707,0.0278391136227334,0.0516877905345115,0.468954493165347,0.0424520101968998,0.102889907591139
"20x15",0.00989458289837332,0.0377810278056423,0.00774538009002537,0.176468560262395,0.0355492039690538,0.01537789064857,0.414829040202967,0.0426452862164381,0.259709027906535
"10x15",0.0167744859301607,0.0478841887285266,0.0148173598602302,0.182634869184561,0.0377710442935084,0.030093654544911,0.529226399679142,0.0543701797025908,0.0864278180763693
"16x15",0.0133926682510985,0.0204225888167948,0.00700237026298481,0.444742580246775,0.0226284459265792,0.0275560701667478,0.413452887546232,0.0215726478110045,0.029229740971783
"17x15",0.0228378833532069,0.0100232881364797,0.0147142858639983,0.33004494424186,0.0186344959504776,0.0247345335305413,0.520929789463138,0.0179902572858541,0.0400905221744448
"9x15",0.0113936212281119,0.0392135855405425,0.00932599024765048,0.161962557940267,0.028828894491165,0.0248912232255732,0.601601943546631,0.0504646380184446,0.0723175457616148
"13x15",0.0216596516652159,0.0393485125237028,0.00693043648318338,0.249722011030907,0.0455794858411427,0.0323248844917874,0.485964886875601,0.0316949701131867,0.0867751609752738
"18x15",0.0132232458141983,0.0333625339757361,0.00890998964737045,0.357294707418652,0.0241552562178677,0.0537804909309857,0.464396488675976,0.0138884554942562,0.030988831824957
"25x15",0.0208979855252533,0.0290334613418107,0.0263388076173028,0.15332012473378,0.123207508447437,0.0170925679156448,0.406035426365772,0.0409567839406799,0.183117334112319
"24x15",0.0129536714277235,0.021926957699261,0.00492442188582806,0.41222647110591,0.0364558554091656,0.0161873471771295,0.38751492788379,0.0320105455577843,0.0757998018534088
"8x15",0.020843703309199,0.0534177581420665,0.00909874671110768,0.199895980769523,0.0881526430287047,0.0107708709253408,0.410662569538029,0.0673598697423876,0.139797857833642
"19x15",0.0243396934264029,0.0278934174769507,0.00894801968749233,0.283633018528644,0.0685839762524212,0.0265630153051943,0.395061155618977,0.0459541770826955,0.119023526621222
"6x15",0.0261320908856958,0.0402732089305984,0.00798161878483252,0.15970716371137,0.0143595654994575,0.0248896096556997,0.682133448867758,0.0146061864396502,0.0299171072249377
"15x15",0.0058362796126332,0.0205463688129442,0.0127461624040447,0.587158862252545,0.00520953413518087,0.00398104196386392,0.339874200064813,0.00671995657329394,0.0179275941806817
"12x15",0.0155763611969361,0.0291150077329607,0.00915007859975733,0.259886962587804,0.0117165123473456,0.0237701594933116,0.551714272551055,0.0493931561842888,0.049677489306541
"14x15",0.018736270733571,0.0211828818020596,0.0119539602562762,0.379306080088617,0.0296123457014025,0.0176856577200386,0.441111984826076,0.0243536032145454,0.0560572156574139
"7x15",0.0148416038347066,0.019664031632838,0.009387299760341,0.204598948751074,0.0435084011389862,0.0252241247290904,0.597327458981057,0.00861732495439632,0.0768308062175096
"11x16",0.0197683921826059,0.0292152885348911,0.0185408716400425,0.324837799125181,0.0249554861478057,0.0280372567069592,0.475691640482463,0.0506059338066501,0.0283473313734016
"21x16",0.0147383925561184,0.0353664120712539,0.0116681755895907,0.363628589784818,0.0343914538112708,0.0295533338767895,0.365887336649481,0.0195003893553157,0.125265916305363
"22x16",0.0203147163290504,0.042378806972273,0.0102765978365866,0.284996430233118,0.0553850870656776,0.0644602719268493,0.450318683621715,0.0259859777602246,0.0458834282545059
"20x16",0.0137101565989434,0.0223669974387172,0.0063690831695116,0.345299144947505,0.0475242370027483,0.0277406730136658,0.429531719571906,0.0393184582175859,0.0681395300394168
"27x16",0.0213083482908709,0.0459801970473948,0.0168403331966976,0.193816108078731,0.0966569532920593,0.0229106919800474,0.367323266962138,0.048900805521064,0.186263295630997
"19x16",0.0128165400640123,0.015756555495003,0.00631128273523799,0.341881979335855,0.0279275762932717,0.0315808031195453,0.491821047656537,0.0230439649541755,0.0488602503463622
"8x16",0.0101414085940992,0.0273256946493335,0.00796917929677568,0.331192753630506,0.0160463693656401,0.0140654167491792,0.526411419342863,0.0276332867133209,0.0392144716582819
"9x16",0.0125767236733816,0.0415422207663467,0.00732916641089202,0.300444059547635,0.0234428599316511,0.0188473732138107,0.478866558078807,0.0564219466191311,0.060529091758345
"10x16",0.0147858750048917,0.02944125280176,0.00809150537189679,0.356638161338757,0.0333449712141693,0.0401759115207487,0.413111392105235,0.054176928901052,0.050234001741489
"23x16",0.0150173274554888,0.025193969516621,0.0113758677111271,0.254862769285232,0.0124551911281632,0.0321506412998968,0.591337406560793,0.0315224921840356,0.0260843348586428
"16x16",0.00654710564600237,0.0201727610653109,0.0127287734354069,0.144175100214853,0.00743615144893879,0.0140583806745148,0.761724874822422,0.0151460067061615,0.0180108459863898
"6x16",0.0361835590905944,0.0345809588299715,0.0200315485445698,0.237698455245157,0.043066491330292,0.0287995753272294,0.447740900412943,0.0353721991793048,0.116526312039939
"17x16",0.0165554503836564,0.039095305867413,0.00657276958940807,0.232324610637975,0.0249406988802746,0.0480094870903215,0.484528943728423,0.0465533208830325,0.101419412939495
"18x16",0.018484100900528,0.0168985600423889,0.00898291422202041,0.262627435888696,0.0276663808352389,0.0116203110946353,0.504334556874122,0.0268636145059674,0.122522125636403
"25x16",0.0233929768799182,0.014613921967456,0.0104978753395045,0.28389275731596,0.0293808070436044,0.0242786957335472,0.531046647542625,0.019050238031683,0.0638460801457023
"7x16",0.0128512182362881,0.0355327055376456,0.0194330160163035,0.23067432292474,0.0404805502206152,0.0461390303423353,0.461241727673185,0.0575253035860747,0.0961221254628122
"26x16",0.0172725205254162,0.0167033766722052,0.00593967228653098,0.417170668110646,0.0373175237942784,0.0094749951038385,0.424245568312339,0.0294718368880741,0.0424038383066717
"12x16",0.0177644502650481,0.0388812706117333,0.00985027498538459,0.308738316253921,0.0335715735444704,0.02416320767175,0.457890320884661,0.0486829068809678,0.0604576789020647
"24x16",0.0136046160577391,0.0324700545701568,0.00613223580326172,0.309702663220244,0.0156306685501162,0.0250048043861365,0.528387606604769,0.0275472685480931,0.0415200822594838
"14x16",0.0155869388051166,0.0373272887437779,0.0094972693741141,0.367908865132904,0.0247019181470465,0.0209594457239166,0.347642907493954,0.0580521489174841,0.118323217661687
"13x16",0.0124745854063771,0.0482156520774035,0.00997846811062857,0.301523522507091,0.0140258817394864,0.0399180809506252,0.46972081433198,0.0736792628717004,0.0304637320047082
"15x16",0.0277854472554545,0.0421038698584099,0.00970564577344607,0.345242334991135,0.0309309839840655,0.0376785424368167,0.411716402768973,0.0591213761143042,0.035715396817396
"22x17",0.0163452688317633,0.0178860405561664,0.00886956253775248,0.310309101978057,0.0221867510329336,0.0607299505883148,0.466064160151611,0.0252972973606377,0.0723118669627632
"11x17",0.0213181770037608,0.0327943126489192,0.00755724747500886,0.249569047307148,0.0165499014898513,0.0233405580130307,0.549601416932229,0.0687344328246656,0.0305349063053865
"27x17",0.0267328641220728,0.0419638965692449,0.0147988672855395,0.185108128623013,0.00749965486774902,0.038808828237999,0.60043368927617,0.0393927600324908,0.0452613109857207
"32x17",0.017441810337906,0.0329103788790928,0.0178520499198296,0.164296079898208,0.0463920962938015,0.012765848010725,0.350021137594477,0.0953568581471075,0.262963740918853
"29x17",0.0147233579985328,0.0373681412583045,0.0104923720631647,0.352097205274488,0.0081219420279426,0.0121577039244269,0.492040779113745,0.0480689691367293,0.0249295292026665
"31x17",0.0152799636002193,0.0444007143505236,0.0153565313718462,0.281618808965556,0.0289373240847013,0.0288800365290058,0.406207498442717,0.0683949070876032,0.110924215567827
"30x17",0.0361624578184247,0.0578194200957945,0.013156508953233,0.201526368553256,0.0408867310335431,0.0314240234729029,0.407628627332443,0.0666841860365582,0.144711676703844
"9x17",0.00629707348062689,0.00744854780697013,0.00312207725242026,0.241314952422176,0.0108766956321839,0.0189119008175173,0.699583737203486,0.00384414018727421,0.00860087519734518
"20x17",0.0144702043992562,0.0187376170326719,0.00898876544382683,0.355485732252842,0.034531740816907,0.0225062999552498,0.434297861177777,0.0453043091736479,0.0656774697478207
"28x17",0.0137278778510429,0.024125879739393,0.00821970788939239,0.238181947208472,0.013999786646656,0.00687638729636154,0.62195934664002,0.0200073254949586,0.0529017412337031
"8x17",0.0205606220538384,0.0200025556232204,0.0215274569227039,0.184937776790426,0.0295307342691238,0.0200758769429565,0.5689272699222,0.0645297632609493,0.069907944214581
"19x17",0.0156080903539914,0.0313930344982645,0.0140738382059251,0.227526326369718,0.0386911784042391,0.0361926655580113,0.569527710155544,0.0319924694020361,0.0349946870522697
"21x17",0.0108611567669848,0.0100713222374456,0.00149324799574579,0.326553926934473,0.0321765527899846,0.00984244280918942,0.519304537209487,0.0102904519985453,0.0794063612581445
"25x17",0.00679092864560239,0.0217261197881302,0.0046467506008829,0.346001825877973,0.0114914005626216,0.030493167752427,0.553406656117358,0.0119012768794813,0.0135418737755242
"26x17",0.00985163174781483,0.0350265447990507,0.00907131450826013,0.271441987119366,0.00981626786436261,0.0224568827723213,0.520231598834632,0.0615297866904813,0.0605739856637113
"23x17",0.0145269178041851,0.0662153295823693,0.0180623419826809,0.38511124522962,0.0269034849668786,0.0345318214382504,0.379735035040379,0.0390344641121939,0.0358793598434426
"10x17",0.0176654432627056,0.0183176695769977,0.0059644204938926,0.210686193134816,0.0423476452872044,0.0295000808334439,0.561615244009526,0.027574545706786,0.0863287576946279
"16x17",0.0431495720656678,0.0178912325616441,0.0116428198125206,0.177538604199237,0.0754827689649219,0.0133416944041626,0.498155697284485,0.0481807726538049,0.114616838053556
"17x17",0.0224441392192091,0.0266066170915364,0.0049823754925096,0.226098962123963,0.0515640064740131,0.0309641570073785,0.524927206961268,0.0412336782234758,0.0711788574066461
"18x17",0.0066325761066999,0.0360727222886109,0.00887332169831819,0.304008581985078,0.0198597361978398,0.0311702454552739,0.480019023192394,0.0282396853938184,0.0851241076819668
"7x17",0.0428593003642527,0.0423035444947986,0.0182593836854288,0.246061019758604,0.0634693903303556,0.0357929734436356,0.407466005649599,0.0527712560785755,0.0910171261947507
"14x17",0.0147787619118673,0.0241450266950698,0.0115726036479008,0.321013799056054,0.0522602703173995,0.01522636901643,0.456545770281767,0.0292071608572567,0.0752502382162557
"15x17",0.0196955771753605,0.0444503727688831,0.0148035635675083,0.23479775140386,0.0472235677643738,0.0320558295144026,0.456014270625766,0.0424038817327634,0.108555185447082
"24x17",0.0174706331984116,0.0381696735707859,0.0129848398776692,0.248007846129796,0.0327760055362517,0.0344597429867348,0.556456924320186,0.0128911972305198,0.0467831371496448
"12x17",0.0210516174230535,0.0354165940133174,0.010034944579096,0.359569725170131,0.0110545427327931,0.0216447414201255,0.430941202797784,0.0751332581548726,0.035153373708827
"13x17",0.0186017668319603,0.0529366130963858,0.010755683777698,0.27402711752187,0.0245690828850749,0.0439245387061163,0.502526768245258,0.0367751895932313,0.0358832393424063
"22x18",0.00834629650805018,0.00972294481749461,0.00493276781231979,0.324926244465304,0.0150808692685439,0.0348529113822402,0.547295480159388,0.0144734338041957,0.0403690517824629
"11x18",0.0147683820729585,0.0235281859562942,0.00393434924635931,0.339422549525356,0.0285240009432238,0.0336244757914325,0.457774912383355,0.0510333075739227,0.0473898365070982
"19x18",0.0114950237489028,0.0159929888951297,0.00409175560325523,0.382022081551561,0.0132798139934838,0.00615492247273815,0.516778457615586,0.029539760855486,0.0206451952638575
"20x18",0.013778146643445,0.0262391889981579,0.0145001083385145,0.226258269995277,0.0400396778200691,0.03427007451522,0.589647267651735,0.0150846761452318,0.0401825898923504
"30x18",0.0229360747408606,0.0715940850557439,0.00926954218267903,0.328326637419414,0.0244255594547737,0.0338377240331029,0.399867151537706,0.036588998102361,0.0731542274733598
"32x18",0.0264961100916338,0.0528217193559278,0.0163191156850299,0.220900701130853,0.0661981182626881,0.0145740581501285,0.310805785145041,0.107420474536239,0.184463917642459
"31x18",0.0180514273717663,0.0584862134119512,0.0162462266589226,0.249630396342379,0.0468605084721037,0.0283917879852729,0.424286447775199,0.0469406971621389,0.111106294820267
"10x18",0.0124876177382301,0.0285099001331251,0.0111136485531676,0.364057182856714,0.0253618396859164,0.0231743324940168,0.454922492674935,0.0311229472094041,0.0492500386544914
"16x18",0.0140821477394971,0.0171627079451619,0.00693255068242822,0.312246771508284,0.0201990975408909,0.0111063304119253,0.524796810805454,0.0445847124901485,0.04888887087621
"29x18",0.017897296613884,0.023416234580494,0.0072569244942309,0.163421672597242,0.0386811393340647,0.0190644022586096,0.552544082528325,0.0546987182614999,0.123019529331649
"8x18",0.0208530148791116,0.0460570732805312,0.00879640845768946,0.362243834052141,0.0369760152222399,0.0250293297887238,0.360082053953163,0.0423514660453305,0.09761080432107
"9x18",0.0297424406898294,0.0403283369951328,0.00606143285570609,0.256299865833083,0.0331532639602046,0.0336927322509306,0.523309108667757,0.0233309993531483,0.0540818193942085
"27x18",0.0208357572161098,0.0207895293287,0.0118956817389547,0.275901765804462,0.0149598937877057,0.0230776483870255,0.580287602102344,0.0140655924123102,0.0381865292223882
"17x18",0.0259799547307769,0.0326976255281306,0.0117845567518059,0.287385346625742,0.0229859318173837,0.0186196200576576,0.525989996402721,0.0234709385058981,0.0510860295798844
"26x18",0.0103188573212649,0.0158899396245664,0.00525016317790229,0.331809568041756,0.0159761174339928,0.0232236887844068,0.522567075330813,0.0451019405536807,0.029862649731617
"25x18",0.0151132342419544,0.036895246920688,0.0108993300560057,0.292249511249249,0.037788888566815,0.0259258095281542,0.477101636798567,0.0444578141304184,0.0595685285081486
"28x18",0.0229469077529392,0.0224175817432405,0.00998319790062528,0.252563695010881,0.0399583003834463,0.037256660033365,0.526009307525641,0.0290188429122975,0.0598455067375646
"15x18",0.0178602641765816,0.0252299512787166,0.0111151210225557,0.241313831576586,0.0351106178538124,0.0196859941966239,0.551513237071495,0.0368470479534161,0.0613239348702126
"24x18",0.0172741917162855,0.0227722479471876,0.00652612587715832,0.373910262673552,0.0225673197461106,0.0253258910432789,0.417117934358919,0.027204561903538,0.0873014647339703
"7x18",0.0114519096160308,0.0367712740571675,0.0102517647228997,0.206829572326735,0.0377381755385559,0.0288131184144341,0.452170961538758,0.092253953082436,0.123719270702983
"21x18",0.00599370821326659,0.0089110446892451,0.00420778838132021,0.31519390096407,0.0086884911205919,0.0117897545291885,0.602795329947511,0.0134886125353295,0.0289313696194776
"12x18",0.0141160905129357,0.0406257298311728,0.00626388140361088,0.253075739430268,0.0212125409420874,0.0480813435335852,0.486777959017989,0.0894986545175643,0.0403480608107867
"14x18",0.0183179610032192,0.0299043571813262,0.0114355356710559,0.279601034964147,0.0338087115393026,0.0131814587435365,0.464754903486097,0.0724475057043979,0.076548531706917
"13x18",0.0277073590005597,0.0493882623875928,0.0107279475709512,0.235876023706228,0.0339347689702474,0.0260067686563274,0.458005666696237,0.0728277712414253,0.0855254317704309
"23x18",0.0160594562037279,0.027103529448028,0.00505985668789057,0.384919658427479,0.0417997161055048,0.0176629463112289,0.364519005271496,0.0484302858602758,0.0944455456843687
"22x19",0.0210093205519171,0.0264416893024161,0.0204676610441891,0.280022251551318,0.0226898339790544,0.0280734326394137,0.486958670510781,0.0545802979931407,0.0597568424277695
"32x19",0.0265366529742315,0.0448981203308316,0.0339490434978823,0.226932491132036,0.0594650046758139,0.0109491332569441,0.40441385847695,0.107733565670369,0.0851221299849414
"11x19",0.0160868761414735,0.0320342097437046,0.0068090850253996,0.332824330004008,0.0265938239233437,0.0174118936358841,0.429787595106933,0.0507992196428269,0.0876529667764257
"30x19",0.0225285264646512,0.0149593989929427,0.00760933859249267,0.209925344820442,0.0686204367668304,0.00983910425128941,0.527132369102694,0.0321327492661022,0.107252731742555
"10x19",0.0113241509326163,0.0267249438939571,0.00888287012779294,0.341608751379557,0.0450737632066548,0.0223359072484352,0.428592910676261,0.0325748809890732,0.0828818215456523
"27x19",0.0191655847505515,0.0260098212321162,0.0107664423916695,0.229294031285108,0.021759076203471,0.0298378473203927,0.59013328997049,0.0215234471146802,0.0515104597315212
"21x19",0.0041855311731941,0.0158986036682715,0.00390580712663731,0.285998384609368,0.0174203325489612,0.0323860819523546,0.580517043422635,0.0349932393449508,0.0246949761536264
"20x19",0.0218495300430176,0.0349389047735373,0.016194881423994,0.240732336085547,0.0590107892978123,0.0289498261901274,0.438918798019073,0.0497646441656379,0.109640290001253
"9x19",0.0148895758288687,0.0457605546991075,0.01359871539183,0.385938001178195,0.0320240475757226,0.033083767598585,0.331921333391497,0.0700692952329248,0.0727147091032695
"31x19",0.0275595800604509,0.0214671333211959,0.0140150956382686,0.213172427543932,0.0653431109599484,0.0115128397363363,0.394894878361467,0.0712974487386595,0.180737485639741
"18x19",0.0236773340985012,0.0141244228219196,0.00671958328146678,0.145798922334693,0.0546584503291838,0.0433474047707355,0.6558264927915,0.00952312313360053,0.0463242664383993
"19x19",0.0168668591653175,0.0436138508712675,0.0136373992566464,0.1913274014679,0.0418181785607441,0.0327673984223779,0.525499515598374,0.0696699215876052,0.0647994750697667
"25x19",0.0160914013152772,0.0292453358781221,0.0101977822807385,0.382836862421648,0.0234380803945158,0.0333941706780365,0.375406858900688,0.0256700186978377,0.103719489433136
"26x19",0.0216436035054542,0.0419013269649871,0.0115489397691268,0.350066609442147,0.0209776931781517,0.0382288229539944,0.481961148160367,0.0126298866717834,0.0210419693539883
"28x19",0.0190486978257833,0.0180566218590361,0.0112286053618022,0.339109201890485,0.0483523904567632,0.0158442033095916,0.410752320310334,0.0316778039427202,0.105930155043485
"16x19",0.0176612349489493,0.0297856897500475,0.0104399285114291,0.197837165443585,0.0431544328798646,0.0111116575968747,0.596445410047429,0.0387964556043466,0.0547680252174747
"14x19",0.0193219271987925,0.0228138950183069,0.00800979732299194,0.352237166496761,0.0200729244979803,0.0175337166139585,0.506366488941054,0.0199107793260712,0.0337333045840829
"17x19",0.0136277585138556,0.0320615650193519,0.00493952969371372,0.268876048551957,0.0287300847096233,0.0213246801110918,0.531032364462662,0.0389879335512823,0.060420035386462
"23x19",0.0203931380765019,0.0361448490482483,0.00971485733987295,0.37542636440429,0.0282564812153213,0.032406904272977,0.425631977457826,0.0256117507194312,0.0464136774655315
"15x19",0.0140447249633645,0.0151203203721855,0.00630152301897346,0.205504331061813,0.021370204541246,0.0112424783293166,0.615749834298188,0.0405102005412522,0.0701563828736609
"29x19",0.0190907115941148,0.0287874553399581,0.00886345646496223,0.25141947046797,0.042650006423802,0.0181950920158054,0.512163028344396,0.0244776662631685,0.0943531130858231
"7x19",0.0210268698751988,0.0352654448942808,0.0185261574961085,0.269819640090276,0.0255080868515799,0.0207283110479132,0.403661078299051,0.0584936067703859,0.146970804675206
"8x19",0.0217375663921239,0.0506625417843964,0.0105334519935473,0.395376331347664,0.0251959990873334,0.0326466775728946,0.365722336585106,0.0493063104835043,0.0488187847534301
"13x19",0.0158162193104577,0.0456283122687768,0.0088735933582553,0.302004605125085,0.0225565504859313,0.0448887127007596,0.462380976742822,0.0631076787643305,0.0347433512435816
"12x19",0.0154212147490785,0.0299781605103855,0.00971306424259178,0.344208406385035,0.0455828947986482,0.0332132564261158,0.415509778284848,0.0402554605121724,0.066117764091125
"24x19",0.0129645771669889,0.0203946335495666,0.00657073146065109,0.412069377585744,0.0174464833139004,0.0425003461541617,0.448238072341934,0.0214910933877961,0.018324685039258
"12x20",0.0122529797187652,0.024155597713839,0.00745975179000572,0.429061388972117,0.010025198817249,0.015367956712419,0.437085553462811,0.0447206381935454,0.0198709346192493
"22x20",0.0309649094132159,0.022879765344435,0.0202352216463108,0.285471290985928,0.0150654650873129,0.0154217322976209,0.544251686858343,0.0232409595995639,0.0424689687672692
"32x20",0.0303460544110062,0.0356449147782741,0.00973285282557552,0.167749219204656,0.104672699585872,0.023724298746186,0.372388320430905,0.125839455502814,0.129902184514712
"9x20",0.0129815055294014,0.0263383276626942,0.00583040586749421,0.401233656018744,0.0178527885860138,0.0335367359055224,0.421456980584266,0.0543440246209854,0.0264255752248779
"31x20",0.0234196735514916,0.0350077101521611,0.0125628117855486,0.21278145748251,0.071830968677543,0.0213372090217304,0.429430043680707,0.0537509064060349,0.139879219242274
"30x20",0.0193410130174208,0.0420030130248589,0.00821748363968131,0.251122127777364,0.0332180174296466,0.0289133869548004,0.468247867849635,0.0396882386415677,0.109248851665026
"20x20",0.0098146891731834,0.0200513310518029,0.00832077046009394,0.354526006413193,0.00776162283832771,0.00804346988922378,0.522802675593655,0.038799574995741,0.0298798595847798
"27x20",0.0129580615788569,0.0270124807815734,0.00763867820837308,0.319205315976989,0.0286235830642711,0.0349246884597883,0.485539296427995,0.040731218921456,0.0433666765806978
"8x20",0.0140144204241355,0.0508087552384791,0.00776013139182114,0.397146878221358,0.0178565465142438,0.0201595715789221,0.38464785439318,0.0578565873089943,0.049749254928866
"25x20",0.0168155412885185,0.0612537968640438,0.0121331415917817,0.409611692162364,0.0249862217914487,0.0487291130350896,0.374150894616149,0.0209215220060724,0.0313980766445323
"14x20",0.0163377376944168,0.00903153454178182,0.00453796432886075,0.311335061255004,0.0182215895842273,0.00690938027396243,0.571675795842137,0.020796399502821,0.0411545369767886
"11x20",0.0128376578593755,0.0421254335415867,0.01149650004779,0.39113093918628,0.0211349784161605,0.0157738256240979,0.411205711643276,0.0490500084550092,0.0452449452264246
"19x20",0.0177224109354921,0.0344320653745411,0.0152418972483205,0.224102878656558,0.0307773129862882,0.0294122419434152,0.464768375766548,0.0442793319019766,0.139263485186861
"17x20",0.0326214061939581,0.0282200022303681,0.00884009546107118,0.283709492528277,0.0300264805816445,0.0212395588065416,0.488853958277384,0.0320108426827479,0.0744781632380071
"10x20",0.0136240531808142,0.0182350625873648,0.00688358563250346,0.391620475194081,0.0166142779522625,0.0164155591168968,0.440125537358388,0.0422151906223837,0.0542662583553052
"21x20",0.0281067996031178,0.0147878442013698,0.0113909525918002,0.254266106562442,0.0161107458921849,0.00966359014295235,0.613856328712313,0.00680747641687504,0.0450101558769456
"26x20",0.0180899054636076,0.0280241217532773,0.011655716849538,0.32794456357228,0.0540653842622656,0.0272570549509464,0.484278191199618,0.0109572110351397,0.0377278509133275
"16x20",0.0223705725617822,0.0211639819334621,0.00901154077506796,0.270453042764934,0.0302696994178435,0.0238124899908085,0.555567700406347,0.0197105730660516,0.0476403990837033
"29x20",0.0171793946852513,0.0177308249610913,0.00550004651208354,0.182690571825082,0.048879326872471,0.0203306133867114,0.545456120557555,0.0387662567307941,0.12346684446896
"28x20",0.0313100128113167,0.023181618946481,0.0204061373987469,0.119571298355729,0.0416722396806221,0.0307640050118271,0.608438491385164,0.0198348712867877,0.104821325123326
"6x20",0.0258040463154012,0.0439115685787273,0.0109442215362755,0.198833490974156,0.0959265711008436,0.0194064689481321,0.31954798726357,0.0820830749653806,0.203542570317514
"18x20",0.0220935337763863,0.0205927757497604,0.00702612432512906,0.306137518819713,0.0336852119559241,0.0174756579393182,0.501434466969264,0.0329365315219755,0.0586181789425298
"23x20",0.0135813169063586,0.0215107140570871,0.0129809104904307,0.333409780309039,0.0177432494161214,0.0266901160524425,0.504572656646866,0.0370387412274344,0.0324725148942196
