"","Endothelial","CAFs","PVL","Plasmablasts","T-cells","Myeloid","Cancer Epithelial","Normal Epithelial","B-cells","sid"
"21x7",0.00329052226455275,0.00594682296627494,0.0023851014463165,0.34281949256146,0.000500687744824153,0.10442395977537,0.517368648069371,0.0230366119420939,0.000228153229736594,"BC23277_D2"
"20x7",0.00224488484902434,0.00462062143341661,0.00170046002658411,0.142843262593261,0.00104815333369628,0.074653671641599,0.748176405787839,0.024410267510565,0.000302272824014878,"BC23277_D2"
"22x7",0.0134281072500737,0.0184359531030108,0.00939084264352286,0.161740831644155,0.00606959800531134,0.0880545137788705,0.652544093818247,0.0466628683187082,0.00367319143810125,"BC23277_D2"
"21x8",0.00233787630549004,0.00720904437527967,0.00257958513670714,0.0905270661542755,0.00134092062816609,0.0991885718481247,0.772320485750623,0.0236264025295496,0.000870047271784038,"BC23277_D2"
"20x8",0.00513841673741161,0.00849117867185101,0.00557562801804096,0.178825787285504,0.000476212358547292,0.16449563431961,0.618485391160764,0.0183630298185377,0.000148721629732271,"BC23277_D2"
"22x8",0.00431737306183305,0.0203352498828361,0.00266071250739572,0.316110472119223,0.000518569395734676,0.104955961659174,0.520546066530786,0.0300895926356719,0.000466002207345729,"BC23277_D2"
"19x8",0.000488692556603937,0.00621639280073494,0.00061206263718639,0.104438023814752,9.91564713858274e-05,0.0748380289565794,0.792870340682144,0.0204078066262374,2.94954543768537e-05,"BC23277_D2"
"22x9",0.00420879472173598,0.0112225235361343,0.00233438013791482,0.0425838622550144,0.00082154116570045,0.100495268825195,0.788370084866557,0.0494960904389164,0.000467454052832257,"BC23277_D2"
"20x9",0.0031893368045185,0.00897570731497388,0.00463160358841388,0.0195333028521284,0.00036852787462093,0.141951800539224,0.779599510700058,0.0415016863112685,0.000248524014794598,"BC23277_D2"
"21x9",0.00264735736206339,0.00904104196858885,0.0013860153493545,0.0247964852512515,0.00157193169406868,0.132785147989323,0.77593508262882,0.0503216495410745,0.00151528821545609,"BC23277_D2"
"17x9",0.00266752441219616,0.0026085683944434,0.000986395286916856,0.0392090842178844,0.000433006269201486,0.17983623555179,0.753330906989317,0.0206212790709721,0.000306999807279075,"BC23277_D2"
"19x9",0.00701493910898884,0.0093891452248488,0.00434771137443445,0.0875658157128664,0.000225143345539619,0.12834632603707,0.720182848899328,0.0428183933398184,0.000109676957105696,"BC23277_D2"
"23x9",0.0010317547819479,0.00212657201841596,0.000708583888624513,0.112223905975624,0.000100823518450748,0.121271392609104,0.743496519809477,0.0189270955661827,0.000113351832172906,"BC23277_D2"
"18x9",0.00307717823753944,0.0134625624618733,0.00700512705248479,0.0780561239148825,0.000569962811445739,0.0742544692840332,0.765550906459895,0.0574624646041623,0.000561205173683613,"BC23277_D2"
"19x10",0.00198881369340126,0.0106395238365403,0.00170288309317521,0.0114418207451057,0.000481702981347637,0.127186199199826,0.816276032282151,0.0300136859354884,0.00026933823296453,"BC23277_D2"
"21x10",0.00165769877526244,0.00334267629267257,0.000523292137569129,0.0425489991156841,0.000690264870292172,0.0893786857445774,0.82970714673461,0.0319468978904274,0.000204338438904942,"BC23277_D2"
"22x10",0.00392887833931293,0.0133363512719461,0.00614042498754919,0.0519633312350198,0.000395073356255562,0.110990880892762,0.77369184652519,0.0391947442337335,0.000358469158230958,"BC23277_D2"
"20x10",0.00184311597407098,0.0102969145644818,0.00170667053339644,0.0720358316375586,0.000530364438228768,0.127756879221227,0.763330072289234,0.0223916402819622,0.000108511059840947,"BC23277_D2"
"17x10",0.00555903014055431,0.00764200205112945,0.00471337659120632,0.117938316362686,0.00104840163827813,0.0711269653201858,0.739654947824272,0.0513266835947776,0.000990276476910403,"BC23277_D2"
"18x10",0.00618893141741298,0.00908372487170087,0.00520503936140438,0.0876891381054324,0.000832615981580156,0.122401365144526,0.736774068314064,0.0315851734752217,0.000239943328657933,"BC23277_D2"
"23x10",0.0014019263294804,0.00450704661176609,0.000271752876853289,0.00639358901187516,0.000170664158228359,0.184627854013898,0.770642140412124,0.031954598991537,3.0427594237786e-05,"BC23277_D2"
"16x10",0.00128108464166488,0.00979009464923006,0.000930597989839601,0.00935629923607123,0.000826867151264854,0.137507425166823,0.787926483961428,0.0521528376116147,0.000228309592064464,"BC23277_D2"
"24x10",0.000639905243503323,0.0032821726080861,0.00211023514372125,0.0477144118942068,0.000537379438595748,0.102243366129859,0.824301896916877,0.018819367876325,0.000351264748825441,"BC23277_D2"
"22x11",0.00324095236529778,0.00522677458169123,0.00137009289116078,0.0829126028165025,0.000515715527112834,0.0697281774262209,0.792381532562702,0.0442290237265319,0.000395128102779953,"BC23277_D2"
"20x11",0.00156672447622698,0.00267753025021125,0.000863082292072251,0.184772753082527,0.000152570669376454,0.0954561635681419,0.684005490097233,0.0302744298465739,0.000231255717636878,"BC23277_D2"
"21x11",0.00314652599890422,0.0109889912450905,0.00108911693592479,0.0129510272618378,0.00250613596306763,0.102237206066644,0.842126946199053,0.0241093714368924,0.000844678892586424,"BC23277_D2"
"25x11",0.000961463713147161,0.00397408039624253,0.000199740668498164,0.00410197448835254,3.84242798308853e-05,0.0649836720278395,0.911788701573239,0.0139331046942422,1.88381586079413e-05,"BC23277_D2"
"19x11",0.00292421097006617,0.017339104785773,0.00243377225418418,0.00864021365567176,0.000216588320910923,0.211704665931964,0.725714960098357,0.0309221360761874,0.000104347906885262,"BC23277_D2"
"14x11",0.00652933051234523,0.0180578569913808,0.0253723785387367,0.271729337638881,0.000879556335995749,0.0980475806381964,0.546931658473105,0.0322204618177944,0.000231839053564584,"BC23277_D2"
"15x11",0.00218835280697405,0.011010934108062,0.00512524441105335,0.0955350672838659,0.000433135309715603,0.180205941437973,0.670926744849773,0.034274982468524,0.000299597324059606,"BC23277_D2"
"18x11",0.000724442188391623,0.00314120611740225,0.000652387744251957,0.174005797881683,0.0014253266142165,0.0643607544132357,0.730356219542259,0.0246475341085524,0.000686331390008091,"BC23277_D2"
"24x11",0.00363708465770668,0.00437969619786891,0.00251962012053346,0.0900709399734117,0.000289319455784862,0.101387056717597,0.781425421790503,0.0161759230060373,0.000114938080556395,"BC23277_D2"
"17x11",0.00648376738351214,0.0087500300924618,0.00256876459813658,0.0525895961430542,0.000721383029275673,0.130258294081659,0.767770673316712,0.0302799815759633,0.000577509779225048,"BC23277_D2"
"23x11",0.00412452094306472,0.01723337943309,0.00275915038457972,0.0677541972548019,0.000585298119527473,0.157282706648714,0.720639746043345,0.0295011710297528,0.000119830143124424,"BC23277_D2"
"16x11",0.00226449057800432,0.00268040810840088,0.000624610194205344,0.0943213459126119,0.00057677925608321,0.0690742540010042,0.798652605962397,0.0314381821718468,0.000367323815446409,"BC23277_D2"
"21x12",0.00853169013761777,0.0172150077202805,0.0120135212409627,0.0402841917571895,0.00103290433452587,0.186006154696383,0.688916427585704,0.0453695766336209,0.000630525893715132,"BC23277_D2"
"22x12",0.00249763236204951,0.0248909830118394,0.00634194621300144,0.10757773043381,0.000521967113572592,0.158999411314102,0.668366916501451,0.0305054252502285,0.000297987799946047,"BC23277_D2"
"20x12",0.00266325063964345,0.00774517324675664,0.000972756049255661,0.0608520138954499,0.000817501973791372,0.107036314822086,0.7944557708032,0.0250745853499535,0.000382633219863515,"BC23277_D2"
"15x12",0.0128992497792671,0.0184734524599598,0.00427604096060992,0.24305959707312,0.00517113033697528,0.0915977134070681,0.551045526193869,0.0713064061360704,0.00217088365306129,"BC23277_D2"
"14x12",0.00212921407597569,0.00486732024254041,0.00139418768322195,0.126026533608849,0.000490267506914638,0.0735419102209833,0.760137500557775,0.0311606929462277,0.000252373157512539,"BC23277_D2"
"18x12",0.000823314270060959,0.00518765765209415,0.00236604342106744,0.151394153780777,6.31425801717673e-05,0.12640635007152,0.685209594143386,0.0283996441420332,0.000150099938889598,"BC23277_D2"
"19x12",0.00150085110246263,0.00695811880835377,0.00308394688740835,0.130224484747316,0.000419765152274347,0.146980513910165,0.636709929991212,0.0738572180227763,0.000265171378032511,"BC23277_D2"
"23x12",0.000992883930335403,0.00102893039085567,0.000775127641951467,0.0383840141806045,8.86500269809564e-05,0.110099115115917,0.830069642868862,0.0185190721410428,4.25637034496913e-05,"BC23277_D2"
"16x12",0.00182725128887104,0.00552140079262057,0.0034329472572101,0.00827465891294847,0.000359611980331843,0.120831816221798,0.819310727170547,0.0401818772193062,0.000259709156365948,"BC23277_D2"
"17x12",0.00170503938042723,0.00177969286594887,0.00103129909368205,0.00266792230275683,0.000103758150266978,0.0942898683048532,0.889402740269017,0.00898200416192235,3.76754711253445e-05,"BC23277_D2"
"25x12",0.000539209459195606,0.00478498316458507,0.00187248904773393,0.104769076995249,0.000300425144974943,0.0995873387429459,0.736305439314563,0.0516981154875676,0.000142922643185596,"BC23277_D2"
"13x12",0.000878006303284417,0.003504980445749,0.00118342171528733,0.0574386834360274,0.000948627709997198,0.0556477727226601,0.797708640844303,0.0816691298413554,0.00102073698133639,"BC23277_D2"
"24x12",0.00153048656943232,0.00534629579989212,0.0025088271589197,0.140686047176051,0.000437079390968661,0.148180556713064,0.678093451909679,0.022930666287651,0.000286588994342744,"BC23277_D2"
"11x13",0.00166241437825444,0.0111690875813583,0.00243472250972592,0.0694642497334311,0.000875655006744267,0.0497936095553276,0.843936119740928,0.0200734993219449,0.000590642172285778,"BC23277_D2"
"21x13",0.00297317352807386,0.0240974491886019,0.00326149945089534,0.0895693468916723,0.000333999882403877,0.0983858767658191,0.734653257284318,0.0466108765668135,0.000114520441401952,"BC23277_D2"
"22x13",0.019248716844042,0.0445101337977431,0.00886214092439839,0.199838010472305,0.00230648119421471,0.0912990558634598,0.569367603385671,0.0625426546726876,0.00202520284547788,"BC23277_D2"
"19x13",0.0072573052194351,0.0112389096836876,0.00320863348127923,0.0179134520130838,0.000657186556646069,0.126072086395768,0.797934697278117,0.0353606568320535,0.000357072539928771,"BC23277_D2"
"20x13",0.00401865302527572,0.0018389069952114,0.00218463060232956,0.225428325675822,5.40040686650298e-05,0.140179589099385,0.616096422691875,0.0101745664788116,2.49013626237438e-05,"BC23277_D2"
"23x13",0.000524117577606348,0.00273161161988866,0.000889268823994918,0.0975586218465905,0.000632078742250971,0.136446992883452,0.746162875561198,0.0148831286346028,0.000171304310415285,"BC23277_D2"
"26x13",0.0012468260718754,0.00300388808348285,0.00345784432157519,0.0612411233924023,0.000134634462999149,0.130743981028096,0.783387760210181,0.0166951156243743,8.88268050140073e-05,"BC23277_D2"
"24x13",0.00097683226270054,0.00307051793975867,0.000451567172060753,0.361683631847645,0.00020074210140476,0.100082441806879,0.519533464438081,0.0139237679911561,7.70344403146083e-05,"BC23277_D2"
"12x13",0.00191935079015579,0.0059470126134563,0.00052657479049651,0.118796042392416,0.000397784548808254,0.0793557861887084,0.772239985606694,0.0206624303075191,0.000155032761745166,"BC23277_D2"
"14x13",0.000906785966160645,0.00152317045108685,0.000377762423978856,0.0841543641450989,0.000174438828309953,0.065809222888915,0.827308447742926,0.0195502971347762,0.000195510418748151,"BC23277_D2"
"15x13",0.000852486571178617,0.00413139548692806,0.000301697659932086,0.0571072933819497,7.49231252069029e-05,0.0909298830832883,0.813183727605227,0.033404660133226,1.39329530635671e-05,"BC23277_D2"
"17x13",0.00884926885412628,0.011645870750361,0.00982651147572895,0.300827755278853,0.0018899345444573,0.0972327620107964,0.533772070622371,0.0352270515130804,0.000728774950225815,"BC23277_D2"
"25x13",0.00405621486022317,0.0201066269251367,0.00934848036476258,0.46010372413873,0.000750554708239826,0.061962527828499,0.40459666527307,0.0383471577322753,0.00072804816906302,"BC23277_D2"
"16x13",0.00358407230314554,0.00189266202510505,0.00225777752074588,0.0299245525617785,0.000251386209135339,0.065082714438722,0.871596324036204,0.0253439500641858,6.65608409775572e-05,"BC23277_D2"
"18x13",0.0013239478528768,0.0010578177693891,0.000135283031036229,0.0207633949263965,4.81265145797354e-05,0.0837670258352041,0.888334270122134,0.00456564674252941,4.48720585409921e-06,"BC23277_D2"
"13x13",0.00416498593539061,0.00570602982187878,0.00353501843930966,0.15191068741362,0.000587494283681755,0.105739231414616,0.687124895678935,0.0392544567461911,0.00197720026637621,"BC23277_D2"
"21x14",0.000793698890652301,0.0133732670973278,0.0025653969903895,0.0194085134962234,0.000469492512272897,0.17667778047415,0.771563523300075,0.0151065963196158,4.17309192937329e-05,"BC23277_D2"
"22x14",0.0198182791126239,0.00946058319863443,0.00327308822654959,0.0238899924038375,0.00629630347109788,0.184638465678496,0.673409475113952,0.0740955658130338,0.00511824698177426,"BC23277_D2"
"11x14",0.00826250957810034,0.0189437294372713,0.020789469942068,0.0200681351340688,0.00120972746106191,0.184729857160334,0.718099767924854,0.0257926118661981,0.00210419149604364,"BC23277_D2"
"20x14",0.00430988284971787,0.0141960175193592,0.0130497611698394,0.1552052605371,0.0003323816218772,0.0649450510730161,0.719607525126677,0.028251574068433,0.0001025460339799,"BC23277_D2"
"10x14",0.0116844646737325,0.0119763877323163,0.00816047731040013,0.077495506919926,0.0020329811781617,0.124522767973426,0.711496175819093,0.0509062438927412,0.00172499450020359,"BC23277_D2"
"15x14",0.00861669045615135,0.0204536616166848,0.00942618588911089,0.227340606185615,0.00167885830249849,0.0809017733060324,0.604874960820016,0.0454979109751759,0.00120935244871526,"BC23277_D2"
"9x14",0.00104867521042986,0.00271775261325484,0.000204436978912967,0.056744207917509,0.000207436385518891,0.108047215614523,0.805196171900876,0.0257832479899895,5.08553889858429e-05,"BC23277_D2"
"23x14",0.00254160022424143,0.00425394669599837,0.000632893176980242,0.0605148929977334,0.000214346927242626,0.160521165801902,0.738030334387372,0.0332108230908935,7.99966976371656e-05,"BC23277_D2"
"19x14",0.00113846700033645,0.00134117229727095,0.000907769396353142,0.204325078949387,0.000283288724218026,0.0821350845237755,0.647015442391,0.0626978795336104,0.000155817184048824,"BC23277_D2"
"16x14",0.00240183463482157,0.00135841131137204,0.000568604702664643,0.124288655046717,5.87620018028383e-05,0.0601698409931453,0.789063775763692,0.0220000535255529,9.00620202320413e-05,"BC23277_D2"
"14x14",0.0052810160338698,0.00525406883769534,0.00222278664121016,0.253732032992378,0.00108666501234999,0.126251493236053,0.573957453596991,0.0318759515925128,0.000338532056940179,"BC23277_D2"
"25x14",0.00489454449989835,0.0101336321607521,0.00292522877554909,0.0684248768510534,0.00190779151134903,0.133734486411516,0.72598425559876,0.0513591434767793,0.00063604071434264,"BC23277_D2"
"12x14",0.00186143362992371,0.0237436951064067,0.00122578299391779,0.42010926112081,0.000256727671281894,0.0847718767788585,0.449102451359577,0.0188294105411061,9.93607981184266e-05,"BC23277_D2"
"17x14",0.000339380415906677,0.00184511497857714,0.00102491574686732,0.327564981981964,7.5704740612682e-05,0.020838460609968,0.639252767218147,0.00903466079068175,2.40135172749476e-05,"BC23277_D2"
"13x14",0.00671081045832994,0.0130823792738192,0.010367363748672,0.035097124459485,0.000411402006872319,0.0878006484685467,0.831329793355587,0.0148985820944886,0.000301896134199533,"BC23277_D2"
"26x14",0.000629122667065203,0.000487746170451115,0.000326339648758038,0.0382222312279907,1.90830682854476e-05,0.0469632401635082,0.90916232176901,0.00418268901696825,7.22626796272754e-06,"BC23277_D2"
"27x14",0.00246263568797063,0.0206381503913601,0.00445798264971878,0.0146003704072462,0.000772297834424249,0.184867130705335,0.741295520793072,0.0306618500467399,0.000244061484132629,"BC23277_D2"
"18x14",0.00899042002685754,0.0580195499246481,0.0073977705117991,0.04824080112357,0.00225735919106617,0.122918756973854,0.717659794507231,0.0341379390888375,0.000377608652136632,"BC23277_D2"
"24x14",0.00472521841028589,0.0118313106816706,0.00454027803279461,0.0871523852211315,0.000504001497059774,0.140705111950671,0.727317262054112,0.0229111777371434,0.000313254415131388,"BC23277_D2"
"11x15",0.00372669323910197,0.00821497441698767,0.00468971082881393,0.200903395316611,0.0012935968496143,0.0668156701197354,0.675630671279446,0.0380197907296401,0.000705497220049655,"BC23277_D2"
"10x15",0.00337986058373149,0.00278734814953426,0.000803987992701058,0.117299589092452,0.00117319562273049,0.162307233457163,0.696943800543223,0.0151331761806682,0.00017180837779513,"BC23277_D2"
"21x15",0.00207304995654382,0.00836335558636466,0.010121580017782,0.116559501201324,0.0010366908425522,0.169462328076907,0.660440551209559,0.0318038503391652,0.000139092769802563,"BC23277_D2"
"22x15",0.00660681322877933,0.037971690309677,0.00672128302498698,0.232696611043302,0.000117532865347532,0.065891195615817,0.613959607391389,0.0358910749863631,0.000144191534337835,"BC23277_D2"
"20x15",0.00168620237010984,0.0031084396999886,0.000958684029152712,0.384064574873167,0.000141702643223626,0.050609758175167,0.498325961634387,0.0608965454547526,0.000208131120051549,"BC23277_D2"
"28x15",0.000297273302908682,0.00162786023285481,0.000376327020600466,0.0279890654135941,8.82278979172367e-05,0.146625488262087,0.806724101826643,0.0161753139639618,9.6342079432433e-05,"BC23277_D2"
"19x15",0.00255070184000741,0.011159779866132,0.00148618778535006,0.0399655277094428,0.00226212054497448,0.102471294873574,0.775234885243861,0.063972733872657,0.000896768264001032,"BC23277_D2"
"15x15",0.000495118273874719,0.00818548024774195,0.00226542308762101,0.00630823913545395,5.84991861278125e-05,0.167844698342514,0.784271168259186,0.0305537541326417,1.76193348387337e-05,"BC23277_D2"
"9x15",0.0162637730645454,0.0157649662407497,0.0114156594980093,0.0565973025945624,0.00149689699068395,0.125428196313684,0.727421281545337,0.0446959189482037,0.000916004804224993,"BC23277_D2"
"26x15",0.000997577909483127,0.0172004256212157,0.00153127397379276,0.0876508423882949,4.63974504740013e-05,0.0835056203208886,0.796555212977075,0.0124911819315338,2.14674272419794e-05,"BC23277_D2"
"27x15",0.00469170249416215,0.0138909593296973,0.00354011893201075,0.0133787034851198,0.000277529098091965,0.0790292468054676,0.859206761181466,0.0259236571758637,6.13214981204304e-05,"BC23277_D2"
"8x15",0.0077309620422514,0.00288063036169058,0.00667800790313393,0.166784458043876,0.00253683157138955,0.103192759644916,0.672829822272588,0.0359936214697286,0.00137290669042516,"BC23277_D2"
"18x15",0.00654245018998026,0.0120123876638,0.00535798043091665,0.163699580984497,0.00120076480692515,0.196325026701433,0.586670506782319,0.0275132391703122,0.000678063269817175,"BC23277_D2"
"17x15",0.0014865918498105,0.00559895511682483,0.00110629454734448,0.0161834715379025,0.00435561278554169,0.031302519355416,0.881753886679614,0.0540200303287729,0.00419263779877339,"BC23277_D2"
"23x15",0.00114299531025403,0.00885517544480218,0.00079288360695313,0.0545680966373624,0.000373475721327573,0.0807276994104389,0.824141315595869,0.0292726881031654,0.000125670169827352,"BC23277_D2"
"29x15",0.00261519333097109,0.0303780742350644,0.00220262264946626,0.159686189904828,0.00160297319554343,0.0794027549416329,0.700604377064805,0.0224311575426768,0.00107665713501155,"BC23277_D2"
"12x15",0.00173882790468396,0.00696914160870334,0.000798345237697092,0.242764309261798,0.000215813776565321,0.0843706187803034,0.637425306789157,0.0255560098619663,0.000161626779125603,"BC23277_D2"
"14x15",0.00585292735677728,0.0283991705709633,0.00557731909226632,0.216700029650227,0.000287758338301734,0.052911688742139,0.65058452314553,0.039487114298332,0.000199468805463526,"BC23277_D2"
"25x15",0.00101868865248589,0.00754625939053492,0.00223066530960016,0.152118364231527,0.000224208820788755,0.0680847025223682,0.723501296929194,0.045010200643049,0.000265613500452376,"BC23277_D2"
"16x15",0.00458662921566101,0.0139098674702538,0.00681958764974431,0.0305250588942895,0.000365606409349751,0.0457054328572474,0.861280279538396,0.0365450841256962,0.000262453839362519,"BC23277_D2"
"13x15",0.000629795658930485,0.00399446545402631,0.00113929248225627,0.0702504702963345,0.00104782618516344,0.079305591569129,0.826863806493058,0.0159826234960232,0.000786128365078739,"BC23277_D2"
"24x15",0.00055370274766118,0.000927991327727984,0.000280186534389456,0.194720683854941,0.000196507647441902,0.102427255782763,0.682288020694212,0.0185922649744233,1.33864364409781e-05,"BC23277_D2"
"11x16",0.00123510444235587,0.00385461258874842,0.0026272048501734,0.0581246165789099,0.000494630076211308,0.0199871495282023,0.875570831052703,0.0379940032321798,0.000111847650516519,"BC23277_D2"
"10x16",0.00474248835671313,0.0217605079968013,0.0149183115793599,0.289927947560906,0.00177017366985744,0.0790711162787046,0.523729625789383,0.0636639555864324,0.000415873181842637,"BC23277_D2"
"22x16",0.00522152750764652,0.014512060183233,0.0263652939751692,0.236936826457509,0.000219395515793142,0.102746456250373,0.587202652593477,0.0267444573832144,5.13301335840838e-05,"BC23277_D2"
"8x16",0.00958575461343394,0.0151360119643552,0.00343870155947544,0.0828044370464703,0.0017117769367155,0.146122070319198,0.723182975810182,0.0176887598576035,0.000329511892566518,"BC23277_D2"
"20x16",0.00260578691250687,0.00760693941873793,0.00136648692195451,0.113850422829874,0.000318160445587044,0.0838404613916411,0.773568732204838,0.0166422823667363,0.000200727508124259,"BC23277_D2"
"19x16",0.00224446007962953,0.0398456192588064,0.001769775407876,0.121953947741712,0.000148697057743719,0.0410947785051038,0.77101212521784,0.0217609096608232,0.000169687070464729,"BC23277_D2"
"21x16",0.00905923567667752,0.0230035613201682,0.00546213543335494,0.336038007771716,0.00038896294609271,0.182823673969509,0.411248550135897,0.0316975209341093,0.000278351812475465,"BC23277_D2"
"7x16",0.00303001252479635,0.0171974079298364,0.00153851955835251,0.47960821756968,0.00087744516018659,0.113514563710613,0.35336183108315,0.0301575092500853,0.000714493213299652,"BC23277_D2"
"18x16",0.000629437374338679,0.00494282312050794,0.000387591134198489,0.0406679755463437,6.63848350226596e-05,0.0376468248833038,0.855382940263242,0.0602395577399,3.64651031430726e-05,"BC23277_D2"
"17x16",0.00270184459791032,0.0171038680319583,0.00198475967155085,0.140660296673605,0.000235499701054792,0.0831278468957793,0.718491040292374,0.0354218920366604,0.000272952099107622,"BC23277_D2"
"26x16",0.00989574753766717,0.0252703986247323,0.023655108233806,0.136521763037379,0.000669687324406692,0.101840944880326,0.683057656450119,0.0186030716142978,0.000485622297265808,"BC23277_D2"
"14x16",0.00128003197851664,0.00369687911169954,0.00208025444481632,0.009397802490748,0.000264267328378195,0.0357446941987562,0.888629503542125,0.0586763035021552,0.000230263402805112,"BC23277_D2"
"9x16",0.000382639081870476,0.000647027302676684,4.58189540040773e-05,0.029980684896465,8.15421872006819e-05,0.155743637512504,0.795420211475406,0.017618669253493,7.97693363801821e-05,"BC23277_D2"
"27x16",0.00801292311781724,0.0169021238644154,0.0126959315024846,0.0955221948015866,0.000745975949890893,0.10059938298635,0.721059310239719,0.0440735050863535,0.000388652451383598,"BC23277_D2"
"28x16",0.00661265630833131,0.0207334645947952,0.00469312365790157,0.118241850752444,0.00125162228819499,0.101694799502157,0.712793715215899,0.0330003727604186,0.000978394919858889,"BC23277_D2"
"12x16",0.0043860931728112,0.0121539770167353,0.00187415222356427,0.288640408486935,0.00245587476184755,0.0872779943399275,0.574892901504777,0.0269307646554159,0.00138783383798632,"BC23277_D2"
"15x16",0.00756335317188487,0.0279772312677667,0.0140148175893251,0.254707107067885,0.00199620493246386,0.058479703113997,0.581668809138086,0.0523585501937156,0.00123422352487613,"BC23277_D2"
"16x16",0.021694019836919,0.0472213707321355,0.02585360964641,0.0417389201764287,0.000524615095299085,0.101770875527096,0.741366868375149,0.0195093929091007,0.000320327701461522,"BC23277_D2"
"29x16",0.00170663596591761,0.0178437279486755,0.00167214259891466,0.164177785630365,0.000152035830209924,0.0589384239298999,0.724371300464714,0.0310059269163201,0.00013202071498263,"BC23277_D2"
"24x16",0.00543143273813055,0.00691466196340244,0.00719463619547094,0.0504860097627455,0.000506809333246325,0.0809071881528771,0.807959315401103,0.0403834988086546,0.000216447644369795,"BC23277_D2"
"25x16",0.000688205483642066,0.00238169400894902,0.000480090721897749,0.184504186646159,6.97686092420614e-05,0.0356013816713233,0.752587402686382,0.0236730847374193,1.41854349852538e-05,"BC23277_D2"
"13x16",0.00100781649427303,0.00397485273061818,0.000941577387741605,0.101730279376924,7.67100666593865e-05,0.0798165433509507,0.748669874643148,0.0636459012961655,0.000136444653520338,"BC23277_D2"
"23x16",0.000550342818844232,0.00392235074767108,0.000355455629852793,0.174775872590861,0.000109698217104598,0.0374640558076394,0.752962509541292,0.0298103448862266,4.93697605088886e-05,"BC23277_D2"
"11x17",0.00213972865122961,0.0135684185411312,0.0029236487864331,0.112138966391563,0.000286546366896125,0.0232951588035652,0.789478088426465,0.0556182841845645,0.000551159848152312,"BC23277_D2"
"21x17",0.0018066541860376,0.0427378289750825,0.00701217988035328,0.151263338320978,7.86752136301644e-05,0.1282811570614,0.622164315171518,0.0464835125659261,0.000172338625074702,"BC23277_D2"
"10x17",0.000732998640359645,0.00708264041077619,0.000764618713871124,0.0802623530411661,3.04209764848053e-05,0.0928152046975405,0.803649474478252,0.0146500430570654,1.22459844847176e-05,"BC23277_D2"
"22x17",0.00113028467422587,0.0046914710863243,0.000693945919691943,0.330178545583761,0.000638484533482107,0.057673582347508,0.584033257543383,0.0202697765849504,0.00069065172667291,"BC23277_D2"
"20x17",0.00140735311392835,0.00929317214763902,0.000823312603958337,0.19844844746271,0.00026934912054987,0.0893483932089356,0.665798986419704,0.0344981497773717,0.000112836145203155,"BC23277_D2"
"30x17",0.00153319895920093,0.0055144490051599,0.00222266114309042,0.0912037703418856,0.000329882501722669,0.0479553068237016,0.837872554337789,0.0133238378194332,4.43390680170662e-05,"BC23277_D2"
"19x17",0.0082898771690375,0.0229893252025797,0.0113419670277923,0.0219340627482795,0.000563192308615978,0.150904660118021,0.762081483946703,0.0217665418442434,0.000128889634727613,"BC23277_D2"
"26x17",0.000809277259341466,0.00505844928148914,0.00241186794579883,0.0437071219139403,9.7675395342122e-05,0.0654815927621844,0.862725355214291,0.0196705333245114,3.81269031012095e-05,"BC23277_D2"
"8x17",0.00122077204461005,0.00372200491972609,0.00057162426235904,0.178393469881997,8.96579646689842e-05,0.0506795038770788,0.75878053785109,0.00650692380267538,3.55053957938939e-05,"BC23277_D2"
"9x17",0.00155419207727757,0.00192247296323206,0.000528345859112066,0.272012895311457,0.00095621440763728,0.0431556199972376,0.643248334625816,0.0364892093888456,0.000132715369384294,"BC23277_D2"
"23x17",0.00249241277782588,0.0116403414811584,0.0015722077874857,0.0373080882496316,0.000216568374989703,0.116507216092222,0.808306667697959,0.0218170331018435,0.000139464436883646,"BC23277_D2"
"7x17",0.00226883820518063,0.00632799352045946,0.00109695454827238,0.329808286583512,0.000929502013608171,0.0358757142455727,0.588394289365413,0.0350002139502602,0.000298207567721182,"BC23277_D2"
"18x17",0.00482310732589802,0.00514968279466615,0.0016372659597836,0.215132750277508,0.000281900087780783,0.0681306633691093,0.65155829476688,0.0527847114978546,0.000501623920519688,"BC23277_D2"
"28x17",0.00232660675489597,0.00570854432870238,0.00167224256687394,0.399679862989258,0.000218335931176211,0.0731449981029166,0.49717060875826,0.0199993998583073,7.94007096095006e-05,"BC23277_D2"
"12x17",0.0119745477732755,0.0251377888999783,0.00614867102308336,0.154617736899075,0.000891435921531689,0.141172933493848,0.633380207490821,0.02614836011732,0.000528318381067306,"BC23277_D2"
"17x17",0.0029638229903149,0.00685535410790379,0.00260631192113482,0.115022444698064,0.000940784537862948,0.0977775512096184,0.725720057564392,0.0478632970376261,0.000250375933083325,"BC23277_D2"
"25x17",0.00398997331284777,0.004290661870825,0.000338295383895216,0.2309408539332,0.000753093107519094,0.0722360130716107,0.664496267171331,0.0228161632939795,0.000138678854790869,"BC23277_D2"
"15x17",0.000870169533515982,0.0351327941279962,0.00452170860211598,0.24526162808102,6.37052148757338e-05,0.0304410765147679,0.664993080053756,0.0186893848073859,2.64530645662172e-05,"BC23277_D2"
"16x17",0.00881371628330071,0.0145566912967039,0.00229612487233348,0.455300357511302,0.000958402153216293,0.0429294732638491,0.450012289506327,0.0244639535553291,0.000668991557638709,"BC23277_D2"
"27x17",0.00187057373266631,0.010378888434024,0.00357372138265108,0.0883513570452014,0.000191711870257339,0.108251461877963,0.754576673528264,0.0327144893440054,9.1122784967783e-05,"BC23277_D2"
"29x17",0.00142961292857785,0.0054356600568719,0.0015891070614938,0.228502219023889,0.000318457253600591,0.0405518286462415,0.70050009559495,0.0214371016093303,0.000235917825045328,"BC23277_D2"
"14x17",0.000661974210652069,0.0035638827200375,0.00101455160253397,0.0317136893195405,0.00017658994389089,0.125978259300538,0.825145929995834,0.011676246918858,6.88759881140253e-05,"BC23277_D2"
"13x17",0.00613040881475854,0.0105320584874165,0.00373470731788014,0.0871378636117377,0.000210397335442918,0.119818852874969,0.728799333086878,0.0432211627435151,0.000415215727402073,"BC23277_D2"
"24x17",0.00151133327333786,0.00262960983551862,0.000861375204678123,0.150488984970714,0.0002147849609189,0.0572382829264548,0.757430147398745,0.0295091371930599,0.00011634423657208,"BC23277_D2"
"22x18",0.00187722092774121,0.00298775709897891,0.00815228045354904,0.208259312450044,0.000185463775669365,0.0494546633498286,0.691420579237796,0.0374732323109585,0.000189490395434431,"BC23277_D2"
"21x18",0.00665715974805881,0.005920381489144,0.000754669547459568,0.253862057085786,0.000236242486301122,0.086322335196587,0.632375440363733,0.0137331310668384,0.000138583016092543,"BC23277_D2"
"11x18",0.00120365174977172,0.00331137204387493,0.000386225964324378,0.0769059183798385,0.000264441923758169,0.138564334898411,0.755179424478765,0.0240816937355254,0.000102936825730712,"BC23277_D2"
"10x18",0.000148647627790656,0.00177256776558504,0.000251462517958032,0.296021848447713,6.19665890277054e-05,0.0726228792359474,0.615987347335474,0.0130949588067394,3.83216737649875e-05,"BC23277_D2"
"20x18",0.00498040438131662,0.0197425173154572,0.0045827104333516,0.21635646536489,0.000810845916905185,0.147398007096016,0.571878271475098,0.0338772350189457,0.000373542998019895,"BC23277_D2"
"28x18",0.00216200993873906,0.00626077578235351,0.00349130731442091,0.243509682710293,0.00058197311165248,0.0567123492573503,0.671407976283609,0.0155847245228495,0.000289201078732559,"BC23277_D2"
"8x18",0.000557483578005508,0.00144451843109861,0.000751281791860418,0.366583581846184,0.000202470377706933,0.056564935688034,0.562694753171321,0.0111624524283398,3.85226874498733e-05,"BC23277_D2"
"9x18",0.00181638420103853,0.00405873707066803,0.00185009541032627,0.163729986289915,0.000292161800821431,0.138536124894476,0.653878620494395,0.0355662920170283,0.000271597821331072,"BC23277_D2"
"17x18",0.00479305928107358,0.0106355164229144,0.00707813075601614,0.112344199137533,0.000827766292515834,0.109588633766089,0.697420616306276,0.0563909331853093,0.00092114485227308,"BC23277_D2"
"19x18",0.0117912314366694,0.0359102528499357,0.00587904000758427,0.267198840529316,0.0001032784220617,0.1229955832309,0.548090550297529,0.0079919034576869,3.93197683163791e-05,"BC23277_D2"
"31x18",0.00121054291469847,0.0111831028144597,0.00549458793060509,0.143212813355495,0.000205337923318975,0.126915121225106,0.695475493748856,0.0160950441854663,0.000207955901994651,"BC23277_D2"
"6x18",0.00507894284810008,0.0281822229103301,0.0123865094494225,0.304390802638761,0.000588400832025004,0.15289531246653,0.479857710338924,0.0163327044774951,0.000287394038411612,"BC23277_D2"
"7x18",0.0016181947803721,0.00475811468993749,0.000679816847734939,0.292017939815243,0.000181419759543266,0.0949684620876759,0.588389740425133,0.0169692941542796,0.000417017440079815,"BC23277_D2"
"16x18",0.00381033711504228,0.0160874428612633,0.003201725151889,0.281413542450545,0.000760017196051745,0.0902121761224868,0.563626770968189,0.040430705355484,0.000457282779049341,"BC23277_D2"
"30x18",0.0015378771495156,0.00463487506399859,0.00107085851443387,0.119609420035384,0.000145267781574448,0.0817821222151915,0.772345389129737,0.0188184717121548,5.57183980104107e-05,"BC23277_D2"
"12x18",0.00218952285190737,0.0126317652785307,0.00156417885461772,0.212357269203625,0.000428615082419254,0.0879254243788794,0.656388930103123,0.0263406211419769,0.000173673104920644,"BC23277_D2"
"15x18",0.0065436505360155,0.0281560921014942,0.0103520171103646,0.0760080412714145,0.00120493182037647,0.0804807754775531,0.751944586462141,0.0449161566023028,0.00039374861833773,"BC23277_D2"
"26x18",0.00153142910649617,0.00525913014347589,0.00207517115746698,0.059670104731333,0.000639044822783909,0.124715618589613,0.783975358971342,0.0218476080767978,0.000286534400691344,"BC23277_D2"
"25x18",0.000183447030105193,0.000334205191668736,0.000106129720236981,0.124890875790519,2.04441306555973e-05,0.0314018196037408,0.829824324826267,0.0132290280442341,9.72566257261157e-06,"BC23277_D2"
"27x18",0.000628519505987412,0.00261526694555271,0.000444794936975349,0.144942765929049,9.73331945639473e-05,0.0712899051458558,0.760107730480846,0.0198249006176773,4.8783243492118e-05,"BC23277_D2"
"29x18",0.00181480510503677,0.00474052338305329,0.001432045700187,0.211631444925739,3.11143506301177e-05,0.0689249412017194,0.699731715610338,0.0116748364115809,1.85733117159365e-05,"BC23277_D2"
"14x18",0.010714313152462,0.00383447817952166,0.000931842923335823,0.145420456211918,0.00776082701377698,0.101777382480421,0.637727928353357,0.0860860463067224,0.00574672537848521,"BC23277_D2"
"13x18",0.000510374122651391,0.00413548892011444,0.000802000746812244,0.01416212562252,9.86743594317507e-05,0.0821805014935503,0.878946035212739,0.0190849040063568,7.98955158246333e-05,"BC23277_D2"
"23x18",0.0062314932536664,0.00963927303651417,0.00396443676642903,0.112714596618769,0.000384704807383594,0.0991328056583113,0.720038865196326,0.0475937261204215,0.000300098542179769,"BC23277_D2"
"24x18",0.000399014430366085,0.00202227838860446,0.000442260135147437,0.0905387608533055,0.000100796422521954,0.105939114658683,0.790234336605154,0.0102980204737329,2.54180324846653e-05,"BC23277_D2"
"31x19",0.0036631930725538,0.0341373849761591,0.0204917758875025,0.0323200544236922,0.000341974247878553,0.118514063877856,0.732752485680295,0.0574631373756485,0.000315930458414419,"BC23277_D2"
"11x19",0.000471034696333068,0.00198129808787873,0.000993374180417405,0.103129776929378,0.000209506105776157,0.0937248526757782,0.778983004212579,0.0204551699868502,5.19831250087974e-05,"BC23277_D2"
"10x19",0.000665330909952811,0.00354915818658966,0.000152979962051196,0.0701103065683104,8.33950772134166e-05,0.112253129329186,0.801130119425154,0.0119665500936196,8.90304479223714e-05,"BC23277_D2"
"32x19",0.00408806232869159,0.00820043367416091,0.00519664284707985,0.184994836970697,0.000965810803881336,0.119841987766438,0.642187332594074,0.0343565455074141,0.000168347507562202,"BC23277_D2"
"21x19",0.00256818213425912,0.0058744588489239,0.00135589873170819,0.0457651417868204,0.000184221663348405,0.09488226808784,0.826668259919105,0.0226623548726906,3.92139553049856e-05,"BC23277_D2"
"22x19",0.00204313345368386,0.00590201318630491,0.00234368597044533,0.211818778010632,0.000355086512224113,0.0682784898996851,0.682830730370251,0.0262597619234466,0.000168320673327835,"BC23277_D2"
"9x19",0.00239683925674756,0.00496320003953259,0.00113916276285143,0.229188801461784,0.00230573789877613,0.0882312831285651,0.624954112117199,0.0455363864112126,0.001284476923331,"BC23277_D2"
"30x19",0.00282550970750753,0.0159781231613121,0.00195722255574998,0.179574625476834,0.000710567252190642,0.0652467237557587,0.701675745388932,0.0317458926323743,0.00028559006934078,"BC23277_D2"
"8x19",0.00292221689074636,0.00576102535338369,0.00212458142828683,0.300569396111035,0.000294066524014941,0.08712955679726,0.582831207980324,0.0181831117479796,0.000184837166969846,"BC23277_D2"
"7x19",0.0117191178853138,0.00633713822146167,0.00517091042421775,0.294653718548639,0.000407245390305044,0.140420587638909,0.506424464748548,0.0344672533725493,0.000399563770056577,"BC23277_D2"
"20x19",0.00634666128592096,0.00640578705062628,0.00505559398804276,0.171824567978877,0.00388225020427252,0.10756558980089,0.650058779219521,0.0479253110497064,0.000935459422143198,"BC23277_D2"
"19x19",0.00241630110810306,0.00400406693117857,0.00103730452182143,0.272660145769973,0.000111891247181197,0.129706564205429,0.572334303338819,0.0177011400510788,2.8282826415164e-05,"BC23277_D2"
"29x19",0.00629935585438276,0.00707279017153083,0.00277291134171323,0.181768146083644,0.000298495211750786,0.0772543566331893,0.709520544278497,0.0146680063029218,0.000345394122369664,"BC23277_D2"
"15x19",0.00655002301297706,0.01160331983163,0.0017748060452889,0.0596402772802631,0.00134631410489161,0.101068757449753,0.770924497999072,0.0465279306636268,0.000564073612497424,"BC23277_D2"
"17x19",0.0013387273513274,0.00402929793661436,0.00214939998055588,0.0387700925285513,0.000605017404669771,0.0771491626942987,0.832970479722259,0.0425639741748285,0.000423848206894925,"BC23277_D2"
"18x19",0.0180164740787582,0.0071274278491283,0.00835520027214902,0.235720025828172,0.00541453572441557,0.043224903638775,0.648408677645675,0.0328195663748408,0.000913188588086128,"BC23277_D2"
"28x19",0.00714069830197778,0.00230480315066408,0.000398558915216546,0.359861618363976,0.00104505999529531,0.101988805122553,0.498726879661991,0.0280908064090141,0.00044277007931198,"BC23277_D2"
"27x19",0.00316007974394423,0.00926038908918732,0.00220813970510419,0.0778029450272746,0.000212706035088574,0.0811265585672076,0.806943637189442,0.0191855068097884,0.000100037832963437,"BC23277_D2"
"16x19",0.00064253245821384,0.00553958867560496,0.000520082669234669,0.322380000987324,4.06537713163527e-05,0.0669740847185643,0.588724116098667,0.0151731992025345,5.74141853976993e-06,"BC23277_D2"
"12x19",0.00799353392143865,0.018809620507572,0.00487736381382779,0.179422018893157,0.000807545431980465,0.071724783029705,0.675199028044531,0.0399514040132645,0.00121470234452425,"BC23277_D2"
"14x19",0.00198996612867788,0.00193937448015925,0.000900704197867561,0.331350645471489,0.00051961705072066,0.0239901808018132,0.626497629303104,0.0125355755982471,0.000276306967921893,"BC23277_D2"
"13x19",0.00331061416101587,0.0344002672119037,0.0198195303462088,0.145600586982356,0.00012841009126351,0.114639874811746,0.652127667873054,0.0298410394898012,0.00013200903265077,"BC23277_D2"
"26x19",0.000879648869185594,0.00318830268778886,0.000227116142376409,0.171859802242255,2.11566368913671e-05,0.0668810745276409,0.751006799071824,0.00593404365284196,2.05616919543284e-06,"BC23277_D2"
"25x19",0.00279983825168432,0.00772572429451773,0.00163946489859386,0.07811528287205,0.000211415829150642,0.0672015175477888,0.809953796591843,0.0323193571471982,3.36025671730486e-05,"BC23277_D2"
"23x19",0.00188969948182825,0.00276836490128567,0.000664803961086574,0.214957662803271,0.000434590785984545,0.0916821566004454,0.673962155794633,0.0135453939646758,9.51717067899857e-05,"BC23277_D2"
"24x19",0.000566224936541783,0.00429522635419752,0.000405594073425514,0.013796854462039,0.000179161957566698,0.0795297422776524,0.86577786438503,0.035413800559499,3.55309940484024e-05,"BC23277_D2"
"21x20",0.00199580404259396,0.00297515889022152,0.00222897419637005,0.196985969854298,0.000186959192484078,0.0651365893700663,0.713636560235338,0.0167175193467809,0.000136464871847955,"BC23277_D2"
