"","Endothelial","CAFs","PVL","B-cells","T-cells","Myeloid","Normal Epithelial","Plasmablasts","Cancer Epithelial","sid"
"16x9",0.112789267984553,0.106075271621284,0.0355786321071996,0.00200375699846301,0.00672405539548052,0.0606772525718412,0.0188794053015857,0.428449298020783,0.22882305999881,"BC23450_D2"
"14x9",0.0988199427801382,0.142178657780003,0.0158343067396662,0.000517983992480562,0.00275996165469656,0.0185087226193188,0.00464595973041615,0.469670706648307,0.247063758054974,"BC23450_D2"
"15x9",0.0680410327669336,0.0971694567975267,0.0381402297403985,0.00103472054277627,0.00372858667418165,0.0424122273705417,0.0106252781835273,0.343419225890982,0.395429242033133,"BC23450_D2"
"15x10",0.146163401434989,0.123471271831998,0.0467607229289295,0.00200231641089643,0.00813559919828623,0.0620530910014148,0.00472467525444806,0.327216417785369,0.279472504153669,"BC23450_D2"
"16x10",0.14965359377641,0.105925705994963,0.0211140460497926,6.8488517681299e-05,0.00136434460601358,0.0204989465532867,0.00660492296448306,0.287430733004881,0.407339218532488,"BC23450_D2"
"17x10",0.18223104109371,0.0918788729643746,0.024137218065223,0.00529183877580967,0.0144787324012121,0.0523597472592939,0.0157746437124555,0.402496811101364,0.211351094626557,"BC23450_D2"
"14x10",0.0723712201689101,0.108644690004254,0.0498138977185418,0.00604396057528938,0.0240258486919057,0.0608723163571709,0.0130449557318917,0.461758139132383,0.203424971619653,"BC23450_D2"
"13x10",0.0736027171259557,0.0795661116949194,0.0494052006441402,0.00279196539679057,0.00916109541349908,0.0350060599992028,0.00718318092193674,0.616809950858635,0.126473717944921,"BC23450_D2"
"13x11",0.0635477009971579,0.0963648212365059,0.0597777673108464,0.000485141768640194,0.00236221392689035,0.0354232780947327,0.00601738865670047,0.585282309696818,0.150739378311708,"BC23450_D2"
"17x11",0.131581846352566,0.109294397369444,0.0361296346561409,0.00354370115536918,0.0186113952966552,0.0559564804143538,0.00839059621647086,0.395939335852158,0.240552612686842,"BC23450_D2"
"16x11",0.215198303535239,0.143182171325838,0.0318043732773658,0.00159627488337436,0.0100336850758513,0.0853480657675047,0.00873462418623593,0.289842735393044,0.214259766555547,"BC23450_D2"
"15x11",0.11628242158196,0.0769686547581414,0.0301375556543267,0.00128607219591852,0.006526044852954,0.0491112740504268,0.00579000847836101,0.533749859694345,0.180148108733567,"BC23450_D2"
"14x11",0.132522100519209,0.117455328316697,0.0454930420848622,0.00393364750713014,0.00289601159020103,0.083149874103396,0.00556221678126111,0.396139859434596,0.212847919662648,"BC23450_D2"
"18x12",0.155160297245179,0.0890020370270991,0.09063687939205,0.00177463736648208,0.0066120544509107,0.0522389832195768,0.00560296003161835,0.468223493969525,0.130748657297558,"BC23450_D2"
"13x12",0.156941326200725,0.0863962022267882,0.0470383050458869,0.000408903052416909,0.00228135218857986,0.0438241735741988,0.0109412345245728,0.383363743152629,0.268804760034203,"BC23450_D2"
"16x12",0.121562459812161,0.169748432973119,0.0392863517087475,0.00264978965942842,0.00947278306776851,0.103275212280287,0.00763640429987277,0.373982415305632,0.172386150892983,"BC23450_D2"
"17x12",0.114691637276594,0.134235153824447,0.0739134036100493,0.00375813528674915,0.0105486678094053,0.101446067873887,0.00329526017119939,0.394832894087474,0.163278780060195,"BC23450_D2"
"14x12",0.146035481779616,0.103011151742309,0.0918679129219087,0.0112267465697517,0.0283784684649715,0.0910003999004867,0.0172158518170087,0.382312619293108,0.12895136751084,"BC23450_D2"
"15x12",0.0762338541032617,0.0935698736391824,0.057550256513481,0.00204593460076904,0.00585324653452897,0.0649994565880162,0.0111726512249582,0.490892722496972,0.197682004298831,"BC23450_D2"
"19x13",0.253910616987089,0.101252861153437,0.112270045234161,0.0088043679946635,0.0206718463188598,0.0530063007097806,0.00931242974291418,0.321509036735667,0.119262495123428,"BC23450_D2"
"16x13",0.098007526730087,0.0968309520486183,0.00738742607019737,0.000332851559604977,0.00156875650683005,0.0891552914895274,0.00379208098298579,0.391224212331312,0.311700902280837,"BC23450_D2"
"18x13",0.136629209893301,0.0740937469305095,0.0347543632205428,0.000515228824770195,0.00360047815569139,0.0451772651327253,0.00314441645915775,0.577888037734354,0.124197253648948,"BC23450_D2"
"20x13",0.233283281824999,0.0841586909095184,0.094633487993422,0.00438767246489302,0.0125615377741965,0.0864162773262754,0.0115550777650097,0.338816136454205,0.134187837487482,"BC23450_D2"
"15x13",0.172717155036421,0.177996150017532,0.0982220916856296,0.00597903501360367,0.00903137205495823,0.0982761104222821,0.0055195919870247,0.216559027029156,0.215699466753392,"BC23450_D2"
"14x13",0.130484434734312,0.147559678885159,0.0537860786228925,0.00843348366404451,0.0293374129394768,0.0780670766210488,0.00852779212744799,0.39964356132971,0.144160481075909,"BC23450_D2"
"13x13",0.135298831176154,0.135564671660981,0.0865539213038323,0.00657031222938668,0.0240872806992717,0.0945756950481195,0.0157732811904782,0.307295684957042,0.194280321734734,"BC23450_D2"
"12x13",0.158411693733289,0.223941184514532,0.0729904150540152,0.00523785044886547,0.0100166859422562,0.0408492963939324,0.00944020813309414,0.226423775606946,0.252688890173069,"BC23450_D2"
"17x13",0.114996121669554,0.146414712020435,0.0390324982101684,0.00457273325170199,0.00610300393261157,0.112007836622457,0.00502199950304746,0.410320231152826,0.161530863637199,"BC23450_D2"
"11x14",0.202783412153267,0.134306158640295,0.0738794768930748,0.000453758350977113,0.0026306871712361,0.0823057008971882,0.00488125096599427,0.21535574375309,0.283403811174877,"BC23450_D2"
"16x14",0.0892248492441214,0.0924456311417935,0.0498641648680234,0.000734686105988239,0.00188761956098776,0.0860594029002806,0.00278478044352972,0.55737819410891,0.119620671626365,"BC23450_D2"
"19x14",0.192233864702213,0.144372400596823,0.0569375686681135,0.00922928067074972,0.0130631040002489,0.129429380334165,0.00532386078721324,0.25941894107699,0.189991599163483,"BC23450_D2"
"20x14",0.148146510368044,0.106784445938829,0.0466804681694367,0.00495866109401701,0.0151728531196884,0.08704377282265,0.00437880497820583,0.488802559819397,0.0980319236897325,"BC23450_D2"
"17x14",0.253892313733931,0.138796808898421,0.0320447386819771,0.00559040361285662,0.00603313893807867,0.127709062699714,0.00849722385103527,0.275812283577188,0.151624026006798,"BC23450_D2"
"15x14",0.154157948993731,0.0831953972561427,0.102826099527839,0.000464509201840051,0.0039547394869272,0.060721404032123,0.00714668553079307,0.43956442688766,0.147968789082944,"BC23450_D2"
"14x14",0.0772457907089543,0.163353335033998,0.0600363909956707,0.0603027004404516,0.0470840673156416,0.0863472242808428,0.0209644412105399,0.258278093260835,0.226387956753066,"BC23450_D2"
"18x14",0.108530090371462,0.115837959539595,0.0484476482725181,0.00144735913218311,0.00836541029127085,0.0808696848860313,0.00518461985982275,0.470762614971332,0.160554612675784,"BC23450_D2"
"13x14",0.120472548352835,0.152033967013358,0.0561152148348224,0.00260004421935611,0.0125819510400189,0.0931948468242971,0.0113665952810613,0.263766637188972,0.287868195245279,"BC23450_D2"
"12x14",0.104180606909814,0.122837519402346,0.0465312499687682,0.00120916291107211,0.00293203758291124,0.0393715978676685,0.00800328868785157,0.454708586848396,0.220225949821173,"BC23450_D2"
"11x15",0.178364743886964,0.108301702792776,0.0785677004335329,0.00169598804910177,0.0128982777526844,0.0540769211920893,0.00445005172995713,0.233068246718402,0.328576367444493,"BC23450_D2"
"22x15",0.152459821125963,0.199513896046565,0.0449471416172358,0.0014190217957489,0.00666526258318215,0.114639608690515,0.00506256734271967,0.269245371755291,0.206047309042779,"BC23450_D2"
"20x15",0.249061757736516,0.147058154318123,0.121873346380747,0.00597002906302277,0.00674302650708529,0.070662139958468,0.0176679378823532,0.236612557804172,0.144351050349513,"BC23450_D2"
"21x15",0.196399876728145,0.100697497724556,0.071352407231043,0.00161022944809866,0.00597651316774445,0.081643326671073,0.00644435699960698,0.432653166895114,0.103222625134618,"BC23450_D2"
"19x15",0.190840688931657,0.146595529432386,0.129039249748235,0.00506020060397435,0.00930852327146443,0.159551906608024,0.0108296262630475,0.168231268156145,0.180543006985067,"BC23450_D2"
"18x15",0.136523066745138,0.155396596526998,0.032590662672691,0.0019484938286406,0.00428225848061317,0.0947107794289923,0.00361032256623408,0.464579049599566,0.106358770151127,"BC23450_D2"
"16x15",0.160405975848877,0.107225640626918,0.0723910846914439,0.00468854994305171,0.0130120122643995,0.0609847974715373,0.0140963110584356,0.439238859058842,0.127956769036496,"BC23450_D2"
"17x15",0.0817907474539807,0.21042201840964,0.0908960557030575,0.0124977859317585,0.0160619764109281,0.0833324691261773,0.00654945738602525,0.402955083597236,0.0954944059811961,"BC23450_D2"
"13x15",0.0784556741348289,0.112038762970245,0.0611235734630068,0.00389773638871899,0.0114714226478693,0.0816251830680553,0.00831766195815462,0.463359418050089,0.179710567319032,"BC23450_D2"
"15x15",0.115560575734931,0.0791214956957605,0.0278728365314931,0.000531562416070942,0.00412074951689192,0.058976481131161,0.0058347067925817,0.498805466366533,0.209176125814577,"BC23450_D2"
"14x15",0.17639496718544,0.114637449738878,0.0565965118654177,0.00599278749277932,0.0239675329865642,0.103925823029118,0.00990362065187605,0.351742422942088,0.156838884107839,"BC23450_D2"
"12x15",0.0956431962484477,0.13227386512527,0.046798928247654,0.00298830148350806,0.0146287201739407,0.0717968082554443,0.0161299132899266,0.41230403122326,0.207436235952548,"BC23450_D2"
"22x16",0.116326794190674,0.132022260590998,0.0968826366474547,0.00312118076656632,0.0101968612752127,0.0576361753235008,0.00361314687991339,0.474535353328873,0.105665590996807,"BC23450_D2"
"21x16",0.280421495242768,0.143103013753733,0.0623570970075025,0.00362105370720372,0.0213732750991801,0.0894835711221013,0.00604590350310152,0.251485157299815,0.142109433264594,"BC23450_D2"
"10x16",0.0943386498824274,0.135771481812329,0.0379483880533802,0.00372758861207744,0.00990828052551326,0.0659807595356881,0.0106429949861795,0.323011114029781,0.318670742562624,"BC23450_D2"
"11x16",0.178540041807457,0.165585956012983,0.0663937255868035,0.000513912659158399,0.00723670533309859,0.092543747938742,0.0141915005683838,0.157863753424381,0.317130656668993,"BC23450_D2"
"24x16",0.142218410108919,0.132993940105394,0.062474819417547,0.0108047724421026,0.0169719314032476,0.0928901431117533,0.00373706991477536,0.433272664956601,0.104636248539661,"BC23450_D2"
"18x16",0.14767742952334,0.160654186023924,0.0732636280314927,0.000490762143182148,0.00635856703101975,0.12463154518302,0.00184585082790687,0.32007380278781,0.165004228448305,"BC23450_D2"
"20x16",0.0951978552598305,0.157998615754466,0.03321356737717,0.00385983308270119,0.00627147684617439,0.178923856809169,0.0152775540060211,0.364593716121982,0.144663524742486,"BC23450_D2"
"16x16",0.117753737990913,0.0828490923905543,0.0263715344922576,0.00417672332102242,0.00787791608581987,0.124835628694555,0.00699154808395111,0.422085185137873,0.207058633803054,"BC23450_D2"
"19x16",0.18967484103846,0.168864762572801,0.0548210161359905,0.0171118453298315,0.0335179572872203,0.110193424234333,0.00635401846574695,0.288654662606576,0.13080747232904,"BC23450_D2"
"13x16",0.20260829370854,0.0926261335208052,0.0401319417025655,0.00389718475341963,0.0235744933413997,0.0659261963700848,0.0205327527308154,0.313642987731763,0.237060016140607,"BC23450_D2"
"12x16",0.171812572734778,0.111385643693621,0.0815513516501972,0.0026208334322303,0.0183129922273616,0.0923359105651243,0.00584430731644484,0.302020388487961,0.214115999892282,"BC23450_D2"
"15x16",0.118348508031901,0.132695205842149,0.119233558715999,0.0107667403399382,0.0291351731322247,0.109747735603908,0.00367465422274923,0.328530039792153,0.147868384318978,"BC23450_D2"
"14x16",0.104074217571506,0.125400483361647,0.0865654846301926,0.0107751575830183,0.0267705823481835,0.0507877559926683,0.0259403707634494,0.349280577422808,0.220405370326528,"BC23450_D2"
"17x16",0.0919073448961912,0.139688941486416,0.0184070810088494,0.00528056362514562,0.00697226267657354,0.120130561075317,0.00278664769574587,0.471395842522182,0.143430755013579,"BC23450_D2"
"23x16",0.179735870606418,0.143577695916502,0.125543441733619,0.00582811034013603,0.0279147186362043,0.0864119978839956,0.00710600065617868,0.307954567616969,0.115927596609978,"BC23450_D2"
"22x17",0.221974935313473,0.109295785328149,0.0874917864988717,0.00390694368397465,0.0172674926892327,0.10481993156044,0.00412038201974201,0.351116534100807,0.100006208805309,"BC23450_D2"
"26x17",0.112347168721248,0.0901179141366579,0.0534990951467744,0.00268952998686879,0.0046472505361315,0.0521731817456248,0.00708981047543227,0.535329766069921,0.142106283181342,"BC23450_D2"
"25x17",0.111423996933771,0.0772243631776425,0.0435727508272883,0.00436188385778083,0.0127676314246985,0.0462472468657531,0.0252100726677224,0.394753650364747,0.284438403880596,"BC23450_D2"
"21x17",0.153836076275593,0.0941887689777992,0.0758004106904866,0.00075280760832143,0.00137648840459973,0.0924169676394666,0.00635384075252548,0.499393473224162,0.0758811664270458,"BC23450_D2"
"10x17",0.166501904570918,0.0636792060695438,0.053538432685962,0.00220457243814727,0.00606510989660144,0.052711716709801,0.00872461610786956,0.449898109646539,0.196676331874618,"BC23450_D2"
"11x17",0.124018174415311,0.0977559172646442,0.0461692085153699,0.00231543312360722,0.0191279392431438,0.0577392663578077,0.015993737424077,0.45731409926021,0.179566224395829,"BC23450_D2"
"16x17",0.17355676932695,0.0674745025279625,0.0471095871669273,0.0032332797044464,0.0196815385166659,0.0634209094015265,0.00833965501515128,0.460719187534578,0.156464570805793,"BC23450_D2"
"9x17",0.272503521275846,0.0822980410537796,0.0989654478534789,0.00310114351385831,0.0118979505176633,0.0566292608155693,0.00429947010789274,0.182370185257753,0.287934979604159,"BC23450_D2"
"19x17",0.17494507566804,0.107385061168995,0.0211866342207961,0.00449428682458424,0.00360211269730854,0.0906432032770033,0.00276971854661377,0.504832240162003,0.0901416674346562,"BC23450_D2"
"20x17",0.232344595951999,0.13395177252189,0.0706550782566446,0.00125490075005996,0.00658962360851529,0.0684635232521092,0.00127380470295895,0.38884478029153,0.0966219206642923,"BC23450_D2"
"24x17",0.128658714642955,0.114724048860179,0.0519765342363619,0.00204939151947425,0.0085956763435204,0.0635888479785265,0.00628723341709474,0.483937615427453,0.140181937574436,"BC23450_D2"
"13x17",0.226022374728787,0.141804056083871,0.0534676771722082,0.00302233295322023,0.0148117732136511,0.0984840974325469,0.00723956581468462,0.254095480946744,0.201052641654287,"BC23450_D2"
"15x17",0.108131878481709,0.0976499370498433,0.0385315794935162,0.0176600245635775,0.0390507943048431,0.0960776875960123,0.00546926096122262,0.443847704088574,0.153581133460702,"BC23450_D2"
"18x17",0.152657873538009,0.149870954820319,0.0426686888604326,0.00228936550650592,0.00858072549229699,0.0686173464728295,0.00658204069445476,0.426044785197204,0.142688219417948,"BC23450_D2"
"23x17",0.109983890972741,0.101684337425774,0.0570161866215182,0.00477075563436485,0.0126913242350455,0.0872267903162021,0.00669684542275296,0.524561573108404,0.0953682962631969,"BC23450_D2"
"17x17",0.171369463020149,0.133920582476487,0.0468400042210448,0.00248437854575233,0.014050127633354,0.101970053951817,0.0141338492256775,0.328826406636457,0.186405134289261,"BC23450_D2"
"12x17",0.148846777867859,0.12792419479834,0.0412208037762026,0.00424825527978516,0.0206920437224304,0.0565193607570008,0.0153391725102357,0.370119311410235,0.215090079877912,"BC23450_D2"
"14x17",0.148215926101681,0.0975204357011065,0.0668168364914134,0.00144240169322199,0.0165372998050912,0.109993679560248,0.0224965050924474,0.343013804535828,0.193963111018963,"BC23450_D2"
"22x18",0.165714034629581,0.0956589978518519,0.054627471805155,0.0031146361972728,0.00801795426568216,0.0829156914706307,0.00553904719106665,0.457731983656053,0.126680182932707,"BC23450_D2"
"21x18",0.0814639764683417,0.103474107495367,0.049157105589081,0.0128001174395544,0.0189339887612767,0.107599923076263,0.00398876063007982,0.530884880199379,0.0916971403406581,"BC23450_D2"
"28x18",0.106478697806631,0.0792188682093877,0.0243742072114763,0.00117107609618158,0.00420872920974943,0.0373664776725628,0.0135110299963921,0.340078785480071,0.393592128317548,"BC23450_D2"
"10x18",0.124595551206415,0.0851999801924134,0.0973178266363791,0.00279635262439119,0.00982364561653321,0.0779955402839265,0.0113345665128654,0.414033372435833,0.176903164491243,"BC23450_D2"
"8x18",0.104698776397538,0.0965602808768817,0.0683605412470375,0.00145146014720051,0.00463513225415693,0.0820526816802084,0.0121993556015402,0.491380294687186,0.138661477108251,"BC23450_D2"
"11x18",0.0638024868456758,0.119606868834981,0.0530848610828971,0.00520741241069174,0.00478670249004809,0.105047449410345,0.00724801255536981,0.483001760606356,0.158214445763635,"BC23450_D2"
"20x18",0.108267765020117,0.163171990659337,0.0430626309429535,0.00965990148580023,0.0164417372013029,0.0876112740139963,0.00386802358039291,0.460395759861826,0.107520917234274,"BC23450_D2"
"16x18",0.135198177742075,0.138993536055045,0.0683650413648476,0.00418967330850935,0.0277320437775642,0.0827376658796441,0.00465810601562544,0.310810803865139,0.22731495199155,"BC23450_D2"
"25x18",0.102224985291231,0.109059001738292,0.0327497620933632,0.00173844861516466,0.00491529792590347,0.0583003307555734,0.00296533483599567,0.43398234055233,0.254064498192145,"BC23450_D2"
"24x18",0.132210570442695,0.0895032412221749,0.0407207223937269,0.00365693743325487,0.0136350940451106,0.0784114291058229,0.00764571058834104,0.446094213245296,0.188122081523578,"BC23450_D2"
"27x18",0.197129715004927,0.109436807476401,0.0491712726466051,0.00318431370287175,0.0179836128895881,0.0601266756266553,0.00754326292210232,0.294303371624692,0.261120968106157,"BC23450_D2"
"15x18",0.0665755795380226,0.169357065342481,0.0184781017391035,0.000846453412322423,0.00489406475478301,0.0532286262394178,0.00524554371892236,0.496295510925953,0.185079054328995,"BC23450_D2"
"23x18",0.158465977980755,0.124359574414494,0.107225763640032,0.00210356199001768,0.0113034866474561,0.117891620194922,0.00480769270991152,0.244276918386753,0.229565404035659,"BC23450_D2"
"9x18",0.105978694200627,0.109948647525686,0.0360706340598646,0.00585062971994227,0.0181230468065454,0.0754847415334522,0.0152287555023694,0.336373138608363,0.29694171204315,"BC23450_D2"
"19x18",0.134198763286935,0.0867089528900655,0.0378758198559086,0.0173296578796104,0.0254526338340325,0.0537194388086605,0.00698290944150658,0.542759045902089,0.0949727781011926,"BC23450_D2"
"26x18",0.0729266106654749,0.0514245101904359,0.0189412678138838,0.00213170390318462,0.00542926239128934,0.0261470026371244,0.00704320664223224,0.672337316367538,0.143619119388837,"BC23450_D2"
"14x18",0.201213417208554,0.104170154891402,0.0661380282969953,0.00459471698906882,0.0140317696399441,0.0496120512528456,0.009159029458399,0.371058641183908,0.180022191078883,"BC23450_D2"
"17x18",0.200275381027487,0.113057665665533,0.126413712676077,0.00606686864950054,0.0146775737298419,0.0896915844079475,0.0127012016616202,0.24690834899422,0.190207663187774,"BC23450_D2"
"13x18",0.116506387432226,0.10069865026075,0.0698380516462087,0.00413454816609887,0.00447947403077189,0.12012389898692,0.00651355403490871,0.430623952778321,0.147081482663795,"BC23450_D2"
"12x18",0.181538086110455,0.0973869147953063,0.093996087000816,0.00371225383790183,0.0121573542042054,0.0846095806869177,0.0112886207489177,0.371844925693752,0.143466176921729,"BC23450_D2"
"22x19",0.0514166971985385,0.134116503730357,0.0668360303260708,0.00491239615475149,0.0187461414940246,0.0690547816255233,0.0028249739523002,0.534347618197847,0.117744857320586,"BC23450_D2"
"21x19",0.062439271527866,0.0728863203136005,0.0424444787218346,0.000736521544048783,0.00283295305332793,0.0439983956318986,0.00231101183139502,0.713947370230204,0.0584036771458242,"BC23450_D2"
"11x19",0.0991014903568472,0.139203922935047,0.0324322764036927,0.002603133130532,0.00915834052689527,0.0656517928155724,0.00752223625914836,0.46460324169984,0.179723565872426,"BC23450_D2"
"28x19",0.134949642434346,0.0535888854374955,0.0121136136600577,0.000364351089708794,0.00191966888917082,0.0173506878470266,0.0124075675628303,0.454194054769128,0.313111528310236,"BC23450_D2"
"10x19",0.148583104637166,0.0699042080219726,0.0335248994496125,0.00205844158789697,0.00494365997891712,0.0486643859624233,0.0154862377215118,0.503913167851471,0.172921894789028,"BC23450_D2"
"27x19",0.0721674676515063,0.104174714685447,0.0277770705751895,0.00143615112449127,0.00680516480530266,0.0581321493659678,0.0105150251062549,0.443218485345002,0.275773771340839,"BC23450_D2"
"8x19",0.115052155258605,0.0476833038359758,0.0291192191420451,0.00108950176598031,0.00748276988640349,0.0299387981816986,0.0109972829788408,0.577070829050676,0.181566139899775,"BC23450_D2"
"16x19",0.0936819702377858,0.181102199294853,0.0527052232573485,0.0014737082951576,0.00341218926441884,0.0608121632328776,0.0304961054275168,0.32082901416848,0.255487426821561,"BC23450_D2"
"23x19",0.154353530153586,0.136383614954082,0.0494509151487961,0.00129920556666653,0.00510478445119491,0.0982506124778311,0.00982076463593423,0.423218194586813,0.122118378025097,"BC23450_D2"
"9x19",0.128326180077306,0.103007181592365,0.140131346679433,0.011483171044801,0.0220080389644388,0.0919053845339639,0.0103441965047603,0.336698996037817,0.156095504565114,"BC23450_D2"
"15x19",0.138511649506081,0.0992301988562476,0.0659059078585701,0.0097782547505364,0.0133756396033662,0.0491105059780329,0.00983866331001662,0.380063164894985,0.234186015242163,"BC23450_D2"
"20x19",0.0837470476403703,0.100910114092746,0.0378460882616485,0.00280823781667919,0.0100717762527592,0.0778583867272258,0.0104322502933967,0.581899612755996,0.0944264861591783,"BC23450_D2"
"17x19",0.226358873602669,0.131256739190528,0.059875893790774,0.00175150267493928,0.00622855349568297,0.0814355540341284,0.00643086634968019,0.238183934134496,0.248478082727102,"BC23450_D2"
"26x19",0.121636088001852,0.094805226003743,0.0726909582607779,0.00213525863345914,0.00796767957183706,0.0579776726574686,0.00814883421177408,0.440667709887352,0.193970572771736,"BC23450_D2"
"12x19",0.100736065069318,0.140748080678605,0.0625368446898552,0.013963674171585,0.0171628430212709,0.0762704332073365,0.0108191291932877,0.369552775113028,0.208210154855714,"BC23450_D2"
"18x19",0.0741581194256269,0.0979905212170349,0.0574461987883362,0.00254401158128291,0.00716465876175268,0.0571915425746145,0.010968862782978,0.559624958805228,0.132911126063146,"BC23450_D2"
"19x19",0.0936980622289835,0.121245330424415,0.061575547207038,0.00820032863972982,0.0248822969723655,0.0941538759711241,0.0156214993595191,0.431998221628027,0.148624837568798,"BC23450_D2"
"24x19",0.184467721120874,0.0707664698831408,0.0286451029402691,0.000553362263123908,0.0037595846232036,0.0331907726288266,0.00845708565318856,0.497294732844747,0.172865168042627,"BC23450_D2"
"13x19",0.0616521405196357,0.112859612796282,0.062440758714514,0.00795544045506667,0.0196456488073333,0.084669795135214,0.0093132941355601,0.473794597894032,0.167668711542362,"BC23450_D2"
"14x19",0.141072214657047,0.115137988703268,0.0426766134457347,0.00523681656510103,0.0127248057152366,0.083003249064803,0.0136802626915347,0.454869490019909,0.131598559137366,"BC23450_D2"
"25x19",0.128134753816422,0.142307217282704,0.0839059961591721,0.00130717013708019,0.00561287954806527,0.0764208633674479,0.00360921990422921,0.320103427140746,0.238598472644132,"BC23450_D2"
"28x20",0.0906517245440422,0.115515991752503,0.0451300892608243,0.00298875582975922,0.00759268644155118,0.0514548910712362,0.0126134111048131,0.545777573117717,0.128274876877553,"BC23450_D2"
"21x20",0.151440960509392,0.103874932236246,0.0449952527049005,0.0038253670499239,0.00918416856955999,0.0951614866442919,0.00561384914328786,0.492041129969317,0.0938628531730805,"BC23450_D2"
"22x20",0.080173725180342,0.100699934416686,0.0546731684285174,0.001150998066268,0.00337778870721418,0.050571884301388,0.00451665326250881,0.585254005689761,0.119581841947314,"BC23450_D2"
"27x20",0.155137980777056,0.0709958863244745,0.0177936233617417,0.00078876654620498,0.00402248389262065,0.051045736838388,0.0175403972565283,0.377623942673555,0.305051182329431,"BC23450_D2"
"20x20",0.151652168154527,0.127235834143576,0.0534897679886405,0.000510011126665996,0.00106974718335917,0.0733579020765677,0.00259448316004778,0.500147599553643,0.0899424866129724,"BC23450_D2"
"19x20",0.121313313688071,0.157457675431522,0.057926698933767,0.00109605575704888,0.00252358664496008,0.0703126118905077,0.00484990041288322,0.374441024346832,0.210079132894408,"BC23450_D2"
"10x20",0.156554848043484,0.104658005743171,0.062434510267053,0.00674346144874973,0.0119095843697273,0.0816336601672649,0.00452995241274627,0.379123140062036,0.192412837485767,"BC23450_D2"
"26x20",0.17566712076992,0.0843116416637257,0.0258587088603462,0.000562979762265564,0.00714250217178969,0.0719070231764262,0.0044550108076614,0.415751004418558,0.214344008369307,"BC23450_D2"
"11x20",0.126973313007944,0.133595911471808,0.061890403014383,0.0076575148202023,0.0124596034816127,0.0883489120697168,0.00445952073178518,0.329057183174694,0.235557638227854,"BC23450_D2"
"18x20",0.143746979208926,0.149922894753049,0.0658183258260497,0.00556032543516477,0.0325204611924394,0.0889875943181702,0.0162788101971778,0.320385473350323,0.1767791357187,"BC23450_D2"
"24x20",0.138304705003975,0.11660614631936,0.0430812711895707,0.000451748234380312,0.00256405612379935,0.0750092711343988,0.00477379855827667,0.406174287786792,0.213034715649448,"BC23450_D2"
"16x20",0.107718461802047,0.0897551602464458,0.116981334901672,0.00523961369895683,0.009840167210038,0.081662614516209,0.0174141370443318,0.322524482209397,0.248864028370903,"BC23450_D2"
"7x20",0.103230138948793,0.101860874952594,0.0770604142193728,0.00103108030788228,0.00287772652058206,0.035448551263131,0.00570540380558701,0.458984934003586,0.213800875978473,"BC23450_D2"
"23x20",0.134993161222736,0.157400999961946,0.0772324214083176,0.000904019465547936,0.00704189889491714,0.0710246335389899,0.00726396946690791,0.383119804149427,0.16101909189121,"BC23450_D2"
"25x20",0.145294509883864,0.142088108827239,0.020822081409574,0.00135703396384409,0.00430620616091221,0.0641829286548702,0.00559898891261643,0.322035218386563,0.294314923800516,"BC23450_D2"
"17x20",0.0952357419900644,0.11833425376334,0.0555434852304888,0.00250965457426025,0.0057439019444544,0.0464360592269324,0.0069565892828585,0.528773093285363,0.140467220702238,"BC23450_D2"
"15x20",0.142763107873863,0.109858816424427,0.0636105564347137,0.00358614176881545,0.00400932239322955,0.0756864386259358,0.00743623072791623,0.351494726712175,0.241554659038924,"BC23450_D2"
"8x20",0.186096760758752,0.106553860591036,0.0337954969193101,0.00751552338071302,0.019041807724285,0.0629920586642483,0.0348203491649535,0.33639875279665,0.212785390000052,"BC23450_D2"
"14x20",0.21337456011752,0.152248982225683,0.0457778722622386,0.00605284225475512,0.015070758937833,0.0534050768836214,0.0265858835103755,0.284896256444626,0.202587767363348,"BC23450_D2"
"9x20",0.123046781736318,0.0827295093663701,0.0373094427703976,0.00719511753527086,0.0269820167119916,0.0448207869039192,0.0252146949186853,0.532966656252811,0.119734993804237,"BC23450_D2"
"12x20",0.201599427574877,0.134441229086954,0.0639376436474366,0.00218182660231814,0.00828143740034124,0.0828858394991982,0.00747607177687311,0.364190469032141,0.135006055379861,"BC23450_D2"
"13x20",0.0484488883590135,0.150079216028843,0.112999519750974,0.00047526383844169,0.0020065872194408,0.0710650405381967,0.00373577015533411,0.48544391581343,0.125745798296326,"BC23450_D2"
"7x21",0.101769546358188,0.0658197896149124,0.0751944951974868,0.00298230507214325,0.00759427571861032,0.0557388073029724,0.0102265113439149,0.430181978879117,0.250492290512654,"BC23450_D2"
"22x21",0.0892959593358307,0.167168809854727,0.0789611325045843,0.00308027472474588,0.0118479265036525,0.0609874353722475,0.00663953283006682,0.42339136696253,0.158627561911615,"BC23450_D2"
"27x21",0.0909307990934419,0.167363183234766,0.0505617919140665,0.000898468862721928,0.00310105899189067,0.0452320012812102,0.00527099197083531,0.430259172958469,0.206382531692598,"BC23450_D2"
"21x21",0.0877763562070295,0.107915735643666,0.0639481239049132,0.00614950122691643,0.0130455202527209,0.0718114936591268,0.00443314559316523,0.57098270386115,0.0739374196513126,"BC23450_D2"
"10x21",0.190644946377434,0.192565363802613,0.0344365903818749,0.00625348072991784,0.0127617629212487,0.0560281445430085,0.0111668583160138,0.320141488921169,0.17600136400672,"BC23450_D2"
"19x21",0.135885744103137,0.151428556344808,0.0610479626527716,0.00433554598066359,0.0109168546620789,0.0607714909367186,0.0088029619283275,0.443108593911281,0.123702289480214,"BC23450_D2"
"11x21",0.208812613558514,0.0873707463731818,0.0406275133344813,0.00450092441717351,0.00730346723650542,0.0572506766757807,0.0121839879675746,0.391096975226323,0.190853095210466,"BC23450_D2"
"16x21",0.134794061789751,0.131687556949499,0.0427522320768542,0.00850118806323926,0.0231215770872243,0.0621772227271754,0.00967027778065582,0.438995507461085,0.148300376064516,"BC23450_D2"
"18x21",0.0847284471033702,0.0903928291226695,0.0547964298756106,0.0092380565555712,0.0240337317634971,0.0702287138343344,0.0116336935481165,0.542625331517244,0.112322766679586,"BC23450_D2"
"26x21",0.126016407862699,0.109801264774074,0.0324304717324343,0.00106127301055222,0.00403634067763654,0.0554013688788797,0.00700259609099528,0.362070082450773,0.302180194521956,"BC23450_D2"
"25x21",0.126965767163806,0.130655265279035,0.0359626204411396,0.00532982312736994,0.0146722623372159,0.0955564519048952,0.00747939339592969,0.31382063385847,0.269557782492139,"BC23450_D2"
"9x21",0.110500267365362,0.0993894430584551,0.0690050078352644,0.00389930897282002,0.0225873545187151,0.05234948870074,0.0207871631697288,0.391400851170395,0.23008111520852,"BC23450_D2"
"17x21",0.083435141762467,0.121510514907752,0.0610225686677139,0.00124888127348042,0.0070563604251983,0.0384119256272929,0.00466063136259996,0.542006033755899,0.140647942217596,"BC23450_D2"
"20x21",0.0662422562631533,0.104711665216412,0.0415075903400518,0.00512228048300969,0.010208681187911,0.0600378306995154,0.00363220174148378,0.618279468508305,0.0902580255601577,"BC23450_D2"
"13x21",0.0764026649762908,0.0973672951834899,0.0520474567564046,0.0206972124244559,0.0228660219171029,0.0525687429191449,0.00971250852879038,0.556210085096882,0.112128012197439,"BC23450_D2"
"24x21",0.0713437624260141,0.119752195287361,0.034577450197209,0.00154829140821525,0.0044232649448102,0.0364396890666621,0.0056110623598167,0.532465968416555,0.193838315893357,"BC23450_D2"
"23x21",0.127583908081957,0.142719435218873,0.0361630172664164,0.000609575153500962,0.00323053645536761,0.0348522080476295,0.00617530198940489,0.480405268697077,0.168260749089774,"BC23450_D2"
"8x21",0.19732639786085,0.077510757701089,0.0785314277276657,0.00234365110241685,0.0048172882676259,0.0712788055477426,0.0101124320180169,0.346829647262778,0.211249592511816,"BC23450_D2"
"14x21",0.0550025229362794,0.154398438970726,0.0240491893818085,0.00113249098995678,0.00251410340180981,0.0494669503709965,0.00362222569998344,0.486912025030634,0.222902053217806,"BC23450_D2"
"15x21",0.193688732525171,0.0886263972922022,0.0458767903521412,0.0133206410733401,0.0320424262085476,0.0585651149063751,0.0166257596662039,0.359436689548436,0.191817448427583,"BC23450_D2"
"12x21",0.186861605784512,0.122176946735494,0.0896026472098476,0.00452197002788085,0.0266294532647315,0.116596648455089,0.0071085627125134,0.277065299811553,0.169436865998378,"BC23450_D2"
"21x22",0.0781527187069432,0.136646580744881,0.0281448251506181,0.00358919296903795,0.0240493750299692,0.0624171595010185,0.0135758282388509,0.555328304038712,0.0980960156199684,"BC23450_D2"
"22x22",0.125761972662549,0.117777408093377,0.0316127063338218,0.0105569318413804,0.0158120152581345,0.0770702537089685,0.0152446869519506,0.46210744690475,0.144056578245069,"BC23450_D2"
"11x22",0.0379272915089198,0.143859209624326,0.0494630120493793,0.00270217854212084,0.00573136175031533,0.104205155659493,0.0040349647685918,0.44846971627265,0.203607109824203,"BC23450_D2"
"10x22",0.153438350307851,0.10466347037384,0.0464005148534769,0.00213573331902918,0.00689070743017572,0.0474786786146617,0.0107245252454894,0.478142763056702,0.150125256798774,"BC23450_D2"
"26x22",0.0985307273749072,0.149004320284567,0.0584213713283064,0.00153020427184366,0.00617719352704565,0.0433677147150401,0.009385481791633,0.473505176213473,0.160077810493183,"BC23450_D2"
"16x22",0.0493589456503359,0.0928702224311759,0.0467563174541621,0.00190678799155772,0.00244902278946429,0.0327483848287214,0.00895822739052338,0.635609367409429,0.12934272405463,"BC23450_D2"
"18x22",0.0753150844761246,0.14841360116492,0.0748821330746995,0.0042201122311988,0.00464114108814653,0.064364131947473,0.00337062406705332,0.471064897599434,0.15372827435095,"BC23450_D2"
"19x22",0.0793540181364438,0.104766182572242,0.0433875403468755,0.00565515145972775,0.00935467119370292,0.0568543745642029,0.00343312923557819,0.597764735792236,0.0994301966989915,"BC23450_D2"
"20x22",0.080140409947888,0.0719582619959583,0.022230792845178,0.0027801136177474,0.00623342921878859,0.0381125453330054,0.00154994520806792,0.719949063057082,0.0570454387762843,"BC23450_D2"
"8x22",0.0606326607075571,0.136909501053361,0.0221516818355597,0.00289879319407687,0.00924679319683116,0.0768303081159416,0.0117089128500344,0.444080728607607,0.235540620439031,"BC23450_D2"
"15x22",0.0660116932299599,0.136003790134822,0.123924484130942,0.0145182478215467,0.018027144782569,0.0901159543254853,0.00877068487160755,0.348145426426998,0.19448257427607,"BC23450_D2"
"6x22",0.0694715121647471,0.141002011973836,0.0331948959119889,0.00233144273163025,0.0112780462945564,0.0399540597068481,0.0267131841140134,0.458562669296809,0.217492177805571,"BC23450_D2"
"9x22",0.122713769792311,0.0767640822060924,0.0370929274107459,0.00262717193052465,0.00934823626405764,0.0332420036300531,0.00850453284084085,0.557804940136728,0.151902335788646,"BC23450_D2"
"17x22",0.101798494110882,0.120254561318028,0.0559016629644382,0.00374774877153766,0.0144981421578473,0.0661724305056251,0.00659679125768667,0.410211420229998,0.220818748683958,"BC23450_D2"
"7x22",0.0597014035339715,0.108613157894438,0.0870310321043442,0.0342757728477191,0.0518342253057502,0.0455134981925032,0.0488583420797846,0.370035334801919,0.194137233239571,"BC23450_D2"
"25x22",0.12412257011363,0.118917321840523,0.0404903086633768,0.00165671838447596,0.00914408743475738,0.0688966454366171,0.00443472033071528,0.479699465491894,0.152638162304011,"BC23450_D2"
"13x22",0.113262553584154,0.118585315695716,0.0525238705063066,0.00543782817739757,0.0289878079467988,0.0932302961889243,0.0173995502309484,0.409115640586516,0.161457137083238,"BC23450_D2"
"12x22",0.0834079059953983,0.117931890835547,0.0878626671515349,0.0103467954797164,0.0261969243999356,0.0762928734240343,0.00779453889101655,0.425320037595379,0.164846366227439,"BC23450_D2"
"14x22",0.115867717713648,0.080623962980009,0.0451371986619391,0.00400690466558814,0.00698109896349577,0.0597931611648817,0.0151485846762386,0.462602563739126,0.209838807435074,"BC23450_D2"
"23x22",0.156746679358254,0.15407517877475,0.0559056481221787,0.000456261178233271,0.00144528879344038,0.0576901043974154,0.00384122740284904,0.409973417193368,0.159866194779512,"BC23450_D2"
"22x23",0.137651171934691,0.108084500902746,0.0355615444414302,0.00269709797840151,0.0192740638897281,0.0730700170762421,0.00336516940397006,0.464885837282278,0.155410597090513,"BC23450_D2"
"21x23",0.0810087123312855,0.214407181944952,0.0409189217304606,0.000560195061099639,0.0018834534219334,0.0328966983345057,0.00427008148307559,0.438385282833907,0.185669472858781,"BC23450_D2"
"24x23",0.206084946294701,0.183611166669912,0.0495023830475798,0.018450958973493,0.0309951938471984,0.174001932079314,0.00256335601527489,0.210615379568625,0.124174683503902,"BC23450_D2"
"19x23",0.104876267975333,0.120325271559741,0.0325345961895614,0.00271313390587334,0.0157574701645861,0.0762963555461014,0.00330040195338995,0.559276617612251,0.0849198850931629,"BC23450_D2"
"10x23",0.102944364009962,0.108143391068503,0.197833789908365,0.00853985615358824,0.0227665850289227,0.0960375646068816,0.0111030825259257,0.280957527024862,0.171673839672989,"BC23450_D2"
"11x23",0.139724629400217,0.160131575161624,0.0748025185097893,0.0197840765361545,0.0369106744354167,0.101786415130156,0.00951133822860709,0.260084099107417,0.197264673490618,"BC23450_D2"
"23x23",0.130820598684324,0.103487941404747,0.0296579452819395,0.00155694041931253,0.00600759879194259,0.0662648308640463,0.00868923374123216,0.559991145852662,0.093523764959794,"BC23450_D2"
"25x23",0.202761061710535,0.141715499978938,0.0244503927912121,0.00185392415794838,0.00624502948010804,0.0606526280766913,0.00565599448411724,0.395631159057387,0.161034310263064,"BC23450_D2"
"20x23",0.167693569534325,0.098570439816691,0.0285530584690761,0.00407576946193829,0.022461055417105,0.0556600031560931,0.0123527586720152,0.469131879828602,0.141501465644154,"BC23450_D2"
"26x23",0.0596613552494979,0.133036375877311,0.01806413977027,0.000649641363158828,0.00309538120489547,0.0497847756204298,0.00275283043684187,0.530544029454462,0.202411471023133,"BC23450_D2"
"15x23",0.113860938681029,0.091035170327104,0.0342558321176462,0.0034707784681496,0.0160393412235665,0.0358205608416929,0.00796643987263393,0.517709038558339,0.179841899909839,"BC23450_D2"
"14x23",0.0826307974723499,0.0963100107128908,0.0598915115735256,0.00620591610152919,0.0127590728690001,0.0651890379206819,0.0115542795645905,0.487767720185992,0.17769165359944,"BC23450_D2"
"8x23",0.116952763436113,0.0725218929340151,0.0456502492098979,0.000918842035503555,0.00529970623207436,0.0327452526917614,0.011255429131488,0.555380031822922,0.159275832506225,"BC23450_D2"
"16x23",0.133534818141885,0.123871266783953,0.0833745530139698,0.0108498846249326,0.0315298451431983,0.0556983973578277,0.0180850799101217,0.340441838387797,0.202614316636315,"BC23450_D2"
"9x23",0.108156003760908,0.0873072652415464,0.0363358975139993,0.010513877605401,0.03930436995668,0.0848082618817909,0.00960212222995341,0.42618841087355,0.197783790936171,"BC23450_D2"
"7x23",0.0760967707355056,0.115663003691255,0.0315500146310917,0.000261556064412054,0.00467691099005774,0.124096884504216,0.00799818070460124,0.430052689197772,0.209603989481089,"BC23450_D2"
"13x23",0.069598403989262,0.126968117541062,0.0827397389140147,0.00102568571433273,0.00577682416431028,0.0282376043863505,0.0052915820459643,0.554129221751498,0.126232821493205,"BC23450_D2"
"17x23",0.21617092726494,0.114379197158219,0.0863138625284191,0.00750551721909184,0.0175377671848719,0.0913163890004659,0.0137182301604158,0.321880094260228,0.131178015223349,"BC23450_D2"
"12x23",0.146581788076618,0.16387816425346,0.0515111261044496,0.00481875891799702,0.0174413155300629,0.0911343526395104,0.0199546635031108,0.301164513318046,0.203515317656746,"BC23450_D2"
"18x23",0.0994870499681812,0.0855138481609438,0.035818876940276,0.00295285249884112,0.0167076406281632,0.0565314792672596,0.00322415474926124,0.590275701328931,0.109488396458143,"BC23450_D2"
"6x23",0.0848926267248479,0.168882614289864,0.0737161514658703,0.0013805299270391,0.0033936518429657,0.10834949410559,0.0214890356213597,0.324289424313836,0.213606471708627,"BC23450_D2"
"22x24",0.0983186492184582,0.119706001041305,0.0463914247229403,0.00174812402037254,0.00819296281038716,0.0925042449660536,0.00524511399813411,0.451099795699234,0.176793683523115,"BC23450_D2"
"21x24",0.0920005720213164,0.0933493589396558,0.047765503553374,0.00124638239406008,0.0045956287883896,0.0866416049140913,0.0037793371406196,0.494478393728312,0.176143218520181,"BC23450_D2"
