"","Endothelial","CAFs","PVL","B-cells","T-cells","Myeloid","Normal Epithelial","Plasmablasts","Cancer Epithelial","sid"
"11x17",0.0127135228888188,0.163178176298493,0.0310440300560628,5.51098185293802e-06,4.69033420055133e-05,0.00552692479545387,0.002232770554521,0.275390948510075,0.509861212572718,"BC23287_C1"
"16x17",0.0304719628579237,0.34238827437702,0.0132702163925301,0.00346595511129467,0.00570320629426482,0.0100359619494838,0.00650333664886308,0.128067604733739,0.46009348163488,"BC23287_C1"
"10x17",0.00941714273517496,0.0608079905747653,0.0329245339049005,9.33368941843813e-05,0.000258827748879349,0.0116021425947805,0.001602249621246,0.298148525059619,0.58514525086645,"BC23287_C1"
"14x17",0.226788885332099,0.16370164822451,0.11637966528708,0.019408124995435,0.0139835200650729,0.163650799148194,0.00517101261749059,0.0595207802036573,0.231395564126461,"BC23287_C1"
"15x17",0.0797016931457634,0.308298799357853,0.0504678969493718,0.000153742120585295,0.00239403471540813,0.0549842385393909,0.00030935018542841,0.0760917931671545,0.427598451819045,"BC23287_C1"
"12x17",0.026286985438801,0.300966627921273,0.0609688430190035,0.000679873334463722,0.00101792252369624,0.0760806585351936,0.00237026288210108,0.345177984203896,0.186450842141572,"BC23287_C1"
"13x17",0.326972423781895,0.124631963787007,0.0383841046122254,0.0124314122131101,0.0384132388446372,0.0464906949050212,0.00212794535917198,0.358333166181749,0.0522150503151831,"BC23287_C1"
"11x18",0.0197032931187604,0.161051346699071,0.0176039614306597,7.7803096891777e-05,0.000219688052412564,0.0304629917272369,0.0086447817711031,0.228303914316929,0.533932219786936,"BC23287_C1"
"10x18",0.0270661746712197,0.0901621665652564,0.0433060602384012,2.67070206294472e-05,0.000393600902969459,0.0326724515888132,0.00301515386675154,0.299748476912046,0.503609208233913,"BC23287_C1"
"8x18",0.0923244460137709,0.0880488426959783,0.072302344133242,0.000781728731071613,0.00334658343369663,0.0135868957287548,0.00338144190643065,0.339378829143307,0.386848888213748,"BC23287_C1"
"15x18",0.0335664280630978,0.197917827195746,0.00790497066640638,3.110203467461e-05,0.000421271344877147,0.0317650142422865,0.000347849112184144,0.469295508697475,0.258750028643252,"BC23287_C1"
"9x18",0.00966024221004465,0.0347787586974483,0.0200007446511669,5.19803819058343e-05,0.000245551543307275,0.00455446964212895,0.00192235749427068,0.462343125264085,0.466442770115643,"BC23287_C1"
"12x18",0.00936125284375198,0.271591594765228,0.0202249519079776,0.000381519486701551,0.000342960945991066,0.00816857323628785,0.00370114056700747,0.350959670380721,0.335268335866334,"BC23287_C1"
"13x18",0.17521901410426,0.140916137272917,0.0772584751084163,0.00568921095241512,0.00670343172974493,0.0580260939054401,0.00990927936322945,0.247230409674251,0.279047947889326,"BC23287_C1"
"14x18",0.0697659371155138,0.225054940364899,0.0539338406664851,0.00106031834743552,0.00177816477644527,0.0960297361163399,0.0087186999729728,0.331038918945989,0.21261944369392,"BC23287_C1"
"16x18",0.0984541302377218,0.167316972281839,0.0600552015402893,0.0384986090105998,0.0252255416225725,0.088326347570573,0.00220796857704388,0.0605365119984245,0.459378717160937,"BC23287_C1"
"7x18",0.0167303869515078,0.166270911803946,0.0211397927561482,0.00561852907398887,0.0084394633195951,0.0184952766179703,0.00800932560392959,0.494502860479191,0.260793453393723,"BC23287_C1"
"11x19",0.00993457683180388,0.103634109178593,0.0156018870682832,9.58353483069695e-05,0.000364770190781906,0.0293672326188332,0.00620899051220478,0.314252010890538,0.520540587360655,"BC23287_C1"
"15x19",0.0130079088036539,0.305035177674381,0.01200053254262,0.00100884525992718,0.00211108733538628,0.0345782341033107,0.00290759166237981,0.210859618442457,0.418491004175884,"BC23287_C1"
"16x19",0.00893133426840758,0.114875753321353,0.0209279562292781,9.38149241486378e-05,0.000150913887626175,0.00636762666387501,0.000237667734609067,0.735376905998405,0.113038026972298,"BC23287_C1"
"17x19",0.108587259832952,0.114752956187721,0.0562757349507053,0.00098808241376743,0.00455806708397862,0.0663083825461163,0.00138431485297908,0.280829797616989,0.366315404514791,"BC23287_C1"
"10x19",0.0084761350859437,0.25386605991014,0.0425206470399169,3.23122431949409e-05,0.000319979982532017,0.0179179759629405,0.00541426009930108,0.149906497868354,0.521546131807677,"BC23287_C1"
"14x19",0.0345859319635003,0.207358153032253,0.0971326619479381,3.04117443307898e-05,0.000517286467277091,0.0634028413931664,0.00564817025932611,0.115452815247659,0.475871727944549,"BC23287_C1"
"2x19",0.0409280397110285,0.186179535854596,0.049666107213924,0.000263379886861207,0.00168358855990806,0.0379673114678227,0.0106633078792917,0.111609036028862,0.561039693397706,"BC23287_C1"
"9x19",0.0206667382444537,0.0347099075489278,0.0426758073706161,0.000371359358370063,0.00122078420024946,0.0125197312037334,0.00782902135450581,0.389470547242716,0.490536103476428,"BC23287_C1"
"13x19",0.0874141915110989,0.221228790732271,0.0655259730664727,1.97633930138686e-05,0.00029022906460313,0.0244162570647688,0.0038602085251396,0.105035942373221,0.492208644269411,"BC23287_C1"
"12x19",0.0534607782695907,0.175365097841685,0.0581819203998481,0.00314171280235388,0.0021522225446772,0.0692030245565202,0.00284099763537616,0.401694148287949,0.233960097662,"BC23287_C1"
"6x19",0.0344936253079185,0.294234864913015,0.141943333822725,0.00214963097212178,0.00194968914421319,0.0692777209948039,0.00284561436590706,0.074630039889139,0.378475480590156,"BC23287_C1"
"8x19",0.0115090059148037,0.0694832981579684,0.0201095077891212,7.45738239883307e-05,0.000423879662005012,0.0197336106411466,0.00380580009892974,0.441788857313477,0.43307146659856,"BC23287_C1"
"7x19",0.0183837426409422,0.111323395545126,0.0307165023605836,0.000164677862164868,0.000514168591116938,0.0138624836298029,0.00471171144431064,0.337076947709534,0.483246370216419,"BC23287_C1"
"10x20",0.0285839774378463,0.15290044278675,0.0332473352243976,2.71555200815568e-05,0.000359693490558699,0.0335199496200172,0.00309331068743101,0.0926567609552932,0.655611374277624,"BC23287_C1"
"11x20",0.024107170716629,0.100909146807804,0.0228997415408961,0.000108999083855125,0.000473335558241649,0.0115467749538709,0.0018680465946779,0.354667628880589,0.483419155863437,"BC23287_C1"
"9x20",0.102548807344258,0.154755316987335,0.0906649425986282,0.000466863424523029,0.00122440948633426,0.0296845921338154,0.0179757975010896,0.187076787836249,0.415602482687768,"BC23287_C1"
"8x20",0.0246088703142074,0.169161243195449,0.0218834147710349,0.000122868389567674,0.00100342445235552,0.0775936052090836,0.00606832331417798,0.320759014280037,0.378799236074087,"BC23287_C1"
"15x20",0.0509461922707086,0.540601680528016,0.00589504567012858,6.90150150765293e-05,0.000163039157839802,0.0398859188410743,0.00042357787904112,0.0673301453610527,0.294685385277062,"BC23287_C1"
"12x20",0.0383674846235573,0.237157098566593,0.0792192647185318,0.00124339433427692,0.00404491940195314,0.0894432946401885,0.011431591073148,0.0991586331586395,0.439934319483112,"BC23287_C1"
"17x20",0.0942939838831377,0.348312337558996,0.0334507825172683,0.00104026588042617,0.00315756957654296,0.0191411810479162,0.00214524575148959,0.0907841647458323,0.407674469038391,"BC23287_C1"
"5x20",0.040980809206804,0.192515384891161,0.0598642471745951,0.00218363527191866,0.00357489149795161,0.0295893945686063,0.00520914967507035,0.423425950079967,0.242656537633925,"BC23287_C1"
"16x20",0.0751948722599523,0.0967030449441765,0.0709523631770635,0.00684218298020072,0.00415577489147027,0.210959599111679,0.00908041771645831,0.0708213133800308,0.455290431538969,"BC23287_C1"
"7x20",0.018724809924976,0.102689612901061,0.0109381366478672,3.36425911732994e-05,0.000299164252170123,0.0187561446135122,0.00108407222687121,0.387449892853261,0.460024523989107,"BC23287_C1"
"4x20",0.0295490128985356,0.138818381621433,0.0559847118050152,0.000147802383284674,0.00039112856028844,0.0109655434490537,0.0168027238916432,0.247024029467713,0.500316665923033,"BC23287_C1"
"3x20",0.0189890354380388,0.0165593951875708,0.0409318653533356,0.00121743018694643,0.00360475828941107,0.0138768504863039,0.0386449412315407,0.386851728846041,0.479323994980812,"BC23287_C1"
"6x20",0.0698521343658138,0.207357145918433,0.0933196050077991,0.00162359347799018,0.00644907839527363,0.0348829195574433,0.00262700154872051,0.250848390471571,0.333040131256955,"BC23287_C1"
"14x20",0.198618514583951,0.215770431467271,0.0592127077037972,0.000433750631282413,0.000511901317095481,0.0303471233878546,0.0259283512520871,0.200271143709197,0.268906075947464,"BC23287_C1"
"13x20",0.171309514587854,0.0662159061166353,0.13146744444314,0.00915967255227993,0.0164142091701303,0.0561843435889241,0.00495001854000192,0.399066645711691,0.145232245289344,"BC23287_C1"
"2x20",0.00336083504852973,0.0275928271737935,0.00923485726660161,5.83340127519243e-05,0.000286055529123579,0.00931951625819132,0.0146483862302461,0.357758021465934,0.577741167014829,"BC23287_C1"
"11x21",0.0068634447535432,0.0963253465556553,0.0328152106934303,5.42847378692117e-05,0.000236761096028921,0.0111321386496971,0.0028866319267561,0.363587622190702,0.486098559396317,"BC23287_C1"
"10x21",0.0259149359740907,0.171801715715004,0.0599123994968129,0.000163598354790517,0.000443885386562608,0.0235891335653866,0.00426648693712959,0.357890165867904,0.356017678702319,"BC23287_C1"
"6x21",0.0267807245655623,0.0178348601641741,0.0326719497125805,0.000259561916649532,0.000850023837051176,0.00883877196652325,0.0173675640781112,0.720378591555013,0.175017952204335,"BC23287_C1"
"7x21",0.00979591798435972,0.0905498590520999,0.0180168928119598,3.40330590854888e-05,0.000338493271012038,0.0176090995120603,0.00795875018132918,0.174283779190823,0.68141317493727,"BC23287_C1"
"8x21",0.0251837342082768,0.183512878092695,0.0437094353808881,0.000148159634146926,0.000510894904363616,0.0294555101606132,0.00579929397264596,0.109866998475445,0.601813095170925,"BC23287_C1"
"14x21",0.0941059335221404,0.21358604309248,0.0797089488158561,0.0223349471534443,0.110780796896114,0.0642396829932798,0.00533781637712538,0.202486522479387,0.207419308670173,"BC23287_C1"
"5x21",0.0440898597355446,0.254047076986023,0.0737974376128546,0.000640951287090623,0.00644697282586308,0.0674187240113285,0.0114850124930198,0.163232282715778,0.378841682332498,"BC23287_C1"
"9x21",0.0146081320155866,0.173632900037951,0.0553690593488975,1.1032163419126e-05,0.000107088603412069,0.0183239111313102,0.00172432823899624,0.142336650928124,0.593886897532303,"BC23287_C1"
"15x21",0.0694394027187052,0.0448382547291095,0.373317731620833,0.00112050744189942,0.00121429712159221,0.0261293594018302,0.000988347480184476,0.249192671410884,0.233759428074962,"BC23287_C1"
"16x21",0.0303236355443449,0.194805114963851,0.0816511265868049,0.00160854500695437,0.019462190577493,0.0892526313322908,0.00361688007259077,0.133653786541244,0.445626089374426,"BC23287_C1"
"3x21",0.0202246088686968,0.0545742021290121,0.0329722914832453,5.66619414700833e-05,0.000387642770646499,0.0143565319969048,0.00689362962644092,0.217893538251234,0.652640892932349,"BC23287_C1"
"4x21",0.0121918673469721,0.0730193974224439,0.0419639445179618,5.37587656639384e-05,0.000436373748380936,0.0106878677059109,0.0107523021315237,0.249991640676788,0.600902847684355,"BC23287_C1"
"12x21",0.0509500394816942,0.360113833693977,0.0157633694171777,0.0059617019950649,0.010422573156103,0.0352246127516271,0.00267584373369475,0.257684571574663,0.261203454195999,"BC23287_C1"
"17x21",0.247724530123512,0.147955301805519,0.0147762039698243,3.9122032828878e-05,0.00216735681608268,0.028617219690951,4.61650453532984e-05,0.00341248530109582,0.555261615214833,"BC23287_C1"
"13x21",0.0319613704068582,0.287501953196427,0.0529118083555668,0.0346858740308967,0.0297110903567766,0.210235860715035,0.00090756885578656,0.220561311297277,0.131523162785376,"BC23287_C1"
"2x21",0.01321746112492,0.0787755969130191,0.0280635487481664,5.10677537014016e-05,0.000239166034976879,0.00975143749679733,0.0100954429883189,0.448070659423554,0.411735619516546,"BC23287_C1"
"11x22",0.0305010640182617,0.122146637412942,0.0610872831835033,0.000310133127866712,0.00125476582338238,0.079080361792464,0.00422395969120912,0.309683385982401,0.391712408967969,"BC23287_C1"
"10x22",0.0225225788335893,0.179823414901039,0.0351619853372949,9.66197869884977e-05,0.00027271290005035,0.0197895379727845,0.00083992377693488,0.320216189246777,0.421277037244541,"BC23287_C1"
"17x22",0.0557767428562386,0.32804523435539,0.00503056525676539,0.000256311807208355,0.0014237298107665,0.232917795652277,0.00517754871733043,0.294422708371634,0.0769493631723903,"BC23287_C1"
"13x22",0.0657900659162985,0.169730163306923,0.160194967717552,0.0986051317051189,0.0789643247340678,0.272125461433998,0.00499924884407907,0.100446841815679,0.0491437945262826,"BC23287_C1"
"3x22",0.0174708064097992,0.104736810428253,0.0278857377398712,4.01572593403826e-05,0.000101187098066033,0.0121839829196759,0.00505211587703769,0.448457975014486,0.38407122725347,"BC23287_C1"
"9x22",0.00424970872196192,0.103238288184327,0.00601829846309074,0.000101704433420597,0.000249395590712765,0.0567175877659696,0.00459650295641304,0.444874997189701,0.379953516694403,"BC23287_C1"
"4x22",0.0433062215879753,0.183036891491981,0.0145192838135417,5.03332699398124e-05,0.000518428051223622,0.018040610772724,0.0049116689457143,0.0982407574856382,0.637375804581262,"BC23287_C1"
"8x22",0.0412470480019269,0.107236296020114,0.0625189669079916,0.000677458056227974,0.00166731519867888,0.038383360994223,0.0107757982246957,0.254720206988411,0.482773549607732,"BC23287_C1"
"12x22",0.0925381922601239,0.189725044891103,0.0270150988521834,0.0153654740752587,0.0242509973165137,0.0813864920624049,0.00502159419546928,0.402144945148249,0.162552161198693,"BC23287_C1"
"14x22",0.0806986115963648,0.398110448522486,0.0229922184218267,0.000480106879990829,0.00346520254831708,0.00948549159389256,0.0219719579814121,0.240507780232693,0.222288182223017,"BC23287_C1"
"6x22",0.0149053502140906,0.103670743871406,0.0246466109601373,0.000111774384390648,0.000877139247187395,0.00899742767317825,0.00150283402630754,0.467933902735002,0.3773542168883,"BC23287_C1"
"15x22",0.023462678474777,0.183772451145635,0.0210080841831396,0.00269461305664325,0.00169561408672718,0.134775409146884,0.00339389482941524,0.366342012183113,0.262855242893665,"BC23287_C1"
"5x22",0.0459920947934185,0.132872716043591,0.149190627489802,7.49936817512253e-05,0.000588828265237491,0.0275135559736165,0.00578361621268699,0.165283323657349,0.472700243882548,"BC23287_C1"
"7x22",0.0378026162864976,0.127490284717673,0.0347204568759749,0.000798073418155438,0.00429104122298285,0.0548408492141253,0.0170016832845699,0.276154145268089,0.446900849711933,"BC23287_C1"
"16x22",0.0325832304472603,0.0372985378773025,0.0227188230527598,0.000133067987226125,0.000880946463103684,0.121593882011037,0.0700895950997224,0.452464867780455,0.262237049281133,"BC23287_C1"
"2x22",0.00818038621619863,0.0508489055196262,0.0302341050891471,4.57443018319276e-05,0.000388469791503278,0.00924983165106814,0.00310521692426873,0.477483569325601,0.420463771180755,"BC23287_C1"
"10x23",0.0211531945761423,0.0677915941052563,0.0717955533583715,3.61888572321323e-05,0.000179538199330811,0.0253834231068239,0.00450482589846409,0.34429059094038,0.464865090957999,"BC23287_C1"
"11x23",0.0553434905475287,0.300892784870533,0.0530087661421625,0.000168029899872381,0.000519458161485702,0.0506917216106201,0.00263151958956722,0.151199766473119,0.385544462705111,"BC23287_C1"
"3x23",0.0151898052612636,0.071706330609784,0.0381100674415728,5.02839066332223e-05,0.000303831904540522,0.00626094075551921,0.00610204444921547,0.352496040268414,0.509780655403057,"BC23287_C1"
"17x23",0.306456637866944,0.254788532738314,0.032305564863023,0.000156869884681319,0.000877628564919843,0.0755868612067457,0.000643472612051011,0.0842935525317338,0.244890879731587,"BC23287_C1"
"15x23",0.0299805209153189,0.422838107108902,0.0171982250702553,1.69737968679707e-06,8.19359726126518e-05,0.00734623731976598,0.001549709425182,0.0839439773450961,0.43705958946318,"BC23287_C1"
"5x23",0.081599208070434,0.212964646655438,0.0792150727150831,0.00166232499656916,0.00255686396011708,0.0294736512086401,0.00942828728663466,0.193719572212989,0.389380372894095,"BC23287_C1"
"8x23",0.0591290080727861,0.186102436624518,0.037098403631811,0.000358977363644672,0.00247444340702516,0.10595049153455,0.00988283520771986,0.280404738277036,0.318598665880909,"BC23287_C1"
"12x23",0.0484391369557772,0.20915564121295,0.049336943650237,0.0187712800674296,0.0257972302959974,0.200367302794478,0.00176876536720998,0.357390200997538,0.0889734986583824,"BC23287_C1"
"14x23",0.138443318548659,0.0799684755088137,0.265362644397187,0.00114452378570377,0.00046256889873342,0.00912505833859696,0.00305624149976186,0.323693489193995,0.178743679828549,"BC23287_C1"
"16x23",0.0512982528379024,0.318342968075053,0.0418522680069932,0.000479643656070259,0.000538100213483429,0.0486430013250201,0.00129564097283843,0.270884340273232,0.266665784639407,"BC23287_C1"
"9x23",0.0103592351853246,0.2812583177651,0.025136580656266,2.50782410505081e-05,1.51825673322583e-05,0.071827104731298,0.000437699016445551,0.397391154279233,0.21354964755795,"BC23287_C1"
"13x23",0.088970710293963,0.242434040403875,0.0485812592755316,0.086950546090954,0.0710310279284865,0.0388832206962999,0.0129194190055915,0.227111288080078,0.183118488225221,"BC23287_C1"
"4x23",0.040652899116324,0.0768450385929646,0.0933763251095194,0.000180504531043016,0.00344371565374452,0.0445069365500167,0.00612604185524099,0.3941928514562,0.340675687134947,"BC23287_C1"
"6x23",0.0955366889319557,0.0319207423455719,0.165913263572109,0.000787638177515346,0.00118847554261037,0.078726393029793,0.000623011430579951,0.398712158455239,0.226591628514626,"BC23287_C1"
"2x23",0.0509904554975903,0.128673588508507,0.0457775662623271,0.000245690589179282,0.000980854693294908,0.0451610986333098,0.0220327669881872,0.150460898117774,0.55567708070983,"BC23287_C1"
"7x23",0.082522797220614,0.284350737512698,0.00852749810652853,0.00687899353845131,0.0177529039133196,0.101938566609581,0.00194397254929707,0.123769696299703,0.372314834249808,"BC23287_C1"
"10x24",0.071122966356661,0.26882275945525,0.0727702204076681,0.00265317641055435,0.00927066501059789,0.103732508537334,0.00998123465127484,0.165941347840427,0.295705121330233,"BC23287_C1"
"11x24",0.0407556872775083,0.425502122376407,0.0255364507133909,0.000572053469495223,0.00259134641031551,0.0821321071093138,0.00311001186070979,0.187490599037591,0.232309621745269,"BC23287_C1"
"17x24",0.0834799309394011,0.305630238289243,0.0536767541239581,0.00163647915940999,0.00438404264171499,0.0446122053557795,0.0172389578104687,0.0668966632142195,0.422444728465805,"BC23287_C1"
"14x24",0.00821098846103058,0.364564304291793,0.0115528221122739,0.0105208412650858,0.0184194857833806,0.133978980058877,0.00111354130746019,0.0246160661240953,0.427022970596003,"BC23287_C1"
"15x24",0.190614081312923,0.189813209916033,0.0654996119092393,0.0557569032167154,0.108545020212474,0.0304141946597628,0.0373570572920466,0.0239141000287711,0.298085821452034,"BC23287_C1"
"8x24",0.0932140806533961,0.176046362769188,0.190512062537778,0.000844917654994924,0.00237583551433273,0.00684980136425113,0.00818525452401506,0.337606753223462,0.184364931758582,"BC23287_C1"
"12x24",0.210147062772603,0.235291513957213,0.0757460563911807,0.0546345658976067,0.0667747300734186,0.092501898858862,0.0156574671829482,0.061313439256453,0.187933265609715,"BC23287_C1"
"16x24",0.0713261902561418,0.1615150478436,0.30497102854223,0.072102526097449,0.00765655679524663,0.0410830979310045,0.0063048252352144,0.142210245170648,0.192830482128466,"BC23287_C1"
"2x24",0.0324737902509727,0.0873121440109143,0.0390244707108952,0.000128123756442273,0.000376640782816403,0.0103993508379115,0.0248136406382107,0.422526963247271,0.382944875764566,"BC23287_C1"
"4x24",0.00380751822751356,0.0331196437568689,0.0311483404607548,6.4008183351803e-05,0.000362337942792945,0.0314531115691023,0.00698494081467121,0.454599430002244,0.4384606690427,"BC23287_C1"
"5x24",0.0851696667037936,0.165292294253306,0.0491889748963114,0.000437763491492347,0.00266434153872294,0.0734411493086359,0.00529077623519943,0.195107675709208,0.423407357863331,"BC23287_C1"
"13x24",0.0269315328542422,0.467379125313926,0.0186136170000858,0.000187897641743185,0.00102835668782792,0.0904426948540172,0.00448257870507336,0.0154104972052697,0.375523699737815,"BC23287_C1"
"3x24",0.00401418099852397,0.0194341860511426,0.0203224368537516,1.6309976704098e-05,7.15315771611174e-05,0.00589877535658047,0.00553153706676346,0.231194987807883,0.713516054311489,"BC23287_C1"
"9x24",0.0396014576763848,0.268932008762519,0.00851485514753221,0.000977180189704023,0.00222044115274074,0.0268751345221529,0.00581663211055017,0.159419377851286,0.487642912587131,"BC23287_C1"
"7x24",0.0982343996378266,0.133738766950581,0.113513172349497,0.00101405385020011,0.00309705144683958,0.223365322953802,0.00509649811808152,0.0704220702966937,0.351518664396479,"BC23287_C1"
"6x24",0.161246511266778,0.191080886237142,0.0743974532264243,0.00166814593943282,0.00514444559237637,0.10821133759434,0.000327646993230783,0.0925488367903729,0.365374736359902,"BC23287_C1"
"11x25",0.0432237100291181,0.236063921288926,0.0499551662178091,0.00259674553394369,0.0048870191013936,0.0300682808459102,0.0167852202761257,0.187620460258592,0.428799476448181,"BC23287_C1"
"12x25",0.0906414071486059,0.212751238112156,0.388334131183166,0.00791951395331239,0.00466048359214549,0.0443832636594781,0.000488189406794272,0.0836825464427831,0.167139226501558,"BC23287_C1"
"4x25",0.0239327493149367,0.0707911105278812,0.0384039628421475,2.05618487851655e-05,0.000308987055103355,0.0159442713070969,0.00458123909773903,0.196403921111785,0.649613196894525,"BC23287_C1"
"9x25",0.140067588210848,0.106785955184713,0.146617513373885,0.00132560794042081,0.0018571358759162,0.0286809814820979,0.00957138095449885,0.27379704499139,0.291296791986231,"BC23287_C1"
"17x25",0.236678186342172,0.111200434990414,0.138150575599762,0.000676821791188828,0.00287465296448148,0.0481597747663646,0.00758911172834321,0.053535175756633,0.40113526606064,"BC23287_C1"
"14x25",0.158107589339587,0.106219183482078,0.0965853278705363,0.000215286734814953,0.00026825411140279,0.108264034389103,0.0024165264176411,0.309241422036145,0.218682375618692,"BC23287_C1"
"15x25",0.104002796090056,0.221886210198011,0.085639625452927,0.001855381269938,0.00381546550353639,0.0765283934945279,0.00830173820444569,0.179428023274035,0.318542366512523,"BC23287_C1"
"16x25",0.346030217693975,0.381739103168786,0.13010969049955,0.000317096857544653,0.00129103274614225,0.0258993734317088,0.00490549631551795,0.0155635166160444,0.0941444726707313,"BC23287_C1"
"10x25",0.0565647467497231,0.284920537681487,0.0972257985045234,0.00260303343689467,0.00385964317007806,0.0557089865970382,0.0278045331262326,0.20175336983004,0.269559350903983,"BC23287_C1"
"13x25",0.104091170852445,0.148389093502287,0.120489830534781,0.020588685312683,0.0324396246819367,0.0738877620665086,0.0504569373040928,0.209922478896383,0.239734416848882,"BC23287_C1"
"6x25",0.0303737675723886,0.121572510071025,0.0139817229302348,9.2837819531539e-05,0.000709692861494228,0.0110252921527214,0.00667365259513526,0.394698779258873,0.420871744738596,"BC23287_C1"
"7x25",0.0184702114507955,0.171797652666374,0.0205409928464593,0.000110110085961027,0.000888569436064547,0.0152335703763116,0.00187773714607088,0.430780951553686,0.340300204438276,"BC23287_C1"
"3x25",0.00857540936096624,0.0445093545009626,0.0133379553069353,1.70745261904787e-05,0.000177008986256772,0.0131967565526623,0.00262321615135655,0.0475478597222864,0.870015364892383,"BC23287_C1"
"2x25",0.0110113638428556,0.0562506492573236,0.0772547104297539,2.31934526634712e-05,6.357297025831e-05,0.0124133116565894,0.00294481794461855,0.139740040262497,0.700298340183441,"BC23287_C1"
"5x25",0.0364181550668572,0.0701206626171492,0.0391681268703718,0.000913210696305109,0.00104211490821137,0.00777633120944181,0.0176854308218356,0.380259276768132,0.446616691041696,"BC23287_C1"
"8x25",0.0615657161508005,0.194385759658757,0.0582994312791933,0.00375910441915626,0.00331243092817709,0.0957718244642815,0.00241317150134309,0.106570074730714,0.473922486867577,"BC23287_C1"
"11x26",0.038933571562008,0.132360025275815,0.300117528788761,0.0062417799424364,0.00613933556074462,0.0893654635231073,0.0219637560648534,0.0536824994643353,0.351196039817939,"BC23287_C1"
"10x26",0.155045908673772,0.170541503656311,0.0911763278938003,0.0213985484435221,0.037675973317212,0.0391676040691115,0.0289539607984508,0.226820809500864,0.229219363646956,"BC23287_C1"
"14x26",0.180098943834176,0.158893423491751,0.00897551918267843,0.00010999953309787,0.00216207135792994,0.0561056951429689,0.00237538917967279,0.507629526388582,0.0836494318891433,"BC23287_C1"
"5x26",0.0102402449188797,0.065801621922424,0.0235704437046893,0.000216481597921953,0.000815637201117441,0.0303443350264856,0.00178093303091801,0.484509730392778,0.382720572204786,"BC23287_C1"
"15x26",0.157454288438731,0.0557344785548933,0.0642388510240736,0.000357013528773898,0.000363449482716568,0.059944892562852,0.0039210704811116,0.0426539282891345,0.615332027637714,"BC23287_C1"
"9x26",0.0421519448596585,0.0797086397283306,0.0165143587975428,0.000137121118085753,0.0012348912110042,0.0616039682713749,0.00223377214000708,0.0301933346427019,0.766221969231294,"BC23287_C1"
"16x26",0.42281364677174,0.167106284301204,0.224298422567928,1.2158027865965e-05,8.00545235717531e-05,0.0447536446163997,0.000312599737879957,0.00111348648810619,0.139509702965304,"BC23287_C1"
"8x26",0.0428151944437956,0.0421581565524487,0.33648175879533,0.00329318175370587,0.00156744983876364,0.099370333726984,0.0025407716740502,0.418581030614654,0.0531921226002682,"BC23287_C1"
"4x26",0.0165705445599686,0.0589176152796459,0.0109729093527919,4.15926903270062e-05,0.000252856215828698,0.00746624228772093,0.00528661998141877,0.544664071373216,0.355827548259082,"BC23287_C1"
"6x26",0.0167860375324623,0.095097298165046,0.0182500466563404,2.28832214795322e-05,0.000123939009169843,0.00659488472441554,0.00552643092465869,0.318239372313486,0.539359107452942,"BC23287_C1"
"7x26",0.0651437964449619,0.212440581594675,0.15773416019267,0.000501558539380587,0.00112609109595606,0.108695436205579,0.00605405528591905,0.0328070381858653,0.415497282454993,"BC23287_C1"
"3x26",0.0554634416530837,0.15254298219772,0.056375861636197,0.000587276526510119,0.00434760349581805,0.0403250479101117,0.0866175766456681,0.0286899455778176,0.575050264357073,"BC23287_C1"
"13x26",0.237242699941978,0.0883485146607298,0.238031927081445,0.000106982993701352,0.000939063710675821,0.105766751800501,0.00878831380536443,0.0874618204432716,0.233313925562334,"BC23287_C1"
"2x26",0.0151786995875515,0.120979394895025,0.0358463654319365,0.00015015434932543,0.000250301066176622,0.0307838179616401,0.0129035394533129,0.380081367543782,0.40382635971125,"BC23287_C1"
"12x26",0.0437593834765501,0.15232439839974,0.131192527848464,0.00019017660009308,0.000871189490511994,0.0503309454742237,0.00466360087961157,0.208112193037944,0.408555584792862,"BC23287_C1"
"8x27",0.204314844639838,0.23484373164335,0.109915324348033,0.00164556768786011,0.0188482740552911,0.0382244380278517,0.00705127625132301,0.0654024649744402,0.319754078372011,"BC23287_C1"
"11x27",0.00240219671480099,0.502466077472759,0.00596204622466107,3.32896967789602e-06,1.41441837153625e-05,0.00242440500074247,0.00122248706743675,0.000121167784084953,0.485384146582122,"BC23287_C1"
"9x27",0.0307948837644585,0.162202202386018,0.462926345713301,0.00775174621326728,0.0149900445855612,0.0543000656561446,0.00908040326643954,0.0430471772471607,0.214907131167649,"BC23287_C1"
"10x27",0.0335347755990848,0.127581925497923,0.0188420985833968,1.86009719247575e-05,0.00051118136306765,0.0420608695104461,0.0037322567249131,0.494266698550726,0.279451593198518,"BC23287_C1"
"13x27",0.00912019894932631,0.0857784136718402,0.266489460112848,5.13410486419588e-08,7.59710668969114e-07,0.00836891858244408,8.56025897571465e-05,0.483507960935141,0.146648634106926,"BC23287_C1"
"17x27",0.137686979072606,0.104451563260931,0.0203601639074443,0.0366003344106827,0.0550524278362841,0.112914090596516,0.145951401356637,0.0490798748488425,0.337903164710057,"BC23287_C1"
"3x27",0.0215948651193972,0.0879182914293736,0.0547236510165739,0.000111819100786848,0.000880001164918125,0.039464941091558,0.0119801984199391,0.0536755862413878,0.729650646416065,"BC23287_C1"
"16x27",0.0794599296070736,0.0447605558608597,0.174718887393851,3.17875595752747e-07,1.25954883444417e-05,0.0347408762735207,3.06073561627172e-05,3.69317631597024e-05,0.666239298381432,"BC23287_C1"
"15x27",0.0689264924652365,0.120404542094954,0.0359117483103541,0.00328565745408958,0.013488966949566,0.0629753651110778,0.00188398453736332,0.017754892456926,0.675368350620432,"BC23287_C1"
"12x27",0.243945943216009,0.172649168434394,0.047466732601135,0.00839792318261246,0.0081457561011141,0.0131907947775588,0.0164901526793086,0.301051329341775,0.188662199666093,"BC23287_C1"
"14x27",0.0273467545839049,0.235075696729997,0.00482373191061899,0.362896340985856,0.119404351335566,0.0187342048132246,0.0176910949785102,0.124288608900268,0.0897392157620543,"BC23287_C1"
"6x27",0.0452124183447949,0.416924243955107,0.0296212587346352,0.000104931211156629,0.000158993187502846,0.0609969901713077,0.000731944293569305,0.0376306226108856,0.408618597491041,"BC23287_C1"
"7x27",0.0650273584127673,0.192569370512134,0.342704324690577,0.0169534160675042,0.0112708228334104,0.12820399505748,0.00588560689292386,0.026006248841027,0.211378856692176,"BC23287_C1"
"4x27",0.035515505089448,0.178002588756672,0.0334586793329535,0.000290876254054773,0.00168576385817105,0.0156279647979044,0.00806685635493403,0.187979656301984,0.539372109253879,"BC23287_C1"
"2x27",0.0570335690408813,0.092848138105783,0.132607110055227,3.0524073356254e-05,0.000506649421862858,0.0258026505936058,0.00668698171667413,0.122191537692443,0.562292839300167,"BC23287_C1"
"5x27",0.0130465653132685,0.171447273229224,0.00694486346144454,5.93892284560104e-05,0.000231742798576698,0.0185957905420788,0.0013439833240979,0.133938625411418,0.654391766691436,"BC23287_C1"
"10x28",0.0388901936529868,0.251565472256809,0.23311415877691,0.000382648340787402,0.0013899709925963,0.163652149016445,0.00472584633360629,0.0168116359010579,0.289467924728802,"BC23287_C1"
"11x28",0.0754667832887009,0.285635721194463,0.0213341687163977,0.00391965083750021,0.040877685438397,0.0706436642931518,0.00384242331461224,0.244410633658548,0.25386926925823,"BC23287_C1"
"8x28",0.253187539905598,0.0656127384918632,0.199804134927999,0.0118726354118046,0.0227050022190852,0.125289114058348,0.00189717173572944,0.0445604467034834,0.275071216546089,"BC23287_C1"
"14x28",0.102627019884377,0.179638210670017,0.0947069762229736,0.00110869735537224,0.00199852363076074,0.024130565830807,0.00134412427725901,0.087550744492478,0.506895137635956,"BC23287_C1"
"15x28",0.146775613648403,0.405939923739002,0.0321872150500157,0.00694817303901963,0.0222418658695378,0.0105660828075294,0.0316711929197931,0.0114692085179592,0.33220072440874,"BC23287_C1"
"12x28",0.135113068477583,0.360383226579622,0.0271199044954086,0.0019847304947379,0.00163745132509694,0.0380774229209959,0.0131730942227437,0.00945356379373402,0.413057537690078,"BC23287_C1"
"16x28",0.00942634307522907,0.0709513130075141,0.00765521426740712,0.0843174607902785,0.0226719400578895,0.00248258332909121,0.135729881343752,0.162396486692473,0.504368777436366,"BC23287_C1"
"3x28",0.0161512386561445,0.102186493276112,0.0476038416007185,5.04492473835815e-05,0.000251460990775526,0.00816533557192289,0.00613860632717467,0.447603964307023,0.371848610022745,"BC23287_C1"
"7x28",0.0257224164970947,0.0851411453236082,0.392798068491543,0.000157578076461411,0.000854510924646482,0.0276380269853678,0.00184665150206429,0.0218561456746344,0.443985456524579,"BC23287_C1"
"17x28",0.0914760375339296,0.085581231862414,0.0684996043920973,0.00701286708600782,0.0113391821431044,0.0317072729717026,0.0190161060878144,0.357796388384669,0.327571309538261,"BC23287_C1"
"13x28",0.00931414131521215,0.296960555229691,0.133553405807473,0.000302557933472009,0.00370922775653076,0.0635160913373044,0.00269173483028433,0.209275186412851,0.280677099377182,"BC23287_C1"
"4x28",0.0616376371979879,0.259634965601658,0.0286594785166189,0.000441712040267627,0.0017560883208258,0.0679566371984602,0.0110976155672863,0.1533698054477,0.415446060109195,"BC23287_C1"
"6x28",0.0676074570477825,0.132010734004874,0.0529057611749043,0.00316767431291604,0.00685705250454472,0.118846425095053,0.0142685072829523,0.0886285219203011,0.515707866656672,"BC23287_C1"
"2x28",0.0556780436037901,0.0936786439727852,0.049869420981607,8.79440246819779e-05,0.00064206333610098,0.030320315960263,0.00516424402174997,0.124404427569491,0.640154896529531,"BC23287_C1"
"5x28",0.133726234538576,0.0933670973787086,0.0899010089629681,0.0002916156290849,0.0018282790963548,0.106130294286092,0.019430569228736,0.219970368207453,0.335354532672026,"BC23287_C1"
"9x28",0.0470301394152087,0.131489792451078,0.0202210140612174,0.00324815896153382,0.0025872904847156,0.0195060989715817,0.000788490958031355,0.58418623304545,0.190942781651184,"BC23287_C1"
"17x29",0.0599187561475631,0.331845343787321,0.0153189154798758,0.00259237666455365,0.00326574720396859,0.0196485814669801,0.00632975914320421,0.0254821107268176,0.535598409379716,"BC23287_C1"
"11x29",0.00931190478565843,0.0463742527222625,0.0905539344030947,0.000289533368851762,0.000328492342210218,0.012843010811017,0.0143651167897253,0.0300782220647794,0.7958555327124,"BC23287_C1"
"15x29",0.0188095174681432,0.190659267436135,0.0147375473772335,0.00108477872905999,0.00247730936681752,0.0543791153491576,0.000912179068887429,0.37573549523723,0.341204789967337,"BC23287_C1"
"8x29",0.14410461833832,0.153765934003321,0.046734278525324,3.37215904788735e-06,3.06439147022204e-05,0.00185871458172023,0.00136032109662948,0.319797300875151,0.332344816505784,"BC23287_C1"
"5x29",0.014668646052019,0.21002660624472,0.115000494572375,0.00382641846449372,0.00474019317522304,0.0494733194114138,0.00469007097347365,0.22182358857526,0.375750662531021,"BC23287_C1"
"9x29",0.0151378402426269,0.0908316306948862,0.0853595290533991,0.0174326324536126,0.00501520369097043,0.0077322574580001,0.178456864087016,0.401338278382653,0.198695763936835,"BC23287_C1"
"10x29",0.0691758137255176,0.279638358179813,0.00925837043562854,0.000432777550210974,0.0034598740668604,0.028292235942361,0.0073103045492118,0.306901982501674,0.295530283048723,"BC23287_C1"
"12x29",0.0218579594963439,0.123878701141068,0.0213638991559226,3.08388566574161e-05,0.000336431403689742,0.0231896895356282,0.00102517852045728,0.56699924624014,0.241318055650093,"BC23287_C1"
"16x29",0.0839430732223122,0.112989869087553,0.0700880802421612,0.0452230294847336,0.0494893496434428,0.0113638915143395,0.0418917706551531,0.481665587974804,0.1033453481755,"BC23287_C1"
"13x29",0.00850507081025536,0.0219916928802635,0.0112863353889181,0.0208062292785384,0.0412647407037165,0.0585401529432129,0.018807814946148,0.422782404252663,0.396015558796285,"BC23287_C1"
"7x29",0.0703119987126784,0.0877575886139343,0.174428499716765,0.000142589095673005,0.00190089758031331,0.0489266486099954,0.00526327219293632,0.100414880622779,0.510853624854925,"BC23287_C1"
"14x29",0.0828997121797524,0.131540325613877,0.274597176779913,0.00110293166036008,0.00325480685263372,0.00865566004585297,0.0164529733877265,0.0846037264264069,0.396892687053478,"BC23287_C1"
"4x29",0.0492641825170498,0.178867749873426,0.11382172642009,0.00823601762044946,0.0045653559410082,0.0605625147050963,0.00928263051519761,0.358397244014633,0.217002578393049,"BC23287_C1"
"3x29",0.0835718092953926,0.190047825528271,0.126916322481473,0.00233327009687843,0.00385075607882533,0.0698641806683492,0.0134135928486547,0.128499994469023,0.381502248533132,"BC23287_C1"
"6x29",0.0311692564019427,0.137836096919876,0.0912329035137694,0.000306572009882172,0.00118020238510351,0.0435559516171487,0.0081259030614624,0.512740258885093,0.173852855205722,"BC23287_C1"
"2x29",0.0351427730640882,0.264649703431724,0.0620785558267151,0.00578994395722686,0.00351790921794386,0.0746625424818105,0.0237759873878234,0.325860678065337,0.204521906567331,"BC23287_C1"
"11x30",0.105718250056015,0.261408993129435,0.111935348237242,0.00020218106802407,0.00119378648087657,0.0903671043892611,0.00479817723655637,0.0240940051126547,0.400282154289936,"BC23287_C1"
"9x30",0.067266377517865,0.41799084968001,0.112196717420671,0.0029088654349656,0.0251436775610673,0.0163865637170346,0.000702375167451932,0.00390818722172262,0.353496386279212,"BC23287_C1"
"10x30",0.0133542312814449,0.133586070484282,0.00945419076749735,0.000247313204104307,0.000647351805617434,0.0414392753175563,0.00465666141691926,0.503208464284178,0.2934064414384,"BC23287_C1"
"15x30",0.247704619028875,0.209086783083218,0.00970702402768495,2.41688325388217e-06,0.000633307969357655,0.213193492126041,0.000309743270507391,0.0463614246469102,0.273001188964153,"BC23287_C1"
"17x30",0.132581358185994,0.0984211570908039,0.0253047755657378,0.0155490749360199,0.0866240138443333,0.00911444346359628,0.0838773609551095,0.350096120335832,0.198431695622573,"BC23287_C1"
"6x30",0.0702092534180297,0.381930286725702,0.0486778526911182,0.0158597305994689,0.0139276362715659,0.102715336481876,0.00796491382669991,0.019822485005557,0.338892504979983,"BC23287_C1"
"7x30",0.107923662185997,0.122274654967875,0.0855642700444788,0.0204683009141028,0.0428701230665885,0.0384398519106984,0.0203354134266944,0.325815312177253,0.236308411306313,"BC23287_C1"
"16x30",0.0230579444835882,0.215586721161642,0.0181970019840595,0.000220035007123186,0.000648043047348792,0.0118722969367359,0.00165118186075271,0.00476228726095371,0.724004488257796,"BC23287_C1"
"8x30",0.0454994097530267,0.190743298594651,0.0694641848317642,4.19936644212564e-05,0.000264781455896071,0.0135729082889973,0.000489186013126611,0.580689802128263,0.0992344352698542,"BC23287_C1"
"12x30",0.0368776182894468,0.185855814570313,0.0741141159858816,0.00146419202252181,0.00631748249180296,0.0657739613225213,0.00189389051488429,0.277568032804471,0.350134891998158,"BC23287_C1"
"14x30",0.148328559679331,0.0451873155443614,0.0716670753817562,0.0103756683322472,0.0122486731843878,0.116471032163988,0.037162139258069,0.136937709558694,0.421621826897166,"BC23287_C1"
"18x30",0.0178076700873851,0.462725850340926,0.0273968263544991,0.00025824203896486,0.000638198844900862,0.0328034235896272,0.00302727603409029,0.00869549469330892,0.446647018016298,"BC23287_C1"
"13x30",0.027318490722273,0.0722142978697283,0.0661700535262895,0.000504277411275028,0.000945961143379731,0.0398694027363095,0.00111962539806652,0.58183534000747,0.210022551185209,"BC23287_C1"
"5x30",0.179436202613691,0.252027574681914,0.168185684095408,0.00685443591084286,0.0241778534981222,0.0304530188388129,0.0203637283354521,0.078686202650796,0.239815299374961,"BC23287_C1"
"4x30",0.0385399630442049,0.248470738471189,0.080787006891056,0.00290768511027773,0.00548901966166522,0.0592780248784543,0.0178548141786351,0.246941529540782,0.299731218223735,"BC23287_C1"
"3x30",0.0624131526680171,0.146709246774035,0.0511594217036517,0.00587485348397737,0.00675035775289764,0.0314150680906416,0.00571271886175467,0.438312480715001,0.251652699950024,"BC23287_C1"
"2x30",0.22229528110444,0.145171764818538,0.248478683268933,0.00460184673910174,0.0130472387098624,0.0979662736745692,0.0030176935741641,0.0820565160967307,0.183364702013661,"BC23287_C1"
"11x31",0.0814023266301451,0.195235539056675,0.108284473367889,0.00757121848652449,0.00701239237035055,0.0114684357043604,0.00944785204380368,0.0135105855104254,0.566067176829826,"BC23287_C1"
"10x31",0.0366825944062659,0.195976650745047,0.215825666936125,0.00331455086786347,0.0103789266446344,0.0375931260077844,0.010181725475244,0.256306731265679,0.233740027651357,"BC23287_C1"
