"","Endothelial","CAFs","PVL","Plasmablasts","T-cells","Myeloid","Cancer Epithelial","Normal Epithelial","B-cells","sid"
"11x17",0.019305518120689,0.45235214211903,0.0218431211501283,0.0551633909029298,0.00736759056212554,0.0817849837471711,0.313337992840938,0.0207377912512348,0.0281074693057537,"BC24223_D2"
"8x17",0.00200107503788951,0.639890795152073,0.137904284131917,0.00378053660391332,0.00208757534620828,0.0192493923318496,0.12985045236077,0.0603130810105851,0.00492280802479425,"BC24223_D2"
"7x17",0.0135006027202563,0.302278462803159,0.1201473143963,0.176496402888421,0.00677240233833753,0.0622157005154136,0.221580089582557,0.0655291718444509,0.0314798529111053,"BC24223_D2"
"9x17",0.00157335151892186,0.0920853874299881,0.623223156406862,0.00184144161701687,0.000173217195709542,0.150419417797962,0.127192759568453,0.00243076698526933,0.0010605014798166,"BC24223_D2"
"10x17",0.00535070319545646,0.398628798452941,0.101189831957515,0.118879401951684,0.0014940836927728,0.0501249860657014,0.308825288528768,0.0147750652141091,0.000731840941051605,"BC24223_D2"
"5x17",0.00225895384775744,0.415121250530679,0.0859085556293106,0.244890162854299,9.07589090252207e-05,0.0148751310349845,0.233289640372842,0.00332953017954888,0.000236016641553538,"BC24223_D2"
"13x17",0.0151211766305146,0.461727347059102,0.0462937826597033,0.0910247717997766,0.011253662750542,0.0810427238633847,0.248321940631741,0.0363952875611411,0.00881930704409473,"BC24223_D2"
"6x17",0.00576322272723348,0.203005032101913,0.0325634925203992,0.588999579271728,0.00131788509011298,0.0427551128247977,0.102085971748781,0.018334675244446,0.00517502847058832,"BC24223_D2"
"15x17",0.0640394731338477,0.306155973244475,0.156161780386134,0.0503077636770954,0.0271102398076624,0.0877745040872005,0.131213470880357,0.0589679291093363,0.118268865673891,"BC24223_D2"
"14x17",0.0507869476168866,0.389076257564526,0.120514379973316,0.281146346098778,0.00129912095377212,0.0299899514546852,0.106233395025365,0.0158057676292501,0.0051478336834211,"BC24223_D2"
"12x17",0.0144535363901941,0.242114245455933,0.100727376975025,0.0601811881508064,0.00284942446496096,0.0544119328447092,0.473140311787659,0.0501251071384863,0.00199687679222608,"BC24223_D2"
"4x17",0.00886734918390958,0.391909408669171,0.126315179320233,0.0218997829790622,0.00331616021239483,0.0458984989116364,0.386514885664226,0.0121233406136456,0.00315539444572182,"BC24223_D2"
"11x18",0.00743291117008148,0.407945531013581,0.137372361258236,0.0832059281939669,0.00352516074207007,0.0436017898077235,0.255498992408915,0.040989141557296,0.02042818384813,"BC24223_D2"
"21x18",0.00661899013542515,0.384941886146691,0.0715773987539181,0.0840989835174395,0.015466312570006,0.00774815147671053,0.271258481563474,0.101543600506507,0.0567461953298293,"BC24223_D2"
"9x18",0.0150231635474105,0.213007490547781,0.111027857774183,0.405002194489891,0.000144548917615478,0.055529979480861,0.186156513205616,0.0139300055572159,0.000178246479425142,"BC24223_D2"
"20x18",0.0129633516138064,0.307777716107449,0.076817764939859,0.0772960534753192,0.00250403715133776,0.0877909937904368,0.416686213704228,0.0167469180182259,0.001416951199338,"BC24223_D2"
"10x18",0.00525834316077043,0.252311232259709,0.213637064175642,0.204159551148682,0.00083093190306426,0.108384626655752,0.181184126616595,0.0318625613866997,0.00237156269308598,"BC24223_D2"
"19x18",0.0051972274168694,0.276646264878943,0.334381935319704,0.0962997947968613,0.00163395379433844,0.0872095745414433,0.17422868786212,0.0224758584494735,0.00192670294024669,"BC24223_D2"
"17x18",0.0132765824505287,0.258885714564626,0.143361220952086,0.225101795555708,0.00189968060460641,0.080343534619804,0.24601128329988,0.0285375327228268,0.00258265522993477,"BC24223_D2"
"8x18",0.000137315277245221,0.173066547969989,0.666481892367,0.0864973365755267,0.000152393255751447,0.0231422826614151,0.0299291696958186,0.0204323690481732,0.000160693149080318,"BC24223_D2"
"16x18",0.0195811528262483,0.404978665258117,0.110467935306233,0.0526234025854477,0.0072717823329504,0.0460207298868218,0.231063107887793,0.0987081309585305,0.0292850929578581,"BC24223_D2"
"7x18",0.00231763887890755,0.481033011004038,0.321334520719044,0.00380958675207222,0.00444484829777811,0.0756376377594534,0.0819655738401437,0.0263690905351545,0.00308809221340805,"BC24223_D2"
"5x18",0.017842917666716,0.282287613567672,0.311888316543328,0.127091656910651,0.00213174667412979,0.0349392340406371,0.207948247047851,0.0125216976107683,0.00334856993824686,"BC24223_D2"
"12x18",0.00967340150799502,0.251265734097492,0.0976963949565098,0.0704228942433143,0.00492966900043864,0.0282375523582014,0.451098756421355,0.0739156205518867,0.0127599768628079,"BC24223_D2"
"13x18",0.0249686815240939,0.455795401941063,0.240241744084328,0.0942816355016247,0.00318982961779462,0.0121392883605262,0.132216772100863,0.0173212784361708,0.0198453684335358,"BC24223_D2"
"14x18",0.0154162938937192,0.422096888229473,0.125197107472734,0.0585602096825397,0.0198677833117048,0.0493554281522254,0.205778720036994,0.0777985769866027,0.0259289922340063,"BC24223_D2"
"6x18",0.0159102827282268,0.198030782227251,0.220241053980617,0.33727727743123,0.00135620175197177,0.0468057579613728,0.169933409066504,0.0081276941364062,0.00231754071642037,"BC24223_D2"
"4x18",0.00188520120197893,0.493221434105273,0.215175825914681,0.0245167039199887,0.000246475635734078,0.00979831252130033,0.235417583573981,0.0187944981779565,0.00094396494910714,"BC24223_D2"
"15x18",0.00962512073055327,0.381513954314336,0.306620102925935,0.0831131501385843,0.0197065692961475,0.0337321328322708,0.107067553928481,0.0342854369501834,0.0243359788835084,"BC24223_D2"
"22x19",0.01674738997168,0.109901062324705,0.262546958467029,0.255322994662693,0.0245669329514812,0.0428283976492507,0.120667142262029,0.0461164643925143,0.121302657318617,"BC24223_D2"
"20x19",0.0179450736531738,0.454002816043488,0.0852076555416363,0.0885062319887009,0.00451459666232467,0.113443569615039,0.215662642592256,0.0157728547989181,0.00494455910446412,"BC24223_D2"
"21x19",0.00602781819448152,0.163990406590526,0.188116232950735,0.24447950611278,0.00617129995504366,0.0981559607111777,0.251213307685225,0.0358754105289609,0.00597005727107138,"BC24223_D2"
"9x19",0.0120831100839629,0.333563028804138,0.196004163319604,0.156436875832019,0.00132675434472556,0.0351452596267967,0.247864234167336,0.0158522567301566,0.0017243170912615,"BC24223_D2"
"8x19",0.00179724556582552,0.433364488053027,0.108167256629702,0.205316024967031,0.000699499844984417,0.0205303697485366,0.212341187821941,0.0160620700865166,0.00172185728243608,"BC24223_D2"
"19x19",0.0284458995395753,0.218142126913411,0.340301493510939,0.108011479529489,0.00395456677220402,0.107455753507983,0.17499657428314,0.00994570260994116,0.00874640333331646,"BC24223_D2"
"11x19",0.0074152199612721,0.260311207273481,0.0860232756635995,0.244551704756781,0.00176021669013304,0.126290626694227,0.251707874274113,0.0194477709497822,0.00249210373661114,"BC24223_D2"
"18x19",0.00577839734199951,0.25850512138657,0.0752958863694119,0.305018684553033,0.00235275628271006,0.0622190425279183,0.254855930303026,0.0302610391976838,0.00571314203764736,"BC24223_D2"
"17x19",0.00861730375527234,0.258734808814839,0.0350985586293855,0.28754706803193,0.000470372196146714,0.0807470615559835,0.316287235623236,0.012089902869433,0.000407688523774751,"BC24223_D2"
"10x19",0.021638829122934,0.330650628091435,0.198205262102041,0.0137595154346761,0.0100442757914365,0.122763201636428,0.269603013636912,0.0281833583906647,0.00515191579347269,"BC24223_D2"
"13x19",0.0166722432308924,0.217918266653446,0.105945711165058,0.0955225622507009,0.0105220254536693,0.03540885623936,0.440591637559235,0.0688417491570961,0.00857694829054265,"BC24223_D2"
"24x19",0.0245956249905766,0.242187224151199,0.335140334406423,0.0354660396541309,0.000408087296601739,0.13320224873049,0.211837279713724,0.0149138490873104,0.00224931196954453,"BC24223_D2"
"5x19",0.0152615405132559,0.246858909209428,0.292813369796753,0.0533675093389757,0.00605434047982839,0.0844813954016426,0.222778160879703,0.0647509538559757,0.0136338205244375,"BC24223_D2"
"16x19",0.00517287432834589,0.452164694645802,0.0665650779398927,0.0432673347099805,0.0074302870308769,0.0620221254042634,0.313317759284736,0.0415371999499834,0.00852264670611869,"BC24223_D2"
"23x19",0.0254138764114219,0.180899989825455,0.142719146989559,0.16462036384114,0.0444425016538386,0.0837884347274528,0.244814036157067,0.0363093951128835,0.0769922552811815,"BC24223_D2"
"7x19",0.00411526481198762,0.352922947656827,0.210083130565676,0.0241360540710486,0.000533194904188579,0.020434369431017,0.367149325622292,0.0195380365896589,0.00108767634730423,"BC24223_D2"
"12x19",0.00785483467946457,0.332114808341782,0.125415320977645,0.118121470186827,0.00224356627572,0.0901051383323424,0.278222080899058,0.03758434909891,0.00833843120825066,"BC24223_D2"
"15x19",0.0019415332473238,0.405480031205267,0.246616335238124,0.0256896511938332,0.00103045365279961,0.0355142616519261,0.250651608900931,0.0305635324784501,0.00251259243134489,"BC24223_D2"
"4x19",0.00168795414648519,0.502267387661213,0.150009121040692,0.077501531514385,0.000239207136087817,0.0230630351169454,0.231403908664857,0.013312106778999,0.00051574794033653,"BC24223_D2"
"14x19",0.00992920158342968,0.291115166121998,0.0863299325693803,0.0190799062626531,0.0251197182131799,0.0625352188872624,0.408576338317551,0.0625923312196331,0.034722186824913,"BC24223_D2"
"6x19",0.00325910396473999,0.263169962460391,0.23085969869506,0.0160171528220847,0.000551584578043781,0.0254617798352915,0.404780788114715,0.0544792039166108,0.00142072561306208,"BC24223_D2"
"20x20",0.023226752412442,0.288541225362691,0.175389024986624,0.07348659067143,0.00359852888717202,0.187736896621975,0.21093549506834,0.0299193554455976,0.00716613054372808,"BC24223_D2"
"22x20",0.00640523429530042,0.184755175053234,0.236766379655697,0.374463194242776,0.00570871407593423,0.0838196885768217,0.0792906492743986,0.0190119952131473,0.00977896961268962,"BC24223_D2"
"21x20",0.011633018271589,0.301659880413087,0.117614536157867,0.287224467749507,0.00429827100111631,0.133804013945385,0.10885110670562,0.0230631320092948,0.0118515737465338,"BC24223_D2"
"11x20",0.00106817473248566,0.348303224436182,0.0870642416761187,0.0507873344503023,0.00101619292095959,0.136654647341736,0.337155055495659,0.0357152239084312,0.00223590503812508,"BC24223_D2"
"19x20",0.0172881417572372,0.264732607466637,0.220065879271493,0.225789333402118,0.00311821139683722,0.0827415990461797,0.145238331680509,0.0274737009680431,0.0135521950109462,"BC24223_D2"
"10x20",0.009768107070775,0.225713038586475,0.156529779239194,0.154650033745172,0.00172908946686108,0.0922100169949162,0.28070605357239,0.0772797627550104,0.00141411856920689,"BC24223_D2"
"17x20",0.00881248121468814,0.34797032131265,0.0386492062970324,0.130728096593993,0.00369459992736098,0.0653432930672178,0.382129191716927,0.0181947068213745,0.00447810304875713,"BC24223_D2"
"18x20",0.0119678079378383,0.368051369233485,0.0598028581365087,0.23216823738996,0.00236613424869197,0.0549370392764589,0.250485469464854,0.013076378660951,0.0071447056512516,"BC24223_D2"
"16x20",0.0072196137510823,0.258232279317959,0.139893756583934,0.226633596957123,0.00193906244835918,0.0585730198035166,0.280646557292347,0.0236889373556073,0.00317317649007207,"BC24223_D2"
"23x20",0.00278793681142967,0.207835135527163,0.468421719883328,0.15569568682401,0.00116031007920419,0.0185469288687187,0.0981142449758678,0.0453513284146691,0.0020867086156089,"BC24223_D2"
"8x20",0.0263604298215319,0.244348609863918,0.394347173548739,0.0608278599730449,0.00483226813561808,0.0434962205845439,0.149113584824151,0.0573481518244932,0.0193257014239599,"BC24223_D2"
"9x20",0.0296482030485251,0.231116811101504,0.175858092219729,0.176707348959746,0.016517457844163,0.0641071854071266,0.246542507817523,0.035085087904331,0.0244173056973535,"BC24223_D2"
"15x20",0.00912658231958068,0.369271543860638,0.060364555531005,0.163970243178228,0.00524451131115551,0.0239253389281935,0.321541152278244,0.0361606764170504,0.0103953961759046,"BC24223_D2"
"7x20",0.0059103688584133,0.411745924932887,0.171489325877907,0.0871780925892824,0.00237261412688112,0.0427784594822279,0.226485592669336,0.0422355309859368,0.0098040904771283,"BC24223_D2"
"24x20",0.0327711082942608,0.27543222720506,0.127538650933079,0.0919131505664382,0.00933418227208009,0.0949431549101034,0.330873402262384,0.0348748913967144,0.0023192321598806,"BC24223_D2"
"5x20",0.00240241579417237,0.263923963610892,0.285566197495768,0.138311066551308,0.000847145547052599,0.0778743990243109,0.224452843510217,0.00476472093949307,0.00185724752678687,"BC24223_D2"
"13x20",0.00621900651266139,0.254873419315118,0.123723075319439,0.112798506444219,0.00161759109670009,0.0289016430275257,0.430393493330158,0.0382758537139723,0.00319741124020678,"BC24223_D2"
"6x20",0.00257031781843659,0.353562206419086,0.0765139775698759,0.133884186245822,0.00218703027357498,0.0707163003041942,0.345973142923202,0.0122710779250296,0.00232176052077897,"BC24223_D2"
"14x20",0.0144669832872928,0.225143844797028,0.0674299385274204,0.307669717421522,0.00319734192373455,0.0355101706826284,0.312623588870571,0.0284328517113079,0.00552556277849462,"BC24223_D2"
"12x20",0.00537430203549294,0.30322118241003,0.0872382415608775,0.0178170228971889,0.00266348632930138,0.132287473493245,0.428745432417661,0.0199487567127404,0.00270410214346225,"BC24223_D2"
"4x20",0.0168712286711577,0.462443753805929,0.17813804791758,0.0701962496584406,0.00458995652424059,0.0424090509664435,0.181609711613193,0.0370124670594297,0.0067295337835859,"BC24223_D2"
"22x21",0.036712644491332,0.269836691350944,0.173288438892257,0.115374290658779,0.0094582357111943,0.00290784089833843,0.142910773263301,0.148703964299203,0.100807120434651,"BC24223_D2"
"20x21",0.0223438830546608,0.2451633614634,0.171543307903139,0.287252458748946,0.00169973079939819,0.112723461816294,0.140032976501504,0.0142278040448004,0.00501301566785563,"BC24223_D2"
"11x21",0.0698244483827441,0.231734981406021,0.0858296322852425,0.254247534972897,0.00399735844252566,0.0255912702901969,0.295665664364082,0.0222838206917581,0.0108252891645325,"BC24223_D2"
"24x21",0.000731435154162882,0.0953192256155877,0.288117750195224,0.570663302132139,0.00012896653720675,0.0138828186786708,0.0293109457771785,0.00156230052557222,0.000283255384257778,"BC24223_D2"
"19x21",0.00371578940637902,0.294606792344995,0.207241728538901,0.12258410178775,0.00855323708009628,0.0716487181359536,0.26689679515969,0.0213993429356895,0.00335349461054649,"BC24223_D2"
"9x21",0.00718359681563479,0.225758218917084,0.109257765008228,0.178650881015413,0.00419864560437069,0.0488880490436445,0.357775009262773,0.0584553074858171,0.00983252684703615,"BC24223_D2"
"13x21",0.00440016983774543,0.30886996584022,0.137281649174673,0.174437786452366,0.00806331590975681,0.0606653172289188,0.257425355024873,0.0368567982220119,0.0119996423094356,"BC24223_D2"
"21x21",0.00906585076057939,0.257754214544279,0.290780392564445,0.0227546996615219,0.00123845217830593,0.162278553693958,0.244726972594254,0.010150504736991,0.00125035926566655,"BC24223_D2"
"16x21",0.0263023562102638,0.241325114630307,0.199542354394277,0.0939311301436466,0.0057902617516802,0.0443751003396371,0.325985612641101,0.0533531234780484,0.00939494641103876,"BC24223_D2"
"18x21",0.0163468696553982,0.30157374053937,0.201079309373694,0.0885190225381906,0.00299363075168453,0.130694018205278,0.231780280223443,0.0240779388121732,0.00293518990076856,"BC24223_D2"
"17x21",0.0132904504478666,0.256599920093068,0.16106159911144,0.106872368580037,0.0274346763802701,0.143858357165919,0.182937195983013,0.0714339781620582,0.0365114540763282,"BC24223_D2"
"10x21",0.00757723062849996,0.230017424473882,0.114073702134007,0.349543084193819,0.00845761571833081,0.0435858577951688,0.195993283076334,0.0433202785371058,0.0074315234428529,"BC24223_D2"
"8x21",0.00493418372855306,0.32628135354127,0.260690682563211,0.117457135508584,0.00558050336268195,0.0763309729681647,0.168158877491199,0.026826458102713,0.0137398327336232,"BC24223_D2"
"6x21",0.00300738255468137,0.214727595070906,0.390026684828245,0.235909262024974,0.000352766142970841,0.0424552668198566,0.102466880949768,0.0101918603043707,0.000862301304227384,"BC24223_D2"
"15x21",0.00536094366564307,0.361824593862087,0.0669125438080536,0.195421613545611,0.00223316783087338,0.100586554516792,0.250015033583098,0.0146588668543947,0.00298668233344671,"BC24223_D2"
"5x21",0.00328366239005001,0.379801967154341,0.126843488342047,0.0744029373644899,0.00103572015301005,0.0641012545582066,0.288031621970688,0.0606530167714715,0.00184633129569479,"BC24223_D2"
"7x21",0.0102868256635288,0.289688636590971,0.158536222844534,0.161044963963203,0.00335152799881628,0.0742344304976196,0.225612208663802,0.0619965690834322,0.0152486146940932,"BC24223_D2"
"14x21",0.00154274226797121,0.242234544636242,0.147234272310898,0.377211542304866,0.000376680326380329,0.0653366339082826,0.158012929442051,0.00576467481641965,0.0022859799868895,"BC24223_D2"
"12x21",0.000999088199680131,0.324877216718592,0.0223227348365612,0.202175566265098,0.00171361074187879,0.0753092007123832,0.35479796479219,0.0156280866661387,0.00217653106747795,"BC24223_D2"
"4x21",0.00216726499016266,0.298432716486875,0.0118739495391989,0.207318047568761,0.00220948188614138,0.0449943262903202,0.418170494593407,0.0120744120143631,0.00275930663077196,"BC24223_D2"
"22x22",0.062384813258932,0.376802790663774,0.223771436541858,0.0484370610092983,0.00118620205703564,0.1019447241247,0.157569244484179,0.0242644084488427,0.00363931941137991,"BC24223_D2"
"11x22",0.00331966370587933,0.242702350257753,0.203436442261089,0.166009042453722,0.00610391371239817,0.100783822550123,0.240275471829969,0.0206597522646346,0.0167095409644323,"BC24223_D2"
"20x22",0.0045310628951529,0.153805304912044,0.195997722502645,0.525657611316075,0.000922725206748623,0.0358468596860929,0.066656029700314,0.0118368512231444,0.00474583255778329,"BC24223_D2"
"19x22",0.0174654195708232,0.386885304073086,0.0915828183750247,0.101007875555167,0.0109402246209759,0.129620115704871,0.213903654999296,0.0342650090038291,0.0143295780969262,"BC24223_D2"
"9x22",0.00553404931822785,0.224073360112566,0.180400218725858,0.142767405890777,0.0133796938216253,0.0989058596531671,0.310070722245179,0.00925122452529978,0.0156174657073001,"BC24223_D2"
"18x22",0.00188274304733717,0.354468238433465,0.0517196261266948,0.171037682066633,0.000421492871774489,0.0791896994674135,0.332349895843469,0.0084412370772466,0.00048938506596606,"BC24223_D2"
"17x22",0.0122919934970686,0.243813039237408,0.29125644525508,0.146613184361714,0.00238928498739662,0.085972209910191,0.187504179850832,0.0244701031098542,0.00568955979045606,"BC24223_D2"
"21x22",0.0353693669153542,0.157964663798749,0.338769812882355,0.263287177138081,0.0039288388514719,0.0664803309994368,0.0864454167178666,0.0363328597568511,0.0114215329398348,"BC24223_D2"
"4x22",0.00011716046075856,0.232658821206292,0.507958726247244,0.00766925563203324,2.35370121438364e-05,0.0834443073821963,0.164787320315309,0.00328104328701731,5.98284570065868e-05,"BC24223_D2"
"5x22",0.0350980346132141,0.394022431105042,0.0655551518655625,0.0591306692879251,0.0114523088120264,0.0831001119678321,0.308178876182504,0.0283830991447429,0.0150793170211509,"BC24223_D2"
"10x22",0.011209328986138,0.293198549587428,0.293633102502661,0.118795369806628,0.00059826682119887,0.0879417592322151,0.181164049468666,0.011938092513389,0.00152148108167524,"BC24223_D2"
"16x22",0.0296534107972441,0.338136346099577,0.0587357354088165,0.10030488573774,0.00420890315785986,0.0898284622017775,0.346876123206899,0.0283450685209598,0.0039110648691266,"BC24223_D2"
"8x22",0.00256774518663383,0.208158135058573,0.155692549621433,0.3224204119803,0.0158465661421049,0.0460782958217172,0.172345449777451,0.0411993547754863,0.035691491636301,"BC24223_D2"
"25x22",0.00825572837154672,0.257198142640355,0.333505131332916,0.0500935763635591,0.000881560887434602,0.161435490051576,0.172250171119645,0.015663090820405,0.000717108412562451,"BC24223_D2"
"7x22",0.00305798037853288,0.222724556383448,0.203079756386689,0.285348793598857,0.00135039565080413,0.0458079296768406,0.19432691290423,0.0353826182278677,0.00892105679273059,"BC24223_D2"
"12x22",0.0180068305928467,0.283452379932162,0.115378543513161,0.207155473751002,0.00269483859478778,0.0978481418819636,0.245627101511757,0.0225951512707366,0.00724153895158249,"BC24223_D2"
"13x22",0.0268396746636875,0.37162601730816,0.0612662911491756,0.174041943259782,0.0130180538039937,0.0399233180297707,0.209185590178459,0.0862925537610022,0.0178065578459695,"BC24223_D2"
"23x22",0.00189648213079683,0.14739617280526,0.282412657869144,0.36710568917014,0.00537188114938235,0.0709510297695907,0.110735419931297,0.0103961096362327,0.00373455753815633,"BC24223_D2"
"6x22",0.00389538932979839,0.276788223626606,0.243049650206198,0.101077017089808,0.00347301680294147,0.158463619677916,0.180995794147715,0.0226420920660112,0.00961519705300553,"BC24223_D2"
"15x22",0.00987217020992487,0.302583460161999,0.240121471529108,0.0732486950947745,0.000830371733766801,0.0816660827740703,0.246496529334687,0.0433117423505316,0.00186947681113839,"BC24223_D2"
"3x22",0.00466494223501705,0.413123804430275,0.159763089820787,0.17995250163334,0.00103121228402335,0.0721114890040088,0.155462312596904,0.0127488943282984,0.00114175366734633,"BC24223_D2"
"14x22",0.00995608699174996,0.3407225547072,0.117230127166285,0.342345035538579,0.00141401657089247,0.0459929367388618,0.128788527146143,0.010039356845734,0.003511358294554,"BC24223_D2"
"22x23",0.0042444347995403,0.205387381073039,0.549673104608779,0.041579858754488,0.00091016236795191,0.107502492143411,0.0731527412513698,0.0161381542609649,0.00141167074045626,"BC24223_D2"
"20x23",0.0146433119187541,0.285689289781905,0.19074174343384,0.173150098936189,0.0187257626690215,0.115691220248116,0.134539223356635,0.0399670045781014,0.0268523450774379,"BC24223_D2"
"11x23",0.00233299968519475,0.238790363493957,0.138909147366779,0.423394875697086,0.000272853590595015,0.0626283627161057,0.12801535771385,0.0047594205454547,0.000896619190977017,"BC24223_D2"
"21x23",0.0188269211334885,0.354815116826071,0.11642608734601,0.100854868912212,0.0107849656895794,0.101365350645839,0.200226623275362,0.0556239220608532,0.0410761441105843,"BC24223_D2"
"7x23",0.0137448180989353,0.157228037069364,0.136023737717554,0.425908064290018,0.000232254594088899,0.0758096802483972,0.151629076586124,0.0348344198397518,0.00458991155576637,"BC24223_D2"
"16x23",0.0413473207661951,0.203555288788013,0.14119775699692,0.143945438963342,0.00340460703244211,0.197333494401316,0.105275882004811,0.15213836043444,0.0118018506125207,"BC24223_D2"
"18x23",0.0160135289401093,0.310347572149309,0.0500915202090615,0.0378809861019566,0.0105635963134814,0.0895084312766817,0.403575596775864,0.0606373918521969,0.0213813763813396,"BC24223_D2"
"24x23",0.0295638702545539,0.354721286508152,0.159667756579979,0.0434652513835551,0.00845696904145725,0.139202450271219,0.227570191670612,0.0300204971411372,0.0073317271493354,"BC24223_D2"
"9x23",0.0055500065493158,0.309719509316167,0.194633451648452,0.190118375975995,0.00294391781661829,0.033619201080118,0.209996908598386,0.0416036527886919,0.0118149762262562,"BC24223_D2"
"8x23",0.0179405414108978,0.209943489182973,0.357672648807179,0.0712976995860917,0.00833800365683911,0.0893801642571959,0.153970946191339,0.0659903570296662,0.0254661498778185,"BC24223_D2"
"23x23",0.000989047139203118,0.163220567606426,0.709154603896554,0.0207422500240549,0.00113781772364122,0.0309213765026522,0.0551616816628955,0.0117759562074026,0.00689669923717079,"BC24223_D2"
"25x23",0.0240244603631763,0.196378967740845,0.288523295796023,0.0854992184246993,0.00461903184957852,0.033202642462874,0.203935019334969,0.156388955431139,0.00742840859669532,"BC24223_D2"
"19x23",0.00546318077889964,0.117760409727424,0.469217823029643,0.18420977849555,0.00136418648753098,0.0860986996968672,0.123612097918255,0.0118135607219035,0.000460263143926238,"BC24223_D2"
"10x23",0.011238753451064,0.308559630293192,0.36600828571256,0.0518468410467288,0.00110931452134417,0.0998965594729743,0.101755725832198,0.0549738829591685,0.00461100671077123,"BC24223_D2"
"15x23",0.0248252146272172,0.175981820686056,0.434796796719924,0.0862317946684753,0.00437362476820169,0.0655378903281112,0.170263412121559,0.0343588279314654,0.00363061814899059,"BC24223_D2"
"17x23",0.0408475601049679,0.258766369371904,0.311466752168103,0.0525403908403591,0.00085787257824728,0.0720689526460607,0.241785927908715,0.0167222525243403,0.00494392185730339,"BC24223_D2"
"13x23",0.00627785027471271,0.211869115133522,0.266027020407419,0.165928474005654,0.00296536562924329,0.0215912336569596,0.287727555085744,0.0246312193144167,0.012982166492328,"BC24223_D2"
"14x23",0.00391925784070451,0.273311531220144,0.20167622504105,0.127586814863748,0.00111915239520068,0.0261136591553477,0.330817834508133,0.0311630163047749,0.00429250867089745,"BC24223_D2"
"5x23",0.00275968095790483,0.450749361344251,0.283526619763425,0.00877951469153705,0.00106158667980005,0.0155877978171179,0.235694211561714,0.00142084900291139,0.000420378181339343,"BC24223_D2"
"12x23",0.00332157452814024,0.25095261840606,0.267940223273574,0.192120031816879,0.000671186057880034,0.0844434015249031,0.194592294005228,0.00364556562910498,0.0023131047582301,"BC24223_D2"
"6x23",0.00543665671648281,0.198524422949008,0.278859602737263,0.192631786837191,0.0133253699094343,0.0682889677756794,0.182945575842078,0.0509716429358473,0.0090159742970162,"BC24223_D2"
"3x23",0.00206483167936986,0.286052432385843,0.113872441263621,0.24177714270678,0.000503791677470547,0.0796202031083307,0.267394513458735,0.00815739904050034,0.000557244679349696,"BC24223_D2"
"4x23",0.00561816712294499,0.121859956165809,0.483456564086372,0.00417981370834379,0.00037396392781758,0.0259594818900034,0.338317394974325,0.0193413931374314,0.000893264986952722,"BC24223_D2"
"22x24",0.0840236885167123,0.205083494888434,0.247836971891881,0.274489618506279,0.00364852767656385,0.0692829104239834,0.093192871165441,0.0175441704115713,0.00489774651913452,"BC24223_D2"
"11x24",0.011229668867784,0.216135540734482,0.262685366868617,0.200747014511012,0.046422787627297,0.0286039164333562,0.124429520137772,0.0441666281557845,0.0655795566638944,"BC24223_D2"
"21x24",0.00631887938405286,0.187525753425605,0.514737263815628,0.057123150621364,0.00100319231664469,0.0312484550450086,0.14069923906672,0.057666610322649,0.00367745600232847,"BC24223_D2"
"20x24",0.0176331968726464,0.278651336215652,0.285853186468213,0.0815659531013471,0.00469207314558239,0.04120153744671,0.249507552404569,0.0351047142011717,0.00579045014410846,"BC24223_D2"
"16x24",0.0518111106434687,0.212815858213343,0.242903423160207,0.157240729762871,0.00860313936532184,0.0715219908997645,0.104924875097456,0.0928443454591759,0.0573345273983909,"BC24223_D2"
"18x24",0.0350407022040146,0.287813328060611,0.273814041852395,0.122573602409367,0.000847663968370436,0.0894482288979882,0.181715085857949,0.00812344818768463,0.000623898561620436,"BC24223_D2"
"9x24",0.0660696172474771,0.384306656927064,0.104931546423537,0.0745627480633186,0.00257229240588049,0.128430964629959,0.232876611835172,0.00477079376396082,0.00147876870363251,"BC24223_D2"
"12x24",0.00994901192610033,0.301492154844288,0.108986676815992,0.329520829927444,0.0105446274432803,0.0187952006470174,0.150866486724585,0.0575333967456177,0.012311614925674,"BC24223_D2"
"19x24",0.00159110786787964,0.34580247958443,0.384412659196743,0.00889945771768668,0.000504430198861206,0.0281708354755866,0.221949535515936,0.00775731155440005,0.000912182888477942,"BC24223_D2"
"24x24",0.000903050572901197,0.133083028439785,0.602998882585576,0.0461025762578768,4.73343004168923e-05,0.0914502247760145,0.115083698880287,0.00985038275217281,0.000480821434970223,"BC24223_D2"
"10x24",0.0365956788857464,0.247658293626878,0.249617680264835,0.170682641399151,0.00432002307045994,0.1251295650833,0.135225374640769,0.026410847163116,0.00435989586574488,"BC24223_D2"
"17x24",0.00312914203339507,0.247718386854289,0.2739249145519,0.055285663397486,0.00458348721994214,0.0915183435944427,0.300812505377126,0.0168203536276831,0.00620720334373641,"BC24223_D2"
"25x24",0.012154502167428,0.224524636788857,0.491630405545006,0.0522943412138506,0.00404204984306925,0.0333804760884518,0.0907652118801801,0.0758431150659444,0.0153652614072137,"BC24223_D2"
"7x24",0.0101533864853676,0.317966208339829,0.35105269003149,0.0191064720192281,0.00196803220485208,0.097791782220187,0.178135174399502,0.0208915496051162,0.00293470469442723,"BC24223_D2"
"8x24",0.00639046978005756,0.230553483801069,0.416062189966708,0.100881861980116,0.00177939569853607,0.0716755832864358,0.135356676777958,0.0355583103992775,0.00174202830984184,"BC24223_D2"
"5x24",0.00105578462917462,0.184167029829808,0.0115583490757215,0.625922147027965,0.00167883810047109,0.00823333330531276,0.16465650100276,0.00222312304503716,0.000504893983749322,"BC24223_D2"
"6x24",0.00489413217314031,0.154878994134528,0.301334260032722,0.345246646969434,0.000659659280486628,0.0135073770577761,0.163383788588044,0.0114108844511371,0.00468425731273285,"BC24223_D2"
"14x24",0.0143636703747052,0.240958563106433,0.264415732274557,0.178363710680434,0.00173469252797794,0.081624177042992,0.183449552993093,0.0291217486714247,0.00596815232838288,"BC24223_D2"
"23x24",0.00265574379908389,0.107869376755787,0.72444084924458,0.0405850969169867,0.000830857925418819,0.0504080623778316,0.069556380980617,0.00312919587950101,0.000524436120193686,"BC24223_D2"
"15x24",0.0186557783086298,0.13471098880679,0.510754319207589,0.0760558183030507,0.00995538111543038,0.0284526570515577,0.0729777334349317,0.13309774958083,0.0153395741911903,"BC24223_D2"
"4x24",0.0111146384856276,0.17103907653558,0.23143377339654,0.103112251336852,4.83531991499947e-05,0.00934580031481879,0.452978505209781,0.0208401611424884,8.74403791623935e-05,"BC24223_D2"
"13x24",0.00247447398307009,0.180904145050975,0.186421946784056,0.420439870624022,0.00197412924869647,0.0142213697004543,0.158224884464109,0.0267045787509204,0.00863460139369698,"BC24223_D2"
"3x24",0.00834749172297422,0.457119072908501,0.173158864563259,0.0161382431508847,0.00835796332986127,0.0367586234881551,0.276202915849568,0.0111111724245711,0.0128056525622261,"BC24223_D2"
"22x25",0.0164352225885644,0.159737470463265,0.39142665648407,0.130107180885182,0.00143725378235948,0.0984773835319963,0.12258592774723,0.0745379075334398,0.00525499698389246,"BC24223_D2"
"20x25",0.0700653402109523,0.286556038692494,0.14563467620126,0.145258078481416,0.0127790404118887,0.101347279025016,0.120680161600044,0.0470243840093983,0.070655001367531,"BC24223_D2"
"11x25",0.0259946789607165,0.229763285772539,0.332135871804399,0.076345377538496,0.0145129649243852,0.0740881498954244,0.134480708787286,0.0539638090049763,0.0587151533117778,"BC24223_D2"
"21x25",0.0146417512903017,0.263095288341565,0.303429643634209,0.16118166641892,0.0030634535784755,0.0833216290625763,0.127325351070868,0.0314063385334908,0.0125348780695942,"BC24223_D2"
"9x25",0.00665075863348628,0.246256448857473,0.222110724152057,0.162159012941051,0.00721154834740473,0.0805656628019712,0.237615885763447,0.0270213148384588,0.0104086436646513,"BC24223_D2"
"18x25",0.0159785526582282,0.275591729180852,0.0260667217402139,0.260878534875295,0.00446970350117326,0.0668256996779271,0.310649385114342,0.0326252054566371,0.00691446779533148,"BC24223_D2"
"19x25",0.0166762946719362,0.259149802359613,0.204222199380735,0.329977195429872,0.000798060032562795,0.0894785169170202,0.0877914322442406,0.00973136162595186,0.00217513733806829,"BC24223_D2"
"23x25",0.0291855930825861,0.236249959875026,0.15277824312759,0.41243074469918,0.0018173847078339,0.0246864932713905,0.124646413176078,0.0123529163027348,0.00585225175758096,"BC24223_D2"
"16x25",0.00740685773903916,0.245512110851739,0.206748921180735,0.199942379391796,0.00337077395179081,0.0453924687517583,0.225853443247062,0.0583112196408711,0.00746182524520847,"BC24223_D2"
"8x25",0.00584500048966526,0.165890129213095,0.505261550597928,0.0806697058752423,0.00262791754359441,0.0224144662506888,0.180988727556643,0.0321270714336962,0.00417543103944657,"BC24223_D2"
"10x25",0.00531994761617193,0.197193580250035,0.404428244191214,0.175191817854124,0.00607294424630821,0.0546754457742207,0.122649188892817,0.0192126137244899,0.0152562174506182,"BC24223_D2"
"25x25",0.0384229808184973,0.337115407037142,0.260920674793272,0.0687847462792399,0.00687695662719723,0.0685271404300071,0.160611751645051,0.0381653191217529,0.0205750232478411,"BC24223_D2"
"24x25",0.0210633146888675,0.36902734915418,0.136257272395497,0.212544534538736,0.00164584182238413,0.081965514250319,0.11536740026707,0.057587131703621,0.00454164117932592,"BC24223_D2"
"17x25",0.00559776094886442,0.232567743980501,0.240968160184163,0.148100867486313,0.000442426328706913,0.0372384461914514,0.323743647691952,0.0103859104092172,0.000955036778830086,"BC24223_D2"
"13x25",0.0140166716509592,0.384558537781818,0.140580163135401,0.0999633551457638,0.00290985566226242,0.0478933580750237,0.23603263266216,0.0668191059758091,0.00722631991080327,"BC24223_D2"
"5x25",0.0115075289901133,0.220171286790315,0.250552784372443,0.119363308811147,0.0258495029194629,0.0554287656982948,0.265611211538479,0.0250826490599874,0.0264329618197568,"BC24223_D2"
"6x25",0.00295089368559958,0.207353206155866,0.306581316682086,0.235864950275633,0.00615759800742801,0.0879017067543606,0.121902143336791,0.0245839944914939,0.00670419061074211,"BC24223_D2"
"12x25",0.00952164001639542,0.312526887309,0.274286067909111,0.160029869194692,0.00057839312930521,0.020102241170762,0.205460341303441,0.01705803015123,0.00043652981606372,"BC24223_D2"
"7x25",0.0042779195043591,0.429569071127728,0.203399189127707,0.0267595157524249,0.000174576341123872,0.0518940929846217,0.267799130178715,0.0158917462917231,0.000234758691597964,"BC24223_D2"
"14x25",0.0226674191787489,0.329571300490944,0.105195245898407,0.248473083953587,0.0129252483720054,0.0167745054387269,0.19103162160641,0.0530488407522107,0.0203127343089596,"BC24223_D2"
"4x25",0.00194242933293596,0.201100577213441,0.362871216631537,0.0978560607452689,0.000106613607069538,0.0552567470842178,0.264642564630283,0.0155203014987369,0.000703489256509794,"BC24223_D2"
"3x25",0.000223630154509971,0.111344330940417,0.269726480747229,0.546654844181805,3.74695559293938e-05,0.00373676525032041,0.0653461349870593,0.00288972226297044,4.06219197600198e-05,"BC24223_D2"
"15x25",0.0322774742612428,0.251564769714147,0.242513017681331,0.170657839123582,0.0196649788691773,0.0549451126658442,0.134410325347806,0.0657684100177232,0.0281980723191464,"BC24223_D2"
"11x26",0.00859329392632977,0.323845163245921,0.302417637246372,0.0362386819966288,0.00563819074210198,0.0543182830879202,0.167910991595968,0.0926555139620932,0.0083822441966651,"BC24223_D2"
"20x26",0.00735957897969132,0.122647086575786,0.465421972215636,0.142292389526701,0.00371581547867542,0.0635870936191307,0.140193276731869,0.0477040598420616,0.00707872703044942,"BC24223_D2"
"22x26",0.0394973952354832,0.276434009051447,0.190112060165406,0.181996076044998,0.000934861667967882,0.123907411021135,0.152847520896132,0.0328467861965257,0.00142387972090592,"BC24223_D2"
"21x26",0.0100374950902334,0.223156433041124,0.15048643075405,0.130326776639007,0.00440868690677809,0.0642373070959677,0.353944135110693,0.0588504136840411,0.00455232167810541,"BC24223_D2"
"9x26",0.00934690618619762,0.222828181521352,0.384769209991969,0.0374601799859001,0.00273027299468138,0.160519990404846,0.133211044834617,0.0411452906549718,0.00798892342546523,"BC24223_D2"
"15x26",0.0309485394458803,0.336096050154782,0.0738169238826271,0.189810771315468,0.0346106824634382,0.0649996960235055,0.196531761597329,0.0390233763666009,0.0341621987503683,"BC24223_D2"
"10x26",0.0237520861642506,0.321473494941148,0.201458420629071,0.0771318677216035,0.010886389160969,0.0808700612830576,0.180903387363962,0.086665269153814,0.0168590235821239,"BC24223_D2"
"16x26",0.0056686942241826,0.203837228556749,0.0393853100837395,0.505332025651274,0.000875583001622502,0.0924815100984251,0.13363881903677,0.0170029486886172,0.00177788065861978,"BC24223_D2"
"19x26",0.0136634821688485,0.180405244580023,0.330194315179082,0.253691729511301,0.0111738581274615,0.0609328475701212,0.111241432498027,0.01856315859417,0.0201339317709652,"BC24223_D2"
"13x26",0.0235630693728579,0.21539312791337,0.214365592970017,0.114260114713388,0.0043564467846239,0.10347415039297,0.247271795851122,0.071929999468742,0.00538570253290915,"BC24223_D2"
"7x26",0.00190481562742051,0.303612107684881,0.244197495329903,0.198486071610045,0.000588107991578773,0.0405728541031813,0.201001543803435,0.00903106595326934,0.000605937896284912,"BC24223_D2"
"8x26",0.0415498275056336,0.241291073422811,0.147312346480982,0.124658695966836,0.014075500556537,0.0528031602453093,0.299393077822898,0.0575995975583146,0.0213167204406777,"BC24223_D2"
"14x26",0.0299574099949276,0.335386492819836,0.278619059380525,0.0984439558062742,0.00265180725720775,0.0667457945718651,0.143708356238972,0.0403928697169695,0.00409425421342369,"BC24223_D2"
"18x26",0.0246757277470741,0.237748648068344,0.33185568120838,0.0728524143779564,0.00566884100267429,0.0447411133117935,0.231083580064683,0.0429484326898681,0.00842556152922738,"BC24223_D2"
"5x26",0.00984500341085197,0.351257194631409,0.0454512294181367,0.0355793951556595,0.00778562228844632,0.0764908343560395,0.301962697798266,0.111653863719682,0.0599741592215098,"BC24223_D2"
"6x26",0.011622812568507,0.184551716388337,0.148412144610106,0.389745185992908,0.0041703974619595,0.0419694388433769,0.189641363450173,0.0249543268551876,0.00493261382944541,"BC24223_D2"
"24x26",0.0257065639776002,0.171422579103353,0.60720740538434,0.0185796921551383,0.000629137183915167,0.0556155855281083,0.0988350484779901,0.0191202157358553,0.00288377245370018,"BC24223_D2"
"17x26",0.0272311951929059,0.228585479220644,0.214693869244822,0.118324595761464,0.0132426479896748,0.118120574842979,0.178791722422428,0.0912853190882342,0.00972459623684901,"BC24223_D2"
"23x26",0.0422238956209533,0.324500194132209,0.297126369772318,0.153629007813281,0.00193191630581716,0.0492097729095486,0.115946828834137,0.0125603067522484,0.0028717078594876,"BC24223_D2"
"12x26",0.0160384349595386,0.193302065889558,0.217055683931608,0.212273349259518,0.00882616797994415,0.0564386618549634,0.23811184792764,0.043073141260083,0.0148806469371469,"BC24223_D2"
"4x26",0.000149240430727521,0.181062602349048,0.443046491271914,0.251893966056395,4.93873605391354e-05,0.00140316742711917,0.110785347186346,0.0115537004195826,5.60974983292095e-05,"BC24223_D2"
"3x26",0.00248723681557638,0.52740744205351,0.0199040305746803,0.131888130471607,0.00310928238388966,0.0322685882944147,0.271462799117979,0.00628497981967693,0.00518751046866665,"BC24223_D2"
"22x27",0.00845493039729081,0.16203014952977,0.266218557229316,0.449385782482479,0.00238556012492019,0.0251098519234898,0.0555049363472078,0.014625869933637,0.0162843620318889,"BC24223_D2"
"11x27",0.0287713033512401,0.243618544707148,0.121120310510777,0.0598437644606819,0.0116664300303246,0.115859722819041,0.321937674673028,0.0849646311985182,0.0122176182492418,"BC24223_D2"
"20x27",0.0239240396227965,0.261127710323749,0.214043486956582,0.245943784382881,0.0110355500996303,0.0595374841021065,0.0952348760470736,0.0757468647065779,0.0134062037586034,"BC24223_D2"
"21x27",0.015084852051346,0.305990865437253,0.125684895064811,0.116853515227307,0.00615633875241808,0.128198043777692,0.215233480714317,0.0761100269026061,0.0106879820722494,"BC24223_D2"
"24x27",0.00229054157624769,0.306276965782306,0.48037480067667,0.142463640176656,0.00291965815258535,0.00846506621792688,0.034071590728587,0.0107176791235072,0.0124200575655131,"BC24223_D2"
"9x27",0.0108027456522215,0.341787642089895,0.192683524147736,0.0933782046426108,0.00179704220450272,0.0988437328896686,0.207603651621044,0.0404919232631222,0.012611533489199,"BC24223_D2"
