"","Endothelial","CAFs","PVL","Plasmablasts","T-cells","Myeloid","Cancer Epithelial","Normal Epithelial","B-cells","sid"
"18x9",0.0314158395376915,0.140888496132187,0.128737166311525,0.297944623727313,0.0142414441922986,0.129833695821879,0.187874742001522,0.0235345978349995,0.0455293944405845,"BC24223_E1"
"16x10",0.00532094748685914,0.358485824948719,0.154049504616048,0.0703690527288844,0.00190759610848349,0.0286057027269263,0.351112856230768,0.0274796923746005,0.00266882277871121,"BC24223_E1"
"20x10",0.0188193711046779,0.173227626458945,0.312323410645724,0.161623619763412,0.0104498958742733,0.0663741410810456,0.186366006876879,0.0393242973835043,0.0314916308115391,"BC24223_E1"
"21x10",0.0108948860511523,0.201388960258599,0.20407779860956,0.264665250276086,0.000988141988671054,0.128232039617618,0.135346163011414,0.0470115438530825,0.00739521633381782,"BC24223_E1"
"11x10",0.0145318802621318,0.476091845732821,0.039199565246235,0.0853139046856584,0.0156259543242246,0.0226176362576563,0.306136368563354,0.0248041115820601,0.0156787333458581,"BC24223_E1"
"19x10",0.0199635801856446,0.390826128873037,0.120791412745606,0.100899076620021,0.0136543125960712,0.100241350353824,0.209930480212974,0.015660993635575,0.028032664777247,"BC24223_E1"
"9x10",0.00502547366748858,0.212760849494245,0.112169518462716,0.41399089844054,0.00178101116758912,0.02001504545539,0.193197831190859,0.0385771160023274,0.00248225611884441,"BC24223_E1"
"10x10",0.0101100846944586,0.303705870235978,0.160667286907116,0.153528212126476,0.0045088464244803,0.0681382762134772,0.258511960244588,0.0349124475376838,0.00591701561574293,"BC24223_E1"
"18x10",0.0272936659149394,0.2109326019918,0.115823995361534,0.20031624310291,0.00805261577098785,0.134911015740802,0.2576845605027,0.0228916013912164,0.0220937002231117,"BC24223_E1"
"23x10",0.022463675416838,0.367180276455483,0.0381111711334115,0.0404110738137221,0.01271229369535,0.0925298227845393,0.277864495984081,0.12783304187265,0.0208941488439251,"BC24223_E1"
"6x10",0.00519318137383781,0.341611279368306,0.0885369467868033,0.221674497647631,0.00331294888352603,0.0379480625087452,0.260293074019592,0.0369976952606378,0.00443231415092107,"BC24223_E1"
"15x10",0.00879323619247661,0.342420486662376,0.1270546000686,0.14757125325355,0.0206418355002276,0.0538003867216052,0.239628402229388,0.0299667626653849,0.0301230367063916,"BC24223_E1"
"14x10",0.0199519731507743,0.388895944174224,0.129985421841862,0.0927198883010202,0.0024655245408975,0.0774700714064342,0.24716163148881,0.0299429010365151,0.0114066440594629,"BC24223_E1"
"12x10",0.00844441200150488,0.347765621696265,0.0665217104817867,0.253144481818057,0.00239164269145686,0.0598762482822953,0.204332305086218,0.0442522281040071,0.0132713498384084,"BC24223_E1"
"13x10",0.0462784604420842,0.192807580649988,0.061249094321991,0.399554290778267,0.00543268257430075,0.0845763439903718,0.105544404993235,0.090273434728112,0.0142837075216499,"BC24223_E1"
"22x11",0.00505796245299519,0.205174282036373,0.223250092937793,0.145746103469354,0.00580541496447101,0.113921331014285,0.249972162010337,0.0469210828913862,0.00415156822300487,"BC24223_E1"
"9x11",0.000589454323307885,0.336226188764987,0.253701397555695,0.158238925903528,4.74387614796808e-05,0.0833711009954564,0.163724337419218,0.00383949415456693,0.000261662121761572,"BC24223_E1"
"19x11",0.0242832160244194,0.301571046604582,0.184826084260526,0.193975580153153,0.00891162749587535,0.120333318581842,0.133695004461989,0.0222895116100351,0.0101146108075776,"BC24223_E1"
"21x11",0.0244737745840844,0.173830130664282,0.156482657995029,0.246752871488912,0.00736234252335121,0.0797613089728141,0.258489244412916,0.0307163324447198,0.0221313369138911,"BC24223_E1"
"10x11",0.00700735903541626,0.333663641371987,0.0487356161358374,0.131770557424641,0.00288117245430947,0.0665597566529143,0.392458411454806,0.0144266201627965,0.00249686530729234,"BC24223_E1"
"20x11",0.0205006516227038,0.245110356711504,0.176672465509343,0.168056192495847,0.00690034646019264,0.0483690714691812,0.275135833064172,0.0348777742362686,0.0243773084307877,"BC24223_E1"
"5x11",0.00588308355502717,0.230557178059339,0.427459013148466,0.146759783352186,0.000919879302062624,0.0394449189139475,0.141028644193176,0.00608647136189117,0.00186102811390494,"BC24223_E1"
"6x11",0.00269845257945858,0.44571166210484,0.162254356968211,0.0283500327066885,0.00112627747702091,0.128119671263921,0.219682857418019,0.00988340880328573,0.00217328067855476,"BC24223_E1"
"7x11",0.00150520055560172,0.174890460723633,0.187460465079209,0.267724681567864,0.00301827469329121,0.0624729028784063,0.248688764281992,0.0281149143872366,0.0261243358327662,"BC24223_E1"
"8x11",0.00665722036189221,0.400078856632382,0.0465204200346681,0.0959334354529507,0.00990261953796302,0.132616899239478,0.244850757653674,0.026811397581111,0.0366283935058802,"BC24223_E1"
"17x11",0.0414383798731328,0.311011784151998,0.126380852065977,0.110370025580885,0.00788861654888904,0.0711555359175032,0.299293810608565,0.0230494318081263,0.00941156344492406,"BC24223_E1"
"3x11",0.00820221603660241,0.335222424586832,0.212267009404582,0.0523765285477974,0.00405976140118762,0.0331844765413632,0.306941462886443,0.0365501960181993,0.0111959245769929,"BC24223_E1"
"13x11",0.00107905710574722,0.412734046719456,0.109788537147271,0.206815702002213,9.28615199462462e-05,0.0567821472881881,0.205562303032864,0.00672406202059264,0.000421283163721198,"BC24223_E1"
"4x11",0.00518931841050318,0.397522938991192,0.213831360973027,0.0627042755784786,0.0055922037974943,0.0258471613438898,0.234746378430059,0.046345398355751,0.00822096411960569,"BC24223_E1"
"12x11",0.0082588028346594,0.366500978439769,0.160936782142286,0.115302950803629,0.000572879491549294,0.0486340772938188,0.277753396542845,0.0196455181441298,0.00239461430731264,"BC24223_E1"
"14x11",0.00431038509469366,0.277219363420726,0.150339504346059,0.240093589915926,0.00357890267677093,0.0954658134517913,0.202424215776086,0.0202365111282275,0.00633171418972034,"BC24223_E1"
"18x11",0.0300670361702227,0.237571786596098,0.23892889711987,0.213860508870348,0.00136197624790192,0.0750178232431643,0.191699148592315,0.00951187461317163,0.00198094854690873,"BC24223_E1"
"23x11",0.0202182109791798,0.156372148075076,0.321659592567431,0.225763423521533,0.0144960281405282,0.0337524563975951,0.106280297005182,0.101183498700125,0.0202743446133493,"BC24223_E1"
"2x11",0.0240191324728194,0.225613319691693,0.200023392243521,0.101408030705235,0.00976983903666349,0.0272441631749943,0.365095461619493,0.0325237270207739,0.0143029340348075,"BC24223_E1"
"15x11",0.00506824582154048,0.218514381477926,0.121409706057691,0.132478644414704,0.00896893968352315,0.114968649065285,0.364259046290191,0.0228552183110493,0.0114771688780904,"BC24223_E1"
"16x12",0.00377845493064709,0.25975564525291,0.195260528318791,0.0784817665089236,0.00431241628268232,0.0464425110265231,0.377019534809632,0.0287162648859607,0.00623287798393048,"BC24223_E1"
"20x12",0.00279243598308147,0.336045604676525,0.239237203815414,0.0179724632040121,0.00357539396757821,0.136513790977237,0.228687012990209,0.0292897883256058,0.00588630606033767,"BC24223_E1"
"22x12",0.0140511387309161,0.121684405704431,0.249679239242988,0.326770091582673,0.0180326954905899,0.0759671740594599,0.132183833075322,0.0199430667517605,0.0416883553618594,"BC24223_E1"
"11x12",0.00520841479200114,0.430171619041222,0.0458889272598144,0.0558780231171306,0.00215943355367798,0.0675891281648208,0.377515187064654,0.0132316362258248,0.00235763078085385,"BC24223_E1"
"19x12",0.0199838959840892,0.238053210468107,0.284465737037929,0.145523253670434,0.00204177497613271,0.0669339490402961,0.228939941649108,0.0106568860791924,0.00340135109471097,"BC24223_E1"
"9x12",0.00130949186439546,0.293407590534008,0.179693159774488,0.0895194326078209,0.000752986474341598,0.175670708504152,0.247720481702286,0.00810243495551671,0.00382371358299137,"BC24223_E1"
"15x12",0.0122148063503344,0.233955410698918,0.25962864145723,0.0593192669111449,0.00755265424469707,0.090355407861936,0.292880877713893,0.0337048483287077,0.0103880864331399,"BC24223_E1"
"18x12",0.0199292912680584,0.285037785275161,0.124058446126139,0.147306779558433,0.00359858308613322,0.0882961387699942,0.298490710346732,0.0279543543815387,0.00532791118781057,"BC24223_E1"
"17x12",0.0133665862716325,0.283903395072031,0.105252265907044,0.249249134046889,0.00166211569479391,0.107282506798923,0.227912322199273,0.0080798585671121,0.00329181544230004,"BC24223_E1"
"10x12",0.00827316916751496,0.301873317903617,0.232297741390752,0.0334437977753946,0.000440112076384561,0.04449053161914,0.352978116821308,0.0249897558133654,0.0012134574325228,"BC24223_E1"
"14x12",0.00552953590246296,0.268987907724264,0.104460184740936,0.212029001671458,0.00737950453281442,0.0547779316224524,0.254332789611617,0.0539542043322135,0.0385489398617827,"BC24223_E1"
"5x12",0.000751613971442595,0.432202923779757,0.196991341681167,0.0874963322939913,0.00268620352877264,0.0425783951103515,0.181030385345231,0.0405745778955153,0.0156882263937718,"BC24223_E1"
"7x12",0.00381182472112838,0.297810761917428,0.295258191804407,0.0319204193237465,0.00191574802806938,0.0274541622855572,0.268800569125507,0.0682540577874974,0.00477426500665974,"BC24223_E1"
"23x12",0.060976582759334,0.125175265200523,0.102622584549396,0.393512762776307,0.00121278308655472,0.119590784616515,0.167802498075661,0.0253026471907176,0.00380409174499292,"BC24223_E1"
"24x12",0.0248064687239955,0.210137713794527,0.233840748175124,0.163435401952911,0.0158067758429831,0.0912918474022856,0.194931341269043,0.0405275784514294,0.025222124387702,"BC24223_E1"
"6x12",0.0088197734248359,0.284243013443488,0.271584830554273,0.152981636006235,0.00100198780991557,0.138933837744137,0.127149906471927,0.00751572592019656,0.00776928862499267,"BC24223_E1"
"8x12",0.00593293668966476,0.372213181751873,0.104853150264646,0.131750681440037,0.000973177977016865,0.0756760046097635,0.286033289563899,0.0217802724828548,0.000787305220244551,"BC24223_E1"
"13x12",0.00729607899883422,0.240741652959332,0.237721323154968,0.0940842677400139,0.00218438287934749,0.021280734001811,0.354773752597092,0.0292874414568868,0.0126303662117138,"BC24223_E1"
"4x12",0.0020201003669608,0.293621200738575,0.223622151357601,0.130168749547868,0.00411853130864269,0.077039007246921,0.231713580492206,0.0293327443688788,0.00836393457234649,"BC24223_E1"
"2x12",0.00751154235714597,0.454268819310196,0.0660948876045122,0.0509624480366452,0.00112346832501501,0.0259973643723436,0.338970389876308,0.0488717005635426,0.00619937955429176,"BC24223_E1"
"12x12",0.00358969511367622,0.187969426686843,0.0659703204634241,0.116478570035224,0.00516117606277099,0.0558404140517949,0.516675969587463,0.0450609648622013,0.0032534631366024,"BC24223_E1"
"3x12",0.00309266294212779,0.350558066631143,0.203230392228803,0.0112123179161261,0.00278455722524935,0.0500121910450332,0.358931664733243,0.0165071690831605,0.00367097819511443,"BC24223_E1"
"22x13",0.0103866278939991,0.199705832083807,0.275507136127751,0.292342135198551,0.000696980756040274,0.0946245249237684,0.104405787108524,0.0203226184898451,0.00200835741771518,"BC24223_E1"
"20x13",0.0228273236745466,0.258276284805076,0.116986571059245,0.235658873083751,0.00369649829697528,0.112935722807209,0.202254899891515,0.0418898420175098,0.00547398436417159,"BC24223_E1"
"21x13",0.0109187244186531,0.323421549100138,0.267375611109254,0.0603442185100377,0.00286286445166088,0.128118584667091,0.176932231821663,0.0268027975593649,0.00322341836213737,"BC24223_E1"
"11x13",0.00184862661396107,0.208853281531308,0.573074400891545,0.0340590917017112,0.000897870583037247,0.0412647758866764,0.129827154581754,0.00830560635685177,0.00186919185315532,"BC24223_E1"
"12x13",0.00366425609412164,0.301745057018679,0.166286216583709,0.0681257491047882,0.00236922762219117,0.0241602497085148,0.381941591124421,0.044100317306673,0.00760733543690224,"BC24223_E1"
"16x13",0.0161336150412966,0.216935376726865,0.242912264173819,0.148830941934302,0.0090138994982466,0.0622609699249548,0.271140782575049,0.022182508351947,0.0105896417735194,"BC24223_E1"
"19x13",0.00779243681811277,0.363227676264408,0.0743971154939499,0.296923158427865,0.00117396412523703,0.110396744373056,0.127925008626847,0.0144019380744943,0.0037619577960302,"BC24223_E1"
"9x13",0.00592038621920315,0.278611365235357,0.200973269658979,0.11743141709325,0.00260344049941145,0.0931254684861335,0.260829696654747,0.0372667643495533,0.00323819180336505,"BC24223_E1"
"18x13",0.00285335007036837,0.255118916310094,0.31317888904243,0.0395176224168474,0.00136943772798124,0.0649913484136402,0.316420750336016,0.00576822412401519,0.000781461558607314,"BC24223_E1"
"7x13",0.00506654481214992,0.378081313978303,0.263673410737509,0.0361447808352426,0.000834096231415356,0.0669842987532189,0.225071326013603,0.0215660284481705,0.00257820019038699,"BC24223_E1"
"17x13",0.0107523062886906,0.214044030817996,0.119255824142824,0.176472544995911,0.0190794651222023,0.073649993417564,0.338102325082158,0.0268686890410507,0.0217748210916031,"BC24223_E1"
"24x13",0.0772857074593658,0.205934623400915,0.261572243317849,0.18480629724137,0.00874350652982347,0.0336989716455886,0.17403134968585,0.0365594233206952,0.0173678773985429,"BC24223_E1"
"6x13",0.0036221859026015,0.366242178703189,0.157640393654291,0.134564904579097,0.00140076695983284,0.0585342969261719,0.258304229448705,0.0180889109981894,0.00160213282792316,"BC24223_E1"
"8x13",0.0028801393276616,0.225833694265532,0.362964816045932,0.0136785218882503,0.00207001171955883,0.0633483708298749,0.298504310737147,0.0266676473090023,0.00405248787704124,"BC24223_E1"
"15x13",0.00455577827119449,0.283926999824691,0.160472543717629,0.0894767380594452,0.00157669380227963,0.090641960096063,0.340824442309671,0.0259765804359843,0.00254826348304249,"BC24223_E1"
"23x13",0.0161050426359491,0.143440187165702,0.265159971465443,0.177799402899842,0.018453366275416,0.113468233340192,0.1561925627452,0.0499080357511775,0.059473197721079,"BC24223_E1"
"5x13",0.00547280341732151,0.279795901913599,0.144058839572394,0.132204991351409,0.00199514743821114,0.0520036171893446,0.318064175579808,0.0512490804815446,0.0151554430563681,"BC24223_E1"
"13x13",0.00610675702421293,0.185767619181366,0.180574819492258,0.331891294342027,0.00340260773458123,0.0535855835427223,0.219408030254147,0.014464436170504,0.00479885225818166,"BC24223_E1"
"10x13",0.0014706708619486,0.277583642100244,0.0660227635303281,0.16545690956738,0.00281575574403472,0.110053498582379,0.350829375319848,0.0243068097580965,0.00146057453574143,"BC24223_E1"
"14x13",0.00797139776423965,0.221524108654169,0.149701012699167,0.204937630653161,0.00289092854734348,0.0746737813778853,0.309716855146255,0.0242272892801929,0.00435699587758661,"BC24223_E1"
"4x13",0.000827543747435458,0.246524283555512,0.178445593195582,0.202843468932103,0.00090033777689338,0.0555758103262889,0.284407718010732,0.0288409962830417,0.0016342481724112,"BC24223_E1"
"3x13",0.00429670251921904,0.312854019136808,0.245230391334036,0.180284189878804,0.00442634054098835,0.0386561842070051,0.191375020459339,0.0150349733880204,0.0078421785357795,"BC24223_E1"
"22x14",0.00178548697152628,0.164699071714902,0.451512749539255,0.188422934780286,0.000136022643102314,0.0694538915686526,0.118851211673182,0.00427620551224359,0.000862425596851191,"BC24223_E1"
"16x14",0.0155366493111442,0.252628201033683,0.252464855607868,0.0347948398197585,0.0012078618035538,0.17724333426132,0.229666888307853,0.035197837492681,0.00125953236213829,"BC24223_E1"
"11x14",0.00100825320842495,0.250393992629215,0.0573981571427458,0.30867686544965,0.00118604070086096,0.0175197025796927,0.320237855415611,0.0412164700687366,0.00236266280506287,"BC24223_E1"
"20x14",0.032894109599862,0.262080898324666,0.232098910500945,0.168004638606261,0.0240748163043055,0.09677675054365,0.137120687176032,0.0291140100075187,0.0178351789367596,"BC24223_E1"
"21x14",0.0302235225240006,0.198018708050327,0.240131199345016,0.288386607889667,0.00735086130306238,0.0345913277246226,0.164807778840536,0.023668637443311,0.0128213568794571,"BC24223_E1"
"2x14",0.00778963271669479,0.332662800302834,0.0625599139459378,0.222622891568308,0.00859050616991168,0.039725800913481,0.199179003765226,0.046397608916557,0.0804718417010493,"BC24223_E1"
"17x14",0.00452624532781268,0.343132146415212,0.0391402904496145,0.073208271074865,0.00558629029790394,0.10869483506371,0.395155598033086,0.0241695968021496,0.0063867265356462,"BC24223_E1"
"19x14",0.0100096161257576,0.4384801001403,0.103501473237265,0.097210608300231,0.00309533068492918,0.0716644041184929,0.265679401092138,0.00578401583691127,0.0045750504639748,"BC24223_E1"
"9x14",0.00417806422403125,0.233050637910096,0.202187102441083,0.256521493158192,0.000736267570661964,0.0299722246435166,0.241851384380427,0.0252241749918423,0.00627865068014922,"BC24223_E1"
"24x14",0.00160842206160659,0.141902488025831,0.6669001349388,0.0753307899518448,0.000142673481295147,0.073866062644232,0.0192004129460288,0.0155840413724936,0.00546497457786834,"BC24223_E1"
"18x14",0.0134104860922222,0.250586723272478,0.0387747080914177,0.240087307450084,0.00561201547334329,0.056381111734846,0.354448916155013,0.0283423551335225,0.0123563765970732,"BC24223_E1"
"15x14",0.0113075157280608,0.284951970570374,0.161432107690617,0.0874358461231194,0.0090078125017878,0.0743927651747283,0.316150324652428,0.0456473894292684,0.00967426812961665,"BC24223_E1"
"14x14",0.0061053875342681,0.247560415451888,0.148401261428953,0.115226942148523,0.00544638884876937,0.0834255813475489,0.343233585671319,0.0409947138824411,0.00960572368628955,"BC24223_E1"
"7x14",0.010607264945185,0.333355021248612,0.164787356304513,0.0709499465122162,0.00780987579209893,0.0932898308319466,0.223550383500757,0.0636660033335965,0.0319843175310743,"BC24223_E1"
"13x14",0.00613176342399479,0.468543559696516,0.112346280401186,0.0463918067659939,0.00255551181030738,0.0787893443037187,0.257901133308577,0.0219562249860696,0.00538437530363649,"BC24223_E1"
"8x14",0.0241787718978265,0.175514893729261,0.114669905448628,0.118243934130939,0.0563429283012438,0.0507619911960894,0.321303985430558,0.0818753825402233,0.0571082073252309,"BC24223_E1"
"10x14",0.00358025835782067,0.270502152842263,0.132262877045078,0.311202852552328,0.00075038619787105,0.0375216946688178,0.232614043712488,0.0104303272505845,0.00113540737274879,"BC24223_E1"
"5x14",0.00190213554678969,0.462274669621586,0.142797155873562,0.014588029649121,0.00103887862471261,0.0158463637757277,0.34835755774986,0.0110848756346693,0.0021103335239723,"BC24223_E1"
"6x14",0.00179771911196706,0.209056795292613,0.159124126801073,0.329739828624253,0.00269533543966024,0.0407059110781876,0.240329416779336,0.0129431500488549,0.00360771682405389,"BC24223_E1"
"12x14",0.00413509481856188,0.335103617735563,0.202091084281769,0.173666470882927,0.000508550302734176,0.0783734894609792,0.19854481258724,0.0070369210146013,0.000539958915624531,"BC24223_E1"
"3x14",0.0038401373626824,0.328926369189993,0.255488284100096,0.0852541900572353,0.00172427753558159,0.0621461612090568,0.239862725225211,0.0194185823825395,0.00333927293760407,"BC24223_E1"
"4x14",0.0013949204777831,0.33299651183843,0.149843131918962,0.187914014428809,0.00108057013858074,0.0713089962068728,0.240051796277953,0.0126741564223605,0.00273590229024997,"BC24223_E1"
"23x14",0.00958985169383911,0.111621649405892,0.634105187358454,0.0759964249204742,0.000336674447472813,0.054260288336359,0.104037025732033,0.00716635108511795,0.00288654702035853,"BC24223_E1"
"22x15",0.010140781509637,0.231111946123203,0.383854006973143,0.150868285974735,0.00478141042113616,0.0808071365822953,0.107053878343438,0.0232025240546195,0.00818003001779227,"BC24223_E1"
"21x15",0.00879955656224121,0.237827329879164,0.135927531503392,0.212294307394382,0.0210602652757262,0.102621899370641,0.174580652301413,0.0596486459670265,0.0472398117460145,"BC24223_E1"
"20x15",0.0142450406693213,0.308400491691125,0.18830821981878,0.118427803619281,0.00302187990211448,0.109777669757504,0.219192537993904,0.0346998593011971,0.00392649724677215,"BC24223_E1"
"11x15",0.00333618867071407,0.356113822398288,0.168869428446319,0.134718925791955,0.00330410875539998,0.0436863151808892,0.250472117704364,0.0234333241358056,0.0160657689162659,"BC24223_E1"
"19x15",0.00546722025031787,0.303086037448723,0.278700330996788,0.116935708011159,0.00766390035439579,0.07527531435025,0.166443006093474,0.0387850112111811,0.00764347128371129,"BC24223_E1"
"24x15",0.00413029580000126,0.314029980530419,0.357869190535305,0.0495822291644193,0.000495282624011865,0.0630196382288819,0.186212083089151,0.0236373373279329,0.00102396269987826,"BC24223_E1"
"8x15",0.00107702394266752,0.267477047603423,0.183343281358339,0.127982069036422,0.000291561959592147,0.165984506842872,0.246713143819242,0.00648474370550119,0.000646621731940954,"BC24223_E1"
"16x15",0.0527291576437081,0.311371302830245,0.180605701868805,0.225904102681663,0.0010362592341492,0.0500190161293445,0.156892756785614,0.0189048329662377,0.00253686986023365,"BC24223_E1"
"18x15",0.00868945854471724,0.214982869505675,0.173345055143242,0.183859144391845,0.00359113975604958,0.120438426625315,0.284094122163649,0.00901743357047515,0.0019823502990315,"BC24223_E1"
"9x15",0.00660199248129413,0.322428898355877,0.212219873728573,0.0947891576666731,0.000936266631773439,0.0913447394136677,0.235439823052112,0.0332895401497634,0.00294970852026625,"BC24223_E1"
"23x15",0.00420767682653604,0.158350392226829,0.691516153273024,0.00210959724608497,0.000116861766311106,0.0879187751908972,0.054813598754632,0.000894766505168497,7.21782105177364e-05,"BC24223_E1"
"17x15",0.06172879546326,0.232743531872734,0.129749333328308,0.114220970231045,0.013078527402135,0.0942521993137315,0.305964035381949,0.0170595674707459,0.0312030395360923,"BC24223_E1"
"10x15",0.000852899620971375,0.230700858600152,0.148182924326657,0.388596042334435,0.000352803277151894,0.0183884110395645,0.205522840361309,0.00530809518980406,0.00209512524995554,"BC24223_E1"
"7x15",0.0120427656132845,0.303573815858186,0.159239863810541,0.0356526662984287,0.01355586590991,0.0628250899285846,0.378331247914968,0.0059464599658842,0.0288322247002121,"BC24223_E1"
"3x15",0.00214118367822964,0.224369409509947,0.361750132991922,0.143099742259317,9.23543589274842e-05,0.0574194978604673,0.199850917313591,0.0105839604105967,0.000692801617001465,"BC24223_E1"
"15x15",0.0202621829852985,0.196808830698665,0.142482776582031,0.133024322094648,0.0351286077846284,0.081808493083674,0.193183645212158,0.069680861398008,0.127620280160889,"BC24223_E1"
"13x15",0.00487190839381599,0.316972245086021,0.192683367168122,0.182550980074711,0.000657191196640405,0.0820697809606753,0.199062144940748,0.0182733342651776,0.00285904791409023,"BC24223_E1"
"5x15",0.000957064164141433,0.263734545336713,0.324101914957133,0.123756588518161,0.00058452912336335,0.0821032655308888,0.180454456620584,0.0216712584081966,0.00263637734081902,"BC24223_E1"
"6x15",0.00289243414378086,0.446989592016974,0.118288422742162,0.0116191994250435,0.00312081466343079,0.134359483837055,0.250670487452087,0.0292286621211462,0.00283090359831958,"BC24223_E1"
"12x15",0.00744029805360963,0.357198525942101,0.200517838659689,0.24087306119956,0.00169033336347459,0.0257798375443344,0.148860229206045,0.0113575670700735,0.00628230896111284,"BC24223_E1"
"4x15",0.00325619861036289,0.224789077659207,0.344538470086121,0.205371974953793,0.00147335185754121,0.0531782444058902,0.150131603660476,0.012703854193205,0.00455722457340341,"BC24223_E1"
"14x15",0.0365658043314249,0.35090784602973,0.142339082234206,0.0624476439603139,0.00498492872525405,0.0645323535787081,0.202584043120504,0.120793244616656,0.0148450534032025,"BC24223_E1"
"11x16",0.00801495980112008,0.335553111484666,0.328567106630566,0.049705904588849,0.00634562557523527,0.0400651344289221,0.205323026912933,0.0186659644818967,0.00775916609581182,"BC24223_E1"
"21x16",0.00685545917838623,0.165593483311604,0.53707982863563,0.0347196405127882,0.00584009701726202,0.0323896605104563,0.153745187404932,0.0574530560854493,0.00632358734349168,"BC24223_E1"
"20x16",0.00876420249143958,0.269931220077501,0.249228687794767,0.203181636448801,0.0021677150262658,0.0448737865304448,0.183673639499451,0.0279637874795254,0.010215324651805,"BC24223_E1"
"10x16",0.0162548018159372,0.349193576288654,0.145461776861601,0.0352091873376347,0.00553630050269674,0.134569907233223,0.282541227647285,0.0231249668021976,0.00810825551077072,"BC24223_E1"
"22x16",0.0107476001942635,0.263057167977368,0.20103726814348,0.164928911582069,0.00138859169745204,0.0552380514985731,0.212626594951724,0.0769444750620192,0.0140313388930506,"BC24223_E1"
"19x16",0.00840165056634216,0.273130932029383,0.132887207755842,0.0796947836441208,0.00080926945049036,0.0593029422056192,0.423424114150982,0.021181966693187,0.00116713350403319,"BC24223_E1"
"18x16",0.00762450214811032,0.247552418922685,0.0480323406499292,0.419052703908937,0.00011604989882582,0.0669600225356505,0.201128765728654,0.00926104955852374,0.000272146648684592,"BC24223_E1"
"24x16",0.022796450374274,0.374615437575635,0.19063083200942,0.102948750231182,0.00260876907213533,0.098001315981535,0.16328533696861,0.0347735427820968,0.0103395650051113,"BC24223_E1"
"14x16",0.018843321248811,0.192126995091649,0.377078560374196,0.129301121601342,0.00929273307507743,0.0261794062895119,0.112068966807744,0.0819870666467984,0.0531218288648707,"BC24223_E1"
"23x16",0.0197807011032022,0.26940823937279,0.302562244642945,0.0770710026068054,0.0301938870511038,0.0431306508420376,0.206123542828727,0.0321371336750591,0.0195925978773296,"BC24223_E1"
"16x16",0.0216279511370098,0.284248655757359,0.159796641782273,0.207080607041719,0.00260811254267722,0.143947296914702,0.129706720560774,0.0461143950608429,0.00486961920264343,"BC24223_E1"
"13x16",0.0128579004769935,0.355508410563332,0.15640626609946,0.192749009215939,0.00233429067014298,0.0276523502313591,0.224862588218156,0.0208268716223059,0.00680231290231,"BC24223_E1"
"17x16",0.0235447748993598,0.259731012215793,0.120040768790769,0.251012665604643,0.00262477053194245,0.0264820548168133,0.294885108235106,0.0183548523698155,0.00332399253575845,"BC24223_E1"
"5x16",0.0179501381732147,0.282973627443616,0.0852359053512993,0.14337658694673,0.0325103172570997,0.188953356825282,0.188217979368263,0.030864803064739,0.0299172855697568,"BC24223_E1"
"8x16",0.00285811736819936,0.276045301525081,0.23298887461394,0.0141135977108645,0.000625673410135064,0.0872928984201037,0.370318338165917,0.0146026241166129,0.00115457466914707,"BC24223_E1"
"9x16",0.0070674662338615,0.212307785465619,0.376083452749352,0.112452613677521,0.000841663084791704,0.0799783869160478,0.172571705922434,0.0341464787216127,0.00455044722875955,"BC24223_E1"
"7x16",0.0121888509166218,0.333512152380558,0.16787417317739,0.0743119453736494,0.00197024554170522,0.0919191522979286,0.265566829835188,0.0381466480031998,0.0145100024737584,"BC24223_E1"
"4x16",0.00522833721745642,0.2230158787714,0.0691283268707328,0.246491169543239,0.00193360196230219,0.0928098979228579,0.282711646248043,0.0729241417538227,0.00575699971014675,"BC24223_E1"
"6x16",0.00550955971044662,0.39095654475746,0.0695137954572102,0.034884984437101,0.00169140864699415,0.114602387718296,0.372917406800591,0.00859855744409348,0.00132535502780869,"BC24223_E1"
"3x16",0.00226939630494764,0.255375165024744,0.248493124102337,0.304358455215679,0.00014251894111042,0.009191624731591,0.177615011176211,0.00210233646727327,0.000452368036106971,"BC24223_E1"
"12x16",0.00440391223810199,0.279227233305481,0.198204318655258,0.260389836434979,0.00176056945735856,0.0468857770643623,0.178860695183046,0.0244980275290949,0.00576963013231828,"BC24223_E1"
"15x16",0.0153384787037636,0.181259385839432,0.370644483582375,0.127683774853367,0.00611300702720088,0.0449726360985399,0.105750185554937,0.113731294292088,0.0345067540482966,"BC24223_E1"
"11x17",0.0225180275569912,0.277163223923322,0.282572414056232,0.181899608638312,0.0066551690611563,0.0456714936807907,0.150090909255837,0.0228387565752635,0.0105903972520957,"BC24223_E1"
"22x17",0.0138177881815073,0.289159581175288,0.198944713102653,0.136776885416884,0.00204611825672078,0.114813627002078,0.235419776337226,0.00803364737572839,0.000987863151915035,"BC24223_E1"
"20x17",0.0176857908611287,0.237537606114874,0.224036746153512,0.208915253365227,0.00533915559488897,0.0415159463434593,0.180060528747882,0.0712116322742352,0.0136973405447923,"BC24223_E1"
"8x17",0.0325718114108986,0.357787227516608,0.140952439173506,0.149900557199244,0.00518276943261954,0.0867295131591474,0.175053658930286,0.03823408730648,0.01358793587121,"BC24223_E1"
"19x17",0.0411206677264916,0.169234869105049,0.235651820989751,0.348739696621766,0.0050043972390123,0.0264953360442657,0.0845494625253649,0.0706778638266495,0.0185258859216504,"BC24223_E1"
"21x17",0.0379652947779807,0.199324494871252,0.157355609605509,0.290293534125659,0.00496478104384169,0.0663630216345511,0.182268685381747,0.0563631814630547,0.0051013970964036,"BC24223_E1"
"15x17",0.0209496155922538,0.242017019611366,0.224827102056709,0.218879656303562,0.00991488577159813,0.0726050892596377,0.069027509360171,0.0940173136833918,0.0477618083613106,"BC24223_E1"
"16x17",0.00729177548414309,0.367198672076031,0.0460920559709879,0.139229018648576,0.00195640007738864,0.0805245922156779,0.318016643696094,0.0377709616489755,0.00191988018212602,"BC24223_E1"
"9x17",0.0104809705405302,0.232395724819962,0.350866512267107,0.0710163139384375,0.00402812381254193,0.0935554217119541,0.159939993318494,0.0741298029680989,0.00358713662287477,"BC24223_E1"
"18x17",0.00576030565296355,0.204823186380149,0.112195449134036,0.467156333978388,0.00585823066326314,0.012685664073624,0.16510344113923,0.0204767871150299,0.00594060186331658,"BC24223_E1"
"7x17",0.0275911123682814,0.207867633152288,0.381842600696968,0.104201159000538,0.00437901113691799,0.0943088280897078,0.148666277744726,0.0242121308122414,0.00693124699833154,"BC24223_E1"
"17x17",0.0109990152639266,0.276337963664411,0.246168938448556,0.0657487557466911,0.0021013582302052,0.0452018980022437,0.322857193817542,0.0265466678610081,0.00403820896541604,"BC24223_E1"
"23x17",0.0184679547157959,0.226456133485961,0.264149806811431,0.0923659398235277,0.0250263825645781,0.124179607961053,0.155789780135157,0.0414850434110294,0.0520793510914671,"BC24223_E1"
"24x17",0.013491496157067,0.173215684279495,0.480730005807918,0.103848948574821,0.000893151676047562,0.100925578210478,0.112825599200158,0.0125654988438874,0.00150403725012875,"BC24223_E1"
"5x17",0.00607451578333109,0.432083108686994,0.0550798983346019,0.0673949480896654,0.000813127212172872,0.0717742713689678,0.348486514553667,0.0149094851298923,0.00338413084070857,"BC24223_E1"
"10x17",0.0600338169484242,0.262361016578382,0.332186763430455,0.0594968702601201,0.00329125427987795,0.0706732978030006,0.148939937169077,0.0438109750188112,0.0192060685118521,"BC24223_E1"
"6x17",0.000813756438279693,0.37047845744542,0.0332788045296229,0.00555822893485852,0.00541692590938582,0.054377102286948,0.511090511664168,0.0097205721002508,0.00926564069106686,"BC24223_E1"
"14x17",0.0130570088363976,0.225442023802714,0.199434998755186,0.37396282690757,0.00480012772216082,0.0222172545435792,0.0869636054352771,0.0662536933089855,0.0078684606881294,"BC24223_E1"
"12x17",0.0117863497107595,0.331001398596713,0.156313246804306,0.276280840542505,0.00163863161436658,0.0301374671794485,0.16983479462862,0.0158265294432875,0.0071807414799947,"BC24223_E1"
"13x17",0.00429283135921745,0.281254916987827,0.374435607050233,0.047898544020955,0.00301615376901444,0.0481484137730281,0.208040739902541,0.0276952732500836,0.00521751988709976,"BC24223_E1"
"4x17",0.00217822287228903,0.212643842323097,0.0074031114442751,0.48704379801922,0.00058533030028414,0.0151749098758469,0.245523948470199,0.0227094827593523,0.00673735393543632,"BC24223_E1"
"3x17",0.00263813180615732,0.231715470058286,0.351855498209544,0.0284523987728545,0.00735907438770564,0.0473151485221486,0.232551944023243,0.0629697276025521,0.0351426066175087,"BC24223_E1"
"11x18",0.0128154845299476,0.275079167949357,0.273225382791185,0.0904157757326496,0.00377067537091125,0.0479691838322371,0.24216069970825,0.0442420662843106,0.0103215638011514,"BC24223_E1"
"22x18",0.051054746586659,0.314025566866862,0.190614213384442,0.119082643786389,0.00465231251721628,0.103451711495055,0.146772603076816,0.0630700348283604,0.00727616745819886,"BC24223_E1"
"17x18",0.0323093765307348,0.254041009003954,0.267000774987534,0.0506408999086934,0.00704125060848643,0.047732655370259,0.28588614898199,0.0311297080994249,0.0242181765089235,"BC24223_E1"
"16x18",0.00773263093845448,0.286651462736392,0.0853999737898495,0.132904227948247,0.0124718778975951,0.100166876373511,0.314283628934737,0.0336277496152883,0.0267615717659259,"BC24223_E1"
"21x18",0.00910588740832972,0.23542337500028,0.184034118675797,0.227841989390423,0.000673011825204143,0.0394634589419628,0.266086353941538,0.0351263770793593,0.00224542773710645,"BC24223_E1"
"7x18",0.020275537994329,0.30916664471035,0.291218350207655,0.0360624419449187,0.00702311991027405,0.0420170815229003,0.242992425358903,0.0424518922106782,0.00879250613999136,"BC24223_E1"
"20x18",0.0285868741278523,0.245532807593284,0.156761225456177,0.215389617714779,0.00488443750302745,0.0676588754890965,0.214268680666882,0.0563387395307436,0.0105787419181574,"BC24223_E1"
"13x18",0.0216570930469201,0.290455540357227,0.128150852887704,0.105605792251253,0.0130108425344112,0.0949211582926963,0.26366981700459,0.044796608032565,0.0377322955926327,"BC24223_E1"
"10x18",0.0166603208315994,0.180907314769815,0.409781804767889,0.0528143238863052,0.00221493567254133,0.0517877494967756,0.23984242180997,0.0427321101354206,0.00325901862968397,"BC24223_E1"
"24x18",0.06421946734483,0.310917226223654,0.123350455734652,0.194454747668536,0.00655512426882139,0.117574273278113,0.140927094031791,0.0280352563883104,0.0139663550612925,"BC24223_E1"
"6x18",0.00508828332914748,0.345194783382191,0.0583646611570458,0.283452929630853,0.000337193155111738,0.0712417774193711,0.221214414826827,0.0148993018408045,0.000206655258647798,"BC24223_E1"
"19x18",0.021856574906439,0.235798516741525,0.051926896938107,0.304256345895925,0.00193286779247792,0.108033159146893,0.241401778171048,0.0272282317982466,0.00756562860933835,"BC24223_E1"
"8x18",0.00924924301937594,0.182640604542678,0.48711408273062,0.0210772733178699,0.00393095636677876,0.0315232125601446,0.245770291337983,0.0122525737522991,0.00644176237225198,"BC24223_E1"
"9x18",0.0334746974729681,0.232637532996856,0.337517352717459,0.0380403916048717,0.00625317098362697,0.0781452516950803,0.220644142161866,0.0481858390020081,0.00510162136526365,"BC24223_E1"
"15x18",0.009758637162915,0.307654014416153,0.145951056442053,0.306236492115826,0.00476493952732066,0.0252548750972502,0.172405485079729,0.0152437816515709,0.0127307185071824,"BC24223_E1"
"23x18",0.0232749551641747,0.308288774600956,0.123969994525897,0.188736926802288,0.0263870148519,0.0721541253736505,0.115565062042179,0.0815903573090158,0.0600327893299382,"BC24223_E1"
"5x18",0.000427524847765049,0.1291107543452,0.189411553353228,0.469279869453671,0.000187681267564501,0.0704386229174446,0.135649261458379,0.00451108806958962,0.000983644287158027,"BC24223_E1"
"14x18",0.0317578248478495,0.31100745953202,0.314008657156049,0.0299074580930597,0.00620953570618711,0.0430299848152006,0.140022351851334,0.110294304431642,0.0137624235666576,"BC24223_E1"
"4x18",0.00309338780590549,0.182355995365199,0.325254977711729,0.068378695935679,0.00330527969916112,0.122377219505631,0.265428546236201,0.023191794558178,0.00661410318231616,"BC24223_E1"
"12x18",0.0187206001637858,0.313747906700007,0.105436847274724,0.183533954271831,0.0183640809785044,0.044863230095246,0.247918707413455,0.0361987293278271,0.0312159437746197,"BC24223_E1"
"3x18",0.0023677647878583,0.269893391598093,0.217934774190255,0.10822449647482,0.00441146927638849,0.10830931558103,0.2464309814436,0.0293657288050944,0.0130620778428615,"BC24223_E1"
"22x19",0.0543071445550096,0.269601631627321,0.0987191264770058,0.294202503690397,0.00916938764767352,0.041843302648062,0.154199155725324,0.0515874698968053,0.026370277732402,"BC24223_E1"
"11x19",0.0321214148801503,0.34499486089935,0.0770418037539942,0.0959858941942239,0.013443571483641,0.0995692913548526,0.249356322970624,0.0671437205007743,0.0203431199623893,"BC24223_E1"
"20x19",0.0139820104434346,0.184840979660016,0.210489205323143,0.341521118785071,0.00783414915189986,0.0415786744618146,0.106214904042884,0.069032768705411,0.0245061894263261,"BC24223_E1"
"24x19",0.0299398649425498,0.282490219976703,0.148588902994188,0.141125819864576,0.0129059371094827,0.08552481237092,0.224863550493901,0.0713346070126891,0.00322628523499072,"BC24223_E1"
"18x19",0.0100288529656864,0.280835341755943,0.245183738478992,0.150885328229675,0.00149949931541723,0.0388540127991735,0.258467292592958,0.0131153750301245,0.0011305588320312,"BC24223_E1"
"9x19",0.0449712023329843,0.319501039643814,0.164306309050908,0.088872325876226,0.00445844957236066,0.0894891323323653,0.229473247331654,0.046180272275777,0.0127480215839123,"BC24223_E1"
"19x19",0.0146095425683153,0.178328618012037,0.0577204147293835,0.693308327633232,9.82473577871678e-05,0.0266485587743706,0.0244864556192149,0.00464028801113343,0.00015954729452566,"BC24223_E1"
"21x19",0.0369178924408714,0.264978378099913,0.183418483281486,0.123979142859881,0.00772020827178372,0.0777610811533382,0.155746686761824,0.135148595067712,0.0143295320631908,"BC24223_E1"
"17x19",0.0420965048250992,0.328857770498827,0.0666491080512955,0.140889713566203,0.00649244041606939,0.0532215988065125,0.30915534331997,0.0422598152846777,0.0103777052313458,"BC24223_E1"
"7x19",0.0182311401728857,0.227663946434782,0.252510169228184,0.0420675340579852,0.0061497824107898,0.0800268460079803,0.30250154203267,0.0498674603064228,0.0209815793482999,"BC24223_E1"
"23x19",0.0405884516259092,0.26552970159079,0.136219141443095,0.237668564119963,0.00427203417455197,0.0981067999589926,0.139604799674555,0.0694204481124796,0.00859005929966292,"BC24223_E1"
"13x19",0.0143062733646898,0.3448768196567,0.0925085068697644,0.168608092257396,0.00889754287921594,0.0684843640587216,0.216259298329352,0.0716563925829335,0.0144027100012271,"BC24223_E1"
"8x19",0.00397113480061413,0.213125273486164,0.266066434579824,0.100371030651817,0.00617952915399002,0.0512430100607547,0.320573776613376,0.0316039566463454,0.00686585400711405,"BC24223_E1"
"10x19",0.03292071908975,0.229939748939725,0.264302651086538,0.0186141018285011,0.0133247746358685,0.0581946191057931,0.286342755776715,0.0877836099105283,0.00857701962658037,"BC24223_E1"
"5x19",0.00881300917123309,0.466497754074809,0.0800666596583829,0.0342929527869986,0.00211362806094544,0.0609363759273243,0.299275679817433,0.0430886405212251,0.00491529998164916,"BC24223_E1"
"4x19",0.0151139108309935,0.244426851031092,0.244158181270897,0.136647207672792,0.00406199182377484,0.0749763874985644,0.237164648407757,0.0341135744455152,0.0093372470186142,"BC24223_E1"
"3x19",0.00313895527713192,0.295927791478769,0.155103531154758,0.105613426971532,0.0316894624927419,0.0581897942326738,0.151439765798783,0.0772048190684675,0.121692453525141,"BC24223_E1"
"16x19",0.00481717977912901,0.32332848414234,0.128822406582651,0.0793195098501585,0.00234752619138193,0.0440407154967656,0.359362041354648,0.0558228322477466,0.00213930435517966,"BC24223_E1"
"6x19",0.00839788574868388,0.421712930530925,0.152154479845376,0.00685461908966851,0.000545541645938423,0.120168684301927,0.263161533073877,0.025168647632837,0.00183567813076709,"BC24223_E1"
"15x19",0.00995805476353114,0.314781095811095,0.0415260388356582,0.250208337242962,0.00628121517492331,0.0637707548460412,0.261365125323092,0.0399121406869636,0.0121972373157339,"BC24223_E1"
"12x19",0.00938997725071774,0.287317985957924,0.153341004116264,0.0460285003572341,0.00545406306382672,0.0852332141964546,0.350727540867277,0.0407574605827425,0.0217502536075593,"BC24223_E1"
