"","Endothelial","CAFs","PVL","Plasmablasts","T-cells","Myeloid","Cancer Epithelial","Normal Epithelial","B-cells","sid"
"9x7",0.00940662351648477,0.115544753881572,0.0243143181404328,0.420355584116249,0.00463910058418331,0.0291785052675237,0.378051315784446,0.00883175211407035,0.00967804659503815,"BC23508_E2"
"11x7",0.00577194165504676,0.264382958155143,0.0143523562460258,0.254014425570097,0.00219471119942053,0.0465418965341763,0.404128531093091,0.00726082684602029,0.00135235270097974,"BC23508_E2"
"10x7",0.0165914539766069,0.234222977731598,0.0126764605973435,0.18625243721381,0.00203357079155835,0.136234466625903,0.395121704941357,0.012891413473576,0.00397551464824757,"BC23508_E2"
"8x7",0.00552564542292502,0.0846219879503281,0.0111542287425604,0.136704630640895,0.00182464617784397,0.0961919168535416,0.650932360916518,0.00950664305010018,0.00353794024528813,"BC23508_E2"
"14x7",0.0114523717295068,0.112520518199469,0.0078531463210968,0.0185936598033065,0.00288741572534108,0.0688275402287536,0.773838015143988,0.00278071655736812,0.00124661629117095,"BC23508_E2"
"7x7",0.0576537738855347,0.122609080815783,0.048221769967506,0.264774201741975,0.0593267884566717,0.119314804717291,0.254903716436407,0.0118032666619701,0.0613925973168625,"BC23508_E2"
"12x7",0.00565654299192823,0.235686041012878,0.117978833024423,0.143504237489771,0.000593649811385264,0.0492275230484904,0.445422379323223,0.00169491687490967,0.000235876422992634,"BC23508_E2"
"13x7",0.00299071253279703,0.24758854407344,0.0151284114707148,0.0510324420798322,0.00104867463596066,0.113669061089208,0.563567383600917,0.00442578231909699,0.000548988198032526,"BC23508_E2"
"11x8",0.00156678246753462,0.329152047551938,0.0156564225423515,0.24980879374833,0.000469856750920503,0.0573994636331637,0.334225318065782,0.0106844481691659,0.00103686707081389,"BC23508_E2"
"8x8",0.0187856689042724,0.135580724679968,0.0189817491940331,0.276382664341173,0.00770787406270025,0.077886909527256,0.423551140997043,0.0308365611014129,0.0102867071921419,"BC23508_E2"
"9x8",0.00301441134098012,0.0442369337183514,0.0102825251405024,0.0239320804791227,0.000723230092323565,0.0560585409681888,0.853962343003169,0.00727490213410197,0.000515033123260383,"BC23508_E2"
"10x8",0.00400269416299613,0.157507626741899,0.113885538702322,0.265644737184504,0.000880137391399028,0.0748961642215325,0.373108334111377,0.00956357087798329,0.00051119660598669,"BC23508_E2"
"12x8",0.00325007047969191,0.262457514255201,0.124267446579606,0.0256240361629545,0.000290127049043145,0.0425195245758728,0.538034608280946,0.00309047264856126,0.000466199968123977,"BC23508_E2"
"16x8",0.00298379508852609,0.175303786580989,0.0113270462964286,0.142904497542664,0.000236134445689187,0.0573457300395343,0.608525724934849,0.00114869566360304,0.000224589407716665,"BC23508_E2"
"13x8",0.00949912993509619,0.225123228945392,0.0193088426975447,0.0562436791291398,0.000882714967410426,0.0739849743145187,0.608871074315276,0.00511676048528252,0.000969595210339794,"BC23508_E2"
"14x8",0.00557262303914779,0.0662782982499481,0.0035692740103708,0.184964024480646,0.00119081166139231,0.0239569503725518,0.711649391011004,0.00237156270640652,0.00044706446853256,"BC23508_E2"
"7x8",0.01262002002326,0.141874484752055,0.0168635835779427,0.438974610535771,0.0199542183209307,0.0577010600271753,0.210878631856967,0.033333036198799,0.0678003547070995,"BC23508_E2"
"11x9",0.0115878540500246,0.234294098298514,0.0709100446109202,0.257087263890246,0.00103261922607367,0.0862909031311566,0.331663350335522,0.00604699575364337,0.00108687070389877,"BC23508_E2"
"9x9",0.0243398041101027,0.141018094686833,0.048675737107177,0.318570168593049,0.00776965848681835,0.110970233191859,0.319962652671529,0.0174811607702366,0.0112124903823944,"BC23508_E2"
"10x9",0.00954925414241709,0.16603943816548,0.182478024261055,0.182152565907152,0.00154879568293744,0.0929937085362069,0.355853143806434,0.00778828212936973,0.00159678736894668,"BC23508_E2"
"19x9",0.00284678729202789,0.164464131704849,0.0151803114040708,0.193661585890354,0.000688169209547474,0.0196616355291182,0.599466089091565,0.00348386327307764,0.000547426605389172,"BC23508_E2"
"8x9",0.026250268994212,0.108622748757068,0.015055176797939,0.278161066434682,0.0829604097833381,0.0774529775082422,0.166523178859024,0.0263752640234059,0.218598908842089,"BC23508_E2"
"14x9",0.0124552431003151,0.288482438344287,0.0320314063005629,0.0134458928955683,0.00180013259794217,0.0586861148949454,0.587643472229735,0.00441054731719939,0.00104475231944477,"BC23508_E2"
"12x9",0.00196327483786429,0.174669114432029,0.0799172985097951,0.138286061807943,0.000265134846011786,0.0432739727370438,0.558499196713223,0.00278975658687587,0.000336189529214465,"BC23508_E2"
"7x9",0.030256860930933,0.221089283490067,0.0312363056527301,0.316338025059813,0.0114019125727709,0.0802125992997212,0.269273094838495,0.0116967159134928,0.0284952022419766,"BC23508_E2"
"13x9",0.00262906412668491,0.21663871560859,0.0229645032567753,0.110249610963591,0.000636191848688546,0.0830300739775597,0.561074069386236,0.00248328707423077,0.00029448375764342,"BC23508_E2"
"18x9",0.0138232159854652,0.215194384501808,0.066110920394516,0.207014398388094,0.000787953782658707,0.0753663195773009,0.41476001709406,0.00615261394960657,0.000790176326489548,"BC23508_E2"
"16x9",0.00424462709743754,0.199693197104878,0.0425443032907093,0.130248693641331,0.000278270218330636,0.0856784671597825,0.533415364219377,0.00368312468188256,0.00021395258627164,"BC23508_E2"
"17x9",0.00254882308904943,0.275298037132192,0.026163540101345,0.167692962740161,0.000232586201406658,0.03478249039186,0.491481727433721,0.00170387566772719,9.59572425384497e-05,"BC23508_E2"
"15x9",0.00194722823597496,0.205017772745392,0.0165262042775311,0.119182790489188,0.000269835146181519,0.038576400051139,0.614863564487726,0.00332701116402578,0.000289193402842172,"BC23508_E2"
"11x10",0.0103110090461431,0.237311520365418,0.0391670693028875,0.223645170910192,0.00154622190380779,0.138626292601337,0.340069629303836,0.00797745595344455,0.00134563061293358,"BC23508_E2"
"20x10",0.00269067497069102,0.322707355002571,0.180354070557445,0.159794838389733,1.91263621330239e-05,0.070916775110612,0.262737299252655,0.00077363803035351,6.22232380695862e-06,"BC23508_E2"
"21x10",0.00477848021730606,0.306467822470012,0.0478724982559091,0.144975677448513,0.000329231889130381,0.0422462496769051,0.446775304715916,0.00620960869875432,0.000345126627553354,"BC23508_E2"
"22x10",0.0020082714921077,0.226361202717936,0.0314083180412499,0.364642989430522,0.000201059849396789,0.0180951910214288,0.355437045525736,0.00172714668090328,0.000118775240719232,"BC23508_E2"
"19x10",0.000885059288440244,0.138529396217052,0.0202632388458105,0.417253397620283,8.04454807203258e-05,0.0517388791459763,0.370639395310932,0.000549874384068531,6.03137067159815e-05,"BC23508_E2"
"10x10",0.0171079414827301,0.264802869411566,0.0693888515513707,0.221005482866251,0.00489186257040232,0.0949632065158881,0.304284220462558,0.0172823386742556,0.00627322646497804,"BC23508_E2"
"14x10",0.000670716285567662,0.138134744874604,0.0170503117855661,0.22665855179201,0.000182196464538599,0.0285583796626576,0.58718610919845,0.00145244536277023,0.000106544573835362,"BC23508_E2"
"16x10",0.00501339608642104,0.187237471477686,0.0232846781354092,0.266485704837745,0.00121660022258906,0.0568261738774982,0.446676649427857,0.0118161502045938,0.00144317573020069,"BC23508_E2"
"8x10",0.0280595764229023,0.17483553341496,0.0614170431772462,0.241338529860992,0.0403943805282253,0.130262383532158,0.238343106856705,0.03107987746394,0.0542695687428697,"BC23508_E2"
"12x10",0.00746183824266802,0.207151102050516,0.0151814986567982,0.389530364638171,0.00143072062589647,0.0983325042182414,0.27383200774889,0.00596154198973113,0.00111842182908861,"BC23508_E2"
"17x10",0.00653935328712593,0.153459500433503,0.0277547164893615,0.284393670447216,0.00109176704750736,0.0789095978106822,0.435707648097504,0.0100085405640345,0.00213520582306597,"BC23508_E2"
"9x10",0.0116816108765939,0.196959424361295,0.0187352500919447,0.43392377390012,0.00864806224491881,0.127072592194414,0.173705767136449,0.00832115830033304,0.0209523608939316,"BC23508_E2"
"7x10",0.0230091075282923,0.225776768194539,0.0469062909839118,0.314688113321138,0.0288058581313607,0.0710344652694552,0.200137780756019,0.0187024864256044,0.0709391293896796,"BC23508_E2"
"15x10",0.000953678443781961,0.218462086949736,0.026088338771193,0.0665912647194838,7.34388738455719e-05,0.0287055866850175,0.656957379632857,0.0021087395559635,5.94863681211346e-05,"BC23508_E2"
"13x10",0.00792300805256244,0.303042316450394,0.0330991016150414,0.148973348681666,0.000560131897101377,0.0831520757683095,0.408603151780643,0.0139266884900696,0.000720177264211786,"BC23508_E2"
"18x10",0.000413675247119322,0.126430536104535,0.0290479870439806,0.351805898739048,6.10986155938832e-05,0.048596917421154,0.443165321794132,0.0004244321402213,5.41328942158952e-05,"BC23508_E2"
"22x11",0.00152045632362493,0.284075196685291,0.117683671884682,0.28199115951304,0.000376964898187953,0.0384452922912026,0.27156078262266,0.00385345092513731,0.00049302485617362,"BC23508_E2"
"21x11",0.00298174212429361,0.280641240038116,0.0929653538453428,0.20011337730753,0.000373129406144668,0.0389555892395643,0.370290379075778,0.013407514817912,0.000271674145319253,"BC23508_E2"
"20x11",0.00345820814306229,0.247562949098163,0.0603201969465408,0.20646488661027,0.000156573093782474,0.0649202548097186,0.415490747102651,0.00149450339566655,0.000131680800145444,"BC23508_E2"
"19x11",0.000840597609116304,0.153617629522509,0.012374515014045,0.390369787581835,0.000151348757323895,0.0505882655794142,0.390875515861144,0.00108831881747977,9.40212571335497e-05,"BC23508_E2"
"6x11",0.0324210285448739,0.185414561037972,0.0466853497318693,0.328795038526949,0.000408449808396784,0.142741536799293,0.211194618966036,0.0501005471397779,0.00223886944483235,"BC23508_E2"
"9x11",0.0385447257475957,0.215732672643891,0.20536481862992,0.211916959163312,0.00398110075491311,0.0853665725006548,0.218391949562136,0.0190028448677007,0.00169835612987759,"BC23508_E2"
"7x11",0.00683388305093664,0.168339673144414,0.113090319814719,0.231053371280178,0.00205439677907431,0.115097077342024,0.340036739099763,0.0207156016117646,0.00277893787712611,"BC23508_E2"
"8x11",0.00219591575486407,0.188448136908545,0.0240605543918201,0.252175056170215,0.00363630281754561,0.0739927108315402,0.445352215535714,0.00709491128399084,0.00304419630576465,"BC23508_E2"
"17x11",0.00743304255743529,0.196547127049273,0.0304785523205805,0.280274328409519,0.000418807915319412,0.042365766396615,0.440103904262481,0.002067480610765,0.000310990478011438,"BC23508_E2"
"16x11",0.00170626582800726,0.178388013565103,0.0445905370213044,0.354960503773246,0.000273532384038741,0.0740277765977426,0.341611618177078,0.00432917295925802,0.000112579694222545,"BC23508_E2"
"18x11",0.00307419548222197,0.115026340439931,0.00974302563500666,0.387064151899795,0.000151970399943166,0.0448705408852665,0.438081577489169,0.0018392942231231,0.000148903545544735,"BC23508_E2"
"10x11",0.00532378361219662,0.256686519148792,0.0367750560408273,0.219330446396378,0.00111004093432429,0.115421550689758,0.357941097294648,0.00642797906898474,0.000983526814090866,"BC23508_E2"
"12x11",0.00161375045876569,0.159448293470206,0.0165678224716052,0.4622931565974,0.000740420935214606,0.0409567219578012,0.313214456701152,0.00459831115865512,0.000567066249199595,"BC23508_E2"
"24x11",0.00252153052671419,0.136318554353806,0.0194436125739684,0.38357179295936,0.000177090228146399,0.0712249412309035,0.385555105547429,0.00106103070225041,0.000126341877422413,"BC23508_E2"
"13x11",0.00558856866241699,0.236378236295511,0.0383338786961622,0.178569014743087,0.0025234099134577,0.192357967137776,0.326750225128038,0.0129825025733748,0.00651619685017617,"BC23508_E2"
"14x11",0.00684013547904755,0.237290853144364,0.0217907856336671,0.0804125228582384,0.00207683314898351,0.0717801501108824,0.57213413730263,0.00669472687544375,0.000979855446743819,"BC23508_E2"
"15x11",0.00700309232563067,0.130187722603392,0.0446158247354881,0.265545939903032,0.00121576089638368,0.0424400448737008,0.503407000724706,0.00439726640373055,0.00118734753393596,"BC23508_E2"
"23x11",0.00132267939682716,0.235774467462912,0.0734002175843741,0.309385320286103,0.000165132947817228,0.0460574443725885,0.331939243364553,0.00172386392608867,0.000231630658737362,"BC23508_E2"
"22x12",0.0010136513695427,0.265267358226594,0.160307998345031,0.242510819625999,0.000231177640933671,0.0337227075913238,0.295385292170258,0.00144163130121718,0.000119363729100882,"BC23508_E2"
"11x12",0.00370687893356816,0.199322568088731,0.0891277985399911,0.334769742891893,0.000155259489079798,0.0637517671465846,0.308581390749321,0.000501440817811232,8.31533430197812e-05,"BC23508_E2"
"16x12",0.00670726838864603,0.261062500128352,0.0255672635467418,0.201978376253701,0.000611897455159656,0.157228627559498,0.341234346685668,0.00477268864457483,0.000837031337657494,"BC23508_E2"
"26x12",0.00173528105692412,0.197320914219031,0.0493045638307499,0.100372247161496,0.00101620808749489,0.0630432767605814,0.583976854367721,0.00283221037988971,0.000398444136111676,"BC23508_E2"
"20x12",0.00565498072719199,0.232448860089464,0.0701579112615653,0.215427644790249,0.000345728496596863,0.037511768291965,0.437277419428951,0.000937599134148081,0.000238087779868969,"BC23508_E2"
"25x12",0.000579856412573228,0.203350667639949,0.0174950110222725,0.0728332655579939,0.000326490153736697,0.0628683335240868,0.641410772903247,0.00103804010021209,9.75626859288746e-05,"BC23508_E2"
"21x12",0.0036836458365484,0.214574947484454,0.0448276405072027,0.45792695853821,0.00018809480445534,0.0359254144982017,0.24154024153309,0.00124056210374243,9.24946940953067e-05,"BC23508_E2"
"27x12",0.00151599369525591,0.109870075368698,0.0514582296950371,0.0661105363019377,0.000496636240674267,0.0290516782940489,0.738584726549725,0.00260269097088423,0.000309432883739238,"BC23508_E2"
"9x12",0.00721328919504646,0.243477905117385,0.241486343962523,0.150124457094193,0.00138746407286463,0.0685773634679228,0.283202361767873,0.00293150242546126,0.00159931289673024,"BC23508_E2"
"8x12",0.0113892786310479,0.208863979476717,0.0568583260069022,0.270348299539445,0.000379624619900923,0.115104477637802,0.3299214720871,0.00535805859342437,0.00177648340766082,"BC23508_E2"
"10x12",0.0019795149972414,0.202100352402498,0.144234965266084,0.173402771851894,0.00053291774133499,0.0966862409618503,0.37799359480414,0.00278741067050336,0.000282231304452329,"BC23508_E2"
"24x12",0.000601392723617858,0.190093944593476,0.0257452046457956,0.350124808382565,2.72560183831048e-05,0.0690206553164342,0.363996153255318,0.000384893586210404,5.69147819857725e-06,"BC23508_E2"
"17x12",0.0046825787970747,0.199585324747454,0.0411786563992973,0.328325891758257,0.00059146597469988,0.0685024932678078,0.355553231445572,0.00131096715660615,0.000269390453231454,"BC23508_E2"
"19x12",0.000356114995439382,0.0911916024202288,0.054714896166863,0.461875296618001,4.58535596384158e-05,0.0574614401438224,0.333343253870977,0.00098507208441312,2.64701406169602e-05,"BC23508_E2"
"7x12",0.0334573753532654,0.266251032114804,0.152212326799418,0.105832050490252,0.00438255668773193,0.0944210423185304,0.330108401603675,0.0101573512092443,0.00317786342307861,"BC23508_E2"
"18x12",0.00414991773449397,0.203881541371414,0.0302727317056647,0.205001026762976,0.000242888267056948,0.127463142213897,0.424820374509749,0.0039841240274377,0.000184253407310875,"BC23508_E2"
"23x12",0.00124855480757736,0.182541158605519,0.0267377310770566,0.30927973648824,7.88892037859496e-05,0.0790508144117003,0.400752429896065,0.000282819912135591,2.78655979208061e-05,"BC23508_E2"
"14x12",0.00138514164190522,0.244305669269335,0.0258378271332348,0.311876694110686,0.000146269429267675,0.0999480326433551,0.308209803286605,0.00818455013592153,0.000106012349689098,"BC23508_E2"
"12x12",0.00242258094972372,0.244134943059831,0.0443794973946802,0.326348430935771,0.000234209876385296,0.0709302017335966,0.310394329606488,0.00112074982935087,3.50566141737627e-05,"BC23508_E2"
"15x12",0.00229591310153621,0.185665771207671,0.0288934777861031,0.212670713070399,0.0003505081472104,0.0811248840629477,0.486196173960725,0.00250659831497919,0.000295960348427948,"BC23508_E2"
"13x12",0.00422098149723463,0.228252049670109,0.135719754626272,0.239800047486326,0.000221184129621851,0.0993041735790599,0.287686241781466,0.00468116178479449,0.000114405445117223,"BC23508_E2"
"22x13",0.0017158711193791,0.206655971360535,0.0862522885989819,0.233939263980111,4.14235066010983e-05,0.0467214628231487,0.424095314220917,0.00055861152569467,1.97928646312036e-05,"BC23508_E2"
"11x13",0.00393985397662482,0.285984773080175,0.00812490165079976,0.122936311596336,0.000131083111958577,0.11736890660513,0.455056076431519,0.00629852680261433,0.000159566744842813,"BC23508_E2"
"19x13",0.00195907540307427,0.158127694779875,0.040035325342855,0.478297549646793,9.35228492294106e-05,0.0346823155916024,0.284472362378509,0.00216897352683857,0.000163180481223413,"BC23508_E2"
"30x13",0.000665354646232855,0.16117878740306,0.00412461716283502,0.0139601037628254,8.08232219658344e-05,0.0256565611667038,0.793097332427109,0.00106921562576372,0.000167204583503884,"BC23508_E2"
"27x13",0.00144584799371494,0.257718016840853,0.0154870062696114,0.0363643743307461,0.000343371040633227,0.0417196536318962,0.640883245921162,0.00561519500208905,0.000423288969294741,"BC23508_E2"
"8x13",0.00401675789360761,0.21724256563484,0.071887841743464,0.262895135801688,0.000848343288211407,0.0430516775638498,0.391951308313038,0.00749106307576166,0.000615306685539952,"BC23508_E2"
"20x13",0.00136634731141742,0.218142426471256,0.0440885737393955,0.362100591000663,8.61925179938508e-05,0.0388899328946889,0.334362767709706,0.000918792871628778,4.43754832506169e-05,"BC23508_E2"
"9x13",0.0192601462511803,0.265966211838717,0.0305682717547505,0.261406534780736,0.00749897041955463,0.0544166347314467,0.34484410451033,0.0058848623219734,0.0101542633913113,"BC23508_E2"
"21x13",0.00472195641442472,0.237094447707304,0.0478188455382382,0.324698125686657,0.000427621741716774,0.0359903263843909,0.346214968747527,0.00262177233886466,0.000411935440876558,"BC23508_E2"
"25x13",0.00124307204837451,0.186340229116387,0.0425680550702185,0.201509441753151,0.000483517272306342,0.0445766186230348,0.521415002833984,0.00167866262897353,0.000185400653570021,"BC23508_E2"
"29x13",0.000369308583467061,0.0277979605667613,0.000371672784409038,0.0484232996445994,6.34464953257499e-05,0.00672397817249653,0.916131342027055,0.000106950123193921,1.2041602691461e-05,"BC23508_E2"
"16x13",0.00429553867906135,0.164137749718129,0.0190520249641758,0.36549152651957,0.00279311513015719,0.0438275858602157,0.395736696042698,0.00246300767124416,0.00220275541474845,"BC23508_E2"
"10x13",0.00529616904661361,0.23230784261817,0.0354166875595843,0.288052086989258,0.00175450887901308,0.10890463324919,0.32408547740412,0.00351616571389822,0.000666428540151814,"BC23508_E2"
"26x13",0.000904969866123709,0.190956837044791,0.0596268991577909,0.209035939241785,0.00052093684148863,0.0594210581567441,0.477994085689365,0.00135692465141234,0.000182349350499244,"BC23508_E2"
"28x13",0.0010580484154913,0.0677485278881705,0.00105855291727187,0.0238739829198082,4.65474755601381e-05,0.0277145412432816,0.87787788731698,0.000610443787703968,1.14680357321645e-05,"BC23508_E2"
"7x13",0.00513530444692898,0.327427990908977,0.0135284266259542,0.12628208206226,0.000959563458971769,0.161077922318111,0.358500651578526,0.00628861633445263,0.000799442265818906,"BC23508_E2"
"17x13",0.000850078053114688,0.126155519511923,0.0205053315420019,0.361095920528179,3.73479946540431e-05,0.0425268044281446,0.448109108367925,0.000690326491408836,2.95630826479885e-05,"BC23508_E2"
"12x13",0.00406429236754337,0.253845609562373,0.0129126880337757,0.212904703457625,0.000599435922703807,0.106933171017304,0.405903511834118,0.00254860246168034,0.000287985342876605,"BC23508_E2"
"18x13",0.000243699092066614,0.127598702510017,0.127459979057875,0.352319050454438,4.7288964949791e-05,0.0493226677295926,0.34283541636811,0.000152064312970683,2.1131509980571e-05,"BC23508_E2"
"23x13",0.00292087883889231,0.177593243965744,0.0142874035888153,0.45985017694798,0.00027741142876151,0.0193039571073086,0.324980089724957,0.000673152517812901,0.000113685879727816,"BC23508_E2"
"24x13",0.00229117983243972,0.22090700601122,0.04915753731977,0.245861630179283,0.000396991442039031,0.0770486460456392,0.403197805476808,0.000805291197450677,0.000333912495350258,"BC23508_E2"
"14x13",0.000856599017333204,0.216938813876726,0.143041234163505,0.106752416849443,0.000223268363087978,0.0627265766726029,0.466425526347739,0.00293819457365464,9.73701359079453e-05,"BC23508_E2"
"13x13",0.00515183888371569,0.178294240473263,0.0471838667766568,0.386680307038949,0.000391346135722682,0.0442421798107475,0.335102379194044,0.00273516618942113,0.000218675497480622,"BC23508_E2"
"15x13",0.000907051522970018,0.182331171340437,0.0343781870321404,0.252852241987502,0.000340593110315833,0.0799619729073889,0.448054694310036,0.00101677966562642,0.00015730812358375,"BC23508_E2"
"22x14",0.00128127506228628,0.189577599351019,0.0241848253930925,0.399843060325159,0.000100880702252975,0.022563553425898,0.361716270634771,0.000684641696484677,4.78934090371906e-05,"BC23508_E2"
"20x14",0.000273150731119435,0.229408027871889,0.0217641639299579,0.252583769831023,1.65575055152227e-05,0.0495845473966164,0.446037032758982,0.000321690696012721,1.10592788849041e-05,"BC23508_E2"
"11x14",0.00267809041327925,0.193324200121994,0.0094904168378214,0.277024704407432,0.000644475558209687,0.0888283770073671,0.424039026664627,0.00364210584622087,0.00032860314304892,"BC23508_E2"
"21x14",0.000493857755979858,0.18489548103318,0.0430254560455323,0.109472135830336,2.15008174241276e-05,0.104363655632133,0.557222293506093,0.000501709914945915,3.90946437524565e-06,"BC23508_E2"
"32x14",0.00196362212531739,0.0820060113074784,0.00519723434628667,0.0474520930012453,0.000428377368757756,0.0236353260828964,0.835827862910891,0.00298613330102925,0.000503339556098236,"BC23508_E2"
"30x14",0.000399267255332161,0.0547943645327853,0.00202745609363711,0.0153856264661615,0.000132597936533453,0.00913258980843655,0.916656258178033,0.00138320766959803,8.86320594829203e-05,"BC23508_E2"
"31x14",0.0064534335982058,0.103266235903096,0.0189632986774302,0.0457325248726272,0.00109496632319505,0.0222341357875405,0.797738776828434,0.00318393168212638,0.00133269632734496,"BC23508_E2"
"9x14",0.00901667789247363,0.236848615018619,0.068314628055891,0.139429006640634,0.000357671120971897,0.106820872667041,0.432994570831094,0.00505548074365947,0.00116247702961584,"BC23508_E2"
"19x14",0.000511658689088032,0.120993566596262,0.0265036206392187,0.505508571150487,6.32415165386596e-06,0.0355044036939886,0.310745565899618,0.000220047783796631,6.2413958865459e-06,"BC23508_E2"
"29x14",0.00711277986423414,0.1614376415465,0.0180438786932508,0.00495247174699343,0.0010025283545618,0.0277939804447204,0.774741684749656,0.00429646284601732,0.000618571754065492,"BC23508_E2"
"10x14",0.00880344174867349,0.300722663242388,0.0677597202430962,0.09670585529523,0.00182881863345871,0.0579474578225883,0.457432886322942,0.00626842321062428,0.00253073348099849,"BC23508_E2"
"14x14",0.00125477472377376,0.254957553249854,0.00644419741273968,0.173331502566024,0.000159226211156881,0.0616321495390059,0.501464488761644,0.000683958687406714,7.2148848395617e-05,"BC23508_E2"
"27x14",0.000800524491391456,0.255051159158078,0.0115608880790562,0.0604088056684428,3.30118730201698e-05,0.0609135166017877,0.611003560599178,0.000215153813034397,1.33797160113699e-05,"BC23508_E2"
"16x14",0.00030098850734491,0.169771330537748,0.0426781226038905,0.308978998434018,3.56233648070069e-05,0.0269021972768921,0.451144983887936,0.000167203427168201,2.05519601949211e-05,"BC23508_E2"
"23x14",0.00106637845176661,0.115125567189591,0.087726897675068,0.525897006890609,5.68343984455912e-05,0.0351741408571427,0.234218010629728,0.000659502939423199,7.56609682267557e-05,"BC23508_E2"
"8x14",0.0116020399493514,0.211286682391088,0.0178240791065206,0.31741174534141,0.000185133614780261,0.0753804404065511,0.365567295627637,0.000645855242312494,9.67283203497266e-05,"BC23508_E2"
"15x14",0.00299777475191148,0.188154637294327,0.0647486462508017,0.305677648417069,0.000102989436673867,0.0386241533978746,0.398118636306176,0.00155933771310875,1.61764320571047e-05,"BC23508_E2"
"24x14",0.00363383792237918,0.188117306751757,0.0595452402014895,0.355933368334929,0.000258919539517421,0.0377475234374685,0.352365888754054,0.00202375972885651,0.0003741553295492,"BC23508_E2"
"18x14",0.000774073063086742,0.15375755829002,0.0135400243304126,0.387699903043963,5.96128308887506e-05,0.0456388561273845,0.396752161589332,0.00175038943877277,2.74212861399088e-05,"BC23508_E2"
"7x14",0.00415084372554877,0.24257244233182,0.0454399199603557,0.195819878518076,0.00108112104303546,0.10795525433309,0.376859474472142,0.0210187275263321,0.00510233808960038,"BC23508_E2"
"12x14",0.000728657354279693,0.1769727249895,0.013464534706652,0.292296493250248,0.000121449994678252,0.0556124101302463,0.459744302841201,0.000930883531802048,0.000128543201392855,"BC23508_E2"
"13x14",0.0031082009495354,0.297606499306134,0.0379944113676664,0.218048968656529,0.000290082895263236,0.0962566333341511,0.343271413938756,0.00312851333425664,0.000295276217708482,"BC23508_E2"
"28x14",0.00105833584444114,0.225248052078445,0.00802624499914831,0.115355540588566,0.000501279225294134,0.0342011421206506,0.613680184885789,0.00173266574934963,0.000196554508316757,"BC23508_E2"
"25x14",0.00629250817881083,0.174433641886508,0.00597345678371056,0.259662781414528,0.00276104181557354,0.0381296447955804,0.503445864882885,0.00591207841736686,0.00338898182503691,"BC23508_E2"
"26x14",0.000877322223898786,0.175206041645713,0.0805422135932967,0.10016004713827,0.000164820518266101,0.0614846688001333,0.580832281918717,0.000701448557655259,3.11556040510213e-05,"BC23508_E2"
"11x15",0.00788973491938411,0.259192706232992,0.0480819712262477,0.184225872317218,0.00102605709251122,0.066047988985676,0.428453519796,0.00385576068224729,0.00122638874772323,"BC23508_E2"
"22x15",0.00238162395711446,0.217542958095581,0.080363122821418,0.283811545996329,0.000279333779931678,0.0379873649227066,0.374725163178881,0.00276398033266647,0.000144906915371632,"BC23508_E2"
"31x15",0.00111193707732913,0.213666017477055,0.0117959644353911,0.0851825250153253,9.29393203137736e-05,0.082483886285363,0.604426485547481,0.00120640374150199,3.38411002403649e-05,"BC23508_E2"
"27x15",0.00175346492830724,0.349021738051451,0.0365992551215992,0.035013131781525,0.000250879309492619,0.136761082503968,0.43749783573185,0.00305787616751357,4.47364042930423e-05,"BC23508_E2"
"32x15",0.00438428369446274,0.203639419378254,0.0136189401171387,0.0418918061715094,0.000669866967162567,0.0499255704360503,0.68265994849429,0.00244755195029275,0.000762612790839738,"BC23508_E2"
"21x15",0.00094966888658425,0.149283998077295,0.0156880828395815,0.231902239071015,2.25091142158993e-05,0.0228776256028953,0.579229372990312,3.60048663152548e-05,1.04985517855184e-05,"BC23508_E2"
"29x15",0.00189373630999965,0.284655784601795,0.020858223094738,0.130897179156703,0.000102320780449705,0.0711442944250297,0.488923145485521,0.00141136447729209,0.000113951668471822,"BC23508_E2"
"30x15",0.0016608615336799,0.196063258134346,0.0554031282025411,0.220498644725404,0.000316895393942855,0.0659781312264412,0.457995534975118,0.00194747466838277,0.000136071140144064,"BC23508_E2"
"9x15",0.00713494886111191,0.204115582657831,0.046478370706578,0.204183004667003,0.00243565582664693,0.084537220065953,0.443569471341958,0.00561344497527432,0.00193230089764446,"BC23508_E2"
"19x15",0.00135258997695386,0.0864834078610501,0.00927235648726243,0.25239519215363,4.92292189136828e-05,0.0264653442669424,0.623877570524129,9.51119822740251e-05,9.19752884529402e-06,"BC23508_E2"
"16x15",0.00341118131879007,0.148073653864316,0.122333292110773,0.247664090140167,0.000261352713757403,0.12488941301811,0.351514311201288,0.00167410466227941,0.000178600970517903,"BC23508_E2"
"8x15",0.00534819535457198,0.202175851859939,0.0434512695239227,0.130780276481396,0.00123401337574522,0.094212586465727,0.513712374398138,0.00685087316576706,0.00223455937479389,"BC23508_E2"
"25x15",0.00491130730093104,0.257708056378927,0.0937223417614422,0.015867028446713,0.00036872068482401,0.0909130460777264,0.535147443673612,0.00121990901454834,0.000142146661275821,"BC23508_E2"
"10x15",0.00116845998745441,0.255949819883638,0.00898986336864755,0.182121469242868,0.00079346414750841,0.0835052351428306,0.453608559732545,0.0120721067309902,0.00179102176351839,"BC23508_E2"
"17x15",0.00108888168395374,0.202971069110619,0.0189528514005288,0.178015682063228,9.79663070795853e-05,0.105193975205546,0.492607370281877,0.000995981979207904,7.62219679591348e-05,"BC23508_E2"
"26x15",0.00429115855958256,0.296815180649201,0.0182558063698635,0.0558945075251547,0.000314150319805446,0.165010814403229,0.458479385476303,0.000857768986308141,8.12277105528317e-05,"BC23508_E2"
"20x15",0.0023273767531599,0.214274489784633,0.0132340816156381,0.029305188478153,6.25842032412532e-05,0.047374462385523,0.692099486945309,0.001270296059961,5.20337743817402e-05,"BC23508_E2"
"18x15",0.000940460899166584,0.0494544214892884,0.00816295203307681,0.565248151716042,1.50011452798085e-05,0.0195482964951383,0.356489130587961,0.000134144775451828,7.44085859533255e-06,"BC23508_E2"
"12x15",0.00772242604716572,0.253678514175184,0.0752438301818235,0.080906528283704,0.00128013180357969,0.121718051359035,0.44413523076844,0.0137567290798416,0.00155855830122584,"BC23508_E2"
"23x15",0.00255581701284727,0.137376875730145,0.0384155410600208,0.31993899102418,0.000352253578910829,0.0279137130551639,0.47204338676932,0.00115764058428491,0.000245781185126934,"BC23508_E2"
"14x15",0.00227852841499595,0.165491048142053,0.0142314163259167,0.443561403701275,0.000318315900224239,0.0420910724163604,0.33012513293575,0.00159404983215262,0.000309032331271648,"BC23508_E2"
"7x15",0.00620301595349949,0.175269094099506,0.114325248927921,0.061808447690794,0.00187547560235907,0.0879104324444131,0.540125087591717,0.0119312991367135,0.000551898553077561,"BC23508_E2"
"28x15",0.000609679195959513,0.315979739943446,0.00215478522091741,0.0289153078074675,9.250783108066e-05,0.0370118233529199,0.615068580147921,0.000149782333598632,1.77941666890378e-05,"BC23508_E2"
"13x15",0.0218734535368671,0.192213046617452,0.0341321135397936,0.334134769860075,0.00322594418442175,0.0970382329457634,0.309798531012958,0.00489632511748511,0.00268758318518403,"BC23508_E2"
"15x15",0.00299406519184187,0.112537358059478,0.0470729305664405,0.458944433620837,0.00107021536826846,0.0408840247142918,0.333490217175091,0.00232994261013138,0.000676812693619611,"BC23508_E2"
"24x15",0.00504063900514185,0.295280966297569,0.0730468497714364,0.139793802425806,0.000207792941959161,0.0535163881936839,0.431475568484226,0.0014237440222743,0.000214248857902603,"BC23508_E2"
"22x16",0.000546400380372991,0.142098696645289,0.0106855516139677,0.0296043675602512,6.74118442504201e-05,0.0152832973498134,0.801461793545578,0.00021982898931939,3.2652071157881e-05,"BC23508_E2"
"11x16",0.00658136019385279,0.213980779690594,0.023051207561589,0.3431938459273,0.000434836000177832,0.090359320077146,0.318088371263464,0.0040619863651812,0.000248292920694837,"BC23508_E2"
"32x16",0.00131046511500476,0.102634834200883,0.00288135197020965,0.321103054941489,0.000287917395390324,0.0139223237421759,0.556381714859804,0.00125848437923515,0.000219853395808369,"BC23508_E2"
"10x16",0.00387858708975171,0.232997627360362,0.0477538496414019,0.257049513422132,0.000357601503059154,0.0436978377014534,0.413329035756884,0.00087518768375289,6.07598412034888e-05,"BC23508_E2"
"21x16",0.00109224527368583,0.0569229210456885,0.00797727896949691,0.243975551726722,0.000265100986219816,0.0435998435047769,0.64352104646101,0.00240314253944897,0.00024286949295102,"BC23508_E2"
"9x16",0.00600186940297662,0.324765443669339,0.0456595950769261,0.225313134525611,0.000650870870216928,0.119734986660423,0.272629772200707,0.00434196445807968,0.000902363135721376,"BC23508_E2"
"27x16",0.00324960098143924,0.256056608427262,0.050432189859733,0.0660619426484739,0.000320936402201683,0.284808684639857,0.337592785803595,0.0012923950516897,0.000184856185747557,"BC23508_E2"
"30x16",0.00395993702067531,0.389892738196,0.0260340972718782,0.0121342997723793,0.000769786679489032,0.156286590948677,0.402130290223725,0.0073853144260624,0.00140694546111398,"BC23508_E2"
"19x16",0.00321023639493284,0.0785367999813123,0.0830856629622127,0.243772390070811,0.000431695901135827,0.0487139365334233,0.54092432880531,0.00117676943637928,0.000148179914482339,"BC23508_E2"
"20x16",0.00363535320830141,0.134265561232604,0.0245244928940117,0.210968815980872,0.00026527274512436,0.0292385189306882,0.59643436905945,0.000582335748316953,8.52802006310319e-05,"BC23508_E2"
"31x16",0.00255642741695472,0.222403781291512,0.0803958453068561,0.0891646214220416,0.000349113162498494,0.110956690784813,0.489890769709837,0.00404830056922251,0.000234450336263734,"BC23508_E2"
"26x16",0.00414569478603861,0.331809555625733,0.0485494520341021,0.0823719124534246,0.000647519312450057,0.111787262232701,0.417658416998636,0.00249891358658885,0.000531272970325568,"BC23508_E2"
"28x16",0.00343411841290067,0.312002636225735,0.0193705126043436,0.0909908682391525,0.000241097776687474,0.260107342981885,0.311666238646771,0.00208280861502476,0.000104376497500476,"BC23508_E2"
"24x16",0.00103956907479377,0.23545299024538,0.0204010230598659,0.107849043696699,0.000105745713962888,0.0185852148181581,0.616055418013535,0.00045569891075983,5.52964668463893e-05,"BC23508_E2"
"25x16",0.000542463199396574,0.313531347111784,0.0190760237287843,0.0378606301196519,3.35756381029284e-05,0.122317580497559,0.506213471199706,0.000418400094197304,6.50841081791506e-06,"BC23508_E2"
"8x16",0.00363180174346525,0.277395223483945,0.0626301480842052,0.16475804196296,9.20160746646671e-05,0.0867356682639474,0.399057224525476,0.00559943157252091,0.000100444288814804,"BC23508_E2"
"17x16",0.00110688066928244,0.100040106666722,0.0259897384432797,0.539343612336845,0.00018744137473595,0.0462198864844132,0.285124511702972,0.00170707108261769,0.000280751239131927,"BC23508_E2"
"29x16",0.00571442636103817,0.292873890620872,0.0599596922512462,0.0545534465086826,0.000280884765013073,0.218698980011704,0.366733608708035,0.000979681374180668,0.000205389399228166,"BC23508_E2"
"7x16",0.0110077097393399,0.2150546503267,0.0633242237865283,0.202557316631923,0.00426499249585963,0.0806261590413655,0.409074482607771,0.0125451217165923,0.00154534365392068,"BC23508_E2"
"18x16",0.00325366519892273,0.149987075469921,0.0139592782292782,0.407991105861126,0.000146782975520838,0.0616619905366672,0.361410090539172,0.00120899205053657,0.000381019138855194,"BC23508_E2"
"23x16",0.00426303309702905,0.19496257832621,0.0202256634644048,0.0165310212085704,0.000374495065000512,0.05856485302726,0.704423786162534,0.00060445938793393,5.01102610578468e-05,"BC23508_E2"
"12x16",0.00258334557129942,0.264055110295909,0.0185510046032941,0.219369903259712,0.000118573700558619,0.13376631584632,0.360362436760757,0.00111567739773813,7.76325644126375e-05,"BC23508_E2"
"14x16",0.00399939010031123,0.228781502952161,0.0187997079054244,0.321657849225012,0.000660850554677755,0.127537939164933,0.296078233035378,0.001690786422849,0.000793740639252869,"BC23508_E2"
"16x16",0.00171798192515898,0.133619401959877,0.0531277279086464,0.358299862865375,0.000729220415120174,0.109613925696781,0.337956696669256,0.00445567316877263,0.000479509391012343,"BC23508_E2"
"13x16",0.0202324614438572,0.221795442299993,0.0593541200641992,0.365521247080963,0.00542196434371486,0.076929243469204,0.236220736338253,0.00611966168533935,0.00840512327447742,"BC23508_E2"
"15x16",0.00130377348437804,0.198252331485548,0.0158805546821857,0.280111257077756,0.000168574852075657,0.0949663453024555,0.40730244939253,0.00193225717552047,8.24565475505556e-05,"BC23508_E2"
"32x17",0.00810553570678496,0.200669243298229,0.0762324971102283,0.0493460930435876,0.00121479953334258,0.0559516421840383,0.59666128411082,0.010937264734438,0.000881640278531155,"BC23508_E2"
"11x17",0.00250343787123507,0.276684284039489,0.0203327587993074,0.165142099134876,0.000224206511710061,0.13058370514303,0.402900198498032,0.00155259790130575,7.67121010141865e-05,"BC23508_E2"
"22x17",0.00406475917306137,0.0970175562076503,0.017767563435655,0.185596670566562,0.000233049291681727,0.0112573067956482,0.683209440692673,0.000759193372256866,9.44604648116767e-05,"BC23508_E2"
"27x17",0.00394992543482314,0.277078797669728,0.0128033357081855,0.21595366619386,0.000196815243261496,0.137093975760027,0.350017519366199,0.00257507848821874,0.000330886135697324,"BC23508_E2"
"9x17",0.00200805600711685,0.190358542791871,0.0347413199651346,0.218473889891204,0.00291613358105295,0.143888455012685,0.40324995963121,0.00272071882155826,0.00164292429816709,"BC23508_E2"
"20x17",0.000324659867972355,0.0834375578341728,0.00286945241151664,0.0932905849242668,6.16378229760929e-05,0.00460733516126986,0.815329676399263,6.85570756181077e-05,1.05385029448482e-05,"BC23508_E2"
"30x17",0.00170107541248137,0.274587156734664,0.0497483893369483,0.160888587547088,0.000683000986182665,0.0512695845695001,0.458034959133621,0.0029164936439264,0.000170752635588368,"BC23508_E2"
"31x17",0.00445286733759243,0.17081084014297,0.0219034881444239,0.0538996672662287,0.000944011498664802,0.0560194567242387,0.689601897286345,0.00189993094621789,0.000467840653318688,"BC23508_E2"
"23x17",0.000714954816153259,0.148353696520707,0.00896472946239905,0.0435371693993062,9.22240358306569e-05,0.00980042450148627,0.787994446394072,0.000514321307553373,2.80335624925656e-05,"BC23508_E2"
"19x17",0.0014620486190377,0.147185479030319,0.0119067314542634,0.123685263350025,0.000117747963058522,0.0852235056259003,0.629192442179768,0.00118382767093498,4.29541066930599e-05,"BC23508_E2"
"21x17",0.00118816891382102,0.0185047539540101,0.00799421042082119,0.0422073774057925,1.96988171884349e-05,0.00492403379623837,0.925077788028683,7.43407512290069e-05,9.62791221669882e-06,"BC23508_E2"
"29x17",0.00883307815458685,0.300626528262752,0.0195201478362143,0.0441404675174104,0.00181238940781058,0.109841970622539,0.505982624168495,0.0082260679877505,0.00101672604244062,"BC23508_E2"
"14x17",0.00674489090170588,0.117426986694551,0.039897301750144,0.421809672501148,0.00320919030342967,0.0737021412200087,0.312454311074196,0.0129535707972321,0.0118019347575845,"BC23508_E2"
"28x17",0.00401879352919648,0.332857131302947,0.0070461291871993,0.0237995598492893,0.000317979176772246,0.109340592827456,0.521272706751621,0.00119188911398189,0.000155218261536292,"BC23508_E2"
"10x17",0.00403729767718049,0.293303349498324,0.0375586152080312,0.056878709116984,0.000588687805349137,0.078162196837853,0.521948365347407,0.00713060351355867,0.000392174995312179,"BC23508_E2"
"16x17",0.00168714487707346,0.168158224156079,0.124912659705331,0.370128704072392,0.00162876485457805,0.0634891783101993,0.268914045230147,0.000693527216785122,0.000387751577414955,"BC23508_E2"
"25x17",0.00126965718132301,0.222355361345762,0.0113057877318301,0.051035322344761,4.36849655698741e-05,0.0344490764327308,0.678845808644824,0.000691080645765962,4.22070743313324e-06,"BC23508_E2"
"26x17",0.0127778661061232,0.186204519569711,0.0509528785049298,0.242898098167158,0.0005826082471158,0.0344859869363166,0.470005703842565,0.00163526499233042,0.000457073633750717,"BC23508_E2"
"8x17",0.00803029445008094,0.289576782276776,0.0261912925117295,0.133893720205089,0.000465414104575468,0.0575632870722424,0.467469016340231,0.0158846642157513,0.000925528823524734,"BC23508_E2"
"24x17",0.00281901165880215,0.150166487656562,0.0194100088918872,0.074959680906607,0.000599366388339106,0.0532917306285802,0.698160983515369,0.000516790049858985,7.59403039937033e-05,"BC23508_E2"
