"","Endothelial","CAFs","PVL","Plasmablasts","T-cells","Myeloid","Cancer Epithelial","Normal Epithelial","B-cells"
"25x7",0.00551671998823044,0.00510935682666722,0.00705769430399402,0.0359270868600881,0.000231853105283195,0.162794330875801,0.761677185761958,0.0211672252455733,0.000518547032404734
"26x7",0.00110572012953596,0.0029517813220095,0.000747135869031373,0.0255852364781101,0.000320456438549452,0.0600250084895215,0.83442523898711,0.0747481222294356,9.13000566964264e-05
"26x8",0.00427085300367121,0.0142754970657521,0.00164994547728648,0.0734147962081827,0.000140943749069843,0.158262464386378,0.71565939348861,0.0320782170836324,0.000247889537418285
"25x8",0.00121504737125391,0.00860919092703592,0.00238606516509434,0.0301027404079382,0.000263594584558553,0.137725784764868,0.764158100971995,0.0551987209290508,0.00034075487820486
"23x8",0.00555978989252909,0.0161732989793263,0.00464992131760735,0.0557838381151804,0.00143352926377664,0.0905443121127581,0.769595973768946,0.0556049693621009,0.000654367187774804
"27x8",0.00273741042263916,0.00525201909953701,0.000524111486955459,0.057592255267033,0.000161910158318679,0.227495806860121,0.682968466441593,0.0231791935352917,8.88267285111742e-05
"24x8",0.00137129635158327,0.00805015205037083,0.000957694411504612,0.00616305497184521,0.000658667502086059,0.146270067127505,0.802559208490108,0.0337975849207368,0.000172274174259595
"22x9",0.00716367679411636,0.0283837283018303,0.00454493719183763,0.167575218810884,0.00175947813704325,0.0894950770953869,0.576454948220594,0.123714122221798,0.000908813226510394
"21x9",0.00463368051806622,0.00606531155187397,0.000889352887075192,0.302319258999961,0.000254866762433225,0.00795775199850604,0.64627978662312,0.0314182763265973,0.000181714332366771
"20x9",0.00568492965640984,0.0235442604645883,0.00277873316659541,0.0842541698768891,0.00143825407139824,0.0878619524319956,0.714401993599029,0.0790864904923274,0.000949216240767502
"23x9",0.00508929074426059,0.0119248942793012,0.00321033770716488,0.0180335045838781,0.000833355493221879,0.134181519382815,0.740301493067022,0.0858926942972511,0.00053291044508477
"24x9",0.00198424066375905,0.00358268762478155,0.00147805475174548,0.00876403193573323,0.000177090077706013,0.140675695755883,0.802340369747864,0.0409460497938398,5.17796486877108e-05
"25x9",0.000909946911658852,0.00463597747750944,0.000428751744967427,0.00176599559595085,2.13788735244454e-05,0.151768110876537,0.830751216453147,0.00969208162610492,2.65404406003211e-05
"26x9",0.00199284371167646,0.00378749650027703,0.0042070599725075,0.00655095679642785,0.000125394562897614,0.0428179858246655,0.865999663417622,0.0743575046660476,0.000161094547878514
"27x9",0.00200551690248536,0.00387167181169059,0.00211542242858806,0.00297858476003024,0.00049112197500263,0.142081297282822,0.800772180526095,0.0451599546281984,0.000524249685087801
"17x10",0.00107841274891472,0.00717401084733985,0.000648957068729836,0.0266735031075778,0.000569990096810313,0.0770434294352566,0.818056705034287,0.0684274404382604,0.000327551222823096
"22x10",0.00490192976478601,0.0167909737339493,0.00434304307809767,0.0483494722735109,0.000894743943079128,0.0489118676342798,0.778198920003182,0.0964743667675892,0.00113468280152635
"20x10",0.000584896926618812,0.00215715765905042,0.000840834529629318,0.0248420324675883,4.96636056754777e-05,0.13837342389798,0.824924748341766,0.00821121156080413,1.60310108865304e-05
"21x10",0.00209821219822649,0.00751917107527524,0.00278436595892308,0.0272617457728391,0.0004413214175975,0.1090759182332,0.792445974541074,0.0581014069493936,0.000271883853471193
"19x10",0.00128456242333876,0.00722783316871503,0.000489362150543467,0.00450166301637795,0.000140052532917846,0.109768685717038,0.849310818652114,0.0272479610176201,2.90613213349672e-05
"18x10",0.00327006111315806,0.0146510222500569,0.00267714472133724,0.171243669401806,0.00219327058529708,0.127891299158304,0.628489123630193,0.0472827301404278,0.00230167899941881
"25x10",0.000520798151919257,0.00357404469301561,0.000784907069358002,0.000918135625566279,0.000207341610520851,0.0895801741976269,0.867378028733361,0.0369751418449337,6.14280736978589e-05
"23x10",0.00233959937765228,0.005464055658621,0.000186873565562101,0.142154500252434,0.000121571820717244,0.0906597367934353,0.734588047766749,0.0243581892802603,0.000127425484569154
"26x10",0.00209321935448586,0.00985030757719333,0.00396669275289105,0.00594429606001202,0.000476348113773158,0.121425178337186,0.797713578946346,0.0574226707547475,0.00110770810336567
"24x10",0.000358774183485123,0.000776651136774057,0.0004740109148395,0.00132119817336178,2.01101220149621e-05,0.0303387880440969,0.940035746811827,0.0266624910404118,1.22295731887106e-05
"27x10",0.00128224533555122,0.0057377323508129,0.000312090557662665,0.0140800441562712,0.000129520433010306,0.168378774430669,0.789865468038954,0.020165157164482,4.8967532587212e-05
"20x11",0.00264360365588445,0.0109717840540319,0.00207929237943717,0.0356600242925249,0.00048744903569718,0.079797917097027,0.822071463674788,0.045913316708221,0.000375149102388425
"22x11",0.000758468787758737,0.00151508578636962,0.000280637705702589,0.0206207005753226,0.000129541997997447,0.0624914364304064,0.857477706045216,0.0565590167166048,0.000167405954621533
"17x11",0.00768518408571352,0.0194122482753744,0.00786955291851666,0.135090991111613,0.00143238626125713,0.0924233752146089,0.67727712679949,0.0582075489373716,0.000601586396054813
"19x11",0.00235453393142559,0.00396053817363507,0.00228608167946267,0.195814336308901,0.000676760350113484,0.0918301496874809,0.571462292129397,0.130603444763494,0.0010118629760899
"16x11",0.00195830940959057,0.0081477357488361,0.00218758567614786,0.0819809807458563,0.000909363593439903,0.0506989330327077,0.797299780380492,0.0559981781056424,0.00081913330728763
"18x11",0.00213333355706989,0.0105580148873415,0.0119956954240563,0.0608923491683749,0.000573138997385137,0.0330650886365716,0.840126251961676,0.0404589644714282,0.000197162896096943
"21x11",0.00363398021516589,0.0105817330915059,0.00137738513099667,0.010838000521108,0.000628909127144396,0.106078066526825,0.80739847658118,0.0589294675750765,0.000533981230997731
"26x11",0.00206479744694318,0.0157705156168696,0.00119277618239715,0.102089947225028,0.000452385584884733,0.107960526836705,0.744730756670991,0.0255296768677223,0.000208617568459038
"14x11",0.00148862518872417,0.000851287237325766,0.00133618915713079,0.0896509439561427,0.000118675950227944,0.0525105453290543,0.846997601062817,0.00698863459761102,5.7497520966516e-05
"28x11",0.000353597805091958,0.00145451611752525,0.000224774385365466,0.012401168278107,0.000487432511342798,0.062382374950056,0.893954537920836,0.0284940137464247,0.000247584285251049
"23x11",0.00119709742056618,0.0124570189238684,0.00195018133990222,0.00524517834960892,0.000266363545570438,0.0348923318125079,0.896291949350468,0.0475172954317735,0.000182583825734945
"27x11",0.00115405367552027,0.00338286566005902,0.000665893935053735,0.0094758456335225,0.000334655451946057,0.0294118148223431,0.916077528055866,0.0391923772071693,0.000304965558519776
"13x11",0.00427916270055513,0.018131325719989,0.00283119118689825,0.00735486625864605,0.000709129637208625,0.111293326355883,0.82782394122173,0.0273037225682674,0.000273334350822946
"25x11",0.000329290313592232,0.00262435999275529,0.000383421289035734,0.0291702801555138,0.000240027606261417,0.059752646459605,0.861884406472589,0.0454540878212633,0.000161479889384197
"24x11",0.000877958954335545,0.0274430476810981,0.000928535055385663,0.0723293779314153,3.69408062672061e-05,0.0880830119621479,0.779173650653545,0.0310653750940416,6.21018617632102e-05
"22x12",0.0052741060945181,0.0280061430223476,0.00511629674441669,0.0643809238759167,0.000740006091295524,0.0567143047301722,0.763969687422841,0.0755055942850446,0.00029293773344716
"11x12",0.010528641113462,0.038268392870371,0.00261459351381626,0.0594999748270832,0.00419177751596985,0.153495876475682,0.664522477823445,0.0647700481513996,0.0021082177087712
"21x12",0.00350021829780286,0.00607400173144634,0.0025767556909969,0.0189572081310051,0.000438045542544856,0.103085394926792,0.818339495631492,0.0466625278984582,0.000366352149462288
"20x12",0.00283875956718974,0.00884392554412111,0.00407803675128279,0.0177449410263911,0.00056835404381819,0.108718023594174,0.793863626159847,0.0631931292507161,0.000151204062460231
"25x12",0.00213757260720239,0.0110431888353161,0.0127226593379432,0.0652211052547588,0.000371898589001203,0.104368276269313,0.744155034994282,0.0597800963928429,0.000200167719340251
"18x12",0.000745571890014519,0.0106652932104945,0.00202555582629609,0.0384375468022032,0.000749868562316532,0.127343993095988,0.780232445626651,0.0392005170458159,0.000599207940220313
"26x12",0.000950807041010549,0.00713133682067096,0.00243526974016898,0.298291333713514,0.000293560182092106,0.0617485500539659,0.564588670077612,0.0640504812385216,0.000509991132443577
"17x12",0.000801568780020054,0.00109510160620777,0.000294520936804145,0.0587410181339044,7.75167800859617e-05,0.13664374161265,0.783583612430326,0.0187235790491266,3.93406708748918e-05
"19x12",0.00143486496103938,0.00326465790849353,0.000939736611066441,0.0239981592900603,0.000318560189628354,0.042483327803607,0.838175053575553,0.0888006736250787,0.000584966035473326
"27x12",0.00578661321992023,0.00849315236947897,0.0032785846231433,0.133003970874772,0.000196167903043273,0.0718837722606594,0.7118480806223,0.0652853035237153,0.00022435460296726
"15x12",0.00480553122890533,0.00581360553852899,0.00129029925752383,0.106251306534651,0.000260908940167016,0.0957391122211363,0.763425349688061,0.0223263756349363,8.75109560904167e-05
"28x12",0.00235708634520674,0.00703030347436881,0.00351397304732331,0.0114052964266604,0.000361305668392316,0.0612026851409371,0.880605560912269,0.0331971405554647,0.000326648429377536
"23x12",0.00201941582694099,0.0525604764529302,0.00385262998766934,0.0135699597910472,0.000345348903402502,0.163930111232897,0.736146165192445,0.0272258748683517,0.000350017744316216
"12x12",0.00295025611975098,0.0138740100347057,0.00387735463085249,0.0158044152863092,0.000262281987911372,0.100735038031589,0.830118620171036,0.0320361236522666,0.000341900085579174
"16x12",0.000423090521408398,0.00289293627659673,0.000416699523153289,0.0127855952872011,7.50243354397684e-05,0.091087480457341,0.859693598241513,0.0325990458001551,2.65295571916032e-05
"24x12",0.000159887680464948,0.000141038701360421,0.00016372153454153,0.00138089149105375,1.21532887327733e-05,0.0727360095212982,0.917052129016617,0.00835039826806497,3.77049786652395e-06
"13x12",0.00192556709562797,0.00596303515456352,0.00209182596630572,0.00311876656547061,0.000237317270925583,0.0311061499803953,0.919422609431667,0.0358679979115512,0.000266730623493154
"14x12",0.0120307909711694,0.00565312365892443,0.00250733483005434,0.0326250923936261,0.00109869520914046,0.0488878214923879,0.823411063590929,0.0734587036645948,0.000327374189173151
"21x13",0.00392066616479961,0.00274949606654212,0.000756695669778312,0.00256225485496538,0.000183041786068194,0.066127663965296,0.873424124927835,0.0502401356801176,3.59208845977045e-05
"22x13",0.00725704240091267,0.0193799441759211,0.00411186616131849,0.0762337198631933,0.000199299730582498,0.106231355916072,0.735130608042279,0.0512956570355288,0.000160506674191727
"10x13",0.00314105196571306,0.0198548993705895,0.00692905051354024,0.128571040403864,0.000848548041823444,0.0749520178511007,0.725358386787919,0.0395965472513653,0.000748457814085555
"20x13",0.00916765450416816,0.0228522000613782,0.0135392100876741,0.0302812738571477,0.00385730671639662,0.167083236623516,0.678776189400414,0.0713526520049238,0.00309027674438118
"11x13",0.0018755992609169,0.00768070514458305,0.00509032483374166,0.0356824211446842,0.000406359932046854,0.0851495124089106,0.798712942454702,0.0648075387844375,0.000594596035976773
"29x13",0.000845729179390301,0.0109233492024524,0.00897211859564734,0.00742698320238345,5.19066406090127e-05,0.050671458324428,0.902080230586497,0.0190143242109899,1.39000576029566e-05
"19x13",0.0107557563865001,0.0143052071343962,0.00331639575749434,0.116662762974221,0.00354929665420837,0.0954588707622789,0.66712464547272,0.0859580154808635,0.00286904937731695
"23x13",0.00126492101416484,0.0143792937045896,0.00198655216707593,0.0696564761692501,7.17876849300722e-05,0.171770362254755,0.676590884703412,0.0642101783096824,6.95439921391021e-05
"28x13",0.00275833714591282,0.0219416574651405,0.00398337821225682,0.020750155828123,0.000335786995580308,0.133345885686824,0.776283099210019,0.0404520241057589,0.000149675350385022
"15x13",0.00788949337597419,0.0118132659751669,0.00632831057366778,0.0288985038501493,0.00041135212698822,0.136481283976701,0.757529489359119,0.0504265550911118,0.000221745671122344
"16x13",0.00264537020786307,0.00556792606448036,0.000610368943291777,0.0122547626052639,7.52451034545108e-05,0.162871078083424,0.772225505128574,0.0436658327821,8.39110815478869e-05
"26x13",0.00276599883761108,0.0199432427696489,0.0116369358533587,0.00649179728195801,0.000416479945384161,0.186737074380139,0.735728941881014,0.0361418839133232,0.000137645137562662
"18x13",0.00254361957140914,0.0292681728539662,0.00396228527087685,0.116056462382817,8.54927865734125e-05,0.0842744071136785,0.731978049161753,0.0317714673012966,6.00435576300326e-05
"27x13",0.000782144948210043,0.00147702910799646,0.000297815186534056,0.163995310484711,0.000155698521224933,0.0566292974360169,0.7557563774143,0.0208162928666053,9.00340344012997e-05
"14x13",0.00288274351019549,0.00463494813205192,0.00100292660820417,0.119808147010056,0.000138201283600245,0.0140558793944108,0.853038212096706,0.00434166445694033,9.72775078348958e-05
"24x13",0.00245524910548228,0.00860795679843514,0.00207599446509175,0.0031000143049525,0.000324281198050243,0.157138403842212,0.774143743320899,0.0520529294200851,0.000101427544792232
"25x13",0.00692202497618914,0.0166922351969821,0.00471425068349544,0.0812318029215909,0.00102914697320025,0.086500199774302,0.716907049182237,0.0857544542879351,0.000248836004068228
"12x13",0.00463437836250555,0.0252458633374563,0.0136827511506505,0.00684474058571824,0.000159889007807638,0.116839187882038,0.817718521835501,0.0148084512034032,6.62166349194783e-05
"17x13",0.00106975425442013,0.0054110557153132,0.000675105653579068,0.00474759573853347,0.00116980413914446,0.0804552198376346,0.839158991472003,0.067173370718176,0.00013910247119615
"13x13",0.00819614826987236,0.0066147938090463,0.00431505303226668,0.034224092803045,0.00186990908931547,0.137510175516448,0.726790392345186,0.0798201806363924,0.00065925449842768
"20x14",0.0104226982492423,0.0179503618284764,0.00651576461437224,0.168784358265504,0.000657687602079133,0.126507906351982,0.615511914331531,0.0530528699578878,0.000596438798924863
"11x14",0.00237913055588731,0.0123941191750784,0.00435583314529096,0.028850634539149,0.000247377903782575,0.208833277421741,0.726306776486505,0.0166110507967123,2.17999758545876e-05
"10x14",0.00268484614899076,0.0113772562251223,0.00292445270925465,0.0216881986987375,0.00112013567736186,0.097448982013859,0.800497854855465,0.0618713735547304,0.000386900116478428
"21x14",0.000977292628206692,0.0176923619128624,0.00869035146848147,0.0235010397398548,0.000143975688871,0.101428239504015,0.793067337885588,0.0544573200838055,4.20810883154856e-05
"29x14",0.000226169572237228,0.00149218469282371,0.0014270731672322,0.000925321549871638,4.92544037859842e-06,0.0176856190736152,0.957409073969467,0.020827569729671,2.06280470394285e-06
"19x14",0.0136782939458646,0.0253996578575721,0.0157128201080355,0.0398848774988155,0.000954953256582363,0.124327129309916,0.667352153927958,0.111886570184385,0.000803543910871964
"22x14",0.000612433727093225,0.00504908006243331,0.0028790129892165,0.0509151399587372,7.40299355654959e-05,0.0307247035981225,0.895004749814105,0.0147305650949549,1.02848197718878e-05
"26x14",0.00433526484250382,0.0151006493265368,0.0056214396266255,0.0019840002638399,0.000425383212866961,0.142698873551641,0.810749464541928,0.0183119431275152,0.000772981506542514
"14x14",0.00108830103559702,0.00303731130176264,0.00184520729002487,0.159404060033958,4.08802839539516e-05,0.118339207370556,0.687625802680007,0.028401798808619,0.000217431195521912
"15x14",0.00095716936045462,0.0183465764957826,0.00152144094582745,0.00525937536127206,0.000809809103672876,0.0332642967285545,0.826171391630133,0.111736653473292,0.00193328690101037
"28x14",0.00283604155646094,0.0135168981917586,0.00339668301641656,0.0935286647554153,0.000719753683286844,0.0591068676178749,0.755949590839064,0.0704063158526559,0.000539184487066644
"27x14",0.00462205024300265,0.0751650394796859,0.00355057124215158,0.201430002586034,0.000759443113338106,0.0471941051432413,0.596072072947324,0.0707610235198783,0.000445691725344373
"9x14",0.00171245050878028,0.0094415342482533,0.00548730342958938,0.0712053112767119,0.000640729038516406,0.0465971122746378,0.798978375508249,0.0654334105578575,0.000503773157403994
"13x14",0.000891080803984758,0.0100344890468569,0.000681492865338079,0.0577773716668805,7.34260215149504e-05,0.091956873032628,0.796973703198463,0.0415717749486517,3.97884156822949e-05
"16x14",0.00503328013850493,0.0214795939966745,0.00715166207640953,0.00817991689026859,0.000453813626592327,0.0356665934730629,0.874980874744112,0.0468156849391418,0.000238580115233211
"8x14",0.0153223644809338,0.0172301986188231,0.00513948787184916,0.134611699163384,0.0112086441479717,0.131052253359712,0.572402478211756,0.102346168554064,0.0106867055915069
"17x14",0.02273217055633,0.0924592640319848,0.0363388769174386,0.0419459096315485,0.00786580314567559,0.0784274376836075,0.596694698171265,0.11942745127303,0.00410838858912083
"25x14",0.000704395765831346,0.00606212806343614,0.00169658812873406,0.0235941819664819,0.00078593721406264,0.0837164070573053,0.854131521552006,0.029014062384908,0.000294777867234996
"12x14",0.00124813076182851,0.00311676824799595,0.000421024824524634,0.0250430197897898,0.000171835323646321,0.1184982545174,0.819075745987138,0.0323952996621665,2.99208855102889e-05
"18x14",0.00125545296929776,0.00547445922933232,0.000470420813402526,0.105025681934141,0.00013618325499628,0.120742246692108,0.71656615359357,0.0502764008978697,5.30006152831383e-05
"23x14",0.000621657570098788,0.000478093210832293,0.000297441848276426,0.00429829677929426,1.9093833508901e-05,0.0479689850860178,0.940160360623123,0.00615064940310164,5.42164574717016e-06
"24x14",0.0148032289514339,0.0185947415645285,0.00589686566641752,0.0209227399508215,0.00135743935284768,0.143518127169006,0.742091253753434,0.0517228620286367,0.00109274156287375
"21x15",0.000891394647394899,0.0206477854685088,0.00258992711004833,0.296314891138396,0.000147050804490214,0.11916479061387,0.50812031023539,0.051879086036522,0.000244763945379481
"22x15",0.00116674926233667,0.00371267490766884,0.00200075431936137,0.0218702378126735,0.000121149044872951,0.079974764924711,0.864094491072334,0.0270427929528017,1.6385703239672e-05
"10x15",0.000413476360782181,0.00198772901593407,0.000533940756928144,0.40033475088147,0.000350437732904915,0.108166882171004,0.481574638027558,0.00637000025927861,0.000268144794140258
"11x15",0.00146318779413235,0.00690962936624706,0.00160836121694618,0.151985868015005,0.000494117407734487,0.114658396199531,0.69669568544291,0.0260466350675329,0.000138119489961639
"16x15",0.0036372344781427,0.00593731836025081,0.00138282066291452,0.0223580454271716,0.00040864387933103,0.112878093604176,0.81855636763048,0.0343231314503059,0.000518344507227717
"20x15",0.00380958040099422,0.0114094131336309,0.00496049667904701,0.0209679872310535,0.000965332725966044,0.109114813410582,0.710052347126325,0.137855951097098,0.000864078195303128
"30x15",0.00106783364195968,0.00374615248188133,0.00113217925344571,0.0529568342327009,4.14330281122284e-05,0.0375381639315582,0.880078746406512,0.0234098951413699,2.87618824596261e-05
"26x15",0.00231435523098183,0.0226016827231604,0.0056363953325033,0.0590977295734389,0.000643601309377546,0.142075639283366,0.70243585015985,0.064583236731019,0.000611509656303475
"19x15",0.00631805157066361,0.0189445621722313,0.00526084969672678,0.0144178456504381,0.000594540568427376,0.0674537650243351,0.851795581167799,0.0350333789692002,0.000181425180179003
"9x15",0.00197356922642511,0.0166730134540793,0.0021325240034727,0.161282440472738,0.000861639707730651,0.0875502301939103,0.643441294307741,0.0846703804186327,0.00141490821526996
"18x15",0.000430198667981034,0.0122856841870957,0.00301868810782877,0.0512671316212476,5.37712121667867e-05,0.091852065069024,0.788205496677724,0.0528421755585292,4.47888984034021e-05
"23x15",0.00646719620667326,0.0181222531984234,0.00177660270305553,0.134190335955307,0.000966991061339761,0.158763845715639,0.642420441493793,0.036831141984768,0.000461191681001539
"6x15",0.00457501964637777,0.00658102138463003,0.00199784934709002,0.29003665836524,0.00125455101643147,0.141134354516547,0.519347354491508,0.0330952766631068,0.00197791456906837
"25x15",0.00146209330767684,0.0135609030900134,0.00118971488134583,0.0309627636590671,0.000156879718290053,0.0813641423856391,0.785640559379949,0.0854535097412235,0.000209433836795254
"14x15",0.00159445695415319,0.00146603190905413,0.00418066755924125,0.020601277606054,0.0003991025307586,0.110627977140046,0.819435803076433,0.0414831584483164,0.000211524775943105
"15x15",0.000622036256630244,0.00527089787314378,0.00066921628695366,0.0635069795496202,0.000158058961207191,0.0523111363697661,0.791582185109877,0.0856925475911781,0.000186942001623225
"24x15",0.00757838316170118,0.0133442107185738,0.00386310736295078,0.0158514817681192,0.000596769762790975,0.126190211088127,0.750115599494992,0.0816935192314366,0.000766717411308559
"28x15",0.00673124884547098,0.0183138818346851,0.0112034592496017,0.0812055232450574,0.00294728281729563,0.126741712422331,0.726832234936019,0.0246138815881113,0.00141077506142759
"17x15",0.000183730230242216,0.0018236863006089,0.00289983347619903,0.0216235051808936,2.50344891786332e-05,0.0743265272461297,0.885935574026443,0.0131764665958826,5.64245442196974e-06
"8x15",0.00452734597658016,0.0180353880730092,0.00253281730568571,0.184501249254225,0.00145231727552507,0.121782380501525,0.642181585270903,0.0232392619681058,0.00174765437444116
"29x15",0.00393607761276697,0.00483182750344988,0.00157094237756347,0.0199836749395679,0.000246778109383213,0.118015970286794,0.838114259852419,0.0131419884237972,0.000158480894258736
"27x15",0.000478147532733351,0.00209889802319725,0.00223519565364886,0.0154194000895099,4.10739950631714e-05,0.150776384067523,0.816450412744172,0.0124658921376889,3.45957564637672e-05
"12x15",0.000438320440625356,0.00596322228055298,0.00043167235960902,0.0292649226260845,0.000148722352727783,0.0838473197499719,0.831165769875935,0.0485326138899827,0.000207436424510994
"13x15",0.00141725908424696,0.00188048977032655,0.00209584570335627,0.0424405013956523,0.000363855008571415,0.0343582897490353,0.887381316856667,0.029800122855969,0.000262319576175375
"22x16",0.00507788733169566,0.0196054469542823,0.0030885502019041,0.0792551237058995,0.000443430661369662,0.150043063194429,0.666878708733599,0.0755421223055142,6.56669113055957e-05
"10x16",0.00190667883387835,0.0051374795503105,0.000829179953373313,0.0168605809930874,0.000561526248354218,0.170360973538715,0.771482740018907,0.0314732749479059,0.00138756591546829
"11x16",0.00221369544376757,0.0044710207360541,0.001555006558036,0.0769811987550088,0.000813638030033309,0.0288063843286514,0.830822057496048,0.0539413202843215,0.000395678368079697
"21x16",0.00200001036654326,0.00703853433997331,0.00198258644361638,0.0183876010304182,0.000106050067234548,0.123751587280862,0.791074592375476,0.0552110278076358,0.000448010288241632
"31x16",0.00242657120548708,0.00583991851166735,0.00188391132644295,0.149585163280105,0.000309040309774884,0.0835732117941453,0.713382651257338,0.0411845329442388,0.00181499937080066
"18x16",0.0104461785479775,0.0353607458313664,0.00369742204155213,0.00442236650990565,0.000402338184363844,0.202131887678618,0.686477356285892,0.0566970017595417,0.000364703160782692
"14x16",0.00312779375179054,0.0215343979699851,0.00466993852647602,0.0346835131779122,0.000906227498407142,0.10266505970558,0.791663192287257,0.0391099795919089,0.00163989749068347
"19x16",0.00444447483563471,0.0182980700284463,0.00139528324011238,0.283263528688534,0.000168426483806438,0.0558471607020589,0.590318111362788,0.0461139456322612,0.000150999026358042
"20x16",0.00284072148232929,0.0215451822135247,0.00455451103185975,0.0712124123458737,0.000408586900064124,0.105182148583582,0.767070771941985,0.0269540744269297,0.000231591073851232
"7x16",0.00691832925924653,0.0426239304619567,0.00872472397161855,0.133291330373322,0.00180969325013773,0.155793461705646,0.574300175036421,0.074020747174542,0.0025176087671105
"28x16",0.000498135801733109,0.00611953463066763,0.00658308550243951,0.00387053812261207,0.000131566469799452,0.0667697703816488,0.865271777624414,0.0506026331187995,0.000152958347886199
"30x16",0.00709958404565162,0.0164497818708637,0.00640772454969684,0.0157318274182054,0.00126511609056673,0.126513531998947,0.770773741113483,0.055197085931236,0.00056160698134996
"5x16",0.00285352175753536,0.0178513748951313,0.00408464009924216,0.111982950452269,0.00174633160102228,0.103263761475927,0.679525900674955,0.0771883314942553,0.00150318754966274
"23x16",0.0114392950525779,0.0342436671336073,0.00178836421595505,0.0469580503103382,0.00143694704556224,0.164759763678665,0.678230120628693,0.0595945308237272,0.00154926111087333
"29x16",0.00441769063918636,0.00560869784315803,0.000887081297786215,0.0105646945464449,0.000124315966470047,0.137981653969472,0.812072686280864,0.0281068427205252,0.00023633673609316
"26x16",0.00235742644973498,0.0188506658454892,0.00182276733088222,0.0140723564007644,4.17129914858941e-05,0.126735247251068,0.793640722057871,0.0424159692522497,6.31324204550619e-05
"8x16",0.00343593951735876,0.0266050000414332,0.00981417060831197,0.177778440477871,0.00217730836748198,0.0507794177385673,0.663222003864564,0.0642437741766165,0.00194394520779558
"13x16",0.00590869892263463,0.0114051749488926,0.00509919696912532,0.0118995052828132,0.000897510112715316,0.0916066476089997,0.849128078853047,0.0234544669411723,0.000600720360600317
"17x16",0.00429056369811447,0.0136761679307145,0.00368057295766357,0.236502004316196,0.000131890254336849,0.0690241081886313,0.622947308808387,0.0496143522092904,0.00013303163666665
"24x16",0.0113988812846273,0.012685811240721,0.00295717771832738,0.0518847953032401,0.000260754809206923,0.151137890990046,0.716779870538188,0.0527790998291852,0.000115718286457733
"4x16",0.000864753275660348,0.0126314585467594,0.0012895223821855,0.26403720395762,0.00125158527209188,0.0414450976613183,0.645605050045544,0.030325918034653,0.00254941082416804
"6x16",0.00222241416247521,0.0045290814318084,0.00272948480361655,0.14217528551257,0.0013092279116151,0.156032957053508,0.662515253243061,0.0281253611601728,0.000360934721172213
"15x16",0.00255900351187557,0.0133176676938208,0.00272945148241013,0.0304071698493144,0.00164524024769472,0.153244283581436,0.762240653512292,0.0317521515345214,0.00210437858663573
"16x16",0.00181487597331713,0.0025079912132253,0.00634824855430583,0.0199050966021491,0.000166050102593527,0.024430099838686,0.896699760500689,0.0479853758767929,0.000142501338241575
"9x16",0.00754847346061281,0.0209326237810342,0.00652230609530673,0.252629386079972,0.00278365611204057,0.0556462621381443,0.593026832247188,0.0554240320581555,0.00548642802754586
"12x16",0.007287100427462,0.00463786396288204,0.00269232335965158,0.0694005045317258,0.000839561340331488,0.150030334359481,0.697430389932221,0.0671956204830372,0.000486301603207163
"25x16",0.00463106800713575,0.0130217643418631,0.00188447217237792,0.224438196483117,0.00133525265164013,0.114598765715712,0.612588117217687,0.0264854003047342,0.0010169631057342
"27x16",0.000688307911027122,0.00374374147458492,0.000524039821895246,0.0129829055443971,0.000112247507257829,0.0559082244229622,0.893294086989976,0.0326935146573747,5.29316705249125e-05
"11x17",0.00136964244062553,0.00396793652546476,0.000441869762024462,0.0929794666566676,0.000116618981607803,0.088419929813581,0.767328880067202,0.0453320217213383,4.36340314886577e-05
"22x17",0.000922200510731796,0.00804042435920208,0.00114321561973421,0.0622142664444292,0.000479239357209895,0.100449112736661,0.791300590752482,0.0353269727182011,0.000123977501348619
"20x17",0.00611735011985326,0.0138557970227971,0.0110014709523558,0.0396260111200791,0.000478426536818701,0.138745896053601,0.751605681552639,0.0385009558437778,6.841079807793e-05
"21x17",0.00196490427840319,0.00719776462769054,0.00187865879731313,0.0327648453157534,0.000159417009447765,0.161652167959891,0.778735785826308,0.0152927801192541,0.000353676065937918
"31x17",0.00286749008091659,0.012526004647509,0.00279202232960114,0.0147353369379588,0.000194042352337429,0.0631780325998101,0.817793159803992,0.0857808455610678,0.000133065686806671
"9x17",0.000742836277738862,0.00350982855712005,0.00440133138929521,0.432126147972455,6.39074052670542e-05,0.0727664697089307,0.474913112942797,0.011422556320743,5.38094256528419e-05
"19x17",0.00177844228005356,0.000841093991609487,0.000248912375561522,0.149207113249005,0.000108378185595107,0.125355344330441,0.694729897511498,0.0276449036495033,8.59144267323166e-05
"10x17",0.00115748440852831,0.0055693348534011,0.00110856684269212,0.173389806050265,9.45371386164849e-05,0.118803285075166,0.670176985104334,0.0296273843237532,7.26162032438116e-05
"26x17",0.00250398328159454,0.00188697162291896,0.000545927999096224,0.00630894970753351,0.000207282971844758,0.10826856502802,0.830373124754521,0.0497252603774369,0.000179934257034827
"7x17",0.00168435094162956,0.0140750993749219,0.00240476088879117,0.159568040694189,0.00151008053527651,0.0653224578355769,0.656468501806794,0.097125816461851,0.00184089146097031
"8x17",0.00707539024265516,0.0235908871735179,0.00365061343624232,0.179360857730618,0.00268115451789906,0.152019012591557,0.556123350841543,0.073523892101747,0.00197484136422019
"6x17",0.00102636952744118,0.00145859235991315,0.00280638776259037,0.448743797185854,0.000900117837382017,0.038215541397257,0.443727552685987,0.0605378923920553,0.00258374885152016
"15x17",0.00612755276597359,0.0104790617707527,0.00595020007939853,0.101398848583293,0.000156396675858685,0.0715784593743981,0.765684588851765,0.0385316180136115,9.3273884948627e-05
"23x17",0.0120358452300288,0.0185786082220079,0.019140025588404,0.055976385649295,0.00186382012747924,0.124189561622656,0.712240633515894,0.054188763425822,0.00178635661841339
"28x17",0.000778408987875985,0.0171415639891607,0.00181260669910268,0.00985282311790879,4.55532531303735e-05,0.0844513372898526,0.824775532271988,0.061126822045232,1.53523457488621e-05
"4x17",0.00408489873854539,0.01658342523548,0.00210744730655718,0.253305566526565,0.0035733467885486,0.0441155420498809,0.532845638671801,0.140289590709587,0.0030945439730345
"17x17",0.00219632775672601,0.0111478510752859,0.00181704771359602,0.0497068637039594,0.000504035910633534,0.0364659791257652,0.863147946795411,0.0346703932689535,0.000343554649669676
"27x17",0.00163920176146346,0.00534545818145193,0.000325586637025263,0.0657849860511215,5.74727517707794e-05,0.0245843437835865,0.889564394338673,0.0126679415809608,3.06149139465247e-05
"30x17",0.000466247486120726,0.00367619918189544,0.000623398257701747,0.244825076536986,4.95318845853012e-05,0.0152752421585542,0.711671189461872,0.0233868626023311,2.62524299537246e-05
"16x17",0.00440242498178455,0.0195216505941769,0.00603311544755287,0.0232831381314643,0.000385241219467576,0.173849551801117,0.737643516881346,0.0344371729529298,0.000444187990161746
"25x17",0.00315383118626975,0.010734947986682,0.00153892322992142,0.0568229943181403,0.000425566548720916,0.0209943101270215,0.7627875059009,0.143095799436445,0.000446121265899545
"29x17",0.0101171215936528,0.0129816861561066,0.00472972815345743,0.0680136430947524,0.000529238532024423,0.0766982557640044,0.775343480307288,0.0512548246085709,0.000332021790142578
"5x17",0.00108732944101125,0.0069779110012333,0.000604338332565156,0.224938580377673,0.00114873498740604,0.0869525750918675,0.594704604972324,0.0821124350076572,0.00147349078826269
"18x17",0.00138449816070349,0.00646444801839243,0.000930077005533832,0.148508214649733,0.00019330457871653,0.0465553592163934,0.774202583950218,0.0216749742642849,8.6540156023654e-05
"24x17",0.00391194297971485,0.0189198328111476,0.00764534609236597,0.0157835414638254,0.000326381006405517,0.0922602083865247,0.780718514597964,0.079901882620055,0.000532350041997523
"12x17",0.00146574767531453,0.00757634427914341,0.00286106939508233,0.0582804040970917,0.000337365789871639,0.06837359068494,0.802795546876584,0.0581737423334013,0.000136188868571547
"13x17",0.00179651423543889,0.00530184277630292,0.000578848591005323,0.075477037694751,6.39291440689824e-05,0.0590019536780147,0.848485585495544,0.00917635523780912,0.000117933147064567
"14x17",0.00366584452509846,0.0370233649132367,0.0010649447827365,0.0358125716991658,0.000329461909626454,0.0970692857440734,0.811716919973886,0.0132371207325002,8.04857196767209e-05
"2x17",0.000472792148256671,0.00231371626821643,0.00141703270585853,0.0776865963690826,0.00091304234951755,0.075985828726829,0.76761645696788,0.072820190078844,0.000774344385515198
"3x17",0.00470409072849389,0.01500300334715,0.00366213440422505,0.31600073463293,0.00278914583379856,0.0424454671048231,0.535416426490305,0.0748952139737618,0.00508378348451247
"28x18",0.000297502358986893,0.00196040054750893,0.000234133092824378,0.000954365873259515,5.67623110562029e-06,0.035678618633179,0.957150506387532,0.00371703279395872,1.76408164541887e-06
"11x18",0.00373165854707338,0.00875556192563517,0.00188987226958745,0.0493497161996296,0.00065751970514857,0.112233982109697,0.784744515992655,0.0382639062570292,0.000373266993544803
"32x18",0.004984012874122,0.023503292069924,0.00540289628592586,0.0403145966498022,0.00109152825084295,0.0790534736581754,0.732651674478163,0.112438723402674,0.00055980233037063
"21x18",0.0034790020340415,0.0338751137484552,0.00882000054197257,0.037551986753556,3.77281792200549e-05,0.202245607028547,0.708006497017867,0.00598027527593646,3.78942040446313e-06
"25x18",0.0164526923885367,0.0458412059926489,0.0024492328428917,0.1753975877718,0.00169320907974288,0.151044649142541,0.575225610333936,0.0307434038209389,0.00115240862696419
"19x18",0.00216123928820571,0.00318707649251591,0.00216806319057877,0.00172642057918357,0.000215770091332932,0.0836439237837329,0.873843233561689,0.0329070741893724,0.000147198823388519
"10x18",0.00482358308787799,0.0098823735841899,0.00179613992816029,0.0528032059447589,0.00146575784193875,0.167812249418093,0.706536788329179,0.0535686569851425,0.00131124488065982
"20x18",0.00293342246312267,0.00767503175300555,0.000934808743635417,0.00781320408254859,0.000638001994459892,0.0809920252046336,0.871505113148378,0.0272673694700286,0.000241023140187356
"31x18",0.00354504704892746,0.00868622164496187,0.00519721160592965,0.0975120395330595,0.00041483177106198,0.0344410511817069,0.809551598237945,0.0405702402239907,8.17587524171379e-05
"30x18",0.0030740510767882,0.0331658755013062,0.00510752224442618,0.071931665403843,0.000190069018307941,0.129931408623182,0.731731217006608,0.0248221534212191,4.60377043199636e-05
"22x18",0.00870317852414515,0.018224146110057,0.0081777913620173,0.0335893432210069,0.00503754740700068,0.134377133217237,0.766518978750196,0.0232454442756791,0.00212643713266056
"29x18",0.00232184472615133,0.0316099377629566,0.00184427993203387,0.00262227122197949,0.000535621758385023,0.0842600475911427,0.786132857117824,0.09018191418461,0.000491225704916782
"26x18",0.00697964744341716,0.0132613472111532,0.00191703888029554,0.0921848853928977,0.00220924979949442,0.128585628760099,0.668705466590434,0.0852180682737557,0.0009386676484532
"9x18",0.00450814084393089,0.018566379853742,0.00432190140688484,0.473146368778309,0.000605131368696545,0.0616471017481085,0.409790668250658,0.0262123684983792,0.00120193925129051
"6x18",0.00517649725568172,0.0149195287612458,0.00347713366750078,0.200661354266127,0.0042882605852032,0.0647626117785743,0.63580797709295,0.0666812559811003,0.00422538061161696
"8x18",0.00364004219829023,0.0102271119614957,0.0103116698222867,0.291249591631107,0.00113972960932874,0.0921624746098772,0.529476425409533,0.0565570881227915,0.00523586663528987
"14x18",0.00772395603402148,0.0203344967859122,0.00502464978202574,0.027638100992264,0.000948160590479285,0.132172813609546,0.757955718805208,0.047616357960512,0.000585745440031655
"4x18",0.0031712746891012,0.0251215372738914,0.00703300535931283,0.211453136776024,0.00399577952040497,0.116282049050731,0.560767916248612,0.0689368303131125,0.00323847076880996
"7x18",0.00792802967362285,0.0239795398055723,0.0090141899542193,0.255652043524515,0.00181296576446566,0.0829091062319007,0.572368139086905,0.045599654188516,0.000736331770283268
"15x18",0.00735218896553857,0.0354876453647778,0.0169247577101147,0.0511380959401656,0.000870010790570014,0.208352469685989,0.667408905076054,0.0121519687067647,0.000313957760025673
"23x18",0.00741415399415182,0.00239920759694861,0.00175599503251376,0.0357596549603693,0.00124456989501158,0.135126273851911,0.789729099201439,0.025594364968039,0.000976680499616037
"27x18",0.00406718920798504,0.027745397963485,0.00171779867630729,0.0297389915137207,0.000276725207324515,0.058668507119422,0.813260673569876,0.0642321877817551,0.000292528960124836
"17x18",0.0117755931391192,0.0249637879234423,0.00408463888595109,0.109356270003604,0.00120724229991985,0.124577612123598,0.665875390447512,0.0575129432920701,0.000646521884783614
"5x18",0.00124602634796041,0.019646930312166,0.00223329731023285,0.157762652666277,0.00323278137781765,0.169940063230974,0.608721103822254,0.0349838965079302,0.00223324842438782
"13x18",0.00236570329642105,0.0537426706136575,0.00362812360299076,0.149336225281546,9.44554603772045e-05,0.148945789668482,0.633037361738483,0.0088135434216396,3.61269164028098e-05
"24x18",0.00236568397309526,0.0177761292929636,0.00809941311954262,0.0073599861333556,9.21043036371745e-05,0.137556178612688,0.801815563741394,0.0248619078759601,7.30329473644689e-05
"16x18",0.0013731144236345,0.0159802239038597,0.00134797566792383,0.171693135400011,0.000293150197502194,0.127479601389639,0.64137578687911,0.0399930432263003,0.000463968912019234
"3x18",0.00489411584704187,0.0299321514922278,0.0120807588204013,0.20706540617926,0.0028782712288025,0.076797281278997,0.572035855127705,0.0918321638832803,0.00248399614228413
"2x18",0.000892288590232421,0.0055286537821125,0.00150866208549411,0.251419339202841,0.000797766816826113,0.0709672184665748,0.598613625131416,0.0689177504937446,0.00135469543075825
"12x18",0.00109600364960469,0.00203995629952264,0.000587951856025966,0.0685737952044409,0.000146853523935324,0.0621767387263485,0.845972405268559,0.0193202893963323,8.60060752305967e-05
"11x19",0.00154135372830947,0.0169609215265308,0.00261753051748621,0.129808356115457,0.000112058132307467,0.102325351499587,0.717296375446076,0.0292318752792023,0.000106177755044016
"10x19",0.000993941713571567,0.00618607301104334,0.00111357545374726,0.174372236889004,0.000237995413306496,0.17940991281674,0.617558351859234,0.0198080806012218,0.000319832242132176
"22x19",0.00325535066085024,0.0146559912961998,0.00787065434182992,0.135073634614736,0.000778342578272437,0.140983410603033,0.669422898111917,0.027505031112549,0.000454686680612761
"32x19",0.0019099986604546,0.00185289833154204,0.000572796656224238,0.00400667659073812,0.000517914219935117,0.0440264165683963,0.912183562035426,0.0348222537395656,0.000107483197718027
"20x19",0.00656303404755938,0.0218592812073085,0.0239523220138353,0.0205429292306584,0.00011920902904576,0.0743023456093272,0.818106306931294,0.0343405440001233,0.000214027930848203
