"","Endothelial","CAFs","PVL","B-cells","T-cells","Myeloid","Normal Epithelial","Plasmablasts","Cancer Epithelial"
"11x13",0.0225081706729588,0.104689173761489,0.0192971414516908,0.00114604551957325,0.00151370971540572,0.0324209818034183,0.00441960640434016,0.768825498436627,0.0451796722344972
"8x13",0.034074352440258,0.0680581789614402,0.0148377018826525,0.000584469791969662,0.00664350742442896,0.0905591075871358,0.00113141763912449,0.642450010266992,0.141661254005998
"15x13",0.097910623963277,0.0730345625019771,0.076059606826819,0.00433400454777806,0.0129175497148378,0.149360739558593,0.0178241331288044,0.244878875058658,0.323679904699255
"12x13",0.0268801282007532,0.0673962500270607,0.00939287032668917,0.00498108776456188,0.00780640812334866,0.0561264592967909,0.00495642714262717,0.663787181489396,0.158673187628773
"13x13",0.0755181628937069,0.0914065692748771,0.0220503732769192,0.00650914750022682,0.0497294996339695,0.0973943435400944,0.0133030701380935,0.510561819552562,0.133527014189551
"10x14",0.00297364030275587,0.0697202892709217,0.00131337154154008,0.000142644286428918,0.000128187061226338,0.0131380909688681,0.000178589320182844,0.907173704636682,0.00523148261139419
"11x14",0.00798960166825057,0.116187687795189,0.00331847722522674,0.00041925763063398,0.00191601279847357,0.0673292007577222,0.00320660981629367,0.737278436604942,0.0623547157032688
"8x14",0.0130669567171386,0.0586171273954071,0.00104508502178708,0.000271764791281493,0.000583363733912518,0.0259488626603663,0.000182065025889254,0.891722641309633,0.00856213334458451
"16x14",0.0634654294703259,0.0875032442125506,0.0462983020150951,0.000704475977344152,0.00210973488751069,0.128087001021772,0.00803671372556777,0.531938385733654,0.13185671295618
"9x14",0.0220295538857177,0.0924952148546877,0.00598945729901532,0.00163910385918515,0.00635999397732206,0.0416427168458211,0.00156335959526054,0.667386942925056,0.160893656757934
"19x14",0.078453835083516,0.0675637472459251,0.0258508360536851,0.00171250904187705,0.00751579120124435,0.049994064060768,0.00105537011014646,0.553359424810556,0.214494422392282
"5x14",0.0103336538836634,0.0356929840508402,0.0024620576809479,0.001889973006754,0.00458782831305239,0.0209775222229519,0.000777486044820189,0.909707819731564,0.0135706750654061
"7x14",0.018388128765528,0.0772713423538734,0.0171354219471741,0.00274037339344794,0.00384885814512213,0.0730559104976839,0.00343351540126776,0.680352111727994,0.123774337767908
"14x14",0.0257320145789726,0.0755694127351278,0.0285120515729147,0.00195609785158467,0.00427744286417873,0.0863266314664645,0.0156488549244503,0.480294820731636,0.28168267327467
"6x14",0.0295979255657539,0.0999904080388748,0.0108741790101007,0.00154307554045843,0.00256923516249795,0.0538091868572995,0.00198696578552194,0.695054154171883,0.10457486986761
"4x14",0.00889129801260487,0.0667823100408075,0.00471111806210213,0.00103979054217799,0.00365197390450415,0.0456405285790139,0.0011437359497092,0.845117590527466,0.0230216543816144
"12x14",0.029703533299524,0.0348966170447227,0.0321669852101059,0.00476458648382124,0.018308055461319,0.117697611252822,0.00816136976987299,0.394386045988546,0.359915195489266
"3x14",0.00703709897320841,0.0551044079037336,0.00858784494303738,0.00265971045335172,0.00602836422187805,0.0887717404019038,0.00157786044601547,0.773442902033536,0.0567900706233359
"13x14",0.0240559514801564,0.0461509713124456,0.0207266189638262,0.00763464811678794,0.0246895182163331,0.0870545163827339,0.0100617277158982,0.548478756293526,0.231147291518292
"2x14",0.0199453469205576,0.108709553876395,0.00332354628305947,0.00313274393519009,0.00857641764754058,0.023656461070195,0.00149331859187554,0.812131517066746,0.0190310946084411
"22x15",0.0579653247236948,0.232623049994565,0.00908381549698379,0.000693373634530014,0.0043031811182871,0.162507267808758,0.000369873861105003,0.369737087129134,0.162717026232943
"21x15",0.0574128596508927,0.144726779681802,0.083287309153691,0.00400198523345093,0.0398175103217502,0.0983370576201439,0.00784655039497174,0.27603867764522,0.288531270298077
"11x15",0.00787560603757252,0.098414265054002,0.00898556880487521,0.000959616015741197,0.0029696591713984,0.0276489759298851,0.000664307870645147,0.820335626900961,0.0321463742149192
"10x15",0.0166476710584817,0.103729331985227,0.0226515773924759,0.00398064236778401,0.00724312692839539,0.0269211237948431,0.00094262965453177,0.770272899262202,0.0476109975560589
"7x15",0.00104793355404342,0.0692615479090251,0.00826958840714812,0.000110620876221765,0.000480168285736302,0.0184282158045768,0.000153712429972026,0.892469901102791,0.0097783116304856
"16x15",0.00143713776848689,0.211464531734085,0.000183462746787721,1.13457880149553e-05,9.10419814223763e-05,0.00435113636597793,0.000141495256754565,0.779225829153429,0.00309401920504193
"20x15",0.0533555600238971,0.14870993115239,0.020553425853392,0.00559147305787335,0.00910026353771227,0.147177686011757,0.0164833246619261,0.433501884554572,0.165526451146481
"15x15",0.0199196070686764,0.044862906403457,0.0134857569683634,0.00334815429860217,0.00329430722031848,0.0387711531878008,0.00196786572270595,0.786166164745869,0.088184084384207
"17x15",0.0123475936904044,0.185171066904597,0.00353658701328238,0.000626649150882544,0.00253504365964348,0.0689399770608504,0.000621335635248009,0.552890471780277,0.173331275104815
"19x15",0.0480658342735447,0.146661226447903,0.0582564594937704,0.00236348385692353,0.00480531100199052,0.0902371604112763,0.00953944464106773,0.379919264078113,0.260151815795411
"9x15",0.00399747660609482,0.166494745678041,0.0051556639449757,0.0005646047372463,0.00150685891086532,0.0121236723229977,0.00136673500190974,0.713804551932681,0.0949856908651882
"12x15",0.0242715657624732,0.058873552543287,0.0284187118487395,0.000733593550358224,0.00228375721782926,0.0306656995936743,0.00422026248398994,0.714719296525034,0.135813560474615
"18x15",0.0644467208644721,0.10265018682931,0.0220571698255872,0.000680528531881016,0.0040877479041877,0.0404480058571965,0.00185466400206911,0.615168016360888,0.148606959824409
"6x15",0.00409800361278336,0.0176195866737535,0.00151342502468545,2.05415769700144e-06,2.7962678019482e-05,0.0252206584116656,1.24104300485571e-05,0.951214811972278,0.000291087039069176
"8x15",0.0250204148939245,0.120426647733902,0.0123110263334653,0.00422663467888018,0.00329739701453362,0.0614985767705193,0.00683899209123298,0.733232579502964,0.0331477309805779
"4x15",0.000619550555913524,0.0557853682839566,0.00365069523211402,0.000331762692296178,0.000564209946543391,0.0175750470856435,0.000236079207096007,0.918117383222517,0.00311990377391985
"3x15",0.00046737523486858,0.0117113974207361,0.000445194850801368,0.000336070176481488,0.00053583256212082,0.0197437399561396,0.000136382125477501,0.959718760005765,0.00690524766760922
"14x15",0.0592712234949603,0.0545975883115536,0.0219106425670123,0.00134217484872062,0.00686770436763842,0.0661787059058165,0.00336426335411768,0.621399005949886,0.165068691200294
"13x15",0.0258951512101935,0.0523398299639842,0.0143369832977257,0.000402912472208316,0.00410882314249517,0.122497048955805,0.0042654596591336,0.512751395422506,0.263402395875948
"5x15",0.00223763746965312,0.0521314818451614,0.00067216131969679,0.000161996244330473,0.000577805337636121,0.02285641378129,5.7690263083277e-05,0.919271798088584,0.00203301565056508
"2x15",0.0096399725196503,0.0460417902978955,0.0089738884258037,4.39752797886955e-05,0.000155579085918415,0.0137567171924943,0.000227797982098478,0.910013353743493,0.0111469254728576
"22x16",0.0301332586222858,0.123319694670958,0.0190885745207507,0.00150290905548754,0.00705013921823149,0.0831035503602387,0.00378984573806026,0.464053702731083,0.267958325082904
"21x16",0.0213989046330208,0.159541086779692,0.0180644807249964,0.00153338922742428,0.0027743985769952,0.0769573706358647,0.00323608478252264,0.502169591662618,0.214324692976866
"11x16",0.0696192199353523,0.0557163623474148,0.0856937385477692,0.00427136700382394,0.00727175417312932,0.0695053479905103,0.00717472810735125,0.549250326975093,0.151497154919556
"20x16",0.0344591860778758,0.211452775997819,0.00999975353935648,0.00356943280663187,0.0133824497679858,0.033834225879915,0.00442013949852237,0.597630487041396,0.0912515493904973
"10x16",0.0213164804042027,0.100594688349094,0.0139121802347891,0.00175859641607952,0.00261148206956273,0.0621609371602543,0.00621997000537023,0.637248752232768,0.15417691312788
"19x16",0.0228230323683256,0.132115980549892,0.0466537050079186,0.00332344501135125,0.0101836575229118,0.147030008228422,0.00548994851828358,0.402933260290451,0.229446962502444
"18x16",0.00544038673611192,0.180796477350787,0.00867906612268572,0.000910627368473243,0.0023318747075295,0.0891574690694187,0.0011501860488484,0.585875802765647,0.125658109830498
"8x16",0.00608233387909764,0.094839514618305,0.00427374908298159,0.000645327474406221,0.000334024011673938,0.0333641492449645,0.0013994190393329,0.845241155849305,0.0138203267999328
"14x16",0.0223547084822008,0.0646920302307839,0.0252139270234131,0.000596014158100711,0.00371876877159608,0.039676649517581,0.00100461928145609,0.809539801790784,0.0332034807440843
"17x16",0.0357023563011451,0.156637480053149,0.069986006784757,0.00202851229442382,0.00589455688845055,0.085710596264966,0.0102151155883118,0.50911962779157,0.124705748033227
"15x16",0.020053101960977,0.149790963729595,0.0176678551492416,0.000413864287007426,0.00125654385646307,0.0282574932468235,0.000737928070305139,0.755845872700759,0.0259763769988288
"16x16",0.0228963662667099,0.136669226487614,0.0121926661627175,0.000184585232422465,0.00151229841458713,0.134528888407722,0.000328800570037754,0.462788994949427,0.228898173508763
"9x16",0.0386083024103384,0.0690479447742646,0.0190274116411931,0.00140563169264747,0.0108173583633882,0.0818665118415157,0.00212421277111601,0.620738503003283,0.156364123502253
"23x16",0.00535341042538444,0.0687820017858448,0.00186903180002942,7.64318031951465e-05,0.000262204091077889,0.0267159466141861,0.000114933181226564,0.882047466730906,0.0147785735681502
"7x16",0.000528466904425994,0.0530385685126786,0.000516224270044249,2.91859300778347e-06,4.15923062014191e-05,0.0124783735206042,1.56346126038541e-05,0.93294743312887,0.000430788151563363
"3x16",0.0332755826349265,0.0859250874580374,0.0144088465882168,0.00253412079785655,0.00219733090973316,0.181173608863308,0.0052250616079928,0.60940238382877,0.0658579773111586
"12x16",0.0309054854579107,0.123991425430068,0.0352000422667129,0.00234199894563454,0.00496508657468602,0.0743192355698734,0.00574147518409106,0.544610993032555,0.177924257538468
"6x16",0.0143104854634587,0.0165657289179672,0.006753733508854,0.000606731638719165,0.00149942641001523,0.0493050133229037,0.000754491195278082,0.845642468863143,0.0645619206796611
"5x16",0.0531209557753244,0.0885449834627986,0.0172513841352274,0.00693693328678822,0.0563836975802498,0.122437567466976,0.00458373894887895,0.583617949344278,0.0671227899994784
"4x16",0.00754965988110723,0.0638766981402267,0.00565047077229003,0.0012388911586009,0.0031478004917616,0.0311914183543019,0.000100270931450832,0.880563809831676,0.00668098043858453
"2x16",0.00585904218872567,0.108396036819732,0.00302734467118543,0.000253466250342625,0.000380230905644086,0.0087985381740627,0.000350232530327033,0.852491145395966,0.0204439630640148
"13x16",0.0158518532105989,0.0589047990460666,0.0164728733862917,0.00247117652106196,0.0108819069210241,0.0658496683456045,0.020344588219357,0.483966680816308,0.325256453533687
"11x17",0.0185038639838656,0.108007939545795,0.00786386599091237,0.00181613035524762,0.00163673334153161,0.105167388212309,0.00093052793592721,0.668487772921777,0.087585777712635
"22x17",0.0281973106154815,0.164589973467057,0.0283406023945134,0.000550132749629534,0.00324779644803779,0.0839877825537374,0.00305829042142678,0.537617506116856,0.150410605233261
"10x17",0.00334302979064725,0.0756144508566242,0.004642377199799,0.000323779234778388,0.000291078793432687,0.0156356766296018,0.000399873050140796,0.896315358308421,0.0034343761365551
"20x17",0.0397887241031059,0.0882930206192663,0.0191580795588137,0.000329555117757377,0.00125498442671858,0.0445065000358477,0.00409036948015426,0.567213590555443,0.235365176102893
"19x17",0.0266972059591369,0.101712288539673,0.0396088293620116,0.0123278287797129,0.0319644814487895,0.0493541860852592,0.0173059682811174,0.569722472375875,0.151306739168425
"23x17",0.105805830882347,0.111691243042903,0.0415232772897336,0.0150664973421184,0.0262747824889744,0.111004110620523,0.00446821070097665,0.409898091097051,0.174267956535372
"9x17",0.0148233901440863,0.0447683752806186,0.0208076827467421,0.00105212907042171,0.00288006779976281,0.0629339187626013,0.00749007192929501,0.717749692317882,0.12749467194859
"16x17",0.0502558546550917,0.160177412018626,0.0128337342869557,0.000459193230567484,0.00273298852513334,0.118322001749409,0.00559532292351197,0.590131179598132,0.0594923130125723
"8x17",0.0513492638488208,0.0750034754861401,0.0254084745973184,0.00158788773344483,0.00861514653991824,0.0435848623712856,0.00849073660760317,0.547142018088582,0.238818134726887
"18x17",0.0273383231530101,0.167766009819523,0.0073800680601469,0.00110399432170663,0.0032961216770539,0.0670197625968287,0.00471741254292569,0.602221466518165,0.119156841310639
"14x17",0.00900139610651762,0.165583340294105,0.00395660341586122,0.00702336805252575,0.00482606394229463,0.0415918692345085,0.000663754055147726,0.734116570043482,0.0332370348555577
"21x17",0.0312135489360221,0.0758037069004457,0.0385763453321544,2.474709371956e-05,0.000971096104457727,0.114872398301048,0.000471503759119268,0.645245279362703,0.0928213742103306
"24x17",0.0258385039711256,0.108313026677325,0.0143223467125589,0.00121997061163587,0.00374541632188484,0.0595285309755833,0.000331185688720749,0.740804799101366,0.0458962199398005
"5x17",0.0252020246814145,0.0643294428970674,0.0158313920982259,0.00453801148443935,0.0189308953900332,0.0789790588631309,0.00101059215268428,0.689034044310507,0.102144538122498
"15x17",0.0356022465457982,0.145900895531433,0.0308279149700914,0.0011517806767725,0.0105702416170181,0.0819143884026612,0.0012751626925957,0.636006965782581,0.0567504037810486
"17x17",0.0337872462368826,0.15447130689123,0.0200417613741458,0.00410424961212784,0.0166571822769948,0.0785509544575757,0.0034494906690363,0.503901637317416,0.185036171164591
"3x17",0.00428720889879928,0.0504736252622818,0.00131193051540547,0.000305259277130655,0.00121474093762112,0.0171830867115289,0.000286325624495028,0.911552697134323,0.0133851256384146
"4x17",0.0310002260193972,0.0613096282605956,0.0114436145616881,0.00320757726183729,0.026441722814466,0.0814596466303004,0.00393323255441376,0.722074456872336,0.0591298950249655
"12x17",0.0163416821503869,0.153231830554691,0.00800885461131151,0.00353504790449563,0.0183520693902103,0.0641226967802946,0.00600653184010945,0.590632360195377,0.139768926573124
"7x17",0.0253016722470144,0.0768824506513722,0.0294063781778553,0.00162629635637767,0.011145260869841,0.0812113856217736,0.00376378940766665,0.626439877803422,0.144222888864677
"13x17",0.0418325467732207,0.181017500272196,0.0360636177518223,0.00693601523283748,0.0191204679961239,0.097507319966206,0.00378413750797478,0.354538553547415,0.259199840952203
"6x17",0.0390374243436695,0.0462460062403251,0.0166650477552633,0.00275804027121722,0.0129125796194935,0.0437079077525166,0.017355082137064,0.627680448302714,0.193637463577737
"2x17",0.015960157452912,0.0567871075936157,0.0142480954246812,0.000559368543237178,0.00147721324430933,0.0770444073650212,0.00296432319654138,0.775217893475187,0.0557414337044946
"22x18",0.059273792756991,0.201143108260192,0.0176422641579479,0.00110562954723474,0.0024808605946677,0.139104836143054,0.00360069568220456,0.4772887570943,0.0983600557634083
"21x18",0.0361381537960454,0.134575159437561,0.0216701245997653,0.00497376425010312,0.00739216592501107,0.101502272075895,0.00167234173290697,0.629964805710907,0.0621112124718048
"11x18",0.00210583103732439,0.0696214586148715,0.00251843662613361,0.000165840852742129,0.000352900729646261,0.0465859482974584,0.000486586172135827,0.756040600559808,0.122122397109879
"10x18",0.00342628568280971,0.0645071001727016,0.00100039639269462,0.00037340934242152,0.000120382799036766,0.0960193968331171,5.82172575298259e-05,0.824633421055274,0.00986139046441524
"20x18",0.0173921042699109,0.197751845845264,0.0117348815379668,0.000585510389248767,0.00739353587300073,0.101122279423824,0.000936476285818468,0.57661330520804,0.0864700611669272
"19x18",0.00590176797610311,0.124762309247688,0.00437033924107867,0.00035778541085966,0.000541508993644466,0.0333118174445265,0.000734754068931372,0.812000008141149,0.0180197094760184
"15x18",0.0259326633185594,0.157060408860882,0.0087334759615054,0.00255375360318653,0.00858576905854759,0.0763164826379513,0.00568874485461877,0.605821582643813,0.109307119060936
"16x18",0.0161328450225047,0.176720775446489,0.00304681971133533,0.000698051548985425,0.00454545754648266,0.0769517309780276,0.00078960526967972,0.577911859387399,0.143202855089097
"8x18",0.0371268840176634,0.0297705312171048,0.0466910585298572,0.0193794824819519,0.0466941983850073,0.103944511323432,0.0115458306653101,0.436895132837455,0.267952370542218
"25x18",0.0157875701510168,0.137410648702919,0.0159433059254239,0.00148159842735329,0.00817392493170256,0.0731114313373039,0.00554548426250361,0.576953773083381,0.165592263178396
"14x18",0.0486026277282877,0.16763969224789,0.0213030284456156,0.00451670415616484,0.0182727048346935,0.124701396678468,0.00624448390945937,0.303029769712063,0.305689592287357
"17x18",0.0441283344408748,0.192283966022016,0.0200424919536039,0.00968571228309407,0.0290851829053735,0.130380078458366,0.00167717024126681,0.440778251355472,0.131938812339933
"24x18",0.0429899158821723,0.104782102852156,0.0123095402419595,0.00620302689516478,0.0105407802681865,0.0796965775372268,0.00791037524704139,0.545703502891455,0.189864178184638
"9x18",0.0203807854919793,0.0874075258058499,0.00502088130333525,0.000874536771096954,0.00219270524459149,0.0552617339010318,0.000397314340150767,0.804932306742199,0.023532210399766
"23x18",0.0383363362763081,0.110396249529273,0.0233407069533234,0.00537143071810157,0.00993336813775861,0.0740224258531222,0.00840526214573505,0.544881973360393,0.185312247025985
"6x18",0.0152199551929929,0.0505106212454721,0.00849346522827802,0.000738399625378606,0.00311688618500271,0.0435681805546907,0.00476042263511483,0.662209338504137,0.211382730828933
"13x18",0.022444786665765,0.219879650137946,0.0090453250116501,0.00245847078684435,0.00249145510180184,0.0372510403085654,0.00235273796806325,0.652518477036036,0.0515580569833284
"4x18",0.0225772483658192,0.11322539509925,0.0205935121154648,0.00164650377494859,0.0205418640184642,0.0517836522700873,0.00349874548195783,0.697219723142088,0.0689133557319208
"7x18",0.0286772375267679,0.095857483579509,0.0158157224336939,0.000122120658088773,0.00222122598607606,0.0830751966048388,0.000747189300255599,0.725816651946072,0.0476671719646976
"3x18",0.0235471320876482,0.0868689510595675,0.0109932501966399,0.000814545570198848,0.0074893720433436,0.0901634687144821,0.00535029252262393,0.564253588757222,0.210519399048273
"12x18",0.0148959535276867,0.0823526328210027,0.0224093948228315,0.00331125225840353,0.00446792011935232,0.0497281437894245,0.00518111991374621,0.632712580724637,0.184941002022915
"5x18",0.0153537500295399,0.0327035797492362,0.0121263631630696,0.00102728419385083,0.00135307420903127,0.0327392198418082,0.00213516069122231,0.840884606829745,0.0616769612924967
"2x18",0.00396902189531491,0.0495549437355106,0.00298086639336496,2.35405917693823e-05,7.73534535205016e-05,0.0459756802633621,8.00870650796387e-05,0.893356303694492,0.00398220290758614
"8x19",0.0353454413215933,0.191301450005988,0.0187560876765184,0.00377730988242534,0.0130649141487683,0.0940797428467482,0.00376772615734239,0.543888413577762,0.0960189143828543
"22x19",0.038782761148717,0.207697331070609,0.012151229001467,0.00418767189837748,0.0107264318239297,0.172504833433064,0.00128516177377342,0.474813433500973,0.0778511463490892
"20x19",0.0150133100750368,0.110529237273157,0.00733121895960868,0.0024943681549339,0.00707109536488952,0.0683683948883818,0.00200565399108261,0.759314346725943,0.0278723745669671
"21x19",0.0123562110668845,0.104566605457423,0.00956661525530346,0.00231426247196366,0.00490095875363675,0.112899952350709,0.00303728054596736,0.573944150778453,0.17641396331966
"11x19",0.00461314154731644,0.0566695634461893,0.00296370771134597,4.47607629408186e-05,0.000200972975536315,0.0367802449720136,0.000305592297602149,0.873596285833487,0.0248257304535678
"27x19",0.0332739758138232,0.0865943044617686,0.0148000841693472,0.00239040950689965,0.0162021270874754,0.0777083063250516,0.0093106116519929,0.580990798822121,0.17872938216152
"26x19",0.0342473698807421,0.146655301499529,0.0126283986449413,0.000437525079434665,0.00229550261814979,0.0568104688464132,0.000778238713900025,0.625940921551902,0.120206273164988
"10x19",0.0221446907673691,0.0740173533297462,0.00741837136570082,0.00157048423227594,0.00809255880294772,0.0972958124093209,0.00218779904349864,0.620786222668773,0.166486707380367
"18x19",0.0243501684864726,0.0647722596021647,0.013022121478472,0.0015479636976232,0.0041663138566749,0.194790999255894,0.00204130029743395,0.660291872283944,0.0350170010413206
"16x19",0.0211058052749347,0.11630386920495,0.0119738657539614,0.00192577587440394,0.00518913260556071,0.108746123746061,0.00715273599097495,0.553055889320875,0.174546802228278
"17x19",0.0217017722325895,0.0913441678403166,0.0421962800264559,0.00557182983600686,0.0246904675816794,0.111746497246587,0.00148243701097488,0.616074659103495,0.0851918891218946
"9x19",0.0169209060225803,0.0951180294105742,0.00333590617157989,0.000361124278096804,0.00203395806220747,0.03832198070996,0.00115238812711917,0.803996642623934,0.0387590645939483
"19x19",0.0240039062190434,0.114916187180671,0.0120000714927458,0.00415926825276753,0.00923583436530278,0.12996947798695,0.00205459724307647,0.654745156053621,0.0489155012058221
"15x19",0.0338019501193346,0.128897297487438,0.039496491248505,0.00634679226038609,0.0230210367285664,0.0906177172775609,0.010639053834244,0.504127825709498,0.163051835334466
"23x19",0.0638366289233259,0.199034604356679,0.0335530314523624,0.00616125610590995,0.0105905485279493,0.149221144933098,0.0124023623273591,0.381538234845992,0.143662188527324
"24x19",0.0422411291526428,0.0677312418853401,0.0256828887386245,0.00141885586663815,0.00566147845090906,0.0991800825130272,0.00861407685390517,0.53866545763262,0.210804788906293
"14x19",0.0600550799996688,0.199624216219718,0.008490977217159,0.000498605985853201,0.00155236076647837,0.074333088683141,0.00398989500671485,0.546557943244244,0.104897832877023
"6x19",0.0126929044009498,0.0696437865843495,0.00650491387853094,0.000506594661255013,0.00476320001300164,0.113270696637589,0.00335924928031712,0.60088291316939,0.188375741374617
"7x19",0.0514687780512402,0.0625225994871477,0.0174716946061448,0.00894958624974189,0.0194242196933044,0.179753741380066,0.0229319097049757,0.337433834060893,0.300043636766487
"25x19",0.0294581225566072,0.17570153670018,0.0137786081068634,0.000391259259139292,0.00130479230896041,0.119395896234821,0.00250016155681663,0.452980627834518,0.204488995442094
"5x19",0.0142407768607528,0.0713273723708536,0.0283919594674843,8.96779482696298e-05,0.000355162958735365,0.0124707816538791,0.0003958175753327,0.839595994753706,0.0331324564109861
"4x19",0.00290478314787321,0.019351319843361,0.00201305484445767,2.3237129221239e-05,9.64651687688536e-05,0.00795843080880484,0.000104613997473512,0.944475898005639,0.0230721970544007
"12x19",0.0317597190011398,0.0904665039600051,0.0197641759370975,0.00173806453827355,0.00611455242668691,0.095606185721642,0.00371583541561613,0.599368816116085,0.151466146883454
"3x19",0.020864388972704,0.0555732694517847,0.0133897681395519,0.00426462377979221,0.00862907964118423,0.0553816509119064,0.0105652029780545,0.689909002987302,0.14142301313772
"13x19",0.0082640414618652,0.113002287805187,0.0105855096906231,9.39267181554482e-05,0.000964109272973243,0.0628999139569499,0.000669990994531014,0.674908813717367,0.128611406382348
"2x19",0.00987745362963914,0.0573346579123935,0.0073932634203185,0.000336388223108604,0.000664368459563301,0.0621949086584783,0.000607478537293114,0.83176173751167,0.0298297436475352
"22x20",0.0147219393269589,0.0701643616910969,0.011596361171959,0.000318179467493664,0.000921621333781842,0.0976987392196747,0.000364568862930559,0.785780240500094,0.0184339884260102
"21x20",0.0343693350730663,0.134338632045901,0.00875379159722634,0.000527886323412875,0.00262346440353174,0.0787024700711197,0.000425745890385428,0.71357660825055,0.0266820663448067
"28x20",0.0224428210212478,0.0329422467180779,0.0247494885642965,9.79146021419279e-06,0.00021794577015835,0.107792850442249,0.000438096015631292,0.740757109883463,0.0706496501246623
"10x20",0.0365752062098995,0.0915546930804342,0.0226621489737388,0.00614760134129256,0.0141465182638335,0.0746751226929984,0.00190561170374691,0.607299764429504,0.145033333304553
"11x20",0.0105250511042652,0.159790089743412,0.00826231818414702,0.000427908039119824,0.00207318769030121,0.06807601260592,0.000954715144322783,0.689927576064406,0.0599631414241064
"27x20",0.0342232899259166,0.106463975569261,0.0186825631541101,0.000946923791915287,0.00182415688771109,0.0631382372088505,0.00142988260766673,0.607383579621356,0.165907391233212
"26x20",0.0331513747803579,0.201459461145179,0.030402537050322,0.00130621146617162,0.00540177727571294,0.0519130578064103,0.00289051089120572,0.501654811121588,0.171820258463053
"19x20",0.023829808119423,0.146011474975888,0.0380466048319165,0.00429772948369142,0.0101788652700892,0.108280632075973,0.000629202930755933,0.61666299658948,0.052062685722783
"18x20",0.0546753315427121,0.143700394362158,0.0267836608228731,0.00380157219036447,0.0163157901379117,0.1012933803106,0.00483957518584424,0.58040354809036,0.0681867473571772
"24x20",0.0383910671507754,0.147363336177703,0.00893079308510751,0.000658053098009354,0.00480806982152098,0.0821801311503782,0.00479534432717357,0.60061816311746,0.112255042071872
"12x20",0.000269314492030646,0.0363342814823484,0.000442873660065558,1.96653510642088e-05,9.27537080526135e-05,0.0073036971218629,5.64749199733451e-05,0.947689214004225,0.00779172526037747
"20x20",0.019791267061725,0.0723408228468409,0.0107089861448255,0.00114261195740743,0.00492694810479315,0.140065317259321,8.31346457397207e-05,0.738283302837255,0.0126576091420925
"25x20",0.0253101824969934,0.122727831680434,0.0206665224500921,0.00654289799547599,0.0156262482926588,0.0917903017696049,0.00722924868687294,0.537277508588906,0.172829258038961
"9x20",0.0288190586745495,0.0404895149889313,0.0253847956230624,0.00182921166993889,0.00624500431576298,0.0598176487748688,0.00763924563510718,0.607468791342864,0.222306728974915
"8x20",0.0290532537632131,0.0938256617409233,0.0170526686809506,0.00232362584198914,0.00663455169976911,0.0943829810155675,0.0030079870381719,0.665282118564292,0.0884371516551234
"16x20",0.0516056113033611,0.133232776361619,0.0257289354474801,0.00270123778754571,0.00613225591435622,0.121584073897399,0.00496440798601103,0.551750079682296,0.102300621619932
"17x20",0.0567910474152435,0.15332754862103,0.032428837082232,0.00269219365750926,0.0148789706337639,0.122472308815961,0.00233011003887607,0.484183436534037,0.130895547201347
"15x20",0.0449309352006957,0.132237602582539,0.0344846344615047,0.00802919601102378,0.0200686656671644,0.085107633490452,0.00798907042261605,0.516063440548116,0.151088821615888
"23x20",0.00769054316451383,0.130597263738441,0.00178756864996558,0.00123250750691246,0.0020903494005508,0.0599226976674823,0.000286904815153641,0.778333616464072,0.0180585485929086
"14x20",0.00109106299833172,0.141794364242744,0.00156464930000669,0.000100037892318799,0.000180514167755533,0.061890407407673,0.000109077381914663,0.781907429602414,0.0113624570068423
"6x20",0.00434686695683884,0.051790173203897,0.0108841512429715,0.000312913419919191,0.0015120599562865,0.0293827306828704,0.000403854093636516,0.871241948775369,0.0301253016682108
"7x20",0.0249569463730784,0.0575561970751127,0.0117238081384196,0.0112469777432354,0.0196213403947115,0.125058830670893,0.00264594051339476,0.59208092934722,0.155109029743934
"13x20",0.00355148771986332,0.158799395658608,0.00151642226886068,0.000821146276388403,0.00173377376170306,0.0371300554056659,0.000514854022449666,0.786009232767033,0.00992363211942739
"5x20",0.0596681892884217,0.0603307071507301,0.0165284761389684,0.00229439850318048,0.00778687823308923,0.054780284225152,0.00169262017215349,0.774789744866304,0.0221287014220002
"4x20",0.0214105720807697,0.0631748361301198,0.0135208469569595,0.00142743819647638,0.0057366980447582,0.0564743760597643,0.00166050650510852,0.706612025151982,0.129982700874061
"3x20",0.00099831766401155,0.016606535171071,0.00116376358765237,1.61596080937342e-05,3.4995941723843e-05,0.00795144103581715,3.0443665295727e-05,0.971324849956041,0.00187349337029403
"2x20",0.00269180237775321,0.0228375066216632,0.00172843345278611,2.0321093999357e-05,7.10941583858333e-05,0.0301659680255645,0.000124538683611514,0.931073103828274,0.011287231757962
"11x21",0.0267022266258131,0.0712476409027563,0.00996674438261291,0.00383240066611646,0.00829258609947016,0.0278296336246863,0.00320064561953808,0.785241546134772,0.0636865759442342
"21x21",0.00540968852711534,0.1154684012231,0.0036816506509442,0.00193826160103607,0.00164347858935552,0.0598374136737515,0.000250287694202612,0.80157866610389,0.0101921519366053
"22x21",0.00363355342476684,0.0844035132533769,0.00329022887120081,0.000269137965960121,0.00016742199674153,0.0567908994417271,4.9366363243062e-05,0.843542251785559,0.00785362689742415
"10x21",0.0121946004705817,0.0684649585983837,0.00941932327257617,0.000125042420528398,0.000751918200333176,0.096396002123338,0.00142331474323502,0.582267439740415,0.228957400430609
"27x21",0.0801798794843648,0.168258393204907,0.054984949180998,0.000438923947453217,0.00321352202497667,0.101924226437962,0.00694188897572505,0.494065659201879,0.0899925575417341
"19x21",0.0143453613829228,0.0862730522735386,0.0287035120101466,0.00422053453068176,0.0194231573033529,0.0765481158947995,0.000781489481429503,0.687076785320291,0.0826279918028369
"26x21",0.0685721008165665,0.152941110308397,0.0506013618497124,0.0026116588608614,0.00875025352673766,0.0855850390820965,0.00438408162970222,0.422753376115703,0.203801017810224
"20x21",0.00763433422436364,0.0949323560288338,0.0247838528852254,0.0032720546893023,0.00348554607020181,0.075719745840086,0.000359787171386021,0.775389132666739,0.0144231904238618
"9x21",0.0341716695012044,0.106100238716726,0.0285695262179757,0.0025821014656189,0.00783708667386413,0.0551680452335878,0.00532887176711161,0.675902387819084,0.0843400726048278
"15x21",0.0405961041783408,0.129404037338736,0.0428086156851587,0.0129059620227548,0.0322658609145469,0.122995451627212,0.00899005782708859,0.447613934915058,0.162419975491105
"3x21",0.023414835528792,0.0293823899643653,0.0155411714865044,0.00169827666259519,0.00257735383010776,0.0704966407168706,0.00203864548667555,0.659553398977178,0.195297287346911
"25x21",0.0629401362087486,0.185140390443175,0.0296010129566926,0.00358527709475219,0.0104963398751843,0.145687701467774,0.00411118321635585,0.440769020631399,0.117668938105918
"5x21",0.0379220349827143,0.101855683108624,0.0111871221590358,0.000268151620118317,0.0021331125352188,0.14790503866266,0.00448750600797377,0.543909503446246,0.150331847477408
"14x21",0.073585800645117,0.083878624815745,0.035845873527052,0.00223314471107281,0.0128259743742038,0.0655753125737417,0.00405987764363229,0.6097146822585,0.112280709450935
"17x21",0.0273024350018228,0.0865444616734114,0.00818046671051939,0.00996544248019093,0.0234771877509371,0.138313005387873,0.000934669550095078,0.628157839445827,0.0771244919993225
"18x21",0.0170789341913058,0.116885218646752,0.0180401527176873,0.00444438985061201,0.0121730299519051,0.108446314133465,0.000529833309407998,0.628639612900831,0.0937625142980337
"23x21",0.0382188221488017,0.0843148180164202,0.0158893792265782,0.00358566401879438,0.0119639048650501,0.0959474696875837,0.000983180929360863,0.718041544808363,0.031055216299048
"24x21",0.0267731179500685,0.146340461562372,0.012315952248957,0.00245529792540602,0.00853398371048496,0.117470179278095,0.000548663526779366,0.659051004445439,0.0265113393523982
"16x21",0.0536294260082284,0.0789299444540393,0.0290892451534119,0.014834369017276,0.0291132435867837,0.0877229036224164,0.00653628661744879,0.518847513174022,0.181297068366373
"13x21",0.00709117129662792,0.100383762288377,0.00245786497088086,0.00111382241283133,0.00231867265685829,0.0206105381552469,0.00272293495675265,0.820482898012938,0.0428183352494869
"8x21",0.0252571861967455,0.0868562940324755,0.0250356677394645,0.000638897820370981,0.00267581515942937,0.0731600573562255,0.000995605469173376,0.595853237250131,0.189527238975984
"6x21",0.0233826406379467,0.0216639667073902,0.0109474713793969,0.00500538355372575,0.0653062145502424,0.0981585387950145,0.00186728449868765,0.620816014205877,0.152852485671719
"12x21",0.00309261915149348,0.0870970315616162,0.0019164586090484,9.26499434310941e-05,0.000155094352929177,0.00719549536237639,0.000276317804843565,0.86971949579789,0.0304548374163719
"4x21",0.0238200639210749,0.0826281174201727,0.0243275269221095,0.0142309677361869,0.00934752035295526,0.0414668022749599,0.00124287248335563,0.768315645913015,0.0346204829761706
"7x21",0.0302161263568753,0.0708469235612774,0.0139065561175824,0.000189784032113666,0.00301767269408415,0.0420089748708006,0.000484455247374041,0.819414346854746,0.0199151602651459
"2x21",0.0132424542822275,0.0734944138037965,0.00947251492312444,0.000102509793467026,0.00284381263096143,0.0852825115444922,0.0023973226907551,0.722072609594525,0.0910918507366508
"11x22",0.0206750138212053,0.104221431333654,0.00739320266668268,0.000774066055540633,0.00211616596134206,0.0487968055394521,0.00265193609721804,0.752986577644945,0.0603848008799607
"21x22",0.0192674894223162,0.128035199565827,0.0328426605922934,0.00198181647462134,0.00404895527174391,0.0635262396126648,0.000533582296483675,0.732919384649484,0.0168446721145657
"22x22",0.00961870659211681,0.135483897019749,0.00790604543826518,0.000425142617894132,0.00207450883813904,0.0690744614749951,0.000996569767759814,0.751429658952319,0.0229910092987613
"10x22",0.0577540621163943,0.0894725649614821,0.0258611209468133,5.23207660301892e-05,0.000311924062852752,0.0321231638318251,0.000401481308136093,0.751621419253926,0.0424019427525398
"20x22",0.0113134448514973,0.0919506520718228,0.0102482369847588,0.000427440526802083,0.00151323410633787,0.0216677380150835,8.01793423661289e-05,0.844291971501999,0.0185071025993327
"26x22",0.0473128930435683,0.091117625047788,0.0252205521256974,0.00208724609044262,0.00470659099972148,0.133767444100813,0.00398706798869158,0.601376019092194,0.0904245615110836
"8x22",0.00585654821595837,0.0422192202612898,0.00294439207808403,5.6734010634475e-05,0.000135252055602257,0.0142284103587728,9.34789431750398e-05,0.926235113524463,0.00823085055202067
"19x22",0.0260859625539302,0.100727445491636,0.0075317944209528,0.00745311682961241,0.0202677765608077,0.0839537971402015,0.000609430339170745,0.698849007561563,0.0545216691021259
"16x22",0.0477850957939268,0.130146581038505,0.0246506748568793,0.0107482849209143,0.0237605580253033,0.121921655624794,0.0104315884392993,0.504976032217461,0.125579529082917
"4x22",0.0278222106522033,0.0792935051371833,0.00660317933350258,9.22910148918071e-05,0.000692053953311873,0.0554471819230074,0.0001110834278165,0.81917087747032,0.0107676170877636
"9x22",0.0197929848068306,0.0975057769082117,0.0117351419462377,0.000935815497604806,0.0022045099835535,0.0739570354649003,0.00411404838266727,0.69261085944573,0.0971438275642639
"18x22",0.0290916353344417,0.133507888985957,0.0165624550240889,0.000734784694230978,0.00359370307644899,0.111962196228586,0.000947823100960624,0.652104910652085,0.0514946029031999
"17x22",0.0250745746743705,0.135573203021721,0.0268544981717468,0.0027219141869208,0.010428099571539,0.157423391381125,0.000624899172843259,0.606085535441754,0.0352138843779805
"3x22",0.0318138955420584,0.0884223985072921,0.0150866182149612,0.00125290487243407,0.0111080073843443,0.0796344646969939,0.00386192132358594,0.577570806942216,0.191248982516115
"6x22",0.0136555797521341,0.0602210925151292,0.0169136582378778,0.00231206724365538,0.00743068582633031,0.0599044355971906,0.00327281702588945,0.745689721872953,0.0905999419288402
"15x22",0.0448340305567691,0.163185195704626,0.0552016680887602,0.00688354180182363,0.0195432162529214,0.165486141148244,0.00386764977792541,0.361516855210651,0.17948170145828
"25x22",0.0278839765384276,0.121598814268691,0.0118627128390461,0.00227176526422333,0.00267695613918931,0.199119025379047,0.000368825351978496,0.608122161411277,0.0260957628081205
"5x22",0.0344259266495219,0.122430797603402,0.00747958416386024,0.00387898578553563,0.0271593929826141,0.0206839615611369,0.000592025325594662,0.752121132469273,0.0312281934590615
"12x22",0.00228696871257211,0.0663736476487269,0.00152512891356162,5.13391694170778e-05,0.000196741865001603,0.0106956545483175,4.56571551415967e-05,0.909150632340179,0.009674229647083
"14x22",0.0413366919256749,0.101019130928519,0.0159129320408102,0.00311827869593722,0.0336286391944001,0.083741495899712,0.0138745936551181,0.540726787523663,0.166641450136165
"7x22",0.0276586447730493,0.0952395969581298,0.0163714661223454,0.00178476908935495,0.00585141551202719,0.0397428616307301,0.00555534554188345,0.633546985829453,0.174248914543027
"13x22",0.0127523905371206,0.0784548257642429,0.00868009698930258,0.000356957335310273,0.00166814719204764,0.0521845836184803,0.000797930550701013,0.719386532130098,0.125718535882697
"23x22",0.0121522252717484,0.123255398201723,0.00631015615800939,0.00330975884457162,0.00613536651496561,0.127797066529154,0.000560946839109683,0.698841842299421,0.0216372393412969
"2x22",0.0389469395543188,0.038875963109481,0.0100458392036475,0.00034546526803756,0.00290327712904204,0.082632691373406,0.00561687686342054,0.620252276860743,0.200380670637903
"21x23",0.00984899343162658,0.126798145249626,0.00460894056178298,0.00544209068106852,0.00554833289895289,0.0634244173806663,0.00179275201482876,0.762880477819555,0.0196558499618928
"22x23",0.0210987774123072,0.153123959237637,0.00692734708092623,0.000100972959975596,0.0014669575144028,0.0515818622633651,0.000523852426308652,0.74759030557873,0.0175859655263477
"10x23",0.00328555810314373,0.0700402026303555,0.00182095035461287,0.000101508935237121,0.00102425070562142,0.0177735363442346,0.00152285248997466,0.727990290384558,0.176440850052262
"11x23",0.00197302640564396,0.10036602284784,0.00239601751690625,0.000287887604073441,0.000724796901617648,0.0145922143855753,2.21034825861603e-05,0.876568074460885,0.0030698563948723
"19x23",0.0106408292038522,0.0668305545683992,0.0114168937327848,0.000193101785295975,0.000791908684108305,0.108954340513836,0.0003793658169422,0.790955545087817,0.00983746060696482
"20x23",0.0367725043811999,0.104751464046593,0.0143988667022118,0.0122688684910259,0.0253544653119031,0.190596622912283,0.00106784110745978,0.548286107465735,0.066503259581589
"18x23",0.0368383499024707,0.120741087966681,0.00801960845232811,0.00587325064096922,0.00815878385881551,0.15232175067124,0.000409612258492849,0.65442154928728,0.0132160069617223
"8x23",0.0172778772487902,0.0996210245031057,0.0135329133775009,0.0117756800646537,0.0340495890252682,0.0710441514586186,0.021083244110649,0.52333938176931,0.208276138442103
"9x23",0.0181392019121928,0.0934802907028021,0.0153550179221798,2.31123302688487e-05,0.000674840448127581,0.042469455436218,0.000115380185596016,0.713554887337365,0.11618781372525
