"","Endothelial","CAFs","PVL","B-cells","T-cells","Myeloid","Normal Epithelial","Plasmablasts","Cancer Epithelial"
"16x10",0.0411329192574865,0.0295643084938076,0.368963745827433,0.0502504801396786,0.0320485187982012,0.160769839798836,0.00736004277217674,0.219415938389659,0.0904942065227222
"17x11",0.165522399777913,0.0916022364929911,0.343515194871751,0.00038545765490592,0.000726936305099723,0.194811025057716,0.0011295033147078,0.188672128900933,0.0136351176239818
"22x11",0.0598523883981593,0.122896774699685,0.332458799701093,0.00177457717413992,0.000483077393611774,0.221729436542714,0.0020336408045718,0.240547387540848,0.0182239177451772
"21x11",0.0577247947199872,0.132389426854258,0.353905939305641,0.00382682951595742,0.000352961256342946,0.227807506385575,0.00138127857037794,0.209349934653899,0.0132613287379614
"14x11",0.0627091299441715,0.0506526319315043,0.090377064742552,0.0049300906707383,0.00211836400720855,0.206043024392299,0.00749750351711745,0.498483171851131,0.0771890189432777
"24x11",0.206230642020029,0.187463190620177,0.0862544595344667,0.0143051170381825,0.00238313878766151,0.178373486163185,0.0185500876703626,0.177137817978393,0.129302060187543
"15x11",0.0922837163597784,0.0488413300011105,0.522122697490674,0.000677215275459263,0.000654835274150791,0.135213183410525,0.00294097395729203,0.187784398521689,0.00948164970932121
"16x11",0.106930357905462,0.0863245225050089,0.441481684500895,0.000333788620143049,0.000282232131771497,0.181923089034803,0.00534356327074544,0.164098946858096,0.0132818151730752
"22x12",0.0435853728328638,0.14101453845694,0.366641007668672,0.000290607080079487,0.000171129963014119,0.180006341926865,0.00227877930101618,0.24622514058657,0.0197870821839796
"20x12",0.00544506628915705,0.112708245379123,0.22666469663237,2.47929916942865e-05,4.9148774488356e-06,0.271660621113893,6.17266130357372e-06,0.383372694854582,0.000112795200429018
"11x12",0.107185783186274,0.112167145366686,0.267001962297093,0.000185301764548552,0.00290001912896294,0.20930053420122,0.000313329206508853,0.23951205040967,0.061433874439035
"9x12",0.0494348228325913,0.048044311228146,0.471692971718491,0.00483300499432366,0.0175045776270132,0.141673683314139,0.00882180195263117,0.203774698712219,0.0542201276204462
"21x12",0.0535659488475627,0.116177105231376,0.249527788235267,0.000371061246040008,0.000443769186235901,0.220876756915457,0.00204925936646909,0.345928774290035,0.0110595366815566
"25x12",0.0189720827913431,0.0995039825523497,0.0651040180598634,0.000259989533247308,1.00016249448091e-05,0.243086060782695,0.000330059593133718,0.572344204679605,0.000389600382817718
"19x12",0.0530328986262811,0.121202988770336,0.230969825676525,0.000543932141701676,6.40477824234827e-05,0.278303779094869,0.000194659487012785,0.315082629784762,0.000605238636088189
"24x12",0.176005969046206,0.121135136570156,0.144997083715806,0.00183975865861558,0.00281619709499858,0.158229106987335,0.00520898305829327,0.334864215095503,0.0549035497730871
"13x12",0.0306962953687067,0.0883536269852315,0.399351183879359,0.00595393877116666,0.0047542182574571,0.191177549034411,0.0145440143058213,0.223035289772059,0.0421338836257878
"10x12",0.136793746326917,0.107915375315577,0.351321462225095,0.00158296193706519,0.00698292275463849,0.246348394217837,0.00632889607778582,0.0858906251606061,0.0568356159844791
"14x12",0.0164759860427302,0.0957469196072513,0.495551055723566,0.000152093964106584,0.000425744061789094,0.287721890200041,0.00134273007384038,0.0955272053373976,0.00705637498927742
"23x12",0.0661382564449538,0.0767822777196136,0.458466051222832,0.00065174092142023,0.000245009234866869,0.22416387275624,0.00616330741633678,0.147001341435537,0.0203881428481995
"26x12",0.113612052750384,0.101293479185837,0.299506656104446,0.0333157575288434,0.033932024532913,0.151283909969951,0.0054102588002037,0.214625177231068,0.0470206838963546
"27x12",0.269797759863669,0.157376083661918,0.277061615730644,4.44480064215022e-05,0.000202990688673685,0.159966934478556,0.0263454060201339,0.0627666269836926,0.0464381345662917
"12x12",0.0834706109969191,0.173286184138733,0.311479977164994,0.00284564265322132,0.00685261604460187,0.268005552624191,0.00442820348584973,0.110556522422954,0.0390746904685371
"28x12",0.161474409535096,0.0797618042679495,0.349617477632617,0.000100420022656824,3.59909978616076e-05,0.0773863088347387,0.00240625788966015,0.304951216962629,0.0242661138567912
"22x13",0.0565090432364138,0.113087111328647,0.312799091980094,0.00232677683219789,0.00303996823729867,0.188468638781026,0.00109702996661814,0.306833692912632,0.0158386467250719
"24x13",0.0871015297382216,0.17174965184196,0.409324369173417,0.000477261783596462,0.000251366677113948,0.105140431604816,0.00477215371566855,0.206032806479053,0.0151504289861538
"9x13",0.101376718390842,0.126075835672637,0.306204229611338,0.00200262566243534,0.0028262478420379,0.191401606180777,0.0026897739437802,0.226569308829243,0.0408536538669103
"20x13",0.026151925026121,0.116282952742375,0.304379720871608,2.33854662865116e-05,1.45168284631313e-06,0.168143327951829,3.96668273678777e-05,0.384717162791914,0.000260406639651439
"21x13",0.0467270891596319,0.147607876386931,0.274016888881928,0.00159588046912094,0.000254745957181672,0.284367293243214,0.00130465624293172,0.236503459294707,0.007622110364355
"23x13",0.148021281260872,0.104658208413468,0.456094783360885,0.00100344767943089,0.000571525769369784,0.113409726953832,0.00386776915370792,0.166275133328418,0.00609812408001691
"27x13",0.104596630167618,0.154499672127122,0.460241467693359,0.00105992528965986,0.00047654952519767,0.140723543393165,0.0208453244304712,0.0862471917577679,0.0313096956156391
"11x13",0.0300353674351162,0.137886745383312,0.19148604333966,0.107996958232801,0.0477936960924966,0.199951709094501,0.00117859122490874,0.261439057146205,0.0222318320509996
"29x13",0.0995660912765701,0.120599494304431,0.23396133769083,0.0193344013022257,0.0156348430523601,0.119160897829109,0.0219374454236384,0.329705461370612,0.0401000277502225
"18x13",0.0340435281552415,0.0395946172293937,0.369314134162483,0.0011854187585919,7.42491015997488e-05,0.186322026966787,0.00100264169842418,0.366079700163675,0.00238368376380346
"10x13",0.117154909848396,0.0612234630222157,0.481294605560375,0.0198010597058317,0.0073558937220759,0.16597862290434,0.00432400055476595,0.0920762965227397,0.05079114815926
"26x13",0.0892044632627479,0.10494510227216,0.197639310105775,0.00285095478730259,0.0015927577820872,0.176210815490841,0.00231927033119301,0.411357831952774,0.0138794940151188
"25x13",0.142800362455049,0.131517509280097,0.419766911994078,0.00362929807276488,0.000466642842363854,0.088964993681173,0.00261261274433994,0.207009716118259,0.0032319528118746
"19x13",0.0190931483249574,0.115322404815035,0.244034679281768,0.00436085102951462,0.00195848552774906,0.216558980523585,0.000227073914907628,0.395172084451746,0.00327229213073755
"28x13",0.07986099174637,0.154120717212844,0.377560916009109,0.000861866075409908,0.000357344181210413,0.142892359550333,0.000974164827962984,0.213812972463051,0.029558667933709
"13x13",0.118427414394042,0.135291407237198,0.395426447813504,0.000121397580468629,0.000195397805635999,0.230243092984867,0.00510181610907582,0.0950195194349465,0.020173506640262
"12x13",0.0059323677840387,0.162001028947969,0.332112236997608,0.000310732298987936,0.000781938432649074,0.275420426993895,0.000101205247428706,0.218155304662445,0.0051847586349793
"21x14",0.0348370373618369,0.142550363441665,0.319169972819964,0.000209650283647988,0.000224159441852882,0.199368993576297,0.000387806175678689,0.299404381941713,0.00384763495734526
"22x14",0.0513227765821559,0.0555344188961521,0.446678867720192,0.000294378658304682,0.000135373065196779,0.135987034773349,0.00286102439189973,0.297423692910508,0.00976243300224131
"9x14",0.0780918339554955,0.162854286698028,0.206984408587846,0.00216375916466594,0.00105301987203259,0.210896498789262,0.00208884067048875,0.316550276926049,0.0193170753361324
"20x14",0.0508741312066841,0.113108376702034,0.453136382302247,0.000869263903888809,0.000453671897612281,0.242790422410215,0.000379740495770625,0.131900841239372,0.00648716984217683
"24x14",0.120530143111304,0.0641489868698207,0.336585507322977,0.00707427132850278,0.00120841167638232,0.143219923349915,0.0101856422990268,0.273819215406215,0.0432278986358565
"10x14",0.00962403446367727,0.052243062755363,0.283991514588348,0.00106049543517525,0.00044329619987098,0.22322630900403,0.000238477526680464,0.426746419310779,0.0024263907160756
"30x14",0.0891659189476118,0.0959894233955234,0.264140142383439,0.0467696922303684,0.0237124837077507,0.164650332411794,0.00588374500039871,0.249881070847171,0.0598071910759436
"17x14",0.0121352551311794,0.0608864663231,0.530894643084296,2.74670347757775e-06,1.01220458566069e-06,0.203800322503938,0.000188684471323825,0.191519013695298,0.000571855882801496
"19x14",0.267130856194222,0.0898415561200335,0.239867853245849,0.00697809388077634,0.0046053613918482,0.224331007435921,0.00142599117343955,0.156411433372104,0.00940784718580744
"28x14",0.141014284567504,0.0583340672361217,0.441112407345229,0.000117109175351509,1.86977897230227e-05,0.172431551404823,0.000230190330041419,0.186107540643475,0.000634151507731085
"11x14",0.0139243134814176,0.0421617399305029,0.43171339064718,0.0133297166290923,0.0228053531517065,0.157395742136497,0.00261107004165772,0.306821114493883,0.00923755948806332
"27x14",0.142720263676198,0.10236971158236,0.215720186443939,0.00104795193657475,9.06713073554341e-05,0.074549266777766,0.00163259145135356,0.457359166350963,0.0045101904734902
"16x14",0.00564119856183843,0.0591699385195326,0.343200594652287,0.000671561602828518,0.000109896232651442,0.225155002792135,0.000159162630129501,0.364558858704363,0.00133378630423477
"26x14",0.0314005685700002,0.104740508465702,0.321067900623659,1.45414052272594e-05,3.74369674124178e-06,0.180796862747712,8.54924640386074e-05,0.361607940981328,0.00028244104559239
"25x14",0.181644483018887,0.110575218967476,0.175696577800973,0.00113196777514573,0.000176077612887974,0.0971736564801384,0.00133839578629691,0.428285645418037,0.00397797714015823
"23x14",0.107279328115784,0.0985025090200827,0.400082534875102,0.000144788478980308,0.00013401931290743,0.234052501715155,0.00073834291213617,0.153155962547675,0.00591001302217653
"29x14",0.0565096597450947,0.0768518511135678,0.394068344609659,0.0113945149576175,0.0016195559853555,0.103797107030781,0.00194311628788236,0.342536598577119,0.0112792516929232
"18x14",0.0810138518111662,0.116435655795892,0.34524860863128,0.0077647851120579,0.00541691463443701,0.193208325297963,0.00562520080284725,0.222568482507457,0.0227181754068998
"12x14",0.030460364994149,0.0819732975489544,0.365688726551878,0.0281640096250519,0.00699173044423447,0.22683803599194,0.00343434644459241,0.247212433822191,0.00923705457700846
"22x15",0.089992085432967,0.130459697724465,0.359385513007781,0.00216275551158169,0.00142709126314826,0.152760155799952,0.00116631253766139,0.243080823104487,0.0195655656179563
"30x15",0.058253747967704,0.0881395252656321,0.230171397496435,0.0243271038845459,0.00171486833880356,0.221259099913137,0.00259965293604825,0.355161175854529,0.0183734283431654
"20x15",0.0867592219171475,0.12168857613269,0.434966842034327,0.000352932709146633,4.40681826830763e-05,0.148845672850295,0.000675344312262845,0.203811220865936,0.00285612099551218
"23x15",0.0473773537237759,0.0794167071496882,0.32350904730339,0.000223907415172173,1.78496999533751e-05,0.150174541966805,6.26449755341298e-05,0.398524624852191,0.000693322913490375
"24x15",0.0604303838416367,0.142845140079513,0.369979824253188,0.000112260448392017,8.56708634228988e-05,0.168857256554069,0.00431201132733688,0.237495281419064,0.0158821712133775
"29x15",0.100124099593697,0.104401961606858,0.355463852268367,0.0104717835704109,0.00121167023589187,0.18323568686441,0.00344945698812178,0.22152791448243,0.0201135743898143
"21x15",0.0961276100070947,0.130941674800595,0.202522672799102,0.000964615864825901,0.000229888067100738,0.172712808080711,0.0050130517188258,0.364168552997204,0.027319125664542
"26x15",0.0333538497216711,0.148140143273635,0.414809475712937,0.000642643624199897,0.000154038365891341,0.174293083065348,0.00393433822518685,0.219319177136663,0.00535325087446787
"27x15",0.0698591513210721,0.046540523044485,0.44431525788907,0.00148556807695943,0.000655005098097566,0.139041222301552,0.00403628379914824,0.267134652393108,0.0269323360765071
"8x15",0.125579771063492,0.0614975889173892,0.495864426298071,9.47078874654382e-05,0.000719371729134231,0.15628930286434,0.00924707209552485,0.112189388755336,0.0385183703892476
"17x15",0.0706343656491541,0.0761042682055112,0.345581681812386,0.000376592077038952,0.000945370330956795,0.214705599141404,0.00121041434813996,0.287775510201762,0.00266619823364642
"28x15",0.110090020062145,0.156766546296455,0.4555257634002,0.000127152823688581,0.000114840793987325,0.18762240782617,0.00630347566876996,0.0557889606873323,0.0276608324412526
"25x15",0.0469624171986339,0.113551961450652,0.307311916488771,0.00472078873586566,0.00307749274529966,0.171490568525365,0.00294325127087693,0.307830057657346,0.042111545927189
"7x15",0.0746117307282876,0.0647938768426578,0.2643153869632,0.164029884979374,0.0306785541048064,0.0911342224165574,0.00231251669054712,0.26594854128597,0.0421752859886
"15x15",0.0488514660687752,0.119373402333051,0.441978737257057,0.000484662822835224,0.000184025967180468,0.204249287861248,0.0062478047815323,0.168564490103271,0.0100661228050499
"16x15",0.0490653263191994,0.107079645729552,0.3560851117797,0.000519845887723846,9.87031797198619e-05,0.178101276503517,0.0018612871421891,0.295041991301157,0.0121468121572413
"13x15",0.0144657559139433,0.0882309117279704,0.257401174402506,0.00421154190905431,0.00103817411149873,0.312730231368669,0.000427046994089744,0.315854296555164,0.00564086701710486
"14x15",0.0275785341605738,0.0760819410266827,0.274046036563641,2.98397871529255e-05,1.80651539213519e-05,0.27072232184022,4.4498547320591e-05,0.350776105773955,0.00070265714653188
"19x15",0.0739769448542214,0.0963073044978184,0.409051453830503,0.0121352566050615,0.0024524382117081,0.214315411050723,0.000453056392533834,0.182738812053487,0.00856932250394316
"18x15",0.0107237424347447,0.0426574610209173,0.648670906732048,3.50187356852478e-06,8.42219429314876e-06,0.187411897059177,0.00049099913939953,0.104930154708707,0.00510291483714374
"22x16",0.0851814573168939,0.138749390034607,0.289701530557833,2.38659085237044e-05,7.00748184026992e-06,0.177847938198133,0.000404533452683725,0.307745940025315,0.000338337024170708
"31x16",0.137988582312364,0.116006327660715,0.323712549047387,0.00342006727000504,0.001631145751448,0.198301860831996,0.00491693563400806,0.202456651957905,0.0115658795341718
"20x16",0.04914113110876,0.131107883760689,0.153833394333938,0.00585331047751567,0.0015827201869291,0.145755626966211,0.00424346392593505,0.474697318101474,0.0337851511385485
"18x16",0.0261866505687693,0.0844961881031215,0.219515282261091,0.0145663292051188,0.00149360204374955,0.122605266332635,0.000593541422179058,0.5179681103426,0.0125750297207356
"11x16",0.00733585949877876,0.109113400763197,0.395827031952967,0.00177546712842976,0.000963593256444553,0.300937192111426,0.000740407998228113,0.180811296909337,0.00249575038119242
"27x16",0.103556188841162,0.0907947868781274,0.416156688932447,8.65427311579059e-05,0.00011797826075553,0.199338336937302,0.00310690325291214,0.175349621835484,0.0114929523306511
"8x16",0.032287640869968,0.0676123172975358,0.181477123870463,0.000491257256882114,9.74755883525595e-05,0.155292809485525,0.000169048549871058,0.561583745360549,0.000988581720853731
"19x16",0.23646785762671,0.0786755256317076,0.221847567950176,0.0106087991040913,0.000368489535109047,0.168205930702713,0.00156195332964926,0.280060264070772,0.00220361204907106
"29x16",0.120378326221549,0.102598673942944,0.309298140060344,0.00739993256722796,0.000578474567130942,0.241654535010529,0.00131309634057297,0.19885052599048,0.0179282952992226
"28x16",0.0777991281803889,0.146411502549501,0.320838430772055,0.000108745650749412,0.000414798930546494,0.214539447679187,0.000944438728196858,0.219873567768986,0.0190699397403905
"21x16",0.0333433120200011,0.0629291374600926,0.535905422624985,0.000285945890873488,0.000131064045298745,0.222504227337847,0.000407499993450477,0.143887203868445,0.000606186759006011
"6x16",0.0873760301501114,0.0950963769587407,0.269639536498911,0.0602504393644413,0.00527886641682436,0.123404223912716,0.00917348024837511,0.300999647173346,0.0487813992765344
"25x16",0.107964294538514,0.142473509652545,0.258129854813829,0.000646176313004721,0.000259375517391905,0.190184641064239,0.00462996636694685,0.2709139813189,0.0247982004146293
"7x16",0.117268643713179,0.163567271616162,0.19224411121896,0.0735140441786394,0.0257046006999256,0.138287292260633,0.0313354220681411,0.114906415409972,0.143172198834388
"26x16",0.0791948688673274,0.113990186168291,0.409477496220249,0.0012951092949219,0.000353187045660222,0.162217003539852,0.00180797626786106,0.203085825540807,0.0285783470550313
"10x16",0.00954354211950656,0.0796626832430134,0.182515756418334,0.0814825452909097,0.010369331046997,0.196583627835221,0.0157644389002607,0.377038358767714,0.047039716378043
"14x16",0.0317607269934552,0.111708044087169,0.281198302864559,0.0174782561658466,0.00458949157641607,0.301659436503092,0.00340355763944527,0.212494844341378,0.0357073398286385
"16x16",0.00173623732206535,0.0851758004351584,0.664136493309515,1.04503341713171e-05,3.12215248556769e-06,0.209391347736974,3.93974038828472e-05,0.0392021299924312,0.000305021313316373
"30x16",0.0686166445264997,0.127952232465055,0.366920444892739,0.00384685216639169,0.000483060193553845,0.19068906105903,0.00286419751673138,0.232041610268776,0.00658589691122368
"15x16",0.0835697366999322,0.133172487378048,0.350144025740331,0.00100568283236351,0.000422035807195114,0.182099815398773,0.00350033378852724,0.221702656169347,0.024383226185482
"24x16",0.0239758073995431,0.0679993480777364,0.49378497980683,0.00389036571778121,0.000490292338768597,0.149764413002907,0.00346083871386538,0.250891332899738,0.00574262204283049
"17x16",0.0232478832284362,0.113229078996611,0.402617241013258,0.000125673130700982,2.26375659736323e-05,0.161059144871797,4.39239571291235e-05,0.297584780259988,0.0020696369761057
"13x16",0.0886725466136912,0.0855345067272624,0.418307882576161,0.00610222981827427,0.000324744190356314,0.29440062986582,0.00200644563863403,0.0964310166378387,0.00821999793196216
"12x16",0.0419399988405692,0.0671733899607107,0.274394055389099,0.00197331327050773,0.000957435630538499,0.239929630666083,0.00120987651551994,0.36806186691075,0.00436043281622219
"23x16",0.102752103722364,0.0727083583895176,0.35535016386717,0.00147758384478759,0.00166555679901192,0.167971907982264,0.00110789917798333,0.294188835461538,0.00277759075536395
"22x17",0.0533726665082142,0.186875642437051,0.276728167230434,1.51705056047908e-05,2.05229698311183e-05,0.174324922215985,0.000278595973491528,0.307616984960097,0.000767327199290768
"21x17",0.0312931880008158,0.0961074621703895,0.438430004967965,0.0022287047555611,0.000244884268428293,0.171505665007314,0.000702502817836972,0.257994104419739,0.00149348359195098
"11x17",0.030850286310079,0.0469560725402735,0.423146980103245,0.00310520545312284,0.000447954997143531,0.274998098041512,0.000418296822179028,0.219627672639321,0.000449433093124171
"30x17",0.0199469499066157,0.106863196249671,0.326975847779488,0.00315770904247799,0.000827718449657678,0.238518560882252,0.00147300804942206,0.294212755156499,0.00802425448391758
"31x17",0.0557910206386004,0.0914860399898366,0.3415319775128,0.0110478281823775,0.00343329193925763,0.198277800726974,0.0041341373671236,0.263826146189366,0.030471757453665
"20x17",0.195463879759449,0.142019386861021,0.209908057968252,0.00985287271344485,0.00104275631902998,0.202896317673213,0.00361635355318269,0.22285513600752,0.0123452391448872
"9x17",0.00119740925207171,0.0865481830924465,0.343497979762886,0.000131956836074317,0.00119017990822743,0.312138636805605,0.000213926189063687,0.250591892195503,0.00448983595812352
"29x17",0.0371776528582143,0.132783389919869,0.252524861003987,0.172591583248499,0.015159053564283,0.112159413430994,0.000710420504596134,0.274735288825227,0.00215833664433025
"27x17",0.0997991007991349,0.0818606037605246,0.391928207641952,1.49554077235222e-05,8.55348199799639e-07,0.147487549568945,0.000128878115492653,0.278439742627547,0.000340106730480417
"8x17",0.00606148070213808,0.14661962537439,0.485839603090883,2.09040883342611e-05,1.00983268574166e-06,0.209760425046476,0.000267008920225039,0.150919215124741,0.000510727820126361
"16x17",0.010245677377962,0.105820279026853,0.255935315579938,0.0163099614950271,0.000595482623903747,0.270216995015553,0.000558369837939119,0.334652524788395,0.00566539425442864
"28x17",0.0900330850301518,0.12064734136309,0.201101495110396,0.000783216702767233,2.94688438500315e-05,0.169177665076363,0.000305423877600772,0.414609164249704,0.00331313974607744
"7x17",0.0356723597422475,0.173657469966537,0.0958983920399307,0.00521946361400381,0.00044717379569565,0.242972052965482,0.00228738558268391,0.417566621502785,0.0262790807906349
"17x17",0.0369327452249167,0.0965524766386454,0.314725907514024,0.00600681516720277,0.00106668460811701,0.21240396393602,0.00182817068799974,0.317178194454282,0.0133050417687927
"32x17",0.0593758484950616,0.101976514782962,0.272284965764521,0.0395370594614479,0.0065857964246607,0.248376675283318,0.000809103074333911,0.254223173829995,0.0168308628836991
"10x17",0.015746587461545,0.053840418078671,0.3819077897829,0.000954439813123158,0.00153055214563219,0.31527267608343,0.00048964991740804,0.228281617752523,0.0019762689647675
"15x17",0.0238450731575445,0.132577279428971,0.393398699847856,0.00478755709608836,0.000625191959376357,0.209359100215278,0.000626278017613476,0.228488245604756,0.00629257467251648
"25x17",0.0575232125093156,0.082898215279992,0.368705008564471,0.00268509864942954,0.00327969922746369,0.231581384033209,0.0101887810140229,0.213753486597969,0.0293851141241273
"26x17",0.0730570144408766,0.117445556121366,0.408777176377785,0.000701614707397412,0.00016129866948451,0.16501327718767,0.00241311553576991,0.223830600632636,0.00860034632701472
"23x17",0.143091974469052,0.14284255136443,0.337269092896158,0.00245630786134753,0.000485316775393878,0.157983221953892,0.00128591774414063,0.211186364376881,0.00339925255870421
"14x17",0.0244313560050728,0.0728189087279127,0.439994336349269,0.000660453140426754,6.79586671043059e-05,0.239711007144456,0.00103893691581522,0.218034624861422,0.00324241818852156
"18x17",0.0558772181252125,0.125674869396817,0.229923445249377,0.00626686213190012,0.000597749365319339,0.184829947947452,0.0036688168650237,0.371499616797082,0.021661474121817
"19x17",0.103129119037379,0.0879812998863814,0.178832756130202,0.0356441119781194,0.0108259657302931,0.114738109891298,0.00461592482319834,0.418939201061013,0.0452935114621157
"24x17",0.0607816334391339,0.0727770298409129,0.467684498376253,0.000394159644535752,8.8108289206752e-05,0.153316220951332,0.0029863520485947,0.234602189976616,0.0073698074334143
"12x17",0.0402435312758155,0.0943904425880786,0.411557391380545,0.00194268124938957,0.000578011059737017,0.256328575526851,0.000260326835491482,0.16982893679186,0.0248701032922307
"6x17",0.0269363793752265,0.0822100669785259,0.290190093891054,0.0341899693630381,0.0609766121334371,0.168189589415948,0.0146390347730806,0.268589058051718,0.0540791960179716
"13x17",0.0471404803158748,0.117642350378586,0.570915607917489,7.47487110807745e-05,4.60852590673898e-05,0.156088395062074,0.00089822506412917,0.101464343065558,0.00572976422614152
"22x18",0.0493591388038334,0.104448355660329,0.32691777393361,0.000733024747194535,7.97770380142885e-05,0.142760355162894,0.000911191762279428,0.360510381546694,0.0142800013451521
"11x18",0.0430123593050145,0.128780273584461,0.481726697444788,0.000418252404542893,6.29789875393306e-05,0.226810198116271,0.00591152469697343,0.101757009475023,0.0115207059853865
"31x18",0.0632514657132112,0.152756002598077,0.198988761739927,0.0121728367483436,0.00216758903897046,0.303133731374241,0.0011733972464976,0.248241118014619,0.0181150975261124
"29x18",0.0180984527692235,0.100697128267849,0.291013860413273,0.00234666066278564,0.00105985833940649,0.3000535920395,0.00520136539381621,0.235241566013401,0.0462875161007447
"10x18",0.0210840434920675,0.103711077435978,0.176864322020711,0.00329355158563624,0.00122889834855538,0.371370430939074,0.00508575497302859,0.297913597706859,0.0194483234980915
"21x18",0.0709119820909514,0.0727559780181877,0.451745815144629,6.5555638946158e-05,4.34110239217926e-05,0.149724646290152,0.00292721269976341,0.250079011582021,0.00174638751142764
"9x18",0.0289357064515663,0.0488531877262452,0.388437613858364,0.000203977774451252,0.000179807525788356,0.278818402967244,0.000636039943450868,0.245026464349473,0.0089087994034172
"27x18",0.0643061881709381,0.130282611567541,0.194633426837545,0.00918954053464459,0.00954350245636819,0.300072648207587,0.00300068283175335,0.2647518481711,0.0242195512225225
"7x18",0.0123047245504547,0.138424115578008,0.386406407891349,0.00234106688586499,0.000403785186743157,0.21895061265629,0.00176623995872127,0.192672572643904,0.0467304746486644
"20x18",0.0344731550170805,0.105974150899906,0.254068712486376,0.0284524630313915,0.00292845713479932,0.171289990762466,0.00147745110250018,0.389159897960137,0.012175721605344
"28x18",0.127390883295317,0.145013835149838,0.265381783601832,0.00470930707049152,0.0018610941493397,0.200549702672221,0.00917590184235059,0.216356266525773,0.0295612256928371
"6x18",0.00878595933919062,0.124820142686033,0.209399002401593,0.000587335410356428,2.2820515343702e-05,0.28991707800326,2.56816672679942e-05,0.366315924188691,0.000126055788264426
"8x18",0.0138858596049487,0.0489681861209885,0.446467847173015,4.60571799046308e-05,3.48327223071574e-05,0.195832931635465,0.000616898785002248,0.293178377792819,0.000969008985550417
"16x18",0.0222433972025457,0.0985576701244519,0.487749869422105,0.00109837008793475,0.00017868314723067,0.288420072631048,0.000438024042230154,0.0940583790115756,0.00725553433087825
"32x18",0.0583427057838901,0.107044445287048,0.394270789891465,0.00587405156955659,0.00459547921226314,0.221337109563082,0.00171771504533755,0.193630496430605,0.0131872072167523
"19x18",0.110582778098391,0.0876262537894799,0.192826594869914,0.00317630823604447,0.000949808640635502,0.151206709794432,0.000405857529147104,0.450107961430915,0.00311772761104074
"30x18",0.0422936483060182,0.116321789046544,0.215670739467854,0.00806636912555097,0.0006941586508434,0.218786813637613,0.000371886485102071,0.396933080865831,0.000861514414644293
"23x18",0.0599974696072128,0.138408692141919,0.377769420126512,0.000603208749941914,0.000180520594483191,0.16008082391067,0.0012668780923513,0.251615680387568,0.0100773063893404
"24x18",0.0263770741384151,0.128558397716293,0.403671452843965,4.72634570627834e-05,8.71138511120572e-05,0.148946719967943,0.000360117647425889,0.287375977638898,0.00457588273888556
"14x18",0.0181850307229747,0.112088468160787,0.408510322831648,0.000403806917692812,8.24040006867324e-05,0.198762734975964,0.00105617918956426,0.24537207539223,0.0155389778084534
"26x18",0.110224601843373,0.127681320476021,0.270722766166376,0.000550558643144763,0.000128382213158481,0.129257601597218,0.00393536004601953,0.350891712892545,0.00660769612214439
"15x18",0.0389919151270587,0.141977325331295,0.37123536289784,0.00133086679510406,0.000579060754266317,0.180400109264105,0.000921544333443923,0.243879894760452,0.0206839207364353
"13x18",0.0460635370087455,0.0700191595571583,0.525591772234116,0.0103176128036941,0.000653114892963411,0.181333405576389,0.00256119803391965,0.148170309515979,0.0152898903770351
"17x18",0.0365417995307982,0.11918406026253,0.318551742833481,0.00311291868444191,0.00206275292801194,0.144329008971483,0.000610471651158244,0.367322835843686,0.00828440929440955
"12x18",0.0450776351128232,0.0955985992174906,0.406360844883493,0.00367060754710323,0.000916483114345008,0.256750308349923,0.00276692461943848,0.168830165587246,0.020028431568137
"25x18",0.0591975055838144,0.0889269691906565,0.172677279586623,0.00433823756362805,0.00548942379184301,0.253044323226962,0.00397329205127196,0.391862883175023,0.0204900858301781
"22x19",0.0580546330434078,0.124319828930814,0.271348671835933,0.000815781720964196,0.000405058369981429,0.15440240323693,0.000461773096590795,0.375409783590851,0.014782066174528
"27x19",0.0897374771192307,0.0983561839634279,0.3818185102266,0.00109614594018552,0.000253091649194718,0.198217470064842,0.000711061126556844,0.226008119241796,0.00380194066816608
"11x19",0.128018091083558,0.12217740651051,0.407714116820319,0.000233305824479991,4.02935676707011e-05,0.218576259288543,0.00019508905572911,0.121964790845331,0.0010806470038593
"20x19",0.0540452735321167,0.0889692707818466,0.334235813597177,0.000479382839864793,0.00015675868248083,0.155572597999858,0.000874058895407953,0.351954942911192,0.0137119007600569
"28x19",0.0599030204516292,0.162811897008401,0.243463634910514,0.0122174486643665,0.0657045448834279,0.213868335484655,0.000934006094532127,0.176982502127845,0.0641146103746289
"32x19",0.0484305280257123,0.0801022452661604,0.360322117244247,0.000216027250043547,0.00211498070953238,0.216778825299577,0.00191985738769664,0.282488541912199,0.00762687690483256
"9x19",0.0429940339704257,0.185144115741281,0.363151677021252,0.000751454135126818,4.43451231609297e-05,0.248223470099632,0.000197304813106437,0.156841456584707,0.00265214251130852
"8x19",0.0416009281170313,0.130777894883084,0.477026335232805,0.000341398189629593,1.86760543181143e-05,0.225535301279996,1.93529163490023e-05,0.124383395894284,0.000296717432503027
"31x19",0.0574243718846128,0.0709870893196692,0.311094970918229,0.00319573658886246,0.0103531335270925,0.31233558649458,0.00348268469010133,0.211476679785798,0.0196497467910552
"30x19",0.010653781773886,0.0750778655684578,0.337613943586997,0.00431863843768481,0.003366239750405,0.28594748409624,0.000338402264940943,0.279332880799092,0.0033507637222966
"10x19",0.027868318373849,0.0849840343596942,0.389856249443396,3.24707719065424e-05,1.22589398546753e-05,0.305800928238622,3.78711348606744e-05,0.189718986873993,0.0016888818638243
"29x19",0.0379903905142747,0.050866995812133,0.389004251063759,0.00362676741412559,0.00181760303927786,0.223139547249211,0.00180272997378999,0.274996382342921,0.0167553325905078
"21x19",0.0398416555380806,0.129964028794641,0.361387792064981,0.000324741074552208,5.73501567063721e-05,0.115590766613443,0.000510034500620558,0.351377947865263,0.000945683391712268
"16x19",0.0198160603610159,0.134078264834819,0.333145478707581,0.0109338885263627,0.00153679163531315,0.253624970500115,0.00131343790566939,0.234854141031384,0.0106969664977403
"26x19",0.0598085406175431,0.0762735246044552,0.475712377624264,0.00560093744326096,0.000116679916656357,0.175676486656356,0.00209539676727894,0.201581192268425,0.00313486410176047
"24x19",0.0642076935926044,0.131203782584766,0.258901375233526,0.00321147177169784,0.00190074216106979,0.106856171138888,0.00238966984522187,0.355162922405343,0.0761661712668838
"5x19",0.0103985208370366,0.0977886564999036,0.472275317546317,0.000345128660398685,1.47881504464334e-05,0.231563733978506,6.34162987816661e-05,0.187452175440513,9.82625880970897e-05
"18x19",0.0308637547416637,0.0854770373407413,0.26957393405809,0.00346313960262894,7.74208054100312e-05,0.187400511196027,4.43772815517128e-05,0.422148457450158,0.000951367523729615
"19x19",0.0389575690132071,0.123974036818051,0.244900504452432,0.0212173647070445,0.00144631307155715,0.182593140498839,0.00303888564805286,0.350527360868484,0.0333448249223323
"6x19",0.0277464295947229,0.150320321131013,0.245202439947535,0.000141939541162298,4.68133594202562e-05,0.290296876766821,0.000200873587442268,0.28530230485457,0.000742001217313778
"13x19",0.0661186198665929,0.102647479307341,0.477049179201454,0.0034185298077151,0.00308442394498225,0.157053399804584,0.0103039952691925,0.156859222131789,0.02346515066635
"15x19",0.0125783520280393,0.106250795852977,0.482536215026082,0.00210074967837213,0.000249951200123645,0.136317013583955,0.00164673357159939,0.248056872803576,0.010263316255276
"7x19",0.0173705565217158,0.135909709940716,0.265159348563683,0.00148838579319846,0.000796009037831909,0.349249992438001,0.000751655195569897,0.212252818410566,0.0170215240987179
"17x19",0.0255649189879376,0.102612838640359,0.229154385441916,0.0287807762454285,0.000578478503155887,0.114805057077155,0.00149788208465015,0.494353049507109,0.00265261351229004
"23x19",0.0303077198484732,0.0964134604248193,0.394401868553276,0.000656658624062434,0.000256575918642741,0.155068490859947,0.00109420871388031,0.309862806658738,0.011938210398161
"14x19",0.0400360592435328,0.0976728961825763,0.36858382452728,0.00180914258527887,0.001143760055839,0.17522815214218,0.00231082007323514,0.304701735289471,0.00851360990060649
"12x19",0.0549486481810513,0.0838120442628805,0.364276435995003,0.00283543035966474,0.00145318522430723,0.198685147791402,0.00361794666475053,0.251068940252496,0.0393022212684444
"25x19",0.091732714911454,0.0291437307496881,0.446471042090498,0.0022994634247242,0.000467566077961881,0.236095311910959,0.00173349427345968,0.188136415779558,0.00392026078169745
"20x20",0.0635860479322395,0.0629298764865134,0.368460677781604,0.009090611740929,0.00215113120614467,0.226099783264029,0.000310288856025986,0.262138137643916,0.00523344508859849
"31x20",0.00740754748522553,0.0899156696381907,0.358322040289552,0.000162758025049594,0.000133190462546749,0.196313924140719,0.000492306368925957,0.339479916444987,0.00777264714480285
"22x20",0.0102890086569486,0.0829736775057287,0.388847528578371,8.05281315717687e-05,2.34693937615608e-05,0.198525479159009,8.05288763488458e-05,0.318563351343137,0.000616428355124606
"32x20",0.0427974402332374,0.0819524504174088,0.264034714787493,0.152051992887714,0.00739494032095632,0.163742502115837,0.00273457958894531,0.271698520438993,0.0135928592094141
"19x20",0.0468923428831336,0.107999201396543,0.22476958729701,0.0339202629289803,0.00671863118554635,0.179700947533018,0.00395593590582152,0.353431574778179,0.0426115160917682
"6x20",0.0358244549018264,0.218360276655196,0.289792700227213,0.0164492586597005,0.00484259721966191,0.202918907149006,0.0013026394134104,0.221766431647411,0.00874273412657475
"9x20",0.0862063861144441,0.0790051984914861,0.507255533711516,0.00073919412664568,0.000211463202222677,0.17260208019857,0.000994855544055671,0.150030294659903,0.00295499395115698
"7x20",0.0288215111449731,0.0926740861830667,0.392101037626785,0.000176213980600952,0.000238647506150627,0.219059894222023,0.000222684768468371,0.263886165128783,0.00281975943915005
"16x20",0.0459023955390793,0.0723801054924478,0.440867107123161,0.00155691354894995,0.000242578001817089,0.134381372334377,0.000558293665325829,0.301130997936756,0.00298023635808632
"18x20",0.0195796197403347,0.0724937779063345,0.374821460559127,0.0022141608192189,0.000551568366538667,0.206269264244901,0.000378432247285544,0.319221261649124,0.00447045446713612
"27x20",0.1229186648209,0.126368031808955,0.332873394060726,0.00475060709557266,0.000415477717880814,0.140978849310452,0.00126833360978598,0.262796531826288,0.0076301097494395
"29x20",0.017199612725511,0.0910191800699707,0.297654312683878,0.00100488672393836,0.000248072858758679,0.1900140740211,0.000167079521545138,0.401053319785568,0.00163946160973064
"30x20",0.0262606344215591,0.106500625120999,0.163781022647789,0.00117939897614345,0.000185655168443853,0.192366555771183,0.000434044445295904,0.5065250737698,0.00276698967878624
"21x20",0.0642624546634412,0.0778280898672751,0.224444922340411,0.00313323326155552,0.000469272293784598,0.160042049464207,0.00106298841488701,0.464460068230258,0.00429692146418068
"26x20",0.110031880424715,0.121353024324998,0.249015631290509,0.000549102902255853,0.000439337519361686,0.175340502277468,0.0025242901922493,0.324698411733256,0.0160478193351867
"8x20",0.027399430796395,0.113678315317587,0.167899113042356,0.00751415948377497,0.00136249583285228,0.289034701162757,6.84177234227928e-05,0.385347038146703,0.00769632849415198
"10x20",0.0317502121963611,0.103768184717841,0.492970650236279,0.000305319593920506,0.000393867680732642,0.237168030129393,0.00153633650523419,0.128423910705129,0.00368348823511021
"24x20",0.0577763487485108,0.0941418793746972,0.408465441722417,0.000364148705728779,0.000489933249162029,0.13410152797468,0.00145665729037003,0.288063102027375,0.0151409609070596
"25x20",0.0598226917431946,0.107153023543414,0.323563336532549,0.000134475840560502,1.71951796980831e-05,0.118880222851937,0.000967443762579185,0.3821567805715,0.00730482997456787
"23x20",0.0701069983173266,0.112223517371754,0.339397476320387,0.000131271546653907,0.000134962274681483,0.146106950088242,0.000161565977267653,0.328676168813126,0.00306108929056249
"17x20",0.00979737680776085,0.0589058786448104,0.293769359099565,0.00171081236662911,0.000205906077091532,0.211238525339554,0.000122165135565794,0.422945361985567,0.00130461454345616
"28x20",0.00469026165328362,0.111683521292462,0.21074405603214,0.00688433258129535,0.000670847754599426,0.181892973415536,0.000545044181622211,0.4772799236489,0.00560903944016106
"5x20",0.00131156608358476,0.156794761066852,0.201136088458671,2.48228587050965e-05,5.3882206517107e-06,0.31868576007893,2.56918736247795e-05,0.321226344459397,0.000789576899583623
"13x20",0.160527487479808,0.136229179719427,0.334269517218346,0.000784263441621161,6.26208991573776e-05,0.0872086681399749,0.00540634214287618,0.271235802428789,0.00427611853000128
"12x20",0.0118407805118554,0.0679287719614338,0.420227337346356,0.000702242975148451,0.000119163688071362,0.242605638816549,0.000674113093717213,0.251043197913633,0.00485875369323588
"11x20",0.106579640242968,0.102535199357243,0.391054185619415,8.19570960073193e-05,0.000606280896385847,0.185389473072684,0.000939479444130532,0.210429459114651,0.00238432515651354
"14x20",0.0148862332764357,0.111698782780177,0.334129881291203,0.0765671493770396,0.00149758305994532,0.174409928324983,0.00107184224575614,0.277169183771806,0.00856941587265412
"15x20",0.0322707314854682,0.102730407256394,0.349913386394954,0.00316360559362897,0.000122119459051399,0.151258775437338,0.000293162515868061,0.35855526361023,0.00169254824706697
"13x21",0.0442822263479183,0.0884312010913404,0.385933851333066,0.00232162090964302,0.00105245942823393,0.251713730297752,0.000930325962966599,0.219953487023233,0.00538109760584724
"11x21",0.0752917956659288,0.079389577000322,0.428106654931232,0.000198472862100297,0.000127284732095836,0.152701823088652,0.00165048747632128,0.257273940742741,0.00525996350060692
"31x21",0.0631908420187672,0.107610495007713,0.367047619276388,0.000889439181775722,0.000246568716312569,0.198469398971418,0.000744467346824798,0.260357849682801,0.00144331979800029
"22x21",0.0129795895367607,0.0873309010954852,0.290929791996998,0.000179718071833629,6.82060775870125e-06,0.235428750365694,8.73273093364894e-06,0.373024444262219,0.000111251332317042
"30x21",0.127729519392997,0.148543259440206,0.230555534321432,0.0964429181650948,0.00134794948829249,0.22422221219136,0.00979985958167887,0.148808790924142,0.0125499564947965
"21x21",0.0166276921500751,0.055226249472512,0.376357351311797,0.0220000098459488,0.000381602613992086,0.143094482309209,7.5835033536336e-05,0.385838434737707,0.000398342525222872
"29x21",0.10758380401868,0.115236874023017,0.252669254535794,0.00805983780592602,0.00157619617739975,0.145259453368058,0.00584876350154582,0.351596977399355,0.0121688391702244
"32x21",0.0608772580871439,0.123212067344444,0.137865750385277,0.0200080574534067,0.0094010159160646,0.259328107386247,0.00827675732069502,0.319328635894779,0.0617023502119423
