"","Endothelial","CAFs","PVL","B-cells","T-cells","Myeloid","Normal Epithelial","Plasmablasts","Cancer Epithelial"
"25x9",0.0370806555565943,0.0716485531410778,0.0236497452937353,0.0968275913417822,0.00262459542510851,0.0494780587991022,0.00344530250769341,0.711053881081931,0.00419161685297515
"24x9",0.0156776770329686,0.127544713943562,0.0112502338737166,0.397635727526456,0.0381462191242533,0.025909812019267,0.0321601973372789,0.318715877266164,0.0329595418763338
"26x9",0.0157454987398892,0.138224948196553,0.021949290269319,0.425038496809841,0.02339763820591,0.129355667726318,0.0123526276897034,0.222554359061367,0.0113814733011003
"23x10",0.108880702421923,0.10675455236991,0.0591419096669763,0.225174905879531,0.0600662838594413,0.111108010487345,0.122220063655468,0.13111859288108,0.0755349787783254
"26x10",0.0194666285581134,0.162731472389328,0.00929659804722431,0.160673096393735,0.0101241683009592,0.0920163639115646,0.00966200674343515,0.531162377720564,0.00486728793507586
"24x10",0.0398470596977332,0.0954492300468871,0.0349744015324681,0.465677734330298,0.00422432509294798,0.0282767165723132,0.0149026408448174,0.312355282693264,0.00429260918927025
"25x10",0.0116302483813636,0.134136966069817,0.00805214448750935,0.0679455604437023,0.00356115702870465,0.0775127346857803,0.0119495895524225,0.683668865755051,0.00154273359564971
"21x11",0.0859341716478992,0.0755820003310176,0.0625401448540817,0.322426199841047,0.0472327315318722,0.0603839640093794,0.265011709282135,0.0117653599517611,0.0691237185508064
"19x11",0.0858974738621355,0.0343925629757791,0.0380352725922212,0.243351084696848,0.0596842577542138,0.0662581564279921,0.277031252281961,0.0106037514365214,0.184746187972327
"22x11",0.059125049116952,0.223999911010107,0.0317140100598699,0.148641054526255,0.0851272311957252,0.302345590578183,0.0234103219319519,0.088209227022587,0.0374276045583702
"18x11",0.0771950573693596,0.0375432090010968,0.0329978987624612,0.519895470958187,0.0486342625154084,0.016786411773942,0.218840771749888,0.00147747878141628,0.0466294390882401
"26x11",0.029407588859523,0.081359077415301,0.0398341268691806,0.247603463934429,0.0103104929141483,0.0630101953971154,0.0199203938169617,0.500110264737879,0.00844439605546244
"23x11",0.0806477337314355,0.1597730667843,0.0719120005713467,0.18963709986697,0.00217858895859355,0.269917405598027,0.0128658093840741,0.200171437674035,0.0128968574312191
"25x11",0.00631617163566069,0.171832301955527,0.00310815745429805,0.413328365275839,0.00656874084716194,0.0341876777405896,0.0310189706354211,0.327796364251533,0.00584325020396921
"24x11",0.0187551588768807,0.209526469546558,0.0167261492493563,0.200286201272043,0.00874733640793905,0.0945649691933594,0.0114306639481426,0.430056121948395,0.00990692955732577
"22x12",0.0199070637548919,0.246446189361394,0.0428636944573481,0.325952188025468,0.0293703530846693,0.252286503869809,0.0153352762674,0.0544809726653484,0.0133577585136709
"21x12",0.173385650537497,0.0692604724723593,0.0865922630289681,0.209999745937489,0.0261365281076856,0.0744167222993941,0.136276862334724,0.0495620438687433,0.174369711413139
"15x12",0.0999773143322193,0.0305388348490396,0.0438425404675281,0.242428869566937,0.0716531823998717,0.0377113347485595,0.251928048600282,0.0108577571970542,0.211062117838508
"20x12",0.0864905130768382,0.0671308379221011,0.0510843278407023,0.21476327676024,0.0476251667732371,0.0343637800166113,0.282377231333283,0.0746666865770799,0.141498179699907
"26x12",0.0195268911157498,0.120445769592761,0.0132831433907642,0.198949622227081,0.00322526749707736,0.0841928353808159,0.0108208160000206,0.547731740742514,0.00182391405321581
"16x12",0.126408199950572,0.0550451160105181,0.0386729199638859,0.0520059766373052,0.0466705383624841,0.0236170630738449,0.307324109688402,0.00901304332778159,0.341243032985206
"19x12",0.0970400333383485,0.0257947323509851,0.0103730922545052,0.396802944933311,0.05338038121951,0.0318717604480133,0.280970845131924,0.00141163909313054,0.102354571230273
"18x12",0.0714181591590482,0.0737470925821384,0.0584389054599873,0.318870236142869,0.0478756037142338,0.0818394621485328,0.221523821920078,0.0312692996864755,0.0950174191866378
"17x12",0.0412351959461113,0.0445424753977074,0.0526718290263371,0.214484832503588,0.0246165247563809,0.0630102262053157,0.288863712812481,0.0541403392601371,0.216434864091941
"25x12",0.000189568969605121,0.474796524587219,0.000295181733544989,0.0172003954799444,0.00024082944231006,0.0997194589421244,0.00016035891208882,0.407234914518385,0.000162767414778016
"24x12",0.078236210530274,0.11603045219678,0.0338687409640194,0.348789334300881,0.0163889114528308,0.0761765061884101,0.0181698314597315,0.304145384718094,0.00819462818897988
"23x12",0.00809111202393454,0.246283314722875,0.00484303961153559,0.206869641986225,0.00512097307421764,0.274085962881103,0.0147173110740156,0.230364574101114,0.00962407052497954
"21x13",0.0680691298379856,0.06912351344931,0.0321898674188825,0.394678631987612,0.0171222878349732,0.0390557782233373,0.175644712497258,0.121300559331586,0.0828155194190548
"22x13",0.0634769194407978,0.260753087292111,0.0598271036289013,0.152258982035987,0.013652298294335,0.230880660045186,0.0244949335802323,0.184556496122,0.0100995195604493
"20x13",0.0527264786263788,0.0862885077045743,0.0790352507709137,0.449912238869382,0.0395481709342294,0.0441474189051709,0.0887693500366487,0.0260019395785649,0.133570644574137
"23x13",0.0454454419270243,0.213412409879459,0.014097305245521,0.0605133583347794,0.00526704008628752,0.261069343158081,0.00158693904538296,0.397041398312294,0.0015667640111711
"24x13",0.0785580826172826,0.120678937936602,0.0263184538635907,0.46943733959744,0.0211997994974505,0.0794602791292012,0.0132576871782462,0.183396522045173,0.00769289813501391
"26x13",0.0198194068580828,0.249433673020873,0.00804360009059529,0.293203412153952,0.0077300613073353,0.0867703011197167,0.00504884629254313,0.327530345502722,0.00242035365418076
"16x13",0.0640666280800805,0.0965330598783876,0.0137681518577732,0.247658007521745,0.0574040915858494,0.0113743977417875,0.355214209569278,0.0139735202467688,0.14000793351833
"18x13",0.157516303636232,0.0919396373639402,0.21167973932698,0.185939590426179,0.0654876263967152,0.0209334133653539,0.173316121189726,0.00706088499128295,0.0861266833035904
"25x13",0.0158320306528304,0.238276061735431,0.0322288347867407,0.18905124500221,0.00670424786085195,0.0604015273332833,0.0108319429794009,0.440090603271673,0.00658350637757948
"15x13",0.0658475081973752,0.0434782495330505,0.064022703195459,0.366025559751812,0.0719938656832849,0.0273398440623731,0.190990157013666,0.0039116326163879,0.166390479946591
"19x13",0.0661817435177624,0.0370341456674835,0.0272371482278875,0.216829529748906,0.0402081302581112,0.0961574284574823,0.224652713016013,0.0382957116287247,0.25340344947763
"17x13",0.116654765280195,0.0751727047535057,0.0685803258853396,0.377134547999521,0.0757854187043337,0.0452801187799673,0.10341034682709,0.00911449061037689,0.128867281159671
"14x13",0.0736909780317696,0.0420416782852169,0.018184924515975,0.374408847139752,0.0793771786943222,0.0465006883574484,0.075831659985345,0.0345810432514271,0.255383001738744
"11x14",0.0505310342678438,0.0308068702441707,0.0305543587233053,0.356047918039929,0.0444270305389277,0.015706818419817,0.24008212726899,0.114655573002866,0.11718826949415
"10x14",0.036003581579356,0.0253170269217625,0.0090434728042941,0.332856477972087,0.0604933397685179,0.0414262134662419,0.340316976939474,0.00561525689372578,0.148927653654541
"22x14",0.0815676441467088,0.105934714005235,0.0950919338863196,0.350638045999695,0.0276565510148224,0.130418129281719,0.0156597780698421,0.170910152640067,0.0221230509555912
"19x14",0.0511628839041877,0.0384206435201635,0.0322896049977169,0.528992375938246,0.0542081807443254,0.0144841505998302,0.193280341469399,0.0399792732674812,0.0471825455586505
"14x14",0.0758751480445202,0.0334411035168143,0.0265914804932741,0.280841204178252,0.0531388064679695,0.0704730446325598,0.302258178098569,0.0234272428428568,0.133953791725185
"9x14",0.068648215601429,0.0457261814001417,0.0703004723137832,0.441183053195312,0.0559750011749226,0.0102315438828152,0.122316465381325,0.0670767001452181,0.118542366905054
"20x14",0.0273460292763733,0.125724428958489,0.044223220615735,0.370078279724291,0.0546390666662138,0.109113566357765,0.0625958381665043,0.139840123416835,0.0664394468177935
"21x14",0.0764465689925625,0.110738095598246,0.0790633984424022,0.437548771332964,0.0596325510344541,0.0342295784101581,0.0828168806628338,0.0556713144464799,0.0638528410798995
"18x14",0.0270732026688835,0.0398025306073863,0.015964352593443,0.540233808605892,0.0392776272691282,0.0130413318796753,0.160352347802541,0.0830467481524282,0.0812080504206231
"23x14",0.0241515046772539,0.164444476097055,0.0223485401011889,0.333489326926586,0.0150358225300443,0.193764454728577,0.0092363931984274,0.22893977899981,0.00858970274105751
"26x14",0.00715796028033614,0.148446640792442,0.0367689832610014,0.0143800467102694,0.00048686018492636,0.120274933031507,0.000343135510810099,0.671818828336651,0.000322611892056039
"17x14",0.0464185098241484,0.0407587059824587,0.0477940242642359,0.484536313576358,0.0623711410522539,0.031274871268191,0.178514997566588,0.00304494913687788,0.105286487328888
"15x14",0.0739450930744816,0.0241312919318444,0.0441923678178668,0.382125878414731,0.0402924410879251,0.00528693175938035,0.261863102682073,0.00636573354575632,0.161797159685942
"24x14",0.0412446338491147,0.259780259410997,0.0346304706918665,0.283788452081944,0.0456853357732371,0.166898266354228,0.0142445580317241,0.142115645912436,0.0116123778944523
"16x14",0.0233160288928913,0.0316942156678005,0.0258760883503707,0.711022751229514,0.0324460746465092,0.00186971058079063,0.0841961204790243,0.000863981783550314,0.0887150283695494
"25x14",0.0281806218544935,0.168465678604303,0.040977570260309,0.315990279143116,0.0217720793261504,0.0664046556321613,0.0036560079639161,0.349198810816052,0.00535429639949845
"13x14",0.0485515524536299,0.0708206378447309,0.0433221246844808,0.545764212295793,0.046663013273366,0.0137568091018175,0.0782076581662867,0.0475397449033288,0.105374247276567
"12x14",0.0964953255810418,0.102161806803921,0.082031350674663,0.0954179918380019,0.0186241804932883,0.0326703350260593,0.194216437684465,0.299086123449662,0.0792964484488982
"22x15",0.105453400007488,0.189649078884906,0.0370230429147822,0.167159278072368,0.0241762607155287,0.177496680296783,0.051055835573802,0.144679565826142,0.103306857708199
"21x15",0.128996297342488,0.131701702362645,0.0480929652023439,0.401976170186756,0.0437064055587415,0.0188015157061158,0.132412659745445,0.00851768714836632,0.0857945967470983
"26x15",0.0305192967313052,0.104091582087382,0.0224924332780249,0.476336123356093,0.0204454437207797,0.0751238308842689,0.00464242741636384,0.255896407060176,0.0104524554656064
"11x15",0.0257774302201327,0.0877565401471803,0.0216907321198134,0.149181238094514,0.0141441189091517,0.0799710477878566,0.0819148376382104,0.463861955318426,0.0757020997647153
"14x15",0.0866188468995993,0.0577961775105442,0.0395851932777674,0.451610358017729,0.0320573130248017,0.00644694913508542,0.267084253520653,0.00701532126611372,0.0517855873477056
"10x15",0.0454566908406892,0.0457172493636283,0.066179886846314,0.683249819037501,0.0252923219655308,0.00538570028900078,0.020825506767461,0.010527254394443,0.0973655704954324
"20x15",0.0772062222297697,0.241389848736611,0.0703550731236763,0.346600007267599,0.0485035371280824,0.0617986256080436,0.104206019466287,0.00104985553621403,0.0488908109037171
"16x15",0.0511623343239734,0.0579677420705953,0.0421424877954825,0.509425395631223,0.048961353726502,0.0163037509512226,0.180517292012404,0.0230597042680348,0.0704599392205626
"19x15",0.034203767633373,0.0296549735168025,0.0227923645086502,0.620111547290506,0.0449067358812317,0.00307686775097565,0.134388999735335,0.00615843536003342,0.104706308323093
"17x15",0.046838850444138,0.0538572987642452,0.0277781406722167,0.514362956338929,0.0617108409399825,0.0103322577488537,0.18440158463655,0.0590389683917187,0.0416791020633668
"23x15",0.0452478088901861,0.237939550223239,0.0225896546914141,0.176481845742356,0.00390959345167589,0.364165622736311,0.00532454980201067,0.139955914832928,0.0043854596298791
"18x15",0.0380910439140341,0.0413816257760031,0.0134829656298046,0.619005533033166,0.041835864416934,0.0036380674645221,0.177633823227669,0.0119253516484231,0.0530057248894442
"24x15",0.0152831318863937,0.166104213044926,0.00605487885035222,0.252269213984821,0.00805229727254825,0.277781244647893,0.0203937325581042,0.251329221801205,0.00273206595375671
"9x15",0.0666623828508885,0.139657712392303,0.0667853602831214,0.134979867859004,0.0444008355085853,0.0471713109531224,0.34905544569166,0.0167150752140303,0.134572009247284
"12x15",0.0710906714490234,0.0914534265266389,0.0527261369704453,0.468915658008692,0.0194111460044073,0.0110415453828769,0.0578119036139574,0.192707850734044,0.0348416613099152
"15x15",0.0396697990662673,0.0888876908765154,0.0253327179391566,0.529675126415686,0.0363462513292989,0.0661645871124973,0.11645382939345,0.00526434882398008,0.0922056490431485
"25x15",0.0869255477762332,0.176105931242121,0.0300568307996241,0.252398461265726,0.0425348355875556,0.199406364402065,0.0103630052334007,0.191439863938224,0.0107691597550502
"8x15",0.0634390969500425,0.0904441021409983,0.0543448897844678,0.317564767602107,0.0484139730571965,0.0609861532925686,0.287624765152926,0.00727894229532658,0.0699033097243665
"13x15",0.0527823454053604,0.0952356355601272,0.0360598115558954,0.481562967029861,0.0418803637627012,0.00803628782980919,0.0967080469419272,0.131876955064478,0.0558575868498404
"22x16",0.0900824258989266,0.205214478474202,0.0527646473275575,0.116532375697714,0.0427060858300508,0.129863762911353,0.246425042684421,0.0163538050328,0.100057376142976
"21x16",0.0852078232402473,0.0925605048437256,0.0787155568116931,0.269031198851138,0.0768023520448171,0.066346644349763,0.242699574936423,0.0134609905156295,0.0751753544065639
"18x16",0.0477818333047634,0.0394284744941581,0.0181817506526594,0.444640487915871,0.0506331870183918,0.0186838138803695,0.245166819719246,0.00436965087744137,0.131113982137099
"23x16",0.0274749002558065,0.210820448657779,0.0456604107627188,0.326214404402782,0.0323591379177707,0.240784678777223,0.0434108984601234,0.0510522868640488,0.0222228339017477
"11x16",0.0646169396636496,0.063605743594506,0.0415213269707604,0.484798006101708,0.0626580026802026,0.0140521874300163,0.130064102398711,0.0806902080716169,0.057993483088829
"10x16",0.0185754697095282,0.147734953255608,0.0230102044825382,0.429228462939981,0.0455455645005188,0.0349682793111312,0.0707245874213175,0.189674791594745,0.0405376867846322
"27x16",0.0447239845177529,0.106156714196762,0.0156306678653881,0.498758625712786,0.0564446995190658,0.135105781732854,0.0137783855873844,0.103593570060236,0.0258075708077705
"19x16",0.0472014015429457,0.112113015097518,0.0107276007807428,0.568121790345463,0.0711456928990664,0.0181884625511282,0.06520750968132,0.00674204145224415,0.100552485649572
"20x16",0.0407062946719072,0.133144358226036,0.0402561207858409,0.394640954221337,0.0352715165833266,0.0146512997897065,0.23035526553181,0.00798862658554308,0.102985563604493
"8x16",0.0317013543497001,0.091695343560796,0.0220137736627429,0.49070238862186,0.0277100880446324,0.0341759839523052,0.134417530475587,0.0228439164854829,0.144739620846894
"16x16",0.0615683934855872,0.0263336975554676,0.0210874641736511,0.438766826131407,0.0601631188588829,0.00825118294794443,0.23694332025742,0.00413080674324419,0.142755189846395
"25x16",0.00443507330422933,0.249611880867455,0.0101744339106604,0.0755670827743048,0.0040468040365117,0.307384254811087,0.002245301569962,0.34339421601261,0.00314095271318076
"26x16",0.0496911158484738,0.21604239554715,0.0112417724776035,0.315529801551099,0.0224061586328663,0.231171643444391,0.0168067669227777,0.118162674387869,0.01894767118777
"15x16",0.128591385817505,0.0533170088842008,0.0931131274744243,0.135160981545816,0.056335992896521,0.0315749604594248,0.36366264459387,0.0129246931515341,0.125319205176705
"5x16",0.0995969052065793,0.0222124338291997,0.0298431149256656,0.407016952762366,0.089301770670199,0.0055687429579873,0.199505048727188,0.0335327407941432,0.113422290126672
"9x16",0.0688901238601171,0.133432949136383,0.0465499902604881,0.397955672628969,0.028866695455493,0.0376786360114192,0.134543355643231,0.110248949247168,0.0418336277567314
"14x16",0.0672519782901943,0.0482740842416361,0.0454923824876016,0.149268767666003,0.0673598176823526,0.0296235017437284,0.353717345505604,0.00302604656381691,0.235986075819063
"13x16",0.0897772919244759,0.056426409332655,0.0527218877754064,0.176173169780453,0.0573564444748935,0.0293152887229274,0.365545479062461,0.00835638653681015,0.164327642389918
"24x16",0.0475733318907536,0.191029096637958,0.0241726766351522,0.360230771844154,0.0301785877863617,0.195269556939448,0.0151632695803912,0.129138270814538,0.0072444378712433
"17x16",0.0222285276988877,0.0592975025384101,0.0268232830016093,0.603926535695992,0.0420487655921369,0.00361740325917323,0.117524056605673,0.0390670128580576,0.08546691275006
"12x16",0.0874660137242259,0.0599740821415094,0.0210624939908665,0.296807642734926,0.0477090442593164,0.036004678421903,0.29326444331525,0.0188754390029955,0.138836162409008
"6x16",0.099904766675506,0.0966148746963951,0.034502375097294,0.189428759854456,0.012154401668657,0.0326423579348371,0.444187428933879,0.0273058488836352,0.0632591862553407
"21x17",0.0219963860965904,0.164640521701026,0.0539000068421358,0.393842659427793,0.0348529108877511,0.108793131192102,0.0601413264960043,0.088018322768508,0.0738147345880895
"27x17",0.0543776763517989,0.0856469422814651,0.040695517693513,0.514768189253425,0.0168759949647175,0.128435933477039,0.0141693802798305,0.138792777905109,0.00623758779310199
"22x17",0.0299888502146966,0.277348735366568,0.00759351440310889,0.349453758169112,0.0446124945920895,0.24706627553258,0.0131593930915989,0.00883590027642212,0.021941078353824
"11x17",0.0472632346886973,0.109023217901635,0.0355449336305574,0.487494168932263,0.0400928823796955,0.0153646176345765,0.146571152243877,0.0126464048012319,0.105999387787466
"10x17",0.0636879510785846,0.119712002473828,0.077465289112811,0.242074589953856,0.0433411428873249,0.130596290643295,0.194629113394715,0.0351561737007994,0.0933374467547864
"23x17",0.0482156663177628,0.233643571645752,0.035147737032428,0.136489328290754,0.0567481772250287,0.326712841808412,0.0228133971274344,0.121083840102109,0.0191454404503192
"8x17",0.0801188823437698,0.0410508355349083,0.0327269341880926,0.328049947570786,0.0858225170131837,0.00967696922013136,0.186536773981713,0.0140703446654222,0.221946795481994
"20x17",0.093804396616148,0.0678878205564347,0.0441378995858678,0.376258852557712,0.0570308179819681,0.0342407556744522,0.165048451130082,0.031053994266466,0.13053701163087
"26x17",0.0506599663841034,0.226422568282345,0.0184581284244126,0.184982087243511,0.0496038524877482,0.366869246749137,0.0138360585914677,0.0770534243317342,0.0121146675055407
"5x17",0.0653399781204675,0.126762940615451,0.0704817101667078,0.241087530756469,0.0499152912511387,0.0532934628850341,0.264118891891058,0.0234672035602488,0.105532990753425
"16x17",0.0715492845970837,0.0346993254464059,0.0222811732188311,0.184559324559168,0.0471208811372222,0.0170254639890783,0.43403226347527,0.00658229027496812,0.182149993301973
"4x17",0.108499637635229,0.0636779994203636,0.0419270599902133,0.204349227461578,0.039797410080999,0.0669742639643031,0.375473056859262,0.0113044191871539,0.0879969254008981
"25x17",0.103365124103725,0.186474175530213,0.0303878268606126,0.186464082125361,0.0323607572673877,0.284456848350883,0.0868387316715098,0.0646687570572664,0.024983697033041
"6x17",0.0599142675308237,0.0151550553552509,0.0259933321990268,0.410812527242076,0.0453983525049112,0.0112816736205455,0.271230697318861,0.00635316204176466,0.153860932186741
"9x17",0.102322152899807,0.0412635435188959,0.041571936335945,0.300487561822082,0.0321224461666205,0.0220936463072529,0.338973240661728,0.00214882032522494,0.119016651962443
"18x17",0.0330596464858489,0.053084235039881,0.0270052069510573,0.576279780470733,0.0704337878460137,0.0481989329869791,0.0469253083233614,0.0172813610006098,0.127731740895516
"24x17",0.0986131113417525,0.163099636443155,0.0814267929182194,0.161123299443023,0.0799566392944934,0.229048722944427,0.0422064035817777,0.0649492399915942,0.0795761540415583
"7x17",0.0937766628339377,0.0724852308508534,0.055334883785062,0.24983880471413,0.0274133143448999,0.0430117478846999,0.27560853727352,0.0108095940164769,0.17172122429642
"15x17",0.0791025706458547,0.0298011032530698,0.0452861224023722,0.1757550824623,0.0266304145298862,0.0270407605688289,0.324596493819734,0.022177259890874,0.26961019242708
"12x17",0.0722241546725742,0.0360918506856131,0.0331719204225272,0.236644454175606,0.0634975013700617,0.0116031631570508,0.304700444793332,0.0229542830780607,0.219112227645174
"19x17",0.0720766841724595,0.058242999100225,0.0675032845858986,0.405161309555341,0.0642629273959569,0.0385862306674599,0.14338200953814,0.00174157847052643,0.149042976513993
"17x17",0.0299803379795891,0.0528828765564106,0.0151434066547311,0.598716519795735,0.0678768225512209,0.00476695986126855,0.165541939832339,0.00397814221612425,0.0611129945525813
"13x17",0.125991095520627,0.0369292931819215,0.0627646703362328,0.301035607950821,0.0529541008754406,0.00949680551228953,0.249784603546194,0.00551041141261935,0.155533411663854
"14x17",0.0894954543514897,0.0466482362126278,0.0328188764801652,0.408401404084856,0.0550738108571384,0.0235416954937532,0.244578754258113,0.00242625593730699,0.0970155123245497
"22x18",0.0625496240674368,0.129318447815412,0.063484910940953,0.229371587022302,0.0502033649649284,0.27419036942432,0.0642315046754545,0.0181604269183587,0.108489764170834
"21x18",0.0410782777556458,0.0968379360704117,0.0405827282318145,0.264977027523396,0.0390902290979262,0.11309721281509,0.273553765025445,0.00441511189263107,0.12636771158764
"11x18",0.0321120079937316,0.03524332868804,0.0282462679856751,0.387271101768261,0.116458700092435,0.00729363795018292,0.184409954459075,0.0237075457681272,0.185257455294473
"20x18",0.0438121784375239,0.0929719881028127,0.0549114428877497,0.359073143700117,0.0478573657869068,0.0470977186986846,0.183262810902937,0.0297536826270553,0.141259668856213
"28x18",0.011967647762899,0.25212087156659,0.0110640220175929,0.113862967718444,0.0308112938387423,0.388959177581699,0.0170773058029846,0.156980544712891,0.0171561689981571
"27x18",0.00473736209174389,0.27787028840085,0.00854896135403978,0.0329471903458369,0.000773574868501762,0.223881243415025,0.00238375541676991,0.447897488921881,0.000960135185351949
"16x18",0.046980573309535,0.038477099970227,0.0360667043494696,0.48136365143941,0.0227468947128679,0.00549223958504249,0.19824405790571,0.0393469696192037,0.131281809108535
"5x18",0.193058805911524,0.148711535850306,0.0984281072891442,0.0503889555043415,0.0112704999514965,0.0559429193107228,0.291501729252303,0.00113889019359217,0.14955855673657
"19x18",0.109119731053821,0.0898951903151127,0.0432868951788382,0.334181099565096,0.0425712181360695,0.0102148861890708,0.240675567887446,0.00624685356164542,0.1238085581129
"23x18",0.117258581816737,0.227091049573905,0.0382443082069415,0.140888054888303,0.0453540563352662,0.269857802525651,0.0425340792350442,0.0282077490328318,0.0905643183853208
"9x18",0.068284780157011,0.0308989824820097,0.0419056371896176,0.209633134921641,0.0501311566160468,0.0185069101384509,0.398229884723363,0.00806183899595083,0.17434767477591
"15x18",0.0883478144212402,0.0821354314400175,0.0208460790609145,0.372814154025461,0.0736338733901716,0.0121838564333665,0.236638860007967,0.0202995929439199,0.0931003382769416
"17x18",0.0394610575017066,0.0612144792705055,0.0446254067550998,0.576599530911766,0.0472039429295967,0.00662249749460916,0.127811370672693,0.0106518570315452,0.0858098574324784
"8x18",0.134039826195916,0.047085796927065,0.0472379583462465,0.314728099183113,0.0851539836288834,0.0201200393406752,0.226352327117396,0.00560636707188047,0.119675602188825
"4x18",0.116736846994311,0.109488721224162,0.0608638066344934,0.0283659537929382,0.0211057469705554,0.12769587552393,0.390288433980052,0.00944906765649862,0.13600554722306
"7x18",0.0719489882253621,0.0530374057321641,0.0249014093759045,0.388144000297968,0.0271678982419702,0.0349840467856182,0.27991953212755,0.00223027724569286,0.117666441967769
"13x18",0.0589407928255586,0.0528528673198535,0.0509507968358888,0.210088935474011,0.0366727728987495,0.0344993210545468,0.385480923698169,0.00500171069492234,0.1655118791983
"24x18",0.0729637504149062,0.147618703345867,0.076694730402704,0.380719026171697,0.0395478356920229,0.149627693458667,0.0478509167424995,0.014886044535152,0.0700912992364842
"12x18",0.0872431404722052,0.042217677513518,0.0822734800214781,0.313974730713724,0.0553864659330067,0.02118770391737,0.241804013427962,0.00245816829728715,0.153454619703448
"25x18",0.066901135685402,0.161378486558653,0.0705292872827375,0.0829450515918664,0.0407291385399025,0.392335020190396,0.0631621899030095,0.0355225646093834,0.0864971256386495
"14x18",0.0299122488767976,0.0391611299032512,0.0203049961301036,0.268191859894377,0.0498653784538447,0.0360908964162933,0.348814160325072,0.0109282761943755,0.196731053805886
"26x18",0.0312319909588209,0.332249942137425,0.0223734317521003,0.126651117273509,0.0329950038224663,0.413799864353602,0.00557468121430761,0.0240104220848658,0.0111135464029035
"10x18",0.0137791049268409,0.029360673084812,0.0271019417387652,0.6259535737882,0.0316481209068817,0.0068944829560789,0.193980770423567,0.00343130015282315,0.0678500320220301
"21x19",0.0429062310085198,0.235689887906339,0.0420753701856741,0.177793512553114,0.0926386209940706,0.0444095249070677,0.189021954475613,0.0237945822971534,0.151670315672449
"11x19",0.0687895983729987,0.0506145062417971,0.0677698043928631,0.191749096861303,0.0500911708786843,0.0496693571021401,0.311124182971748,0.00803193694815666,0.202160346230309
"25x19",0.0553538447205313,0.197686843838519,0.0338535099437563,0.235483411361214,0.0290833485459154,0.302647915971198,0.0393280425634482,0.0770524501008818,0.0295106329545358
"16x19",0.0565072852769334,0.0274120528253772,0.0366422066176526,0.427035742442138,0.0788444835267774,0.0100236665403047,0.198622356697834,0.00876364154899983,0.156148564523983
"10x19",0.065537495629131,0.102064554252588,0.0647481770319376,0.304711426862796,0.0427396587395414,0.0496541930012586,0.172784832754895,0.0456961900262573,0.152063471701595
"22x19",0.097289900716579,0.121797615493489,0.0669907833466224,0.27282768582888,0.0866802075787148,0.147558527176973,0.0906399091349744,0.0370809617746976,0.0791344089490697
"26x19",0.0439783466698219,0.198353828919891,0.0523529385760492,0.39084818664755,0.0316135806303939,0.207599044537274,0.0239471554507501,0.0328883192474829,0.0184185993207864
"27x19",0.0220497648688978,0.184521975038678,0.00512835723022778,0.352591315513433,0.0520891229979158,0.115101577850525,0.0120352216817074,0.248194745193934,0.00828791962468224
"20x19",0.0731224099202464,0.0566875764006269,0.0200154543131448,0.298346321379989,0.062673604676551,0.0312276103684394,0.241827232993632,0.00939679561486277,0.206702994332507
"28x19",0.0335011955437535,0.104150150656988,0.0877557446976921,0.122096728747984,0.0199329222122072,0.315328156674477,0.00758630649427368,0.304405217818906,0.00524357715371918
"18x19",0.116352361362378,0.068771750218683,0.0271380336338428,0.301492620744183,0.0430051497284242,0.0529421381191438,0.295977830169212,0.00330468269991566,0.0910154333242182
"15x19",0.0834156744343506,0.0568158467026317,0.065726207894196,0.291024444913661,0.0392170162131217,0.0170837863286998,0.325786334326557,0.0110799703173199,0.109850718869463
"23x19",0.050251139763693,0.168098552048141,0.0770338196856044,0.116648759289303,0.0469971263818946,0.330482755857879,0.0322704916162545,0.073015099670563,0.105202255686668
"19x19",0.0619371898322327,0.0368432155142119,0.0321635323395225,0.392186706582584,0.0354354026719454,0.031580257320399,0.222674177449412,0.0186490146856491,0.168530503604043
"9x19",0.056036287642518,0.0754527650651704,0.0514657889048556,0.407504174768882,0.03560976096908,0.0238613118105601,0.173857143617851,0.0852772838409256,0.0909354833801577
"17x19",0.0461041724777007,0.0780645842516359,0.020658609319993,0.639607989835071,0.0396737731091283,0.00464338181678483,0.10565847334377,0.0147862587513696,0.0508027570945464
"24x19",0.0557085737430237,0.106941192160265,0.0406280319877898,0.446997331445017,0.0460134186462951,0.0920694395707667,0.118181578446958,0.0173939473863819,0.0760664866135024
"12x19",0.0878493910252546,0.0414841726682521,0.0161514052612951,0.203328155331225,0.0484495851268824,0.0559792086415445,0.42714445994627,0.00690829397523856,0.112705328024037
"8x19",0.116530375868557,0.0499396066938441,0.045324188225772,0.0945941906873893,0.0434315867844675,0.024896674247455,0.415285475798726,0.00265675192468493,0.207341149769104
"5x19",0.072996361801522,0.106813020837278,0.0411027847155826,0.322863864658577,0.0790050948659541,0.0509232462334821,0.144917745073485,0.0394261357167566,0.141951746097363
"13x19",0.102973806477812,0.0541340142521122,0.0740197946611345,0.303558107712966,0.0581956466596998,0.0214452760411594,0.231758253408147,0.00456643229242332,0.149348668494546
"7x19",0.167370373661932,0.0487838016827529,0.0655811410380645,0.0584127784028823,0.030038481841245,0.0454014996525657,0.343957709533853,0.0207879438252681,0.219666270361437
"14x19",0.100095339349527,0.0653955345885497,0.056874452721481,0.263631516341628,0.0450876905680029,0.0168891382148719,0.313499452268453,0.00945684653117285,0.129070029416314
"6x19",0.084178161077213,0.0465677811835364,0.0470691546522718,0.391226950941857,0.0696396463903151,0.0381878508984654,0.179148464072054,0.010522137776933,0.133459853007354
"21x20",0.12763133299899,0.0422880204142928,0.045086783230631,0.166738974763027,0.0875319229569831,0.0320984297523592,0.221096281024841,0.0187878055688936,0.258740449289983
"22x20",0.121058883040756,0.08004993664842,0.0644342924595941,0.166958120191559,0.0490384278312727,0.042465051097917,0.218866112898406,0.00666389209049583,0.250465283741579
"27x20",0.0843014852486233,0.113848224038041,0.0855209227233563,0.410447639801612,0.0276893235596995,0.173633667423621,0.0112817814700163,0.0631613948637047,0.0301155608713254
"28x20",0.0379293535473265,0.0861329713804496,0.0399985022020306,0.662955284686238,0.0235659028725056,0.0449117890945182,0.0770495551093274,0.00772538784675995,0.0197312532608439
"16x20",0.0415189773931901,0.0723829065039778,0.0251547817040578,0.619645631925151,0.0338880439732113,0.00672219131705579,0.119138589097098,0.0467932873615617,0.0347555907246962
"23x20",0.0674331282265918,0.145125390403893,0.0423685935636631,0.121848473148868,0.0235559413709969,0.372700006277399,0.0604079765594412,0.080104620161806,0.0864558702873421
"11x20",0.102590731069292,0.0400537563314488,0.0196970892403779,0.195813219660622,0.0689813407307309,0.0617583929718386,0.287192032454455,0.0244917654852557,0.19942167205598
"19x20",0.0986637191308092,0.139490928124893,0.139633768249455,0.213921931421901,0.0262901941172157,0.0451701678361532,0.158649384493031,0.00955903819447107,0.168620868432071
"20x20",0.0308897721840947,0.0177774120404573,0.0206299689615877,0.377828199565007,0.105682075403567,0.0139469812528948,0.204025934618937,0.0226287537000643,0.20659090227339
"9x20",0.0583526121176723,0.103247391823029,0.0270738826681948,0.428016306381325,0.0386734322327339,0.0209011163672604,0.225427764100184,0.026524873151914,0.0717826211576859
"17x20",0.0436568822018771,0.0659475068613223,0.0286567181837369,0.539528378290122,0.0654896139409765,0.0411312139937228,0.137742943794779,0.0182088136334707,0.059637929099993
"25x20",0.0323258074776263,0.205093166679001,0.0312602017519494,0.372595521028771,0.0279316524317129,0.198140450457221,0.0414190482292637,0.0764819824081296,0.014752169536325
"26x20",0.0743785157331055,0.162035537339538,0.0488369426501319,0.333234302541133,0.024226780887402,0.194911828139564,0.0484712000658251,0.0917772332095996,0.0221276594336999
"6x20",0.130930078855118,0.0827482115384115,0.0522597767141237,0.196518915576709,0.0643908911922901,0.0270033298089342,0.278390732037391,0.0123084246702962,0.155449639606727
"12x20",0.0717683301950799,0.0437768366385446,0.0371472986368655,0.528515939558021,0.0488937897036643,0.00915463453301505,0.127280155138887,0.00173495556385763,0.131728060032065
"15x20",0.0763251424730285,0.0744401926476777,0.0447841598663274,0.34610327789495,0.0429277828394753,0.0198653450370164,0.221534151707549,0.04970770042767,0.124312247106306
"24x20",0.0802356074603005,0.155624614534142,0.0681465704201605,0.218350343442423,0.03720237329962,0.315404444693461,0.0288905733437263,0.0420396223969238,0.0541058504092429
"7x20",0.0875771146151321,0.0463923393976524,0.0276849353630782,0.21688635638947,0.0961544201060982,0.0278702763414777,0.284185132054885,0.0258366684927429,0.187412757239463
"14x20",0.0484043196870744,0.0733674408794647,0.0586030753031311,0.292953342296652,0.0616084537959831,0.0487739283039871,0.168384145788167,0.0113764495748419,0.236528844370699
"18x20",0.0993029169477647,0.105730362951343,0.0818211967590075,0.364890672922865,0.0184671577610486,0.100838269903019,0.130562055524666,0.00699529997946702,0.0913920672508189
"8x20",0.0785458254888822,0.0913666215950017,0.115194377327544,0.181014084164732,0.095794569062297,0.049735125614815,0.239861606935627,0.0193612977267167,0.129126492084385
"13x20",0.0666709268196252,0.0306852394953137,0.0341598504420048,0.29981914590549,0.0842158240292472,0.0150497621855076,0.262336431997253,0.0119873152341043,0.195075503891454
"10x21",0.0956920249351193,0.0587313368503423,0.0545496555728999,0.356711819708129,0.0480035712315347,0.0148488520619042,0.24049530008773,0.00553488507992501,0.125432554472416
"9x21",0.0919176370815174,0.11356464176343,0.0560909553204019,0.14717568602862,0.0494304573002404,0.0457785312316751,0.315505568341688,0.0343288824266276,0.1462076405058
"21x21",0.081991182136874,0.0484448120823111,0.0367593679350068,0.417551958909652,0.0757895540992204,0.00850123123082995,0.161289518755938,0.0038183584391408,0.165854016411027
"11x21",0.0827139116898755,0.0309158121223952,0.0263003154252358,0.334600820966042,0.0852990587382991,0.0259212822750863,0.250684525046091,0.0156860223897073,0.147878251347267
"27x21",0.10524803270727,0.0771318918181554,0.0390117577341653,0.311497935496074,0.0397671942913733,0.045230611261055,0.313127105949776,0.00118963452149946,0.0677958362206317
"22x21",0.0790064092949003,0.171964453254849,0.0409699932922726,0.187900633757229,0.0679704148054908,0.167174373250603,0.139496828532904,0.0265873256421351,0.118929568169616
"28x21",0.0756595786140194,0.039918726238339,0.0710205355826057,0.44869127641896,0.0288479621875305,0.0432040278556979,0.169184657189912,0.00885942286519798,0.114613813047737
"26x21",0.0558264740068282,0.13371662778729,0.0637797562317536,0.395141657138769,0.0904364824379725,0.037700496936578,0.109700779863251,0.0151289625411072,0.0985687630564515
"20x21",0.0519737407338076,0.0317026870925222,0.0247174698438179,0.450226815881224,0.0984793593076434,0.00599376771718306,0.167541406297278,0.00877243486508775,0.160592318261436
"16x21",0.0184794559200587,0.123652809591975,0.0264903078600073,0.543245662017611,0.0379093432720599,0.0127386511194941,0.0802400090830672,0.134793324160196,0.0224504369755306
"6x21",0.145127627494575,0.0563525089274281,0.0663168903077686,0.0118185121732278,0.021732814893332,0.165753976181908,0.33545393638509,0.0014209297548376,0.196022803881833
"7x21",0.122371830137416,0.136794260082463,0.0538878113320553,0.36896463743268,0.0680330321587108,0.0374280561011541,0.131659442600122,0.00709579934241622,0.073765130812982
"8x21",0.142184853996264,0.0724671466793186,0.0686864893883097,0.274235792502971,0.0304582893321392,0.0353419052110126,0.176696951758896,0.0515051829162918,0.148423388214797
"14x21",0.077229741854571,0.0642983171907017,0.055640573041933,0.172398280919529,0.0815599923398763,0.0574682706454152,0.190470919864912,0.0500379088010001,0.250895995342062
"15x21",0.0684459954489316,0.0524822140455239,0.0329212530696838,0.356068296754396,0.0661448822529408,0.0276196177597431,0.250806486835253,0.0133480253762751,0.132163228457252
"18x21",0.0390454250280637,0.178063555156446,0.0354631248009915,0.428701153222126,0.0325512537447796,0.0484102702151388,0.128414247981932,0.064016550005707,0.0453344198448147
"24x21",0.0754690798724857,0.310112162914381,0.0444803060860046,0.127705131569485,0.0137562380499485,0.264438242743066,0.0460772454181134,0.0325673619212444,0.0853942314252711
"13x21",0.103643042793508,0.074587458249894,0.0459726649823467,0.189135892764169,0.0305217408152037,0.0706372097057214,0.280796830198245,0.0386739857309793,0.166031174759934
"23x21",0.0792703833262639,0.131639000359598,0.0745648472209125,0.320004397213696,0.0666644820945103,0.151082554174197,0.0893852798916434,0.0235646104093169,0.0638244453098612
"25x21",0.0450550555935009,0.12721125234228,0.0555744295194262,0.477870677283573,0.0383078243998391,0.0903762703771843,0.0980339564912898,0.00764382532271802,0.0599267086701888
"19x21",0.0757869639005937,0.065003399787687,0.0629653880344074,0.350696697380746,0.0462954383359528,0.0119588527037719,0.261651202820125,0.0178709482315425,0.107771108805174
"12x21",0.0705068924168129,0.0727273901402201,0.039192469279732,0.26121451804961,0.0530716829809873,0.0333092675428511,0.204709538009411,0.0448890934207708,0.220379148159605
"17x21",0.0543761940914527,0.132451552217944,0.0731174846068825,0.451917321507112,0.0272357355929281,0.0607132380423263,0.0873093057904384,0.0589181319079603,0.0539610362429553
"22x22",0.0848831460887157,0.1204537107787,0.107381629994188,0.163166879595264,0.0587734000989185,0.0609482451855669,0.209237211692554,0.0278355463359318,0.167320230230162
"10x22",0.0604268478367011,0.0968751294586207,0.034038393537134,0.10566160821349,0.0553757046675691,0.0681410924796764,0.403401012336203,0.0141579845707192,0.161922226899886
"11x22",0.0714357103940005,0.0290108789085962,0.0183297074022486,0.134595607289112,0.0523841618520599,0.0678260879266609,0.326336421365157,0.0186561978856909,0.281425226976474
"21x22",0.10938100469485,0.0577641956792838,0.0710118836115928,0.37221036814252,0.0611975736178602,0.0189670212049463,0.0918002122952453,0.078127753793116,0.139539986960586
"20x22",0.0913535201849475,0.0941872042548941,0.0659850934869666,0.221503221834821,0.0567016125184281,0.0441515728363591,0.249877863448433,0.00582687747874157,0.170413033956409
"27x22",0.0690544391363468,0.0299379832237419,0.0297826635814382,0.488039507008018,0.0455357059107191,0.0237277831304846,0.237954405162732,0.0029562942223042,0.073011218624216
"19x22",0.061111551378491,0.0645822470816263,0.0492152269932247,0.519398027255262,0.0510180999380519,0.0201022197449168,0.0992912258671839,0.020119849832432,0.115161551908812
"26x22",0.0453327372675036,0.163828463692391,0.0901150566915728,0.374242255817016,0.0447157626320086,0.0837167081532807,0.11447999816332,0.00592959691868048,0.0776394206642268
"8x22",0.0281956396783,0.0820241432616058,0.0287764102175006,0.445227880969941,0.0584008749765958,0.0240018422252839,0.187048948390984,0.039865409871454,0.106458850408335
"28x22",0.059764673791017,0.0583068871232457,0.0173233067249442,0.541837169441714,0.0636974639309319,0.0198385232765876,0.134585042729935,0.0369287966501149,0.0677181363315093
"9x22",0.124350098972992,0.0830776763881719,0.0833384345035165,0.296098906071371,0.0651653886938065,0.0201119781373919,0.19699104321505,0.0296250021498566,0.101241471867843
"15x22",0.0735968775411009,0.134323901250511,0.0925354175404229,0.405347475896488,0.0237614389233904,0.0260548164271973,0.102944225890094,0.0491860222159,0.0922498243148965
