"","Endothelial","CAFs","PVL","B-cells","T-cells","Myeloid","Normal Epithelial","Plasmablasts","Cancer Epithelial","sid"
"11x9",0.0265984527370141,0.149108851107068,0.173670668586435,0.046960312321152,0.00302716623890173,0.140270378248361,0.00115010561528004,0.456622841575445,0.00259122357034271,"BC23288_E1"
"10x9",0.00821912446240748,0.18476193168385,0.138305596610359,0.0156237910705829,0.00137714940390977,0.142160353719734,0.000104562870308452,0.508218388002764,0.00122910217608482,"BC23288_E1"
"18x10",0.00858960031247853,0.135279944398401,0.0764084840374203,0.0340565536895466,0.0031309025044172,0.158892044640274,0.00059376233595295,0.580425608794452,0.00262309928705817,"BC23288_E1"
"19x10",0.0500353065268633,0.180436570756122,0.173696771517461,0.0108548659262,0.0028924357767014,0.240875438831473,0.00138313095301572,0.335147764621128,0.00467771509103489,"BC23288_E1"
"11x10",0.0893703369932911,0.202010383177047,0.115128540003487,0.0276116221541596,0.0326132440727028,0.297224784389031,0.00272349198289404,0.222984855781864,0.010332741445524,"BC23288_E1"
"9x10",0.0311890832953716,0.113954072433631,0.208685210260687,0.189387318743698,0.00282845233360643,0.104836762576313,0.00137972511633555,0.345566708022071,0.00217266721828626,"BC23288_E1"
"8x10",0.00338002903755698,0.108911781089963,0.16461147173472,0.0121284039962615,0.00118145572454533,0.18368368663763,0.000503292746115727,0.524852491188245,0.000747387844961815,"BC23288_E1"
"10x10",0.0726865293368317,0.150975818557276,0.122236765545604,0.174344113116006,0.0187867117078856,0.13041429454924,0.00149492758590395,0.325073923664454,0.00398691593679926,"BC23288_E1"
"12x10",0.0218088659012087,0.12330196312466,0.136315821265864,0.03735330499861,0.0113860486545737,0.196278698289244,0.00238383898569606,0.465212354195041,0.00595910458510177,"BC23288_E1"
"7x10",0.0196539269751921,0.202092496422287,0.10852835386896,0.248637769227831,0.0205200618402738,0.0701429805215455,0.00255644323542374,0.326442695635911,0.00142527227257633,"BC23288_E1"
"13x10",0.0311918057124795,0.10129445496584,0.199019908824405,0.0477471992250807,0.00441573684872684,0.186331241747183,0.00107489568248343,0.42610739085761,0.00281736613619032,"BC23288_E1"
"6x10",0.040180312064553,0.125396340037761,0.292479907348044,0.0167245372682753,0.00324829010643334,0.188270454644452,0.00101389431572512,0.331764712763228,0.000921551451528946,"BC23288_E1"
"16x10",0.0051893895177496,0.10160005088787,0.0678285352379929,0.000959820031042877,5.55991176178085e-05,0.136289883880549,0.000188049772229381,0.687374735083149,0.000513936471799833,"BC23288_E1"
"5x10",0.0474506026527809,0.110989030483456,0.325541274009129,0.0637958630282999,0.00170620555852213,0.151943627307892,0.00322225149972458,0.292736639041432,0.00261450641876279,"BC23288_E1"
"14x10",0.014550319066309,0.0916527890754691,0.0517809594144649,0.0127474552370992,0.000126539322334826,0.0696842773897804,0.000135958727362171,0.758948827145065,0.000372874622114816,"BC23288_E1"
"15x10",0.00377269679555638,0.126220123476933,0.0350615810662784,0.00999641188932356,0.00046342012621131,0.153873347237034,0.000456035090240965,0.669288047297006,0.000868337021415706,"BC23288_E1"
"20x11",0.0706931045114816,0.223810510974301,0.126425158628653,0.019587560435903,0.00153920729795359,0.277038043335139,0.000892987772123812,0.278045867324132,0.0019675597203137,"BC23288_E1"
"9x11",0.0514774124203739,0.100883975747049,0.236498817506263,0.136279268579384,0.0289761841593708,0.137406730641435,0.000937413808428523,0.305805101225917,0.00173509591177971,"BC23288_E1"
"19x11",0.0694626590064589,0.122568251404148,0.113824273057388,0.0065862172846844,0.000475713944981128,0.240044053225192,0.000165150332380807,0.446605057945538,0.000268623799229022,"BC23288_E1"
"16x11",0.0467580929771286,0.157561534897887,0.12764556790097,0.0155087717460237,0.00131472356776915,0.163590231954573,0.00593882959168806,0.474156328049429,0.00752591931453219,"BC23288_E1"
"6x11",0.0421154273225291,0.138873199683265,0.163735630992316,0.0210578736318772,0.0070557120789164,0.24762179146541,0.000501629367290432,0.376916213157911,0.00212252230048461,"BC23288_E1"
"5x11",0.0357049898249319,0.115311214544399,0.26072603675441,0.226824110835944,0.044369708252817,0.126926371338213,0.0174696209151655,0.152063734799598,0.0206042127345228,"BC23288_E1"
"7x11",0.0179599098340167,0.0952853873847087,0.305565531100993,0.00589710210059993,0.000836310132937853,0.144170155812965,0.00182031090717678,0.424194303989338,0.00427098873726345,"BC23288_E1"
"21x11",0.0391011608728336,0.191622139137856,0.19582693607568,0.00623477454722591,0.000305813122078617,0.252996308446713,0.000481783974794814,0.311824156997203,0.00160692682561392,"BC23288_E1"
"22x11",0.0321259751076344,0.171657562318153,0.231824975043327,0.0177401671335218,0.00483058316853335,0.288563845751454,0.00170612123031641,0.248374153608468,0.00317661663859247,"BC23288_E1"
"17x11",0.0511860780553991,0.131150974861358,0.138149835418882,0.031430256705041,0.00311660506972992,0.145964227836929,0.0050533360119292,0.488523491026861,0.00542519501387115,"BC23288_E1"
"10x11",0.110785793158417,0.178513758151703,0.217345716105071,0.0532253124148496,0.00950770403204317,0.0949695434367329,0.00229107209323201,0.328915972307485,0.0044451283004668,"BC23288_E1"
"8x11",0.0111635747376878,0.115317151779618,0.15493258605347,0.0844444907692862,0.000526588827542552,0.174859222532492,0.0008257537322401,0.45597350210713,0.00195712946053287,"BC23288_E1"
"4x11",0.0139655739334709,0.13563603763937,0.272280217427525,0.0164730665804467,0.00233588931627664,0.148574439947152,0.00140611940384415,0.40738828878031,0.00194036697160503,"BC23288_E1"
"18x11",0.00601671438364234,0.0786546494121566,0.0635876109535114,0.00134266808281126,2.92683846934469e-05,0.14749610266693,0.000115099466555368,0.702682443024295,7.5443625404394e-05,"BC23288_E1"
"12x11",0.026029791462436,0.170225225372932,0.0984579980165441,0.0447442372982413,0.00229097620160552,0.143370313277779,0.000406750458077507,0.510165948766238,0.00430875914614769,"BC23288_E1"
"24x11",0.00531746941884629,0.150988481337853,0.107757510243205,0.000434954369458529,2.31871034883891e-06,0.275724888237118,1.25142249324075e-06,0.459765720123338,7.40613733895214e-06,"BC23288_E1"
"15x11",0.0674005243238303,0.14929521540474,0.0711537051753655,0.0754525854466705,0.0054439547440745,0.133500812290211,0.00277540358803836,0.486126530025516,0.00885126900155369,"BC23288_E1"
"14x11",0.129011706454488,0.127941425476524,0.172178146871996,0.00609279589820111,0.0106649409248046,0.108618125312245,0.00117045101027012,0.442378303501926,0.00194410454954434,"BC23288_E1"
"23x11",0.00297849286284504,0.164814467713092,0.067576302709135,0.0447831486194589,0.000615361017837437,0.249999121724024,0.000130914543138406,0.468707804043503,0.000394386766965851,"BC23288_E1"
"13x11",0.0744145149955487,0.17681683259276,0.209963111778984,0.00198134956703269,0.0012736083228916,0.162766959415943,0.00226471178902208,0.362740986594449,0.00777792494336926,"BC23288_E1"
"17x12",0.0375114307734129,0.128980845699336,0.164372084981688,0.00721391182332089,0.000933820182538268,0.167189309606597,0.00438374994259103,0.484250236945019,0.00516461004549646,"BC23288_E1"
"5x12",0.0151857587060634,0.229111285192744,0.0472510290942525,0.193022917119168,0.00112480630840244,0.136609371515609,0.00291061341424226,0.3739609025754,0.000823316074118787,"BC23288_E1"
"28x12",0.000480782344070756,0.162642466692812,0.0462451632019714,0.000128997102143751,2.53092443189655e-06,0.163231902913407,1.06029082927852e-06,0.627258712326559,8.38420377586422e-06,"BC23288_E1"
"11x12",0.0485455903329048,0.146973614967833,0.126947616754802,0.0101594029841765,0.000657592974146529,0.0916061267405841,0.000223578098461282,0.574378585057952,0.000507892089139926,"BC23288_E1"
"9x12",0.0500045523365523,0.121715020395863,0.189992867134634,0.0163887270475036,0.00453191114753293,0.146967883189821,0.00178741324007605,0.464461558753722,0.00415006675429485,"BC23288_E1"
"27x12",0.00258552639980637,0.199466598779443,0.0536247307074118,0.00914723783406737,0.000144270107930544,0.204962702725939,0.000271088863505591,0.529571371997125,0.000226472584770758,"BC23288_E1"
"20x12",0.0237261236560371,0.141496178938168,0.0414265184355811,0.00299010984716,0.000206405480276308,0.205914202534151,0.000187042456660772,0.583567189296626,0.000486229355339747,"BC23288_E1"
"26x12",0.00671967755933455,0.143827066198288,0.179256257835526,0.00092142634247021,1.23234860554237e-05,0.178881196644791,0.000111493903063972,0.490171358980692,9.9199049779894e-05,"BC23288_E1"
"18x12",0.0247075885392628,0.0885919222252496,0.105986430948553,0.0108128286089373,0.000712473286533294,0.156426920878961,0.000352488496287198,0.611485167942284,0.000924179073931738,"BC23288_E1"
"22x12",0.000525082737730053,0.102079769774215,0.0366374308580921,0.000131818803520814,3.21201615478131e-06,0.132703288628057,9.43705694583285e-06,0.727884330260791,2.5629864493269e-05,"BC23288_E1"
"25x12",0.00295032507780372,0.136249824055549,0.153729172460882,0.00133470992206499,1.97622363010403e-05,0.141390041422623,5.35595914451501e-06,0.564298694078475,2.2114787156711e-05,"BC23288_E1"
"19x12",0.000199434210929044,0.0800277231971858,0.0321161627230323,3.45995006549438e-05,7.50519798209845e-06,0.219976529423796,2.42706477858772e-05,0.667508906091973,0.000104869006660981,"BC23288_E1"
"15x12",0.182129176987843,0.18149793023606,0.162814286957095,0.00998413080957953,0.00494982007977982,0.108034914450318,0.0109222079271562,0.324912110864257,0.014755421687911,"BC23288_E1"
"7x12",0.0197455795937505,0.091522769978323,0.191530918163206,0.0021451665314289,0.000151174392063075,0.161510137973082,0.000104684937900826,0.532758794196305,0.000530774233940705,"BC23288_E1"
"8x12",0.0111742313351087,0.0977953048425403,0.123805366173225,0.029648413231187,0.0014664171563447,0.151188333246588,0.000204761028295571,0.584291477863895,0.000425695122815671,"BC23288_E1"
"14x12",0.157946423911907,0.0779301052492522,0.325330869877448,0.0392090601904061,0.0366471459498848,0.0598233776526152,0.0123074295683126,0.277087805167177,0.0137177824329976,"BC23288_E1"
"16x12",0.0697895265167597,0.133834463728353,0.246752682870571,0.00468251715979183,0.000830473709366755,0.180209540732499,0.00416520320861688,0.337445610048891,0.022289982025151,"BC23288_E1"
"21x12",0.0138073495350765,0.148417674812761,0.0247919746258134,0.00163118622202246,0.000709010403267948,0.265860801555655,0.000228657774340662,0.543157565581939,0.00139577948912373,"BC23288_E1"
"24x12",0.00560996818119824,0.115004015233389,0.0984621335789025,0.00754550769329517,0.000338136255200559,0.201239103045929,0.000312328706495277,0.570390214439163,0.00109859286642776,"BC23288_E1"
"10x12",0.0314702870996483,0.151749910623797,0.0751396815063633,0.00129511193993576,0.000893027514610401,0.135360572016262,0.000189498913026187,0.602149521061835,0.00175238932452154,"BC23288_E1"
"6x12",0.0223110262737248,0.160276075276502,0.211273137988244,0.129611816697072,0.00490950791769092,0.161221736703123,0.00288041712632456,0.302994605626872,0.00452167639044767,"BC23288_E1"
"4x12",0.00488729211506435,0.109568006442605,0.247745828128835,0.00377832755260393,0.000833500942555915,0.16993136679621,0.000813926559373652,0.458361621270309,0.00408013019244258,"BC23288_E1"
"3x12",0.0339586271211209,0.111584242320182,0.361625885949302,0.0353718390232156,0.00208482090976031,0.199581799410286,0.00201957561339642,0.247919152186726,0.00585405746601112,"BC23288_E1"
"12x12",0.147904810366592,0.159915819566933,0.223719789290449,7.18090898249303e-05,0.0001018271939278,0.0492474877875595,0.00197913957946023,0.414932951757533,0.00212636536771995,"BC23288_E1"
"13x12",0.0758988717539433,0.122890006703263,0.302946291143246,0.1730158728921,0.0288914677711095,0.0364930726830701,0.00220811806281843,0.198779309027907,0.0588769899625433,"BC23288_E1"
"23x12",0.0020925157393423,0.145265752744334,0.0285256929818294,0.00133039593311232,2.00288867824326e-05,0.120852944733335,1.05579528065754e-05,0.701871302285615,3.08087428433857e-05,"BC23288_E1"
"6x13",0.042719042196092,0.129298257487699,0.0607134949029604,0.0208486903354885,0.000955011859811424,0.215722454110299,0.00147963372988681,0.527165962769449,0.00109745260831436,"BC23288_E1"
"18x13",0.0153195281090988,0.119284318164006,0.0598125862135817,0.00172249072027919,2.6840333342955e-05,0.161935356471783,0.000114208305437378,0.641546841421792,0.000237830260679475,"BC23288_E1"
"20x13",0.0124728219537074,0.133198943452746,0.186194972628606,0.0368634361764591,0.00189145389528688,0.201601638855153,0.000644503485289665,0.422726958548576,0.00440527100417657,"BC23288_E1"
"22x13",0.0152340794189508,0.174642995033565,0.0486273172168787,0.00196404496379436,0.000317864414292774,0.250300798409152,3.4868808371165e-05,0.508727483631753,0.0001505481032424,"BC23288_E1"
"11x13",0.0498115430803458,0.195188446230079,0.341974279517493,0.00142280443419362,0.00111731814228534,0.118569884850313,0.0107580997218012,0.274672708584068,0.00648491543942107,"BC23288_E1"
"19x13",0.00184702115302579,0.0891107769352543,0.053140077644904,0.000367276972330023,2.48388950039417e-05,0.133488508467351,0.000169439874565618,0.721752894454103,9.91656034626108e-05,"BC23288_E1"
"9x13",0.064428002277134,0.231646894006862,0.225429109006638,8.80597528560147e-05,8.92929048556291e-05,0.164967424342705,0.000400268447668958,0.311179133744305,0.0017718155169747,"BC23288_E1"
"21x13",0.0327577790758413,0.151932894438608,0.112594671510574,0.00267543799702221,0.000791338484050016,0.213233723932605,0.00117963511561367,0.470816776624608,0.0140177428210787,"BC23288_E1"
"29x13",0.0171768146569781,0.189887922314542,0.217766062215057,0.00081115183396482,0.00263308216157035,0.174796581184924,0.00366308860153887,0.379675749460253,0.0135895475711722,"BC23288_E1"
"26x13",0.00287869597781579,0.236906949349475,0.0718693778496562,0.00117102946932122,3.28872604412866e-05,0.183632100174908,8.64122876476739e-06,0.503485271537273,1.50471523446159e-05,"BC23288_E1"
"27x13",0.00519696732891524,0.236041414634964,0.164678194538172,0.0106967462303468,0.000368222516056296,0.187063283621726,4.13835135708452e-05,0.395300876461375,0.000612911154874592,"BC23288_E1"
"25x13",0.00228311128311066,0.206263175373541,0.0716940684612917,0.00401907248560926,2.55849666209619e-05,0.287221906929488,1.53473824943433e-05,0.428400491617892,7.7241499952714e-05,"BC23288_E1"
"28x13",0.00459871160758499,0.238340219263162,0.0495822262577001,0.000178918967901119,0.000116254605255025,0.162683085777426,0.00013301601585394,0.544182476275329,0.000185091229787822,"BC23288_E1"
"2x13",0.00202940590776787,0.245576622586387,0.0707716266809095,0.0441323588751844,0.00588473495472795,0.186946961551437,0.00068621587990891,0.435240711792921,0.00873136177075634,"BC23288_E1"
"7x13",0.00729356509841929,0.0989647998231946,0.117391679796372,0.00620830023332657,0.000170547824611938,0.143170498760962,0.000193301390474668,0.626269230106654,0.000338076965985288,"BC23288_E1"
"24x13",0.0052779879650413,0.178339637649348,0.0806525350988576,0.00916144628412763,0.000339307003327765,0.231088213652685,9.72439871852702e-05,0.494792974420006,0.000250653939421949,"BC23288_E1"
"3x13",0.0879210907173993,0.0916986156720618,0.15512589535187,0.274331268925477,0.0238421181358633,0.0306253723070421,0.00408180528492796,0.322312863624555,0.0100609699808034,"BC23288_E1"
"10x13",0.130492291972485,0.176713240455222,0.223881033745626,0.000910225140625561,0.00142425314051359,0.173649416954669,0.00521778620965248,0.27648503826676,0.0112267141144473,"BC23288_E1"
"17x13",0.067599798646633,0.0891751460937824,0.219715783314232,0.00247168898126759,0.00127294394852591,0.136621382311106,0.0357922281272657,0.440993825139291,0.00635720343789697,"BC23288_E1"
"16x13",0.132144766945207,0.136811499907409,0.112237718257849,0.00112530182193098,0.000417804411441892,0.142543497527462,0.0073213452863173,0.440247537994452,0.027150527847931,"BC23288_E1"
"14x13",0.065177395756469,0.0737411424313694,0.268117505833543,0.00672368043039703,0.00335822909728863,0.0906023239822397,0.000808724933648564,0.482395476445588,0.00907552108945655,"BC23288_E1"
"15x13",0.0570429627916079,0.162275466011248,0.198869590611143,0.00183954824612713,0.00111893489237378,0.14337371199018,0.00770577573514882,0.421027619338808,0.00674639038336293,"BC23288_E1"
"5x13",0.00749368785126466,0.106925402688289,0.187504721148105,0.235385119012747,0.00722686434570051,0.095818561945958,0.00181262278307275,0.353945503389994,0.00388751683486885,"BC23288_E1"
"4x13",0.0838061179831354,0.221187704322313,0.14977234637357,0.0403629165097852,0.0016854200167855,0.102074531732098,0.00404029268286964,0.394875289640792,0.002195380738651,"BC23288_E1"
"8x13",0.0131866811057623,0.0854230126475541,0.0619444039229854,0.0249221559680829,0.000139618789038621,0.103383748840414,7.56646642059232e-05,0.710796756182751,0.000127957879205989,"BC23288_E1"
"12x13",0.122620808310917,0.226854834550347,0.23727245073558,0.00190268747722189,0.00292304222836957,0.164277275516678,0.00588701132380212,0.206608870776546,0.0316530190805381,"BC23288_E1"
"13x13",0.14359365251429,0.0989229563032664,0.342278655201982,0.0147784139901192,0.0136821453413496,0.106865829090993,0.0232022991320439,0.159874223329141,0.0968018250968151,"BC23288_E1"
"23x13",0.00366996863636753,0.124925575561081,0.0196444958000591,0.00182514632475166,3.8867124574236e-05,0.223727837318592,1.85126970592425e-05,0.626079568490897,7.00280466190855e-05,"BC23288_E1"
"20x14",0.0112017302956084,0.106727531161386,0.11741232618906,0.00191306012679249,0.000239374648979973,0.146148601021509,0.000225252863096252,0.615679828036513,0.000452295657055059,"BC23288_E1"
"22x14",0.0256842174718573,0.187245468341142,0.110001366354094,0.00128388535593147,5.57557430630836e-05,0.0979090588733738,7.82672603283566e-05,0.577425931013066,0.000316049587143835,"BC23288_E1"
"9x14",0.0832152935684726,0.198575059867853,0.344646834623603,0.00665616926684266,0.00318536349332672,0.108761351845576,0.00169095492168709,0.241942136881465,0.0113268355311744,"BC23288_E1"
"11x14",0.0446506084643696,0.172224674715321,0.310545412036678,0.00374945488040945,0.00200055947427506,0.180243278936203,0.00397401861284707,0.239817016265317,0.0427949766145795,"BC23288_E1"
"21x14",0.0195700068535864,0.159494966313834,0.219919053393297,0.000730798356403403,2.52290775695757e-05,0.21964575176584,0.000123824701242518,0.379579889862636,0.00091047967559122,"BC23288_E1"
"8x14",0.015875010568395,0.123910697205926,0.202593142031226,0.000603668401099753,0.000137465796161232,0.134626654225473,3.37906939240057e-05,0.521920235254564,0.000299335823230394,"BC23288_E1"
"19x14",0.00847484829108454,0.110884711937355,0.0662030069061973,0.00175843971755647,4.75089262741053e-05,0.142610835762682,4.80454590771949e-05,0.669488680023087,0.000483922976686117,"BC23288_E1"
"27x14",0.018563674784496,0.182087078187184,0.134720124642304,0.0638854625508821,0.0048606256707138,0.173583608387858,0.00508171417953691,0.394268165827298,0.0229495457697276,"BC23288_E1"
"28x14",0.0184861713810962,0.19945954672464,0.333404587949041,0.0002588366198319,7.81320139734821e-05,0.159550492736714,0.00301938001399949,0.284411982497814,0.00133087006288952,"BC23288_E1"
"29x14",0.0254897413212557,0.14822302475196,0.372995982853234,9.0498698636153e-05,8.84843139963116e-05,0.159370555068927,0.00111029317670066,0.285777024098238,0.00685439571705146,"BC23288_E1"
"16x14",0.00894836616789595,0.210214860626089,0.206467919661346,0.0251349031346386,0.000707294700254449,0.130601625243044,0.00460741887620119,0.409354203012122,0.00396340857840845,"BC23288_E1"
"5x14",0.0160573219780039,0.164445317766527,0.177728568006276,0.00701773070496859,0.00184794619082373,0.202414266969223,0.00110276516098088,0.42352588167489,0.00586020154830792,"BC23288_E1"
"7x14",0.0063324828273989,0.124337819006798,0.0357157658355897,0.013029667745197,0.000177785928265921,0.112278092776318,0.000130123234250368,0.707689122723989,0.00030913992219275,"BC23288_E1"
"10x14",0.0724090662172033,0.0886815181647176,0.152656409490634,0.00207533427651257,0.00105022371737653,0.0796647231640443,0.00107387349708937,0.598588145687086,0.00380070578533603,"BC23288_E1"
"17x14",0.0133547080214741,0.127527022275087,0.271030091941828,0.011621379387346,0.00932894188247355,0.191715549207852,0.00271238309552323,0.363239986734768,0.00946993745364836,"BC23288_E1"
"26x14",0.00279698926719895,0.104617923047244,0.144050951812607,0.0419571303009739,0.00072064771486582,0.165304783843556,0.000133985103635295,0.53988302352241,0.000534565387509105,"BC23288_E1"
"18x14",0.0111719270080797,0.129222314364085,0.0707372362968798,0.0314600750986817,0.00102749104129689,0.109853989949367,0.000994473608134607,0.644566102999838,0.000966389633636819,"BC23288_E1"
"25x14",0.00692237046903411,0.116108402791772,0.147549216113682,0.00200572185219237,6.8556701621091e-05,0.177811635312393,0.000141846639023425,0.549082874882084,0.000309375238197043,"BC23288_E1"
"6x14",0.00212736810926091,0.071821486439697,0.089828692944258,0.00631849955631329,0.000175089975086643,0.18738524110608,0.000523752020739613,0.641304973875548,0.000514895973017222,"BC23288_E1"
"13x14",0.0771668379298171,0.100323568255867,0.143596000710926,0.00687621909953872,0.00161536971033076,0.101578076506501,0.015341737132221,0.522424561725492,0.0310776289293061,"BC23288_E1"
"24x14",0.00304840952740882,0.184411599147756,0.0269850662197417,0.00643304425959482,0.000211595017936441,0.142744777408917,2.90353641408335e-05,0.636062215545619,7.42575088848613e-05,"BC23288_E1"
"3x14",0.0435940321256047,0.201186133549873,0.121251712836531,0.128803631836546,0.0126044488748054,0.105814384282095,0.00606228938132084,0.36490647030098,0.0157768968122454,"BC23288_E1"
"4x14",0.0140269299079138,0.139527737382954,0.279391999301218,0.0523170587361446,0.00138168585027481,0.189507425217718,0.00094684286450782,0.320983714935802,0.00191660580346751,"BC23288_E1"
"12x14",0.0918298581593544,0.284069474559752,0.217666274270927,0.0136678861454262,0.000651850055496815,0.192777025806661,0.00381735180973874,0.146207682920764,0.0493125962718794,"BC23288_E1"
"14x14",0.00795541099773708,0.113432090374556,0.270100867374432,0.000846226529386041,0.00153148368480766,0.110238828925027,0.00431241627790671,0.44806217388506,0.0435205019510872,"BC23288_E1"
"15x14",0.0663122038245637,0.121951392142762,0.115555508965922,0.139608466684517,0.015399851502971,0.116916430674844,0.00429003121298383,0.406238541090205,0.0137275739012313,"BC23288_E1"
"2x14",0.121974499882231,0.083280566948735,0.233058961173318,0.0347809681264784,0.00502846168213916,0.14467347577098,0.0196761414692078,0.348344934177853,0.00918199076905695,"BC23288_E1"
"23x14",0.00286861805497288,0.144491605315391,0.146327581726404,0.00813031903013985,4.70710977863942e-05,0.207149277751943,1.94446513861143e-05,0.490912733650467,5.33487215103564e-05,"BC23288_E1"
"22x15",0.00627086111051866,0.139783594434708,0.150422900064747,0.00258204097078,0.000234928311611858,0.195408477750045,0.000118131601963271,0.504770065800826,0.000408999954800555,"BC23288_E1"
"27x15",0.0597271120396003,0.122932444664014,0.313469299767554,0.00249508954633838,0.000852629824326507,0.196748474695052,0.00321230279183779,0.288890010261828,0.0116726364094479,"BC23288_E1"
"11x15",0.102527907169383,0.13069748721821,0.406476613188309,0.0151914214458138,0.0204518646684599,0.130647667627893,0.0323218117522305,0.149816778324142,0.0118684486055586,"BC23288_E1"
"20x15",0.00950435601127379,0.129921308984886,0.0943995728502378,0.000648549138904301,7.11553458394247e-05,0.226374243129062,0.000122111005802549,0.538146615750006,0.000812087783988884,"BC23288_E1"
"16x15",0.0424167906913203,0.115554048190656,0.273245629954991,0.012367729972512,0.000327167403099566,0.136286719889324,0.00176221025158571,0.410379566548126,0.00766013709838564,"BC23288_E1"
"17x15",0.0261811254774797,0.100483356057952,0.120987113601078,0.000626912902865665,9.62650684513432e-05,0.129982688568063,0.00020226782419402,0.620175230470732,0.00126504002918448,"BC23288_E1"
"9x15",0.178688820360877,0.0710803844315283,0.2930522844232,0.0663823930427331,0.00294115042411836,0.118796651008502,0.00974379706695127,0.245479596455151,0.0138349227869396,"BC23288_E1"
"28x15",0.0905038968725862,0.137962596932133,0.278211733516445,0.00943023626772634,0.000958823359845516,0.144446259601979,0.00642937292680006,0.283854537016612,0.0482025435058728,"BC23288_E1"
"21x15",0.00410404108132302,0.0658369753474594,0.114524226373645,0.00120267442167773,9.81057672414984e-05,0.173356698489003,7.3035258946794e-05,0.640606690692726,0.000197552567977957,"BC23288_E1"
"26x15",0.0130767601576068,0.141375150486963,0.289346444783436,0.0135650439915771,0.000134011545769324,0.145404525213312,0.000397803351409978,0.396594592590618,0.000105667879307705,"BC23288_E1"
"8x15",0.138328467900767,0.0922350930213636,0.146903392350544,0.0262435047138053,0.00967060145167097,0.105847828974606,0.00858648060231945,0.458471536351558,0.0137130946333661,"BC23288_E1"
"25x15",0.00344702792258962,0.160639689029028,0.1218863886029,0.00019395669200769,8.48124150464448e-06,0.156241391354862,6.54662240378864e-05,0.557105550091984,0.000412048841085629,"BC23288_E1"
"10x15",0.0892245185359573,0.17652182113342,0.318388473456425,0.00524638924907917,0.000759689599669305,0.132183762367231,0.0147751293543205,0.194816161212816,0.0680840550910812,"BC23288_E1"
"7x15",0.0194186424256205,0.147526461577683,0.210373430229614,0.00068043313030917,0.000122284633539675,0.200654795994726,0.000154259275379284,0.420464337610004,0.000605355123125395,"BC23288_E1"
"18x15",0.00632020256719261,0.061958334641631,0.211177005892711,0.000740914016476794,8.39829194999483e-06,0.181001123243212,6.32721505908931e-06,0.538756129702505,3.15644292624035e-05,"BC23288_E1"
"23x15",0.0142891944566595,0.156581937263354,0.119217899417337,0.00691160689016481,0.000408102734663702,0.155173262165144,0.000189687812918228,0.546917887322264,0.00031042193749495,"BC23288_E1"
"24x15",0.00486973616816165,0.0976282945353866,0.147609959260629,0.00591961658619211,0.000151424565694866,0.200436301991731,2.16950483568059e-05,0.543201427996037,0.000161543847810692,"BC23288_E1"
"29x15",0.0677783048953247,0.138948906301499,0.436301656991267,0.000233810028416589,0.000298293672886282,0.0847325698680753,0.00596235799381838,0.243942519137549,0.0218015811111638,"BC23288_E1"
"14x15",0.105450045858015,0.1137671155366,0.0773572835725577,0.441380698227508,0.0326467515877732,0.0949299066038546,0.00941600267400628,0.0870720655026188,0.0379801304370659,"BC23288_E1"
"15x15",0.0458291152714025,0.130912815571329,0.324589063276126,0.0197913268404661,0.00419542104417819,0.136932807015616,0.00306128779793859,0.326196816509033,0.00849134667391037,"BC23288_E1"
"19x15",0.0119468959265284,0.122314679718773,0.116832134186319,0.000498533677037556,6.51542690229995e-06,0.137863157192371,4.14506950390073e-05,0.610436805818348,5.98273586809581e-05,"BC23288_E1"
"2x15",0.0339530985528962,0.121166222612331,0.145723857340244,0.216694835926935,0.00837241882935314,0.209089868015561,0.0156372047539093,0.219189509415217,0.0301729845535541,"BC23288_E1"
"13x15",0.106789411576077,0.119076137446115,0.379636020656826,0.00293508818810215,0.00136010828622845,0.0932865532283124,0.00630624947033197,0.277814258164572,0.0127961729834352,"BC23288_E1"
"3x15",0.0143613846953,0.0509969932988022,0.300089513408301,0.293705955363974,0.0105300805237485,0.129833620646521,0.00106554396891129,0.193944230293716,0.0054726778007254,"BC23288_E1"
"4x15",0.0743765019195949,0.15229532940464,0.143596569467332,0.0540739862479409,0.00392046123011192,0.173802942938925,0.00412763741512021,0.390918483107454,0.00288808826887994,"BC23288_E1"
"12x15",0.0946085711203175,0.22402289339851,0.382796038927359,0.00740557078964723,0.00703996069888303,0.105060641743662,0.0223111832680123,0.124297277187861,0.0324578628657478,"BC23288_E1"
"5x15",0.0100700194524208,0.146359832357693,0.168958253297435,0.00789613202836863,0.00220107605770308,0.217020754683984,0.00096145814457958,0.444533497521501,0.00199897645631479,"BC23288_E1"
"6x15",0.00168405004648005,0.0920598835009533,0.0414870843127544,0.00486982130260429,9.87867162087011e-05,0.138654547095778,0.000109340217051088,0.720770017283959,0.000266469524211313,"BC23288_E1"
"13x16",0.139210254879918,0.0999962704450574,0.281839262954392,0.00102349902800786,0.00119157518468396,0.0607366805965475,0.0135992450171783,0.394897687027871,0.00750552486634389,"BC23288_E1"
"9x16",0.126619461035655,0.0925977715884267,0.38987349644713,0.0301176880008667,0.0195684466055875,0.0749933492574474,0.0265968291045359,0.216117539478847,0.0235154184815046,"BC23288_E1"
"27x16",0.106205981447065,0.155317216459848,0.430951569012012,0.000873219660968956,0.000123110269328184,0.0870754190727166,0.00503345750955018,0.207141683101346,0.00727834346716506,"BC23288_E1"
"15x16",0.0518986525279214,0.130934364279728,0.276150261078301,0.00319464985583616,0.00302277426311029,0.152335526288575,0.00393783344627122,0.358169201305856,0.0203567369544008,"BC23288_E1"
"11x16",0.0341262740073537,0.132947144355387,0.341799514103725,0.00914216396120516,0.00284447208006866,0.133343394862574,0.003375084345984,0.337512345841351,0.00490960644235145,"BC23288_E1"
"29x16",0.105376200159663,0.137414153096966,0.284539957098349,0.00116730489339792,0.000319735223962157,0.138068124386119,0.0126234258882012,0.296909884218988,0.0235812150343532,"BC23288_E1"
"22x16",0.00820690607045342,0.160128039691992,0.0994779948417458,0.00115835473568413,1.24770001075869e-05,0.149922595416582,3.87548933288155e-05,0.580886148359151,0.000168728990955266,"BC23288_E1"
"18x16",0.0434503883327552,0.133620610185589,0.0811401233795181,0.00991891441238099,0.00128798828487593,0.177751109660784,0.00100068999776528,0.546845823764676,0.00498435198165466,"BC23288_E1"
"20x16",0.039563520453887,0.129052751775963,0.170883727713152,0.0693416481086827,0.00192080143380241,0.089127185323575,0.000553897324966035,0.495553281358291,0.00400318650768141,"BC23288_E1"
"21x16",0.0187293090598924,0.120460188056274,0.126052235432855,0.00831382617892192,0.000165991335906505,0.194165832823735,0.000142160702121467,0.531213999339545,0.000756457070747787,"BC23288_E1"
"14x16",0.0683664745828299,0.217146361630048,0.278994357236863,0.0200223795229125,0.004873375920455,0.117025064346039,0.0119787169584649,0.169656774478336,0.111936495324052,"BC23288_E1"
"25x16",0.0129236748275716,0.13880485994936,0.232731728282317,0.00304680470574954,0.000250885010743007,0.175401543372791,0.000269780067744445,0.435877874433872,0.000692849349851225,"BC23288_E1"
"26x16",0.0179894401565593,0.176599756655406,0.297348068497185,0.000418173616719458,0.000183287420734986,0.145126830792791,4.0443753442272e-05,0.361867336234606,0.000426662872556064,"BC23288_E1"
"7x16",0.0769300507985825,0.128322505251224,0.255426841729032,0.0124020108825457,0.00565493729882552,0.139076712063768,0.00586685749721265,0.362761963358489,0.0135581211203209,"BC23288_E1"
"16x16",0.11780029584518,0.142202707071026,0.218638593510563,0.00098279989150432,0.000333200258754533,0.171235482720358,0.00133975201492286,0.343844667175878,0.00362250151181415,"BC23288_E1"
"17x16",0.0770010714175492,0.116732754034831,0.0908790523200741,0.0111311363188057,0.000416679977546106,0.139891289867832,0.000460326094580137,0.561780916289231,0.0017067736795507,"BC23288_E1"
"10x16",0.0556677832215764,0.0994652609468184,0.397871231591448,0.0510079395579773,0.0683556580259263,0.112852385584741,0.0192020655237804,0.153504236697115,0.0420734388506163,"BC23288_E1"
"19x16",0.0169536419571272,0.0901996790916211,0.225703489780635,0.094558839042494,0.00388834233545492,0.11513441466108,0.00158592055425396,0.440087079572999,0.0118885930043351,"BC23288_E1"
"8x16",0.0996117238484297,0.154953664948346,0.36253744511908,0.00187753157164686,0.00123734499671766,0.174472341652296,0.0127964152735247,0.149148270295154,0.043365262294805,"BC23288_E1"
"24x16",0.00254715797844114,0.144569315612988,0.158253226866109,0.00180228432868699,5.7689918731073e-05,0.175051977442727,9.0007724375867e-05,0.517183021759451,0.000445318368489706,"BC23288_E1"
"4x16",0.0553743605504568,0.0968268260136879,0.121392574397893,0.379652988344716,0.0577054825500535,0.127104345645782,0.00695357382152524,0.145173630268982,0.00981621840690336,"BC23288_E1"
"5x16",0.00403080060087539,0.159598254498714,0.0599837005581807,0.0257955151733695,0.00633584899443792,0.263066519104547,0.00186324980295795,0.468810568109996,0.0105155431569222,"BC23288_E1"
"28x16",0.0496244411882738,0.115801750881677,0.407325262376297,0.0034530162758081,0.00170383203958341,0.169171567318921,0.0107377601798267,0.213764747729126,0.0284176220104862,"BC23288_E1"
"6x16",0.0263325460067901,0.204667425363672,0.0655565290475067,0.0143191660111681,0.0139339736356606,0.201989542904961,0.00359916399248503,0.449855442898151,0.0197462101396066,"BC23288_E1"
"23x16",0.00940080857591146,0.221875783309508,0.0981638697109821,0.00490126094172139,0.000226512092657015,0.241588495466153,0.00101592407117056,0.420855336155749,0.00197200967614753,"BC23288_E1"
"12x16",0.179747571546951,0.179889763301701,0.265379220808381,0.000189141778448281,0.000198540966082783,0.139881877650355,0.0035330471660993,0.225380710718022,0.00580012606395996,"BC23288_E1"
"3x16",0.0182958917169199,0.157515567340715,0.183541316202568,0.2679099041888,0.102486531492,0.133351114747659,0.00857113787197558,0.102540668541179,0.0257878678981825,"BC23288_E1"
"2x16",0.0103028851647587,0.0693298060200784,0.242461938144769,0.432269237577672,0.0415760234146696,0.0859236252251715,0.000311607352794559,0.11712833669165,0.000696540408435909,"BC23288_E1"
"22x17",0.105373278700968,0.0705730830948006,0.237789424608771,0.0314479772233293,0.00167722625094185,0.179216421560024,0.00728957908866724,0.358295207970119,0.00833780150237959,"BC23288_E1"
"20x17",0.0513821185026455,0.128119430298385,0.143564472342443,0.000283961255736372,5.35637455873028e-05,0.267520698613437,0.000256827085733704,0.403244057585677,0.00557487057035494,"BC23288_E1"
"28x17",0.039451531489533,0.144501264394944,0.367904330178101,0.000813486450852973,0.000158667498913625,0.123406614959035,0.00797443958572145,0.295302291946281,0.0204873734966184,"BC23288_E1"
"27x17",0.0298289890405777,0.156144423354508,0.50374469613097,9.19618875068337e-05,5.6530288723408e-05,0.130602307831114,0.000572155874554441,0.174172638839093,0.00478629675295253,"BC23288_E1"
"29x17",0.0807075978934103,0.116598526683855,0.340514135760552,0.00913788452139951,0.0156422560697591,0.107106686156884,0.0365017433486787,0.230858597325226,0.0629325722402345,"BC23288_E1"
"5x17",0.0820249327867749,0.191702264766033,0.195729729733632,0.0104976405438663,0.00449189280309428,0.195735577980922,0.00341268349528994,0.306001836531211,0.0104034413591769,"BC23288_E1"
"11x17",0.0709853022501772,0.137293363782743,0.40056422107249,0.0015978626168113,0.00150162824322306,0.157185970881274,0.00878192802086501,0.190851530037323,0.0312381930950948,"BC23288_E1"
"30x17",0.135565984236338,0.0774215082374313,0.55028119584468,0.000458238545671854,0.000306872571456816,0.103817978088082,0.021002887971967,0.0497566863009137,0.0613886482034597,"BC23288_E1"
"7x17",0.123112367587218,0.173845060638897,0.297340810164907,0.0213848114774599,0.0133096196534035,0.116818241420227,0.0274704717172038,0.124784542848513,0.101934074492171,"BC23288_E1"
"19x17",0.0325356765163665,0.0864259747081925,0.362862236554147,0.00232367322588457,0.000433036157826321,0.144575146650423,0.00100662890241038,0.368867977757406,0.000969649527344793,"BC23288_E1"
"10x17",0.0708567355541682,0.175121930816542,0.451357359186211,0.00908692703082905,0.0034230460332661,0.0965189969830574,0.0144373466057383,0.145338289106497,0.0338593686836915,"BC23288_E1"
"26x17",0.105065548485561,0.205047583506294,0.343792008699237,0.00519518982925988,0.00080912313158037,0.159986295383653,0.017516338046474,0.143522319893786,0.0190655930241561,"BC23288_E1"
"6x17",0.139954399252408,0.152771587642496,0.339300932012067,8.84337299714839e-06,9.57979905078287e-05,0.130200819302669,0.000139590915015192,0.236070802949163,0.00145722656267563,"BC23288_E1"
"8x17",0.248928160079784,0.242275045783115,0.334089256824655,0.000435370817132916,0.00174124949952131,0.0702209336336557,0.0137073385705748,0.0684165980208473,0.0201860467707135,"BC23288_E1"
"9x17",0.104520196955528,0.118232607480542,0.330003769733184,0.0130272624254224,0.00132345417917911,0.0706023703095519,0.024578953635247,0.3104329280278,0.0272784572535463,"BC23288_E1"
"18x17",0.0547843737210691,0.179414261899665,0.0714107747319782,0.00145532362513259,8.91480368132379e-05,0.228871601430699,0.000143679985220179,0.462739834634327,0.00109100193509647,"BC23288_E1"
"21x17",0.0160983040418678,0.137325347244046,0.131932003414655,0.000747193776900643,0.000232086056310929,0.171591696011285,0.000605891268704784,0.535970780116156,0.00549669807007368,"BC23288_E1"
"17x17",0.0366195059708897,0.150942176847882,0.274866861317488,0.0217637914089808,0.0016900025897385,0.139819375379346,0.00174198966180655,0.371089046268081,0.001467250555787,"BC23288_E1"
"12x17",0.122096937321183,0.193223532043053,0.176263418304831,0.0510706221928657,0.0145360422016661,0.153678969660933,0.00677511449814612,0.258725709342817,0.0236296544345061,"BC23288_E1"
"4x17",0.0340580653894693,0.21354650133209,0.213049694463246,0.190616166626397,0.0297682225787951,0.208289085763608,0.00988208314574139,0.0765462000764926,0.0242439806241612,"BC23288_E1"
"13x17",0.153735824716012,0.134744849575377,0.215938195212864,0.150028531943062,0.00111819299693422,0.063521421344377,0.00434069331031343,0.273595881992009,0.00297640890905036,"BC23288_E1"
"23x17",0.0302179372735318,0.161675557996575,0.156936242819413,0.000984444908866753,0.000147698051859355,0.144863453546227,0.000500033750909666,0.503891986275449,0.000782645377169437,"BC23288_E1"
"15x17",0.0728827934347696,0.0729598865225283,0.332232784561178,0.0121071118370898,0.00996972911856993,0.132862534141978,0.00678747876014454,0.301785823122952,0.0584118585007898,"BC23288_E1"
"25x17",0.010837659809126,0.133628497386864,0.238397587104436,0.00161613064339706,0.00010189925542326,0.181536012993861,4.26998573964431e-05,0.433042608269595,0.000796904679901786,"BC23288_E1"
"3x17",0.0815661932239566,0.0910458577723327,0.284969289469616,0.0017484698398308,0.00244024069262002,0.225604720257462,0.0053986361437694,0.271433818022584,0.0357927745778284,"BC23288_E1"
"24x17",0.0420312451226027,0.124724180745062,0.240833238979383,0.00196393126568701,0.000337983262075612,0.0942245061900789,0.000238321940294342,0.495162435635304,0.000484156859512232,"BC23288_E1"
"14x17",0.0762139540115188,0.10883354004285,0.504778483731248,0.0188441444580418,0.00628174938376588,0.0342634422751833,0.0109276042725925,0.225893380151083,0.0139637016737161,"BC23288_E1"
"16x17",0.101757473333708,0.173073899884406,0.315024038701467,0.0127938718780566,0.00427074367970978,0.169987577017443,0.00612427763993036,0.190689947246607,0.0262781706186719,"BC23288_E1"
"2x17",0.0829438963984066,0.178729348363133,0.245360367631688,0.0120845887452384,0.00871867190456719,0.182846150521336,0.0384397013518592,0.232080626348981,0.0187966487347904,"BC23288_E1"
"27x18",0.0875288716749954,0.198705007909857,0.367925141668014,0.000983185010903572,0.000600066093449305,0.112978694134833,0.0029138047924087,0.213801086600069,0.0145641421154691,"BC23288_E1"
"29x18",0.0296467483433952,0.133849600211336,0.460213933688939,0.000791440297847157,0.000220116318284638,0.116038493612627,0.00300328523876295,0.235841564250825,0.0203948180379832,"BC23288_E1"
"11x18",0.0704610714427895,0.128979243014793,0.345878389543571,0.00172242018652564,0.0011991207485639,0.130455508371581,0.00488671182967222,0.290298473033736,0.0261190618287682,"BC23288_E1"
"20x18",0.155298841040402,0.13478303012254,0.190655448970671,0.009256020882671,0.00318023415159949,0.12639640047386,0.0008137819884372,0.37650283870278,0.00311340366703886,"BC23288_E1"
"19x18",0.172581214708824,0.131821991367394,0.190871159223868,0.00620732689676179,0.00216021325001218,0.136460316846461,0.00256407077989032,0.350772606193542,0.00656110073324721,"BC23288_E1"
