"","Endothelial","CAFs","PVL","B-cells","T-cells","Myeloid","Normal Epithelial","Plasmablasts","Cancer Epithelial"
"22x16",0.0404091661828262,0.0703717198382509,0.0107709720223807,0.00212068672518595,0.00372710870392376,0.1029726498964,0.0104011197886205,0.49512026729486,0.264106309547552
"28x16",0.0218710952704609,0.0868263216371893,0.0204150157117804,0.000538745538870429,0.00206271180364285,0.0660225976865317,0.00123282515144687,0.607557784511542,0.193472902688535
"21x16",0.0237509733017065,0.0676004897248419,0.021080121567118,0.000646730353821851,0.00318253534235972,0.0871777255010289,0.00223640763043588,0.56931250803858,0.225012508540107
"27x16",0.0200220948929246,0.0666445247272345,0.00509329020639722,0.000239290398772828,0.00078719044407351,0.0422408397886771,0.00137411737392579,0.556809264257297,0.306789387910697
"20x16",0.0224581660289023,0.0898015459118834,0.00924140836027032,0.00131806705021162,0.0077583940042607,0.128691330841083,0.00487005787274536,0.513762720917478,0.222098309013165
"26x16",0.018027132111826,0.0763152973551388,0.0055288210849654,0.000136429894360697,0.000563341775156046,0.06093879225761,0.00431962188730954,0.653774739796141,0.180395823837493
"24x16",0.013261532047011,0.0851856649745656,0.0100665615299366,0.000105496612751026,0.00111868073726325,0.0543465735588193,0.00739912441633148,0.583997042698432,0.24451932342489
"23x16",0.0124650238265966,0.0791866645019035,0.00866863770033994,0.000960194636534618,0.00466937037331941,0.0716850828015137,0.0013840544991168,0.582356919165332,0.238624052495344
"16x16",0.00709017601404615,0.114137853093493,0.00408974550443904,7.59292377483497e-05,0.000626018011475321,0.0204343120190971,0.00163988509434088,0.753758750664036,0.0981473303613245
"25x16",0.0132321876632538,0.0638264220782374,0.00590073378998772,0.00164496983480089,0.00638438713481081,0.0301882505901786,0.00715532104408682,0.605717053082493,0.265950674782151
"15x16",0.0197064913506885,0.0284531743417752,0.00723476298462986,0.000260911867978743,0.0025519760009235,0.0940525260990715,0.00238381898646236,0.735149757717281,0.110206580651189
"14x16",0.0125712903881463,0.0156875523530861,0.00732435425540367,7.8915422349787e-05,0.000589704159812017,0.0421992022642666,0.00573239949966539,0.718046254810236,0.197770326847034
"18x16",0.0101151466637953,0.039700603126536,0.0140067542097245,0.00434516164476574,0.00571354660943845,0.119097182462107,0.0101560941979043,0.582904277177635,0.213961233908093
"25x17",0.0667865207752779,0.214473334861669,0.0114284009176714,3.69054405927522e-05,0.000337520494909352,0.0618707620789521,0.000660302658366603,0.45269768183267,0.191708570939891
"22x17",0.00155585724487238,0.0606204904405226,0.0143375589962816,3.23968305360136e-06,7.47170656675043e-05,0.0299013399818361,3.88677669599523e-05,0.881820372117246,0.0116475567035601
"11x17",0.00926893119172287,0.0817172178599645,0.00313154747678445,0.000262205064515022,0.00253921592937954,0.0465227430685521,0.00107969279731688,0.786548462064677,0.068929984547088
"9x17",0.000776751082376392,0.0335985950324486,0.000643529681049067,9.77238526355338e-07,1.56294601713999e-05,0.0641301547695486,1.24509658052573e-05,0.867884240235085,0.0329376715349891
"29x17",0.0550875004530416,0.0852587095522041,0.0249277267284644,0.00573502833838754,0.0198257677105422,0.106740582614632,0.00489837764919595,0.531560233510757,0.165966073442775
"21x17",0.0179037528533445,0.0404866832627617,0.00459568350097668,1.72993337383802e-05,0.00074651948055812,0.0432902505006534,0.00909605098697287,0.776855312472786,0.107008447608209
"10x17",0.0042906161653079,0.0736128841754117,0.00232132340858386,1.62968517209072e-05,0.000135039882991853,0.040460081947878,0.000221816715343767,0.855937355319828,0.0230045855329342
"20x17",0.0334958454638336,0.0720518752222333,0.0140108623061123,0.000143821833140837,0.000621576761428453,0.122139607521346,0.00573070242053702,0.550985755146356,0.200819953325013
"27x17",0.0149859095623406,0.0959296472024825,0.0230951788266195,0.000331398645211549,0.0067669413864203,0.101194412449486,0.00966292721081381,0.519563675058648,0.228469909657978
"28x17",0.00705831438522437,0.0773520140089143,0.0123338034872101,0.00012316928148758,0.00117957973611896,0.043530182849865,0.00473968953967105,0.669707345305355,0.183975901406153
"26x17",0.0311736528045429,0.0836654758112195,0.0413047847643871,0.000140724689877813,0.000434181205118818,0.0486230935661565,0.00239632686379282,0.546282717104498,0.245979043190406
"19x17",0.0258692870560457,0.0610849250525914,0.0150300762390645,0.000295951511044621,0.00322735783609557,0.124494863166566,0.00498065898365171,0.553073160482277,0.211943719672663
"17x17",0.0160009919166312,0.0615344786252882,0.00340576352895771,3.1638395398196e-06,8.58467881442642e-05,0.039413648920853,0.00439328665975518,0.733513479990254,0.141649339730577
"12x17",0.00605083533712572,0.0879404538526931,0.00650260999620068,0.00235450320295713,0.00324584946826085,0.0774499258976073,0.00119615721123491,0.739929905779608,0.0753297592543124
"15x17",0.0128695161572764,0.0683678911669833,0.00455332424663201,0.000457998518393033,0.0013626336456432,0.0386393708114933,0.00140459036031531,0.767304081786928,0.105040593306336
"24x17",0.0136263120453016,0.14531724077567,0.00353573577188299,0.000412238003102643,0.000892035208349933,0.0535066731113194,0.00297264536710647,0.616201161209432,0.163535958507835
"14x17",0.00350019936739044,0.11789766129221,0.000787891187153895,4.56644827103487e-05,5.86913750560662e-05,0.0442269078242922,0.000189958827501094,0.812428217876987,0.0208648077666988
"18x17",0.00758000648736145,0.0726485461753798,0.0117194412485003,0.000586442885875383,0.00397313655398586,0.063504440095219,0.00535010167413254,0.624622936627151,0.210014948252395
"23x17",0.0145132396866604,0.0940172564804225,0.0109786570893626,0.000620531951726285,0.00298818233015059,0.0510581219058462,0.00565504590722962,0.602105125141366,0.218063839507236
"16x17",0.00068912293184892,0.0809197303781312,0.000972588982028407,9.40270977756659e-06,3.90198888552709e-05,0.00427324442936516,0.000156163533462811,0.877011189952536,0.0359295371939945
"13x17",0.00967680880152248,0.0947767447323922,0.00549002775355361,6.93360649909012e-05,0.000612642012024615,0.0498660577279694,0.0018952821331546,0.80819263173361,0.0294204690407822
"22x18",0.0141824487913735,0.073082114899143,0.00646267456165506,0.0012973469382306,0.0023104099861475,0.0584132746004919,0.00162457646591537,0.78976608380843,0.0528610699486135
"11x18",0.000572081740594202,0.0182914241941067,0.00111418279356406,2.15001806576099e-05,0.000182742808146154,0.00902362444552844,0.000219967199809433,0.962781390133527,0.00779308650406635
"29x18",0.0211250618262557,0.0794690836277032,0.0167785365452294,0.000788981977601604,0.00344323642166038,0.0886897684988749,0.00171464624099701,0.658045434021797,0.129945250839881
"16x18",0.0025138568637513,0.0672618943112584,0.0028059149299253,0.000109317313561696,0.000258811461248123,0.0120949008131375,0.000880839871949052,0.866960125583703,0.0471143388514658
"28x18",0.0259425999735134,0.0749162885169892,0.0341225953693942,0.000380285249658486,0.0028931094295653,0.054227772752511,0.00201302750387687,0.553694075014601,0.251810246189891
"21x18",0.00302860580237234,0.20328411575515,0.00174464439382068,1.05514161931818e-05,0.000297125584324708,0.067508294452029,9.93627095250396e-06,0.717167018744444,0.00694970758071369
"26x18",0.00376657783532669,0.116525415150898,0.00178712498158653,1.52076637852855e-06,1.01565812185652e-05,0.0318151525250374,0.000616267878927574,0.810492754024612,0.0349850302560144
"10x18",6.1766262736853e-05,0.000657318252253887,4.80581877722097e-05,2.06311171655381e-06,1.2403641957166e-05,0.00180869241045021,1.40478340289495e-06,0.997124825272217,0.000283468077493171
"19x18",0.0184439340919198,0.0578445545695743,0.0093847160946596,0.000989636477606951,0.00391081028213993,0.026238938805122,0.00569797364869767,0.761289678451463,0.116199757578816
"25x18",0.0247819745894129,0.099282624741152,0.0254354183729194,0.000185148537287701,0.00113004638675051,0.052759333672388,0.00311126199955919,0.58433925502257,0.208974936677961
"27x18",0.0290685947389917,0.0630330373075553,0.00614837560430402,0.000253407450657975,0.000627598298603162,0.0605366706141193,0.000666541784633836,0.722248473522572,0.117417300678563
"17x18",0.00323370665834379,0.0367101979835355,0.00343443924028353,7.41911098182576e-06,2.70270932815449e-05,0.0227183092589275,7.97555391633371e-05,0.909762132343704,0.0240270127717794
"20x18",0.00537836723831161,0.0828545060744525,0.0174445061793957,0.000171360468223532,0.00122717528981185,0.0741328457241863,0.00274240319092574,0.68664901015337,0.129399825681323
"23x18",0.019400427136884,0.1216915011327,0.0159732623197699,0.00220877852697996,0.00692460849638067,0.0637900104686943,0.00338249483947739,0.672109489576895,0.0945194275022181
"14x18",0.012913295540852,0.0536325513563781,0.00451010593009408,1.82453449538694e-05,0.000109453695691761,0.0398645280107537,0.000739479510997065,0.746988364552421,0.141223976057858
"24x18",0.00561922619023184,0.114617482154121,0.00157438080950923,1.00203666874646e-05,5.24842542384221e-05,0.0231146785313725,0.000346884401432246,0.790614086312917,0.0640507569794904
"8x18",0.00109932422400866,0.0099163714684983,0.00063447673516147,4.25804201252979e-05,8.17044331491137e-05,0.00907548314742719,9.17070071123785e-05,0.97089492233637,0.00816343022814708
"9x18",0.000207059605955998,0.0198897129481907,0.000197939250433756,1.79863536906843e-05,4.7701459603708e-05,0.00631997085133623,1.38255860932156e-05,0.971524319635945,0.0017814843087509
"6x18",0.00607387103269956,0.0724612386115667,0.00245227287285184,0.000272758692088167,0.000823260622513751,0.0406182803300508,0.000165908820042601,0.864840037292561,0.0122923717256257
"5x18",0.000419564523873511,0.0183365352632719,0.000438802548861051,0.000125112028358164,0.000257306228172861,0.0239594436823789,0.000276056192339638,0.885415365776053,0.070771813756691
"12x18",0.00453141081884013,0.047402550881271,0.00266724406113003,0.000578133450986399,0.000951820294291094,0.0268621760797141,0.000142796900611888,0.906805785922796,0.010058081590359
"15x18",0.00420266945918919,0.050686769863025,0.00285549912088918,4.18015837275197e-05,0.000388391870930267,0.0203033761691919,0.000156546127558377,0.874323563293973,0.0470413825115154
"13x18",0.0184649904031536,0.0499138986682055,0.00450282221279574,0.000359952330954768,0.00119414164842927,0.0359008483684397,0.000542670649083391,0.842284675849755,0.0468359998691831
"7x18",0.0100717136068049,0.0546576034422894,0.0135011348076446,0.000555863500013943,0.000937054549035683,0.0586292142203944,0.00111917522365296,0.826287001475116,0.0342412391750485
"22x19",0.00846706901034106,0.0678218138921626,0.0051123774832691,0.000194885459275013,0.00100628048033514,0.0262483888704442,0.00299556304905659,0.72029661880942,0.167857002945696
"11x19",0.0048923213667338,0.0400617062003809,0.00114586061630591,3.25295297939369e-05,0.000494892478609285,0.0387301532426153,0.000696756593083223,0.881067770078525,0.0328780098939525
"16x19",0.0092451132681276,0.0391851451985099,0.0163542663437167,4.697719578387e-05,0.000220571158022127,0.0308920869663667,0.000469470412733231,0.755937225175329,0.147649144281411
"27x19",0.0168016456047447,0.0916925816439193,0.00582249232592369,6.1515393041858e-05,0.00037593342163714,0.0540631792681873,0.000964492759842694,0.721182042320658,0.109036117262046
"30x19",0.0196221549855302,0.0848965958584819,0.0106935736932426,0.000862727312163669,0.00267967506060362,0.0951292347494765,0.0096755862584319,0.608316262150061,0.168124189932009
"10x19",0.0180267618296165,0.0625426730004937,0.00330418313328009,0.00029503342864189,0.00304243537537221,0.0921178086154297,0.00100560257730154,0.763690126002756,0.0559753760371083
"29x19",0.00961971786440521,0.067268419789972,0.0111347670404143,0.000121393805382322,0.00188271478846586,0.0601971158412564,0.00118372874453898,0.744054802057489,0.104537340068076
"26x19",0.0157774688963533,0.0834260916694203,0.00776224511744383,2.52666210400394e-05,0.000345721040360414,0.0564032978115144,0.0103758113027397,0.646021483152841,0.179862614388287
"25x19",0.018435159131709,0.0990349502847882,0.00408283558951519,0.00149566780152247,0.00302313226164709,0.0363184963238623,0.00180958634397153,0.744236481239022,0.0915636910239626
"28x19",0.0172227211144946,0.079082770014138,0.00849669501119539,0.00152832744055158,0.00233058478788576,0.0328455276527084,0.00363726968613527,0.678371622187232,0.176484482105659
"17x19",0.0148124404442882,0.0684326765169087,0.0120544071442744,7.23263029282016e-06,0.00030549762461599,0.0413065322164818,0.0014656620035705,0.721723167294046,0.139892384125522
"20x19",0.00419615888197423,0.062891750633059,0.000508577099385642,8.01823160569401e-05,0.000137210034729959,0.0265579116617953,3.38242223087437e-05,0.900034693150797,0.00555969199989353
"21x19",0.00112374679330728,0.0900129359420664,5.96213220442678e-05,6.05915383712595e-07,5.90250049738101e-06,0.0180167472241378,2.05526168760473e-05,0.889335871043217,0.00142401664246987
"9x19",0.0117264377528824,0.0675400957867879,0.00158515379787781,0.00014706180453525,0.000956507207805379,0.0890260565770165,0.000321854288471653,0.809567464662968,0.0191293681216552
"8x19",0.000473218877686909,0.015828400492286,0.000330666289964455,2.19856498962721e-06,8.68098873964896e-06,0.0368196982890177,1.82130645081163e-05,0.945609458279626,0.000909465153181807
"15x19",0.0115701738013982,0.0465664964591927,0.00336879770101919,0.000122220414767507,0.000249864340970819,0.0227519385979412,0.0015631658685424,0.786556443653604,0.127250899162564
"19x19",0.00482206832066924,0.0908641399533821,0.00184633821384413,9.66542803999117e-05,0.000684811206827214,0.0301610287066947,0.000546314536105169,0.777095926407206,0.0938827183748718
"6x19",0.00476980251520422,0.0577340470429328,0.00319535264992479,0.000397129270244078,0.0015367432369361,0.05325198398393,0.000160135502445675,0.87049944727723,0.00845535852115244
"5x19",0.00306453547918633,0.0492283759360315,0.0030453059322828,0.000183415625004397,0.000479357239566306,0.0618469032432545,5.89709355893299e-05,0.872068662951799,0.010024472657286
"18x19",0.0116733683390963,0.0861746670056258,0.00854197145782975,3.23839158654525e-05,0.000490279907593392,0.0524706814351054,0.000383326073801237,0.76344800800122,0.076785313863863
"23x19",0.0185981021992722,0.0335940746012894,0.00536595274615914,0.00068889907751461,0.00645660469505874,0.0233992067746702,0.00532637711492052,0.817191965053505,0.0893788177376106
"14x19",0.00209415418636883,0.056802117723406,0.000808175461024767,1.83941000569773e-05,2.75819192831116e-05,0.0183406369285964,0.00035069065481208,0.899982770805336,0.0215754782211161
"24x19",0.00913408437668079,0.086511824898272,0.00241844609945071,0.000111108429454647,0.000565062221465305,0.0417238270422967,0.00184455170587464,0.723677052534056,0.134014042692449
"7x19",0.00456399655779333,0.0521007758768951,0.00304881667333567,0.000128335852190905,0.000442106929983835,0.0259513941519415,0.000231706019219537,0.90183519844728,0.0116976694913595
"12x19",0.000381399851237276,0.0268195708316014,0.000200330817827472,1.46402742528808e-05,2.58568449865089e-05,0.0172309746998385,9.27507374431611e-06,0.953799994261541,0.00151795734497087
"13x19",0.00155582807304079,0.057933250121154,0.000327523863549562,2.85789288980469e-05,6.16104233793257e-05,0.0226077403352703,8.07853684213256e-05,0.909540074256366,0.00786460862992118
"29x20",0.0288467067480035,0.0880930386815377,0.0340887310365921,0.00115283763023326,0.0116190431862864,0.0634418306488284,0.00385940372090584,0.607232198315332,0.161666210032281
"22x20",0.01613419856197,0.0835546518944623,0.0177014585471437,0.0015007348141818,0.00446314475282647,0.0562370053109758,0.00409621574868326,0.755764472809079,0.0605481175606772
"11x20",0.0261713803688278,0.0914313548864483,0.00658328011453716,0.000118870970369789,0.00175520606381903,0.0609924320740873,0.000848815246999118,0.77105563382775,0.0410430264471619
"30x20",0.0258148566258784,0.105245033424387,0.0178108221964397,0.000632466965871565,0.00206803024806641,0.0969368521334894,0.00565405551756385,0.523034490675124,0.22280339221318
"10x20",0.00484997751829521,0.0622743108707967,0.00388995541249954,0.000385782751619377,0.00164747675221332,0.0685007439540719,0.0010352193088257,0.659564568443675,0.197851964988003
"21x20",0.0021058636837031,0.099213075512017,0.00152358212578395,4.68250624028099e-05,0.000175884842763688,0.0648862851993712,0.000157961709674811,0.780047139187371,0.0518433826769124
"31x20",0.0158101327938391,0.146984558493216,0.0116486480167975,0.000423080218580235,0.00434934919774048,0.0640758806070302,0.00614299119364545,0.504303094184153,0.246262265294997
"28x20",0.0068251425207498,0.049429325414392,0.00481680063190911,1.66596720571565e-06,2.21408571857257e-05,0.0333580903170949,0.00213046677393249,0.818651273213025,0.0847650943045056
"20x20",0.0126123844734863,0.120809226584607,0.00299401626192812,7.53833899949083e-05,0.000941601359098611,0.0652676451246067,0.00111650324149229,0.691939814863408,0.104243424701378
"27x20",0.0116213505783997,0.208742313855493,0.00413838935804248,2.48865174273486e-05,0.000461480201555629,0.0639158145687531,0.00155602889584179,0.534727226890386,0.174812509134102
"23x20",0.010372863968267,0.106474443326598,0.00832428206792384,0.000122523264363558,0.000762730780978665,0.0608835217170078,0.00235458728478577,0.697929515686411,0.112775531903664
"25x20",0.00418805606770543,0.10121777257806,0.00426580616058666,1.92322970326474e-05,0.000141537078464198,0.0440921634981106,0.000976520918514151,0.715115318201168,0.129983593200359
"15x20",0.00964855699768952,0.0410735355092458,0.00271949416662591,3.67611388212055e-05,0.000252152888014637,0.0531788378539518,0.00217707139972895,0.793676133796614,0.0972374562493081
"19x20",0.0138207186622139,0.0471300085752966,0.00281577279587956,0.000166828044810406,0.00151648004151769,0.0715386352473915,0.000311760240291862,0.779319911929465,0.0833798844631335
"4x20",0.0112204823152562,0.0556093219726879,0.0111069936799537,0.00320917160308154,0.0071682143632735,0.0739001988408462,0.0096820356700356,0.694140754900366,0.133962826654499
"17x20",0.00917566686658159,0.0808829834144562,0.00351971017442849,1.74224077767808e-05,8.42871281255351e-05,0.103322395134155,0.000800795481437025,0.745210065853552,0.0569866735394876
"24x20",0.0100234761338285,0.0582421010829701,0.0125960838397371,1.13317335531003e-05,0.000197995523880593,0.0291964481205994,0.000171835417103597,0.748298723838098,0.14126200431023
"8x20",0.000668558136452295,0.0526080509350904,0.000324440918722508,7.87764753504991e-06,3.34102570149035e-05,0.0210429943245231,0.000927784326527022,0.886057560099743,0.0383293233543917
"14x20",0.0041790075290532,0.0177159695767599,0.00262904576148649,0.000105584853038517,0.000492404016708191,0.0490187145316856,0.00152007018271904,0.737239955107442,0.187099248441107
"18x20",0.00468813790561359,0.0823307910225883,0.00769132901347069,0.000130256589087311,0.00153025992427956,0.0396121436842346,0.00262591288302934,0.717782661710409,0.143608507267287
"6x20",0.0096728125785747,0.0808042129260954,0.00495043099488239,0.000208511580547948,0.00218047554845897,0.069230951658005,0.000653566247195643,0.797412941772412,0.0348860966938279
"9x20",0.0151413103318547,0.0622060540807396,0.00566084201441903,0.00012859996962583,0.0024594415312591,0.0780786647568062,0.00462304995990085,0.739522824629482,0.0921792127259127
"7x20",0.00242578012432743,0.0661533518331687,0.00489195445050111,4.6383472960525e-05,0.00020557475913864,0.0996722187447852,0.000314121034718768,0.788076430516382,0.0382141850640179
"12x20",0.0189907589731402,0.057073857610937,0.0050016138864266,2.63163456701372e-05,0.000426358369085887,0.0347139862981482,0.000830341109307134,0.815484034481189,0.0674527329260961
"13x20",0.00501647510174856,0.0198896573896016,0.00427598071063651,6.56603109918887e-05,0.000867569527342063,0.0622302028539377,0.000508655496228161,0.844141410610384,0.06300438799913
"5x20",0.00743803034500829,0.0616976945197372,0.00538867309187036,0.000145518196947152,0.000820031341859285,0.0987482700114932,0.00149432337423068,0.778748765471517,0.0455186936473368
"16x20",0.00451308835560128,0.0547869612730176,0.00352458349422663,7.41222487508963e-06,1.65970689275497e-05,0.0113268291768136,3.92644753406402e-05,0.909467705769617,0.016317558161581
"26x20",0.00703060677227134,0.074907424573632,0.0021967335439081,0.000349548804028466,0.000915911816167092,0.0163929421241944,0.00204510527419262,0.799174685856087,0.0969870412355192
"22x21",0.00523071586615173,0.0752599129632939,0.00391038737253885,4.32763533765074e-05,0.000774325264056074,0.0712516174553118,0.000537052406098193,0.767894916406792,0.075097795912381
"32x21",0.0249809523830271,0.0496563070131675,0.014529441972727,0.00116136336621912,0.00216638358726935,0.0386418074451794,0.00269395849194343,0.777167647543943,0.089002138196524
"21x21",0.00743631284613577,0.0823607812252883,0.00849070670752297,0.000114616764996126,0.00111799158693377,0.0819311884550763,0.00134194450946588,0.690294657560199,0.126911800344382
"28x21",0.0171387988944614,0.124784070434979,0.0137432365354935,4.54364438036426e-05,0.000228316026282344,0.0838789382411156,0.00148283803958418,0.702695864302477,0.0560025010818027
"11x21",0.00627590600834271,0.0564891830773096,0.00320141665535043,0.000213592956275647,0.00131281920662191,0.0821408919713191,0.00264961480626944,0.653184459623733,0.194532115694778
"30x21",0.0290481528826616,0.104275339552515,0.0168022346802292,0.000882706052031177,0.00285384715518321,0.0859125507458799,0.00233852104548722,0.580609962515837,0.177276685370176
"18x21",0.0068272581933922,0.0823578714327508,0.00241294487515202,0.000280900988454699,0.000441990233543171,0.046250122436598,0.00101529858988001,0.734917684843996,0.125495928406233
"23x21",0.00920104622952591,0.0691859563052997,0.0116328272258877,0.000623208490706672,0.00306939577488603,0.0711849108281245,0.00799059592112411,0.702592367048188,0.124519692176257
"31x21",0.0433589975808244,0.102714922572452,0.017312928289806,0.000225554757897181,0.00241396124700529,0.079975078680637,0.00374118793116141,0.529279393230575,0.220977975709642
"20x21",0.037088294924349,0.0409668289946898,0.0110500601646981,5.80478982173822e-05,0.000892141309541015,0.0672960226640893,0.00279850361061128,0.71826874473388,0.121581355699924
"10x21",0.0116689207142185,0.0659018843572524,0.00321160932067952,0.000156272763193239,0.00106876539300694,0.0554528654555843,0.00839189275317551,0.687168578040977,0.166979211201913
"25x21",0.00118073307563284,0.125549756832672,0.00115255155449686,1.7997394604664e-05,5.56511472020446e-05,0.0736435011201875,0.000153775944218374,0.77183591642405,0.026410116506936
"9x21",0.0188126467030365,0.0705325743756108,0.00853360560153893,0.00021405167047384,0.000917224408045384,0.0687237946162726,0.000595059163604451,0.807128718272321,0.0245423251890968
"16x21",0.0357639925719892,0.0633821483438344,0.0029793432153286,0.000123018232846597,0.000476482159331306,0.0534818502844238,0.00208846373846745,0.770464381417236,0.0712403200365422
"29x21",0.0204644279858726,0.0928927428749204,0.0114475414979351,3.98627241395034e-05,0.000301318806260252,0.0694745453068059,0.00612114812327152,0.503630705913068,0.295627706767727
"26x21",0.00719497800321956,0.186726898790944,0.00134721487423544,3.83278896164819e-05,0.000164367135416837,0.0543548934461519,0.000193098755302228,0.728949333152979,0.0210308879521349
"14x21",0.0067501814032769,0.0474907317175051,0.0083478786599615,0.000412815821009968,0.000594056628456399,0.0567497557779349,0.00131266479544026,0.742452781127298,0.135889134069117
"17x21",0.00400454937379062,0.134989774023548,0.0052206917750767,3.7464855817526e-05,0.00014039922901847,0.0487924863699027,0.000333845043989221,0.720772555853874,0.085708233474983
"8x21",0.00493898187370429,0.0651244814517387,0.000839107215852504,7.90768713875281e-05,0.000542776728354604,0.0606450184461727,0.00463922964633314,0.757432996919693,0.105758330846764
"13x21",0.0197953150776531,0.138704445929687,0.00795306255638781,0.000812182638531925,0.00353703925783005,0.0961857359931658,0.00330048660385982,0.557389266485951,0.172322465456933
"24x21",0.00657993633233862,0.090426463233154,0.00327751957430873,9.31474334953103e-05,0.000701576048510019,0.0553282545072876,0.00020129174137067,0.803700714301239,0.039691096828296
"27x21",0.00402403931253395,0.144776035691374,0.00195627414972208,4.60206477786747e-05,0.000152646610376437,0.0700927912524865,0.000973877438082887,0.763126234313635,0.0148520805840098
"6x21",0.00847967491573221,0.0946445081224572,0.00135604496370438,9.66367756109393e-05,0.000242251557045822,0.0681628696729424,0.000188338799567871,0.823352294096109,0.00347738109683018
"12x21",0.00474290410767117,0.0602126213789744,0.00203807735180777,8.17415571655212e-05,0.000360537958369572,0.0620029313155892,0.00106384132910167,0.782476265229056,0.0870210797722647
"15x21",0.00251895016006088,0.0335058193681842,0.00167598415035876,7.89173987660553e-05,0.00010637518335552,0.0639316940377335,7.78946083739232e-05,0.879309232513083,0.0187951325800846
"5x21",0.0341844380793307,0.0652184149513467,0.00467983748978471,0.000552973801978836,0.00364232218084834,0.121601466037795,0.00700563043602295,0.656324678198033,0.10679023882486
"7x21",0.00290190985726705,0.0273963641160079,0.00188064526385657,1.41552944927125e-05,1.97887051199305e-05,0.0568108120069292,7.1964011337157e-05,0.897871900683709,0.0130324600612803
"19x21",0.000485182823018717,0.107259586605589,0.00195313912242199,2.90624832606671e-06,1.4571398329895e-05,0.00776773425076883,0.000267113826075565,0.870761299685439,0.0114884660400311
"11x22",0.00854882827588662,0.0376487440924144,0.00744414571693284,7.42802322860108e-05,0.000323180814401283,0.0539693746802313,0.00114447496483754,0.670296196048203,0.220550775174807
"22x22",0.0113025125252787,0.0798087634469139,0.00751366976649056,0.000213690324844025,0.00090315793586934,0.081914677226061,0.00170825464427207,0.678309690963133,0.138325583167138
"20x22",0.0222111024341332,0.07519287259428,0.0149247397356335,0.000646388698007198,0.00338691321298574,0.0642065673454965,0.00133164605991803,0.721219159347977,0.0968806105715687
"21x22",0.011155498491359,0.07991435077751,0.00438086812792233,0.000161965918133367,0.0019752555564604,0.0363262218895961,0.00122759036574682,0.789553643514167,0.0753046053591052
"27x22",0.0198127470991147,0.13475288110683,0.0110667464947233,0.000308985753015685,0.0017617369757354,0.108309131932282,0.00144196247518365,0.651560634825694,0.0709851733374208
"31x22",0.0220020070808568,0.101679707246716,0.0284688160542643,0.00322210658374437,0.00513642512521198,0.0930444838528285,0.00841642284365848,0.466281457554601,0.271748573658119
"19x22",0.00145319668067483,0.0822659727882818,0.00114884668596288,3.58852732407731e-07,6.0779088388349e-06,0.0247817115448656,5.44528415922309e-05,0.885056893405065,0.0052324892919867
"28x22",0.0152008009833433,0.123103917601909,0.0118512557892303,0.000246205139031133,0.00194984489202778,0.0975406629555292,0.00257204787865786,0.61787835758329,0.129656907176981
"26x22",0.00585936298590677,0.0605337902290076,0.000914237618927432,1.70386319075467e-05,0.000136399774271033,0.0261899432837539,0.000430930753219698,0.876748522985016,0.02916977373799
"9x22",0.000603911159324611,0.0410400970699476,0.00016221587276279,7.17071623920928e-06,7.38505612707037e-05,0.0113721164638527,0.000437428225174616,0.898542900859605,0.0477603090718232
"10x22",0.00189910529399922,0.0508706658790642,0.000284431616630268,1.40667622641593e-06,4.55140795264341e-06,0.0174163020297217,7.60355745958023e-06,0.928615711812178,0.000900221726767858
"16x22",0.00680870639858309,0.0885961767231761,0.00333076618701708,4.88743717609971e-05,0.000441962759640997,0.0976310203451054,0.000908364148473004,0.72096488593957,0.0812692431266733
"8x22",0.00822666842403666,0.0537870185421174,0.00397486301622991,9.4298032352857e-05,0.000412741140492592,0.0602792494661866,0.00153651157895239,0.785953852931249,0.0857347968683826
"17x22",0.00768506028341777,0.0716539700619987,0.00500879702712818,0.000316910576111546,0.00133037598821151,0.0476603314527312,0.000560409692685659,0.774805849812228,0.0909782951054876
"14x22",0.00561266140561061,0.052801550461065,0.00547887576680303,0.00023042763898754,0.00265641830838473,0.0213312538394848,0.00344764393920011,0.80079682781345,0.107644340827014
"15x22",0.00695523462143946,0.0603657472495253,0.0075311281179433,0.00101234537621633,0.00443116733916813,0.0487279174637893,0.000742961641076057,0.802584717999826,0.0676487801910164
"18x22",0.0116267442135066,0.0701598163778396,0.00801940249653799,6.47552066788503e-05,0.000554765504628373,0.0338744793895827,0.00049352339948788,0.708540250699124,0.166666262712614
"29x22",0.010528384141154,0.0953408207506572,0.00493551472809498,0.000285486403864086,0.00320522782804041,0.0712182798842622,0.00481830267951342,0.622332208467224,0.18733577511719
"6x22",0.0108247072570124,0.0906971880737587,0.00271630811206681,4.17245171556842e-05,0.000526685470495214,0.0475074426012015,0.00138325669084813,0.772236161143359,0.0740665261341027
"7x22",0.00810940497092917,0.0572174191169807,0.00510653456215942,0.0033144026674855,0.00926205496076237,0.0797820693177871,0.00415280858230425,0.743187841872353,0.0898674639492382
"12x22",0.0104553625766306,0.043653714417005,0.00290886888421745,0.000110860682757857,0.0011818644355352,0.0658553892228102,0.000834631095462122,0.670155428575064,0.204843880110518
"23x22",0.00190382968494296,0.0955479960311466,0.00256735085489038,4.31338689253077e-06,2.29485777733914e-05,0.0471819758683863,0.000112656981544522,0.783479041709709,0.0691798869047147
"25x22",0.0111106547390408,0.0645205075431512,0.00436926502443649,0.000312031373527467,0.00117353735407057,0.0749819753322544,0.000130369430692087,0.809889028142023,0.0335126310608035
"13x22",0.00173293738363737,0.0415993547099968,0.000503591837392119,6.87729749347414e-06,7.00098619591304e-05,0.0386739007880494,0.000110205222290561,0.91089360930478,0.00640951359440056
"5x22",0.00376014342356669,0.0463854396616627,0.00371619535359193,0.000179242192775847,0.000178478100946074,0.0463107260525869,0.000491705792673659,0.834874259275395,0.0641038101468015
"32x23",0.044716461200526,0.0799852277139056,0.040266363863506,1.82113807679374e-05,0.00031407454044967,0.0926847598036871,0.0015200936819088,0.510485611780092,0.230009196035156
"22x23",0.0149998627327593,0.129559703086098,0.00905267296267489,4.70961332853998e-05,0.000750296731441371,0.0920883162036444,0.000351119636573075,0.66644364511873,0.0867072873947945
"30x23",0.0291627560862546,0.205815982821374,0.0172178667229085,0.000617390311609592,0.00929817811192693,0.197367257102999,0.00594302857987179,0.297535996313622,0.237041543949434
"21x23",0.0207549856330262,0.0904916203688687,0.0110896178714728,0.00811143235469104,0.0126017594268747,0.0996334398216507,0.00261412081360672,0.659816862095875,0.0948861616139338
"11x23",0.0052733944915433,0.0828710051553552,0.00528198075874389,8.18553311525033e-05,0.000696378790450049,0.061274472769065,0.00152291804933493,0.795753748426741,0.0472442462276143
"31x23",0.0312752607187275,0.135738112978233,0.00940104633446363,0.000121185810203896,0.000510138267365516,0.0811823129019389,0.00165773027021999,0.568391618304039,0.171722594414808
"16x23",0.0133380331745652,0.0611611990404174,0.00458674799912816,0.000464526951378761,0.00648792954120896,0.0467003173328795,0.002048280682838,0.731291332741341,0.133921632536243
"28x23",0.0120032078189357,0.08596812134844,0.00939467926038392,0.00106654795419062,0.00132584136496305,0.0889097728171852,0.000193946437620067,0.787126069685915,0.0140118133123659
"20x23",0.0111629005414084,0.0582430945477487,0.00607442304116735,5.36373514465038e-05,0.000448021961108662,0.033511289167403,0.00112465990011527,0.804732159906146,0.0846498135834559
"27x23",0.00567484277655399,0.0535671724727831,0.00478131150861647,2.95280135439986e-05,0.000278171879841466,0.0769783776745087,0.000178591689168029,0.825961895598371,0.032550108386613
"10x23",0.0130938423918709,0.0307886256615863,0.00262134005227211,0.000227277694289903,0.00209710636629274,0.0621791926011793,0.0100946352447081,0.67358612366023,0.20531185632757
"25x23",0.00691264222888603,0.0598748083681448,0.00790459034922255,0.000219334952232801,0.000903843937861107,0.0481547785725947,0.00021257258040774,0.828483840508013,0.0473335885026366
"14x23",0.0100991138953642,0.0381648252627101,0.0333124580657946,5.38563814816745e-05,0.00036931773992548,0.0423904316265692,0.000414622002367986,0.795542532267184,0.079652842758603
"29x23",0.00556425393257868,0.105731078507292,0.00392333310530711,0.000219446854179694,0.00148728151953724,0.0845056287504112,0.0012366713353832,0.750690260533072,0.0466420454622385
"15x23",0.00358999682429699,0.0435494962049837,0.00134804944706815,6.50143545076201e-05,0.000230813722765548,0.00667236578049269,0.000182005150295784,0.900916687723015,0.0434455707925744
"17x23",0.00920128237893664,0.11914794636469,0.0019021806375179,7.48038408744794e-05,0.000367136816782388,0.0224994683122359,0.0008532648603151,0.766744763632143,0.0792091531565044
"26x23",0.00135465454325025,0.0355385438713244,0.00158857737942339,1.0008054373645e-05,9.90389709992281e-05,0.0285438867463866,0.000305328980959795,0.90902412793161,0.023535833521673
"23x23",0.0100705609211892,0.086163619751597,0.00548384915208265,0.000169821477029551,0.00222441054414156,0.106188037360143,0.00115056360172928,0.696286073979867,0.092263063212221
"19x23",0.00775480354317762,0.0558264817165329,0.0046245862173827,6.76127672510767e-05,0.000680320749074016,0.0314560552088031,0.00141932840024663,0.836249141473879,0.0619216699236527
"6x23",0.0118109440287372,0.042889026170115,0.00887213122246721,0.00101490371482788,0.00449143365633997,0.0625164230369784,0.00149345407110004,0.659743052286234,0.207168631813201
"8x23",0.00593300170950928,0.0641966016887851,0.00497137134660689,0.000175902131132184,0.000843276822287489,0.0595765328528385,0.00122221762373028,0.775615194858554,0.087465900966556
"13x23",0.00783301644691077,0.0324298335776735,0.0194452576615351,8.9318845819877e-05,0.000453436488938524,0.0593673643459548,0.000655882899320075,0.710452181269727,0.16927370846412
"18x23",0.0111130125545381,0.0867762804843111,0.00377934839831721,1.82362744799948e-05,0.00100176041344042,0.0383497580848986,0.00441327201485767,0.727676037274458,0.126872294500699
"9x23",0.000505140424827394,0.0302269498249212,0.00161671453634032,3.39673620993836e-06,1.61371860714585e-05,0.0122287881305212,2.44420187094968e-05,0.950576598516643,0.00480183262575649
"5x23",0.00992600266087059,0.0491943728841122,0.00204049389108439,0.00236946024928348,0.00273262046104088,0.0441395517082601,0.00308142825823643,0.660942698708212,0.2255733711789
"7x23",0.00723850326260761,0.0285497674117356,0.00285727818283301,0.000944071876636591,0.00456647987909813,0.0573513748646542,0.00432057499365133,0.814669661593186,0.0795022879355977
"12x23",0.00583951638358126,0.0600513216249089,0.00749478400686587,0.000126638363779681,0.00133512312177505,0.0764688921322666,0.000323578253222603,0.733762377484645,0.114597768628955
"24x23",0.00760646842094511,0.0553489225819763,0.0102567382446656,0.000907814670813601,0.00367724690706393,0.0421793781620646,0.000126023792545747,0.82926195775101,0.0506354494689149
"22x24",0.0200872551070489,0.08239344304839,0.00837553164181809,4.74913028012708e-05,0.000825923762960233,0.0982721100946564,0.000565742321696079,0.734456094942702,0.0549764077779266
"32x24",0.011103230107361,0.121445999663596,0.00644861266979132,0.000103423389462452,0.000415866145608472,0.0879787125222354,0.00663526219563404,0.496111189271999,0.269757704034313
"11x24",0.00849588382315502,0.0288452768236758,0.003996248162983,3.63839143976005e-05,0.00019545129719292,0.0725143784832965,0.000474010100209827,0.84033713736568,0.0451052300294088
"31x24",0.00855295366282117,0.145265736953147,0.00492591610918106,6.9637626458561e-05,0.000333432506007137,0.0873185660819817,0.00145884896837183,0.599338866211913,0.152736041880119
"21x24",0.0166481602447807,0.0693071602594512,0.00290821235777842,3.96780360758805e-05,0.00182570337990503,0.0411294249836366,0.000599640034358655,0.660053193755447,0.207488826948566
"30x24",0.00574526629350109,0.0891190123757692,0.00230450699260947,1.39487344600712e-05,0.000117521572127511,0.0986575861726827,3.93076520847941e-05,0.795275351847255,0.00872749835951018
"23x24",0.00952069753520593,0.0495732598126171,0.0010141584626486,4.93282706458737e-05,0.00046085332230375,0.0481911978474343,0.000430607766480193,0.870771417109394,0.01998847987327
"7x24",0.00246784789469544,0.0864299268332367,0.00449781228811395,7.56625282189489e-05,0.000418626197657468,0.0246713436668701,0.00036409914403609,0.851219443937956,0.029855237509215
"20x24",0.0218622563356253,0.0591337346914648,0.00821807950312768,0.00128012661339929,0.0063225429133211,0.0517800045822429,0.00036473019674255,0.722590986215394,0.128447538948682
"25x24",0.00836105836038283,0.0704803622241126,0.00997341945407589,2.03993853154773e-05,0.000448400619314407,0.0388198312476742,0.000372336532012776,0.845915083118028,0.025609109059084
"10x24",0.00419210210464729,0.0291035495824202,0.00344875231679595,5.28918659356637e-06,2.56059004258454e-05,0.0264252444237045,7.62577947018224e-05,0.913076812400619,0.0236463862900922
"26x24",0.00453743856017755,0.0376396610792587,0.00202738565586653,0.000189446612473535,0.000422194825389887,0.0334726434000212,0.000133564632740136,0.888366659073778,0.0332110061602943
"27x24",0.00715307565489596,0.0558667105605428,0.00529979743000289,0.00201871544923318,0.00555023527679492,0.0440151895309374,0.000332658173793584,0.843206682754418,0.0365569351693808
"28x24",0.00115416341784736,0.0570614137804672,0.000728011837948604,1.62023833878885e-05,8.91006842947144e-05,0.00697786403109813,2.58084341742671e-05,0.927776750951669,0.00617068447911305
"29x24",0.00567015571247555,0.0655072907246125,0.00506615175581307,0.000165778107139994,0.00191834268128664,0.110447577598641,0.000268419069584598,0.797487177017664,0.0134691073327833
"8x24",0.0109337970070109,0.0637273174290027,0.0085249977657006,3.42487227818461e-05,0.000300773673355078,0.0427360825126748,0.000924794954491241,0.694815380655642,0.17800260727934
"9x24",0.00621120281052977,0.0602233425560404,0.00284393796904534,6.99903325457997e-05,0.00038238003001885,0.0886492055558441,0.000861346091252527,0.729838465267709,0.110920129387014
"19x24",0.00437539209270365,0.0665554713260538,0.00264243727738702,1.16849239157913e-05,0.000139382069612293,0.043592442802027,0.000113681582443354,0.788603853716622,0.0939656542092351
"6x24",0.0186014443620326,0.0400191522413193,0.00948983545144781,0.000456421441903021,0.00390253219298299,0.0649537606689288,0.00128300488111401,0.651344467649439,0.209949381110832
"17x24",0.0108561842733465,0.0966587252884086,0.00410162098759432,0.00066184662838544,0.00574957667157311,0.111733147154279,0.00129350928833538,0.626886665937182,0.142058723770896
"24x24",0.00200966870056055,0.0401642972319001,0.00272394612674548,5.11219330011504e-05,0.000119974774923641,0.0226361855694972,0.000185610533140877,0.893939490581271,0.03816970454896
"12x24",0.000899258300227573,0.0374176297102924,0.000914037818890488,2.52021229583424e-05,0.000101409178861333,0.0129745712913211,0.0012738795977405,0.912675011834846,0.0337190001448619
"13x24",0.0047502945126181,0.0627664745942948,0.00203523786986417,7.09530338641294e-05,0.000538466479107069,0.0996605015843873,0.00109695577559794,0.67503770475654,0.154043411393727
"14x24",0.0024569187981204,0.108538313277269,0.0141161657816047,1.21781180163124e-05,8.17122832105697e-05,0.0678378545139837,0.00154009142961865,0.711835219688561,0.0935815461096154
"15x24",0.0156300390098531,0.0733879019250687,0.00272692884967079,1.39970143677138e-05,0.000398412019293524,0.0481180163844561,0.000838952704538765,0.761113814074731,0.0977719380180207
